5.020 709.341 3547.805 03:05:30
5.032 683.634 3441.463 03:05:31
5.076 554.756 2815.122 03:05:32
5.060 591.244 3018.049 03:05:33
5.100 476.951 2433.659 03:05:34
5.136 393.073 2016.585 03:05:35
5.136 394.268 2019.512 03:05:36
5.108 467.146 2386.341 03:05:37
5.104 467.951 2405.854 03:05:38
5.104 469.049 2383.902 03:05:39
5.108 466.951 2386.341 03:05:40
5.100 513.756 2595.122 03:05:41
5.108 468.659 2392.683 03:05:42
5.084 515.439 2627.317 03:05:43
5.072 505.659 2616.585 03:05:44
5.092 513.341 2620.488 03:05:45
5.108 466.756 2395.122 03:05:46
5.088 523.561 2642.439 03:05:47
5.084 523.659 2651.220 03:05:49
5.064 564.756 3113.659 03:05:50
5.072 564.537 2898.049 03:05:51
5.072 532.049 2713.171 03:05:52
5.048 595.537 2874.634 03:05:53
5.108 466.951 2389.756 03:05:54
5.076 556.756 2730.244 03:05:55
5.076 551.146 2964.390 03:05:56
5.068 563.756 2622.439 03:05:57
5.092 516.146 2649.268 03:05:58
5.052 539.049 2644.878 03:05:59
5.088 517.244 2629.268 03:06:00
5.056 608.146 2878.049 03:06:01
5.056 557.659 3210.732 03:06:02
5.080 555.756 2763.902 03:06:03
5.088 518.659 2643.902 03:06:04
5.092 516.561 2616.585 03:06:05
5.068 567.951 2658.049 03:06:06
5.080 551.854 2799.512 03:06:07
5.088 519.146 2851.707 03:06:08
5.088 515.049 2622.439 03:06:09
5.088 519.659 2639.024 03:06:10
5.088 516.049 2622.439 03:06:11
5.092 516.146 2623.902 03:06:12
5.088 519.561 2640.488 03:06:13
5.076 576.146 2901.951 03:06:14
5.092 518.561 2632.683 03:06:15
5.060 547.756 2760.488 03:06:16
5.084 538.341 2749.268 03:06:17
5.052 556.146 2821.463 03:06:18
5.088 518.439 2640.000 03:06:19
5.080 539.146 2737.561 03:06:20
5.072 576.049 2923.415 03:06:21
5.044 607.854 2881.951 03:06:22
5.088 539.146 2801.951 03:06:23
5.068 578.634 3148.293 03:06:24
5.076 548.951 2759.512 03:06:25
5.088 528.146 2637.561 03:06:26
5.088 516.049 2637.561 03:06:27
5.072 517.561 2694.146 03:06:28
5.092 515.439 2617.561 03:06:29
5.116 441.463 2363.902 03:06:30
5.068 577.049 2921.951 03:06:31
5.108 467.049 2383.415 03:06:32
5.080 537.854 2750.244 03:06:33
5.096 571.049 2709.268 03:06:34
5.088 526.854 2612.683 03:06:35
5.092 514.341 2617.561 03:06:36
5.084 576.756 2643.902 03:06:37
5.088 519.854 2635.122 03:06:38
5.092 517.659 2621.463 03:06:39
5.076 517.439 2645.366 03:06:40
5.108 467.049 2383.415 03:06:41
5.096 541.146 2799.512 03:06:42
5.092 599.049 2619.024 03:06:43
5.088 469.146 2681.463 03:06:44
5.104 469.049 2390.732 03:06:45
5.108 467.561 2384.878 03:06:46
5.108 467.463 2384.878 03:06:47
5.108 466.854 2383.902 03:06:48
5.104 468.146 2381.951 03:06:49
5.084 516.049 2638.049 03:06:50
5.080 562.244 2799.024 03:06:51
5.076 554.951 2804.390 03:06:52
