5.012 736.927 3694.146 01:54:09
4.976 859.024 4359.024 01:54:10
5.076 556.341 2821.463 01:54:11
5.076 556.146 2821.463 01:54:12
5.100 480.049 2443.902 01:54:13
5.084 520.244 2643.902 01:54:14
5.104 468.049 2388.293 01:54:15
5.112 467.659 2386.341 01:54:16
5.108 467.951 2389.268 01:54:17
5.104 467.854 2393.171 01:54:18
5.096 506.146 2559.024 01:54:19
5.076 549.366 2821.463 01:54:20
5.092 516.634 2623.415 01:54:21
5.088 515.659 2623.415 01:54:22
5.088 517.073 2628.293 01:54:23
5.076 539.756 2897.561 01:54:24
5.084 521.073 2656.585 01:54:25
5.076 533.171 2634.146 01:54:26
5.052 612.049 3096.585 01:54:27
5.092 528.537 2504.390 01:54:28
5.092 519.073 2593.171 01:54:29
5.088 526.732 2689.756 01:54:30
5.044 578.634 3150.244 01:54:31
5.088 520.146 2632.195 01:54:32
5.080 549.561 2754.146 01:54:33
5.088 514.634 2614.634 01:54:34
5.088 514.244 2618.537 01:54:35
5.072 610.146 3067.317 01:54:36
5.088 518.439 2632.195 01:54:37
5.088 515.171 2624.390 01:54:38
5.088 518.634 2639.024 01:54:39
5.092 516.634 2639.024 01:54:40
5.060 559.463 2803.902 01:54:41
5.096 495.073 2554.146 01:54:42
5.104 518.439 2879.024 01:54:43
5.072 573.756 3309.268 01:54:44
5.108 465.951 2398.049 01:54:45
5.084 513.171 2674.146 01:54:46
5.108 467.659 2548.293 01:54:47
5.084 500.439 2385.366 01:54:48
5.104 471.073 2396.098 01:54:49
5.108 466.976 2386.341 01:54:50
5.104 468.439 2381.463 01:54:51
5.108 469.756 2394.146 01:54:52
5.092 516.439 2629.268 01:54:53
5.024 719.951 3620.488 01:54:54
5.076 554.732 2899.512 01:54:56
5.076 554.244 2818.537 01:54:57
