5.016 727.024 3649.268 02:23:15
5.028 692.829 3524.390 02:23:16
5.072 555.049 2816.585 02:23:17
5.076 554.537 2817.073 02:23:18
5.104 480.049 2437.073 02:23:19
5.116 439.659 2249.268 02:23:20
5.132 392.073 2025.366 02:23:21
5.104 469.756 2395.122 02:23:22
5.100 470.244 2400.000 02:23:23
5.092 514.659 2615.122 02:23:24
5.088 515.439 2631.707 02:23:25
5.092 515.561 2628.780 02:23:26
5.088 513.854 2618.049 02:23:27
5.084 570.634 2616.098 02:23:28
5.088 522.341 2652.683 02:23:29
5.096 493.463 2516.098 02:23:30
5.096 492.561 2512.195 02:23:31
5.088 518.341 2645.366 02:23:32
5.092 516.146 2685.366 02:23:33
5.092 514.561 2954.634 02:23:34
5.068 516.659 2616.585 02:23:35
5.080 569.146 2852.683 02:23:36
5.092 514.659 2618.049 02:23:37
5.088 518.854 2627.317 02:23:38
5.048 592.049 2790.732 02:23:39
5.052 576.634 3059.512 02:23:40
5.088 520.439 2987.317 02:23:41
5.088 516.146 2610.244 02:23:42
5.092 523.244 2621.463 02:23:43
5.060 497.463 2444.878 02:23:44
5.084 514.951 2614.146 02:23:45
5.104 468.854 2385.854 02:23:46
5.076 545.756 2760.488 02:23:47
5.088 514.659 2626.341 02:23:48
5.088 514.854 2636.098 02:23:49
5.068 528.439 2667.805 02:23:50
5.088 517.659 2635.122 02:23:51
5.056 540.146 2671.707 02:23:52
5.076 581.634 2940.976 02:23:53
5.080 547.341 2866.829 02:23:54
5.076 524.951 2897.073 02:23:55
5.088 523.756 2647.805 02:23:56
5.088 526.146 2639.024 02:23:57
5.088 515.951 2628.780 02:23:58
5.088 515.244 2626.341 02:23:59
5.088 526.756 2629.268 02:24:00
5.092 516.146 2621.463 02:24:01
5.088 608.244 2972.195 02:24:02
5.092 515.951 2628.780 02:24:03
5.080 568.146 2654.146 02:24:04
5.108 467.244 2383.902 02:24:05
5.088 515.049 2625.366 02:24:06
5.088 517.659 2636.098 02:24:07
5.080 559.756 2991.707 02:24:08
5.068 581.439 2964.390 02:24:09
5.096 496.463 2547.317 02:24:10
5.092 515.659 2628.780 02:24:11
5.104 528.561 2629.268 02:24:12
5.076 563.439 2822.927 02:24:13
5.076 554.756 2810.732 02:24:14
5.076 551.756 2799.512 02:24:15
