5.012 739.634 3681.463 03:44:27
5.032 730.732 3486.341 03:44:28
5.088 525.561 2635.122 03:44:29
5.084 529.244 2691.707 03:44:30
5.076 554.659 2806.829 03:44:31
5.104 472.463 2411.220 03:44:32
5.104 466.951 2386.341 03:44:33
5.104 467.463 2386.341 03:44:34
5.108 467.561 2385.854 03:44:35
5.108 466.659 2384.878 03:44:36
5.092 514.244 2611.707 03:44:37
5.036 594.049 2923.415 03:44:38
5.104 469.463 2383.415 03:44:39
5.088 513.244 2616.585 03:44:40
5.108 466.756 2381.951 03:44:41
5.092 513.951 2613.659 03:44:42
5.088 517.049 2620.488 03:44:43
5.088 514.244 2614.146 03:44:44
5.084 524.756 2607.805 03:44:45
5.088 515.854 2629.268 03:44:46
5.088 531.854 2621.463 03:44:47
5.092 513.049 2691.220 03:44:48
5.064 517.439 2712.683 03:44:49
5.088 612.951 2903.415 03:44:50
5.060 526.854 2863.415 03:44:51
5.088 517.049 2657.561 03:44:52
5.088 556.341 2881.951 03:44:53
5.092 514.561 2666.829 03:44:54
5.076 568.049 2804.390 03:44:55
5.108 467.951 2388.780 03:44:56
5.076 515.756 2655.122 03:44:57
5.084 543.439 2791.707 03:44:58
5.084 559.537 2627.317 03:44:59
5.092 515.439 2623.902 03:45:00
5.072 603.146 2671.707 03:45:01
5.088 557.756 2829.268 03:45:02
5.092 513.341 2616.098 03:45:03
5.088 526.146 2677.561 03:45:04
5.092 515.049 2766.829 03:45:05
5.076 576.244 2835.122 03:45:06
5.064 573.634 3267.317 03:45:07
5.068 527.341 2668.780 03:45:08
5.064 524.341 2671.707 03:45:09
5.088 523.951 2946.829 03:45:10
5.080 549.659 2726.341 03:45:11
5.092 514.244 2616.585 03:45:12
5.076 551.537 2809.268 03:45:13
5.076 551.659 2802.927 03:45:14
5.076 551.439 2800.488 03:45:15
5.072 695.634 3541.463 03:45:17
5.076 558.049 2821.463 03:45:18
5.088 518.244 2651.707 03:45:19
5.088 597.439 2745.366 03:45:20
5.064 601.537 2835.610 03:45:21
5.080 546.049 2821.951 03:45:22
5.084 516.854 2651.220 03:45:23
5.060 562.659 2629.268 03:45:24
5.084 514.244 2618.049 03:45:25
5.088 520.756 2660.488 03:45:26
5.076 567.244 2792.683 03:45:27
5.068 557.341 2657.561 03:45:28
5.064 541.341 2859.024 03:45:29
5.096 492.146 2506.341 03:45:30
5.096 498.341 2519.024 03:45:31
5.064 588.439 2667.805 03:45:32
5.068 603.439 2934.634 03:45:33
5.076 548.951 2787.805 03:45:34
5.060 560.951 2845.366 03:45:35
5.088 516.951 2629.268 03:45:36
5.088 521.854 3090.732 03:45:37
5.076 617.439 3054.634 03:45:38
5.064 588.756 2902.927 03:45:39
5.060 580.854 3027.317 03:45:40
5.088 522.146 2704.390 03:45:41
5.088 514.854 2625.366 03:45:42
5.092 518.146 2630.244 03:45:43
5.076 561.341 2979.512 03:45:44
5.084 532.756 2734.146 03:45:45
5.084 519.854 2651.220 03:45:46
5.084 527.854 2632.683 03:45:47
5.056 623.341 3017.073 03:45:48
5.080 578.854 2902.927 03:45:49
5.100 467.561 2444.878 03:45:50
5.044 517.854 2828.293 03:45:51
5.088 485.463 2520.000 03:45:52
5.092 516.439 2629.268 03:45:53
5.092 513.439 2620.000 03:45:54
5.092 513.439 2624.878 03:45:55
5.088 513.854 2618.049 03:45:56
5.092 517.341 2640.488 03:45:57
5.076 553.756 2812.683 03:45:58
5.076 554.049 2810.732 03:45:59
