5.004 758.317 3009.268 01:27:20
5.076 556.341 2810.732 01:27:21
5.076 552.854 2817.073 01:27:22
5.076 551.659 2812.683 01:27:23
5.108 482.146 2440.976 01:27:24
5.100 468.366 2386.341 01:27:25
5.088 517.854 2651.707 01:27:26
5.088 518.756 2642.439 01:27:27
5.104 505.146 2395.122 01:27:28
5.072 548.659 2918.049 01:27:29
5.112 445.756 2268.780 01:27:30
5.104 477.146 2440.976 01:27:31
5.108 466.659 2382.439 01:27:32
5.092 514.951 2621.463 01:27:33
5.088 514.049 2657.561 01:27:34
5.092 513.341 2611.220 01:27:35
5.096 515.146 2611.707 01:27:36
5.088 517.439 2633.659 01:27:37
5.088 516.659 2627.805 01:27:38
5.088 522.951 2662.927 01:27:39
5.088 502.244 2749.268 01:27:40
5.072 545.146 2877.073 01:27:41
5.076 545.341 2684.390 01:27:42
5.076 565.951 2814.146 01:27:43
5.076 476.756 2381.951 01:27:44
5.072 576.854 2871.707 01:27:45
5.108 467.659 2385.854 01:27:46
5.092 517.561 2877.073 01:27:47
5.104 466.854 2387.317 01:27:48
5.104 467.561 2387.317 01:27:49
5.104 468.049 2383.902 01:27:50
5.104 466.756 2382.439 01:27:51
5.108 466.951 2388.293 01:27:52
5.092 502.146 2586.341 01:27:53
5.104 465.951 2388.293 01:27:54
5.136 391.561 2014.146 01:27:55
5.088 514.756 2614.146 01:27:56
5.108 469.561 2392.683 01:27:57
5.136 391.268 2021.951 01:27:58
5.108 468.756 2392.683 01:27:59
5.104 468.756 2397.073 01:28:00
5.092 515.854 2625.366 01:28:01
5.104 479.756 2381.951 01:28:02
5.076 553.659 2820.488 01:28:03
5.064 589.537 2992.195 01:28:04
5.076 551.854 2815.610 01:28:05
