5.016 733.024 3724.390 01:55:24
5.024 686.024 3483.902 01:55:25
5.076 552.146 2803.902 01:55:26
5.080 552.244 2801.463 01:55:27
5.076 556.049 2818.049 01:55:28
5.112 448.561 2282.439 01:55:30
5.104 470.244 2391.220 01:55:31
5.108 467.463 2394.634 01:55:32
5.108 467.146 2390.732 01:55:33
5.108 467.244 2385.854 01:55:34
5.108 467.561 2390.732 01:55:35
5.100 489.146 2660.000 01:55:36
5.104 467.049 2397.073 01:55:37
5.108 467.756 2388.293 01:55:38
5.108 466.756 2382.439 01:55:39
5.092 521.951 2616.585 01:55:40
5.080 515.439 2618.049 01:55:41
5.088 518.439 2633.659 01:55:42
5.088 517.439 2633.659 01:55:43
5.084 518.146 2627.805 01:55:44
5.092 515.659 2630.244 01:55:45
5.068 576.756 2761.951 01:55:46
5.088 516.561 2630.244 01:55:47
5.068 581.854 2731.707 01:55:48
5.088 517.854 2663.902 01:55:49
5.056 590.439 3144.390 01:55:50
5.080 548.244 2728.780 01:55:51
5.080 568.854 2848.293 01:55:52
5.088 517.854 2713.171 01:55:53
5.060 632.146 2884.390 01:55:54
5.092 514.659 2664.878 01:55:55
5.064 607.146 3055.610 01:55:56
5.060 567.439 2627.317 01:55:57
5.072 517.244 2934.146 01:55:58
5.088 514.756 2965.854 01:55:59
5.072 559.756 2779.512 01:56:00
5.084 518.951 2639.024 01:56:01
5.072 541.854 2802.927 01:56:02
5.084 502.463 2625.366 01:56:03
5.104 469.756 2380.976 01:56:04
5.088 514.049 2613.659 01:56:05
5.112 470.244 2383.902 01:56:06
5.104 469.561 2382.439 01:56:07
5.100 467.561 2390.732 01:56:08
5.108 478.463 2381.951 01:56:09
5.108 474.659 2398.537 01:56:10
5.108 468.561 2389.756 01:56:11
5.016 728.122 3670.244 01:56:12
5.076 555.049 2815.122 01:56:13
5.076 554.244 2815.122 01:56:14
