5.012 733.732 3654.146 01:44:24
5.024 703.244 3478.049 01:44:25
5.076 553.049 2803.902 01:44:26
5.076 555.049 2810.732 01:44:27
5.084 527.244 2686.341 01:44:28
5.116 435.951 2229.756 01:44:29
5.116 444.049 2268.780 01:44:30
5.088 519.049 2647.805 01:44:31
5.088 569.951 2840.488 01:44:32
5.088 517.146 2633.659 01:44:33
5.080 548.659 2769.268 01:44:34
5.088 518.561 2602.927 01:44:35
5.088 561.341 2635.122 01:44:36
5.092 513.951 2620.488 01:44:37
5.092 513.561 2614.146 01:44:38
5.092 513.561 2614.146 01:44:39
5.088 534.561 2626.341 01:44:40
5.088 516.146 2680.488 01:44:41
5.076 558.244 2943.415 01:44:42
5.068 550.854 2627.805 01:44:43
5.080 632.049 2846.829 01:44:45
5.072 564.634 2761.951 01:44:46
5.080 552.756 2819.024 01:44:47
5.072 557.854 2817.073 01:44:48
5.076 565.146 2779.024 01:44:49
5.068 532.951 2616.585 01:44:50
5.084 514.756 2624.878 01:44:51
5.056 613.732 3053.171 01:44:52
5.108 473.659 2405.854 01:44:53
5.104 469.244 2403.415 01:44:54
5.100 469.659 2473.659 01:44:55
5.104 467.146 2428.780 01:44:56
5.092 520.756 2631.220 01:44:57
5.088 522.244 2625.366 01:44:58
5.108 470.049 2408.780 01:44:59
5.088 516.146 2668.780 01:45:00
5.104 475.463 2423.415 01:45:01
5.108 469.244 2386.341 01:45:02
5.072 554.439 2818.049 01:45:03
5.076 554.341 2814.146 01:45:04
5.076 554.049 2822.927 01:45:05
