5.016 737.024 3694.146 02:55:16
5.028 702.537 3433.659 02:55:17
5.076 551.951 2805.366 02:55:18
5.068 580.854 2957.073 02:55:19
5.076 552.756 2802.927 02:55:20
5.132 392.756 2018.049 02:55:21
5.108 475.146 2387.317 02:55:22
5.108 469.756 2395.122 02:55:23
5.104 467.049 2383.415 02:55:24
5.108 469.463 2612.683 02:55:25
5.108 467.463 2388.293 02:55:26
5.096 517.659 2512.195 02:55:27
5.088 519.146 2637.561 02:55:28
5.104 743.829 2446.341 02:55:29
5.116 486.244 2444.878 02:55:30
5.116 452.756 2262.439 02:55:31
5.076 541.659 2854.634 02:55:32
5.048 625.049 2938.049 02:55:33
5.076 560.854 2796.585 02:55:34
5.048 667.829 3250.244 02:55:35
5.072 522.756 2660.000 02:55:36
5.076 583.634 2981.951 02:55:37
5.080 564.341 2794.146 02:55:38
5.060 602.634 2786.341 02:55:39
5.064 589.146 3040.488 02:55:40
5.076 551.146 2881.951 02:55:41
5.088 516.659 2618.049 02:55:42
5.068 551.439 2736.585 02:55:43
5.076 566.146 2737.561 02:55:44
5.076 559.756 2612.683 02:55:45
5.064 600.146 3113.659 02:55:46
5.068 553.439 2758.049 02:55:47
5.080 559.049 2753.171 02:55:48
5.084 562.537 2761.463 02:55:49
5.048 623.244 3014.146 02:55:50
5.092 526.854 2625.366 02:55:51
5.020 661.634 3225.854 02:55:52
5.048 554.756 2902.927 02:55:53
5.056 618.732 2939.512 02:55:54
5.080 542.244 2926.829 02:55:55
5.092 513.854 2615.122 02:55:56
5.092 515.561 2644.878 02:55:57
5.088 523.341 2666.829 02:55:58
5.092 516.659 2660.000 02:55:59
5.080 563.439 2799.024 02:56:00
5.044 604.854 2995.610 02:56:01
5.048 601.146 3040.488 02:56:02
5.076 564.049 2806.341 02:56:03
5.080 545.341 2770.732 02:56:04
5.056 556.854 3118.537 02:56:05
5.092 524.951 2649.268 02:56:06
5.072 557.341 2837.073 02:56:07
5.072 627.829 2850.244 02:56:08
5.088 517.951 2634.146 02:56:09
5.084 527.756 2711.707 02:56:10
5.108 467.146 2507.805 02:56:11
5.092 514.756 2625.366 02:56:12
5.104 468.146 2390.732 02:56:13
5.064 599.341 2910.244 02:56:14
5.088 502.146 2626.341 02:56:15
5.092 516.439 2628.780 02:56:16
5.104 469.463 2388.780 02:56:17
5.092 518.561 2622.927 02:56:18
5.108 466.854 2382.439 02:56:19
5.108 467.146 2383.902 02:56:20
5.108 467.146 2385.854 02:56:21
5.104 478.366 2388.780 02:56:22
5.092 518.756 2867.805 02:56:23
5.076 552.244 2811.707 02:56:24
5.064 591.341 2994.634 02:56:25
