5.076 554.341 2817.073 02:00:33
5.032 691.537 3489.268 02:00:34
5.080 555.439 2814.146 02:00:35
5.076 554.854 2814.146 02:00:36
5.076 557.244 2814.146 02:00:37
5.132 392.171 2012.683 02:00:38
5.104 469.659 2395.122 02:00:39
5.088 516.244 2626.341 02:00:40
5.088 518.244 2636.585 02:00:41
5.104 469.951 2397.561 02:00:42
5.088 608.537 2640.488 02:00:43
5.088 517.854 2624.878 02:00:44
5.092 520.951 2625.366 02:00:45
5.092 518.244 2644.878 02:00:46
5.104 521.756 2662.439 02:00:47
5.092 516.341 2613.659 02:00:48
5.108 467.049 2388.780 02:00:49
5.076 524.146 2613.659 02:00:50
5.088 523.244 2878.049 02:00:51
5.044 660.146 3177.561 02:00:52
5.088 522.049 2638.049 02:00:53
5.068 584.049 2632.683 02:00:54
5.092 515.439 2626.341 02:00:55
5.088 514.146 2637.561 02:00:56
5.104 469.561 2712.683 02:00:57
5.088 518.951 2636.585 02:00:58
5.072 609.951 3061.951 02:00:59
5.092 519.756 2675.610 02:01:00
5.088 522.854 2661.463 02:01:01
5.088 610.439 2644.878 02:01:02
5.076 552.244 2792.683 02:01:03
5.080 619.049 2948.293 02:01:04
5.108 471.463 2396.098 02:01:05
5.088 516.854 2644.878 02:01:06
5.088 517.049 2635.122 02:01:07
5.060 584.537 2644.878 02:01:08
5.080 542.537 2748.780 02:01:09
5.072 538.537 2631.220 02:01:10
5.088 571.756 2639.024 02:01:11
5.084 526.244 2671.220 02:01:12
5.092 517.146 2628.780 02:01:13
5.092 572.049 2877.073 02:01:14
5.088 516.439 2635.122 02:01:15
5.076 525.561 2671.707 02:01:16
5.084 520.146 2646.341 02:01:17
5.060 612.341 2715.122 02:01:18
5.076 569.854 3064.878 02:01:19
5.084 513.756 2800.488 02:01:20
5.088 516.146 2621.463 02:01:21
5.088 514.951 2622.439 02:01:22
5.088 518.049 2627.805 02:01:23
5.104 467.951 2387.317 02:01:24
5.076 554.659 2841.463 02:01:25
5.076 553.537 2806.341 02:01:26
