5.076 555.537 2819.512 02:48:10
5.020 683.634 3697.073 02:48:11
5.076 557.439 2841.951 02:48:12
5.076 555.537 2813.171 02:48:13
5.104 477.146 2431.220 02:48:14
5.116 443.659 2256.098 02:48:15
5.108 470.244 2387.317 02:48:16
5.104 472.854 2424.878 02:48:17
5.092 517.951 2577.561 02:48:18
5.108 467.366 2383.902 02:48:19
5.108 467.463 2390.732 02:48:20
5.108 467.756 2390.732 02:48:21
5.108 468.146 2386.341 02:48:22
5.088 567.439 2978.537 02:48:23
5.088 519.146 2663.902 02:48:24
5.088 518.244 2631.707 02:48:25
5.088 522.659 2646.341 02:48:26
5.080 554.146 2880.488 02:48:27
5.056 563.756 3107.317 02:48:28
5.088 514.854 2621.463 02:48:29
5.060 546.854 2772.683 02:48:30
5.100 491.951 2503.415 02:48:31
5.088 522.146 2645.366 02:48:32
5.092 515.146 2636.585 02:48:33
5.092 515.439 2854.634 02:48:34
5.092 515.049 2999.512 02:48:35
5.088 523.341 2666.829 02:48:36
5.068 560.756 2830.732 02:48:37
5.080 565.854 2839.024 02:48:38
5.064 598.854 2691.707 02:48:39
5.052 683.341 3299.024 02:48:40
5.076 549.659 3240.000 02:48:41
5.072 583.049 2851.707 02:48:42
5.056 620.049 3271.220 02:48:43
5.092 515.146 2619.024 02:48:44
5.080 549.756 2873.171 02:48:45
5.076 554.659 2815.122 02:48:46
5.088 522.244 2655.610 02:48:47
5.092 520.951 2632.683 02:48:48
5.072 568.049 2781.463 02:48:49
5.084 514.439 2659.024 02:48:50
5.080 557.854 2833.171 02:48:51
5.088 519.049 2640.488 02:48:52
5.060 563.537 2923.415 02:48:53
5.092 601.146 2915.610 02:48:54
5.072 562.244 3140.976 02:48:55
5.092 515.244 2625.366 02:48:56
5.080 615.537 2875.610 02:48:57
5.088 516.439 2730.244 02:48:58
5.088 573.951 2927.805 02:48:59
5.068 600.634 2728.780 02:49:00
5.068 578.244 2631.220 02:49:01
5.076 551.854 2797.073 02:49:02
5.084 519.561 2638.049 02:49:03
5.092 518.341 2644.878 02:49:04
5.088 517.659 2582.927 02:49:05
5.060 605.951 3039.512 02:49:06
5.088 520.244 2665.366 02:49:07
5.088 519.561 2629.268 02:49:08
5.092 514.049 2636.585 02:49:09
5.084 526.049 2626.341 02:49:10
5.092 513.951 2622.927 02:49:11
5.088 518.854 3096.098 02:49:12
5.080 549.659 2789.268 02:49:13
5.088 515.439 2627.805 02:49:14
5.096 521.341 2420.976 02:49:15
5.088 515.756 2640.488 02:49:16
5.104 467.756 2393.659 02:49:17
5.072 557.146 2920.976 02:49:18
5.068 568.756 2934.146 02:49:20
5.076 554.341 2816.585 02:49:21
5.076 556.049 2812.683 02:49:22
