5.012 732.024 3674.146 02:29:04
4.980 686.244 3540.488 02:29:05
5.064 590.927 2990.244 02:29:07
5.076 554.537 2821.463 02:29:08
5.104 476.537 2433.171 02:29:09
5.132 392.878 2015.610 02:29:10
5.104 468.049 2386.341 02:29:11
5.104 469.561 2406.829 02:29:12
5.092 569.122 2751.220 02:29:13
5.088 518.146 2636.098 02:29:14
5.080 536.732 2806.829 02:29:15
5.104 467.854 2396.098 02:29:16
5.072 543.659 2786.341 02:29:17
5.080 552.341 2628.293 02:29:18
5.088 516.146 2619.512 02:29:19
5.088 516.439 2624.390 02:29:20
5.080 554.049 2800.976 02:29:21
5.104 469.268 2418.537 02:29:22
5.100 597.951 2634.146 02:29:23
5.076 545.024 2774.634 02:29:24
5.088 514.146 2614.634 02:29:25
5.088 514.634 2624.390 02:29:26
5.076 547.854 2774.634 02:29:27
5.088 559.024 2636.098 02:29:28
5.088 566.439 2861.463 02:29:29
5.100 488.732 2488.780 02:29:30
5.100 564.634 2726.829 02:29:31
5.064 601.854 2979.512 02:29:32
5.088 517.659 2639.024 02:29:33
5.060 583.659 2618.537 02:29:34
5.088 517.073 2626.341 02:29:35
5.088 514.341 2768.780 02:29:36
5.088 519.463 2623.415 02:29:37
5.084 518.439 2651.707 02:29:38
5.088 519.073 2632.195 02:29:39
5.068 530.732 2677.073 02:29:40
5.076 549.024 2781.463 02:29:41
5.088 525.854 2664.390 02:29:42
5.064 585.561 3087.805 02:29:43
5.076 555.024 3110.244 02:29:44
5.072 519.366 2637.073 02:29:45
5.052 622.146 2871.220 02:29:46
5.068 572.537 2904.390 02:29:47
5.064 594.146 2986.341 02:29:48
5.068 604.146 3040.000 02:29:49
5.092 517.268 2886.829 02:29:50
5.084 525.463 2636.098 02:29:51
5.088 515.854 2623.415 02:29:52
5.088 519.659 2658.537 02:29:53
5.088 516.244 2861.463 02:29:54
5.088 516.829 2629.268 02:29:55
5.104 470.878 2388.293 02:29:56
5.092 519.366 2621.463 02:29:57
5.092 516.537 2628.293 02:29:58
5.076 513.756 2613.659 02:29:59
5.088 539.756 2624.390 02:30:00
5.064 520.732 2654.634 02:30:01
5.088 518.732 2632.195 02:30:02
5.092 516.244 2621.463 02:30:03
5.068 581.463 2901.463 02:30:04
5.092 515.073 3014.634 02:30:05
5.060 565.463 2754.146 02:30:06
5.088 515.073 2613.659 02:30:07
5.088 515.756 2623.415 02:30:08
5.104 475.561 2423.415 02:30:09
5.108 466.878 2403.902 02:30:10
5.108 535.073 2423.415 02:30:11
5.076 551.854 2804.878 02:30:12
5.076 555.024 2818.537 02:30:13
