5.076 553.537 2835.610 01:42:04
5.032 683.024 3021.951 01:42:05
5.076 552.659 2806.829 01:42:06
5.080 554.341 2814.146 01:42:07
5.100 477.659 2442.439 01:42:08
5.116 441.049 2254.634 01:42:09
5.088 518.756 2634.146 01:42:10
5.092 514.341 2620.000 01:42:11
5.092 514.659 2635.122 01:42:12
5.088 516.439 2626.341 01:42:13
5.072 573.854 2859.512 01:42:14
5.088 522.146 2752.683 01:42:15
5.088 516.341 2786.829 01:42:16
5.068 562.951 2813.171 01:42:17
5.092 516.439 2621.463 01:42:18
5.088 567.854 2754.146 01:42:19
5.080 570.049 2906.829 01:42:20
5.080 542.244 2612.683 01:42:21
5.100 470.366 2400.000 01:42:22
5.076 565.854 2859.024 01:42:23
5.108 470.049 2388.293 01:42:24
5.068 551.146 2806.829 01:42:25
5.108 467.659 2389.756 01:42:26
5.092 519.244 2636.098 01:42:27
5.104 469.463 2388.780 01:42:28
5.080 535.049 3825.854 01:42:29
5.116 443.659 2280.000 01:42:30
5.096 492.854 2507.317 01:42:31
5.092 513.854 2852.683 01:42:32
5.092 516.439 2616.585 01:42:33
5.072 572.146 2808.293 01:42:34
5.080 548.341 2761.463 01:42:35
5.076 549.537 2790.244 01:42:36
5.088 514.439 2718.049 01:42:37
5.092 514.951 2610.244 01:42:38
5.108 469.049 2393.659 01:42:39
5.092 522.244 2612.683 01:42:40
5.108 467.244 2387.317 01:42:41
5.108 562.756 2678.049 01:42:42
5.076 553.854 2812.683 01:42:43
5.080 551.756 2796.585 01:42:44
