5.016 734.829 3677.073 02:15:35
4.964 709.317 3560.976 02:15:36
5.076 553.366 2804.878 02:15:37
5.076 553.854 2804.878 02:15:38
5.104 477.073 2436.098 02:15:39
5.132 399.951 2396.098 02:15:40
5.132 393.073 2020.488 02:15:41
5.108 467.854 2389.268 02:15:42
5.092 514.732 2621.463 02:15:43
5.108 467.268 2388.293 02:15:44
5.092 514.244 2621.463 02:15:45
5.088 517.268 2624.390 02:15:46
5.092 518.049 2614.634 02:15:47
5.092 515.073 2613.659 02:15:48
5.088 513.073 2631.220 02:15:49
5.088 469.561 2393.171 02:15:50
5.088 519.463 2624.390 02:15:51
5.092 517.561 2643.902 02:15:52
5.104 467.171 2383.415 02:15:53
5.080 564.927 2888.780 02:15:54
5.080 550.927 2726.829 02:15:55
5.072 567.659 2889.756 02:15:56
5.080 581.561 2623.415 02:15:57
5.052 623.024 2982.439 02:15:58
5.092 516.829 2621.463 02:15:59
5.088 517.951 2637.073 02:16:00
5.072 597.951 3091.707 02:16:01
5.068 570.146 2854.634 02:16:02
5.088 515.268 2840.000 02:16:03
5.052 573.561 2912.195 02:16:04
5.072 576.537 2791.220 02:16:05
5.088 586.927 2641.951 02:16:06
5.080 548.732 2783.415 02:16:07
5.020 629.951 2821.463 02:16:08
5.072 552.732 2979.512 02:16:09
5.064 596.927 3000.000 02:16:10
5.076 599.024 3167.805 02:16:11
5.080 550.341 2915.122 02:16:12
5.084 514.049 2621.463 02:16:13
5.072 563.171 2757.073 02:16:14
5.104 468.244 2399.024 02:16:15
5.068 514.439 2646.829 02:16:16
5.088 515.561 2618.537 02:16:17
5.092 517.561 2618.537 02:16:18
5.088 516.146 2623.415 02:16:19
5.092 516.244 2623.415 02:16:20
5.108 467.951 2386.341 02:16:21
5.076 514.927 2618.537 02:16:22
5.088 517.756 2643.902 02:16:23
5.088 515.951 2624.390 02:16:24
5.088 523.854 2851.707 02:16:25
5.088 518.146 2632.195 02:16:26
5.108 468.341 2386.341 02:16:27
5.096 491.463 2811.707 02:16:28
5.088 514.341 2579.512 02:16:29
5.104 471.854 2388.293 02:16:30
5.108 469.561 2385.366 02:16:31
5.108 468.634 2402.927 02:16:32
5.104 501.951 2560.976 02:16:33
5.088 519.659 2626.341 02:16:34
5.104 470.049 2389.268 02:16:35
5.108 466.537 2420.488 02:16:36
5.108 467.659 2391.220 02:16:38
5.092 514.049 2629.268 02:16:39
5.104 468.976 2386.341 02:16:40
5.136 391.756 2010.732 02:16:41
5.136 392.244 2017.561 02:16:42
5.132 426.878 2516.098 02:16:43
5.104 466.878 2386.341 02:16:44
5.000 765.610 3840.000 02:16:45
5.064 582.341 2951.220 02:16:46
5.072 575.951 2960.000 02:16:47
