5.012 734.732 3682.927 02:17:14
5.020 697.634 3501.463 02:17:15
5.076 554.854 2819.024 02:17:16
5.076 554.439 2816.585 02:17:17
5.100 476.951 2435.122 02:17:18
5.116 439.659 2265.854 02:17:19
5.088 541.659 2658.049 02:17:20
5.108 472.561 2399.512 02:17:21
5.104 524.561 2629.268 02:17:22
5.088 517.146 2638.049 02:17:23
5.088 533.146 2627.317 02:17:24
5.088 518.146 2627.317 02:17:25
5.092 520.244 2612.683 02:17:26
5.084 522.561 2635.122 02:17:27
5.072 570.146 2813.171 02:17:28
5.072 595.341 2905.854 02:17:29
5.084 494.341 2523.902 02:17:30
5.100 491.049 2523.902 02:17:31
5.092 513.244 2613.659 02:17:32
5.104 542.244 2691.220 02:17:33
5.104 467.756 2392.195 02:17:34
5.084 513.756 2623.902 02:17:35
5.108 470.244 2392.683 02:17:36
5.092 518.146 2664.878 02:17:37
5.076 582.341 2936.585 02:17:38
5.080 585.634 2960.976 02:17:39
5.084 520.146 2641.463 02:17:40
5.076 558.854 2769.268 02:17:41
5.048 582.244 3033.659 02:17:42
5.072 547.756 2810.244 02:17:43
5.088 513.341 2616.098 02:17:44
5.088 518.951 2635.122 02:17:45
5.092 555.951 2854.146 02:17:46
5.072 597.439 2629.268 02:17:47
5.064 538.341 2621.463 02:17:48
5.088 516.049 2811.707 02:17:49
5.092 513.951 2840.488 02:17:50
5.108 468.951 2388.293 02:17:51
5.080 552.951 2885.366 02:17:52
5.064 518.146 2630.244 02:17:53
5.104 468.463 2406.341 02:17:54
5.088 524.244 2668.780 02:17:55
5.092 496.341 2602.439 02:17:56
5.072 513.951 2617.561 02:17:57
5.060 521.244 3022.927 02:17:58
5.064 572.537 2855.610 02:17:59
5.084 522.049 2668.780 02:18:00
5.080 542.244 2779.024 02:18:01
5.108 467.951 2400.000 02:18:02
5.088 518.659 2620.488 02:18:03
5.108 467.561 2390.732 02:18:04
5.108 467.854 2387.317 02:18:05
5.104 468.049 2391.220 02:18:06
5.104 466.854 2382.439 02:18:07
5.108 466.854 2383.415 02:18:08
5.108 468.049 2397.073 02:18:09
5.012 731.927 3679.512 02:18:10
5.076 556.341 2801.951 02:18:11
5.076 554.439 2803.902 02:18:12
