5.076 552.756 2804.390 02:40:15
5.076 558.146 2825.366 02:40:16
5.076 552.244 2802.927 02:40:17
5.076 551.341 2811.707 02:40:18
5.076 552.854 2807.805 02:40:19
5.088 517.146 2627.317 02:40:20
5.108 468.463 2391.220 02:40:21
5.108 516.659 2620.488 02:40:22
5.108 467.951 2384.878 02:40:23
5.108 466.463 2388.293 02:40:24
5.108 516.756 2591.707 02:40:25
5.108 469.659 2389.756 02:40:26
5.088 514.854 2627.317 02:40:27
5.108 467.854 2386.341 02:40:28
5.108 479.146 2395.122 02:40:29
5.088 516.561 2656.585 02:40:30
5.068 598.951 2845.854 02:40:31
5.088 517.951 2624.878 02:40:32
5.088 517.854 2640.000 02:40:33
5.092 514.439 2949.268 02:40:34
5.092 516.146 2627.317 02:40:35
5.088 542.146 2643.902 02:40:36
5.088 530.951 2615.122 02:40:37
5.088 525.756 2750.244 02:40:38
5.088 520.146 2643.902 02:40:39
5.088 518.146 2638.049 02:40:40
5.088 517.756 2830.244 02:40:41
5.060 564.049 2839.024 02:40:42
5.088 593.537 2922.927 02:40:43
5.088 567.244 2612.683 02:40:44
5.092 515.049 2620.488 02:40:45
5.092 515.854 2627.805 02:40:46
5.088 517.756 2625.366 02:40:47
5.092 516.341 2758.049 02:40:48
5.088 529.439 3179.512 02:40:49
5.088 518.756 2638.049 02:40:50
5.084 518.854 2707.805 02:40:51
5.072 574.439 2651.220 02:40:52
5.052 540.049 2811.707 02:40:53
5.088 517.951 2640.488 02:40:54
5.084 523.854 3137.073 02:40:55
5.080 544.244 2742.927 02:40:56
5.092 522.341 2621.463 02:40:57
5.088 523.341 2622.439 02:40:58
5.060 580.634 2675.610 02:40:59
5.088 545.854 2676.585 02:41:00
5.088 513.951 2631.707 02:41:01
5.088 520.659 2718.049 02:41:02
5.100 495.951 2596.098 02:41:03
5.052 560.659 2612.683 02:41:04
5.104 467.049 2388.293 02:41:05
5.088 574.756 2634.146 02:41:06
5.084 472.951 2720.488 02:41:07
5.072 543.951 2835.122 02:41:08
5.108 468.659 2387.317 02:41:09
5.092 514.341 2621.463 02:41:10
5.108 468.049 2389.756 02:41:11
5.092 520.756 2631.220 02:41:12
5.088 516.951 2633.659 02:41:13
5.080 485.951 2384.878 02:41:14
5.092 513.244 2614.146 02:41:15
5.108 466.951 2383.902 02:41:16
5.092 515.244 2621.463 02:41:17
5.104 470.463 2400.976 02:41:18
5.084 682.146 2660.488 02:41:19
5.024 678.024 3231.220 02:41:20
5.076 551.854 2801.463 02:41:21
