5.016 727.220 3661.463 02:43:21
5.028 681.732 3440.000 02:43:22
5.076 552.439 2806.829 02:43:23
5.076 552.049 2802.927 02:43:24
5.080 644.341 2802.927 02:43:25
5.092 515.049 2615.122 02:43:26
5.092 512.854 2603.902 02:43:27
5.108 468.756 2384.878 02:43:28
5.116 633.146 2202.927 02:43:29
5.116 442.854 2262.439 02:43:30
5.064 518.341 2640.000 02:43:31
5.080 561.756 2954.146 02:43:32
5.076 567.951 3026.829 02:43:33
5.064 572.439 2645.366 02:43:34
5.080 574.537 2772.683 02:43:35
5.084 514.146 2634.146 02:43:36
5.076 555.537 2787.805 02:43:37
5.080 545.146 2917.073 02:43:38
5.092 513.756 2618.049 02:43:39
5.052 610.146 2770.244 02:43:40
5.092 516.341 2625.366 02:43:41
5.060 576.537 2635.122 02:43:42
5.088 526.439 3134.634 02:43:43
5.088 515.756 2627.317 02:43:44
5.072 544.341 3094.634 02:43:45
5.092 516.659 2616.098 02:43:46
5.088 519.049 2638.049 02:43:47
5.076 552.951 2885.854 02:43:48
5.060 566.341 2905.366 02:43:49
5.100 468.659 2396.098 02:43:50
5.068 524.659 2627.805 02:43:51
5.092 516.244 2623.902 02:43:52
5.068 516.049 2691.220 02:43:53
5.088 518.951 2640.488 02:43:54
5.076 597.146 2938.537 02:43:55
5.080 567.341 2829.268 02:43:56
5.088 513.951 2737.561 02:43:57
5.108 467.049 2719.024 02:43:58
5.088 518.561 2634.146 02:43:59
5.092 514.049 2620.000 02:44:00
5.088 519.561 2983.415 02:44:01
5.092 515.341 2625.366 02:44:02
5.092 515.951 2627.805 02:44:03
5.088 514.341 2614.146 02:44:04
5.088 543.146 2746.829 02:44:05
5.084 515.854 2653.659 02:44:06
5.052 563.049 3073.659 02:44:07
5.088 517.049 2645.366 02:44:08
5.080 544.439 2819.024 02:44:09
5.072 562.756 2762.927 02:44:10
5.072 555.049 2865.366 02:44:11
5.092 520.244 2650.244 02:44:12
5.080 548.146 2678.049 02:44:13
5.084 517.049 2680.488 02:44:14
5.076 547.756 2870.732 02:44:15
5.068 602.537 2880.488 02:44:16
5.108 467.146 2384.878 02:44:17
5.100 507.341 2554.146 02:44:18
5.108 467.049 2381.951 02:44:19
5.104 467.366 2386.341 02:44:20
5.108 467.244 2380.976 02:44:21
5.096 467.049 2383.902 02:44:22
5.104 466.244 2382.439 02:44:23
5.032 687.439 3557.561 02:44:24
5.076 551.659 2802.927 02:44:25
