5.012 734.341 3673.171 02:30:40
4.956 925.024 4546.341 02:30:41
5.076 555.268 2832.195 02:30:42
5.076 554.439 2819.512 02:30:43
5.104 477.561 2436.098 02:30:44
5.104 468.537 2388.293 02:30:45
5.108 468.341 2389.268 02:30:46
5.108 469.073 2403.902 02:30:47
5.088 518.537 2637.073 02:30:48
5.108 467.756 2389.268 02:30:49
5.072 566.634 2877.073 02:30:50
5.092 514.341 2834.146 02:30:51
5.076 557.659 2836.098 02:30:52
5.092 516.829 2618.537 02:30:53
5.104 468.244 2385.366 02:30:54
5.092 516.049 2636.098 02:30:55
5.108 468.341 2386.341 02:30:56
5.092 516.146 2619.512 02:30:57
5.088 516.829 2626.341 02:30:58
5.092 514.341 2624.390 02:30:59
5.088 516.732 2631.220 02:31:00
5.068 527.073 2641.951 02:31:01
5.088 519.854 2624.390 02:31:02
5.072 514.244 2658.537 02:31:03
5.088 513.561 2629.268 02:31:04
5.072 548.341 3249.756 02:31:05
5.072 516.244 2626.341 02:31:06
5.080 569.951 2813.659 02:31:07
5.092 527.659 2606.829 02:31:08
5.088 517.073 2639.024 02:31:09
5.088 527.366 2637.073 02:31:10
5.080 547.268 2728.780 02:31:11
5.088 522.049 2766.829 02:31:12
5.076 621.317 3291.707 02:31:13
5.048 603.220 2872.195 02:31:14
5.108 467.854 2389.268 02:31:15
5.092 574.146 2909.268 02:31:16
5.104 470.049 2388.293 02:31:17
5.088 563.366 2929.756 02:31:18
5.092 514.829 2664.390 02:31:19
5.088 515.366 2677.073 02:31:20
5.072 560.341 2989.268 02:31:21
5.076 549.854 2760.976 02:31:22
5.040 652.829 3313.171 02:31:23
5.088 526.829 2639.024 02:31:24
5.068 562.634 2894.634 02:31:25
5.096 505.756 2628.293 02:31:26
5.092 515.659 2621.463 02:31:27
5.104 483.659 2469.268 02:31:28
5.116 432.439 2213.659 02:31:29
5.108 468.634 2400.976 02:31:30
5.096 492.049 2504.390 02:31:31
5.088 522.634 2653.659 02:31:32
5.084 610.537 2866.341 02:31:33
5.084 553.756 2947.317 02:31:34
5.080 546.146 2837.073 02:31:35
5.072 571.366 2886.829 02:31:36
5.084 584.049 2739.512 02:31:37
5.104 468.146 2398.049 02:31:38
5.080 516.049 2731.707 02:31:39
5.076 546.341 2909.268 02:31:40
5.108 467.463 2405.854 02:31:41
5.092 514.341 2628.293 02:31:42
5.104 467.561 2391.220 02:31:43
5.108 467.171 2388.293 02:31:44
5.108 467.366 2399.024 02:31:45
5.016 732.146 3652.683 02:31:46
5.076 552.439 2804.878 02:31:47
5.076 554.049 2824.390 02:31:48
