5.076 555.049 2806.341 03:31:02
5.076 555.537 2827.805 03:31:03
5.072 554.756 2812.683 03:31:04
5.076 554.439 2814.146 03:31:05
5.104 477.756 2432.195 03:31:06
5.132 391.951 2018.049 03:31:07
5.104 466.756 2399.512 03:31:08
5.104 466.854 2383.902 03:31:09
5.104 467.561 2385.854 03:31:10
5.112 466.659 2383.415 03:31:11
5.108 467.146 2387.317 03:31:12
5.108 466.756 2383.902 03:31:13
5.092 515.146 2616.098 03:31:14
5.104 466.951 2386.341 03:31:15
5.104 477.951 2463.902 03:31:16
5.108 522.854 2386.341 03:31:17
5.088 554.049 2899.024 03:31:18
5.108 466.244 2384.878 03:31:19
5.088 513.244 2610.244 03:31:20
5.088 517.146 2560.976 03:31:21
5.092 522.561 3000.976 03:31:22
5.088 525.561 2888.293 03:31:23
5.076 515.244 2681.463 03:31:24
5.092 515.049 2623.902 03:31:25
5.064 751.732 2963.415 03:31:26
5.080 553.049 2803.902 03:31:27
5.056 604.951 4021.951 03:31:28
5.088 516.146 3982.439 03:31:29
5.088 525.756 2681.463 03:31:30
5.092 518.341 2636.585 03:31:31
5.092 518.951 2627.317 03:31:32
5.064 597.537 2716.585 03:31:33
5.088 515.341 2644.878 03:31:34
5.040 619.634 2835.122 03:31:35
5.080 536.146 2789.268 03:31:36
5.088 575.341 2628.780 03:31:37
5.064 569.244 2688.780 03:31:39
5.088 520.244 2657.561 03:31:40
5.088 517.049 2910.244 03:31:41
5.060 580.951 2819.024 03:31:42
5.076 559.537 2764.390 03:31:43
5.088 517.146 2620.000 03:31:44
5.060 557.659 2625.366 03:31:45
5.052 646.049 3055.610 03:31:46
5.072 614.049 3032.195 03:31:47
5.092 514.951 2623.902 03:31:48
5.084 522.146 2640.000 03:31:49
5.088 515.341 2631.220 03:31:50
5.068 514.244 2623.902 03:31:51
5.088 519.146 2642.439 03:31:52
5.088 518.756 2627.805 03:31:53
5.088 521.341 2654.146 03:31:54
5.068 585.146 2649.268 03:31:55
5.084 523.951 2664.878 03:31:56
5.080 557.049 3080.976 03:31:57
5.088 521.244 2658.049 03:31:58
5.080 581.756 3018.049 03:31:59
5.076 541.341 2876.585 03:32:00
5.060 584.341 2954.634 03:32:01
5.092 513.244 2618.049 03:32:02
5.088 517.659 2617.561 03:32:03
5.088 519.146 2620.000 03:32:04
5.080 606.146 2834.146 03:32:05
5.080 531.439 2634.146 03:32:06
5.044 597.854 2740.488 03:32:07
5.080 542.439 2795.122 03:32:08
5.080 538.756 2741.463 03:32:09
5.084 523.756 2641.463 03:32:10
5.076 543.439 2746.341 03:32:11
5.088 516.244 2620.000 03:32:12
5.092 515.244 2819.512 03:32:13
5.084 523.341 2639.024 03:32:14
5.064 565.634 2843.902 03:32:15
5.052 541.244 2838.049 03:32:16
5.076 519.756 2651.220 03:32:17
5.092 560.756 2633.659 03:32:18
5.076 546.854 2846.829 03:32:19
5.052 602.439 3000.976 03:32:20
5.100 467.951 2391.220 03:32:21
5.092 514.561 2627.317 03:32:22
5.108 469.244 2423.415 03:32:23
5.108 466.659 2431.220 03:32:24
5.108 527.659 2655.610 03:32:25
5.104 468.854 2392.195 03:32:26
5.108 526.659 2623.902 03:32:27
5.104 467.244 2383.415 03:32:28
5.104 469.146 2392.683 03:32:29
5.108 468.244 2383.902 03:32:30
5.076 558.854 2812.683 03:32:31
5.080 554.537 2815.122 03:32:32
5.076 553.951 2823.902 03:32:33
