5.012 731.220 3687.805 01:33:01
4.976 723.317 3505.366 01:33:02
5.076 558.634 2809.756 01:33:03
5.068 589.659 2947.317 01:33:04
5.076 556.732 2837.073 01:33:05
5.120 506.732 2199.024 01:33:06
5.108 468.439 2389.268 01:33:07
5.108 470.341 2391.220 01:33:08
5.088 518.146 2639.024 01:33:09
5.068 567.854 2804.878 01:33:10
5.040 600.244 2968.780 01:33:11
5.104 467.073 2385.366 01:33:12
5.080 549.171 2760.976 01:33:13
5.084 509.268 2658.537 01:33:14
5.092 516.341 2616.585 01:33:15
5.104 466.878 2400.976 01:33:16
5.048 559.366 2796.098 01:33:17
5.104 467.659 2394.146 01:33:18
5.088 516.049 2621.463 01:33:19
5.104 470.732 2385.366 01:33:20
5.088 514.927 2623.415 01:33:21
5.104 468.244 2388.293 01:33:22
5.104 470.634 2789.268 01:33:23
5.100 470.634 2389.268 01:33:24
5.092 516.049 2616.585 01:33:25
5.108 467.268 2394.146 01:33:26
5.088 514.927 2756.098 01:33:27
5.092 502.244 2556.098 01:33:28
5.104 481.268 2440.976 01:33:29
5.112 446.537 2276.098 01:33:30
5.080 491.951 2511.220 01:33:31
5.108 466.878 2385.366 01:33:32
5.104 467.951 2386.341 01:33:33
5.108 470.976 2394.146 01:33:34
5.080 553.366 2809.756 01:33:35
5.076 551.561 2799.024 01:33:36
5.076 555.366 2821.463 01:33:37
