5.016 735.024 3666.829 01:35:05
5.032 692.341 3587.805 01:35:06
5.076 555.756 2832.683 01:35:07
5.076 556.244 2807.805 01:35:08
5.104 477.756 2443.415 01:35:09
5.120 431.366 2193.171 01:35:10
5.088 517.659 2623.902 01:35:11
5.088 517.439 2646.341 01:35:12
5.108 469.756 2396.098 01:35:13
5.088 525.659 2634.146 01:35:14
5.088 519.439 2848.293 01:35:15
5.104 471.854 2409.756 01:35:16
5.088 518.244 2636.585 01:35:17
5.088 520.854 2647.805 01:35:18
5.088 520.561 2651.707 01:35:19
5.088 530.561 2624.878 01:35:20
5.064 615.732 3006.829 01:35:21
5.088 515.659 2629.268 01:35:22
5.076 525.659 2636.098 01:35:23
5.068 527.561 2651.707 01:35:24
5.068 624.244 2830.244 01:35:25
5.104 469.049 2387.317 01:35:26
5.104 493.659 2919.512 01:35:27
5.100 494.049 2508.780 01:35:28
5.100 491.951 2514.146 01:35:30
5.116 442.463 2264.390 01:35:31
5.108 469.659 2400.000 01:35:32
5.076 553.951 3159.512 01:35:33
5.108 468.366 2391.220 01:35:34
5.092 516.049 2634.146 01:35:35
5.104 468.244 2390.732 01:35:36
5.088 518.049 2637.561 01:35:37
5.104 469.854 2391.220 01:35:38
5.108 469.756 2385.854 01:35:39
5.108 468.366 2408.780 01:35:40
5.016 740.439 3705.854 01:35:41
5.076 554.951 2817.073 01:35:42
5.076 554.756 2816.585 01:35:43
