5.012 735.341 3607.805 01:59:16
5.076 554.049 2810.244 01:59:17
5.076 552.341 2800.488 01:59:18
5.076 551.756 2799.512 01:59:19
5.104 479.366 2452.195 01:59:20
5.132 393.951 2014.146 01:59:21
5.132 392.171 2013.171 01:59:22
5.108 468.049 2389.756 01:59:23
5.112 467.366 2383.902 01:59:24
5.108 466.951 2381.951 01:59:25
5.108 473.244 2596.585 01:59:26
5.088 515.146 2620.000 01:59:27
5.096 526.244 2397.073 01:59:28
5.096 749.537 2512.683 01:59:29
5.076 542.537 2783.902 01:59:30
5.108 467.366 2384.878 01:59:31
5.088 513.951 2625.366 01:59:32
5.092 574.951 2907.805 01:59:33
5.108 466.854 2402.439 01:59:34
5.088 513.341 3006.829 01:59:35
5.072 544.659 2868.293 01:59:36
5.092 519.561 2685.366 01:59:37
5.080 591.854 2695.610 01:59:38
5.064 587.854 3019.512 01:59:39
5.084 526.854 2692.683 01:59:40
5.088 609.341 2997.073 01:59:41
5.072 558.049 2816.585 01:59:42
5.088 516.951 2626.341 01:59:43
5.084 519.244 2642.439 01:59:44
5.060 515.049 2627.805 01:59:45
5.076 540.341 2750.732 01:59:46
5.088 520.244 3030.732 01:59:47
5.092 515.146 2620.000 01:59:48
5.088 570.244 2622.927 01:59:49
5.092 515.341 2616.098 01:59:50
5.088 513.439 2618.049 01:59:51
5.080 563.244 2760.488 01:59:52
5.088 514.561 2631.707 01:59:53
5.108 467.756 2392.195 01:59:54
5.104 468.366 2400.976 01:59:55
5.092 476.951 2383.902 01:59:56
5.104 469.366 2393.659 01:59:57
5.108 467.244 2388.293 01:59:58
5.108 468.366 2399.512 01:59:59
5.108 467.561 2384.878 02:00:00
5.108 467.366 2382.439 02:00:01
5.012 733.341 3704.390 02:00:02
5.080 552.146 2804.390 02:00:03
5.076 556.659 2812.683 02:00:04
