5.016 731.122 3664.390 02:20:15
5.024 696.122 3535.122 02:20:16
5.076 553.244 2801.951 02:20:17
5.076 557.756 2816.585 02:20:18
5.104 476.146 2432.683 02:20:19
5.132 392.659 2028.293 02:20:20
5.108 467.951 2382.439 02:20:21
5.104 467.366 2388.780 02:20:22
5.092 515.049 2614.146 02:20:23
5.092 514.244 2624.878 02:20:24
5.108 467.463 2392.195 02:20:25
5.104 467.244 2387.317 02:20:26
5.108 561.756 2399.512 02:20:27
5.108 476.756 2395.122 02:20:28
5.096 489.146 3757.073 02:20:29
5.096 491.561 2499.024 02:20:30
5.068 520.756 2645.366 02:20:31
5.092 514.439 2616.585 02:20:32
5.092 513.146 2612.683 02:20:33
5.108 469.659 2385.854 02:20:34
5.092 513.244 2626.341 02:20:35
5.088 533.146 2625.366 02:20:36
5.088 520.049 2643.902 02:20:37
5.068 593.732 2815.122 02:20:38
5.088 569.439 2629.268 02:20:39
5.052 522.561 2623.902 02:20:40
5.088 513.756 2621.463 02:20:41
5.056 562.244 2853.171 02:20:42
5.088 518.561 2622.439 02:20:43
5.064 553.439 2845.366 02:20:45
5.080 556.659 2873.171 02:20:46
5.064 604.732 2772.683 02:20:47
5.056 561.951 3147.317 02:20:48
5.068 574.439 2821.951 02:20:49
5.092 521.439 3202.439 02:20:50
5.080 593.049 2898.049 02:20:51
5.068 577.146 2911.707 02:20:52
5.080 622.341 2801.463 02:20:53
5.076 558.146 2761.951 02:20:54
5.076 520.244 2683.902 02:20:55
5.072 541.854 2809.268 02:20:56
5.068 606.537 2642.439 02:20:57
5.088 513.659 2620.488 02:20:58
5.088 515.561 2842.927 02:20:59
5.060 579.951 2616.098 02:21:00
5.072 619.537 2766.341 02:21:01
5.108 467.244 2390.732 02:21:02
5.088 520.341 2633.659 02:21:03
5.092 514.561 2621.463 02:21:04
5.088 520.049 2654.146 02:21:05
5.088 517.756 2625.366 02:21:06
5.072 550.854 2867.805 02:21:07
5.108 468.049 2383.902 02:21:08
5.100 507.854 2591.707 02:21:09
5.092 502.049 2649.268 02:21:10
5.104 470.561 2397.073 02:21:11
5.104 467.049 2387.317 02:21:12
5.088 515.439 2620.000 02:21:13
5.088 516.341 2620.000 02:21:14
5.076 554.049 2825.366 02:21:15
5.076 554.244 2816.585 02:21:16
5.076 554.854 2802.927 02:21:17
