5.012 730.122 3687.805 02:07:23
5.028 704.537 3452.683 02:07:25
5.076 555.537 2819.024 02:07:26
5.076 554.659 2817.073 02:07:27
5.076 554.756 2802.927 02:07:28
5.112 445.463 2275.610 02:07:29
5.116 445.366 2281.951 02:07:30
5.100 488.854 2496.098 02:07:31
5.108 467.756 2387.317 02:07:32
5.108 467.146 2388.780 02:07:33
5.092 518.244 2662.927 02:07:34
5.092 513.756 2621.463 02:07:35
5.104 467.756 2386.341 02:07:36
5.104 468.561 2392.195 02:07:37
5.088 513.341 2618.049 02:07:38
5.108 466.463 2386.341 02:07:39
5.088 516.439 2612.683 02:07:40
5.104 467.146 2385.854 02:07:41
5.076 536.049 2734.146 02:07:42
5.092 515.146 2628.780 02:07:43
5.076 577.854 3164.390 02:07:44
5.080 565.439 2775.122 02:07:45
5.088 516.049 2631.220 02:07:46
5.084 517.854 2631.220 02:07:47
5.076 560.854 2760.488 02:07:48
5.072 575.341 2969.756 02:07:49
5.076 568.244 3058.537 02:07:50
5.056 619.244 2991.707 02:07:51
5.076 527.659 2680.000 02:07:52
5.088 569.756 2893.171 02:07:53
5.076 606.732 2632.683 02:07:54
5.088 516.341 2678.049 02:07:55
5.076 574.951 2931.707 02:07:56
5.068 571.951 3099.512 02:07:57
5.084 525.439 2640.000 02:07:58
5.084 569.854 2993.171 02:07:59
5.088 515.049 2631.220 02:08:00
5.064 607.244 3201.951 02:08:01
5.060 585.537 2942.927 02:08:02
5.068 492.146 2626.341 02:08:03
5.072 556.146 2865.366 02:08:04
5.096 494.561 2711.707 02:08:05
5.092 515.951 2625.366 02:08:06
5.104 468.146 2388.293 02:08:07
5.064 520.659 2622.439 02:08:08
5.104 466.561 2383.902 02:08:09
5.088 515.439 2629.268 02:08:10
5.112 466.951 2389.756 02:08:11
5.092 512.951 2616.585 02:08:12
5.108 468.854 2388.293 02:08:13
5.108 467.049 2383.902 02:08:14
5.076 671.146 3538.049 02:08:15
5.076 554.244 2810.244 02:08:16
