5.016 727.341 3623.902 02:44:53
5.020 565.049 2824.390 02:44:54
5.076 553.244 2803.902 02:44:55
5.076 555.537 2821.463 02:44:56
5.076 552.537 2803.902 02:44:57
5.100 468.146 2387.317 02:44:58
5.104 469.049 2401.463 02:44:59
5.104 467.951 2390.732 02:45:00
5.076 606.854 2990.732 02:45:01
5.104 468.561 2396.098 02:45:02
5.088 526.244 2672.683 02:45:03
5.108 467.561 2387.317 02:45:04
5.068 521.659 2706.341 02:45:05
5.088 519.561 2740.000 02:45:06
5.088 547.854 3000.488 02:45:07
5.108 467.146 2389.756 02:45:08
5.112 468.463 2432.683 02:45:09
5.108 467.146 2388.780 02:45:10
5.072 547.854 2763.902 02:45:11
5.088 541.537 2647.805 02:45:12
5.088 518.341 2710.244 02:45:13
5.072 612.732 2997.073 02:45:14
5.080 539.756 2753.171 02:45:15
5.088 515.244 2629.268 02:45:16
5.092 516.049 2654.146 02:45:17
5.076 520.341 2655.122 02:45:18
5.088 516.146 2899.512 02:45:19
5.072 561.146 2761.951 02:45:20
5.068 518.146 2631.220 02:45:21
5.088 515.951 2629.268 02:45:22
5.088 515.244 2627.805 02:45:23
5.088 518.049 2644.878 02:45:24
5.080 540.951 2920.976 02:45:25
5.080 533.659 2945.366 02:45:26
5.088 523.756 2627.805 02:45:27
5.088 526.146 2636.585 02:45:28
5.088 510.146 2643.902 02:45:29
5.068 573.756 2705.366 02:45:30
5.088 526.659 2602.439 02:45:31
5.056 572.146 2786.829 02:45:32
5.088 529.146 2642.439 02:45:33
5.092 521.341 2622.927 02:45:34
5.072 547.537 2951.707 02:45:35
5.068 582.634 3086.829 02:45:36
5.064 600.341 2709.268 02:45:37
5.080 564.756 2786.341 02:45:38
5.072 517.854 2651.707 02:45:39
5.040 608.951 2753.171 02:45:40
5.088 516.341 2627.317 02:45:41
5.076 545.341 2815.610 02:45:42
5.088 515.659 2631.707 02:45:43
5.088 514.756 2676.585 02:45:44
5.076 548.439 2881.951 02:45:45
5.092 515.439 2643.902 02:45:46
5.084 593.244 2755.610 02:45:47
5.084 589.732 2978.537 02:45:48
5.088 517.244 2636.585 02:45:49
5.084 519.341 2643.902 02:45:50
5.088 516.146 2629.268 02:45:51
5.088 520.049 2620.000 02:45:52
5.088 515.439 2621.463 02:45:53
5.088 516.049 2647.805 02:45:54
5.108 469.366 2393.659 02:45:55
5.052 582.634 3038.049 02:45:56
5.108 467.854 2397.073 02:45:57
5.092 523.146 2612.683 02:45:58
5.104 469.463 2389.756 02:45:59
5.108 466.756 2386.341 02:46:00
5.092 515.439 2629.268 02:46:01
5.108 466.146 2382.439 02:46:02
5.108 470.244 2400.976 02:46:03
5.016 733.634 3660.488 02:46:04
5.076 554.341 2814.146 02:46:05
