5.004 771.634 3873.659 01:43:12
5.020 692.122 3785.854 01:43:13
5.072 555.659 2822.927 01:43:14
5.076 555.756 2829.268 01:43:15
5.100 479.854 2447.317 01:43:16
5.112 449.146 2646.829 01:43:17
5.136 393.171 2014.634 01:43:18
5.108 466.561 2386.341 01:43:19
5.108 467.951 2408.293 01:43:20
5.108 467.756 2390.732 01:43:21
5.076 561.756 2850.244 01:43:22
5.096 504.756 2587.805 01:43:23
5.088 516.756 2616.585 01:43:24
5.104 484.049 2528.780 01:43:25
5.092 514.854 2625.366 01:43:26
5.092 522.341 2619.024 01:43:27
5.076 552.146 2766.341 01:43:28
5.064 431.659 2210.732 01:43:29
5.100 488.951 2492.195 01:43:30
5.076 507.854 2547.317 01:43:31
5.088 519.854 2642.439 01:43:32
5.092 516.659 2662.927 01:43:33
5.076 553.244 2801.951 01:43:34
5.088 523.756 2632.683 01:43:35
5.088 517.049 2642.439 01:43:36
5.056 569.537 2715.610 01:43:37
5.092 517.146 2631.707 01:43:38
5.076 560.537 3009.756 01:43:39
5.060 574.244 2625.366 01:43:40
5.052 594.732 2867.805 01:43:41
5.068 546.244 2786.829 01:43:42
5.080 540.049 2749.268 01:43:43
5.080 559.537 2984.390 01:43:44
5.080 551.854 2798.049 01:43:45
5.088 516.049 2627.317 01:43:46
5.088 520.049 2629.268 01:43:47
5.088 514.244 2620.000 01:43:48
5.084 516.951 2643.902 01:43:49
5.084 493.659 2548.780 01:43:50
5.092 504.341 2392.683 01:43:51
5.108 467.561 2388.293 01:43:52
5.104 466.756 2382.439 01:43:53
5.076 554.854 2806.829 01:43:54
5.076 552.951 2812.683 01:43:55
5.064 591.951 2995.610 01:43:56
