5.016 732.829 3617.561 03:27:09
5.024 689.341 3530.244 03:27:10
5.072 555.341 2814.146 03:27:11
5.076 555.341 2818.049 03:27:12
5.076 557.146 2817.073 03:27:13
5.108 469.659 2398.537 03:27:14
5.100 397.659 2025.366 03:27:15
5.092 518.659 2636.585 03:27:16
5.088 515.659 2636.585 03:27:17
5.088 500.756 2601.463 03:27:18
5.084 550.049 2610.244 03:27:19
5.108 515.049 2678.049 03:27:20
5.108 469.366 2395.122 03:27:21
5.092 512.756 2622.439 03:27:22
5.108 466.951 2400.976 03:27:23
5.088 513.146 2616.098 03:27:24
5.104 468.951 2380.000 03:27:25
5.092 514.146 2630.244 03:27:26
5.108 466.756 2383.415 03:27:27
5.104 537.756 2442.439 03:27:28
5.116 661.732 2286.829 03:27:29
5.100 544.756 2866.829 03:27:30
5.076 548.854 2770.732 03:27:31
5.104 472.366 2408.293 03:27:32
5.088 517.951 2618.049 03:27:33
5.108 466.951 2400.976 03:27:34
5.076 541.756 2752.683 03:27:35
5.092 516.341 2646.341 03:27:36
5.088 518.561 2641.463 03:27:37
5.080 570.244 2859.024 03:27:38
5.060 624.537 3277.561 03:27:39
5.040 668.732 3431.707 03:27:40
5.068 605.439 3013.171 03:27:41
5.076 590.244 2940.488 03:27:42
5.056 555.854 3018.049 03:27:43
5.076 546.146 2757.561 03:27:44
5.080 558.537 2877.073 03:27:45
5.104 468.756 2397.073 03:27:46
5.092 513.146 2620.000 03:27:47
5.088 513.341 2657.561 03:27:48
5.056 558.244 2781.951 03:27:49
5.088 516.244 2622.439 03:27:50
5.068 515.756 2660.000 03:27:51
5.104 468.659 2386.341 03:27:52
5.088 517.659 2636.585 03:27:53
5.088 516.244 2646.341 03:27:54
5.076 560.341 3340.000 03:27:55
5.076 584.049 2962.927 03:27:56
5.080 561.049 3057.073 03:27:57
5.092 514.659 2630.244 03:27:58
5.072 559.439 2988.293 03:27:59
5.088 515.341 2626.341 03:28:00
5.088 522.049 2634.146 03:28:01
5.068 569.951 2799.512 03:28:02
5.108 467.659 2383.902 03:28:03
5.064 516.146 2620.488 03:28:04
5.088 516.561 2632.683 03:28:05
5.092 589.244 2850.244 03:28:06
5.108 468.951 2390.732 03:28:07
5.088 613.341 2775.610 03:28:08
5.088 519.951 2650.244 03:28:09
5.068 575.244 2856.585 03:28:10
5.088 518.439 2644.878 03:28:11
5.056 582.341 2795.122 03:28:12
5.092 517.659 2629.268 03:28:14
5.072 546.659 2772.683 03:28:15
5.096 523.049 2839.024 03:28:16
5.084 589.244 3051.707 03:28:17
5.088 518.951 2640.000 03:28:18
5.092 545.756 2921.951 03:28:19
5.088 515.341 2625.366 03:28:20
5.092 514.561 2622.439 03:28:21
5.108 466.854 2383.902 03:28:22
5.108 470.561 2396.098 03:28:23
5.092 517.951 2626.341 03:28:24
5.104 468.756 2389.756 03:28:25
5.088 524.244 2616.098 03:28:26
5.088 516.659 2634.146 03:28:27
5.088 513.439 2613.659 03:28:28
5.116 444.659 2270.732 03:28:29
5.116 444.463 2269.756 03:28:30
5.096 488.341 2487.805 03:28:31
5.084 515.439 2620.000 03:28:32
5.104 468.659 2395.122 03:28:33
5.076 555.854 2843.902 03:28:34
5.076 553.756 2810.732 03:28:35
5.076 553.756 2808.293 03:28:36
