5.016 726.439 3646.829 03:46:25
4.980 695.317 3478.049 03:46:26
5.076 555.024 2814.634 03:46:27
5.076 553.659 2803.902 03:46:28
5.072 555.659 2818.537 03:46:29
5.116 444.439 2271.220 03:46:30
5.092 517.561 2616.585 03:46:31
5.096 502.146 2559.024 03:46:32
5.104 467.268 2423.415 03:46:33
5.108 466.976 2386.341 03:46:34
5.104 467.756 2383.415 03:46:35
5.104 467.171 2388.293 03:46:36
5.108 471.951 2383.415 03:46:37
5.108 467.463 2385.366 03:46:38
5.108 467.073 2385.366 03:46:39
5.092 515.366 2624.390 03:46:40
5.088 517.561 2631.220 03:46:41
5.092 516.927 2624.390 03:46:42
5.080 549.854 2844.878 03:46:43
5.088 522.537 2664.390 03:46:44
5.056 614.537 2933.659 03:46:45
5.064 516.049 2626.341 03:46:46
5.076 606.244 2911.220 03:46:47
5.088 516.927 2634.146 03:46:48
5.080 561.024 2824.390 03:46:49
5.064 560.244 2784.390 03:46:50
5.076 546.829 2929.756 03:46:51
5.048 522.244 2639.024 03:46:52
5.096 493.951 2525.854 03:46:53
5.052 611.024 3044.878 03:46:54
5.076 569.268 2859.512 03:46:55
5.084 517.659 2646.829 03:46:56
5.064 553.171 2949.268 03:46:57
5.108 520.634 2632.195 03:46:58
5.060 592.634 2639.024 03:46:59
5.088 514.341 2616.585 03:47:00
5.088 522.341 2861.463 03:47:01
5.092 515.951 2621.463 03:47:02
5.064 515.561 2636.098 03:47:03
5.084 525.951 2641.951 03:47:04
5.068 645.756 3370.732 03:47:05
5.080 554.927 2796.098 03:47:06
5.076 544.341 2752.195 03:47:07
5.092 511.073 2565.854 03:47:08
5.068 583.756 2741.463 03:47:09
5.072 580.732 2926.829 03:47:10
5.088 571.756 3107.317 03:47:11
5.076 581.268 3009.756 03:47:12
5.072 547.756 3241.951 03:47:13
5.064 613.122 3062.439 03:47:14
5.060 535.073 2806.829 03:47:15
5.088 514.537 2628.293 03:47:16
5.088 514.927 2616.585 03:47:17
5.092 515.561 2631.220 03:47:18
5.088 587.756 2632.195 03:47:19
5.080 565.366 2768.780 03:47:20
5.088 518.732 2688.780 03:47:21
5.064 601.561 3046.829 03:47:22
5.076 555.463 2766.829 03:47:23
5.092 515.463 2626.341 03:47:24
5.088 525.659 2766.829 03:47:25
5.080 559.463 2951.220 03:47:26
5.076 549.951 2764.878 03:47:27
5.088 522.927 2648.780 03:47:28
5.076 623.951 2839.024 03:47:29
5.100 489.366 2496.585 03:47:30
5.068 571.854 3184.390 03:47:31
5.092 515.659 2621.463 03:47:32
5.088 518.244 2623.415 03:47:33
5.092 516.049 2636.098 03:47:34
5.048 532.732 3003.902 03:47:35
5.088 515.659 2877.073 03:47:36
5.084 522.049 2653.659 03:47:37
5.076 556.146 2764.878 03:47:38
5.108 466.976 2389.268 03:47:39
5.072 522.341 2656.585 03:47:40
5.080 546.537 2768.780 03:47:41
5.088 513.756 2613.659 03:47:42
5.108 467.171 2385.366 03:47:43
5.088 513.854 2619.512 03:47:44
5.108 470.049 2400.976 03:47:45
5.088 524.341 2919.024 03:47:46
5.104 466.732 2386.341 03:47:47
5.092 513.171 2613.659 03:47:48
5.104 467.659 2386.341 03:47:49
5.108 466.878 2386.341 03:47:50
5.108 467.561 2386.341 03:47:51
5.108 466.634 2386.341 03:47:52
5.012 735.317 3673.171 03:47:53
5.076 551.366 2849.756 03:47:54
