5.012 553.537 2810.244 03:54:26
5.064 553.244 2844.390 03:54:27
5.064 588.537 2974.634 03:54:28
5.092 552.756 2901.951 03:54:29
5.076 553.244 2807.805 03:54:30
5.092 516.439 2632.683 03:54:31
5.104 468.561 2383.415 03:54:32
5.104 467.244 2391.220 03:54:33
5.104 479.951 2380.000 03:54:34
5.092 513.659 2621.463 03:54:35
5.072 574.439 2821.463 03:54:36
5.092 519.146 2609.268 03:54:37
5.088 515.951 2620.488 03:54:38
5.084 550.049 2802.927 03:54:39
5.088 516.561 2621.463 03:54:40
5.088 515.659 2622.439 03:54:41
5.080 556.439 2762.927 03:54:42
5.088 519.341 2635.122 03:54:43
5.064 570.537 2920.976 03:54:44
5.088 516.244 2631.220 03:54:45
5.088 519.049 2682.439 03:54:46
5.060 546.537 2766.341 03:54:47
5.108 467.659 2388.293 03:54:48
5.088 578.854 2969.756 03:54:49
5.060 574.951 2918.049 03:54:50
5.088 514.854 2622.927 03:54:51
5.092 515.244 2625.366 03:54:52
5.080 535.439 2760.488 03:54:53
5.088 521.146 2875.610 03:54:54
5.080 519.244 2715.122 03:54:55
5.092 524.659 2618.049 03:54:56
5.088 512.951 2632.683 03:54:57
5.088 513.951 2845.854 03:54:58
5.092 494.463 2746.341 03:54:59
5.084 541.854 2867.805 03:55:00
5.076 553.854 2810.244 03:55:01
5.084 550.439 3114.634 03:55:02
5.088 517.439 2636.585 03:55:03
5.092 518.854 2632.683 03:55:04
5.092 514.561 2617.561 03:55:05
5.092 516.756 2636.585 03:55:06
5.088 518.439 2629.268 03:55:07
5.076 553.537 3124.878 03:55:08
5.068 518.146 2642.439 03:55:09
5.064 621.634 3020.488 03:55:10
5.072 566.049 2852.683 03:55:11
5.072 559.659 3128.780 03:55:12
5.060 573.537 2662.439 03:55:13
5.076 540.244 2828.293 03:55:14
5.084 515.756 2623.902 03:55:15
5.036 668.829 3173.659 03:55:16
5.092 516.561 2620.000 03:55:17
5.088 577.756 2928.293 03:55:18
5.084 517.951 2654.146 03:55:19
5.088 535.659 2994.634 03:55:20
5.088 526.659 2642.927 03:55:21
5.088 515.244 2632.683 03:55:22
5.052 615.829 3089.756 03:55:23
5.056 530.439 2925.366 03:55:24
5.088 517.049 2638.049 03:55:25
5.076 586.537 2835.610 03:55:26
5.088 514.561 2898.049 03:55:27
5.092 516.146 2653.659 03:55:28
5.076 613.732 2837.073 03:55:29
5.096 554.146 2536.585 03:55:30
5.096 572.634 3263.902 03:55:31
5.088 518.146 2704.390 03:55:32
5.088 524.146 2670.244 03:55:33
5.060 582.537 2964.390 03:55:34
5.080 555.854 2785.366 03:55:35
5.080 572.146 2881.951 03:55:36
5.088 466.854 2387.317 03:55:37
5.064 594.049 2874.146 03:55:38
5.072 572.439 2890.244 03:55:39
5.076 549.146 2789.268 03:55:40
5.088 512.756 2624.878 03:55:41
5.080 494.756 2556.585 03:55:42
5.096 491.951 2587.317 03:55:43
5.064 535.756 2861.463 03:55:44
5.088 527.951 2671.707 03:55:45
5.096 489.854 2492.683 03:55:46
5.096 489.244 2527.317 03:55:47
5.096 494.341 2513.659 03:55:48
5.100 489.341 2483.415 03:55:49
5.096 489.756 2533.659 03:55:50
5.080 539.659 2741.951 03:55:51
5.100 498.756 2533.659 03:55:52
5.068 537.951 2993.171 03:55:53
5.072 561.341 2855.610 03:55:54
5.072 523.439 3012.195 03:55:55
5.076 551.049 2796.585 03:55:56
5.084 518.146 2632.683 03:55:57
5.088 513.439 2618.049 03:55:58
5.076 552.951 2806.341 03:55:59
5.076 551.146 2799.024 03:56:00
5.080 567.146 2876.585 03:56:01
