5.016 730.220 3671.707 01:26:13
5.032 715.122 3444.878 01:26:14
5.072 551.341 2807.805 01:26:15
5.076 551.244 2799.024 01:26:16
5.104 475.854 2437.561 01:26:17
5.132 392.073 2012.683 01:26:18
5.108 467.146 2385.854 01:26:19
5.092 513.854 2614.146 01:26:20
5.084 467.854 2675.610 01:26:21
5.108 466.561 2380.000 01:26:22
5.104 466.146 2379.512 01:26:23
5.108 466.146 2390.732 01:26:24
5.088 515.756 2622.439 01:26:25
5.088 473.659 2497.561 01:26:26
5.088 514.341 2613.659 01:26:27
5.088 519.439 2619.024 01:26:28
5.072 432.659 2202.927 01:26:29
5.108 476.756 2384.878 01:26:30
5.108 467.854 2384.878 01:26:31
5.100 466.561 2378.537 01:26:32
5.108 465.854 2382.439 01:26:33
5.108 468.049 2383.415 01:26:34
5.108 469.756 2379.512 01:26:35
5.108 465.951 2390.732 01:26:36
5.088 516.146 2629.268 01:26:37
5.108 467.756 2391.220 01:26:38
5.104 479.561 2391.220 01:26:39
5.104 465.756 2509.756 01:26:40
5.088 515.854 2639.024 01:26:41
5.092 516.146 2632.683 01:26:42
5.108 469.561 2380.976 01:26:43
5.108 468.854 2384.878 01:26:44
5.104 468.756 2451.220 01:26:45
5.092 518.244 2644.878 01:26:46
5.104 469.146 2395.122 01:26:47
5.108 468.366 2388.293 01:26:48
5.132 394.366 2005.366 01:26:49
5.076 552.244 2817.073 01:26:50
5.076 552.244 2802.927 01:26:51
