5.024 552.659 2807.805 03:10:52
5.024 682.927 3651.707 03:10:53
5.052 723.537 2937.073 03:10:54
5.076 552.244 2815.122 03:10:55
5.076 552.659 2801.463 03:10:56
5.116 427.268 2193.659 03:10:57
5.108 470.659 2389.756 03:10:58
5.088 515.951 2620.488 03:10:59
5.108 467.659 2382.439 03:11:00
5.092 518.561 2629.268 03:11:01
5.088 518.244 2638.049 03:11:02
5.088 523.341 2653.659 03:11:03
5.080 555.854 2729.268 03:11:04
5.068 565.244 2646.341 03:11:05
5.060 621.049 2907.805 03:11:06
5.088 513.854 2618.049 03:11:07
5.088 501.951 2594.146 03:11:08
5.088 514.049 2626.341 03:11:09
5.076 562.951 2850.244 03:11:10
5.064 541.951 2757.561 03:11:11
5.088 513.951 2612.683 03:11:12
5.076 563.049 2885.366 03:11:13
5.088 525.659 2636.585 03:11:14
5.084 590.634 2816.585 03:11:15
5.044 623.732 2882.927 03:11:16
5.076 564.049 3133.171 03:11:17
5.092 513.659 2628.780 03:11:18
5.064 549.854 3231.220 03:11:19
5.092 526.756 2557.561 03:11:20
5.088 516.561 2616.585 03:11:21
5.104 470.854 2400.000 03:11:22
5.104 470.049 2383.902 03:11:23
5.092 514.146 2612.683 03:11:24
5.080 537.244 2770.244 03:11:25
5.092 514.756 2611.220 03:11:26
5.088 516.244 2616.585 03:11:27
5.096 489.951 2499.024 03:11:28
5.080 551.049 3038.049 03:11:29
5.076 585.049 2909.268 03:11:30
5.088 517.756 2629.268 03:11:31
5.076 534.341 2678.049 03:11:33
5.088 516.561 2624.878 03:11:34
5.088 520.244 3153.171 03:11:35
5.088 514.659 2621.463 03:11:36
5.084 515.854 2633.659 03:11:37
5.076 513.659 2629.268 03:11:38
5.084 534.659 2636.585 03:11:39
5.088 517.756 2631.220 03:11:40
5.072 578.439 2689.268 03:11:41
5.056 622.244 3149.756 03:11:42
5.084 577.341 2925.854 03:11:43
5.088 526.439 2717.561 03:11:44
5.084 515.854 2620.000 03:11:45
5.068 615.341 3193.659 03:11:46
5.088 525.146 2869.268 03:11:47
5.076 576.244 2793.171 03:11:48
5.092 513.341 2610.244 03:11:49
5.092 521.341 2925.854 03:11:50
5.092 519.439 2638.049 03:11:51
5.056 635.634 3231.220 03:11:52
5.076 557.659 2875.610 03:11:53
5.076 541.049 2753.171 03:11:54
5.080 543.341 2821.463 03:11:55
5.088 516.049 2620.000 03:11:56
5.088 515.561 2622.927 03:11:57
5.092 518.561 2618.049 03:11:58
5.084 517.341 2646.829 03:11:59
5.052 544.146 2919.512 03:12:00
5.084 523.659 2880.488 03:12:01
5.096 522.854 2605.366 03:12:02
5.080 578.146 2841.463 03:12:03
5.096 503.659 2561.463 03:12:04
5.104 466.561 2387.317 03:12:05
5.108 467.659 2385.854 03:12:06
5.108 466.854 2388.780 03:12:07
5.108 468.244 2386.341 03:12:08
5.108 467.244 2383.415 03:12:09
5.108 466.854 2381.951 03:12:10
5.112 467.561 2388.293 03:12:11
5.028 705.634 3675.122 03:12:12
5.076 551.951 2801.951 03:12:13
5.076 552.634 2803.902 03:12:14
