5.012 735.634 3665.854 01:56:45
5.024 694.634 3483.902 01:56:46
5.076 552.049 2801.951 01:56:47
5.076 554.146 2814.146 01:56:48
5.104 477.463 2432.683 01:56:49
5.132 391.854 2010.732 01:56:50
5.120 426.951 2189.756 01:56:51
5.132 392.073 2011.707 01:56:52
5.088 516.756 2631.707 01:56:53
5.108 467.244 2386.341 01:56:54
5.080 588.951 3033.171 01:56:55
5.108 466.756 2388.293 01:56:56
5.092 513.341 2613.659 01:56:57
5.096 520.146 2652.683 01:56:58
5.084 493.854 2518.537 01:57:00
5.060 579.951 2755.122 01:57:01
5.092 517.561 2631.707 01:57:02
5.076 552.756 2803.902 01:57:03
5.108 473.951 2385.854 01:57:04
5.092 516.756 2643.902 01:57:05
5.092 512.951 2612.683 01:57:06
5.088 515.146 2628.780 01:57:07
5.088 520.756 2643.902 01:57:08
5.060 591.537 2632.683 01:57:09
5.076 561.951 3210.732 01:57:10
5.084 550.756 2866.829 01:57:11
5.088 515.146 2626.341 01:57:12
5.088 514.146 2628.780 01:57:13
5.060 594.244 2982.927 01:57:14
5.088 517.439 2636.098 01:57:15
5.088 521.341 2634.146 01:57:16
5.064 591.951 3188.780 01:57:17
5.088 516.146 2631.220 01:57:18
5.088 517.049 2627.805 01:57:19
5.092 515.439 2624.878 01:57:20
5.092 523.146 2616.098 01:57:21
5.108 467.463 2388.780 01:57:22
5.092 523.561 3085.854 01:57:23
5.088 516.439 2640.000 01:57:24
5.076 549.244 2790.244 01:57:25
5.092 517.756 2621.463 01:57:26
5.104 469.756 2417.073 01:57:27
5.092 516.341 2631.220 01:57:28
5.104 478.659 2440.976 01:57:29
5.096 488.146 2494.634 01:57:30
5.116 443.951 2261.951 01:57:31
5.016 723.634 3702.927 01:57:32
5.076 553.439 2810.732 01:57:33
