5.088 526.756 2669.268 03:42:31
4.976 831.512 4285.854 03:42:32
5.076 556.049 2811.707 03:42:33
5.076 552.537 2818.537 03:42:34
5.076 560.244 2813.659 03:42:35
5.096 469.561 2410.732 03:42:36
5.108 471.463 2399.024 03:42:37
5.108 469.561 2396.098 03:42:38
5.092 503.366 2560.976 03:42:39
5.108 466.732 2388.293 03:42:40
5.108 489.463 2934.634 03:42:41
5.100 469.171 2624.390 03:42:42
5.108 466.976 2388.293 03:42:43
5.088 536.146 2636.098 03:42:44
5.088 534.634 2631.220 03:42:45
5.088 518.341 2637.073 03:42:46
5.088 523.561 2664.390 03:42:47
5.088 517.561 2634.146 03:42:48
5.088 516.634 2636.098 03:42:49
5.080 553.171 2811.707 03:42:50
5.088 500.976 2543.415 03:42:51
5.068 552.049 2712.195 03:42:52
5.080 562.244 3037.073 03:42:53
5.108 468.244 2381.463 03:42:54
5.088 514.537 2674.146 03:42:55
5.088 515.951 2843.902 03:42:56
5.092 515.561 2618.537 03:42:57
5.088 515.951 2619.512 03:42:58
5.088 516.829 2632.195 03:42:59
5.092 518.927 2681.951 03:43:00
5.056 565.268 2864.390 03:43:01
5.068 574.439 2917.073 03:43:02
5.076 575.024 2778.537 03:43:03
5.068 616.537 2959.024 03:43:04
5.080 544.146 3051.707 03:43:05
5.080 539.659 2791.220 03:43:06
5.084 553.268 2886.829 03:43:07
5.088 516.244 2613.659 03:43:08
5.084 581.756 2881.951 03:43:09
5.084 535.268 2751.220 03:43:10
5.056 568.146 2902.439 03:43:11
5.076 552.049 2800.976 03:43:12
5.076 577.024 2801.951 03:43:13
5.084 570.537 2822.439 03:43:14
5.052 601.024 3094.634 03:43:15
5.052 636.537 3112.195 03:43:16
5.088 528.341 3074.146 03:43:17
5.084 518.537 2689.756 03:43:18
5.080 542.049 2763.902 03:43:19
5.092 515.659 2634.146 03:43:20
5.092 514.146 2618.537 03:43:21
5.092 517.659 2896.585 03:43:22
5.080 549.268 2791.220 03:43:23
5.084 528.341 2624.390 03:43:24
5.088 518.146 2632.195 03:43:25
5.032 630.146 2862.439 03:43:26
5.072 560.439 2784.390 03:43:27
5.100 489.951 2508.293 03:43:28
5.080 577.268 2879.024 03:43:29
5.100 489.463 2498.537 03:43:30
5.076 578.634 3154.146 03:43:31
5.072 545.561 2764.878 03:43:32
5.088 513.951 2611.707 03:43:33
5.076 565.561 2808.780 03:43:34
5.092 516.537 2618.537 03:43:35
5.056 521.659 2693.659 03:43:36
5.088 517.854 2648.780 03:43:37
5.076 641.220 2784.390 03:43:38
5.108 467.951 2389.268 03:43:39
5.064 580.927 3043.902 03:43:40
5.056 599.951 2917.073 03:43:41
5.092 516.439 3083.902 03:43:42
5.092 514.049 2611.707 03:43:44
5.076 525.951 2639.024 03:43:45
5.080 553.756 2799.024 03:43:46
5.064 515.561 2632.195 03:43:47
5.092 514.146 2616.585 03:43:48
5.072 515.659 2623.415 03:43:49
5.080 556.244 2791.220 03:43:50
5.076 548.634 2761.951 03:43:51
5.092 520.537 2654.634 03:43:52
5.108 468.537 2385.366 03:43:53
5.088 517.951 2641.951 03:43:54
5.108 467.073 2423.415 03:43:55
5.108 468.439 2385.366 03:43:56
5.096 501.463 2563.902 03:43:57
5.004 697.756 3560.000 03:43:58
5.080 549.854 2799.024 03:43:59
5.080 550.537 2809.756 03:44:00
