5.076 554.537 2810.244 01:36:11
5.032 695.439 3447.805 01:36:12
5.076 553.244 2860.488 01:36:13
5.072 555.146 2826.829 01:36:14
5.076 553.244 2820.488 01:36:15
5.072 547.951 2817.073 01:36:16
5.104 468.463 2392.195 01:36:17
5.088 511.244 2605.366 01:36:18
5.088 515.244 2660.488 01:36:19
5.076 550.537 2802.927 01:36:20
5.108 467.756 2399.512 01:36:21
5.092 516.341 2637.561 01:36:22
5.088 514.049 2632.683 01:36:23
5.088 518.756 2643.902 01:36:24
5.088 517.244 2706.829 01:36:25
5.088 519.244 2635.122 01:36:26
5.092 518.439 2652.683 01:36:27
5.088 514.756 2620.488 01:36:28
5.104 478.561 2443.902 01:36:29
5.096 492.659 2503.902 01:36:30
5.072 593.146 2984.390 01:36:31
5.076 514.854 2616.098 01:36:32
5.088 563.634 2904.390 01:36:33
5.088 517.439 2622.927 01:36:34
5.092 519.341 2623.902 01:36:35
5.088 518.756 2636.098 01:36:36
5.088 523.341 2699.024 01:36:37
5.076 573.951 2895.610 01:36:38
5.080 569.049 2849.268 01:36:39
5.072 582.439 2909.268 01:36:40
5.072 566.951 2934.634 01:36:41
5.044 630.537 3012.195 01:36:42
5.108 475.049 2584.878 01:36:43
5.072 540.439 2815.610 01:36:44
5.100 488.341 2515.122 01:36:45
5.088 513.756 2627.317 01:36:46
5.108 467.366 2403.902 01:36:47
5.108 468.756 2384.878 01:36:48
5.100 467.049 2388.293 01:36:49
5.076 555.439 2807.805 01:36:50
5.076 554.439 2813.171 01:36:51
5.076 553.537 2810.244 01:36:52
