5.076 552.854 2810.244 01:25:09
5.016 722.122 3617.561 01:25:10
5.076 552.854 2807.805 01:25:11
5.080 552.659 2804.390 01:25:12
5.104 477.049 2422.439 01:25:13
5.088 515.146 2631.220 01:25:14
5.088 519.756 2615.122 01:25:15
5.092 514.146 2611.707 01:25:16
5.104 465.146 2375.122 01:25:17
5.092 515.659 2625.366 01:25:18
5.108 465.756 2381.951 01:25:19
5.088 514.951 2619.024 01:25:20
5.076 548.951 2789.268 01:25:21
5.064 618.146 3138.537 01:25:22
5.080 469.366 2388.780 01:25:23
5.108 467.463 2376.098 01:25:24
5.104 465.366 2380.976 01:25:25
5.104 466.463 2453.659 01:25:26
5.108 465.756 2388.293 01:25:27
5.084 467.146 2383.902 01:25:28
5.120 430.049 2429.756 01:25:29
5.116 440.146 2258.049 01:25:30
5.116 515.659 2449.756 01:25:31
5.060 561.537 2573.659 01:25:32
5.068 586.049 2880.488 01:25:33
5.108 553.146 2481.463 01:25:34
5.092 514.439 2627.317 01:25:35
5.088 517.659 2631.707 01:25:36
5.092 515.341 2622.439 01:25:37
5.088 513.341 2617.561 01:25:38
5.068 522.439 2692.683 01:25:39
5.092 514.756 2620.000 01:25:40
5.108 469.146 2416.098 01:25:41
5.108 467.049 2379.512 01:25:42
5.000 766.732 3814.146 01:25:43
5.076 553.537 2810.244 01:25:44
