5.016 733.537 3667.805 03:00:18
5.024 693.927 3471.707 03:00:19
5.076 551.951 2817.073 03:00:20
5.076 551.341 2804.390 03:00:21
5.104 476.146 2427.317 03:00:22
5.104 468.049 2746.341 03:00:23
5.104 470.244 2399.512 03:00:24
5.108 469.854 2393.659 03:00:25
5.108 467.244 2382.439 03:00:26
5.104 471.146 2394.634 03:00:27
5.076 571.854 2936.585 03:00:28
5.084 490.854 2503.902 03:00:29
5.100 489.659 2496.098 03:00:30
5.116 442.756 2265.854 03:00:31
5.076 583.244 2799.024 03:00:32
5.088 519.756 2634.146 03:00:33
5.072 561.146 2736.585 03:00:34
5.092 524.049 2623.902 03:00:35
5.060 600.951 3076.098 03:00:36
5.056 595.951 2619.024 03:00:37
5.088 581.146 2631.707 03:00:38
5.092 513.951 2617.561 03:00:39
5.068 598.439 2980.488 03:00:40
5.056 563.537 3156.098 03:00:41
5.104 518.244 2496.585 03:00:42
5.076 557.439 2756.585 03:00:43
5.108 476.659 2382.439 03:00:44
5.076 520.244 2892.195 03:00:45
5.088 513.341 2625.366 03:00:46
5.092 516.854 2631.220 03:00:47
5.108 470.561 2388.780 03:00:48
5.052 585.951 3011.707 03:00:49
5.084 512.244 2640.488 03:00:50
5.088 514.659 2612.683 03:00:51
5.088 525.049 3105.854 03:00:52
5.088 519.951 2645.366 03:00:53
5.080 539.537 2798.049 03:00:54
5.088 536.244 2853.171 03:00:55
5.092 516.854 2624.878 03:00:56
5.080 545.146 3300.000 03:00:57
5.064 577.049 2950.732 03:00:58
5.080 668.927 3041.951 03:00:59
5.036 617.049 3098.537 03:01:00
5.084 581.854 3051.707 03:01:01
5.072 557.537 2960.976 03:01:02
5.080 594.951 3013.171 03:01:03
5.108 473.854 2395.122 03:01:04
5.060 553.659 2934.146 03:01:05
5.080 515.854 2640.488 03:01:06
5.068 564.439 2864.390 03:01:07
5.072 560.951 2911.707 03:01:08
5.068 615.634 3228.780 03:01:09
5.080 554.951 2760.488 03:01:10
5.088 520.439 2631.220 03:01:11
5.088 518.439 2631.220 03:01:12
5.076 527.561 2700.488 03:01:13
5.088 516.244 2625.366 03:01:14
5.092 514.659 2618.049 03:01:15
5.092 514.341 2610.244 03:01:16
5.108 467.146 2383.415 03:01:17
5.072 513.049 2617.561 03:01:18
5.092 514.146 2618.049 03:01:19
5.088 515.146 2629.268 03:01:20
5.092 539.146 2645.366 03:01:21
5.088 518.561 2636.585 03:01:22
5.092 580.634 2895.610 03:01:23
5.096 570.146 2945.854 03:01:24
5.088 522.951 2641.463 03:01:25
5.092 508.049 2503.902 03:01:26
5.088 514.561 2612.683 03:01:27
4.972 733.951 3673.171 03:01:28
5.088 515.854 3928.780 03:01:29
5.084 528.439 2688.780 03:01:30
