5.072 557.659 2823.902 02:35:27
5.048 554.951 2828.293 02:35:28
5.076 556.146 2825.854 02:35:29
5.084 528.951 2693.659 02:35:30
5.080 529.951 2694.146 02:35:31
5.108 469.854 2403.415 02:35:32
5.104 467.561 2383.415 02:35:33
5.104 469.659 2397.561 02:35:34
5.108 469.561 2400.976 02:35:35
5.108 472.854 2397.073 02:35:36
5.088 514.049 2616.585 02:35:37
5.088 516.951 2643.902 02:35:38
5.056 518.146 2854.146 02:35:39
5.092 518.146 2635.122 02:35:40
5.084 518.854 2639.024 02:35:41
5.088 518.341 2632.683 02:35:42
5.076 540.854 2753.171 02:35:43
5.068 574.244 2913.171 02:35:44
5.080 588.951 3009.756 02:35:45
5.068 619.341 2819.512 02:35:46
5.076 615.049 2917.073 02:35:47
5.092 516.146 2623.902 02:35:48
5.104 467.244 2384.878 02:35:49
5.072 554.049 2801.951 02:35:50
5.064 554.659 2885.366 02:35:51
5.088 519.341 2634.146 02:35:52
5.088 581.634 2645.366 02:35:53
5.076 552.244 2781.951 02:35:54
5.088 515.854 2619.024 02:35:55
5.088 540.244 2631.707 02:35:56
5.092 518.561 2642.927 02:35:57
5.072 556.854 2921.951 02:35:58
5.088 523.146 2648.780 02:35:59
5.088 568.439 2904.390 02:36:00
5.088 523.854 2660.488 02:36:01
5.084 522.341 2621.463 02:36:02
5.076 553.854 2732.683 02:36:03
5.088 520.439 2635.122 02:36:04
5.068 547.244 2762.927 02:36:05
5.076 568.049 2642.439 02:36:06
5.072 522.146 2824.390 02:36:07
5.088 527.244 2616.098 02:36:08
5.088 544.854 2857.073 02:36:09
5.092 517.439 2632.683 02:36:10
5.092 519.439 2636.585 02:36:11
5.088 523.244 2635.122 02:36:12
5.092 517.756 2638.049 02:36:13
5.088 521.439 2649.268 02:36:14
5.072 541.951 2627.805 02:36:15
5.072 572.756 2999.512 02:36:16
5.084 520.146 2653.659 02:36:17
5.088 518.341 2631.707 02:36:18
5.088 522.659 2890.732 02:36:19
5.088 515.756 2621.463 02:36:20
5.088 514.756 2621.463 02:36:21
5.084 514.341 2627.317 02:36:22
5.088 516.341 2633.659 02:36:23
5.088 514.341 2620.000 02:36:24
5.092 514.146 2616.585 02:36:25
5.092 515.341 2630.244 02:36:26
5.104 489.341 2386.341 02:36:27
5.112 444.049 2261.951 02:36:28
5.092 502.854 2525.366 02:36:29
5.112 443.951 2262.439 02:36:30
5.088 520.951 2635.122 02:36:31
5.108 467.146 2397.561 02:36:32
5.092 517.049 2625.366 02:36:34
5.016 729.439 3671.707 02:36:35
5.076 554.854 2821.463 02:36:36
5.076 554.537 2815.122 02:36:37
