5.016 730.927 3685.366 03:23:20
4.976 865.805 4113.171 03:23:21
5.080 553.268 2814.634 03:23:22
5.052 593.561 2969.756 03:23:23
5.104 477.171 2434.146 03:23:24
5.132 392.976 2013.659 03:23:25
5.088 480.146 2403.902 03:23:26
5.104 466.976 2383.415 03:23:27
5.108 466.976 2385.366 03:23:28
5.112 446.634 2280.976 03:23:29
5.116 444.976 2273.171 03:23:30
5.096 488.244 2496.585 03:23:31
5.108 466.976 2786.341 03:23:32
5.076 556.146 2754.146 03:23:33
5.088 521.171 2624.390 03:23:34
5.104 519.561 2588.293 03:23:35
5.072 548.732 2837.073 03:23:36
5.108 467.463 2394.146 03:23:37
5.088 515.561 2618.537 03:23:38
5.088 515.463 2621.463 03:23:39
5.092 515.854 2610.732 03:23:40
5.092 516.732 2631.220 03:23:41
5.108 469.171 2396.098 03:23:42
5.088 518.049 2636.098 03:23:43
5.072 564.634 2917.073 03:23:44
5.072 577.951 2884.878 03:23:45
5.064 572.732 2637.073 03:23:46
5.068 524.244 2756.098 03:23:47
5.088 521.268 2621.463 03:23:48
5.076 548.829 2909.268 03:23:49
5.068 601.463 3032.195 03:23:50
5.080 639.659 3513.171 03:23:51
5.060 581.122 3056.585 03:23:52
5.068 607.756 3136.585 03:23:53
5.092 514.927 2626.341 03:23:54
5.052 554.244 2744.390 03:23:55
5.088 586.049 2637.073 03:23:56
5.084 517.463 2659.512 03:23:57
5.088 515.366 2621.463 03:23:58
5.072 549.659 2797.073 03:23:59
5.088 517.073 2629.268 03:24:00
5.076 547.463 2763.902 03:24:01
5.080 637.024 3214.634 03:24:02
5.064 672.732 2864.390 03:24:03
5.076 573.854 2849.756 03:24:04
5.076 575.268 2972.683 03:24:05
5.080 648.732 3200.000 03:24:06
5.072 540.927 2841.951 03:24:07
5.072 562.439 2704.390 03:24:08
5.048 530.146 2968.780 03:24:09
5.076 547.268 2907.317 03:24:10
5.076 559.951 2949.268 03:24:11
5.072 560.341 2877.073 03:24:12
5.052 566.244 2915.122 03:24:13
5.088 521.561 2658.537 03:24:14
5.084 546.732 2880.000 03:24:15
5.080 557.756 2800.976 03:24:16
5.076 556.537 2866.341 03:24:17
5.036 597.854 3104.390 03:24:18
5.088 515.561 2623.415 03:24:19
5.060 615.756 3185.366 03:24:20
5.092 516.146 2640.976 03:24:21
5.092 512.927 2613.659 03:24:22
5.088 513.463 2676.098 03:24:23
5.088 513.463 2763.902 03:24:24
5.088 518.634 2636.098 03:24:25
5.068 573.854 2937.561 03:24:26
5.064 587.951 2966.829 03:24:27
5.088 521.951 2646.829 03:24:28
5.120 434.049 2208.780 03:24:29
5.108 466.878 2388.293 03:24:30
5.100 492.341 2503.415 03:24:31
5.068 516.732 2619.512 03:24:32
5.092 522.049 2628.293 03:24:33
5.088 514.634 2619.512 03:24:34
5.084 517.561 2637.073 03:24:35
5.088 516.829 2614.634 03:24:36
5.088 515.659 2641.951 03:24:37
5.108 466.049 2389.268 03:24:38
5.088 468.976 2410.732 03:24:39
5.100 536.146 2669.268 03:24:40
5.104 467.268 2385.366 03:24:41
5.104 468.244 2389.268 03:24:42
5.016 736.146 3671.220 03:24:43
5.076 559.171 2826.341 03:24:44
