5.016 736.439 3699.024 01:39:39
5.032 703.732 3539.024 01:39:40
5.072 558.439 2821.463 01:39:41
5.076 552.854 2815.610 01:39:42
5.100 477.951 2436.098 01:39:43
5.116 440.561 2256.098 01:39:44
5.088 536.854 2631.707 01:39:45
5.104 467.561 2388.780 01:39:46
5.076 550.951 2795.122 01:39:47
5.104 475.463 2389.756 01:39:48
5.096 497.244 2560.976 01:39:49
5.084 584.951 2921.951 01:39:50
5.088 469.659 2560.976 01:39:51
5.108 467.659 2385.854 01:39:52
5.108 517.244 2401.463 01:39:53
5.092 468.951 2389.756 01:39:54
5.092 515.659 2622.439 01:39:55
5.072 581.756 2634.146 01:39:56
5.088 517.756 2655.610 01:39:57
5.080 552.854 2797.073 01:39:58
5.088 520.244 2646.341 01:39:59
5.088 520.659 3122.439 01:40:00
5.088 515.659 2649.268 01:40:01
5.092 526.951 2627.317 01:40:02
5.080 535.561 2759.024 01:40:03
5.088 516.146 2656.585 01:40:04
5.108 467.659 2383.415 01:40:05
5.092 516.561 2640.000 01:40:06
5.108 466.463 2383.902 01:40:07
5.088 515.854 2617.561 01:40:08
5.076 549.439 2789.268 01:40:09
5.080 544.659 2769.268 01:40:10
5.092 514.951 2640.488 01:40:11
5.088 519.049 2632.683 01:40:12
5.088 514.244 2627.317 01:40:13
5.088 514.439 2636.585 01:40:14
5.084 524.439 2660.000 01:40:15
5.108 467.561 2397.073 01:40:16
5.108 467.951 2400.000 01:40:17
5.108 468.049 2392.195 01:40:18
5.108 466.854 2386.341 01:40:19
5.092 503.049 2562.927 01:40:20
5.108 467.756 2396.098 01:40:21
5.104 467.366 2400.000 01:40:22
5.076 554.537 2808.293 01:40:23
5.076 554.049 2838.049 01:40:24
5.076 554.146 2815.122 01:40:25
