5.016 725.122 3628.293 03:12:41
5.028 682.439 3526.829 03:12:42
5.076 552.659 2813.171 03:12:43
5.076 553.951 2815.122 03:12:44
5.076 554.951 2817.073 03:12:45
5.088 514.659 2614.146 03:12:46
5.136 394.951 2027.805 03:12:47
5.108 469.146 2384.878 03:12:48
5.092 514.659 2623.902 03:12:49
5.088 513.561 2618.049 03:12:50
5.104 467.366 2391.220 03:12:51
5.092 513.146 2611.220 03:12:52
5.108 471.366 2730.244 03:12:53
5.088 474.951 2678.049 03:12:54
5.088 558.244 2846.829 03:12:55
5.072 587.244 2835.610 03:12:56
5.060 520.439 2642.439 03:12:57
5.080 564.634 2787.805 03:12:58
5.088 515.146 2620.000 03:12:59
5.088 516.756 2639.024 03:13:00
5.088 519.561 2672.683 03:13:01
5.088 515.244 2627.317 03:13:02
5.080 576.537 2917.073 03:13:03
5.076 526.756 2716.585 03:13:04
5.072 642.244 3130.732 03:13:05
5.092 524.756 3064.390 03:13:06
5.076 547.049 2771.707 03:13:07
5.088 543.951 2970.732 03:13:08
5.064 609.537 2691.707 03:13:09
5.072 576.049 2848.293 03:13:10
5.076 548.146 3073.659 03:13:11
5.040 600.439 3253.659 03:13:12
5.088 520.439 2692.683 03:13:13
5.092 517.659 2635.122 03:13:14
5.072 545.439 2958.049 03:13:15
5.088 586.951 2946.829 03:13:16
5.056 633.634 3177.561 03:13:17
5.048 647.634 3170.732 03:13:18
5.068 571.049 2686.829 03:13:19
5.088 517.244 2628.780 03:13:20
5.072 601.854 2635.122 03:13:21
5.088 516.561 2675.610 03:13:22
5.052 553.659 2808.293 03:13:23
5.080 568.341 2818.049 03:13:24
5.052 681.634 2761.463 03:13:25
5.080 607.634 2865.854 03:13:26
5.076 528.049 2669.268 03:13:27
5.080 582.049 2939.512 03:13:28
5.104 479.854 2450.244 03:13:29
5.100 535.439 2791.707 03:13:30
5.048 603.146 2819.512 03:13:31
5.080 569.341 2818.049 03:13:32
5.064 592.439 2874.146 03:13:33
5.080 557.537 2790.732 03:13:34
5.088 513.341 2620.000 03:13:35
5.084 513.854 2637.561 03:13:36
5.088 519.244 2647.805 03:13:37
5.088 520.659 2819.024 03:13:39
5.088 521.146 2659.024 03:13:40
5.076 609.439 3291.220 03:13:41
5.056 688.537 3214.634 03:13:42
5.064 587.439 3225.854 03:13:43
5.092 514.756 2616.098 03:13:44
5.092 517.756 2621.463 03:13:45
5.092 516.439 2635.122 03:13:46
5.092 513.659 2614.146 03:13:47
5.088 513.756 2616.098 03:13:48
5.092 515.854 2615.122 03:13:49
5.104 472.244 2400.976 03:13:50
5.092 513.561 2629.268 03:13:51
5.108 467.049 2396.098 03:13:52
5.108 469.244 2384.878 03:13:53
5.108 466.561 2379.512 03:13:54
5.108 499.659 2877.073 03:13:55
5.012 733.341 3756.585 03:13:56
5.076 552.146 2806.829 03:13:57
