5.000 762.927 3835.610 01:46:45
5.020 715.829 3515.122 01:46:46
5.068 575.756 2918.049 01:46:47
5.080 551.951 2803.902 01:46:48
5.104 479.146 2435.122 01:46:49
5.136 392.659 2018.049 01:46:50
5.108 467.561 2398.537 01:46:51
5.092 513.439 2616.585 01:46:52
5.108 467.366 2387.317 01:46:53
5.104 469.463 2385.854 01:46:54
5.072 467.561 2388.780 01:46:55
5.096 502.244 2556.098 01:46:56
5.088 513.561 2618.049 01:46:57
5.108 466.854 2387.317 01:46:58
5.088 564.951 2623.902 01:46:59
5.092 513.439 2620.488 01:47:00
5.092 514.659 2617.561 01:47:01
5.088 514.854 2623.902 01:47:02
5.084 519.756 2657.561 01:47:03
5.092 518.244 2623.902 01:47:04
5.088 527.049 2618.049 01:47:05
5.088 515.951 2641.463 01:47:06
5.068 563.146 2806.829 01:47:07
5.088 515.146 2625.366 01:47:08
5.076 549.439 2845.854 01:47:09
5.072 565.634 2815.122 01:47:10
5.064 670.829 3339.024 01:47:11
5.088 539.854 2789.268 01:47:12
5.076 553.854 2972.195 01:47:13
5.076 562.439 2832.683 01:47:14
5.088 524.561 3026.829 01:47:15
5.108 467.146 2383.415 01:47:16
5.092 514.756 2615.122 01:47:17
5.076 552.244 2798.049 01:47:18
5.092 515.439 2629.268 01:47:19
5.092 513.244 2616.585 01:47:20
5.104 467.463 2387.317 01:47:21
5.108 467.146 2387.317 01:47:22
5.104 466.463 2382.439 01:47:23
5.076 551.951 2800.488 01:47:25
5.076 552.049 2801.951 01:47:26
