5.012 738.341 3700.488 03:07:19
4.960 690.634 3442.927 03:07:20
5.076 555.268 2818.537 03:07:21
5.076 556.341 2861.463 03:07:22
5.104 481.561 2448.780 03:07:23
5.132 395.171 2030.244 03:07:24
5.080 550.537 2752.195 03:07:25
5.104 472.049 2381.463 03:07:26
5.104 468.439 2388.293 03:07:27
5.092 520.732 2623.415 03:07:28
5.120 432.439 2202.927 03:07:29
5.112 453.171 2274.146 03:07:30
5.112 446.878 2278.049 03:07:31
5.072 513.951 2618.537 03:07:32
5.064 530.829 2613.659 03:07:33
5.088 523.463 2889.756 03:07:34
5.108 569.268 2438.049 03:07:35
5.108 467.171 2394.146 03:07:36
5.104 466.976 2385.366 03:07:37
5.108 467.463 2381.463 03:07:38
5.092 520.439 2383.415 03:07:39
5.100 468.878 2389.268 03:07:40
5.092 513.366 2666.341 03:07:41
5.088 518.244 3074.146 03:07:42
5.088 521.659 2651.707 03:07:43
5.072 550.341 2832.195 03:07:44
5.048 606.732 2951.220 03:07:45
5.080 556.634 2808.780 03:07:46
5.080 588.634 2761.951 03:07:47
5.076 543.756 2821.463 03:07:48
5.072 581.463 3006.829 03:07:49
5.068 558.732 2818.537 03:07:50
5.080 520.732 2641.951 03:07:51
5.088 515.366 2624.390 03:07:52
5.084 595.854 3155.122 03:07:53
5.088 516.244 2619.512 03:07:54
5.068 600.439 2814.634 03:07:55
5.088 518.439 2641.951 03:07:56
5.040 649.220 3012.683 03:07:57
5.088 515.659 2621.463 03:07:58
5.076 699.951 3414.634 03:07:59
5.080 551.854 2914.146 03:08:00
5.072 550.537 2856.585 03:08:01
5.056 547.366 3172.683 03:08:02
5.092 519.366 2643.902 03:08:03
5.092 515.171 2623.415 03:08:04
5.088 519.854 2703.415 03:08:05
5.092 516.537 2623.415 03:08:06
5.068 588.244 2926.829 03:08:07
5.088 533.073 2834.146 03:08:08
5.104 515.366 2601.951 03:08:09
5.052 592.732 3105.366 03:08:10
5.092 520.537 2393.171 03:08:11
5.088 519.171 2646.829 03:08:12
5.088 516.049 2621.463 03:08:13
5.088 517.854 2646.829 03:08:14
5.092 520.439 2634.146 03:08:15
5.088 523.659 2659.512 03:08:16
5.056 518.146 2819.512 03:08:17
5.068 560.634 2769.756 03:08:18
5.080 577.659 3035.122 03:08:19
5.080 546.439 3070.244 03:08:20
5.068 546.146 2854.634 03:08:21
5.080 542.146 2703.415 03:08:22
5.088 514.146 2621.463 03:08:23
5.088 554.439 2783.415 03:08:24
5.096 522.537 2399.024 03:08:25
5.104 468.049 2559.024 03:08:26
5.080 523.268 2621.463 03:08:27
5.116 443.171 2271.220 03:08:28
5.004 478.244 2440.976 03:08:29
5.092 467.951 2443.902 03:08:30
5.088 518.146 2626.341 03:08:31
5.064 563.171 2848.780 03:08:32
5.072 628.244 2886.829 03:08:33
5.108 466.878 2391.220 03:08:34
5.104 471.268 2393.171 03:08:36
5.012 736.732 3700.488 03:08:37
5.076 554.732 2804.878 03:08:38
5.076 554.341 2816.585 03:08:39
