5.016 728.537 3651.707 03:33:00
5.024 686.146 3442.927 03:33:01
5.080 553.049 2806.341 03:33:02
5.076 554.537 2813.171 03:33:03
5.100 476.244 2435.122 03:33:04
5.132 394.463 2010.244 03:33:05
5.072 540.951 2736.585 03:33:06
5.104 474.366 2413.659 03:33:07
5.076 562.439 2775.122 03:33:08
5.096 502.146 2566.341 03:33:09
5.092 514.341 2616.098 03:33:10
5.108 466.146 2381.951 03:33:11
5.088 514.756 2620.000 03:33:12
5.088 516.659 2642.927 03:33:13
5.104 465.854 2379.512 03:33:14
5.092 513.146 2620.000 03:33:15
5.108 466.659 2384.878 03:33:16
5.088 513.561 2847.805 03:33:17
5.092 512.951 2616.098 03:33:18
5.088 565.244 2972.195 03:33:19
5.080 549.341 2794.146 03:33:20
5.072 516.439 2628.780 03:33:21
5.088 513.756 2616.098 03:33:22
5.056 641.829 3095.610 03:33:23
5.076 554.854 2799.024 03:33:24
5.088 521.756 2655.610 03:33:25
5.076 551.756 2802.927 03:33:26
5.076 553.439 2799.512 03:33:27
5.076 552.537 2820.488 03:33:28
5.088 525.951 3180.000 03:33:29
5.088 526.244 2689.268 03:33:30
5.088 524.854 2670.244 03:33:31
5.088 520.439 2925.854 03:33:32
5.088 517.659 2628.780 03:33:33
5.088 518.854 2668.780 03:33:34
5.088 517.439 2636.585 03:33:35
5.076 595.049 3226.341 03:33:36
5.088 520.439 2720.488 03:33:37
5.068 556.756 2802.927 03:33:38
5.088 512.951 2636.585 03:33:39
5.072 560.439 2885.366 03:33:40
5.068 577.244 2910.244 03:33:41
5.072 549.341 2632.683 03:33:42
5.092 516.049 2627.317 03:33:43
5.088 513.244 2865.366 03:33:44
5.088 515.659 2652.683 03:33:45
5.088 514.951 2623.902 03:33:46
5.088 515.854 2622.439 03:33:47
5.092 514.951 2631.220 03:33:48
5.068 585.634 2915.610 03:33:49
5.088 517.244 2637.561 03:33:50
5.072 602.439 3223.902 03:33:51
5.064 590.537 2755.610 03:33:52
5.080 608.854 3194.634 03:33:53
5.084 553.537 2766.341 03:33:54
5.076 566.951 2998.537 03:33:55
5.076 550.049 2793.171 03:33:56
5.076 564.634 2920.976 03:33:57
5.088 517.659 2636.585 03:33:58
5.064 591.244 3196.098 03:33:59
5.088 527.244 2669.268 03:34:00
5.088 556.049 2920.976 03:34:01
5.092 516.756 2631.707 03:34:02
5.072 551.537 2844.390 03:34:03
5.080 550.049 2891.707 03:34:04
5.076 563.439 2874.146 03:34:05
5.092 513.341 2623.902 03:34:06
5.064 558.244 2818.049 03:34:07
5.088 514.244 2608.780 03:34:08
5.108 466.659 2389.756 03:34:09
5.088 513.561 2615.122 03:34:10
5.052 577.854 2703.902 03:34:11
5.108 482.756 2381.951 03:34:12
5.108 466.756 2392.683 03:34:13
5.088 515.951 2656.585 03:34:14
5.108 469.561 2382.439 03:34:15
5.092 514.146 2621.463 03:34:16
5.108 466.244 2402.439 03:34:17
5.108 466.951 2384.878 03:34:18
5.108 467.146 2381.951 03:34:19
5.108 468.756 2381.951 03:34:20
5.088 515.244 2654.146 03:34:21
5.076 552.146 2812.683 03:34:22
5.076 550.951 2796.585 03:34:23
