5.016 739.829 3708.293 02:53:33
5.028 693.244 3480.000 02:53:34
5.076 555.146 2812.683 02:53:35
5.076 554.341 2821.463 02:53:36
5.072 554.439 2814.146 02:53:37
5.132 392.561 2014.146 02:53:38
5.108 471.366 2629.268 02:53:39
5.104 469.854 2388.293 02:53:40
5.108 467.366 2397.073 02:53:41
5.104 468.049 2392.683 02:53:42
5.108 466.951 2392.195 02:53:43
5.108 469.659 2392.683 02:53:44
5.108 471.659 2398.537 02:53:45
5.104 466.756 2382.439 02:53:46
5.088 610.854 2646.341 02:53:47
5.108 467.244 2388.293 02:53:48
5.092 528.659 2616.585 02:53:49
5.092 516.049 2629.268 02:53:50
5.088 520.951 2647.805 02:53:51
5.104 484.244 2466.341 02:53:52
5.092 513.561 2616.098 02:53:53
5.088 587.439 2623.902 02:53:54
5.088 514.951 2622.439 02:53:55
5.104 467.366 2380.000 02:53:56
5.080 551.439 2611.220 02:53:57
5.092 468.659 2383.902 02:53:58
5.088 514.951 2630.244 02:53:59
5.092 518.439 2621.463 02:54:00
5.068 517.756 2644.878 02:54:01
5.064 604.341 2974.146 02:54:02
5.104 467.561 2387.317 02:54:03
5.088 513.756 2646.341 02:54:04
5.088 516.146 2627.317 02:54:05
5.076 621.634 2792.683 02:54:06
5.072 559.341 2772.683 02:54:07
5.088 520.756 3002.927 02:54:08
5.092 515.756 2625.366 02:54:09
5.068 592.732 3032.195 02:54:10
5.088 518.756 2636.098 02:54:11
5.036 677.024 3024.390 02:54:12
5.068 562.146 2741.463 02:54:13
5.088 525.561 2918.049 02:54:14
5.088 517.854 2629.268 02:54:15
5.080 551.756 2751.707 02:54:16
5.088 537.951 2789.268 02:54:17
5.080 564.244 3003.415 02:54:18
5.088 521.659 2647.805 02:54:19
5.072 553.439 2984.390 02:54:20
5.072 654.341 2807.805 02:54:21
5.076 542.341 2784.390 02:54:22
5.068 570.951 2873.171 02:54:23
5.104 518.659 2660.000 02:54:24
5.072 544.659 2865.366 02:54:25
5.108 470.561 2398.537 02:54:26
5.092 518.146 3206.341 02:54:27
5.088 519.561 2640.000 02:54:28
5.064 567.537 2894.146 02:54:29
5.096 507.463 2509.756 02:54:30
5.096 497.049 2492.195 02:54:31
5.088 518.951 2815.610 02:54:32
5.072 549.439 2914.146 02:54:33
5.064 595.049 3337.561 02:54:34
5.080 546.049 2985.854 02:54:35
5.080 590.732 3000.488 02:54:36
5.108 519.244 2417.561 02:54:37
5.092 558.659 2622.439 02:54:38
5.104 469.049 2393.659 02:54:39
5.096 481.463 2384.878 02:54:40
5.104 471.146 2412.195 02:54:41
5.104 469.244 2401.463 02:54:42
5.104 469.146 2396.098 02:54:43
5.108 466.366 2388.780 02:54:44
5.112 469.366 2398.537 02:54:45
5.076 554.756 2813.171 02:54:46
5.076 554.341 2814.146 02:54:47
5.076 553.951 2823.902 02:54:48
