5.076 555.756 2807.805 02:49:54
5.028 683.146 3528.780 02:49:55
5.076 555.439 2819.024 02:49:56
5.076 553.659 2802.927 02:49:57
5.104 476.951 2443.902 02:49:58
5.108 467.561 2391.220 02:49:59
5.080 542.146 2735.122 02:50:00
5.092 516.341 2622.439 02:50:01
5.108 467.366 2398.537 02:50:02
5.108 467.049 2411.220 02:50:03
5.104 467.366 2384.878 02:50:04
5.092 519.049 2613.659 02:50:05
5.092 522.341 2619.024 02:50:06
5.108 467.561 2394.634 02:50:07
5.092 561.244 2631.707 02:50:08
5.108 468.561 2388.293 02:50:09
5.088 518.244 2895.610 02:50:10
5.092 514.854 2623.902 02:50:11
5.076 545.341 2734.146 02:50:12
5.108 467.366 2441.463 02:50:13
5.088 521.951 2640.488 02:50:14
5.104 527.341 2387.317 02:50:15
5.068 518.756 2680.000 02:50:16
5.092 516.146 2622.439 02:50:17
5.080 562.146 2876.585 02:50:18
5.088 521.244 2616.098 02:50:19
5.072 598.146 3176.098 02:50:20
5.076 549.537 2795.122 02:50:21
5.052 575.951 3078.537 02:50:22
5.088 572.146 2865.854 02:50:23
5.092 514.659 2620.488 02:50:24
5.088 513.756 2627.805 02:50:26
5.088 593.951 2951.707 02:50:27
5.080 638.951 3575.122 02:50:28
5.076 554.951 2905.366 02:50:29
5.080 536.439 2729.268 02:50:30
5.084 527.756 2691.220 02:50:31
5.076 554.341 2801.463 02:50:32
5.088 515.244 2872.683 02:50:33
5.084 516.659 2639.024 02:50:34
5.088 517.439 2646.829 02:50:35
5.076 550.049 2740.488 02:50:36
5.088 516.049 2644.878 02:50:37
5.068 539.439 2835.610 02:50:38
5.076 587.439 2999.512 02:50:39
5.080 574.244 3014.634 02:50:40
5.084 548.146 2868.293 02:50:41
5.092 551.756 3139.512 02:50:42
5.080 530.951 2709.268 02:50:43
5.088 514.951 2621.463 02:50:44
5.072 578.341 2627.805 02:50:45
5.088 515.561 2622.439 02:50:46
5.084 523.146 2649.268 02:50:47
5.080 594.146 2691.707 02:50:48
5.088 519.341 2715.610 02:50:49
5.068 567.634 2859.024 02:50:50
5.080 541.049 2780.488 02:50:51
5.088 516.049 2620.000 02:50:52
5.076 626.829 2677.561 02:50:53
5.104 469.756 2390.732 02:50:54
5.048 584.756 3080.488 02:50:55
5.080 497.854 2611.707 02:50:56
5.060 516.244 2627.805 02:50:57
5.076 550.756 2779.512 02:50:58
5.108 468.366 2384.878 02:50:59
5.108 467.463 2383.902 02:51:00
5.092 516.341 2623.902 02:51:01
5.088 515.561 2612.683 02:51:02
5.088 530.561 2641.463 02:51:03
5.108 467.561 2399.512 02:51:04
5.104 466.049 2390.732 02:51:05
5.108 467.146 2385.854 02:51:06
5.108 468.366 2386.341 02:51:07
5.104 468.756 2396.098 02:51:08
5.104 467.854 2383.902 02:51:09
5.088 517.341 2634.146 02:51:10
5.108 466.951 2393.659 02:51:11
5.012 736.732 3690.732 02:51:12
5.072 553.951 2810.732 02:51:13
5.080 557.244 2828.293 02:51:14
