5.016 734.439 3677.073 02:03:15
5.016 741.341 3667.805 02:03:16
5.076 554.537 2816.585 02:03:17
5.076 555.049 2813.171 02:03:18
5.088 478.951 2445.854 02:03:19
5.112 441.366 2257.073 02:03:20
5.104 467.146 2392.195 02:03:21
5.108 467.659 2390.732 02:03:22
5.108 468.244 2384.878 02:03:23
5.108 467.146 2399.512 02:03:24
5.092 570.146 2841.951 02:03:25
5.108 466.951 2399.512 02:03:26
5.072 537.756 2644.878 02:03:27
5.104 468.146 2388.293 02:03:28
5.104 479.463 2439.024 02:03:29
5.100 488.756 2497.561 02:03:30
5.076 584.146 2960.488 02:03:31
5.096 492.146 2528.780 02:03:32
5.088 608.341 2738.049 02:03:33
5.092 514.341 2613.659 02:03:34
5.092 514.146 2629.268 02:03:35
5.048 684.146 3041.951 02:03:36
5.068 567.439 2835.122 02:03:37
5.092 514.049 2622.439 02:03:38
5.088 516.049 2623.902 02:03:39
5.088 513.659 2616.098 02:03:40
5.088 517.146 2642.439 02:03:41
5.088 535.439 2636.585 02:03:42
5.092 513.439 2616.098 02:03:43
5.092 514.561 2675.610 02:03:44
5.092 532.146 2655.610 02:03:46
5.092 513.146 2845.854 02:03:47
5.088 520.854 2653.659 02:03:48
5.068 547.341 2770.732 02:03:49
5.064 517.951 2945.854 02:03:50
5.080 589.951 2795.122 02:03:51
5.076 583.049 2920.488 02:03:52
5.088 518.049 2652.683 02:03:53
5.088 518.049 2909.268 02:03:54
5.084 556.659 2885.366 02:03:55
5.092 518.146 2618.049 02:03:56
5.080 516.341 2643.902 02:03:57
5.056 530.049 2865.854 02:03:58
5.072 589.732 2931.707 02:03:59
5.076 546.049 2818.049 02:04:00
5.104 517.854 2684.390 02:04:01
5.108 465.659 2383.415 02:04:02
5.088 515.146 2616.585 02:04:03
5.092 513.341 2611.707 02:04:04
5.108 466.854 2387.317 02:04:05
5.104 466.756 2385.854 02:04:06
5.104 466.756 2382.439 02:04:07
5.092 514.439 2621.463 02:04:08
5.108 468.951 2384.878 02:04:09
5.104 466.659 2384.878 02:04:10
5.016 731.537 3663.902 02:04:11
5.076 554.049 2824.390 02:04:12
5.076 554.756 2817.073 02:04:13
