5.012 736.122 3681.463 02:01:53
5.020 703.829 3515.122 02:01:54
5.076 553.049 2802.927 02:01:56
5.076 555.244 2818.049 02:01:57
5.104 479.049 2430.244 02:01:58
5.136 395.171 2029.268 02:01:59
5.104 467.561 2397.561 02:02:00
5.108 468.146 2388.293 02:02:01
5.092 562.537 2801.951 02:02:02
5.108 468.756 2384.878 02:02:03
5.092 515.561 2646.829 02:02:04
5.104 467.146 2391.220 02:02:05
5.088 516.951 2627.317 02:02:06
5.076 511.561 2496.585 02:02:07
5.080 587.634 3155.610 02:02:08
5.056 517.439 2447.317 02:02:09
5.092 583.537 2642.927 02:02:10
5.104 518.854 2401.463 02:02:11
5.088 513.341 2612.683 02:02:12
5.076 550.049 2795.122 02:02:13
5.088 519.341 2627.317 02:02:14
5.088 515.854 2628.780 02:02:15
5.092 514.439 2931.707 02:02:16
5.092 516.756 2637.561 02:02:17
5.104 467.854 2387.317 02:02:18
5.080 544.439 2796.585 02:02:19
5.104 517.659 2386.341 02:02:20
5.088 518.049 2640.000 02:02:21
5.092 566.439 3004.878 02:02:22
5.068 574.854 2680.000 02:02:23
5.076 566.341 2646.829 02:02:24
5.076 546.146 2887.805 02:02:25
5.072 619.341 3296.098 02:02:26
5.088 518.659 2629.268 02:02:27
5.060 596.854 3129.756 02:02:28
5.104 481.659 2504.878 02:02:29
5.100 490.244 2512.683 02:02:30
5.104 478.244 2427.317 02:02:31
5.092 519.244 2778.049 02:02:32
5.104 466.756 2389.756 02:02:33
5.100 469.244 2397.561 02:02:34
5.088 514.341 2618.049 02:02:35
5.088 519.244 2636.585 02:02:36
5.088 536.341 2640.488 02:02:37
5.072 533.049 2760.488 02:02:38
5.092 515.049 2615.122 02:02:39
5.064 523.341 2657.561 02:02:40
5.104 466.659 2382.439 02:02:41
5.080 566.049 2759.512 02:02:42
5.088 536.244 2727.805 02:02:43
5.092 520.049 2633.659 02:02:44
5.092 515.659 2626.341 02:02:45
5.088 515.951 2641.463 02:02:46
5.104 471.244 2408.293 02:02:47
5.076 554.341 2814.146 02:02:48
5.076 551.537 2823.902 02:02:49
5.076 552.244 2802.927 02:02:50
