5.012 729.220 3584.390 01:47:53
5.024 701.537 3580.488 01:47:54
5.076 555.341 2838.049 01:47:55
5.076 555.439 2821.951 01:47:56
5.104 479.561 2454.634 01:47:57
5.128 395.561 2027.805 01:47:58
5.092 514.659 2618.049 01:47:59
5.088 519.341 2627.805 01:48:00
5.088 517.439 2630.244 01:48:01
5.108 467.463 2399.512 01:48:02
5.092 514.951 2632.683 01:48:03
5.104 468.049 2384.878 01:48:04
5.092 572.951 2851.707 01:48:05
5.092 480.951 2399.512 01:48:06
5.092 584.341 2895.610 01:48:07
5.076 543.951 2811.707 01:48:08
5.092 514.439 2644.878 01:48:09
5.100 495.146 2499.024 01:48:10
5.108 466.951 2382.439 01:48:11
5.088 516.951 2631.220 01:48:12
5.088 514.561 2620.000 01:48:13
5.088 515.049 3121.951 01:48:14
5.104 468.049 2384.878 01:48:15
5.092 513.439 2614.146 01:48:16
5.108 468.146 2383.902 01:48:17
5.100 490.341 2525.366 01:48:18
5.068 515.049 2639.024 01:48:19
5.092 516.146 2627.317 01:48:20
5.088 519.756 3148.780 01:48:21
5.088 543.341 2669.268 01:48:22
5.084 539.854 2738.049 01:48:23
5.088 513.146 2621.463 01:48:24
5.088 518.854 2946.829 01:48:25
5.092 514.756 2625.366 01:48:26
5.088 517.756 2634.146 01:48:27
5.092 515.439 2627.805 01:48:28
5.044 548.659 3035.610 01:48:29
5.108 466.463 2409.756 01:48:30
5.104 467.659 2392.683 01:48:31
5.092 513.854 2617.561 01:48:32
5.088 515.561 2618.049 01:48:33
5.092 516.244 2625.366 01:48:34
5.088 514.659 2635.122 01:48:35
5.108 471.561 2378.537 01:48:36
5.088 516.756 2622.927 01:48:37
5.028 711.122 2805.366 01:48:38
5.076 556.146 2814.146 01:48:39
5.076 554.439 2810.732 01:48:40
