5.016 756.634 3679.512 01:51:35
5.024 698.122 3535.610 01:51:36
5.076 552.146 2809.268 01:51:37
5.076 552.439 2806.341 01:51:38
5.076 552.537 2806.341 01:51:39
5.104 470.244 2392.195 01:51:40
5.092 522.244 2632.683 01:51:41
5.088 499.244 2518.537 01:51:42
5.108 470.659 2402.439 01:51:43
5.108 469.146 2383.415 01:51:44
5.100 467.146 2384.878 01:51:45
5.088 518.146 2625.366 01:51:46
5.088 516.854 2666.829 01:51:47
5.092 514.244 2624.878 01:51:48
5.108 467.146 2388.293 01:51:49
5.088 514.341 2620.000 01:51:50
5.092 525.951 2635.122 01:51:51
5.080 561.341 2766.341 01:51:52
5.088 514.659 2624.878 01:51:53
5.096 505.244 2488.780 01:51:54
5.072 566.049 2817.073 01:51:55
5.108 470.049 2382.439 01:51:56
5.088 517.439 2671.707 01:51:57
5.072 514.049 2630.244 01:51:58
5.076 546.439 2761.951 01:51:59
5.088 554.659 2859.512 01:52:00
5.088 520.244 2639.024 01:52:01
5.092 522.049 2647.805 01:52:02
5.088 520.854 2639.024 01:52:03
5.088 519.659 2645.366 01:52:04
5.084 519.341 2644.878 01:52:05
5.080 555.244 2726.829 01:52:06
5.076 570.244 2892.195 01:52:07
5.096 490.463 2651.220 01:52:08
5.080 539.537 2756.585 01:52:09
5.104 467.854 2381.951 01:52:10
5.088 514.049 2619.024 01:52:11
5.108 474.854 2422.439 01:52:12
5.092 514.756 2616.098 01:52:13
5.104 467.244 2383.902 01:52:14
5.088 571.756 2815.122 01:52:15
5.092 514.341 2618.049 01:52:16
5.092 516.049 2625.366 01:52:17
5.084 523.244 2660.000 01:52:18
5.092 514.244 2620.488 01:52:19
5.092 513.244 2611.707 01:52:20
5.088 513.439 2612.683 01:52:21
5.088 515.244 2627.317 01:52:22
5.108 467.366 2383.902 01:52:23
5.076 552.854 2828.293 01:52:24
5.076 551.756 2799.024 01:52:25
5.080 551.951 2799.512 01:52:26
