5.012 733.537 3681.951 01:29:37
5.032 694.537 3511.220 01:29:38
5.076 554.537 2816.585 01:29:39
5.076 552.537 2806.341 01:29:40
5.104 477.049 2435.122 01:29:41
5.132 431.561 2407.317 01:29:42
5.132 392.073 2018.049 01:29:43
5.132 393.561 2013.171 01:29:44
5.108 467.756 2433.659 01:29:45
5.104 467.854 2388.293 01:29:46
5.108 467.244 2382.439 01:29:47
5.108 467.463 2428.293 01:29:48
5.088 514.854 2622.439 01:29:49
5.092 517.146 2625.366 01:29:50
5.092 515.854 2623.902 01:29:51
5.088 518.049 2633.659 01:29:52
5.088 564.146 2630.244 01:29:53
5.076 571.244 2653.659 01:29:54
5.108 468.146 2396.098 01:29:55
5.088 517.854 2622.927 01:29:56
5.108 468.146 2387.317 01:29:57
5.092 497.756 2554.146 01:29:58
5.092 510.341 2655.122 01:29:59
5.104 467.854 2392.195 01:30:00
5.088 513.439 2617.561 01:30:01
5.108 468.244 2397.561 01:30:02
5.092 510.659 2934.146 01:30:03
5.088 516.951 2640.000 01:30:04
5.092 516.146 2618.049 01:30:05
5.088 515.561 2637.561 01:30:06
5.108 469.659 2404.878 01:30:07
5.104 468.854 2383.902 01:30:08
5.092 496.951 2510.244 01:30:09
5.104 467.951 2395.122 01:30:10
5.108 467.463 2383.902 01:30:11
5.104 468.951 2403.415 01:30:12
5.104 468.659 2406.341 01:30:13
5.104 467.561 2384.878 01:30:14
5.108 470.049 2388.293 01:30:15
5.108 468.951 2389.756 01:30:16
5.104 467.463 2392.195 01:30:17
5.128 392.268 2014.634 01:30:18
5.132 391.463 2014.146 01:30:19
5.016 734.122 3661.951 01:30:20
5.076 554.341 2811.707 01:30:21
