5.076 556.537 2806.341 02:37:03
5.076 557.659 2830.732 02:37:04
5.076 553.244 2808.293 02:37:05
5.080 555.049 2815.610 02:37:06
5.104 476.366 2550.244 02:37:07
5.112 392.659 2016.585 02:37:08
5.132 392.268 2014.634 02:37:09
5.108 468.146 2387.317 02:37:10
5.096 516.854 2627.317 02:37:11
5.092 514.049 2612.683 02:37:12
5.104 469.463 2384.878 02:37:13
5.088 516.951 2638.049 02:37:14
5.088 516.951 2640.488 02:37:15
5.088 553.756 2808.293 02:37:16
5.084 528.951 2627.805 02:37:17
5.104 471.659 2404.878 02:37:18
5.076 604.244 2846.829 02:37:19
5.064 597.634 3011.707 02:37:20
5.084 554.537 3001.951 02:37:21
5.088 560.244 2612.683 02:37:22
5.084 517.756 2422.439 02:37:23
5.092 517.854 2632.683 02:37:24
5.088 515.146 2683.902 02:37:25
5.088 517.659 2631.707 02:37:26
5.076 551.146 2793.171 02:37:27
5.100 489.341 2492.195 02:37:28
5.100 443.146 2264.390 02:37:30
5.088 529.951 2773.171 02:37:31
5.088 521.756 2881.951 02:37:32
5.084 523.756 2627.805 02:37:33
5.088 518.756 2645.366 02:37:34
5.072 569.951 2770.732 02:37:35
5.068 517.341 2654.146 02:37:36
5.080 569.951 2848.293 02:37:37
5.060 552.439 3014.146 02:37:38
5.072 562.951 2801.463 02:37:39
5.056 555.951 3049.268 02:37:40
5.088 521.341 2958.537 02:37:41
5.068 517.951 2636.585 02:37:42
5.060 605.537 3010.732 02:37:43
5.048 646.927 2868.293 02:37:44
5.052 541.244 2773.171 02:37:45
5.068 622.951 2668.780 02:37:46
5.104 483.463 2385.854 02:37:47
5.072 513.659 2620.488 02:37:48
5.088 515.854 2944.390 02:37:49
5.076 591.049 3144.878 02:37:50
5.088 515.049 2906.829 02:37:51
5.092 514.659 2614.146 02:37:52
5.092 515.756 2619.024 02:37:53
5.084 520.439 2627.805 02:37:54
5.088 515.659 2629.268 02:37:55
5.080 570.439 2894.634 02:37:56
5.108 468.244 2393.659 02:37:57
5.092 514.341 2612.683 02:37:58
5.104 468.366 2391.220 02:37:59
5.088 513.146 2618.049 02:38:00
5.076 550.756 2795.122 02:38:01
5.104 467.561 2433.659 02:38:02
5.104 467.951 2388.293 02:38:03
5.108 466.366 2381.951 02:38:04
5.108 469.854 2389.756 02:38:05
5.108 466.854 2388.293 02:38:06
5.104 466.659 2388.293 02:38:07
5.016 736.122 3695.610 02:38:08
5.076 556.854 2814.146 02:38:09
5.076 550.854 2796.585 02:38:10
