5.012 726.829 3646.341 02:08:44
5.028 683.341 3444.878 02:08:45
5.080 552.439 2806.829 02:08:46
5.080 552.244 2802.927 02:08:47
5.084 503.049 2587.805 02:08:48
5.128 392.756 2014.634 02:08:49
5.136 391.951 2015.610 02:08:50
5.108 467.366 2395.122 02:08:51
5.092 516.439 2623.902 02:08:52
5.092 515.439 2633.659 02:08:53
5.092 515.244 2640.488 02:08:54
5.088 527.659 2654.146 02:08:55
5.088 514.756 2618.049 02:08:56
5.088 524.049 2662.927 02:08:57
5.108 466.951 2388.293 02:08:58
5.064 605.854 2907.805 02:08:59
5.112 467.463 2386.341 02:09:00
5.076 554.951 2823.902 02:09:01
5.104 466.561 2426.341 02:09:02
5.060 525.244 2628.780 02:09:03
5.092 526.244 2515.122 02:09:04
5.088 530.756 2652.683 02:09:05
5.088 521.049 2700.488 02:09:06
5.048 572.341 2916.585 02:09:07
5.084 516.439 2629.268 02:09:08
5.068 561.341 2788.293 02:09:09
5.076 592.537 3009.268 02:09:10
5.064 536.146 2979.512 02:09:11
5.092 497.049 2532.683 02:09:12
5.072 579.854 2641.463 02:09:13
5.108 466.561 2396.098 02:09:14
5.092 516.341 2617.561 02:09:15
5.088 531.049 2388.293 02:09:16
5.088 524.244 2632.683 02:09:17
5.076 513.854 2660.000 02:09:18
5.076 552.146 3173.659 02:09:19
5.088 608.854 2886.829 02:09:20
5.088 517.341 2633.659 02:09:21
5.084 519.951 2645.366 02:09:22
5.076 546.049 2899.024 02:09:23
5.088 516.756 2636.098 02:09:24
5.060 592.439 2884.390 02:09:25
5.088 530.146 2659.024 02:09:26
5.088 467.854 2452.683 02:09:27
5.104 467.244 2383.902 02:09:28
5.120 431.561 2206.829 02:09:29
5.096 504.244 2570.244 02:09:30
5.116 444.659 2275.610 02:09:31
5.088 513.951 2616.098 02:09:32
5.088 514.756 2611.220 02:09:33
5.064 516.756 2685.366 02:09:34
5.108 466.951 2380.976 02:09:35
5.088 518.146 2632.683 02:09:36
5.076 554.341 2815.122 02:09:37
5.076 556.659 2828.293 02:09:38
