5.012 733.732 3651.707 03:14:25
5.028 691.024 3487.805 03:14:26
5.076 555.146 2799.024 03:14:27
5.044 529.854 2682.439 03:14:28
5.088 515.049 2638.049 03:14:29
5.088 490.244 2492.683 03:14:30
5.104 468.049 2390.732 03:14:31
5.108 473.244 2428.293 03:14:32
5.096 508.659 2567.317 03:14:33
5.108 467.366 2397.073 03:14:34
5.104 467.561 2387.317 03:14:35
5.112 468.756 2386.341 03:14:36
5.088 516.756 2621.463 03:14:37
5.092 514.146 2620.000 03:14:38
5.084 515.659 2621.463 03:14:39
5.088 520.439 2649.268 03:14:40
5.088 514.854 2627.317 03:14:41
5.092 609.341 2904.390 03:14:42
5.092 597.049 2850.244 03:14:43
5.080 552.146 2627.805 03:14:44
5.068 570.341 2796.585 03:14:45
5.084 572.439 2980.976 03:14:46
5.084 587.537 2893.171 03:14:47
5.060 591.854 2994.146 03:14:48
5.084 529.756 2680.000 03:14:49
5.072 542.659 2985.366 03:14:50
5.080 549.341 2799.512 03:14:51
5.068 613.146 2962.927 03:14:52
5.088 519.561 2636.098 03:14:53
5.088 532.854 2632.683 03:14:54
5.088 518.341 2642.439 03:14:55
5.076 540.341 2779.024 03:14:56
5.076 542.146 2779.024 03:14:57
5.080 571.146 2930.732 03:14:58
5.076 543.854 2759.512 03:14:59
5.088 515.854 2620.488 03:15:00
5.064 527.951 2688.780 03:15:01
5.088 518.341 2639.024 03:15:02
5.064 517.146 2636.585 03:15:03
5.072 567.854 2867.805 03:15:04
5.088 580.244 3058.049 03:15:05
5.076 554.659 2909.268 03:15:06
5.088 519.756 2655.122 03:15:07
5.084 535.439 2743.902 03:15:08
5.108 475.244 2387.317 03:15:09
5.088 514.244 2613.659 03:15:10
5.084 513.561 2620.488 03:15:11
5.092 513.756 2622.439 03:15:13
5.088 516.756 2633.659 03:15:14
5.088 514.146 2619.024 03:15:15
5.052 568.341 2618.049 03:15:16
5.088 589.537 3058.537 03:15:17
5.088 533.049 2634.146 03:15:18
5.088 517.951 2637.561 03:15:19
5.048 576.951 2936.585 03:15:20
5.044 527.244 3048.293 03:15:21
5.092 527.244 2865.366 03:15:22
5.064 559.659 2818.049 03:15:23
5.076 540.439 2831.707 03:15:24
5.064 537.561 2745.366 03:15:25
5.088 517.561 2620.000 03:15:26
5.088 554.439 2638.049 03:15:27
5.088 517.854 2636.098 03:15:28
5.100 490.659 2497.561 03:15:29
5.100 491.561 2511.220 03:15:30
5.100 489.951 2495.122 03:15:31
5.092 513.439 2627.317 03:15:32
5.088 515.561 2636.585 03:15:33
5.064 580.439 2898.049 03:15:34
5.084 521.146 2650.244 03:15:35
5.108 467.244 2383.415 03:15:36
5.108 467.049 2383.902 03:15:37
5.108 466.366 2383.902 03:15:38
5.012 734.732 3669.268 03:15:39
5.076 552.439 2817.073 03:15:40
5.076 553.659 2810.244 03:15:41
