5.028 555.341 2816.585 03:36:40
5.076 564.439 2826.829 03:36:41
5.076 554.439 2814.146 03:36:42
5.072 552.537 2799.024 03:36:43
5.076 552.439 2806.341 03:36:44
5.088 514.756 2622.439 03:36:45
5.108 469.463 2385.854 03:36:46
5.088 516.244 2625.366 03:36:47
5.092 516.244 2636.098 03:36:48
5.072 584.756 2633.659 03:36:49
5.088 514.659 2616.585 03:36:50
5.068 580.049 2998.049 03:36:51
5.104 468.146 2386.341 03:36:52
5.064 622.951 3046.829 03:36:53
5.088 597.244 2626.341 03:36:54
5.088 565.634 3026.829 03:36:55
5.072 564.951 2898.049 03:36:56
5.072 565.634 2928.293 03:36:57
5.068 542.244 2917.073 03:36:58
5.080 551.756 2834.146 03:36:59
5.080 570.537 2834.146 03:37:00
5.092 517.341 2625.366 03:37:01
5.092 516.341 2959.512 03:37:02
5.088 515.146 2631.220 03:37:03
5.072 554.341 2799.512 03:37:04
5.088 525.049 2623.902 03:37:05
5.088 517.756 2682.927 03:37:06
5.084 597.951 3415.122 03:37:07
5.080 546.659 2759.024 03:37:08
5.076 553.146 3000.976 03:37:09
5.080 547.951 2799.512 03:37:10
5.084 516.756 2632.683 03:37:11
5.092 513.049 2618.049 03:37:12
5.088 562.854 2686.829 03:37:13
5.088 515.756 2627.805 03:37:14
5.080 591.732 2843.902 03:37:15
5.056 638.341 3100.976 03:37:16
5.084 594.439 2799.512 03:37:17
5.040 576.049 2929.756 03:37:18
5.076 654.341 2766.341 03:37:19
5.088 543.146 2956.585 03:37:20
5.080 546.537 2767.805 03:37:21
5.084 537.756 2722.927 03:37:22
5.080 576.146 2920.976 03:37:23
5.072 569.049 3144.878 03:37:24
5.084 563.951 2738.049 03:37:25
5.076 564.244 2954.634 03:37:26
5.032 651.439 3301.463 03:37:27
5.092 586.341 3013.171 03:37:28
5.096 510.049 2738.049 03:37:29
5.068 585.854 2909.268 03:37:30
5.096 490.951 2499.024 03:37:31
5.072 545.756 2843.902 03:37:32
5.072 541.854 2774.146 03:37:33
5.064 517.244 2715.610 03:37:34
5.048 612.537 2638.049 03:37:35
5.088 625.634 3067.317 03:37:36
5.076 595.244 2957.073 03:37:37
5.084 521.341 2681.463 03:37:38
5.060 528.756 2668.780 03:37:39
5.084 540.854 2748.780 03:37:40
5.092 516.951 2637.561 03:37:41
5.076 566.146 2743.902 03:37:42
5.088 521.146 2664.878 03:37:43
5.084 525.146 2861.463 03:37:44
5.084 558.049 2837.073 03:37:45
5.060 598.732 2643.902 03:37:46
5.092 516.049 2627.317 03:37:47
5.076 541.049 2828.293 03:37:48
5.092 515.854 2627.317 03:37:49
5.056 521.659 2653.659 03:37:50
5.088 513.439 2620.488 03:37:51
5.092 466.366 2382.439 03:37:52
5.088 513.951 2612.683 03:37:53
5.108 471.561 2384.878 03:37:54
5.104 472.244 2388.293 03:37:55
5.108 469.463 2381.951 03:37:56
5.104 467.146 2395.122 03:37:57
5.108 467.854 2383.902 03:37:58
5.108 467.854 2383.902 03:37:59
5.108 470.561 2384.878 03:38:00
5.104 466.854 2383.902 03:38:01
5.076 567.146 2811.707 03:38:02
5.076 554.439 2816.585 03:38:03
