5.016 729.829 3660.488 01:34:05
4.968 696.634 3543.415 01:34:06
5.076 555.951 2822.439 01:34:07
5.076 552.829 2809.756 01:34:08
5.104 477.756 2433.171 01:34:09
5.132 392.976 2017.561 01:34:10
5.108 511.463 2393.171 01:34:11
5.108 467.854 2393.171 01:34:12
5.084 594.049 2809.756 01:34:13
5.108 468.732 2393.171 01:34:14
5.108 468.049 2391.220 01:34:15
5.076 543.463 2752.195 01:34:16
5.104 467.854 2408.780 01:34:17
5.108 468.049 2389.268 01:34:18
5.104 473.854 2416.585 01:34:19
5.088 516.439 2626.341 01:34:20
5.080 566.537 2779.512 01:34:21
5.108 470.976 2400.976 01:34:22
5.104 468.341 2389.268 01:34:23
5.108 468.537 2394.146 01:34:24
5.104 470.341 2840.000 01:34:25
5.100 478.146 2426.341 01:34:26
5.108 468.146 2434.146 01:34:27
5.092 515.268 2623.415 01:34:28
5.104 479.561 2450.732 01:34:29
5.116 446.049 2268.293 01:34:30
5.116 445.073 2265.366 01:34:31
5.088 514.439 2619.512 01:34:32
5.092 516.244 2628.293 01:34:33
5.108 467.756 2391.220 01:34:34
5.104 467.659 2389.268 01:34:35
5.104 470.146 2393.171 01:34:36
5.104 470.537 2400.976 01:34:37
5.076 555.756 3094.634 01:34:38
5.076 554.634 2813.659 01:34:39
