5.072 554.341 2802.927 03:25:12
5.080 552.951 2810.244 03:25:13
5.076 554.854 2818.049 03:25:14
5.076 556.146 2812.683 03:25:15
5.104 565.049 2535.122 03:25:16
5.132 392.171 2034.634 03:25:17
5.104 468.463 2399.512 03:25:18
5.104 470.561 2400.976 03:25:19
5.108 467.561 2397.561 03:25:20
5.096 513.659 2620.000 03:25:21
5.088 527.439 2642.927 03:25:22
5.088 514.951 2627.317 03:25:23
5.088 515.341 2626.341 03:25:24
5.072 540.659 2830.244 03:25:25
5.076 513.854 2620.000 03:25:26
5.088 577.537 2971.707 03:25:27
5.084 519.049 2658.049 03:25:28
5.092 516.341 2634.146 03:25:29
5.104 467.951 2388.293 03:25:30
5.100 489.244 2492.683 03:25:31
5.064 615.146 2803.902 03:25:32
5.108 508.244 2520.000 03:25:33
5.064 643.049 3253.659 03:25:34
5.084 467.366 2383.902 03:25:35
5.092 518.854 2951.707 03:25:36
5.072 538.049 2627.805 03:25:37
5.072 560.537 2858.049 03:25:38
5.056 578.854 2949.268 03:25:39
5.088 633.341 3190.732 03:25:40
5.088 521.049 2624.878 03:25:41
5.088 520.341 2649.268 03:25:42
5.088 520.341 2704.390 03:25:43
5.064 659.829 3355.122 03:25:44
5.068 567.537 2872.683 03:25:45
5.076 546.049 3044.878 03:25:46
5.064 580.634 3170.732 03:25:47
5.064 520.756 2991.707 03:25:48
5.088 519.439 2623.902 03:25:49
5.068 528.244 2664.878 03:25:50
5.064 579.439 2993.171 03:25:51
5.088 521.756 2958.049 03:25:52
5.076 579.341 2742.927 03:25:53
5.088 517.659 2629.268 03:25:54
5.092 519.439 2630.244 03:25:55
5.088 548.341 2914.634 03:25:56
5.084 517.951 2632.683 03:25:57
5.072 544.244 2760.488 03:25:58
5.088 518.049 2636.098 03:25:59
5.084 546.146 2792.683 03:26:00
5.088 537.049 3089.268 03:26:01
5.048 639.049 3263.415 03:26:02
5.064 603.634 2876.585 03:26:03
5.092 501.244 2539.024 03:26:04
5.056 578.951 2690.244 03:26:05
5.084 514.049 2632.683 03:26:06
5.088 515.561 2640.488 03:26:07
5.088 515.659 2644.878 03:26:08
5.088 519.049 2639.024 03:26:09
5.092 519.756 2980.488 03:26:10
5.088 519.244 2647.805 03:26:11
5.060 575.634 2789.268 03:26:12
5.068 657.244 3065.854 03:26:13
5.088 518.244 3000.976 03:26:14
5.076 553.951 2823.902 03:26:15
5.108 466.756 2380.000 03:26:16
5.080 517.756 2636.585 03:26:17
5.096 498.659 2561.463 03:26:18
5.076 564.537 2794.146 03:26:19
5.108 467.561 2392.683 03:26:20
5.088 514.951 2616.098 03:26:21
5.088 514.756 2620.000 03:26:22
5.088 516.854 2620.000 03:26:23
5.108 469.049 2389.756 03:26:24
5.092 513.659 2850.244 03:26:25
5.104 528.244 2635.122 03:26:26
5.092 513.756 2623.902 03:26:27
5.116 441.951 2264.878 03:26:28
5.020 431.561 2210.732 03:26:29
5.100 488.951 2489.756 03:26:30
5.116 448.756 2270.732 03:26:31
5.092 494.854 2566.341 03:26:32
5.088 514.049 2627.805 03:26:33
5.104 466.659 2386.341 03:26:34
5.088 517.146 2640.488 03:26:35
5.072 563.244 2865.366 03:26:36
5.076 551.854 2801.951 03:26:37
5.072 556.341 2815.610 03:26:38
