5.012 734.439 3693.171 03:29:04
5.032 709.024 3522.439 03:29:05
5.076 553.951 2812.683 03:29:06
5.076 553.854 2814.146 03:29:07
5.104 476.561 2429.756 03:29:08
5.132 395.951 2013.171 03:29:09
5.136 392.171 2015.610 03:29:10
5.104 466.561 2385.854 03:29:11
5.108 466.561 2381.951 03:29:12
5.108 470.146 2385.854 03:29:13
5.108 469.756 2391.220 03:29:14
5.088 467.366 2397.561 03:29:15
5.108 468.561 2406.341 03:29:16
5.076 541.341 2779.512 03:29:17
5.092 515.341 2620.488 03:29:18
5.064 559.854 2613.659 03:29:19
5.092 516.561 2628.780 03:29:20
5.088 540.146 2930.732 03:29:21
5.088 514.756 2622.927 03:29:23
5.072 591.732 2792.683 03:29:24
5.088 520.244 2809.268 03:29:25
5.076 549.146 2814.146 03:29:26
5.076 554.537 2922.927 03:29:27
5.080 557.854 2741.463 03:29:28
5.100 504.854 2708.780 03:29:29
5.088 553.146 2595.122 03:29:30
5.104 492.463 2488.780 03:29:31
5.044 561.854 2691.220 03:29:32
5.080 550.537 2951.707 03:29:33
5.060 562.341 2844.390 03:29:34
5.056 651.634 3131.220 03:29:35
5.076 554.439 2786.829 03:29:36
5.036 575.341 2981.951 03:29:37
5.084 517.951 2797.073 03:29:38
5.068 563.951 2790.732 03:29:39
5.084 542.659 2734.146 03:29:40
5.092 520.854 2648.780 03:29:41
5.072 582.634 2731.707 03:29:42
5.076 562.146 3231.220 03:29:43
5.060 533.561 2682.439 03:29:44
5.080 517.341 2651.707 03:29:45
5.080 526.951 2734.146 03:29:46
5.072 563.146 2806.341 03:29:47
5.064 639.244 3199.512 03:29:48
5.088 517.244 2629.268 03:29:49
5.076 597.146 2951.707 03:29:50
5.088 517.854 3015.610 03:29:51
5.072 635.537 3332.683 03:29:52
5.072 559.049 2857.073 03:29:53
5.076 546.537 2762.927 03:29:54
5.080 586.854 2918.049 03:29:55
5.080 640.146 3357.561 03:29:56
5.064 618.146 3080.976 03:29:57
5.064 606.244 3133.171 03:29:58
5.076 543.244 2616.098 03:29:59
5.088 529.659 2976.585 03:30:00
5.080 587.854 3053.659 03:30:01
5.088 543.854 2965.366 03:30:02
5.076 588.951 3174.634 03:30:03
5.088 515.244 2629.268 03:30:04
5.068 518.244 2635.122 03:30:05
5.088 564.951 2621.463 03:30:06
5.088 516.951 2623.902 03:30:07
5.080 589.244 2880.488 03:30:08
5.064 592.049 2993.171 03:30:09
5.088 514.756 2616.098 03:30:10
5.092 513.244 2615.122 03:30:11
5.084 517.854 2649.268 03:30:12
5.088 521.244 2632.683 03:30:13
5.092 515.561 2615.122 03:30:14
5.060 516.854 2637.561 03:30:15
5.076 583.049 2823.902 03:30:16
5.092 515.439 2616.585 03:30:17
5.100 529.341 2579.024 03:30:18
5.076 546.049 2767.805 03:30:19
5.076 550.756 2797.073 03:30:20
5.104 466.854 2384.878 03:30:21
5.108 470.659 2392.195 03:30:22
5.108 467.951 2388.780 03:30:23
5.108 466.951 2397.561 03:30:24
5.104 466.659 2380.976 03:30:25
5.092 513.756 2608.780 03:30:26
5.104 467.951 2383.902 03:30:27
5.092 513.951 2805.366 03:30:28
5.108 469.244 2415.122 03:30:29
5.084 526.341 2676.585 03:30:30
5.072 562.439 2851.707 03:30:31
5.076 553.951 2811.707 03:30:32
