5.016 721.024 3614.146 03:40:28
4.960 815.707 4011.707 03:40:29
5.076 552.732 2877.073 03:40:30
5.076 556.439 2809.756 03:40:31
5.080 551.171 2800.976 03:40:32
5.104 472.878 2413.659 03:40:33
5.108 468.244 2391.220 03:40:34
5.108 473.659 2383.415 03:40:35
5.108 467.756 2383.415 03:40:36
5.092 503.659 2571.707 03:40:37
5.108 466.976 2402.927 03:40:38
5.108 466.732 2385.366 03:40:39
5.088 516.049 2628.293 03:40:40
5.080 561.024 2621.463 03:40:41
5.088 515.171 2624.390 03:40:42
5.088 517.659 2623.415 03:40:43
5.088 513.073 2614.634 03:40:44
5.092 514.341 2623.415 03:40:45
5.092 476.439 2383.415 03:40:46
5.084 517.171 2637.073 03:40:47
5.076 555.171 2803.902 03:40:48
5.084 520.244 2645.854 03:40:49
5.088 518.146 2650.732 03:40:50
5.072 547.171 2763.902 03:40:51
5.088 519.951 2640.976 03:40:52
5.072 555.854 2738.537 03:40:53
5.080 584.341 3049.756 03:40:54
5.080 545.268 2841.951 03:40:55
5.060 521.756 2844.878 03:40:56
5.080 537.659 2741.463 03:40:57
5.088 514.049 2608.780 03:40:58
5.072 579.024 2800.976 03:40:59
5.092 514.244 2619.512 03:41:00
5.080 539.024 2771.707 03:41:01
5.060 588.049 2944.390 03:41:02
5.092 516.732 2613.659 03:41:03
5.088 515.463 2619.512 03:41:04
5.092 517.073 2676.098 03:41:05
5.068 577.268 2937.561 03:41:06
5.088 560.049 2706.341 03:41:07
5.076 584.049 2672.195 03:41:08
5.056 613.024 2859.512 03:41:09
5.064 585.122 2924.878 03:41:10
5.088 522.146 3016.585 03:41:11
5.092 522.049 2636.098 03:41:12
5.088 519.366 2639.024 03:41:13
5.088 514.927 2677.073 03:41:14
5.088 525.561 2639.024 03:41:15
5.088 515.073 2619.512 03:41:17
5.092 514.049 2619.512 03:41:18
5.084 636.341 2929.756 03:41:19
5.060 537.659 2752.195 03:41:20
5.088 515.561 2611.707 03:41:21
5.076 552.732 2792.195 03:41:22
5.092 520.049 2634.146 03:41:23
5.080 540.829 2754.146 03:41:24
5.092 559.756 2691.707 03:41:25
5.068 521.659 2674.146 03:41:26
5.088 518.829 2634.146 03:41:27
5.052 621.220 2769.756 03:41:28
5.088 517.268 2639.024 03:41:29
5.084 527.073 2677.073 03:41:30
5.092 491.854 2511.220 03:41:31
5.052 574.829 2680.976 03:41:32
5.064 579.659 3094.634 03:41:33
5.072 567.122 2800.976 03:41:34
5.088 516.732 2621.463 03:41:35
5.088 521.463 2653.659 03:41:36
5.064 528.341 2671.220 03:41:37
5.064 587.024 2999.024 03:41:38
5.072 570.341 2791.220 03:41:39
5.072 558.146 2844.878 03:41:40
5.088 574.439 2809.756 03:41:41
5.088 518.537 2634.146 03:41:42
5.068 520.634 2844.878 03:41:43
5.052 614.244 3139.512 03:41:44
5.104 466.976 2611.707 03:41:45
5.076 522.341 2841.951 03:41:46
5.068 594.341 2853.659 03:41:47
5.108 514.049 2420.488 03:41:48
5.088 521.951 2639.024 03:41:49
5.104 468.244 2389.268 03:41:50
5.108 475.463 2399.024 03:41:51
5.104 466.732 2381.463 03:41:52
5.108 466.049 2386.341 03:41:53
5.104 469.854 2396.098 03:41:54
5.096 502.049 2566.829 03:41:55
5.104 468.537 2403.902 03:41:56
5.104 468.976 2394.146 03:41:57
5.132 391.854 2010.732 03:41:58
5.104 471.171 2403.902 03:41:59
5.104 469.659 2391.220 03:42:00
5.092 518.049 2634.146 03:42:01
5.016 736.829 3680.000 03:42:02
5.076 555.171 2811.707 03:42:03
5.076 553.854 2811.707 03:42:04
