5.000 778.634 3893.171 01:37:21
5.032 695.927 3520.000 01:37:22
5.076 553.537 2808.293 01:37:23
5.076 555.244 2808.293 01:37:24
5.076 556.537 2814.146 01:37:25
5.076 572.244 2997.073 01:37:26
5.104 469.146 2398.537 01:37:27
5.092 533.146 2582.927 01:37:28
5.116 433.268 2211.707 01:37:29
5.116 442.854 2265.854 01:37:30
5.116 452.756 2267.317 01:37:31
5.076 551.244 2814.146 01:37:32
5.108 468.146 2390.732 01:37:33
5.080 518.756 2662.927 01:37:34
5.084 468.244 2390.732 01:37:35
5.076 569.341 2634.146 01:37:36
5.092 514.854 2627.805 01:37:37
5.088 516.951 2628.780 01:37:38
5.108 467.756 2389.756 01:37:39
5.092 516.439 2631.220 01:37:40
5.088 517.756 2627.805 01:37:41
5.092 515.561 2620.488 01:37:42
5.084 516.659 2633.659 01:37:43
5.092 516.561 2632.683 01:37:44
5.088 515.951 2624.878 01:37:45
5.088 521.561 2642.927 01:37:46
5.088 514.341 2650.244 01:37:47
5.088 514.659 2620.000 01:37:48
5.084 514.561 2601.463 01:37:49
5.088 516.439 2628.780 01:37:50
5.088 516.854 2622.439 01:37:51
5.084 514.756 2721.463 01:37:52
5.092 469.659 2415.122 01:37:53
5.108 468.463 2388.293 01:37:54
5.104 468.366 2389.756 01:37:55
5.104 467.561 2384.878 01:37:56
5.108 467.561 2387.317 01:37:57
5.012 732.122 3646.341 01:37:58
5.076 554.537 2816.585 01:37:59
