5.012 636.951 3232.683 02:04:40
5.076 554.439 2817.073 02:04:41
5.076 553.659 2806.829 02:04:42
5.076 552.854 2817.073 02:04:43
5.100 476.463 2430.244 02:04:44
5.116 439.146 2245.854 02:04:45
5.108 468.146 2388.293 02:04:46
5.104 468.244 2395.122 02:04:47
5.088 515.659 2641.463 02:04:48
5.104 467.049 2386.341 02:04:49
5.088 467.366 2410.244 02:04:50
5.108 468.561 2382.439 02:04:52
5.108 469.659 2388.293 02:04:53
5.108 467.463 2397.073 02:04:54
5.088 518.146 2644.878 02:04:55
5.104 467.146 2397.073 02:04:56
5.068 513.439 2618.049 02:04:57
5.108 469.951 2386.341 02:04:58
5.080 546.439 2779.024 02:04:59
5.108 468.463 2388.293 02:05:00
5.056 606.537 3232.683 02:05:01
5.104 473.951 2386.341 02:05:02
5.080 603.146 2978.049 02:05:03
5.084 507.756 2517.561 02:05:04
5.068 513.951 2616.585 02:05:05
5.088 516.146 2633.659 02:05:06
5.068 527.341 2627.805 02:05:07
5.080 536.244 2763.902 02:05:08
5.088 556.244 2845.854 02:05:09
5.092 514.756 2766.829 02:05:10
5.092 515.049 2624.878 02:05:11
5.068 599.341 3022.927 02:05:12
5.068 528.756 2999.512 02:05:13
5.076 547.146 2910.732 02:05:14
5.080 544.756 2806.341 02:05:15
5.092 516.561 2627.805 02:05:16
5.056 556.439 2829.268 02:05:17
5.092 519.439 2625.366 02:05:18
5.072 565.537 2807.805 02:05:19
5.088 514.049 2618.049 02:05:20
5.080 570.146 2964.390 02:05:21
5.092 513.756 2611.707 02:05:22
5.064 563.537 2824.390 02:05:23
5.108 468.756 2472.195 02:05:24
5.096 467.146 2383.415 02:05:25
5.088 519.049 2644.878 02:05:26
5.104 466.854 2383.902 02:05:27
5.108 466.244 2385.854 02:05:28
5.108 468.756 2407.317 02:05:29
5.104 497.244 2386.341 02:05:30
5.116 444.268 2333.171 02:05:31
5.108 467.756 2385.854 02:05:32
5.108 468.244 2383.902 02:05:33
5.016 733.024 3650.732 02:05:34
5.076 554.537 2815.122 02:05:35
5.076 553.244 2815.122 02:05:36
