5.016 738.537 3704.390 02:12:48
5.012 735.634 3639.512 02:12:49
5.072 552.659 2804.390 02:12:50
5.076 552.049 2803.902 02:12:51
5.100 479.756 2432.195 02:12:52
5.136 393.073 2016.585 02:12:53
5.108 469.561 2402.439 02:12:54
5.104 466.659 2388.293 02:12:55
5.104 467.146 2385.854 02:12:56
5.108 468.049 2382.439 02:12:57
5.092 517.951 2642.927 02:12:58
5.108 467.146 2383.902 02:12:59
5.068 583.951 2932.195 02:13:00
5.088 467.366 2408.780 02:13:01
5.092 588.049 2949.268 02:13:02
5.096 515.244 2472.195 02:13:03
5.092 514.951 2891.707 02:13:04
5.088 516.049 2627.317 02:13:05
5.076 515.049 2632.683 02:13:06
5.088 513.659 2721.951 02:13:07
5.072 518.146 2933.171 02:13:08
5.088 514.854 2625.366 02:13:09
5.088 520.341 2640.488 02:13:10
5.080 552.146 3009.756 02:13:11
5.080 545.049 2758.049 02:13:12
5.088 523.756 2646.341 02:13:13
5.092 516.951 2634.146 02:13:14
5.068 565.756 2789.268 02:13:15
5.068 600.439 2632.683 02:13:16
5.080 537.244 2898.049 02:13:17
5.056 667.439 3115.610 02:13:18
5.088 516.146 2663.902 02:13:19
5.068 595.951 2870.244 02:13:20
5.088 515.146 2634.146 02:13:21
5.076 554.854 2810.244 02:13:22
5.088 513.854 2623.902 02:13:23
5.088 521.561 2387.317 02:13:25
5.092 517.756 2636.585 02:13:26
5.088 515.659 2627.805 02:13:27
5.084 523.854 2662.927 02:13:28
5.100 494.756 2510.244 02:13:29
5.100 491.341 2278.537 02:13:30
5.100 489.146 2555.122 02:13:31
5.104 466.659 2385.854 02:13:32
5.076 521.341 2923.415 02:13:33
5.076 552.049 2799.512 02:13:34
5.084 518.049 2652.683 02:13:35
5.108 467.561 2385.854 02:13:36
5.108 467.463 2381.951 02:13:37
5.108 466.756 2390.732 02:13:38
5.092 515.146 2631.220 02:13:39
5.092 515.146 2640.488 02:13:40
5.104 467.659 2384.878 02:13:41
5.012 732.537 3651.707 02:13:42
5.076 553.537 2812.683 02:13:43
