5.016 555.244 2818.049 02:46:33
5.076 626.341 3188.780 02:46:34
5.076 561.951 2807.805 02:46:35
5.076 552.854 2798.049 02:46:36
5.076 552.659 2832.683 02:46:37
5.132 393.268 2027.805 02:46:38
5.104 467.951 2389.756 02:46:39
5.092 513.244 2619.024 02:46:40
5.096 502.659 2564.878 02:46:41
5.104 470.463 2402.439 02:46:42
5.092 515.146 2628.780 02:46:43
5.088 515.854 2627.805 02:46:44
5.092 515.341 2624.878 02:46:45
5.088 515.244 2633.659 02:46:46
5.060 522.244 2660.000 02:46:47
5.088 518.439 2621.463 02:46:48
5.072 571.049 2770.732 02:46:49
5.076 568.634 2646.341 02:46:50
5.068 602.244 3030.732 02:46:51
5.064 583.244 2989.268 02:46:52
5.064 561.049 3188.780 02:46:53
5.088 516.659 2636.585 02:46:54
5.084 517.561 2647.805 02:46:55
5.080 518.854 2638.049 02:46:56
5.080 564.854 2716.585 02:46:57
5.076 602.854 2751.707 02:46:58
5.076 549.951 2788.293 02:46:59
5.088 514.341 2677.561 02:47:00
5.080 571.146 2781.951 02:47:01
5.072 610.951 2980.488 02:47:02
5.072 524.659 2623.902 02:47:03
5.044 655.927 2890.244 02:47:04
5.088 518.341 2640.000 02:47:05
5.092 516.146 2631.220 02:47:06
5.088 513.756 2616.098 02:47:07
5.092 514.659 2620.488 02:47:08
5.084 541.341 2753.171 02:47:09
5.104 467.854 2400.976 02:47:10
5.060 588.439 2847.805 02:47:11
5.084 515.659 2548.780 02:47:12
5.068 517.951 2969.756 02:47:13
5.084 521.146 2688.780 02:47:14
5.064 517.951 2636.098 02:47:15
5.088 517.439 2635.122 02:47:16
5.088 529.439 2647.805 02:47:17
5.068 573.854 2945.854 02:47:18
5.056 612.049 3063.415 02:47:19
5.080 574.049 2879.512 02:47:20
5.084 580.439 2861.951 02:47:21
5.076 551.537 2852.683 02:47:23
5.092 514.244 2616.585 02:47:24
5.088 515.146 2629.268 02:47:25
5.088 608.049 2632.683 02:47:26
5.092 518.561 2637.561 02:47:27
5.084 519.561 2666.341 02:47:28
5.092 540.049 2386.341 02:47:29
5.096 492.756 2502.439 02:47:30
5.096 489.244 2518.537 02:47:31
5.092 513.659 2621.463 02:47:32
5.092 513.244 2615.122 02:47:33
5.104 466.463 2382.439 02:47:34
5.092 520.341 2619.024 02:47:35
5.104 467.049 2382.439 02:47:36
5.108 469.366 2607.805 02:47:37
5.104 466.756 2385.854 02:47:38
5.088 513.756 2623.902 02:47:39
5.108 467.146 2384.878 02:47:40
5.076 552.146 2804.390 02:47:41
5.076 555.659 2820.488 02:47:42
5.076 551.951 2815.610 02:47:43
