5.004 760.024 3788.293 02:51:43
5.032 683.341 3433.659 02:51:44
5.076 555.439 2825.854 02:51:45
5.076 557.537 2817.073 02:51:46
5.104 552.951 2466.341 02:51:47
5.108 467.561 2393.659 02:51:48
5.088 517.756 2650.244 02:51:49
5.084 517.146 2621.463 02:51:50
5.088 516.341 2631.707 02:51:51
5.076 543.659 2770.244 02:51:52
5.092 523.439 2633.659 02:51:53
5.104 467.854 2382.439 02:51:54
5.092 515.951 2615.122 02:51:55
5.088 517.341 2631.220 02:51:56
5.088 515.561 2623.902 02:51:57
5.068 575.439 2891.707 02:51:58
5.108 516.049 2600.488 02:51:59
5.072 583.439 3166.341 02:52:00
5.104 466.854 2462.439 02:52:01
5.088 514.659 2615.122 02:52:02
5.108 539.244 2402.439 02:52:03
5.088 515.659 2628.780 02:52:04
5.084 520.146 2654.146 02:52:05
5.044 591.341 2940.976 02:52:06
5.088 517.951 2718.049 02:52:07
5.088 520.244 2651.707 02:52:08
5.088 520.854 2645.366 02:52:09
5.088 520.146 2636.585 02:52:10
5.060 528.756 2636.585 02:52:11
5.032 580.756 2806.829 02:52:12
5.076 605.634 2979.512 02:52:13
5.048 619.146 3169.756 02:52:14
5.068 586.951 3029.268 02:52:15
5.072 555.049 2842.927 02:52:16
5.056 574.756 2810.244 02:52:17
5.064 603.732 3163.415 02:52:18
5.084 515.439 2627.805 02:52:19
5.088 514.951 2664.878 02:52:20
5.080 518.244 2980.976 02:52:21
5.080 573.951 2914.146 02:52:22
5.088 519.951 3000.488 02:52:23
5.096 533.244 2811.707 02:52:24
5.088 519.854 2640.488 02:52:25
5.080 569.756 2856.585 02:52:26
5.056 621.732 2975.610 02:52:27
5.108 483.049 2628.780 02:52:28
5.080 537.244 3743.415 02:52:29
5.084 520.049 2851.707 02:52:30
5.108 468.049 2386.341 02:52:31
5.084 639.829 3064.390 02:52:32
5.088 517.854 2650.244 02:52:33
5.092 514.951 2620.488 02:52:34
5.088 516.439 2623.902 02:52:35
5.088 516.049 2809.268 02:52:36
5.092 518.341 2627.317 02:52:37
5.084 627.829 3012.195 02:52:38
5.092 518.244 2632.683 02:52:39
5.076 564.049 2960.488 02:52:40
5.080 558.146 2567.317 02:52:41
5.108 467.463 2382.439 02:52:42
5.088 518.951 2646.341 02:52:43
5.092 513.439 2615.122 02:52:44
5.088 513.146 2612.683 02:52:45
5.092 519.244 2863.415 02:52:46
5.092 515.854 2622.927 02:52:47
5.092 514.659 2622.439 02:52:48
5.088 516.341 2694.146 02:52:49
5.104 467.049 2386.341 02:52:50
5.080 567.951 2882.927 02:52:51
5.108 466.854 2383.902 02:52:52
5.108 468.146 2384.878 02:52:53
5.108 467.244 2383.902 02:52:54
5.104 468.049 2387.317 02:52:55
5.132 391.366 2014.146 02:52:56
5.136 394.463 2010.732 02:52:57
5.104 467.049 2384.878 02:52:58
5.108 469.049 2398.537 02:52:59
5.120 428.268 2188.293 02:53:00
5.108 467.659 2386.341 02:53:01
5.016 727.537 3621.463 02:53:02
5.076 551.951 2807.805 02:53:03
