5.012 728.341 3653.171 03:50:21
5.020 701.829 3483.902 03:50:22
5.076 553.439 2804.390 03:50:23
5.076 554.537 2807.805 03:50:24
5.076 552.244 2801.463 03:50:25
5.108 467.366 2386.341 03:50:26
5.108 468.244 2380.000 03:50:28
5.116 447.268 2268.780 03:50:29
5.084 559.244 2909.268 03:50:30
5.116 441.366 2260.976 03:50:31
5.092 513.146 2616.585 03:50:32
5.092 517.561 2625.366 03:50:33
5.092 518.439 2631.220 03:50:34
5.092 517.146 2620.000 03:50:35
5.088 520.659 2636.585 03:50:36
5.096 497.463 2584.878 03:50:37
5.088 511.951 2697.561 03:50:38
5.076 622.537 3200.000 03:50:39
5.064 596.951 2983.415 03:50:40
5.108 468.659 2393.659 03:50:41
5.092 493.049 2504.878 03:50:42
5.104 466.951 2379.512 03:50:43
5.092 513.951 2612.683 03:50:44
5.076 564.756 2651.707 03:50:45
5.092 513.854 2620.000 03:50:46
5.108 466.049 2382.439 03:50:47
5.088 570.341 2624.878 03:50:48
5.036 609.537 3111.220 03:50:49
5.080 551.244 2775.610 03:50:50
5.088 517.244 2631.707 03:50:51
5.088 520.244 2635.122 03:50:52
5.084 588.146 3268.780 03:50:53
5.088 517.756 2633.659 03:50:54
5.072 568.537 2805.366 03:50:55
5.068 616.951 2928.293 03:50:56
5.092 515.341 3001.951 03:50:57
5.052 594.146 2770.732 03:50:58
5.064 552.146 2739.024 03:50:59
5.076 552.341 2722.927 03:51:00
5.076 519.854 2962.927 03:51:01
5.072 572.244 2931.707 03:51:02
5.072 580.537 2770.732 03:51:03
5.068 525.659 2677.561 03:51:04
5.060 584.537 3059.512 03:51:05
5.072 569.049 2885.366 03:51:06
5.088 575.756 2674.146 03:51:07
5.076 546.951 2768.780 03:51:08
5.056 540.951 2753.171 03:51:09
5.088 519.146 2680.000 03:51:10
5.088 517.146 2965.854 03:51:11
5.088 515.439 2622.927 03:51:12
5.052 585.146 2968.293 03:51:13
5.092 533.146 2642.439 03:51:14
5.076 638.244 2931.707 03:51:15
5.084 542.439 2750.732 03:51:16
5.088 522.049 2620.000 03:51:17
5.076 572.049 2793.171 03:51:18
5.060 606.341 2625.366 03:51:19
5.088 514.244 2641.463 03:51:20
5.088 512.854 2616.585 03:51:21
5.092 517.049 2622.439 03:51:22
5.088 561.537 2726.341 03:51:23
5.088 516.561 2635.122 03:51:24
5.088 600.341 3084.878 03:51:25
5.088 515.049 2618.049 03:51:26
5.076 536.049 2616.098 03:51:27
5.108 467.854 2386.341 03:51:28
5.084 511.854 2779.512 03:51:29
5.096 493.854 2560.976 03:51:30
5.096 493.756 2521.951 03:51:31
5.088 519.171 2640.976 03:51:32
5.076 544.439 2763.902 03:51:33
5.088 519.073 3105.366 03:51:34
5.076 552.732 2706.341 03:51:35
5.072 571.463 2921.951 03:51:36
5.088 469.854 2386.341 03:51:37
5.064 619.756 3022.439 03:51:38
5.104 467.756 2389.268 03:51:39
5.088 518.634 2623.415 03:51:40
5.068 573.854 2960.000 03:51:41
5.080 519.756 3094.634 03:51:42
5.088 518.146 2634.146 03:51:43
5.088 513.561 2611.707 03:51:44
5.092 518.341 2621.463 03:51:45
5.088 544.146 2616.585 03:51:46
5.092 518.146 2634.146 03:51:47
5.092 513.951 2610.732 03:51:48
5.092 515.951 2621.463 03:51:49
5.104 466.634 2385.366 03:51:50
5.096 490.634 2549.268 03:51:51
5.104 468.634 2381.463 03:51:52
5.108 467.171 2391.220 03:51:53
5.096 467.268 2408.780 03:51:54
5.104 468.146 2385.366 03:51:55
5.076 557.659 2818.537 03:51:56
5.076 554.049 2811.707 03:51:57
