5.076 553.341 2807.805 01:58:00
5.016 742.341 3635.122 01:58:01
5.076 555.439 2817.073 01:58:02
5.076 552.341 2799.024 01:58:03
5.080 555.146 2812.683 01:58:04
5.088 520.341 2640.000 01:58:05
5.108 472.049 2385.854 01:58:06
5.108 467.049 2382.439 01:58:07
5.108 482.561 2384.878 01:58:08
5.108 469.244 2384.878 01:58:09
5.076 515.439 2640.000 01:58:10
5.108 466.854 2383.415 01:58:11
5.080 535.341 2726.829 01:58:12
5.108 467.854 2393.659 01:58:13
5.088 514.756 2614.146 01:58:14
5.092 516.049 2720.000 01:58:15
5.076 540.951 2920.976 01:58:16
5.072 576.537 2759.024 01:58:17
5.080 571.341 2979.512 01:58:18
5.056 519.439 2920.488 01:58:19
5.072 578.439 2786.341 01:58:20
5.080 543.439 2801.951 01:58:21
5.088 513.561 2611.220 01:58:22
5.076 551.146 2806.341 01:58:23
5.068 567.537 2881.463 01:58:24
5.088 518.659 2801.463 01:58:25
5.088 517.244 2639.024 01:58:26
5.084 520.341 2661.463 01:58:27
5.092 518.756 2633.659 01:58:28
5.100 492.756 2441.463 01:58:29
5.100 570.756 2921.951 01:58:30
5.100 488.341 2551.220 01:58:31
5.092 514.049 2610.244 01:58:32
5.080 552.439 2923.415 01:58:33
5.060 597.537 3009.268 01:58:34
5.088 567.439 3009.756 01:58:35
5.092 555.854 2744.390 01:58:36
5.088 514.756 2612.683 01:58:37
5.092 516.659 2624.878 01:58:38
5.108 466.366 2381.951 01:58:39
5.108 467.366 2386.341 01:58:40
5.104 467.463 2386.341 01:58:41
5.104 481.756 2396.098 01:58:42
5.108 472.049 2383.902 01:58:43
5.108 466.561 2386.341 01:58:44
5.096 504.659 2574.146 01:58:45
5.088 515.244 2641.463 01:58:46
5.076 551.756 2801.951 01:58:47
5.076 555.854 2812.683 01:58:48
5.076 552.049 2801.951 01:58:49
