5.004 720.927 3607.805 19:05:46
5.004 693.024 3480.000 19:05:47
5.012 684.537 3526.829 19:05:48
5.060 577.439 2918.049 19:05:49
5.088 502.659 2525.366 19:05:50
5.076 521.659 2653.659 19:05:51
5.008 715.634 3564.390 19:05:52
5.068 553.951 2797.073 19:05:53
5.020 668.927 3332.683 19:05:54
5.068 552.439 2799.512 19:05:55
5.016 713.341 3581.463 19:05:56
5.096 516.951 2383.902 19:05:57
5.008 703.927 3520.488 19:05:58
5.060 555.341 2810.732 19:05:59
5.012 715.317 3582.439 19:06:00
5.068 552.732 2796.098 19:06:01
4.980 724.829 3560.976 19:06:02
5.064 555.268 2813.659 19:06:03
5.064 552.244 2797.073 19:06:04
5.068 552.341 2800.976 19:06:05
5.064 553.366 2800.976 19:06:06
5.004 717.122 3596.098 19:06:07
5.052 587.854 2951.220 19:06:08
5.068 555.024 2814.634 19:06:09
5.068 552.341 2797.073 19:06:10
5.068 552.634 2800.976 19:06:11
5.068 552.341 2784.390 19:06:12
5.084 519.463 2880.000 19:06:13
5.020 703.610 2814.634 19:06:14
5.064 555.024 2811.707 19:06:15
5.068 553.024 2800.976 19:06:16
5.004 714.927 3558.049 19:06:17
5.064 551.756 2799.024 19:06:18
5.068 552.927 2800.976 19:06:19
5.064 555.024 2811.707 19:06:20
5.068 554.732 2809.756 19:06:21
5.068 554.927 2819.512 19:06:22
5.064 552.732 2816.585 19:06:23
5.080 513.854 2773.659 19:06:24
5.068 552.341 2799.024 19:06:25
5.068 555.171 2809.756 19:06:26
5.064 557.854 2813.659 19:06:27
5.068 552.829 2799.024 19:06:28
5.068 555.951 2829.268 19:06:29
5.068 553.024 2797.073 19:06:30
5.100 466.537 2393.171 19:06:31
5.096 470.439 2403.902 19:06:32
5.084 514.732 2613.659 19:06:33
5.080 514.049 2618.537 19:06:34
5.096 469.659 2393.171 19:06:35
5.096 466.878 2380.488 19:06:36
5.096 468.049 2376.585 19:06:37
5.096 468.878 2386.341 19:06:38
5.096 467.756 2398.049 19:06:39
5.096 467.463 2388.293 19:06:40
5.100 469.366 2393.171 19:06:41
5.084 513.463 2611.707 19:06:42
5.096 469.854 2381.463 19:06:43
5.100 467.171 2383.415 19:06:44
5.096 469.854 2406.829 19:06:45
5.100 495.951 2388.293 19:06:46
5.100 467.659 2378.537 19:06:47
5.096 466.878 2383.415 19:06:48
5.096 468.634 2378.537 19:06:49
5.096 467.659 2380.488 19:06:50
5.096 472.049 2393.171 19:06:51
5.100 469.854 2389.268 19:06:52
5.096 466.244 2394.146 19:06:53
5.100 467.463 2383.415 19:06:54
5.100 467.171 2398.049 19:06:55
5.100 466.732 2378.537 19:06:56
5.080 518.634 2616.585 19:06:57
5.096 470.537 2388.293 19:06:58
5.100 465.854 2373.659 19:06:59
5.092 470.341 2399.024 19:07:00
5.104 447.951 2283.902 19:07:01
5.088 491.854 2501.463 19:07:02
5.068 553.659 2806.829 19:07:03
5.068 553.951 2806.829 19:07:04
