5.004 729.634 3648.293 20:13:31
5.012 700.537 3399.024 20:13:32
5.012 685.341 3480.000 20:13:33
5.064 554.756 2796.585 20:13:34
5.096 477.244 2440.976 20:13:35
5.076 519.439 2633.659 20:13:36
5.080 517.756 2631.707 20:13:37
5.068 552.439 2805.366 20:13:38
5.020 714.634 3590.732 20:13:39
5.068 556.537 2824.390 20:13:40
5.012 699.829 3596.585 20:13:41
5.068 552.244 2811.707 20:13:42
5.012 713.122 3567.805 20:13:43
5.064 555.756 2815.610 20:13:44
5.012 713.829 3576.585 20:13:45
5.064 557.146 2816.585 20:13:46
5.012 714.244 3492.683 20:13:47
5.068 554.146 2800.488 20:13:48
5.008 723.927 3595.122 20:13:49
5.068 557.049 2820.488 20:13:50
5.008 712.732 3565.366 20:13:51
5.008 725.220 3640.488 20:13:52
5.012 722.341 3558.049 20:13:53
5.048 584.854 3016.098 20:13:54
5.000 755.122 3735.610 20:13:55
5.072 626.951 2827.805 20:13:56
5.008 712.634 3575.122 20:13:57
5.076 520.439 2707.805 20:13:58
5.060 559.146 2820.488 20:13:59
5.000 729.732 3277.073 20:14:00
5.076 530.049 2686.341 20:14:01
5.036 528.561 2683.902 20:14:02
5.016 719.341 3630.732 20:14:03
5.068 556.341 2837.073 20:14:04
5.064 563.439 2829.268 20:14:05
5.016 727.024 3595.122 20:14:06
5.032 573.024 2816.585 20:14:07
5.064 566.244 2803.902 20:14:08
5.056 566.927 2866.341 20:14:09
5.056 597.659 3059.512 20:14:10
5.068 553.561 2816.585 20:14:11
5.068 554.146 2809.756 20:14:12
5.056 558.439 3560.000 20:14:13
5.064 553.561 2803.902 20:14:14
5.068 558.341 2864.390 20:14:15
5.064 555.951 2818.537 20:14:16
5.068 557.463 2824.390 20:14:17
5.064 553.024 2811.707 20:14:18
5.068 559.171 2801.951 20:14:19
5.080 518.439 2628.293 20:14:20
5.096 470.634 2394.146 20:14:21
5.076 518.829 2639.024 20:14:22
5.080 514.927 2610.732 20:14:23
5.080 487.073 2389.268 20:14:24
5.096 467.951 2381.463 20:14:25
5.072 517.268 2393.171 20:14:26
5.100 469.463 2398.049 20:14:27
5.096 499.073 2385.366 20:14:28
5.096 467.756 2385.366 20:14:29
5.084 518.439 2681.951 20:14:30
5.096 467.659 2423.415 20:14:31
5.096 467.561 2386.341 20:14:32
5.080 516.732 2600.976 20:14:33
5.096 469.268 2391.220 20:14:34
5.100 468.049 2386.341 20:14:35
5.092 470.976 2659.512 20:14:36
5.100 467.073 2385.366 20:14:37
5.084 512.927 2623.415 20:14:38
5.080 529.756 2717.073 20:14:39
5.100 466.976 2383.415 20:14:40
5.064 560.146 2933.659 20:14:41
5.080 519.268 2624.390 20:14:42
5.100 466.634 2373.659 20:14:43
5.076 513.756 2619.512 20:14:44
5.080 515.756 2628.293 20:14:45
5.096 468.537 2393.171 20:14:46
5.096 467.366 2380.488 20:14:47
5.100 466.878 2381.463 20:14:48
5.096 466.244 2385.366 20:14:49
5.096 466.732 2385.366 20:14:50
5.076 513.854 2608.780 20:14:51
5.100 471.951 2393.171 20:14:52
5.100 467.659 2383.415 20:14:53
5.096 469.854 2406.829 20:14:54
5.004 733.024 3668.293 20:14:55
5.068 551.463 2791.220 20:14:56
5.064 556.244 2816.585 20:14:57
