5.000 727.634 3635.610 17:54:56
4.960 829.512 3422.439 17:54:57
5.012 682.927 3405.854 17:54:58
5.064 554.537 2808.780 17:54:59
5.080 517.073 2613.659 17:55:00
5.088 487.854 2480.976 17:55:01
5.012 713.220 3565.854 17:55:02
5.068 550.829 2791.220 17:55:04
5.068 556.439 2789.268 17:55:05
5.068 554.829 2800.976 17:55:06
5.068 555.268 2797.073 17:55:07
5.100 464.634 2370.732 17:55:08
5.068 550.537 2799.024 17:55:09
5.068 552.927 2806.829 17:55:10
5.068 552.829 2800.976 17:55:11
5.068 552.439 2792.195 17:55:12
5.012 708.927 3560.976 17:55:13
5.096 465.171 2375.610 17:55:14
5.096 465.268 2624.390 17:55:15
5.068 551.366 2792.195 17:55:16
5.072 552.732 2804.878 17:55:17
5.064 550.244 2784.390 17:55:18
5.068 552.732 2797.073 17:55:19
5.064 550.341 2787.317 17:55:20
5.100 467.171 2383.415 17:55:21
5.068 552.537 2789.268 17:55:22
5.064 553.171 2799.024 17:55:23
5.068 553.171 2808.780 17:55:24
5.064 550.829 2789.268 17:55:25
5.072 552.341 2797.073 17:55:26
5.096 466.878 2373.659 17:55:27
5.080 515.171 2600.976 17:55:28
5.100 466.146 2380.488 17:55:29
5.128 389.854 2000.000 17:55:30
5.100 467.756 2383.415 17:55:31
5.100 467.756 2385.366 17:55:32
5.128 390.683 1998.049 17:55:33
5.100 465.463 2388.293 17:55:34
5.100 466.049 2371.707 17:55:35
5.128 392.976 2010.732 17:55:36
5.096 468.049 2386.341 17:55:37
5.100 467.561 2383.415 17:55:38
5.100 467.854 2383.415 17:55:39
5.080 513.171 2618.537 17:55:40
5.096 464.976 2370.732 17:55:41
5.096 464.732 2367.805 17:55:42
5.100 466.244 2368.780 17:55:43
5.096 466.878 2383.415 17:55:44
5.100 464.634 2365.854 17:55:45
5.080 515.561 2616.585 17:55:46
5.096 465.951 2375.610 17:55:47
5.124 389.854 1996.098 17:55:48
5.096 467.561 2426.341 17:55:49
5.104 467.073 2403.902 17:55:50
5.100 466.732 2389.268 17:55:51
5.100 465.268 2375.610 17:55:52
5.100 468.634 2385.366 17:55:53
5.128 392.049 2000.976 17:55:54
5.072 466.634 2383.415 17:55:55
5.100 464.732 2381.463 17:55:56
5.100 468.244 2381.463 17:55:57
5.128 390.049 1993.171 17:55:58
5.100 467.073 2378.537 17:55:59
5.112 430.878 2186.341 17:56:00
5.104 439.756 2245.854 17:56:01
5.100 439.463 2248.780 17:56:02
5.068 549.659 2786.341 17:56:03
4.884 1038.878 3508.293 17:56:04
5.068 549.756 2783.415 17:56:05
