5.012 553.244 2800.488 19:53:26
5.020 692.122 3469.268 19:53:27
5.020 695.341 3390.244 19:53:28
5.060 602.537 3016.098 19:53:29
5.096 476.146 2426.341 19:53:30
5.080 515.146 2613.659 19:53:31
5.008 712.634 3590.244 19:53:32
5.068 555.244 2821.951 19:53:33
5.004 693.122 3589.268 19:53:34
5.068 552.341 2806.341 19:53:35
5.008 710.829 3594.146 19:53:36
5.096 469.854 2380.976 19:53:37
5.012 712.732 3580.488 19:53:38
5.024 552.341 2808.293 19:53:39
5.016 701.341 3594.146 19:53:40
5.068 555.049 2795.610 19:53:41
5.008 715.439 3580.000 19:53:42
5.080 518.439 2619.024 19:53:43
5.008 733.732 3581.951 19:53:44
5.008 604.732 2799.512 19:53:45
5.000 731.927 3638.049 19:53:46
5.060 555.439 2802.927 19:53:47
5.068 552.854 2800.488 19:53:48
5.068 553.146 2814.146 19:53:49
5.060 560.756 2877.073 19:53:50
5.052 681.146 3650.244 19:53:51
5.068 555.537 2810.732 19:53:52
5.056 579.146 3002.927 19:53:53
5.064 566.951 2862.927 19:53:54
5.064 555.146 2805.366 19:53:55
5.068 555.951 2815.122 19:53:56
5.068 555.537 2825.854 19:53:57
5.068 552.341 2799.512 19:53:58
5.064 553.537 2806.341 19:53:59
5.096 479.561 3743.415 19:54:00
5.076 530.659 2688.780 19:54:01
5.076 528.561 2763.902 19:54:02
5.068 554.659 2808.293 19:54:03
5.068 552.951 2801.463 19:54:04
5.068 554.854 2801.463 19:54:05
5.084 495.854 2555.122 19:54:06
5.068 559.146 2840.488 19:54:07
5.068 555.244 2813.171 19:54:08
5.072 554.951 2802.927 19:54:09
5.064 552.659 2804.390 19:54:10
5.064 553.146 2803.902 19:54:11
5.068 555.244 2815.610 19:54:12
5.096 470.463 2384.878 19:54:13
5.080 515.439 2613.659 19:54:14
5.096 470.854 2395.122 19:54:15
5.096 468.049 2387.317 19:54:16
5.080 514.439 2612.683 19:54:17
5.084 502.854 2554.146 19:54:18
5.096 467.756 2378.537 19:54:19
5.076 514.049 2607.317 19:54:20
5.080 516.341 2618.049 19:54:21
5.096 467.951 2387.317 19:54:22
5.080 513.756 2611.220 19:54:23
5.096 466.561 2375.122 19:54:24
5.096 468.854 2380.000 19:54:25
5.080 517.854 2608.780 19:54:26
5.100 466.951 2384.878 19:54:27
5.100 468.244 2390.732 19:54:28
5.068 551.146 2787.805 19:54:29
5.100 466.854 2377.073 19:54:30
5.096 467.561 2378.537 19:54:31
5.080 517.439 2620.000 19:54:32
5.096 466.951 2380.000 19:54:33
5.100 468.463 2377.561 19:54:34
5.100 466.659 2378.537 19:54:35
5.096 466.561 2380.000 19:54:36
5.096 466.659 2381.951 19:54:37
5.080 515.854 2620.000 19:54:38
5.096 469.854 2397.073 19:54:39
5.084 503.463 2556.098 19:54:40
5.092 469.659 2582.927 19:54:41
5.096 469.366 2379.512 19:54:42
5.096 466.561 2383.902 19:54:43
5.096 467.951 2395.122 19:54:44
5.096 467.244 2383.902 19:54:45
5.068 552.146 2795.122 19:54:46
5.068 553.049 2807.805 19:54:47
5.068 573.537 2815.122 19:54:48
