5.020 555.756 2811.707 18:57:12
5.012 686.927 3566.341 18:57:13
5.012 695.927 3511.220 18:57:14
5.064 552.854 2800.488 18:57:15
5.096 478.756 2425.854 18:57:16
5.128 390.756 2005.366 18:57:17
5.100 466.561 2382.439 18:57:18
5.068 554.537 3446.341 18:57:19
5.032 580.439 3192.195 18:57:20
5.020 741.341 2844.390 18:57:21
5.020 587.537 2941.951 18:57:22
5.068 561.341 2815.610 18:57:23
5.000 717.634 3534.146 18:57:24
5.068 562.439 2801.463 18:57:25
5.004 712.537 3567.805 18:57:26
5.064 556.756 3283.902 18:57:27
5.068 554.439 2799.024 18:57:28
5.080 532.146 2616.585 18:57:29
5.012 711.927 3667.805 18:57:30
5.068 553.537 2799.024 18:57:31
5.068 554.854 2812.683 18:57:32
5.060 614.634 2924.390 18:57:33
5.008 713.732 3551.707 18:57:34
5.096 467.561 2396.098 18:57:35
5.096 515.439 2627.317 18:57:36
5.068 553.537 2796.585 18:57:38
5.060 561.537 2799.024 18:57:39
5.020 592.049 2812.683 18:57:40
5.068 553.244 2798.049 18:57:41
5.068 552.756 2801.463 18:57:42
5.048 586.951 3056.098 18:57:43
5.068 552.659 2795.610 18:57:44
5.068 603.341 2881.951 18:57:45
5.016 558.341 2810.244 18:57:46
5.068 563.341 2799.024 18:57:47
5.068 553.439 2810.732 18:57:48
5.096 471.146 2489.756 18:57:49
5.068 554.537 2806.829 18:57:50
5.068 555.146 2812.683 18:57:51
5.068 552.537 2807.805 18:57:52
5.068 555.756 2828.293 18:57:53
5.068 554.146 2811.707 18:57:54
5.084 522.049 2626.341 18:57:55
5.080 517.439 2609.268 18:57:56
5.100 469.756 2391.220 18:57:57
5.080 518.146 2635.122 18:57:58
5.096 467.049 2377.073 18:57:59
5.092 488.463 2563.902 18:58:00
5.088 495.951 2538.537 18:58:01
5.088 488.561 2495.122 18:58:02
5.068 553.854 2806.829 18:58:03
5.068 553.854 2806.829 18:58:04
5.068 552.341 2795.610 18:58:05
5.072 554.244 2795.122 18:58:06
5.064 552.439 2801.463 18:58:07
5.096 469.854 2390.732 18:58:08
5.096 469.146 2401.463 18:58:09
5.100 466.659 2412.683 18:58:10
5.084 513.756 2607.317 18:58:11
5.100 467.049 2389.756 18:58:12
5.080 514.341 2613.659 18:58:13
5.100 466.463 2372.683 18:58:14
5.100 466.659 2383.902 18:58:15
5.100 478.244 2383.902 18:58:16
5.080 518.561 2622.439 18:58:17
5.084 513.439 2611.220 18:58:18
5.084 514.561 2616.585 18:58:19
5.076 516.341 2618.049 18:58:20
5.084 512.341 2607.317 18:58:21
5.100 474.854 2379.512 18:58:22
5.100 467.756 2393.659 18:58:23
5.100 469.049 2379.512 18:58:24
5.096 465.659 2373.659 18:58:25
5.096 466.366 2376.098 18:58:26
5.080 519.659 2663.902 18:58:27
5.068 553.341 2806.341 18:58:28
5.068 550.951 2786.829 18:58:29
