5.064 554.951 2805.366 17:47:05
5.004 719.537 3470.244 17:47:06
5.008 710.244 3529.268 17:47:07
5.100 471.854 2400.976 17:47:08
5.096 471.561 2399.512 17:47:09
5.096 469.366 2387.317 17:47:10
5.012 707.732 3498.049 17:47:11
5.072 551.049 2786.829 17:47:12
5.064 552.756 2877.073 17:47:13
5.068 553.341 2799.024 17:47:14
5.064 554.146 2805.366 17:47:15
5.100 465.854 2370.732 17:47:16
5.068 553.049 2786.341 17:47:17
5.068 550.756 2831.707 17:47:18
5.064 552.854 2788.293 17:47:19
5.068 562.146 2788.293 17:47:20
5.068 556.049 2807.805 17:47:21
5.096 467.951 2370.732 17:47:22
5.064 552.951 2799.024 17:47:23
5.064 550.537 2786.829 17:47:24
5.068 549.756 2786.341 17:47:25
5.068 550.146 2790.732 17:47:26
5.068 552.756 2799.024 17:47:27
5.096 465.244 2385.854 17:47:28
5.060 573.854 2889.268 17:47:29
5.068 551.341 2790.732 17:47:30
5.068 552.659 2803.902 17:47:31
5.068 552.341 2797.073 17:47:32
5.068 559.049 2831.707 17:47:33
5.072 552.854 2799.024 17:47:34
5.100 467.756 2388.293 17:47:35
5.100 470.049 2374.634 17:47:36
5.100 468.366 2365.854 17:47:37
5.096 467.854 2382.439 17:47:38
5.096 481.146 2401.463 17:47:39
5.080 511.049 2609.268 17:47:40
5.096 467.854 2380.000 17:47:41
5.080 515.244 2620.000 17:47:42
5.096 467.244 2398.537 17:47:43
5.096 465.463 2375.122 17:47:44
5.080 515.049 2615.122 17:47:45
5.100 465.049 2371.220 17:47:46
5.128 391.854 2071.707 17:47:47
5.084 513.439 2619.024 17:47:48
5.100 464.756 2377.073 17:47:49
5.096 466.463 2379.512 17:47:50
5.100 465.463 2369.756 17:47:51
5.096 467.049 2372.195 17:47:52
5.124 390.073 2007.805 17:47:53
5.100 466.463 2384.878 17:47:54
5.096 467.756 2370.732 17:47:55
5.124 390.171 1997.073 17:47:56
5.084 512.049 2611.220 17:47:57
5.100 466.366 2392.195 17:47:58
5.124 389.659 1995.122 17:47:59
5.072 513.341 2606.341 17:48:00
5.108 440.146 2242.439 17:48:01
5.112 445.463 2251.220 17:48:02
5.068 552.659 2806.341 17:48:03
5.064 552.756 2799.512 17:48:04
5.096 478.756 2414.634 17:48:05
5.064 550.049 2790.244 17:48:06
5.064 549.854 2786.341 17:48:07
5.100 465.049 2370.732 17:48:08
5.096 466.049 2372.683 17:48:09
5.100 465.049 2374.634 17:48:10
5.080 516.439 2601.463 17:48:11
5.064 549.854 2789.268 17:48:12
5.068 554.439 2790.732 17:48:13
