5.004 734.927 3674.634 19:07:30
5.016 699.829 3501.463 19:07:31
5.016 702.122 3487.805 19:07:32
5.068 554.854 2807.805 19:07:33
5.084 528.049 2429.756 19:07:34
5.080 514.756 2607.317 19:07:35
5.064 564.146 2851.707 19:07:36
5.072 554.537 3526.829 19:07:37
5.012 713.122 3513.659 19:07:38
5.064 552.341 2795.610 19:07:40
5.008 717.732 3575.610 19:07:41
5.076 518.439 2628.780 19:07:42
5.016 710.829 3551.220 19:07:43
5.068 553.049 2793.171 19:07:44
5.004 695.634 3589.268 19:07:45
5.068 562.439 2798.049 19:07:46
5.004 714.829 3575.610 19:07:47
5.068 541.537 2777.561 19:07:48
5.068 553.049 2801.951 19:07:49
5.068 554.341 2799.024 19:07:50
5.004 714.439 3578.049 19:07:51
5.024 579.756 3252.683 19:07:52
5.004 713.634 3605.366 19:07:53
5.052 586.537 3046.829 19:07:54
5.068 552.854 2796.585 19:07:55
5.068 563.146 2974.634 19:07:56
5.016 721.122 3575.122 19:07:57
5.068 553.659 2798.049 19:07:58
5.068 555.854 2810.244 19:07:59
5.076 614.049 2675.122 19:08:00
5.064 553.951 2885.854 19:08:01
5.068 557.537 2802.927 19:08:02
5.068 552.537 2797.073 19:08:03
5.068 554.756 2806.341 19:08:04
5.060 555.341 2828.293 19:08:05
5.072 553.146 2799.024 19:08:06
5.020 637.634 2837.073 19:08:07
5.016 720.732 3622.927 19:08:08
5.064 563.049 2876.585 19:08:09
5.060 567.244 2873.171 19:08:10
5.060 556.951 2816.585 19:08:11
5.068 554.854 2797.073 19:08:12
5.064 554.756 2816.585 19:08:13
5.068 555.537 2818.049 19:08:14
5.064 553.341 2799.024 19:08:15
5.080 516.341 2626.341 19:08:16
5.080 518.439 2635.122 19:08:17
5.096 467.951 2385.854 19:08:18
5.076 518.049 2631.707 19:08:19
5.080 515.561 2622.439 19:08:20
5.080 515.439 2627.805 19:08:21
5.080 517.244 2620.000 19:08:22
5.076 516.854 2625.366 19:08:23
5.100 467.756 2381.951 19:08:24
5.100 467.049 2392.195 19:08:25
5.096 469.049 2400.976 19:08:26
5.096 469.146 2391.220 19:08:27
5.080 518.659 2631.220 19:08:28
5.096 471.659 2391.220 19:08:29
5.096 469.244 2574.146 19:08:30
5.080 513.659 2613.659 19:08:31
5.092 469.049 2388.293 19:08:32
5.080 515.854 2618.049 19:08:33
5.084 513.561 2607.317 19:08:34
5.080 515.146 2620.000 19:08:35
5.080 515.146 2616.585 19:08:36
5.096 466.756 2377.073 19:08:37
5.096 466.756 2385.854 19:08:38
5.080 515.756 2618.049 19:08:39
5.096 467.244 2382.439 19:08:40
5.096 468.366 2400.976 19:08:41
5.080 516.659 2619.024 19:08:42
5.100 467.244 2381.951 19:08:43
5.100 471.244 2385.854 19:08:44
5.084 515.951 2616.585 19:08:45
5.096 467.244 2380.000 19:08:46
5.012 698.244 2805.366 19:08:47
5.068 551.951 2794.146 19:08:48
5.068 551.244 2793.171 19:08:49
