5.004 735.732 3679.024 18:10:50
5.016 689.829 3601.951 18:10:51
5.004 733.024 3725.854 18:10:52
5.072 550.854 2792.683 18:10:53
5.096 475.244 2419.512 18:10:54
5.080 513.341 2603.902 18:10:55
5.008 715.927 3590.732 18:10:56
5.068 552.537 2790.732 18:10:57
5.060 570.537 2899.024 18:10:58
5.008 710.732 3587.805 18:10:59
5.076 514.854 2612.683 18:11:00
5.076 468.951 2393.659 18:11:01
5.100 465.951 2371.220 18:11:02
5.016 635.439 3142.439 18:11:03
5.068 550.244 2790.732 18:11:04
5.052 578.439 2968.293 18:11:05
5.064 552.146 2788.293 18:11:06
5.068 551.244 2789.268 18:11:07
5.084 499.756 2516.098 18:11:08
5.084 515.951 2665.366 18:11:09
5.068 550.659 2786.341 18:11:10
5.060 550.439 2787.805 18:11:11
5.068 553.049 2800.488 18:11:12
5.068 552.756 2854.634 18:11:13
5.052 589.951 2980.488 18:11:14
5.100 467.049 2388.293 18:11:15
5.068 552.439 2788.293 18:11:16
5.064 551.146 2787.805 18:11:17
5.068 551.439 2791.707 18:11:18
5.068 550.537 2797.073 18:11:19
5.072 551.854 2792.683 18:11:20
5.100 467.659 2394.634 18:11:21
5.100 465.756 2402.439 18:11:22
5.096 465.659 2376.098 18:11:23
5.096 465.463 2377.073 18:11:24
5.088 501.854 2547.317 18:11:25
5.084 511.951 2613.659 18:11:26
5.084 500.146 2540.000 18:11:27
5.100 466.146 2367.317 18:11:28
5.080 514.341 2607.317 18:11:29
5.104 467.854 2371.220 18:11:30
5.100 465.659 2373.659 18:11:31
5.080 512.439 2600.000 18:11:32
5.080 514.561 2612.683 18:11:33
5.096 471.146 2381.951 18:11:34
5.100 466.049 2367.317 18:11:35
5.088 499.756 2551.220 18:11:36
5.100 466.659 2380.000 18:11:37
5.100 465.244 2369.756 18:11:38
5.080 516.049 2608.780 18:11:39
5.100 467.659 2365.854 18:11:40
5.100 467.659 2375.122 18:11:41
5.100 467.756 2371.220 18:11:42
5.096 466.463 2382.439 18:11:43
5.100 467.049 2383.415 18:11:44
5.100 467.463 2368.293 18:11:45
5.096 464.756 2376.098 18:11:46
5.088 503.341 2550.244 18:11:47
5.100 464.951 2366.341 18:11:48
5.100 466.463 2366.341 18:11:49
5.100 466.756 2473.659 18:11:50
5.096 464.854 2372.195 18:11:51
5.096 464.951 2420.000 18:11:52
5.096 467.146 2383.902 18:11:53
5.096 467.659 2382.439 18:11:54
5.092 467.659 2379.512 18:11:55
5.096 469.561 2383.902 18:11:56
5.100 466.146 2386.341 18:11:57
5.068 559.659 2801.951 18:11:58
5.068 549.049 2781.463 18:11:59
5.068 555.854 2806.341 18:12:00
