5.012 695.732 3494.146 18:37:00
5.020 654.732 3346.341 18:37:01
4.924 876.829 4309.268 18:37:02
5.068 551.951 2799.024 18:37:03
5.068 555.024 2806.829 18:37:04
5.076 533.268 2739.512 18:37:05
5.100 467.756 2380.488 18:37:06
5.012 719.512 3595.122 18:37:07
5.068 551.756 2794.146 18:37:08
5.008 717.024 3585.366 18:37:09
5.024 699.220 2792.195 18:37:10
5.012 700.732 3512.195 18:37:11
5.080 513.073 2616.585 18:37:12
5.004 715.756 3567.805 18:37:13
5.072 557.024 2796.098 18:37:14
5.064 553.951 2801.951 18:37:15
5.064 554.049 2808.780 18:37:16
5.068 554.829 2808.780 18:37:17
5.100 468.976 2376.585 18:37:18
5.064 554.049 2804.878 18:37:19
5.064 555.268 2806.829 18:37:20
5.012 703.415 3610.732 18:37:21
5.068 554.732 2801.951 18:37:22
5.068 554.439 2808.780 18:37:23
5.084 513.463 3041.951 18:37:24
5.068 554.537 2792.195 18:37:25
5.068 551.854 3092.683 18:37:26
5.072 551.854 2789.268 18:37:27
5.068 553.854 2801.951 18:37:28
5.068 554.146 2804.878 18:37:29
5.092 480.244 2376.585 18:37:30
5.008 696.829 3590.244 18:37:31
5.068 706.049 2801.951 18:37:32
5.028 574.439 2917.073 18:37:33
5.068 555.366 2808.780 18:37:34
5.068 556.146 2801.951 18:37:35
5.096 466.732 2380.488 18:37:36
5.100 467.073 2376.585 18:37:37
5.100 466.146 2383.415 18:37:38
5.100 469.366 2391.220 18:37:39
5.096 468.634 2396.098 18:37:40
5.096 468.537 2386.341 18:37:41
5.100 466.976 2378.537 18:37:42
5.080 513.756 2601.951 18:37:43
5.096 469.073 2373.659 18:37:44
5.100 468.244 2376.585 18:37:45
5.096 468.976 2402.927 18:37:46
5.100 468.439 2385.366 18:37:47
5.100 467.366 2380.488 18:37:48
5.096 467.463 2378.537 18:37:49
5.080 513.268 2610.732 18:37:50
5.100 469.268 2388.293 18:37:51
5.096 468.341 2389.268 18:37:52
5.084 515.366 2628.293 18:37:53
5.100 469.659 2388.293 18:37:54
5.100 517.854 2601.951 18:37:55
5.088 467.951 2383.415 18:37:56
5.100 466.244 2383.415 18:37:57
5.096 468.439 2388.293 18:37:58
5.080 517.756 2600.976 18:37:59
5.100 467.659 2391.220 18:38:00
5.108 440.146 2247.805 18:38:01
5.092 487.561 2479.024 18:38:02
5.100 465.756 2376.585 18:38:03
5.096 466.634 2376.585 18:38:04
5.084 515.659 2610.732 18:38:05
5.084 513.756 2608.780 18:38:06
5.100 466.049 2388.293 18:38:07
5.100 466.049 2373.659 18:38:08
5.100 466.878 2378.537 18:38:09
5.100 467.951 2373.659 18:38:10
5.100 465.951 2370.732 18:38:11
5.100 465.659 2370.732 18:38:12
5.068 550.537 2796.098 18:38:13
5.068 554.537 2791.220 18:38:14
5.068 552.829 2799.024 18:38:15
