5.004 730.927 3582.927 19:31:56
5.016 709.024 3538.049 19:31:57
5.024 692.732 3450.244 19:31:59
5.076 527.951 2676.585 19:32:00
5.068 554.439 2805.366 19:32:01
5.088 490.951 2491.220 19:32:02
5.012 711.024 3569.268 19:32:03
5.068 554.537 2805.366 19:32:04
5.008 716.537 3581.463 19:32:05
5.064 551.951 2837.073 19:32:06
4.996 754.634 3734.146 19:32:07
5.080 516.951 2627.317 19:32:08
5.012 716.537 3567.805 19:32:09
5.060 555.537 2801.463 19:32:10
5.012 713.537 3581.463 19:32:11
5.068 599.537 2998.049 19:32:12
5.016 745.439 3609.268 19:32:13
5.064 553.146 2815.610 19:32:14
5.016 695.829 3701.463 19:32:15
5.016 555.951 2812.683 19:32:16
5.012 555.366 2808.780 19:32:17
5.056 590.537 3012.683 19:32:18
5.068 539.659 2721.951 19:32:19
5.072 552.439 2799.024 19:32:20
5.068 552.927 2806.829 19:32:21
5.068 553.659 2800.976 19:32:22
5.064 553.366 2797.073 19:32:23
5.064 553.951 2800.976 19:32:24
5.044 604.927 3099.512 19:32:25
5.064 552.634 2800.976 19:32:26
5.064 692.049 2893.659 19:32:27
5.056 581.268 2984.390 19:32:28
5.044 627.756 3086.829 19:32:29
5.056 585.122 2941.463 19:32:30
5.012 714.829 3610.732 19:32:31
5.008 711.854 3609.756 19:32:32
5.012 712.537 3578.537 19:32:33
5.068 563.171 2797.073 19:32:34
5.068 555.951 2801.951 19:32:35
5.096 469.463 2403.902 19:32:36
5.068 554.439 2872.195 19:32:37
5.064 551.951 2796.098 19:32:38
5.064 552.634 2801.951 19:32:39
5.048 709.512 3562.927 19:32:40
5.068 551.951 2799.024 19:32:41
5.080 515.659 2618.537 19:32:42
5.096 469.854 2398.049 19:32:43
5.100 467.171 2383.415 19:32:44
5.100 467.171 2375.610 19:32:45
5.080 514.341 2619.512 19:32:46
5.080 513.561 2608.780 19:32:47
5.076 520.439 2639.024 19:32:48
5.080 521.366 2646.829 19:32:49
5.080 519.268 2628.293 19:32:50
5.068 551.171 2796.098 19:32:51
5.100 469.366 2400.976 19:32:52
5.096 467.171 2378.537 19:32:53
5.080 514.634 2610.732 19:32:54
5.076 518.146 2621.463 19:32:55
5.080 512.732 2606.829 19:32:56
5.100 469.756 2383.415 19:32:57
5.096 467.171 2381.463 19:32:58
5.080 514.537 2606.829 19:32:59
5.096 488.537 2446.829 19:33:00
5.108 441.854 2255.610 19:33:01
5.088 501.561 2373.659 19:33:02
5.068 554.927 2797.073 19:33:03
5.068 552.537 2799.024 19:33:04
5.064 595.463 2952.195 19:33:05
5.068 551.854 2797.073 19:33:06
5.068 554.829 2814.634 19:33:07
5.096 466.976 2378.537 19:33:08
5.096 467.171 2383.415 19:33:09
5.100 466.537 2391.220 19:33:10
5.100 469.366 2388.293 19:33:11
5.100 466.732 2378.537 19:33:12
5.096 467.561 2383.415 19:33:13
5.100 468.244 2380.488 19:33:14
5.000 733.220 3671.220 19:33:15
5.068 551.561 2797.073 19:33:16
5.068 551.951 2803.902 19:33:17
