5.000 732.024 3662.927 17:53:22
4.964 849.512 4274.146 17:53:23
5.012 684.049 3485.854 17:53:24
5.064 551.024 2792.195 17:53:25
5.096 474.732 2433.171 17:53:26
5.108 443.171 2266.341 17:53:27
5.096 465.659 2371.707 17:53:28
5.012 692.146 3558.049 17:53:29
5.068 552.634 2837.073 17:53:30
5.064 552.732 2800.976 17:53:31
5.072 551.024 2800.976 17:53:32
5.072 551.756 2797.073 17:53:33
5.100 468.537 2370.732 17:53:34
5.064 551.366 2783.415 17:53:35
5.068 550.439 2792.195 17:53:36
5.064 549.463 2789.268 17:53:37
5.068 552.829 2800.976 17:53:38
5.064 551.854 2794.146 17:53:39
5.096 464.878 2368.780 17:53:40
5.068 550.341 2792.195 17:53:41
5.068 551.756 2784.390 17:53:42
5.068 550.927 2786.341 17:53:43
5.064 553.268 2796.098 17:53:44
5.068 553.171 2787.317 17:53:45
5.092 484.049 2473.171 17:53:46
5.088 496.439 2526.829 17:53:47
5.096 468.146 2383.415 17:53:48
5.072 554.927 2799.024 17:53:49
5.064 552.732 2801.951 17:53:50
5.068 553.268 2800.976 17:53:51
5.068 549.659 2789.268 17:53:52
5.068 554.829 2809.756 17:53:53
5.076 512.634 2601.951 17:53:54
5.100 468.146 2386.341 17:53:55
5.128 391.268 1996.098 17:53:56
5.076 515.268 2389.268 17:53:57
5.096 470.049 2388.293 17:53:58
5.124 389.756 1995.122 17:53:59
5.108 700.439 3043.902 17:54:00
5.100 466.537 2460.488 17:54:01
5.108 441.756 2242.927 17:54:02
5.068 551.366 2800.976 17:54:03
5.068 550.732 2990.244 17:54:04
5.072 550.049 2784.390 17:54:05
5.064 553.756 2800.976 17:54:06
5.068 553.024 2799.024 17:54:07
5.124 389.659 1995.122 17:54:08
5.100 464.976 2368.780 17:54:09
5.100 465.073 2375.610 17:54:10
5.100 467.561 2370.732 17:54:11
5.100 467.854 2376.585 17:54:12
5.096 464.049 2386.341 17:54:13
5.128 388.976 2002.927 17:54:14
5.100 464.976 2371.707 17:54:15
5.100 465.366 2367.805 17:54:16
5.124 389.171 2009.756 17:54:17
5.084 511.756 2603.902 17:54:18
5.100 469.463 2388.293 17:54:19
5.128 391.366 1996.098 17:54:20
5.100 469.366 2381.463 17:54:21
5.096 465.756 2370.732 17:54:22
5.124 389.171 2000.000 17:54:23
5.100 464.976 2367.805 17:54:24
5.100 465.756 2368.780 17:54:25
5.100 465.171 2376.585 17:54:26
5.124 391.073 2000.000 17:54:27
5.096 465.268 2373.659 17:54:28
5.100 464.976 2383.415 17:54:29
5.072 549.268 2783.415 17:54:30
5.068 549.659 2784.390 17:54:31
