4.996 735.732 3679.024 20:30:17
5.016 692.244 3440.000 20:30:18
5.016 699.341 3464.878 20:30:19
5.064 560.146 2810.244 20:30:20
5.092 477.854 2427.317 20:30:21
5.092 487.049 2256.098 20:30:22
5.100 467.049 2380.976 20:30:23
5.068 555.341 2801.463 20:30:24
5.064 553.854 2807.805 20:30:25
5.068 680.146 3012.195 20:30:26
5.068 554.537 2804.390 20:30:27
5.044 555.049 2811.707 20:30:28
5.064 554.146 2800.488 20:30:29
5.068 617.732 3382.439 20:30:30
5.008 715.024 3601.951 20:30:31
5.056 583.146 2965.854 20:30:32
5.008 716.634 3590.732 20:30:33
5.088 529.659 2752.683 20:30:34
5.012 720.122 3597.561 20:30:35
5.056 572.537 3191.220 20:30:36
5.068 552.756 2799.512 20:30:37
5.044 597.537 2954.634 20:30:38
5.060 583.756 2951.707 20:30:39
5.068 586.634 2948.293 20:30:40
5.064 556.439 2820.488 20:30:41
5.008 734.537 3735.610 20:30:42
5.064 557.171 2844.878 20:30:43
5.064 561.463 2803.902 20:30:44
5.064 558.537 2809.756 20:30:45
5.064 553.854 2814.634 20:30:46
5.064 554.049 2816.585 20:30:47
5.064 674.244 2803.902 20:30:48
5.068 557.171 2801.951 20:30:49
5.072 592.537 3004.878 20:30:50
5.000 753.805 3725.854 20:30:51
5.004 634.634 2800.976 20:30:52
5.008 711.415 3575.610 20:30:53
5.012 722.537 3628.293 20:30:54
5.064 571.268 3438.049 20:30:55
5.064 560.829 2611.707 20:30:56
5.068 553.171 2796.098 20:30:57
5.064 556.244 2846.829 20:30:58
5.032 557.561 2801.951 20:30:59
5.080 528.537 4007.805 20:31:00
5.076 528.146 2679.024 20:31:01
5.108 444.146 2273.171 20:31:02
5.068 553.268 2799.024 20:31:03
5.068 556.341 2811.707 20:31:04
5.064 553.024 2811.707 20:31:05
5.068 553.171 2808.780 20:31:06
5.064 555.854 2813.659 20:31:08
5.096 469.756 2396.098 20:31:09
5.100 470.244 2381.463 20:31:10
5.092 467.073 2381.463 20:31:11
5.096 468.634 2386.341 20:31:12
5.096 470.537 2393.171 20:31:13
5.100 469.171 2385.366 20:31:14
5.100 470.244 2389.268 20:31:15
5.100 468.634 2383.415 20:31:16
5.096 470.146 2405.854 20:31:17
5.100 467.854 2378.537 20:31:18
5.100 467.366 2393.171 20:31:19
5.096 466.634 2380.488 20:31:20
5.096 471.659 2394.146 20:31:21
5.100 466.976 2375.610 20:31:22
5.096 469.951 2398.049 20:31:23
5.092 468.146 2385.366 20:31:24
5.100 466.732 2380.488 20:31:25
5.100 466.634 2381.463 20:31:26
5.100 467.073 2393.171 20:31:27
5.100 471.659 2380.488 20:31:28
5.096 469.561 2389.268 20:31:29
5.100 466.732 2380.488 20:31:30
5.100 469.561 2378.537 20:31:31
5.096 467.268 2381.463 20:31:32
5.096 469.463 2389.268 20:31:33
5.096 469.463 2394.146 20:31:34
5.100 467.073 2375.610 20:31:35
5.096 469.073 2393.171 20:31:36
5.096 468.341 2400.976 20:31:37
5.096 469.756 2400.976 20:31:38
5.100 468.976 2385.366 20:31:39
5.096 466.049 2373.659 20:31:40
5.100 470.976 2383.415 20:31:41
5.096 466.049 2378.537 20:31:42
5.004 696.537 2831.220 20:31:43
5.068 551.463 2794.146 20:31:44
