4.988 771.415 3842.927 20:02:34
5.020 705.341 3460.488 20:02:35
5.016 695.244 3471.707 20:02:36
5.068 558.341 2812.683 20:02:37
5.068 555.244 2809.268 20:02:38
5.100 467.659 2386.341 20:02:39
5.008 719.537 3569.268 20:02:40
5.064 551.756 2799.512 20:02:41
5.052 580.439 2983.415 20:02:42
5.064 555.244 2806.341 20:02:43
5.008 714.122 3596.585 20:02:44
5.068 533.561 2722.927 20:02:45
5.008 713.732 3555.122 20:02:46
5.064 559.951 2806.829 20:02:47
5.008 713.927 3567.805 20:02:48
5.008 637.951 2798.049 20:02:49
5.008 714.439 3576.585 20:02:50
5.052 619.244 3155.610 20:02:51
5.012 732.220 3517.561 20:02:52
5.064 554.049 2801.951 20:02:53
5.000 729.024 3566.341 20:02:54
5.064 618.829 2802.927 20:02:55
5.036 623.634 3127.317 20:02:56
5.064 615.537 2859.512 20:02:57
5.064 554.146 2801.463 20:02:58
5.068 553.146 2804.390 20:02:59
4.996 749.610 3515.122 20:03:00
5.088 495.854 2508.293 20:03:01
5.076 536.537 2676.098 20:03:02
5.020 715.854 3577.561 20:03:03
5.060 587.268 2937.561 20:03:04
5.008 715.220 3565.854 20:03:05
5.064 563.561 2840.000 20:03:06
5.036 636.829 3052.683 20:03:07
5.024 553.024 2799.024 20:03:08
5.064 556.634 2808.780 20:03:09
5.072 553.366 2803.902 20:03:10
5.068 555.561 2801.951 20:03:11
5.060 554.439 2808.780 20:03:12
5.004 564.537 3384.390 20:03:13
5.060 587.756 2954.146 20:03:14
5.064 554.829 2811.707 20:03:15
5.072 555.366 2858.537 20:03:16
5.068 554.341 2808.780 20:03:17
5.068 549.561 2794.146 20:03:18
5.068 555.268 2804.878 20:03:19
5.064 558.634 2818.537 20:03:20
5.064 556.341 2816.585 20:03:21
5.068 556.341 2811.707 20:03:22
5.068 555.854 2811.707 20:03:23
5.080 516.732 2619.512 20:03:24
5.096 470.537 2398.049 20:03:25
5.092 473.366 2400.976 20:03:26
5.076 518.049 2634.146 20:03:27
5.076 515.756 2613.659 20:03:28
5.068 551.951 2818.537 20:03:29
5.080 515.171 2614.634 20:03:30
5.100 467.756 2383.415 20:03:31
5.084 514.049 2624.390 20:03:32
5.080 516.634 2636.098 20:03:33
5.080 514.244 2613.659 20:03:34
5.076 516.146 2623.415 20:03:35
5.080 513.951 2614.634 20:03:36
5.080 515.366 2626.341 20:03:37
5.080 513.073 2603.902 20:03:38
5.080 516.146 2640.976 20:03:39
5.072 551.024 2786.341 20:03:40
5.100 467.561 2386.341 20:03:41
5.100 467.756 2381.463 20:03:42
5.080 516.049 2631.220 20:03:43
5.092 467.268 2385.366 20:03:44
5.096 469.854 2386.341 20:03:45
5.080 514.439 2614.634 20:03:46
5.100 471.171 2386.341 20:03:47
5.080 513.268 2610.732 20:03:48
5.096 469.854 2386.341 20:03:49
5.096 466.439 2375.610 20:03:50
5.084 503.756 2559.024 20:03:51
5.096 466.878 2383.415 20:03:52
5.096 466.878 2389.268 20:03:53
5.096 467.561 2380.488 20:03:54
5.096 469.171 2389.268 20:03:55
5.000 737.951 3695.610 20:03:56
5.068 554.049 2808.780 20:03:57
5.068 554.244 2792.195 20:03:58
