5.068 552.244 2797.073 18:33:41
5.020 685.341 3451.707 18:33:42
5.016 690.341 3481.463 18:33:43
5.068 551.659 2790.732 18:33:44
5.096 476.463 2423.415 18:33:45
5.080 520.561 2635.122 18:33:46
5.008 713.927 3571.707 18:33:47
5.068 554.244 2818.049 18:33:48
5.008 717.927 3584.390 18:33:49
5.068 556.756 2821.951 18:33:50
5.060 574.854 2940.976 18:33:51
4.988 799.195 3690.732 18:33:52
5.008 709.439 3580.488 18:33:53
5.068 552.439 2808.293 18:33:54
5.064 591.951 3240.976 18:33:55
5.056 689.341 2796.585 18:33:56
5.080 512.854 2608.780 18:33:57
5.064 552.049 2794.146 18:33:58
5.068 551.756 2797.073 18:33:59
5.080 516.146 3977.073 18:34:00
5.076 526.756 2670.244 18:34:01
5.076 526.756 2671.220 18:34:02
5.068 551.537 2794.146 18:34:03
5.068 551.854 2803.902 18:34:04
5.012 712.927 3535.610 18:34:05
5.064 559.439 2831.707 18:34:06
4.996 643.829 2966.829 18:34:07
5.100 469.244 2376.098 18:34:08
5.064 551.659 2795.610 18:34:09
5.064 551.659 2792.683 18:34:10
5.068 553.049 2781.463 18:34:11
5.072 552.049 2791.707 18:34:12
5.068 553.951 2807.805 18:34:13
5.064 551.537 2800.488 18:34:14
5.064 553.049 2795.122 18:34:15
5.068 551.537 2793.171 18:34:16
5.068 554.341 2795.122 18:34:17
5.068 551.659 2796.585 18:34:18
5.096 468.951 2400.000 18:34:19
5.096 467.146 2386.341 18:34:20
5.096 466.244 2383.415 18:34:21
5.100 476.366 2377.073 18:34:22
5.100 468.244 2388.293 18:34:23
5.096 469.756 2387.317 18:34:24
5.080 514.756 2608.780 18:34:25
5.096 467.463 2377.073 18:34:26
5.096 469.659 2418.537 18:34:27
5.080 513.756 2607.317 18:34:28
5.084 513.756 2657.561 18:34:29
5.100 466.049 2374.634 18:34:30
5.096 474.049 2374.634 18:34:31
5.080 514.951 2614.146 18:34:32
5.100 465.146 2385.854 18:34:33
5.096 467.756 2383.902 18:34:34
5.096 465.659 2388.293 18:34:35
5.100 468.463 2388.293 18:34:36
5.100 466.049 2374.634 18:34:37
5.100 465.659 2378.537 18:34:38
5.100 474.049 2384.878 18:34:39
5.096 467.463 2377.073 18:34:40
5.100 465.561 2374.634 18:34:41
5.100 471.659 2381.951 18:34:42
5.080 514.951 2623.902 18:34:43
5.096 465.659 2372.195 18:34:44
5.096 467.561 2392.683 18:34:45
5.096 466.146 2377.073 18:34:46
5.096 465.463 2372.683 18:34:47
5.096 468.366 2372.683 18:34:48
5.100 465.561 2372.683 18:34:49
5.096 466.463 2392.683 18:34:50
5.096 467.561 2382.439 18:34:51
5.100 466.951 2382.439 18:34:52
5.068 552.537 2799.024 18:34:53
5.068 555.049 2806.829 18:34:54
5.072 550.439 2788.293 18:34:55
