5.000 734.122 3670.244 19:58:54
5.004 718.927 3592.683 19:58:55
5.012 709.341 3543.902 19:58:56
5.068 552.537 2799.024 19:58:57
5.064 553.244 2799.024 19:58:58
5.080 516.659 2631.220 19:58:59
5.112 432.366 2204.390 19:59:00
5.016 686.829 3462.439 19:59:01
5.076 526.854 2684.390 19:59:02
5.016 713.122 3575.122 19:59:03
5.068 553.146 2799.024 19:59:04
5.008 710.439 3560.488 19:59:05
5.088 503.049 2555.122 19:59:06
5.008 717.024 3580.000 19:59:07
5.068 553.049 2799.024 19:59:08
5.008 733.537 3487.805 19:59:09
5.012 713.244 3385.366 19:59:10
5.008 711.341 3506.829 19:59:11
5.064 553.049 2801.463 19:59:12
5.016 712.732 3575.122 19:59:13
5.064 555.439 2810.732 19:59:14
5.004 739.829 3697.073 19:59:15
5.052 574.049 2893.171 19:59:16
4.992 755.439 3754.634 19:59:17
5.068 565.146 2807.805 19:59:18
4.988 579.537 2950.732 19:59:19
5.032 597.341 2945.366 19:59:20
4.976 781.024 3543.902 19:59:21
5.008 715.341 3584.390 19:59:22
5.012 725.220 3606.829 19:59:23
5.064 553.659 2799.512 19:59:24
5.048 668.024 3520.488 19:59:25
5.052 586.854 2996.098 19:59:26
5.052 571.341 3105.854 19:59:27
4.996 734.024 3635.122 19:59:28
5.068 552.756 2777.561 19:59:29
5.040 594.341 3019.512 19:59:30
5.072 552.854 2799.512 19:59:31
5.064 558.659 2814.146 19:59:32
5.048 604.854 2839.024 19:59:33
5.008 714.341 3575.122 19:59:34
5.068 552.854 2799.024 19:59:35
5.064 553.854 2804.390 19:59:36
5.064 555.951 2801.463 19:59:37
5.068 552.854 2804.390 19:59:38
5.056 589.341 2988.293 19:59:39
5.068 556.049 2798.049 19:59:40
5.068 555.049 2802.927 19:59:41
5.068 553.244 2799.024 19:59:42
5.100 472.659 2396.098 19:59:43
5.096 467.951 2384.878 19:59:44
5.100 469.146 2399.512 19:59:45
5.096 467.463 2379.512 19:59:46
5.096 470.244 2386.341 19:59:47
5.100 467.146 2379.512 19:59:48
5.096 469.659 2372.683 19:59:49
5.084 505.049 2571.220 19:59:50
5.100 468.463 2385.854 19:59:51
5.096 468.366 2384.878 19:59:52
5.100 466.756 2390.732 19:59:53
5.100 467.049 2382.439 19:59:54
5.100 466.659 2375.122 19:59:55
5.096 467.951 2383.415 19:59:56
5.096 468.756 2390.732 19:59:57
5.096 477.463 2380.976 19:59:58
5.096 466.756 2421.463 19:59:59
5.112 429.561 2209.756 20:00:00
5.092 476.756 2431.220 20:00:01
5.104 443.268 2262.439 20:00:02
5.064 554.854 2809.268 20:00:03
5.068 555.537 2800.488 20:00:04
5.064 552.146 2795.122 20:00:05
5.068 555.341 2797.073 20:00:06
5.064 553.537 2800.488 20:00:07
5.096 466.756 2383.902 20:00:08
5.096 469.854 2392.195 20:00:09
5.096 468.366 2395.122 20:00:10
5.100 466.756 2380.976 20:00:11
5.084 470.244 2375.122 20:00:12
5.100 466.854 2388.293 20:00:13
5.096 470.146 2382.439 20:00:14
5.096 467.756 2380.000 20:00:15
5.096 467.244 2388.780 20:00:16
5.064 552.146 2801.463 20:00:17
5.068 554.439 2796.585 20:00:18
5.068 552.146 2797.073 20:00:19
