5.004 726.537 3678.049 18:22:11
5.016 692.829 3491.220 18:22:12
5.016 703.927 3489.268 18:22:13
5.068 551.659 2801.463 18:22:14
5.080 510.341 2592.683 18:22:15
5.080 553.951 2908.293 18:22:16
5.100 538.659 2590.244 18:22:17
5.064 555.049 3216.098 18:22:18
5.012 712.927 3581.463 18:22:19
5.064 551.341 2791.707 18:22:20
5.016 700.439 3519.024 18:22:21
5.064 562.659 2844.390 18:22:22
5.016 704.024 3579.024 18:22:23
5.068 554.659 2800.488 18:22:25
5.068 554.146 2811.707 18:22:26
5.056 589.341 3002.927 18:22:27
5.068 550.439 2832.683 18:22:28
5.072 629.244 2806.829 18:22:29
5.060 580.951 2918.049 18:22:30
5.068 553.049 2809.268 18:22:31
5.064 551.049 2811.707 18:22:32
5.064 554.756 2795.610 18:22:33
5.068 553.146 2810.244 18:22:34
5.068 556.537 2809.268 18:22:35
5.096 473.366 2384.878 18:22:36
5.064 553.439 2828.293 18:22:37
5.056 590.049 2957.073 18:22:38
5.064 556.659 2804.390 18:22:39
5.064 554.244 2796.585 18:22:40
5.068 554.049 2845.854 18:22:41
5.076 515.854 2607.805 18:22:42
5.068 557.341 2804.390 18:22:43
5.072 555.146 2811.707 18:22:44
5.068 551.756 2792.683 18:22:45
5.068 566.244 2810.244 18:22:46
5.064 556.049 2814.146 18:22:47
5.100 469.146 2389.756 18:22:48
5.084 501.854 2580.000 18:22:49
5.080 518.659 2615.122 18:22:50
5.084 518.854 2630.244 18:22:51
5.096 468.244 2388.780 18:22:52
5.096 466.561 2377.561 18:22:53
5.084 517.439 2633.659 18:22:54
5.096 467.951 2391.220 18:22:55
5.096 467.756 2376.098 18:22:56
5.096 466.146 2388.293 18:22:57
5.100 477.659 2392.195 18:22:58
5.080 514.439 2608.780 18:22:59
5.100 475.366 2549.756 18:23:00
5.096 465.951 2375.122 18:23:01
5.088 486.146 2477.561 18:23:02
5.068 550.341 2787.805 18:23:03
5.064 556.537 2801.463 18:23:04
5.068 553.341 2799.512 18:23:05
5.064 553.049 2798.049 18:23:06
5.072 553.049 2797.073 18:23:07
5.096 466.146 2374.634 18:23:08
5.096 465.756 2372.683 18:23:09
5.100 465.756 2372.195 18:23:10
5.088 502.659 2556.098 18:23:11
5.080 514.146 2601.463 18:23:12
5.092 475.561 2388.780 18:23:13
5.100 466.951 2472.195 18:23:14
5.096 466.561 2389.756 18:23:15
5.100 470.146 2384.878 18:23:16
5.084 514.659 2613.659 18:23:17
5.096 468.561 2372.683 18:23:18
5.100 464.366 2370.732 18:23:19
5.080 513.439 2611.707 18:23:20
5.096 466.244 2372.195 18:23:21
5.004 728.927 3661.463 18:23:22
5.064 552.854 2900.976 18:23:23
5.064 551.951 2869.268 18:23:24
