5.000 733.220 3639.512 20:28:25
5.016 712.732 3452.683 20:28:26
5.012 693.341 3442.927 20:28:27
5.068 553.756 2800.488 20:28:28
5.092 477.244 2428.780 20:28:29
5.096 470.561 2382.439 20:28:30
5.008 713.927 3580.488 20:28:31
5.064 555.439 2810.244 20:28:32
5.012 712.634 3560.488 20:28:33
5.068 552.951 2799.024 20:28:34
5.012 710.927 3560.000 20:28:35
5.096 483.463 2620.000 20:28:36
5.016 713.732 3492.683 20:28:37
5.068 554.049 2801.463 20:28:38
5.008 713.439 3605.366 20:28:39
5.068 553.244 2815.610 20:28:40
5.008 717.927 3596.585 20:28:41
5.076 520.756 2641.463 20:28:42
5.008 718.634 3575.610 20:28:43
5.068 553.439 2803.902 20:28:44
5.004 708.122 3554.146 20:28:45
5.056 626.634 2913.171 20:28:46
5.008 712.927 3569.268 20:28:47
5.004 717.732 3570.244 20:28:48
5.004 751.537 3654.146 20:28:49
5.048 609.244 2842.927 20:28:50
5.004 741.024 3716.098 20:28:51
5.052 598.244 3077.073 20:28:52
5.060 566.829 2867.317 20:28:53
5.064 556.341 2814.634 20:28:54
5.064 566.634 3040.000 20:28:55
5.068 553.854 2813.659 20:28:56
5.068 553.854 2803.902 20:28:57
5.064 553.756 2814.634 20:28:58
5.076 520.244 3027.317 20:28:59
5.012 744.049 3692.683 20:29:00
5.076 528.341 2756.098 20:29:01
5.076 528.244 2685.854 20:29:02
5.068 553.951 2806.829 20:29:03
5.064 553.463 2801.951 20:29:04
5.068 554.829 2826.341 20:29:05
5.068 555.366 2808.780 20:29:06
5.068 556.927 2818.537 20:29:07
5.068 553.756 3035.122 20:29:08
5.064 553.854 2800.976 20:29:09
5.080 514.146 2619.512 20:29:10
5.044 604.634 3075.122 20:29:11
5.064 555.951 2814.634 20:29:12
5.068 563.463 2816.585 20:29:13
5.064 553.171 2797.073 20:29:14
5.064 555.561 2818.537 20:29:15
5.080 514.829 2628.293 20:29:16
5.080 516.732 2623.415 20:29:17
5.100 467.854 2385.366 20:29:18
5.076 514.732 2824.390 20:29:19
5.080 518.537 2632.195 20:29:20
5.076 518.341 2632.195 20:29:21
5.084 514.927 2606.829 20:29:22
5.084 519.463 2634.146 20:29:23
5.096 467.659 2386.341 20:29:24
5.080 514.439 2614.634 20:29:25
5.080 515.659 2626.341 20:29:26
5.096 468.732 2394.146 20:29:27
5.096 466.976 2383.415 20:29:28
5.080 516.146 2618.537 20:29:29
5.096 470.049 2393.171 20:29:30
5.080 516.927 2618.537 20:29:31
5.076 517.756 2628.293 20:29:32
5.100 469.366 2380.488 20:29:33
5.080 517.366 2626.341 20:29:34
5.080 519.073 2623.415 20:29:35
5.096 468.976 2391.220 20:29:36
5.096 468.341 2385.366 20:29:37
5.080 513.366 2608.780 20:29:38
5.096 468.439 2391.220 20:29:39
5.100 467.366 2389.268 20:29:40
5.080 515.171 2619.512 20:29:41
5.096 466.732 2396.098 20:29:42
5.096 471.659 2388.293 20:29:43
5.096 470.244 2394.146 20:29:44
5.096 467.171 2376.585 20:29:45
5.100 469.171 2375.610 20:29:46
5.100 469.073 2386.341 20:29:47
5.096 469.756 2405.854 20:29:48
4.996 735.024 3678.049 20:29:49
5.064 553.756 2816.585 20:29:50
5.068 554.634 2808.780 20:29:51
