5.004 727.537 3638.049 18:40:20
5.020 690.634 3435.122 18:40:21
5.016 706.341 3548.780 18:40:22
5.068 556.951 2806.341 18:40:23
5.092 476.854 2428.780 18:40:24
5.072 556.854 2822.927 18:40:25
5.084 494.659 2572.683 18:40:26
5.008 711.927 3568.780 18:40:27
5.020 670.146 3352.195 18:40:28
5.068 556.341 2802.927 18:40:29
5.004 714.537 3580.000 18:40:30
5.068 555.951 2794.146 18:40:31
5.008 702.244 3569.268 18:40:32
5.068 551.341 2795.122 18:40:33
5.064 551.854 2796.585 18:40:34
5.064 685.146 2810.244 18:40:35
5.068 551.537 2803.902 18:40:36
5.068 551.756 2795.610 18:40:37
5.068 553.439 2797.073 18:40:38
5.068 552.439 2795.122 18:40:39
5.064 572.634 2805.366 18:40:40
5.068 554.244 2822.927 18:40:41
5.068 548.244 2753.171 18:40:42
5.076 532.146 2766.829 18:40:43
5.068 554.659 2792.683 18:40:44
5.072 551.537 2793.171 18:40:45
5.068 554.537 2814.146 18:40:46
5.068 682.341 3030.732 18:40:47
5.016 702.927 3614.146 18:40:48
5.060 621.146 2944.390 18:40:49
5.072 556.756 2795.122 18:40:50
5.060 569.439 2914.146 18:40:51
5.012 692.341 3560.000 18:40:52
5.072 554.537 2810.244 18:40:53
5.012 663.634 3010.732 18:40:54
5.100 467.049 2394.634 18:40:55
5.100 466.561 2388.293 18:40:56
5.080 516.049 2618.049 18:40:57
5.100 468.854 2399.512 18:40:58
5.096 469.463 2407.317 18:40:59
5.012 586.341 2200.488 18:41:00
5.108 440.854 2253.659 18:41:01
5.096 467.366 2465.854 18:41:02
5.064 551.854 2793.171 18:41:03
5.068 554.537 2806.829 18:41:04
5.068 554.146 2804.390 18:41:05
5.068 555.244 2815.122 18:41:06
5.064 552.244 2799.024 18:41:07
5.096 469.244 2391.220 18:41:08
5.096 468.659 2372.683 18:41:09
5.080 514.561 2608.780 18:41:10
5.096 469.659 2403.902 18:41:11
5.096 469.756 2389.756 18:41:12
5.080 514.951 2610.244 18:41:13
5.096 466.756 2383.902 18:41:14
5.080 514.951 2607.317 18:41:15
5.096 467.244 2377.073 18:41:16
5.096 467.951 2383.902 18:41:17
5.080 512.244 2613.659 18:41:18
5.080 512.659 2610.244 18:41:19
5.096 468.146 2387.317 18:41:20
5.080 515.439 2602.927 18:41:21
5.096 465.463 2370.732 18:41:22
5.100 467.659 2381.951 18:41:23
5.084 512.146 2601.463 18:41:24
5.096 466.561 2383.902 18:41:25
5.100 469.463 2377.073 18:41:26
5.100 465.366 2371.220 18:41:27
5.100 468.463 2384.878 18:41:28
5.096 466.951 2379.512 18:41:29
5.096 468.049 2388.293 18:41:30
5.096 468.561 2389.756 18:41:31
5.068 553.439 2802.927 18:41:32
5.072 552.146 2790.244 18:41:33
5.068 549.756 2792.683 18:41:34
