5.004 730.634 3607.805 20:17:14
5.012 693.634 3473.659 20:17:15
5.000 712.341 3646.829 20:17:16
5.068 554.537 3089.756 20:17:17
5.072 476.366 2457.561 20:17:18
5.108 444.146 2348.780 20:17:19
5.092 470.366 2390.732 20:17:20
5.064 558.146 2811.707 20:17:21
5.000 752.537 3740.976 20:17:22
5.064 552.659 2799.024 20:17:23
5.068 551.854 2796.585 20:17:24
5.064 553.341 2803.902 20:17:25
5.064 556.244 2875.610 20:17:26
5.056 591.049 2956.585 20:17:27
5.056 569.951 2879.024 20:17:28
5.064 561.439 2839.024 20:17:29
5.056 579.537 2939.512 20:17:30
5.072 567.146 2835.122 20:17:31
5.056 626.439 3402.927 20:17:32
4.996 716.024 3135.610 20:17:33
5.008 708.341 3586.829 20:17:34
5.004 722.537 3656.585 20:17:35
5.068 554.439 2803.902 20:17:36
5.044 598.439 2949.756 20:17:37
5.064 554.244 2807.805 20:17:38
4.992 749.317 3751.220 20:17:39
5.036 554.537 2839.024 20:17:40
5.064 552.829 2806.829 20:17:41
5.052 576.439 2896.585 20:17:42
5.064 556.537 2803.902 20:17:43
5.052 590.439 2984.390 20:17:44
5.064 553.854 2821.463 20:17:45
5.060 574.341 2911.220 20:17:46
5.008 723.415 3569.756 20:17:47
5.016 709.220 3484.878 20:17:48
5.028 644.927 3172.683 20:17:49
5.060 689.659 3367.805 20:17:50
5.064 574.341 2804.878 20:17:51
5.016 725.951 3633.171 20:17:52
5.056 574.634 2923.902 20:17:53
5.068 554.439 2804.878 20:17:54
5.052 588.829 2984.390 20:17:55
5.064 553.268 2803.902 20:17:56
5.064 554.146 2801.951 20:17:57
5.064 552.927 2799.024 20:17:58
5.076 528.634 2683.902 20:17:59
5.076 792.829 2623.415 20:18:00
5.076 531.171 2679.024 20:18:01
5.076 528.146 2685.854 20:18:02
5.068 552.732 2813.659 20:18:03
5.064 553.171 2799.024 20:18:04
5.064 554.244 2811.707 20:18:05
5.052 591.659 2976.585 20:18:06
5.068 553.951 2816.585 20:18:07
5.068 555.024 2814.634 20:18:08
5.096 468.878 2388.293 20:18:09
5.100 467.659 2383.415 20:18:10
5.100 470.244 2383.415 20:18:12
5.096 470.146 2398.049 20:18:13
5.100 469.756 2393.171 20:18:14
5.100 468.537 2399.024 20:18:15
5.096 468.732 2402.927 20:18:16
5.096 468.049 2380.488 20:18:17
5.084 504.976 2561.951 20:18:18
5.096 470.634 2421.463 20:18:19
5.096 470.244 2398.049 20:18:20
5.096 468.976 2389.268 20:18:21
5.096 466.634 2380.488 20:18:22
5.096 469.073 2373.659 20:18:23
5.096 466.537 2378.537 20:18:24
5.096 466.878 2396.098 20:18:25
5.100 466.732 2378.537 20:18:26
5.096 468.634 2391.220 20:18:27
5.100 469.366 2389.268 20:18:28
5.084 505.561 2571.707 20:18:29
5.096 467.561 2385.366 20:18:30
5.096 466.634 2378.537 20:18:31
5.096 470.976 2394.146 20:18:32
5.100 472.439 2396.098 20:18:33
5.096 467.366 2378.537 20:18:34
5.096 466.439 2380.488 20:18:35
5.096 467.366 2375.610 20:18:36
5.100 466.878 2375.610 20:18:37
5.096 468.878 2396.098 20:18:38
5.096 470.341 2393.171 20:18:39
5.056 587.122 2966.829 20:18:40
5.068 553.659 2808.780 20:18:41
