5.004 735.829 3618.049 18:52:08
5.020 712.537 3506.341 18:52:09
5.012 693.829 3478.049 18:52:10
5.068 552.146 2828.293 18:52:11
5.068 555.244 2801.951 18:52:12
5.100 469.146 2392.195 18:52:13
5.100 474.659 2397.561 18:52:14
5.068 553.244 2813.171 18:52:15
5.068 553.854 2791.707 18:52:16
5.064 566.537 2807.805 18:52:17
5.068 552.537 2809.268 18:52:18
5.064 554.756 2873.171 18:52:19
5.056 558.756 2819.512 18:52:20
5.048 684.146 3263.902 18:52:21
5.048 580.634 2980.976 18:52:22
5.068 553.537 2804.390 18:52:23
5.064 553.146 2796.585 18:52:24
5.076 516.244 2613.659 18:52:25
5.056 578.439 2925.854 18:52:26
5.068 554.146 2810.244 18:52:27
5.064 555.049 2804.390 18:52:28
5.064 555.049 2810.244 18:52:29
5.064 564.439 2851.707 18:52:30
5.060 577.341 2872.683 18:52:31
5.064 554.146 2816.585 18:52:32
5.012 710.634 3547.805 18:52:33
5.068 552.537 2811.707 18:52:34
5.068 555.756 2806.341 18:52:35
5.064 554.244 2772.683 18:52:36
5.068 555.244 2807.805 18:52:37
5.068 556.439 2802.927 18:52:38
5.064 556.951 2808.293 18:52:39
5.064 554.854 2827.805 18:52:40
5.068 552.341 2811.707 18:52:41
5.068 552.439 2812.683 18:52:42
5.064 554.537 2799.024 18:52:43
5.052 555.341 2822.927 18:52:44
5.064 556.951 2805.366 18:52:45
5.060 553.537 2813.171 18:52:46
5.096 471.366 2397.561 18:52:47
5.096 467.561 2398.537 18:52:48
5.100 472.756 2399.512 18:52:49
5.096 470.659 2389.756 18:52:50
5.096 467.146 2404.878 18:52:51
5.096 467.951 2383.902 18:52:52
5.096 469.659 2398.537 18:52:53
5.100 468.756 2380.976 18:52:55
5.092 470.366 2399.512 18:52:56
5.096 468.659 2392.195 18:52:57
5.096 468.561 2389.756 18:52:58
5.100 470.366 2409.756 18:52:59
5.096 470.049 2400.976 18:53:00
5.096 453.561 2279.512 18:53:01
5.108 441.268 2251.220 18:53:02
5.068 553.146 2858.049 18:53:03
5.068 554.756 2805.366 18:53:04
5.064 552.244 2809.268 18:53:05
5.068 557.244 2795.122 18:53:06
5.068 555.049 2813.171 18:53:07
5.100 466.463 2380.000 18:53:08
5.096 469.756 2377.073 18:53:09
5.096 466.366 2377.561 18:53:10
5.096 467.659 2380.000 18:53:11
5.100 466.854 2379.512 18:53:12
5.100 466.561 2375.122 18:53:13
5.096 468.854 2375.122 18:53:14
5.096 465.756 2373.659 18:53:15
5.084 504.463 2547.317 18:53:16
5.096 467.561 2383.902 18:53:17
5.100 469.244 2400.000 18:53:18
5.100 466.463 2375.122 18:53:19
5.100 466.561 2373.659 18:53:20
5.100 468.561 2387.317 18:53:21
5.100 470.366 2403.415 18:53:22
5.096 471.049 2372.683 18:53:23
5.020 688.829 3447.317 18:53:24
5.068 551.341 2791.707 18:53:25
