5.004 727.439 3632.683 17:58:06
4.956 884.293 4181.463 17:58:07
4.996 743.610 3578.537 17:58:08
5.068 553.951 2803.902 17:58:09
5.068 475.659 2436.098 17:58:10
5.084 514.341 2611.707 17:58:11
5.008 717.024 3572.683 17:58:12
5.068 555.268 3259.512 17:58:13
5.016 713.512 3577.561 17:58:14
5.068 552.146 2831.220 17:58:15
5.064 554.146 2819.512 17:58:16
5.096 465.854 2370.732 17:58:17
5.064 551.366 2794.146 17:58:18
5.056 588.049 2972.683 17:58:19
5.072 553.366 2801.951 17:58:20
5.056 550.732 2789.268 17:58:21
5.068 553.756 2800.976 17:58:22
5.096 466.341 2386.341 17:58:23
5.068 554.244 2797.073 17:58:24
5.060 550.537 2786.341 17:58:25
5.068 550.829 2824.390 17:58:26
5.068 551.024 2787.317 17:58:27
5.068 550.537 2792.195 17:58:28
5.096 465.659 2373.659 17:58:29
5.056 586.439 2969.756 17:58:30
5.068 704.049 2804.878 17:58:31
5.068 551.171 2803.902 17:58:32
5.064 560.146 2797.073 17:58:33
5.012 715.317 3588.293 17:58:34
5.096 466.244 2375.610 17:58:35
5.100 465.073 2370.732 17:58:36
5.064 553.463 2803.902 17:58:37
5.068 551.463 2791.220 17:58:38
5.064 556.829 2801.951 17:58:39
5.064 554.439 2800.976 17:58:40
5.052 587.268 2984.390 17:58:41
5.080 512.634 2600.976 17:58:42
5.096 471.561 2388.293 17:58:43
5.096 465.756 2378.537 17:58:44
5.096 466.049 2393.171 17:58:45
5.096 467.854 2385.366 17:58:46
5.096 466.439 2376.585 17:58:47
5.100 465.073 2371.707 17:58:48
5.084 514.439 2619.512 17:58:49
5.100 464.634 2368.780 17:58:50
5.096 465.756 2376.585 17:58:51
5.088 500.976 2556.098 17:58:52
5.100 467.268 2381.463 17:58:53
5.100 465.463 2371.707 17:58:54
5.100 466.341 2396.098 17:58:55
5.100 468.146 2383.415 17:58:56
5.080 513.659 2623.415 17:58:57
5.096 467.366 2380.488 17:58:58
5.096 464.634 2370.732 17:58:59
5.112 481.268 2198.049 17:59:00
5.108 441.171 2260.488 17:59:01
5.096 467.854 2380.488 17:59:02
5.052 588.732 2972.683 17:59:03
5.064 558.244 2797.073 17:59:04
5.068 550.829 2808.780 17:59:05
5.072 551.268 2787.317 17:59:06
5.068 554.146 2797.073 17:59:07
5.100 465.268 2373.659 17:59:08
5.096 466.049 2380.488 17:59:09
5.100 467.951 2378.537 17:59:10
5.100 470.244 2386.341 17:59:11
5.096 465.854 2371.707 17:59:12
5.096 465.171 2389.268 17:59:13
4.992 769.512 3823.415 17:59:14
5.064 555.171 2797.073 17:59:15
5.068 552.927 2797.073 17:59:16
