5.004 733.927 3670.244 19:51:37
4.960 866.195 4184.390 19:51:38
5.012 711.220 3505.366 19:51:39
5.068 552.439 2800.976 19:51:40
5.068 553.024 2799.024 19:51:41
5.100 466.878 2383.415 19:51:42
5.060 543.171 2791.220 19:51:43
5.068 552.732 2806.829 19:51:44
5.008 710.341 3593.171 19:51:45
5.068 552.439 2809.756 19:51:46
5.012 714.732 3607.805 19:51:47
5.012 552.927 2813.659 19:51:48
5.008 713.317 3588.293 19:51:49
5.068 553.024 2804.878 19:51:50
5.008 716.341 3548.293 19:51:51
5.008 720.439 3555.122 19:51:52
5.008 719.024 3609.756 19:51:53
5.088 503.073 2779.512 19:51:54
5.012 717.610 3604.878 19:51:55
5.068 552.537 2799.024 19:51:56
5.000 718.732 3572.683 19:51:57
5.008 708.049 3379.512 19:51:58
5.068 556.634 2837.073 19:51:59
5.076 695.854 3372.683 19:52:00
5.072 528.829 2688.780 19:52:01
5.076 528.244 2679.024 19:52:02
5.064 553.659 2803.902 19:52:03
5.064 554.146 2803.902 19:52:04
5.044 692.341 3565.854 19:52:05
5.064 552.829 2849.756 19:52:06
5.012 721.024 3873.171 19:52:07
5.064 557.463 2862.439 19:52:08
5.056 611.024 2936.585 19:52:09
5.064 576.537 2888.780 19:52:10
5.064 556.829 2822.439 19:52:11
5.064 671.024 3962.927 19:52:12
5.008 717.024 3703.415 19:52:13
5.068 556.927 2822.439 19:52:14
5.064 557.854 2797.073 19:52:15
5.068 554.537 2814.634 19:52:16
5.064 554.146 2811.707 19:52:17
5.064 556.732 2813.659 19:52:18
5.044 576.244 2856.585 19:52:19
5.004 715.317 3595.122 19:52:20
5.096 470.878 2388.293 19:52:21
5.080 513.268 2640.976 19:52:22
5.096 469.951 2403.902 19:52:23
5.096 467.756 2383.415 19:52:24
5.096 470.049 2405.854 19:52:25
5.096 471.561 2399.024 19:52:26
5.100 472.634 2399.024 19:52:27
5.080 516.829 2634.146 19:52:28
5.096 470.634 2383.415 19:52:29
5.096 467.073 2380.488 19:52:30
5.080 519.854 2618.537 19:52:31
5.092 469.756 2380.488 19:52:32
5.096 469.073 2402.927 19:52:33
5.096 470.976 2398.049 19:52:34
5.096 469.854 2400.976 19:52:35
5.096 471.366 2398.049 19:52:36
5.096 471.854 2393.171 19:52:37
5.080 514.634 2626.341 19:52:38
5.096 469.463 2388.293 19:52:39
5.100 468.878 2385.366 19:52:40
5.100 470.732 2380.488 19:52:41
5.092 473.561 2398.049 19:52:42
5.096 469.171 2381.463 19:52:43
5.096 467.463 2400.976 19:52:44
5.096 467.756 2386.341 19:52:45
5.096 470.146 2393.171 19:52:46
5.096 470.244 2394.146 19:52:47
5.100 467.854 2394.146 19:52:48
5.100 472.732 2393.171 19:52:49
5.096 467.366 2386.341 19:52:50
5.096 467.463 2391.220 19:52:51
5.096 469.854 2394.146 19:52:52
5.096 471.561 2391.220 19:52:53
5.096 468.146 2389.268 19:52:54
5.096 470.878 2394.146 19:52:55
5.096 467.659 2393.171 19:52:56
5.064 560.049 2809.756 19:52:57
5.068 554.439 2808.780 19:52:58
5.076 527.854 2676.098 19:52:59
