4.988 771.829 3853.659 19:42:38
5.016 684.244 3526.829 19:42:39
5.024 684.634 3455.122 19:42:40
5.064 554.756 2821.463 19:42:41
5.096 475.756 2436.098 19:42:42
5.080 514.244 2617.561 19:42:43
5.012 710.732 3566.341 19:42:44
5.068 552.537 2797.073 19:42:45
5.012 714.024 3571.707 19:42:46
5.060 554.146 2800.488 19:42:47
5.004 694.927 3580.000 19:42:48
5.080 502.756 2558.537 19:42:49
5.008 714.829 3581.951 19:42:50
5.068 552.854 2800.488 19:42:51
5.004 704.341 3593.171 19:42:52
5.064 555.659 2798.049 19:42:53
5.012 714.244 3547.805 19:42:54
5.084 515.341 2609.268 19:42:55
5.008 712.634 3575.122 19:42:56
5.060 552.854 2800.488 19:42:57
5.024 693.122 3502.927 19:42:58
5.068 555.854 3678.049 19:42:59
5.000 724.634 3929.268 19:43:00
5.008 536.049 3014.146 19:43:01
5.048 603.634 2826.829 19:43:02
5.012 710.927 3561.951 19:43:03
5.068 554.756 2799.024 19:43:04
5.064 553.756 2797.073 19:43:05
5.076 517.659 2642.439 19:43:06
5.068 626.537 2900.488 19:43:07
5.064 552.049 2795.610 19:43:08
5.008 712.927 3545.366 19:43:09
5.044 608.951 3997.561 19:43:10
5.044 623.049 3135.610 19:43:11
5.068 552.244 2807.805 19:43:12
5.068 553.756 2799.512 19:43:13
5.064 552.659 2813.171 19:43:14
5.056 580.634 3026.829 19:43:15
5.040 673.537 2958.049 19:43:16
5.068 728.732 2813.171 19:43:17
5.064 559.146 3157.073 19:43:18
5.068 553.341 2798.049 19:43:19
5.068 555.341 2823.902 19:43:20
5.068 555.537 2808.293 19:43:21
5.084 504.659 2562.927 19:43:22
5.080 518.854 2635.122 19:43:23
5.100 467.049 2399.512 19:43:24
5.080 514.659 2612.683 19:43:25
5.080 516.951 2627.805 19:43:26
5.100 470.561 2397.561 19:43:27
5.080 514.756 2609.268 19:43:28
5.080 518.659 2629.268 19:43:29
5.080 516.244 2622.927 19:43:30
5.080 514.244 2616.098 19:43:31
5.084 515.561 2618.049 19:43:32
5.084 503.659 2383.415 19:43:33
5.096 468.463 2377.073 19:43:34
5.096 468.854 2447.317 19:43:35
5.092 469.854 2385.854 19:43:36
5.096 470.049 2383.902 19:43:37
5.096 466.756 2378.537 19:43:38
5.096 468.659 2380.976 19:43:39
5.100 467.463 2381.951 19:43:40
5.104 469.049 2390.732 19:43:41
5.096 469.463 2388.293 19:43:42
5.080 562.244 2739.024 19:43:43
5.100 468.854 2383.902 19:43:44
5.080 515.049 2646.829 19:43:45
5.096 466.366 2377.561 19:43:46
5.100 466.146 2386.341 19:43:47
5.100 465.854 2377.073 19:43:48
5.100 467.561 2377.561 19:43:49
5.100 466.951 2373.659 19:43:50
5.100 466.561 2378.537 19:43:51
5.080 516.561 2618.049 19:43:52
5.100 468.951 2392.195 19:43:53
5.096 466.244 2372.683 19:43:54
5.100 466.854 2375.122 19:43:55
5.096 467.146 2375.122 19:43:56
5.100 465.854 2373.659 19:43:57
5.000 737.122 3690.244 19:43:58
5.068 555.951 2813.171 19:43:59
5.080 514.439 2620.000 19:44:00
