5.012 730.927 3652.683 18:12:26
4.960 824.439 4271.220 18:12:27
5.012 689.024 3499.512 18:12:28
5.056 588.732 2979.512 18:12:29
5.096 477.073 2421.463 18:12:30
5.096 466.244 2373.659 18:12:31
5.016 704.829 3574.634 18:12:32
5.068 549.756 2787.317 18:12:33
5.008 712.829 3572.683 18:12:34
5.068 634.244 2819.512 18:12:35
5.008 712.146 3570.732 18:12:36
5.096 494.634 2576.585 18:12:37
5.068 553.463 2818.537 18:12:38
5.068 550.244 2787.317 18:12:39
5.056 590.146 2984.390 18:12:40
5.016 550.537 2779.512 18:12:41
5.068 551.659 2796.098 18:12:42
5.080 516.341 2624.390 18:12:43
5.068 552.927 2803.902 18:12:44
5.056 573.561 2933.659 18:12:45
5.012 711.756 3502.439 18:12:46
5.068 552.732 2809.756 18:12:47
5.068 551.463 2803.902 18:12:48
5.084 524.537 2608.780 18:12:49
5.012 710.244 3575.610 18:12:50
5.052 588.829 2972.683 18:12:51
5.012 555.171 2799.024 18:12:52
5.068 550.244 2791.220 18:12:53
5.068 555.366 2794.146 18:12:54
5.092 490.976 2641.951 18:12:55
5.080 514.537 2636.098 18:12:56
5.068 553.951 2808.780 18:12:57
5.068 550.439 2791.220 18:12:58
5.068 552.537 2794.146 18:12:59
5.068 554.146 2829.268 18:13:00
5.076 525.268 2664.390 18:13:01
5.092 476.049 2423.415 18:13:02
5.064 554.049 2800.976 18:13:03
5.068 554.244 2801.951 18:13:04
5.068 551.756 2789.268 18:13:05
5.064 550.829 2799.024 18:13:06
5.068 555.951 2787.317 18:13:07
5.080 514.927 2616.585 18:13:08
5.096 467.854 2375.610 18:13:09
5.080 515.463 2613.659 18:13:10
5.100 469.073 2383.415 18:13:11
5.092 465.854 2373.659 18:13:12
5.084 503.073 2561.951 18:13:13
5.096 464.634 2367.805 18:13:14
5.096 465.951 2381.463 18:13:15
5.100 465.073 2378.537 18:13:16
5.096 467.756 2383.415 18:13:17
5.100 467.659 2375.610 18:13:18
5.100 467.463 2371.707 18:13:19
5.096 465.756 2373.659 18:13:20
5.096 469.659 2402.927 18:13:21
5.096 466.244 2378.537 18:13:22
5.096 468.049 2385.366 18:13:23
5.088 500.537 2551.220 18:13:24
5.096 465.463 2370.732 18:13:25
5.096 475.659 2416.585 18:13:26
5.096 465.659 2383.415 18:13:27
5.096 465.659 2373.659 18:13:28
5.100 466.878 2380.488 18:13:29
5.096 465.951 2378.537 18:13:30
5.084 512.634 2603.902 18:13:31
5.100 466.878 2367.805 18:13:32
5.096 473.073 2378.537 18:13:33
5.100 468.537 2383.415 18:13:34
5.084 506.732 2559.024 18:13:35
5.000 729.220 3668.293 18:13:36
5.064 553.268 2801.951 18:13:37
5.068 554.829 2837.073 18:13:38
