5.004 735.537 3633.171 19:10:59
5.032 673.537 3323.902 19:11:00
5.072 535.244 2696.585 19:11:01
5.080 521.561 2648.780 19:11:02
5.092 524.244 2807.805 19:11:03
5.068 554.659 2810.732 19:11:04
5.004 708.244 3596.585 19:11:05
5.068 552.244 2791.707 19:11:06
5.024 672.024 3547.805 19:11:07
5.068 551.439 2795.122 19:11:08
5.008 716.244 3570.732 19:11:09
5.052 589.341 2973.171 19:11:10
5.004 717.439 3590.732 19:11:11
5.072 553.049 2801.463 19:11:12
5.008 716.732 3576.585 19:11:13
5.080 513.951 2611.220 19:11:14
5.012 712.634 3460.488 19:11:15
5.044 763.122 2859.024 19:11:16
5.068 555.756 2813.171 19:11:17
5.068 718.927 2809.268 19:11:18
5.060 579.244 2912.195 19:11:19
5.064 542.756 2802.927 19:11:20
5.056 588.049 2976.585 19:11:21
5.064 552.439 2797.073 19:11:22
5.064 554.439 2936.585 19:11:23
5.064 556.659 2795.122 19:11:24
5.068 552.341 2798.049 19:11:25
5.064 552.146 2799.024 19:11:26
5.064 561.756 3534.146 19:11:27
5.016 652.927 2813.171 19:11:28
5.016 626.732 2797.073 19:11:29
5.064 557.854 2806.341 19:11:30
5.060 611.732 3679.024 19:11:31
5.056 589.951 2986.829 19:11:32
5.068 552.756 2798.049 19:11:33
5.064 552.341 2796.585 19:11:34
5.036 560.244 2918.049 19:11:35
5.060 566.146 2857.073 19:11:36
5.068 555.537 2810.732 19:11:37
5.024 575.341 3127.317 19:11:38
5.064 555.146 2814.146 19:11:39
5.068 553.537 2793.171 19:11:40
5.064 555.756 2811.707 19:11:41
5.096 473.463 2392.195 19:11:42
5.068 554.341 2807.805 19:11:43
5.096 467.049 2380.000 19:11:44
5.080 518.756 2631.707 19:11:45
5.080 515.756 2620.488 19:11:46
5.080 517.049 2640.488 19:11:47
5.080 518.659 2642.927 19:11:48
5.084 518.049 2616.585 19:11:49
5.100 467.561 2377.561 19:11:50
5.096 468.854 2398.537 19:11:51
5.096 471.659 2388.293 19:11:52
5.080 514.341 2620.488 19:11:53
5.064 551.854 2787.805 19:11:54
5.096 466.951 2380.000 19:11:55
5.096 467.561 2379.512 19:11:56
5.100 466.561 2377.073 19:11:57
5.096 467.463 2389.756 19:11:58
5.100 466.659 2379.512 19:11:59
5.096 471.049 2392.683 19:12:00
5.108 441.463 2256.098 19:12:01
5.092 468.756 2393.659 19:12:02
5.068 553.756 2817.073 19:12:03
5.064 553.854 2804.390 19:12:04
5.056 587.756 2974.634 19:12:05
5.068 554.244 2806.829 19:12:06
5.068 552.146 2799.024 19:12:07
5.096 468.756 2381.951 19:12:08
5.096 466.366 2380.976 19:12:09
5.100 466.854 2382.439 19:12:10
5.096 468.951 2390.732 19:12:11
5.096 468.561 2385.854 19:12:12
5.104 467.049 2379.512 19:12:13
5.096 466.659 2375.122 19:12:14
5.004 730.829 3616.585 19:12:15
5.056 589.244 2980.488 19:12:16
5.068 553.244 2801.951 19:12:17
