5.000 734.122 3625.366 20:15:22
5.016 701.439 3451.707 20:15:23
5.012 692.829 3482.927 20:15:24
5.068 552.537 2814.146 20:15:25
5.092 475.951 2428.780 20:15:26
5.096 470.366 2391.220 20:15:27
5.008 712.439 3579.024 20:15:28
5.056 591.341 2983.415 20:15:29
5.008 711.732 3560.488 20:15:30
5.072 726.220 3528.780 20:15:31
5.008 713.439 3565.366 20:15:32
5.100 468.244 2382.439 20:15:33
5.008 718.220 3585.366 20:15:34
5.064 553.049 2800.488 20:15:35
5.016 713.537 3575.610 20:15:36
5.068 710.341 3468.780 20:15:37
5.008 707.927 3595.610 20:15:38
5.064 556.244 2815.122 20:15:39
4.996 760.537 3898.049 20:15:40
5.068 555.951 2815.610 20:15:41
5.016 696.634 3367.317 20:15:42
5.064 553.659 2805.366 20:15:43
4.996 729.341 3709.268 20:15:44
5.008 715.439 3520.488 20:15:45
5.012 717.927 3599.024 20:15:46
5.004 715.829 3596.585 20:15:47
5.060 554.146 2898.049 20:15:48
5.048 604.634 3144.390 20:15:49
5.068 555.341 2804.390 20:15:50
5.040 635.439 3153.171 20:15:51
5.056 575.634 2974.634 20:15:52
5.056 596.049 2948.293 20:15:53
5.068 553.146 2879.024 20:15:54
5.064 553.854 2798.049 20:15:55
5.064 553.951 2805.366 20:15:56
5.008 726.829 3570.732 20:15:57
5.068 555.756 2812.683 20:15:58
5.056 569.951 2933.171 20:15:59
5.064 556.537 2812.683 20:16:00
5.016 692.341 3456.098 20:16:01
5.064 563.951 2851.707 20:16:02
5.068 553.244 2816.585 20:16:03
5.068 553.537 2817.073 20:16:04
5.056 586.049 2945.854 20:16:05
5.072 561.244 2802.927 20:16:06
5.068 556.049 2810.244 20:16:07
5.068 555.439 2806.341 20:16:08
5.064 555.854 2807.805 20:16:09
5.064 555.756 2819.024 20:16:10
5.080 520.854 2642.927 20:16:11
5.092 470.049 2392.683 20:16:12
5.068 551.854 2803.902 20:16:13
5.096 468.146 2397.073 20:16:14
5.084 514.244 2624.878 20:16:15
5.096 468.244 2382.439 20:16:16
5.096 469.049 2392.195 20:16:17
5.080 514.244 2611.220 20:16:18
5.096 469.854 2383.902 20:16:19
5.100 470.561 2392.683 20:16:20
5.080 516.854 2637.561 20:16:21
5.096 469.244 2395.122 20:16:22
5.080 517.756 2629.268 20:16:23
5.068 550.659 2847.805 20:16:24
5.080 519.244 2631.707 20:16:25
5.080 515.244 2615.122 20:16:26
5.080 514.146 2617.561 20:16:27
5.096 469.756 2388.780 20:16:28
5.096 470.366 2396.098 20:16:29
5.076 514.439 2626.341 20:16:30
5.096 473.659 2408.293 20:16:31
5.076 517.561 2618.049 20:16:32
5.100 466.854 2378.537 20:16:33
5.096 471.049 2395.122 20:16:34
5.064 550.951 2796.585 20:16:35
5.080 515.244 2616.585 20:16:36
5.096 468.561 2391.220 20:16:37
5.084 516.854 2631.220 20:16:38
5.080 513.951 2604.878 20:16:39
5.096 469.366 2388.293 20:16:40
5.096 468.561 2386.341 20:16:41
5.084 518.049 2626.341 20:16:42
5.096 466.146 2380.976 20:16:43
5.080 513.439 2607.805 20:16:44
5.100 469.463 2387.317 20:16:45
4.988 777.122 3878.537 20:16:46
5.068 554.244 2804.390 20:16:47
5.064 551.659 2793.171 20:16:48
