5.012 558.244 2826.829 17:59:41
5.000 717.024 3679.024 17:59:42
5.016 695.244 3520.488 17:59:43
5.068 553.659 2806.341 17:59:44
5.088 498.049 2528.780 17:59:45
5.096 466.463 2381.951 17:59:46
5.008 714.341 3577.561 17:59:47
5.064 603.854 2816.585 17:59:48
5.008 715.341 3568.780 17:59:49
5.068 555.537 2806.341 17:59:50
5.068 552.244 2795.122 17:59:51
5.100 466.146 2388.293 17:59:52
5.052 590.341 2978.537 17:59:53
5.068 551.146 2832.683 17:59:54
5.072 553.439 2809.268 17:59:55
5.064 553.439 2795.122 17:59:56
5.072 554.341 2802.927 17:59:57
5.052 516.244 2869.268 17:59:58
5.068 551.659 2791.707 17:59:59
5.068 551.659 2800.488 18:00:00
5.080 526.049 2664.878 18:00:01
5.076 526.244 2678.049 18:00:02
5.012 796.512 3719.024 18:00:03
5.084 502.756 2550.244 18:00:04
5.100 465.049 2373.659 18:00:05
5.068 551.049 2793.171 18:00:06
5.072 558.439 2806.341 18:00:07
5.064 554.659 2799.512 18:00:08
5.068 550.439 2799.024 18:00:09
5.068 550.341 2786.341 18:00:10
5.080 514.854 2601.463 18:00:11
5.064 552.951 2793.171 18:00:12
5.064 553.439 2799.512 18:00:13
5.068 551.049 2790.244 18:00:14
5.052 589.146 3025.854 18:00:15
5.072 550.756 2791.707 18:00:16
5.080 514.756 2606.341 18:00:17
5.096 468.366 2388.293 18:00:18
5.100 469.951 2393.659 18:00:19
5.100 465.463 2375.122 18:00:20
5.096 465.951 2373.659 18:00:21
5.100 465.463 2391.220 18:00:22
5.096 468.463 2388.293 18:00:23
5.100 466.244 2376.098 18:00:24
5.096 466.146 2378.537 18:00:25
5.084 506.049 2563.902 18:00:26
5.100 469.854 2393.659 18:00:27
5.100 465.854 2391.220 18:00:28
5.096 466.146 2379.512 18:00:29
5.100 464.756 2377.561 18:00:30
5.100 466.146 2372.683 18:00:31
5.096 469.049 2388.293 18:00:32
5.096 465.854 2389.756 18:00:33
5.100 465.854 2383.902 18:00:34
5.080 513.049 2601.463 18:00:35
5.100 466.146 2373.659 18:00:36
5.088 503.244 2544.878 18:00:37
5.096 466.366 2382.439 18:00:38
5.100 467.463 2382.439 18:00:39
5.096 471.366 2380.976 18:00:40
5.100 470.049 2383.415 18:00:41
5.100 464.756 2370.732 18:00:42
5.100 470.366 2384.878 18:00:43
5.096 467.366 2396.098 18:00:44
5.096 468.146 2384.878 18:00:45
5.100 468.049 2386.341 18:00:46
5.100 466.854 2369.756 18:00:47
5.084 504.146 2556.585 18:00:48
5.068 550.537 2786.829 18:00:49
5.068 553.244 2799.512 18:00:50
5.064 551.951 2797.073 18:00:51
