5.056 673.537 3140.000 19:04:01
4.968 844.439 4213.659 19:04:02
4.972 836.244 4128.780 19:04:03
5.068 555.366 2811.707 19:04:04
5.072 553.268 2797.073 19:04:05
5.072 498.634 2399.024 19:04:06
5.100 467.073 2383.415 19:04:07
5.008 712.049 3582.439 19:04:08
5.068 554.341 2818.537 19:04:09
5.008 705.512 3582.439 19:04:10
5.064 718.341 2813.659 19:04:11
5.008 692.439 3537.561 19:04:12
5.096 466.537 2378.537 19:04:13
5.008 703.415 3567.805 19:04:14
5.072 551.756 2816.585 19:04:15
5.012 713.415 3622.439 19:04:16
5.068 555.463 2811.707 19:04:17
5.008 715.512 3569.756 19:04:18
5.064 541.756 2654.634 19:04:19
5.064 552.244 2801.951 19:04:20
5.072 632.927 2822.439 19:04:21
5.064 555.561 2811.707 19:04:22
5.040 554.927 2888.780 19:04:23
5.004 710.927 3574.634 19:04:24
5.064 541.268 2771.707 19:04:25
5.068 552.634 2800.976 19:04:26
5.072 555.024 2831.220 19:04:27
5.060 552.341 2861.463 19:04:28
5.056 585.951 2933.659 19:04:29
5.012 716.439 3564.878 19:04:30
5.084 523.561 2424.390 19:04:31
5.008 713.122 4051.707 19:04:32
5.068 552.732 2801.951 19:04:33
5.064 555.268 2808.780 19:04:34
5.064 554.244 2809.756 19:04:35
5.068 551.854 2799.024 19:04:36
5.064 554.049 2801.951 19:04:37
5.068 552.732 2799.024 19:04:38
5.068 552.244 2800.976 19:04:39
5.064 554.634 2804.878 19:04:40
5.068 558.244 2801.951 19:04:41
5.096 471.951 2386.341 19:04:42
5.096 467.561 2386.341 19:04:43
5.080 514.927 2623.415 19:04:44
5.096 469.951 2393.171 19:04:45
5.096 468.537 2389.268 19:04:46
5.096 469.659 2393.171 19:04:47
5.076 514.244 2618.537 19:04:48
5.096 468.537 2381.463 19:04:49
5.096 467.561 2383.415 19:04:50
5.100 467.854 2380.488 19:04:51
5.096 469.463 2381.463 19:04:52
5.100 468.439 2485.854 19:04:53
5.084 513.561 2618.537 19:04:54
5.100 465.951 2375.610 19:04:55
5.096 466.146 2375.610 19:04:56
5.080 513.756 2608.780 19:04:57
5.096 472.634 2396.098 19:04:58
5.096 468.439 2393.171 19:04:59
4.992 477.659 2434.146 19:05:00
5.108 440.976 2253.659 19:05:01
5.104 441.171 2250.732 19:05:02
5.072 554.049 3201.951 19:05:03
5.064 553.268 2797.073 19:05:04
5.072 555.024 2800.976 19:05:05
5.068 554.146 2834.146 19:05:06
5.068 588.732 2972.683 19:05:07
5.096 469.854 2386.341 19:05:08
5.096 469.659 2403.902 19:05:09
5.096 468.732 2389.268 19:05:10
5.096 466.976 2400.976 19:05:11
5.096 470.732 2383.415 19:05:12
5.100 469.756 2393.171 19:05:13
5.100 466.634 2380.488 19:05:14
5.096 514.439 2383.415 19:05:15
5.100 469.951 2381.463 19:05:16
5.096 469.366 2406.829 19:05:17
4.976 794.000 3684.878 19:05:18
5.068 553.854 2804.878 19:05:19
5.068 554.146 2837.073 19:05:20
