5.096 465.756 2387.317 18:45:17
5.096 468.146 2380.976 18:45:18
5.124 392.268 2000.488 18:45:19
5.068 553.439 2801.951 18:45:20
5.016 684.927 3428.780 18:45:21
5.016 704.634 3482.927 18:45:22
5.068 553.756 2804.390 18:45:23
5.084 506.463 2591.707 18:45:24
5.124 391.171 2001.951 18:45:25
5.100 468.659 2385.854 18:45:26
5.068 552.341 2803.902 18:45:27
5.068 553.854 2801.463 18:45:28
5.060 551.341 2803.902 18:45:29
5.072 552.146 2795.122 18:45:30
5.024 575.341 2834.146 18:45:31
5.016 712.244 3614.146 18:45:32
5.068 551.854 2790.244 18:45:33
5.064 551.244 2815.122 18:45:34
5.068 553.659 2794.146 18:45:35
5.068 551.756 2830.732 18:45:36
5.064 541.951 2772.683 18:45:37
5.044 647.829 3421.463 18:45:38
5.064 550.854 2795.122 18:45:39
5.064 553.951 2791.707 18:45:40
5.060 569.537 2989.756 18:45:41
5.064 551.146 2802.927 18:45:42
5.068 554.049 2815.610 18:45:43
5.084 559.756 2618.049 18:45:44
5.068 556.951 3147.317 18:45:45
5.020 561.854 2837.073 18:45:46
5.068 551.854 2793.171 18:45:47
5.064 551.951 2794.146 18:45:48
5.060 573.756 2916.585 18:45:49
5.064 552.537 2791.707 18:45:50
5.012 711.341 3555.122 18:45:51
5.068 551.244 2803.902 18:45:52
5.064 551.756 2795.122 18:45:53
5.068 551.951 2790.244 18:45:54
5.072 564.244 2853.171 18:45:55
5.064 553.854 2803.902 18:45:56
5.068 553.854 2811.707 18:45:57
5.068 552.537 2791.707 18:45:58
5.076 526.756 2686.341 18:45:59
5.092 471.659 2403.902 18:46:00
5.108 442.463 2258.537 18:46:01
5.024 679.024 3418.537 18:46:02
5.068 551.439 2795.122 18:46:03
5.068 551.537 2796.585 18:46:04
5.064 554.049 2800.488 18:46:06
5.064 556.049 2806.829 18:46:07
5.100 466.854 2392.683 18:46:08
5.100 469.854 2388.293 18:46:09
5.096 469.049 2377.561 18:46:10
5.100 466.756 2377.073 18:46:11
5.092 467.951 2378.537 18:46:12
5.096 466.659 2379.512 18:46:13
5.096 469.463 2388.293 18:46:14
5.096 477.951 2378.537 18:46:15
5.096 466.146 2388.293 18:46:16
5.096 465.659 2375.122 18:46:17
5.100 467.756 2380.976 18:46:18
5.100 467.244 2372.195 18:46:19
5.100 469.146 2388.780 18:46:20
5.096 468.049 2384.878 18:46:21
5.096 468.756 2397.561 18:46:22
5.100 466.366 2374.634 18:46:23
5.076 518.659 2746.341 18:46:24
5.100 467.951 2370.732 18:46:25
5.100 467.659 2385.854 18:46:26
5.080 526.854 2613.659 18:46:27
5.100 468.561 2394.634 18:46:28
5.100 466.463 2377.073 18:46:29
5.092 468.146 2384.878 18:46:30
5.096 471.244 2383.902 18:46:31
5.100 465.659 2373.659 18:46:32
5.100 470.366 2386.341 18:46:33
5.100 465.854 2375.122 18:46:34
5.096 466.244 2372.683 18:46:35
5.068 552.537 2797.073 18:46:36
5.068 551.854 2796.585 18:46:37
