5.004 727.829 3655.122 18:07:39
5.012 697.537 3471.707 18:07:40
5.020 702.732 3469.268 18:07:41
5.064 553.756 2804.390 18:07:42
5.096 474.756 2431.220 18:07:43
5.092 465.854 2374.634 18:07:44
5.008 709.634 3546.829 18:07:45
5.068 552.951 2801.463 18:07:46
5.012 717.927 3568.780 18:07:47
5.052 550.756 2821.951 18:07:48
5.068 550.854 2791.707 18:07:49
5.096 469.659 2375.122 18:07:50
5.068 552.049 2799.512 18:07:51
5.068 552.756 2788.293 18:07:52
5.068 552.439 2812.683 18:07:53
5.056 592.951 2958.537 18:07:54
5.068 551.854 2794.146 18:07:55
5.096 466.659 2374.634 18:07:56
5.064 554.439 2809.268 18:07:57
5.068 552.049 2789.268 18:07:58
5.064 552.756 2800.488 18:07:59
5.016 580.854 2853.171 18:08:00
5.072 552.756 2786.829 18:08:01
5.108 442.146 2251.220 18:08:02
5.068 560.756 2958.049 18:08:03
5.068 551.244 2797.073 18:08:04
5.068 550.756 2789.268 18:08:05
5.068 550.439 2795.122 18:08:06
5.068 550.537 2804.390 18:08:07
5.068 551.244 2799.024 18:08:08
5.068 551.244 2786.341 18:08:09
5.068 551.756 2796.585 18:08:10
5.068 554.146 2801.463 18:08:11
5.068 553.537 2816.585 18:08:12
5.096 466.854 2374.634 18:08:13
5.088 501.561 2550.244 18:08:14
5.096 467.366 2372.683 18:08:15
5.076 518.439 2616.098 18:08:16
5.100 466.951 2373.659 18:08:17
5.092 465.561 2373.659 18:08:18
5.096 464.854 2369.756 18:08:19
5.096 469.463 2369.756 18:08:20
5.096 469.854 2383.902 18:08:21
5.076 512.049 2631.220 18:08:22
5.100 465.756 2376.098 18:08:23
5.080 513.244 2601.463 18:08:24
5.072 551.659 2787.805 18:08:25
5.100 465.659 2373.659 18:08:26
5.096 467.951 2381.951 18:08:27
5.088 469.366 2386.341 18:08:28
5.100 468.463 2388.780 18:08:29
5.096 470.659 2380.976 18:08:30
5.100 465.463 2372.683 18:08:31
5.100 464.561 2450.244 18:08:32
5.100 468.561 2369.756 18:08:33
5.100 465.463 2372.195 18:08:34
5.100 466.951 2380.000 18:08:35
5.088 502.659 2553.659 18:08:36
5.100 466.049 2373.659 18:08:37
5.100 466.244 2371.220 18:08:38
5.100 464.854 2372.683 18:08:39
5.100 467.951 2381.951 18:08:40
5.096 469.463 2391.220 18:08:41
5.096 465.659 2374.634 18:08:42
5.096 464.854 2366.341 18:08:43
5.100 465.561 2376.098 18:08:44
5.100 465.756 2370.732 18:08:45
5.100 465.366 2368.293 18:08:46
4.988 755.732 3825.366 18:08:47
5.072 550.659 2779.512 18:08:48
5.072 549.146 2785.366 18:08:49
