5.004 728.341 3644.390 19:28:25
5.016 678.634 3456.585 19:28:26
5.016 691.244 3511.220 19:28:27
5.064 555.244 2815.122 19:28:28
5.092 476.049 2428.780 19:28:29
5.076 519.439 2628.780 19:28:30
4.996 752.024 3756.585 19:28:31
5.068 557.049 2806.341 19:28:32
5.012 714.537 3520.488 19:28:33
5.068 552.659 2848.293 19:28:34
5.008 700.122 3581.463 19:28:35
5.040 520.854 2737.561 19:28:36
5.004 715.341 3590.732 19:28:37
5.016 584.634 2821.463 19:28:38
5.012 713.927 3569.268 19:28:39
5.068 575.439 3011.707 19:28:40
5.000 748.317 3860.488 19:28:41
5.068 550.049 2821.463 19:28:42
5.008 753.024 3818.537 19:28:43
5.052 563.951 3587.805 19:28:44
5.008 735.829 3542.927 19:28:45
5.064 552.951 2797.073 19:28:46
5.068 552.341 2821.951 19:28:47
5.060 586.244 2918.049 19:28:48
5.008 564.951 2801.463 19:28:49
5.056 577.439 2936.585 19:28:50
5.016 751.927 3545.366 19:28:51
5.056 606.146 3754.634 19:28:52
5.048 603.951 3062.439 19:28:53
5.064 557.341 2807.805 19:28:54
5.068 554.854 2812.683 19:28:55
5.064 556.049 2810.244 19:28:56
5.004 724.220 3548.780 19:28:57
5.068 553.341 2804.390 19:28:58
5.080 512.951 2618.049 19:28:59
5.080 517.854 2682.927 19:29:00
5.048 591.244 3192.195 19:29:01
5.068 554.951 2830.732 19:29:02
5.072 552.439 2811.707 19:29:03
5.056 589.244 2968.293 19:29:04
5.048 599.732 3135.610 19:29:05
5.068 555.146 2819.512 19:29:06
5.064 555.537 2813.171 19:29:07
5.068 554.854 2817.073 19:29:08
5.064 554.951 2810.732 19:29:09
5.080 516.659 2635.122 19:29:10
5.080 516.951 2625.366 19:29:11
5.076 517.951 2640.000 19:29:12
5.080 519.561 2648.780 19:29:13
5.080 519.756 2636.585 19:29:14
5.084 507.146 2571.220 19:29:15
5.096 470.951 2397.561 19:29:16
5.080 519.756 2633.659 19:29:17
5.080 519.756 2627.317 19:29:18
5.096 469.561 2388.293 19:29:19
5.080 516.244 2622.439 19:29:20
5.080 514.659 2613.659 19:29:21
5.080 514.951 2793.171 19:29:22
5.100 466.244 2384.878 19:29:23
5.096 467.366 2392.683 19:29:24
5.100 471.463 2398.537 19:29:25
5.068 549.659 2785.366 19:29:26
5.096 466.244 2378.537 19:29:27
5.100 467.463 2377.073 19:29:28
5.080 513.854 2611.707 19:29:29
5.076 515.341 2631.707 19:29:30
5.100 470.049 2390.732 19:29:31
5.096 468.659 2385.854 19:29:32
5.080 513.439 2602.927 19:29:33
5.096 466.366 2386.341 19:29:34
5.076 518.951 2628.780 19:29:35
5.080 516.049 2625.366 19:29:36
5.072 551.537 2795.122 19:29:37
5.096 468.463 2388.293 19:29:38
5.080 515.146 2615.122 19:29:39
5.100 466.463 2389.756 19:29:40
5.096 466.659 2377.073 19:29:41
5.096 466.756 2375.122 19:29:42
5.004 732.537 3672.683 19:29:43
5.068 550.537 2790.244 19:29:44
5.068 555.659 2801.463 19:29:45
