4.988 763.537 3832.195 19:21:22
5.008 693.634 3462.439 19:21:23
5.020 688.537 3521.463 19:21:24
5.068 552.439 2801.463 19:21:25
5.096 476.463 2425.854 19:21:26
5.076 518.146 2630.244 19:21:27
5.008 712.927 3583.902 19:21:28
5.068 553.854 2806.341 19:21:29
5.012 711.829 3564.390 19:21:30
5.016 552.341 2860.488 19:21:31
5.008 709.341 3582.927 19:21:32
5.068 518.951 2631.220 19:21:33
5.012 713.439 3585.366 19:21:34
5.064 554.756 2801.463 19:21:35
5.012 695.537 3549.268 19:21:36
5.068 551.659 2799.024 19:21:37
5.012 714.829 3545.366 19:21:38
5.080 515.854 2622.439 19:21:39
5.012 722.732 3502.927 19:21:40
5.056 583.634 2970.732 19:21:41
5.020 712.829 3628.293 19:21:42
5.068 552.341 2801.951 19:21:43
5.060 573.439 2801.463 19:21:44
5.068 552.854 3544.390 19:21:45
5.008 723.634 3532.683 19:21:46
5.032 587.854 2943.415 19:21:47
5.008 712.122 3561.951 19:21:48
5.068 552.951 2814.146 19:21:49
5.012 719.439 3577.561 19:21:50
5.024 563.049 3374.146 19:21:51
5.064 553.146 2799.024 19:21:52
5.056 604.537 3008.293 19:21:53
5.060 588.146 2845.854 19:21:54
5.080 514.146 2611.220 19:21:55
5.060 556.854 3529.268 19:21:56
5.068 553.049 2797.073 19:21:57
5.056 553.341 2809.268 19:21:58
5.068 555.146 2806.829 19:21:59
5.068 527.756 2642.439 19:22:00
5.076 526.854 2675.122 19:22:01
5.076 527.244 2676.585 19:22:02
5.064 554.659 2810.732 19:22:03
5.068 556.439 2812.683 19:22:04
5.064 556.341 2812.683 19:22:05
5.076 517.341 2644.878 19:22:06
5.092 469.561 2380.000 19:22:07
5.084 516.049 2624.878 19:22:08
5.080 517.561 2617.561 19:22:09
5.100 467.244 2408.293 19:22:10
5.080 518.244 2630.244 19:22:11
5.080 515.146 2635.122 19:22:12
5.096 469.366 2393.659 19:22:13
5.100 471.244 2392.683 19:22:14
5.080 516.854 2611.220 19:22:15
5.096 471.854 2391.220 19:22:16
5.080 517.561 2614.146 19:22:17
5.080 517.659 2620.000 19:22:18
5.080 513.854 2620.488 19:22:19
5.080 513.439 2614.146 19:22:20
5.080 517.854 2631.220 19:22:21
5.096 467.366 2392.195 19:22:22
5.080 516.659 2631.220 19:22:23
5.080 512.951 2625.366 19:22:24
5.096 469.366 2390.732 19:22:25
5.080 514.756 2609.268 19:22:26
5.096 473.561 2399.512 19:22:27
5.100 469.146 2379.512 19:22:28
5.096 466.756 2397.561 19:22:29
5.080 516.146 2627.805 19:22:30
5.096 469.659 2395.122 19:22:31
5.100 466.366 2390.732 19:22:32
5.100 468.561 2386.341 19:22:33
5.096 471.756 2390.732 19:22:34
5.096 468.463 2375.122 19:22:35
5.080 521.049 2634.146 19:22:36
5.096 468.951 2404.878 19:22:37
5.096 468.659 2376.098 19:22:38
5.100 466.659 2380.976 19:22:39
5.000 735.341 3651.707 19:22:40
5.068 553.951 2799.024 19:22:41
5.024 574.634 2802.927 19:22:42
