5.000 733.439 3676.585 20:19:06
5.016 702.732 3511.220 20:19:07
5.008 706.341 3589.268 20:19:08
5.068 554.854 2823.902 20:19:09
5.064 552.049 2798.049 20:19:10
5.100 468.366 2386.341 20:19:11
5.012 712.634 3561.463 20:19:12
5.068 554.537 2813.171 20:19:13
5.016 714.927 3583.902 20:19:14
5.056 581.244 2988.293 20:19:15
4.992 750.537 3777.073 20:19:16
5.080 513.244 2430.244 20:19:17
5.008 716.122 3581.951 20:19:18
5.064 585.951 2835.122 20:19:19
5.012 714.927 3618.049 20:19:20
5.052 686.024 2798.049 20:19:21
5.004 718.634 3568.780 20:19:22
5.064 555.244 2810.244 20:19:23
5.008 727.732 3575.610 20:19:24
5.068 554.244 2829.268 20:19:25
5.008 715.927 3831.707 20:19:26
5.052 616.829 3098.049 20:19:27
5.000 737.439 3670.244 20:19:28
5.044 707.732 3462.927 20:19:29
5.008 714.732 3576.585 20:19:30
5.056 552.537 2823.902 20:19:31
5.064 553.049 2807.805 20:19:32
5.020 720.634 3594.146 20:19:33
5.004 718.634 3590.732 20:19:34
5.056 584.146 3026.829 20:19:35
4.972 586.951 3067.317 20:19:36
5.000 716.244 3713.171 20:19:37
5.008 736.537 3688.293 20:19:38
5.060 646.927 2946.829 20:19:39
5.020 600.951 3254.634 20:19:40
5.004 712.341 3555.122 20:19:41
5.064 553.146 2803.902 20:19:42
5.048 568.634 2871.707 20:19:43
5.056 600.951 3062.439 20:19:44
5.064 553.659 2800.488 20:19:45
5.064 555.341 2825.366 20:19:46
5.068 558.244 2791.707 20:19:47
5.076 515.244 2618.049 20:19:48
5.052 588.951 2973.171 20:19:49
5.064 551.854 2808.293 20:19:50
5.068 553.049 2810.244 20:19:51
5.068 555.537 2810.732 20:19:52
5.068 553.854 2808.293 20:19:53
5.084 515.659 2615.122 20:19:54
5.076 514.146 2614.146 20:19:55
5.084 519.146 2636.585 20:19:56
5.080 515.659 2623.902 20:19:57
5.080 518.341 2628.780 20:19:58
5.096 470.366 2392.195 20:19:59
5.096 520.049 2664.878 20:20:00
5.088 490.951 2503.415 20:20:01
5.068 514.049 2611.220 20:20:02
5.068 552.244 2807.805 20:20:03
5.064 555.341 2818.049 20:20:04
5.064 556.854 2805.366 20:20:05
5.064 555.341 2850.244 20:20:06
5.068 552.951 2803.902 20:20:07
5.100 467.463 2397.073 20:20:08
5.080 517.756 2627.317 20:20:09
5.076 518.561 2628.780 20:20:10
5.068 550.146 2788.293 20:20:11
5.096 467.146 2380.976 20:20:12
5.100 468.049 2380.976 20:20:13
5.076 515.854 2624.878 20:20:14
5.100 467.366 2386.341 20:20:15
5.080 519.049 2618.049 20:20:16
5.096 467.463 2378.537 20:20:17
5.100 466.756 2394.634 20:20:18
5.096 467.951 2392.195 20:20:19
5.080 514.561 2608.780 20:20:20
5.084 513.659 2607.805 20:20:21
5.068 551.756 2795.122 20:20:22
5.096 466.756 2382.439 20:20:23
5.080 514.341 2615.122 20:20:24
5.096 467.049 2378.537 20:20:25
5.096 469.659 2391.220 20:20:26
5.100 471.146 2387.317 20:20:27
5.096 469.244 2377.561 20:20:28
5.100 468.756 2373.659 20:20:29
5.004 739.122 3680.488 20:20:30
5.068 556.439 2806.341 20:20:31
5.076 551.756 2794.146 20:20:32
