5.000 739.122 3685.854 18:30:22
4.996 739.439 3591.707 18:30:23
5.020 691.146 3507.805 18:30:24
5.068 555.756 2790.244 18:30:25
5.096 475.049 2423.902 18:30:26
5.080 515.341 2631.707 18:30:27
5.008 713.341 3577.561 18:30:28
5.068 551.049 2793.171 18:30:29
5.012 708.244 3492.683 18:30:30
5.068 553.341 2795.610 18:30:31
5.008 715.244 3568.780 18:30:32
5.096 465.854 2372.683 18:30:33
4.996 750.927 3735.610 18:30:34
5.068 557.854 2806.341 18:30:35
5.068 551.244 2795.122 18:30:36
5.068 558.341 2794.146 18:30:37
5.064 551.756 2801.951 18:30:38
5.080 512.659 2600.000 18:30:39
5.064 553.537 2806.341 18:30:40
5.068 551.244 2789.268 18:30:41
5.008 588.951 3057.073 18:30:42
5.020 588.634 3079.512 18:30:43
5.016 716.122 3536.585 18:30:44
5.072 548.049 2791.707 18:30:45
5.068 553.756 2793.171 18:30:46
5.068 554.049 2806.829 18:30:47
5.064 556.244 2801.463 18:30:48
5.064 551.146 2790.244 18:30:49
5.068 550.537 2795.122 18:30:50
5.084 522.341 2613.659 18:30:51
5.068 636.634 2986.829 18:30:52
5.068 552.854 2799.512 18:30:53
5.064 553.854 2801.463 18:30:54
5.012 592.244 2848.293 18:30:55
4.996 751.122 3729.268 18:30:56
5.100 467.756 2384.878 18:30:57
5.096 469.244 2391.220 18:30:58
5.100 466.244 2380.000 18:30:59
5.096 467.854 2382.439 18:31:00
5.096 467.854 2387.317 18:31:01
5.084 514.951 2621.463 18:31:02
5.068 556.049 2816.585 18:31:03
5.068 555.951 2808.293 18:31:04
5.068 557.146 2808.293 18:31:05
5.064 551.659 2814.146 18:31:06
5.052 587.341 2972.195 18:31:07
5.100 466.756 2380.000 18:31:08
5.096 466.244 2376.098 18:31:09
5.100 466.854 2377.073 18:31:10
5.080 515.854 2637.561 18:31:11
5.100 466.951 2380.000 18:31:12
5.100 467.244 2377.073 18:31:13
5.100 465.854 2375.122 18:31:14
5.100 468.463 2390.732 18:31:15
5.096 471.244 2405.854 18:31:16
5.096 470.659 2392.195 18:31:17
5.084 504.463 2560.000 18:31:18
5.076 520.854 2666.829 18:31:19
5.080 518.951 2628.780 18:31:20
5.100 466.049 2388.780 18:31:21
5.080 515.049 2616.585 18:31:22
5.096 468.049 2383.902 18:31:23
5.100 465.561 2376.098 18:31:24
5.100 473.244 2403.902 18:31:25
5.100 466.463 2373.659 18:31:26
5.100 465.951 2386.341 18:31:27
5.096 464.951 2372.683 18:31:28
5.088 504.756 2560.976 18:31:29
5.100 465.366 2368.293 18:31:30
5.100 465.561 2376.098 18:31:31
5.096 466.756 2370.732 18:31:32
5.100 467.756 2383.902 18:31:33
5.004 737.341 3670.244 18:31:34
5.068 554.439 2807.805 18:31:35
5.068 555.146 2785.366 18:31:36
