5.060 589.341 2910.244 20:08:04
5.012 693.537 3377.561 20:08:05
5.020 714.341 3591.707 20:08:06
5.064 555.439 2815.610 20:08:07
5.104 441.366 2256.098 20:08:08
5.096 468.756 2381.951 20:08:09
5.012 713.122 3555.610 20:08:10
5.068 565.146 2796.585 20:08:11
5.004 714.244 3571.707 20:08:12
5.068 554.659 2808.293 20:08:13
5.008 715.439 3572.683 20:08:14
5.096 539.341 2427.317 20:08:15
5.008 718.341 3572.683 20:08:16
5.060 595.537 3002.927 20:08:17
5.008 741.829 3571.707 20:08:18
5.064 554.439 2806.829 20:08:19
4.984 723.829 3574.146 20:08:20
5.064 552.439 2799.024 20:08:21
5.008 715.341 3556.585 20:08:22
5.068 557.146 3460.488 20:08:23
5.000 712.829 3581.951 20:08:24
5.060 554.244 2813.171 20:08:25
5.012 713.927 3502.439 20:08:26
5.068 555.951 3531.220 20:08:27
5.056 594.439 3107.317 20:08:28
5.008 693.634 3795.610 20:08:29
5.068 554.146 2800.488 20:08:30
5.040 553.146 2824.390 20:08:31
5.008 714.244 3565.366 20:08:32
5.044 556.537 2811.707 20:08:33
4.952 720.732 3896.098 20:08:34
5.056 669.439 2902.927 20:08:35
5.068 561.854 2874.146 20:08:36
5.012 709.244 3405.366 20:08:37
5.060 647.049 2815.122 20:08:38
5.008 711.439 3496.585 20:08:39
5.068 588.634 2849.268 20:08:40
5.068 555.756 2799.512 20:08:41
5.072 553.756 2804.390 20:08:42
5.068 636.146 2801.951 20:08:43
5.068 563.244 2801.463 20:08:44
5.064 555.244 2815.610 20:08:45
5.068 666.244 2840.488 20:08:46
5.064 553.756 2816.585 20:08:47
5.068 551.854 2802.927 20:08:48
5.068 555.244 2799.512 20:08:49
5.064 553.537 2804.390 20:08:50
5.068 555.951 2800.488 20:08:51
5.096 468.756 2393.659 20:08:52
5.104 467.244 2380.000 20:08:53
5.096 469.951 2393.659 20:08:54
5.080 518.561 2620.000 20:08:55
5.100 470.463 2382.439 20:08:56
5.100 470.854 2383.902 20:08:57
5.088 467.951 2382.439 20:08:58
5.080 515.756 2627.317 20:08:59
5.112 430.951 2212.195 20:09:00
5.108 442.268 2266.829 20:09:01
5.108 493.561 2378.537 20:09:02
5.064 554.049 2808.293 20:09:03
5.068 555.439 2797.073 20:09:04
5.056 592.341 2955.610 20:09:05
5.068 554.537 2808.293 20:09:06
5.064 555.244 2822.927 20:09:07
5.080 514.439 2613.659 20:09:08
5.080 519.439 2626.341 20:09:09
5.096 470.561 2397.561 20:09:10
5.080 513.854 2612.683 20:09:11
5.100 496.341 2552.683 20:09:12
5.096 470.561 2392.195 20:09:13
5.080 513.244 2608.780 20:09:14
5.100 468.951 2377.073 20:09:15
5.096 468.854 2393.659 20:09:16
5.096 466.659 2394.634 20:09:17
5.100 467.244 2377.073 20:09:18
5.096 467.463 2379.512 20:09:19
5.096 470.244 2423.415 20:09:20
5.100 467.561 2378.537 20:09:21
5.100 465.756 2372.683 20:09:22
5.052 588.049 2967.317 20:09:23
5.068 552.244 2795.610 20:09:24
5.064 554.439 2821.951 20:09:25
5.068 554.049 2797.073 20:09:26
5.064 551.341 2795.122 20:09:27
5.100 468.756 2388.293 20:09:28
