5.004 717.732 3611.707 18:01:17
5.016 696.439 3431.707 18:01:18
5.020 685.927 3443.902 18:01:19
5.068 553.659 2802.927 18:01:20
5.092 477.463 2428.293 18:01:21
5.100 472.146 2392.683 18:01:22
5.096 467.756 2388.293 18:01:23
5.064 556.049 2816.585 18:01:24
5.068 550.854 2806.829 18:01:25
5.048 577.756 3004.390 18:01:26
5.008 727.024 3557.561 18:01:27
5.068 551.146 2806.341 18:01:28
4.968 703.634 3370.244 18:01:29
5.020 724.439 3387.317 18:01:30
5.052 574.634 2908.293 18:01:31
5.068 550.659 2790.244 18:01:32
5.068 551.146 3641.463 18:01:33
5.068 553.439 2806.341 18:01:34
5.096 467.756 2397.561 18:01:35
5.068 552.537 2802.927 18:01:36
5.068 549.756 2812.683 18:01:37
5.068 551.439 2790.732 18:01:38
5.068 550.854 2801.951 18:01:39
5.008 715.341 3502.927 18:01:40
5.100 465.854 2383.902 18:01:41
5.068 579.049 2799.024 18:01:42
5.072 558.049 2795.122 18:01:43
5.068 550.756 2790.732 18:01:44
5.068 556.537 2801.951 18:01:45
5.012 703.732 3535.122 18:01:46
5.096 515.756 2705.366 18:01:47
5.096 467.659 2383.415 18:01:48
5.068 551.049 2794.146 18:01:49
5.068 550.439 2801.463 18:01:50
5.068 551.049 2787.805 18:01:51
5.068 552.659 2799.024 18:01:52
5.068 551.756 2794.146 18:01:53
5.096 471.244 2400.000 18:01:54
5.080 516.244 2623.902 18:01:55
5.100 464.756 2375.122 18:01:56
5.100 465.244 2376.098 18:01:57
5.096 466.146 2391.220 18:01:58
5.096 464.463 2367.317 18:01:59
5.108 430.366 2205.854 18:02:00
5.100 465.146 2376.098 18:02:01
5.076 522.244 2649.268 18:02:02
5.068 552.146 2801.463 18:02:03
5.068 553.756 2805.366 18:02:04
5.068 553.146 2804.390 18:02:05
5.068 551.854 2793.171 18:02:06
5.068 551.146 2791.707 18:02:07
5.096 467.951 2376.098 18:02:08
5.100 465.049 2372.683 18:02:09
5.096 468.659 2391.220 18:02:10
5.100 465.659 2397.073 18:02:11
5.096 467.463 2384.878 18:02:12
5.100 468.463 2383.415 18:02:13
5.096 465.854 2388.293 18:02:14
5.096 465.049 2373.659 18:02:15
5.096 466.049 2383.902 18:02:16
5.096 468.854 2400.976 18:02:17
5.100 466.854 2372.195 18:02:18
5.100 470.366 2380.976 18:02:19
5.100 467.463 2383.415 18:02:20
5.100 468.854 2383.902 18:02:21
5.100 472.244 2385.854 18:02:23
5.100 466.756 2374.634 18:02:24
5.100 468.366 2374.634 18:02:25
5.096 465.561 2372.683 18:02:26
5.020 695.244 3445.366 18:02:27
5.068 551.756 2781.951 18:02:28
