5.000 731.122 3660.488 20:04:24
5.020 697.122 3522.439 20:04:25
5.016 711.634 3411.220 20:04:26
5.064 555.146 2813.171 20:04:27
5.092 476.146 2800.488 20:04:28
5.096 467.756 2390.732 20:04:29
5.008 712.439 3592.683 20:04:30
5.068 554.951 2807.805 20:04:31
5.008 705.244 3577.561 20:04:32
5.068 637.634 2797.073 20:04:33
5.008 696.927 3564.390 20:04:34
5.100 467.561 2381.951 20:04:35
5.012 714.341 3566.341 20:04:36
5.068 552.049 2814.146 20:04:37
5.008 715.122 3752.195 20:04:38
5.072 648.927 2801.951 20:04:39
5.008 717.220 3589.268 20:04:40
5.068 553.049 2812.683 20:04:41
5.012 711.634 3580.488 20:04:42
5.052 585.244 3299.024 20:04:43
5.008 709.244 3591.707 20:04:44
5.052 583.756 3015.610 20:04:45
5.004 737.341 3509.268 20:04:46
5.044 583.634 2976.585 20:04:47
5.016 700.634 3973.659 20:04:48
4.992 799.195 3601.463 20:04:49
5.068 553.244 2801.463 20:04:50
5.080 515.439 2635.122 20:04:51
5.044 691.829 3441.463 20:04:52
5.064 553.146 2895.610 20:04:53
5.068 553.756 2800.488 20:04:54
5.064 558.146 2821.951 20:04:55
5.068 554.439 2801.463 20:04:56
5.008 719.537 3478.049 20:04:57
4.972 735.341 3095.610 20:04:58
5.012 721.634 3561.463 20:04:59
5.052 601.341 2874.634 20:05:00
5.076 528.561 2691.707 20:05:01
5.108 443.854 2262.439 20:05:02
5.068 552.854 2798.049 20:05:03
5.068 562.146 2826.829 20:05:04
5.068 680.537 2813.171 20:05:05
5.068 554.951 2816.585 20:05:06
5.068 556.659 2815.122 20:05:07
5.020 707.829 3564.390 20:05:08
5.068 555.854 2811.707 20:05:09
5.068 555.439 2802.927 20:05:10
5.068 554.341 2815.610 20:05:11
5.064 555.537 2815.610 20:05:12
5.080 518.854 2639.024 20:05:13
5.084 517.561 2625.366 20:05:14
5.076 517.146 2629.268 20:05:15
5.080 517.341 2642.927 20:05:16
5.080 517.756 2622.439 20:05:17
5.096 467.049 2382.439 20:05:18
5.084 514.756 2618.049 20:05:19
5.100 469.756 2393.659 20:05:20
5.096 469.146 2400.976 20:05:21
5.096 470.146 2393.659 20:05:22
5.100 469.366 2399.512 20:05:23
5.092 470.756 2393.659 20:05:24
5.100 505.049 2549.756 20:05:25
5.096 468.244 2379.512 20:05:26
5.096 470.146 2408.293 20:05:27
5.096 468.756 2388.780 20:05:28
5.096 467.146 2378.537 20:05:29
5.100 467.951 2385.854 20:05:30
5.080 516.049 2606.341 20:05:31
5.076 518.854 2633.659 20:05:32
5.096 468.854 2387.317 20:05:33
5.100 469.244 2392.195 20:05:34
5.080 518.341 2388.780 20:05:35
5.084 504.244 2560.976 20:05:36
5.100 469.854 2404.878 20:05:37
5.100 467.049 2377.073 20:05:38
5.096 467.463 2384.878 20:05:39
5.076 516.659 2622.439 20:05:40
5.096 469.049 2390.732 20:05:41
5.100 469.244 2390.732 20:05:42
5.096 467.049 2381.951 20:05:43
5.096 468.561 2385.854 20:05:44
5.096 470.854 2387.317 20:05:45
5.000 734.122 3676.585 20:05:46
5.052 589.244 2969.268 20:05:47
5.068 551.537 2793.171 20:05:48
