5.000 736.024 3677.073 18:18:55
5.012 704.732 3440.000 18:18:56
5.008 683.634 3536.585 18:18:57
5.068 557.537 2846.829 18:18:58
5.096 479.366 2436.098 18:18:59
5.088 495.049 2516.585 18:19:00
5.008 695.244 3424.878 18:19:01
5.052 589.439 2961.951 18:19:02
5.012 691.024 3532.683 18:19:03
5.068 553.756 2791.707 18:19:04
5.008 704.537 3571.707 18:19:05
5.096 476.366 2377.073 18:19:06
5.072 551.049 2786.341 18:19:07
5.068 551.146 2794.146 18:19:08
5.056 550.951 2787.805 18:19:09
5.068 553.341 2799.512 18:19:10
5.064 553.439 2801.951 18:19:11
5.080 518.854 2721.463 18:19:12
5.044 615.951 3284.878 18:19:13
5.068 559.537 2832.683 18:19:14
5.052 579.634 2905.854 18:19:15
5.020 571.756 2794.146 18:19:16
5.068 550.854 2790.732 18:19:17
5.056 590.537 2996.098 18:19:18
5.068 550.659 2844.390 18:19:19
5.068 553.244 2801.951 18:19:20
5.068 553.341 2799.512 18:19:21
5.072 554.854 2809.268 18:19:22
5.072 552.244 2845.366 18:19:23
5.044 619.439 3183.902 18:19:24
5.012 712.927 3585.366 18:19:25
5.068 551.756 2806.829 18:19:26
5.068 668.146 3176.098 18:19:27
5.080 517.756 2618.049 18:19:28
5.084 513.659 2610.244 18:19:29
5.080 515.854 2611.220 18:19:30
5.096 466.561 2377.561 18:19:31
5.080 517.854 2616.585 18:19:32
5.096 466.659 2372.195 18:19:33
5.100 468.561 2388.780 18:19:34
5.084 500.756 2547.317 18:19:35
5.096 466.463 2386.341 18:19:36
5.096 466.659 2383.415 18:19:37
5.096 466.146 2383.902 18:19:38
5.100 465.659 2369.756 18:19:39
5.100 465.561 2389.756 18:19:40
5.100 466.244 2377.073 18:19:41
5.096 467.659 2381.951 18:19:42
5.096 466.951 2386.341 18:19:43
5.096 465.366 2373.659 18:19:44
5.096 467.659 2382.439 18:19:45
5.088 501.049 2543.902 18:19:46
5.100 465.463 2380.976 18:19:47
5.100 466.463 2377.073 18:19:48
5.104 465.463 2370.732 18:19:49
5.096 469.146 2383.415 18:19:50
5.100 466.244 2377.073 18:19:51
5.096 468.951 2375.122 18:19:52
5.080 516.854 2619.024 18:19:53
5.100 464.854 2368.293 18:19:54
5.100 465.659 2369.756 18:19:55
5.084 514.146 2611.220 18:19:56
5.100 464.951 2369.756 18:19:57
5.096 465.463 2375.122 18:19:58
5.096 468.049 2370.732 18:19:59
5.048 431.561 2280.000 18:20:00
5.096 465.463 2388.293 18:20:01
5.108 440.854 2248.293 18:20:02
5.068 550.659 2791.707 18:20:03
5.068 550.146 2798.049 18:20:04
5.004 727.024 3655.122 18:20:05
5.068 552.244 2799.512 18:20:06
5.068 552.439 2797.073 18:20:07
