5.004 725.732 3628.293 18:50:27
5.016 690.634 3498.049 18:50:28
5.020 679.244 3480.000 18:50:29
5.060 587.341 2969.268 18:50:30
5.080 502.463 2659.024 18:50:31
5.080 520.341 2637.561 18:50:32
5.008 706.732 3583.902 18:50:33
5.068 554.854 2797.073 18:50:34
5.012 713.122 3555.122 18:50:35
5.068 552.146 2806.829 18:50:36
5.008 712.244 3506.829 18:50:37
5.100 468.244 2377.073 18:50:38
5.008 714.537 3561.951 18:50:39
5.064 693.122 2793.171 18:50:40
4.992 753.024 3749.268 18:50:41
5.068 552.951 2795.122 18:50:42
5.064 554.049 2805.366 18:50:43
5.084 515.561 2611.220 18:50:44
5.072 553.756 2806.341 18:50:45
5.068 555.854 2795.122 18:50:46
5.068 556.341 2814.146 18:50:47
5.016 551.951 2799.024 18:50:48
5.064 556.244 2821.463 18:50:49
5.052 566.951 2824.390 18:50:50
5.048 605.634 2894.146 18:50:51
5.020 632.244 3177.561 18:50:52
5.016 714.024 3570.732 18:50:53
5.068 551.854 2799.512 18:50:54
5.012 600.537 2954.634 18:50:55
5.080 512.561 2612.683 18:50:56
5.060 566.951 2866.829 18:50:57
5.068 552.756 2800.488 18:50:58
5.072 552.537 2791.707 18:50:59
5.064 555.341 2901.951 18:51:00
5.072 552.439 2793.171 18:51:01
5.068 556.659 2808.293 18:51:02
5.056 590.146 2980.976 18:51:03
5.068 553.049 2823.902 18:51:04
5.064 553.049 2800.488 18:51:05
5.068 553.049 2801.951 18:51:06
5.068 557.146 2810.732 18:51:07
5.100 466.756 2386.341 18:51:08
5.080 517.756 2624.878 18:51:09
5.076 516.439 2616.098 18:51:10
5.100 467.463 2377.561 18:51:11
5.080 515.854 2624.878 18:51:12
5.096 467.244 2385.854 18:51:13
5.084 506.659 2577.561 18:51:14
5.096 469.659 2392.195 18:51:15
5.096 468.366 2375.122 18:51:16
5.100 466.049 2379.512 18:51:17
5.096 466.244 2374.634 18:51:18
5.096 466.951 2378.537 18:51:19
5.080 514.341 2602.927 18:51:20
5.096 469.244 2393.659 18:51:21
5.100 466.756 2380.000 18:51:22
5.080 513.341 2605.366 18:51:23
5.100 468.463 2377.073 18:51:24
5.088 504.659 2560.000 18:51:25
5.096 466.561 2376.098 18:51:26
5.080 517.244 2642.439 18:51:27
5.096 466.463 2373.659 18:51:28
5.096 467.463 2378.537 18:51:29
5.096 468.463 2384.878 18:51:30
5.096 466.854 2372.195 18:51:31
5.096 468.951 2394.634 18:51:32
5.096 468.049 2387.317 18:51:33
5.096 466.463 2379.512 18:51:34
5.084 514.854 2601.463 18:51:35
5.084 501.854 2551.220 18:51:36
5.096 467.756 2379.512 18:51:37
5.096 466.951 2382.439 18:51:38
5.096 466.463 2375.122 18:51:39
5.096 468.146 2389.756 18:51:40
5.000 734.927 3664.390 18:51:41
5.068 552.854 2799.512 18:51:42
5.068 553.951 2801.463 18:51:43
