5.064 553.146 2801.463 20:24:41
5.016 686.024 3434.146 20:24:42
5.024 709.927 3475.122 20:24:43
5.068 551.854 2801.463 20:24:44
5.068 552.854 2799.024 20:24:45
5.096 469.659 2384.878 20:24:46
5.012 716.634 3566.341 20:24:47
5.068 559.659 2809.268 20:24:48
5.008 710.927 3546.341 20:24:49
5.068 552.659 2800.488 20:24:50
5.004 719.122 3606.829 20:24:51
5.100 468.244 2386.341 20:24:52
5.008 719.927 3602.927 20:24:53
5.068 552.854 2802.927 20:24:54
5.012 714.732 3539.024 20:24:55
5.068 590.537 2977.073 20:24:56
5.012 715.732 3519.024 20:24:57
5.016 553.951 2806.341 20:24:58
5.008 716.341 3581.951 20:24:59
5.072 543.951 2684.390 20:25:00
5.020 700.024 3450.244 20:25:01
5.044 561.537 3748.293 20:25:02
5.008 685.829 3428.780 20:25:03
5.004 720.829 3601.951 20:25:04
5.000 715.537 3583.902 20:25:05
5.056 583.244 2934.634 20:25:06
5.004 751.024 3585.366 20:25:07
5.096 480.146 2428.780 20:25:08
5.056 638.537 3008.293 20:25:09
5.064 555.439 2806.341 20:25:10
5.064 667.024 2802.927 20:25:11
5.008 714.732 3481.463 20:25:12
5.000 595.244 3183.902 20:25:13
5.008 700.439 3497.561 20:25:14
5.064 561.756 2830.244 20:25:15
5.008 725.122 3578.049 20:25:16
5.064 552.951 2840.488 20:25:17
5.068 554.439 2801.951 20:25:18
5.096 472.146 2395.122 20:25:19
5.064 555.951 3396.585 20:25:20
5.068 553.244 2802.927 20:25:21
5.064 554.854 2816.585 20:25:22
5.064 731.341 2819.512 20:25:23
5.064 555.854 2825.366 20:25:24
5.060 555.659 2813.171 20:25:25
5.064 555.049 2802.927 20:25:26
5.068 552.951 2799.024 20:25:27
5.064 556.049 2811.707 20:25:28
5.064 552.756 2801.463 20:25:29
5.096 472.951 2389.756 20:25:30
5.080 516.659 2623.902 20:25:31
5.096 470.659 2400.000 20:25:32
5.080 515.244 2633.659 20:25:33
5.084 515.439 2618.049 20:25:34
5.096 469.244 2389.756 20:25:35
5.084 519.951 2616.585 20:25:36
5.080 518.756 2632.683 20:25:37
5.096 470.463 2391.220 20:25:38
5.076 517.049 2622.439 20:25:39
5.080 518.439 2629.268 20:25:40
5.084 518.049 2605.366 20:25:41
5.076 515.341 2620.000 20:25:42
5.096 468.854 2380.000 20:25:43
5.084 514.659 2903.415 20:25:44
5.096 469.659 2397.073 20:25:45
5.076 516.659 2622.439 20:25:46
5.064 580.341 2834.146 20:25:47
5.080 515.854 2622.439 20:25:48
5.080 522.049 2611.220 20:25:49
5.076 470.244 2391.220 20:25:50
5.096 467.659 2391.220 20:25:51
5.096 467.146 2382.439 20:25:52
5.096 471.244 2388.293 20:25:53
5.080 513.439 2627.805 20:25:54
5.084 513.439 2609.268 20:25:55
5.096 469.049 2392.683 20:25:56
5.096 468.659 2388.780 20:25:57
5.080 518.244 2623.902 20:25:58
5.096 469.049 2392.195 20:25:59
5.104 429.854 2206.829 20:26:00
5.092 472.244 2520.976 20:26:01
5.104 443.366 2258.537 20:26:02
5.068 555.951 2811.707 20:26:03
5.068 552.244 2795.610 20:26:04
5.000 742.122 3678.049 20:26:05
5.064 559.439 2833.171 20:26:06
5.064 555.049 2809.268 20:26:07
