5.004 730.439 3635.122 18:48:45
5.016 699.439 3486.829 18:48:46
5.012 700.732 3527.805 18:48:47
5.068 554.756 2806.829 18:48:48
5.092 475.659 2445.854 18:48:49
5.080 519.756 2635.122 18:48:50
5.008 715.341 3597.561 18:48:51
5.072 554.049 2794.146 18:48:52
5.016 706.439 3594.146 18:48:53
5.068 552.146 2791.707 18:48:54
5.012 716.927 3589.268 18:48:55
5.084 521.659 2611.220 18:48:56
5.008 716.634 3595.610 18:48:57
5.068 552.537 2811.707 18:48:58
5.008 713.537 3575.610 18:48:59
5.044 793.537 3787.805 18:49:00
5.008 712.024 3500.000 18:49:01
5.076 471.951 2427.317 18:49:02
5.044 585.756 3637.073 18:49:03
5.044 682.732 3157.073 18:49:04
5.068 555.341 2795.122 18:49:05
5.052 659.146 2844.390 18:49:06
5.012 729.634 3551.707 18:49:07
5.096 467.659 2384.878 18:49:08
5.084 515.341 2620.488 18:49:09
5.064 555.341 2817.073 18:49:10
5.060 551.854 2809.268 18:49:11
5.068 554.756 2811.707 18:49:12
5.056 578.537 2960.976 18:49:13
5.012 715.537 3596.585 18:49:14
5.048 568.341 3019.512 18:49:15
5.068 551.756 2798.049 18:49:16
5.068 554.146 2799.512 18:49:17
5.072 551.951 2801.463 18:49:18
5.064 554.951 2808.293 18:49:19
5.064 552.244 2802.927 18:49:20
5.100 469.463 2387.317 18:49:21
5.068 556.659 2806.829 18:49:22
5.064 552.659 2801.463 18:49:23
5.068 552.951 2830.732 18:49:24
5.064 553.049 2806.341 18:49:25
5.052 589.146 2976.585 18:49:26
5.092 468.049 2384.878 18:49:27
5.080 514.341 2611.707 18:49:28
5.096 467.146 2388.293 18:49:29
5.100 467.366 2380.976 18:49:30
5.100 467.561 2378.537 18:49:31
5.096 472.049 2392.683 18:49:32
5.096 470.049 2389.756 18:49:33
5.096 466.244 2377.073 18:49:34
5.092 470.146 2377.073 18:49:35
5.076 516.756 2616.585 18:49:36
5.068 467.244 2376.098 18:49:37
5.096 469.463 2389.756 18:49:38
5.096 468.049 2388.293 18:49:39
5.096 467.146 2377.561 18:49:40
5.100 468.146 2387.317 18:49:41
5.080 513.756 2616.098 18:49:42
5.084 515.951 2619.024 18:49:43
5.100 465.951 2380.976 18:49:44
5.096 468.854 2400.000 18:49:45
5.084 511.854 2603.902 18:49:46
5.100 466.049 2372.683 18:49:47
5.080 512.659 2602.927 18:49:48
5.080 513.951 2611.707 18:49:49
5.080 514.659 2620.000 18:49:50
5.080 515.341 2608.780 18:49:51
5.080 514.244 2608.780 18:49:52
5.096 468.561 2385.854 18:49:53
5.100 468.049 2390.732 18:49:54
5.096 468.561 2399.512 18:49:55
5.096 465.756 2377.561 18:49:56
5.100 466.244 2375.122 18:49:57
5.100 468.146 2372.195 18:49:58
5.068 553.537 2790.244 18:49:59
5.096 473.951 2427.317 18:50:00
5.096 473.951 2412.195 18:50:01
