5.004 729.439 3646.829 19:48:02
4.956 846.829 4264.390 19:48:03
5.008 721.024 3622.439 19:48:04
5.064 555.024 2853.659 19:48:05
5.068 552.341 2804.878 19:48:06
5.100 467.756 2380.488 19:48:07
5.080 516.439 2613.659 19:48:08
5.008 717.122 3572.683 19:48:09
5.068 552.439 2804.878 19:48:10
5.008 695.317 3397.073 19:48:11
5.068 552.439 2797.073 19:48:12
5.008 713.512 3943.415 19:48:13
5.080 469.951 2385.366 19:48:14
5.008 714.049 3524.878 19:48:15
5.064 555.024 2836.098 19:48:16
5.000 739.512 3636.098 19:48:17
5.036 561.268 2843.902 19:48:18
4.984 709.512 3555.122 19:48:19
5.068 555.024 2814.634 19:48:20
5.004 728.927 3480.976 19:48:21
5.068 553.024 2814.634 19:48:22
5.000 723.415 3578.537 19:48:23
5.040 583.268 3003.902 19:48:24
5.052 562.634 2867.317 19:48:25
5.012 593.756 2914.146 19:48:26
5.064 552.927 2801.951 19:48:27
5.060 579.951 2966.829 19:48:28
5.000 720.537 3564.878 19:48:29
5.012 727.512 3778.537 19:48:30
5.068 554.244 2811.707 19:48:31
5.008 690.927 3505.366 19:48:32
5.068 553.171 2819.512 19:48:33
5.064 553.366 2862.439 19:48:34
5.100 472.439 2398.049 19:48:35
5.064 553.171 3027.317 19:48:36
5.068 553.024 2801.951 19:48:37
5.068 553.561 2818.537 19:48:38
5.068 555.268 2814.634 19:48:39
5.064 555.366 2809.756 19:48:40
5.064 555.561 2824.390 19:48:41
5.056 553.024 2826.341 19:48:42
5.068 552.439 2796.098 19:48:43
5.064 552.537 2800.976 19:48:44
5.064 568.146 2804.878 19:48:45
5.060 566.049 2874.146 19:48:46
5.064 556.244 2816.585 19:48:47
5.072 553.024 2797.073 19:48:48
5.064 553.561 2800.976 19:48:49
5.068 552.732 2799.024 19:48:50
5.068 553.951 2804.878 19:48:51
5.080 516.829 2636.098 19:48:52
5.096 468.146 2398.049 19:48:53
5.100 467.951 2385.366 19:48:54
5.096 468.878 2381.463 19:48:55
5.080 520.341 2610.732 19:48:56
5.092 471.073 2394.146 19:48:57
5.080 514.439 2610.732 19:48:58
5.100 469.171 2391.220 19:48:59
5.088 500.439 2506.341 19:49:00
5.108 441.463 2253.659 19:49:01
5.100 466.634 2393.171 19:49:02
5.068 552.341 2796.098 19:49:03
5.068 552.732 2800.976 19:49:04
5.068 555.854 2808.780 19:49:05
5.068 552.049 2800.976 19:49:06
5.068 555.659 2811.707 19:49:07
5.100 468.146 2383.415 19:49:08
5.096 469.951 2405.854 19:49:09
5.092 466.634 2426.341 19:49:10
5.096 470.439 2396.098 19:49:11
5.100 467.073 2380.488 19:49:12
5.100 479.561 2393.171 19:49:13
5.084 515.951 2626.341 19:49:14
5.096 474.634 2380.488 19:49:15
5.096 467.463 2383.415 19:49:16
5.100 469.171 2391.220 19:49:17
5.100 468.049 2376.585 19:49:18
5.100 467.073 2375.610 19:49:19
5.096 466.537 2380.488 19:49:20
5.096 469.659 2391.220 19:49:21
5.100 468.976 2388.293 19:49:22
5.064 557.951 2808.780 19:49:23
5.068 554.439 2801.951 19:49:24
5.064 553.854 2804.878 19:49:25
