5.004 725.732 3665.366 18:04:29
5.020 694.829 3423.902 18:04:30
5.020 689.146 3466.341 18:04:31
5.068 556.756 2810.244 18:04:32
5.068 555.756 2810.244 18:04:33
5.096 468.561 2389.756 18:04:34
5.008 717.122 3571.707 18:04:35
5.068 551.146 2800.488 18:04:36
5.012 709.537 3559.024 18:04:37
5.068 552.049 2793.171 18:04:38
5.064 553.659 2805.366 18:04:39
5.100 471.146 2384.878 18:04:40
5.064 554.439 2801.463 18:04:41
5.068 551.049 2789.268 18:04:42
5.068 553.146 2815.610 18:04:43
5.068 551.439 2799.024 18:04:44
5.068 551.537 2795.122 18:04:45
5.080 592.634 2696.585 18:04:46
5.068 553.951 2806.829 18:04:47
5.064 550.537 2795.122 18:04:48
5.012 710.732 3596.585 18:04:49
5.068 549.756 2845.854 18:04:50
5.004 711.927 3566.829 18:04:51
5.092 474.951 2368.780 18:04:52
5.088 505.463 2486.341 18:04:53
5.068 550.854 2802.927 18:04:54
5.068 551.049 2842.927 18:04:55
5.064 554.756 2807.805 18:04:56
5.068 550.951 2790.244 18:04:57
5.064 553.244 2801.951 18:04:58
5.100 465.756 2372.683 18:04:59
5.060 556.659 2822.927 18:05:00
5.068 553.049 2799.512 18:05:01
5.076 528.439 2700.488 18:05:02
5.068 555.049 2790.732 18:05:03
5.064 554.854 2801.463 18:05:04
5.080 515.854 2616.098 18:05:05
5.096 468.659 2383.902 18:05:06
5.096 467.659 2386.341 18:05:07
5.100 467.463 2456.098 18:05:08
5.096 468.561 2387.317 18:05:09
5.100 464.561 2382.439 18:05:10
5.100 468.951 2385.854 18:05:11
5.080 514.854 2611.707 18:05:12
5.100 468.366 2385.854 18:05:13
5.076 514.049 2612.683 18:05:14
5.096 468.463 2385.854 18:05:15
5.100 469.049 2384.878 18:05:16
5.100 465.854 2370.732 18:05:17
5.096 469.146 2383.415 18:05:18
5.096 467.756 2378.537 18:05:19
5.096 466.854 2384.878 18:05:20
5.100 468.244 2388.293 18:05:21
5.096 468.049 2383.902 18:05:22
5.100 465.951 2376.098 18:05:23
5.100 467.244 2374.634 18:05:24
5.100 465.463 2378.537 18:05:25
5.096 467.561 2383.902 18:05:26
5.096 468.244 2380.000 18:05:27
5.096 469.854 2380.000 18:05:28
5.100 467.756 2381.951 18:05:29
5.100 464.854 2371.220 18:05:30
5.100 467.463 2379.512 18:05:31
5.100 466.561 2383.902 18:05:32
5.096 466.366 2372.195 18:05:33
5.100 467.756 2393.659 18:05:34
5.096 468.366 2381.951 18:05:35
5.096 466.146 2375.122 18:05:36
5.000 735.024 3676.585 18:05:37
5.072 550.439 2840.488 18:05:38
5.068 552.244 2794.146 18:05:39
