5.000 726.537 3632.683 17:56:31
5.016 697.244 3474.146 17:56:32
5.020 692.537 3434.146 17:56:33
5.068 551.049 2803.902 17:56:34
5.096 475.463 2418.537 17:56:35
5.084 512.561 2612.683 17:56:36
5.008 711.732 3566.341 17:56:37
5.064 552.439 2798.049 17:56:38
5.020 667.732 3334.634 17:56:39
5.068 553.244 2802.927 17:56:40
5.068 551.049 2790.732 17:56:41
5.100 471.463 2388.293 17:56:42
5.064 556.659 2796.585 17:56:43
5.068 550.049 2789.268 17:56:44
5.068 553.049 2810.244 17:56:45
5.068 596.634 2791.707 17:56:46
5.068 553.659 2804.390 17:56:47
5.100 467.659 2382.439 17:56:48
5.068 550.854 2791.707 17:56:49
5.068 550.049 2781.463 17:56:50
5.068 553.341 2791.707 17:56:51
5.068 552.537 2787.805 17:56:52
5.068 553.146 2798.049 17:56:53
5.084 515.561 2630.244 17:56:54
5.048 609.951 3079.512 17:56:55
5.060 617.146 3185.854 17:56:56
5.028 597.244 3425.366 17:56:57
5.052 583.951 2980.976 17:56:58
5.008 705.122 3513.659 17:56:59
5.088 467.951 2381.951 17:57:00
5.096 465.756 2373.659 17:57:01
5.064 553.146 2806.829 17:57:02
5.068 552.537 2790.732 17:57:03
5.064 550.659 2791.707 17:57:04
5.068 551.341 2798.049 17:57:05
5.064 552.951 2799.024 17:57:06
5.104 495.561 2373.659 17:57:07
5.080 512.439 2601.463 17:57:08
5.096 465.049 2372.683 17:57:09
5.100 465.561 2374.634 17:57:10
5.100 468.146 2383.902 17:57:11
5.096 470.951 2372.195 17:57:12
5.096 465.854 2374.634 17:57:13
5.100 466.244 2390.732 17:57:14
5.096 501.756 2559.024 17:57:15
5.096 465.659 2375.122 17:57:16
5.100 464.951 2364.878 17:57:17
5.096 468.049 2381.951 17:57:18
5.100 468.366 2392.683 17:57:19
5.096 467.951 2384.878 17:57:20
5.096 468.854 2387.317 17:57:21
5.100 470.463 2383.902 17:57:22
5.084 513.854 2727.805 17:57:23
5.100 465.244 2369.756 17:57:24
5.100 465.756 2375.122 17:57:25
5.068 548.439 2779.024 17:57:26
5.100 466.659 2377.073 17:57:27
5.100 464.659 2368.780 17:57:28
5.096 466.561 2388.293 17:57:29
5.100 465.561 2371.220 17:57:30
5.096 466.561 2377.561 17:57:31
5.100 465.463 2372.683 17:57:32
5.100 468.659 2377.561 17:57:33
5.096 467.854 2385.854 17:57:34
5.080 512.659 2600.000 17:57:35
5.096 466.659 2378.537 17:57:36
5.088 500.561 2541.463 17:57:37
5.100 464.659 2370.732 17:57:38
5.068 549.854 2788.293 17:57:39
5.068 549.244 2786.341 17:57:40
5.068 550.244 2795.610 17:57:41
