5.004 729.341 3612.683 19:17:54
5.020 679.829 3458.049 19:17:55
5.016 693.341 3496.585 19:17:56
5.052 587.244 2974.146 19:17:57
5.092 475.854 2428.293 19:17:58
5.096 467.854 2383.415 19:17:59
5.016 683.244 3447.805 19:18:00
5.076 526.854 2678.049 19:18:01
5.020 677.146 3437.561 19:18:02
5.068 552.537 2813.171 19:18:03
5.008 715.024 3533.171 19:18:04
5.096 470.146 2392.195 19:18:05
5.008 710.439 3566.341 19:18:06
5.068 553.244 2810.732 19:18:07
5.044 610.732 3103.415 19:18:08
5.036 595.146 2946.829 19:18:09
5.004 712.927 3589.268 19:18:10
5.068 563.049 2800.488 19:18:11
5.064 552.341 2813.171 19:18:12
5.056 579.537 3243.415 19:18:13
5.056 589.049 2956.585 19:18:14
5.068 563.756 2793.171 19:18:15
5.068 553.049 2799.512 19:18:16
5.064 556.244 2800.488 19:18:17
5.000 730.537 3716.585 19:18:18
5.044 661.537 3404.878 19:18:19
5.068 552.146 2813.171 19:18:20
5.056 572.634 2913.171 19:18:21
5.068 634.146 2806.829 19:18:22
5.068 552.146 2808.293 19:18:23
5.068 552.537 2795.610 19:18:24
5.068 554.439 2825.366 19:18:25
5.056 558.951 2810.732 19:18:26
5.060 580.537 2928.293 19:18:27
5.068 552.341 2797.073 19:18:28
5.068 553.049 2813.171 19:18:29
5.052 591.244 2978.537 19:18:30
5.064 555.049 2809.268 19:18:31
5.100 466.756 2377.561 19:18:32
5.080 519.756 2640.488 19:18:33
5.064 553.756 2815.122 19:18:34
5.068 552.244 2799.512 19:18:35
5.064 555.341 2809.268 19:18:36
5.064 558.659 2807.805 19:18:37
5.072 552.244 2800.488 19:18:38
5.080 513.854 2617.561 19:18:39
5.096 467.561 2468.780 19:18:40
5.084 504.756 2562.439 19:18:41
5.096 467.659 2381.951 19:18:42
5.096 471.659 2394.634 19:18:43
5.092 468.561 2391.220 19:18:44
5.100 466.146 2376.098 19:18:45
5.080 516.049 2620.000 19:18:46
5.100 468.049 2388.293 19:18:47
5.096 467.146 2379.512 19:18:48
5.096 470.756 2395.122 19:18:49
5.100 467.244 2392.683 19:18:50
5.100 467.146 2377.073 19:18:51
5.088 504.244 2557.561 19:18:52
5.096 471.463 2390.732 19:18:53
5.100 471.146 2388.293 19:18:54
5.096 470.244 2389.756 19:18:55
5.096 466.561 2380.976 19:18:56
5.096 467.049 2381.951 19:18:57
5.080 513.244 2618.049 19:18:58
5.100 510.244 2492.195 19:18:59
5.108 431.854 2196.098 19:19:00
5.096 474.463 2414.634 19:19:01
5.108 442.854 2279.512 19:19:02
5.052 553.439 2802.927 19:19:03
5.068 551.951 2791.707 19:19:04
5.068 554.049 2804.390 19:19:05
5.048 550.537 2793.171 19:19:06
5.068 553.537 2806.341 19:19:07
5.096 466.049 2377.073 19:19:08
5.096 465.756 2370.732 19:19:09
5.068 550.756 2787.805 19:19:10
5.068 551.341 2795.610 19:19:11
5.068 551.537 2791.707 19:19:12
