5.000 730.220 3650.732 19:37:14
5.016 693.732 3431.707 19:37:15
5.016 697.244 3451.707 19:37:16
5.064 554.951 2810.732 19:37:17
5.096 478.244 2423.415 19:37:18
5.124 392.171 2009.268 19:37:19
5.100 470.049 2396.098 19:37:20
5.068 552.439 2793.171 19:37:21
5.068 554.537 2795.610 19:37:22
5.068 553.659 2799.024 19:37:23
5.068 554.951 2808.293 19:37:24
5.056 560.659 2860.488 19:37:25
5.008 713.341 3564.390 19:37:26
5.064 556.146 2824.390 19:37:27
5.008 762.927 3259.512 19:37:28
5.024 559.537 3367.805 19:37:29
5.012 710.122 3508.780 19:37:30
5.080 520.049 2976.585 19:37:31
5.012 708.927 3392.683 19:37:32
5.064 680.537 3273.659 19:37:33
5.000 710.341 3645.366 19:37:34
5.008 759.634 3580.000 19:37:35
5.052 758.537 3184.390 19:37:36
5.096 468.049 2386.341 19:37:37
5.064 552.634 2800.976 19:37:38
5.068 553.024 2803.902 19:37:39
5.068 553.366 2804.878 19:37:40
5.064 555.024 2818.537 19:37:41
5.064 555.024 2826.341 19:37:42
5.012 704.146 3572.683 19:37:43
5.064 676.341 2808.780 19:37:44
5.024 673.951 3529.756 19:37:45
5.064 556.146 2822.439 19:37:46
5.068 554.341 2801.951 19:37:47
5.056 583.268 3070.244 19:37:48
5.012 704.244 3640.000 19:37:49
5.020 557.171 3145.366 19:37:50
5.052 580.732 3121.951 19:37:51
5.044 596.732 2957.073 19:37:52
5.044 682.634 3532.683 19:37:53
5.088 520.829 2636.098 19:37:54
5.080 515.659 2613.659 19:37:55
5.068 553.366 2811.707 19:37:56
5.068 554.732 2819.512 19:37:57
5.068 553.366 2800.976 19:37:58
5.068 552.537 2796.098 19:37:59
5.080 546.146 2663.415 19:38:00
5.108 442.878 2258.537 19:38:01
5.060 526.537 2663.415 19:38:02
5.100 468.439 2389.268 19:38:03
5.096 472.049 2385.366 19:38:04
5.096 467.854 2381.463 19:38:05
5.076 520.146 2639.024 19:38:07
5.080 514.146 2606.829 19:38:08
5.096 469.854 2378.537 19:38:09
5.096 469.854 2389.268 19:38:10
5.096 471.171 2381.463 19:38:11
5.096 468.049 2383.415 19:38:12
5.096 467.951 2375.610 19:38:13
5.096 466.146 2381.463 19:38:14
5.096 470.976 2393.171 19:38:15
5.100 469.463 2396.098 19:38:16
5.096 469.854 2385.366 19:38:17
5.100 468.244 2383.415 19:38:18
5.096 466.049 2373.659 19:38:19
5.092 466.976 2376.585 19:38:20
5.096 470.341 2403.902 19:38:21
5.096 468.976 2386.341 19:38:22
5.100 467.171 2378.537 19:38:23
5.080 520.732 2643.902 19:38:24
5.100 466.439 2383.415 19:38:25
5.100 469.561 2388.293 19:38:26
5.100 467.268 2376.585 19:38:27
5.096 466.049 2375.610 19:38:28
5.096 466.634 2389.268 19:38:29
5.100 467.366 2386.341 19:38:30
5.096 466.732 2378.537 19:38:31
5.100 465.659 2375.610 19:38:32
5.100 467.756 2373.659 19:38:33
5.096 468.439 2389.268 19:38:34
5.100 467.659 2375.610 19:38:35
5.068 551.268 2792.195 19:38:36
5.068 555.659 2806.829 19:38:37
