5.064 553.854 2804.390 18:27:05
5.020 721.439 3571.707 18:27:06
5.008 711.829 3542.439 18:27:07
5.068 551.341 2791.707 18:27:08
5.096 468.366 2384.878 18:27:09
5.080 512.439 2610.244 18:27:10
5.008 716.634 3546.341 18:27:11
5.048 616.537 3084.878 18:27:12
5.008 716.732 3550.244 18:27:13
5.068 550.439 2792.683 18:27:14
5.008 714.732 3561.951 18:27:15
5.100 468.366 2386.341 18:27:16
5.068 551.049 2795.122 18:27:17
5.068 550.854 2793.171 18:27:18
5.064 563.854 2801.463 18:27:19
5.068 551.537 2790.732 18:27:20
5.068 550.659 2790.244 18:27:21
5.068 551.146 2796.585 18:27:22
5.060 597.439 2985.854 18:27:23
5.068 551.146 2786.341 18:27:24
5.056 656.829 2873.171 18:27:25
5.068 551.537 2800.488 18:27:26
5.084 516.244 2492.683 18:27:27
5.100 551.854 2402.439 18:27:28
5.068 553.659 2798.049 18:27:29
5.044 550.854 2799.512 18:27:30
5.068 554.146 2791.707 18:27:31
5.056 572.049 2962.927 18:27:32
5.012 708.122 3545.366 18:27:33
5.040 550.439 2791.707 18:27:34
5.064 663.634 3011.707 18:27:35
5.064 550.439 2799.512 18:27:36
5.060 695.122 3360.000 18:27:37
5.068 558.341 2818.049 18:27:38
5.064 560.049 2841.463 18:27:39
5.080 518.146 2627.317 18:27:40
5.080 517.561 2646.341 18:27:41
5.096 470.951 2406.341 18:27:42
5.100 465.951 2371.220 18:27:43
5.096 469.951 2388.780 18:27:44
5.068 550.537 2759.512 18:27:45
5.096 468.756 2391.220 18:27:46
5.096 469.049 2387.317 18:27:47
5.096 468.146 2383.902 18:27:48
5.100 465.366 2375.122 18:27:49
5.096 465.049 2383.902 18:27:50
5.096 468.049 2382.439 18:27:51
5.096 468.561 2382.439 18:27:52
5.100 468.366 2373.659 18:27:53
5.100 467.756 2390.732 18:27:54
5.096 465.049 2370.732 18:27:55
5.096 466.146 2374.634 18:27:56
5.096 466.146 2372.683 18:27:57
5.100 465.146 2373.659 18:27:58
5.096 468.146 2373.659 18:27:59
5.112 429.366 2193.171 18:28:00
5.092 487.659 2479.024 18:28:01
5.100 466.951 2380.000 18:28:02
5.068 553.659 2792.683 18:28:03
5.068 550.049 2799.512 18:28:04
5.072 552.756 2797.073 18:28:05
5.068 553.049 2803.902 18:28:06
5.068 550.537 2790.244 18:28:07
5.096 468.659 2372.195 18:28:08
5.100 466.146 2372.683 18:28:09
5.080 512.146 2611.220 18:28:10
5.096 468.049 2380.000 18:28:11
5.096 465.049 2377.073 18:28:12
5.080 512.439 2601.463 18:28:13
5.100 464.659 2380.976 18:28:14
5.000 732.122 3669.268 18:28:15
5.068 551.049 2785.366 18:28:16
5.068 549.049 2786.829 18:28:17
