5.012 698.024 3525.366 18:32:01
5.032 665.439 3313.659 18:32:02
4.976 819.707 4116.098 18:32:03
5.064 551.463 2796.098 18:32:04
5.068 551.561 2789.268 18:32:05
5.096 466.146 2396.098 18:32:06
5.100 466.049 2375.610 18:32:07
5.008 708.439 3553.171 18:32:08
5.068 552.634 2789.268 18:32:09
5.008 714.341 3574.634 18:32:10
5.064 550.829 2794.146 18:32:11
5.008 713.512 3607.805 18:32:12
5.084 545.659 2994.146 18:32:13
5.012 716.537 3548.293 18:32:14
5.036 553.366 2797.073 18:32:15
5.068 555.171 2814.634 18:32:16
5.068 563.951 3052.683 18:32:17
5.068 554.146 2814.634 18:32:18
5.060 517.561 3029.268 18:32:19
5.068 556.146 2806.829 18:32:20
5.068 552.244 2796.098 18:32:21
5.068 551.171 2789.268 18:32:22
5.068 552.634 2791.220 18:32:23
5.068 553.366 2801.951 18:32:24
5.080 520.537 2629.268 18:32:25
5.068 553.463 2814.634 18:32:26
5.068 553.024 2841.951 18:32:27
5.068 551.024 2796.098 18:32:28
5.060 585.366 3046.829 18:32:29
4.996 751.317 3740.488 18:32:30
5.076 515.366 2618.537 18:32:31
5.012 708.146 3569.756 18:32:32
5.048 597.463 2982.439 18:32:33
5.040 714.244 3021.463 18:32:34
5.064 553.951 2859.512 18:32:35
5.064 552.439 2804.878 18:32:36
5.096 466.732 2380.488 18:32:37
5.100 466.732 2375.610 18:32:38
5.080 515.171 2619.512 18:32:39
5.096 466.146 2376.585 18:32:40
5.084 500.732 2556.098 18:32:41
5.080 515.756 2628.293 18:32:42
5.100 469.366 2386.341 18:32:43
5.096 466.537 2370.732 18:32:44
5.084 514.732 2600.976 18:32:45
5.100 468.049 2375.610 18:32:46
5.100 465.659 2375.610 18:32:47
5.096 465.659 2380.488 18:32:48
5.096 467.951 2388.293 18:32:49
5.096 467.463 2378.537 18:32:50
5.100 470.439 2383.415 18:32:51
5.084 505.268 2563.902 18:32:52
5.100 466.537 2373.659 18:32:53
5.096 466.049 2383.415 18:32:54
5.096 474.439 2411.707 18:32:55
5.096 465.951 2370.732 18:32:56
5.104 466.146 2393.171 18:32:57
5.096 466.049 2371.707 18:32:58
5.100 466.732 2600.976 18:32:59
5.112 428.049 2200.976 18:33:00
5.104 449.366 2279.024 18:33:01
5.108 441.756 2253.659 18:33:02
5.056 586.829 2966.829 18:33:03
5.064 551.366 2799.024 18:33:04
5.068 551.268 2791.220 18:33:05
5.064 550.439 2799.024 18:33:06
5.068 553.561 2803.902 18:33:07
5.100 465.951 2386.341 18:33:08
5.100 466.244 2381.463 18:33:09
5.096 465.951 2376.585 18:33:10
5.096 465.171 2375.610 18:33:11
5.096 468.732 2396.098 18:33:12
5.100 468.244 2386.341 18:33:13
5.052 586.244 3001.951 18:33:14
5.056 580.634 2933.659 18:33:15
5.068 550.829 2791.220 18:33:16
