5.004 731.732 3659.024 20:22:49
5.016 672.146 3501.463 20:22:50
5.016 695.927 3508.780 20:22:51
5.068 554.756 2812.683 20:22:52
5.092 476.756 2428.293 20:22:53
5.112 441.951 2257.073 20:22:54
5.100 470.659 2398.537 20:22:55
4.996 754.220 3730.244 20:22:56
5.064 649.244 2799.024 20:22:57
5.008 712.634 3611.707 20:22:58
5.064 552.659 2815.610 20:22:59
5.020 674.732 3411.707 20:23:00
5.104 446.146 2261.951 20:23:01
5.020 689.927 3500.488 20:23:02
5.008 712.634 3563.902 20:23:03
4.996 747.927 3710.732 20:23:04
5.064 556.146 2819.512 20:23:05
5.008 716.927 3568.780 20:23:06
5.068 561.439 2845.366 20:23:07
5.012 713.439 3593.171 20:23:08
5.064 554.854 2842.927 20:23:09
4.996 734.341 3719.512 20:23:10
5.060 594.439 2818.049 20:23:11
5.008 689.829 3481.463 20:23:12
5.036 597.854 3406.341 20:23:13
4.992 776.732 3787.805 20:23:14
5.064 554.244 3489.268 20:23:15
5.000 717.537 3575.610 20:23:16
5.080 522.341 2646.341 20:23:17
4.992 751.732 3558.049 20:23:18
5.064 556.146 2819.512 20:23:19
5.060 556.951 2867.805 20:23:20
5.048 585.049 3193.659 20:23:21
5.068 553.244 2803.902 20:23:22
5.008 711.537 3550.244 20:23:23
5.068 558.049 2889.268 20:23:24
5.064 553.244 2820.488 20:23:25
5.068 553.244 2806.341 20:23:26
5.068 558.756 2814.146 20:23:27
5.080 516.561 2622.439 20:23:28
5.004 719.341 3575.610 20:23:29
5.064 553.244 2801.951 20:23:30
5.068 556.244 2813.171 20:23:31
5.068 553.756 2805.366 20:23:32
5.064 555.439 2815.122 20:23:33
5.100 468.854 2400.000 20:23:34
5.064 554.951 2808.293 20:23:35
5.064 552.659 2808.293 20:23:36
5.068 556.951 2817.073 20:23:37
5.068 556.756 2803.902 20:23:38
5.064 565.854 2815.610 20:23:39
5.100 469.366 2396.098 20:23:40
5.096 468.659 2387.317 20:23:41
5.096 467.561 2385.854 20:23:42
5.100 468.366 2380.976 20:23:43
5.100 469.659 2403.415 20:23:44
5.096 468.951 2393.659 20:23:45
5.100 467.463 2380.976 20:23:46
5.096 468.366 2389.756 20:23:47
5.096 469.659 2385.854 20:23:48
5.096 467.244 2380.976 20:23:49
5.096 467.366 2379.512 20:23:50
5.096 470.854 2406.341 20:23:51
5.096 469.366 2392.195 20:23:52
5.096 468.756 2384.878 20:23:53
5.100 468.659 2386.341 20:23:54
5.100 470.854 2399.512 20:23:55
5.100 467.049 2388.293 20:23:56
5.096 469.561 2390.732 20:23:57
5.100 468.561 2379.512 20:23:58
5.104 445.146 2257.073 20:23:59
5.100 472.366 2399.512 20:24:00
5.104 441.659 2269.756 20:24:01
5.104 442.951 2258.537 20:24:02
5.068 552.659 2796.585 20:24:03
5.068 555.659 2815.122 20:24:04
5.068 552.439 2799.512 20:24:05
5.068 554.341 2797.073 20:24:06
5.068 552.854 2799.512 20:24:07
5.100 467.854 2379.512 20:24:08
5.096 472.561 2393.659 20:24:09
5.100 467.561 2380.976 20:24:10
5.096 468.146 2380.000 20:24:11
5.096 467.951 2382.439 20:24:12
5.096 467.659 2386.341 20:24:13
4.956 736.829 3680.000 20:24:14
5.068 551.951 2796.098 20:24:15
5.068 551.951 2799.024 20:24:17
