5.000 731.537 3661.463 17:45:31
5.008 696.244 3402.927 17:45:32
5.028 684.146 3491.220 17:45:33
5.068 550.854 2788.293 17:45:34
5.096 474.951 2417.561 17:45:35
5.080 511.659 2601.463 17:45:36
5.012 707.122 3554.146 17:45:37
5.068 553.146 2789.268 17:45:38
5.068 550.659 2785.366 17:45:39
5.064 551.854 2810.732 17:45:40
5.068 551.537 2793.171 17:45:41
5.096 465.561 2368.780 17:45:42
5.064 552.854 2800.488 17:45:43
5.068 553.146 2815.122 17:45:44
5.068 552.244 2783.902 17:45:45
5.068 550.244 2789.268 17:45:46
5.068 550.146 2786.341 17:45:47
5.084 513.756 2607.805 17:45:48
5.064 553.244 2799.512 17:45:49
5.068 549.659 2797.073 17:45:50
5.060 575.439 2900.488 17:45:51
5.064 550.244 2786.341 17:45:52
5.072 556.756 2795.610 17:45:53
5.064 551.756 2793.171 17:45:54
5.100 467.366 2378.537 17:45:55
5.068 553.439 2787.805 17:45:56
5.020 552.341 2788.293 17:45:57
5.068 551.659 2795.122 17:45:58
5.068 550.537 2790.244 17:45:59
5.060 554.244 2815.610 17:46:00
5.108 442.366 2246.829 17:46:01
5.108 440.463 2246.829 17:46:02
5.064 552.951 2814.146 17:46:03
5.064 551.244 2793.171 17:46:04
5.068 553.537 2806.829 17:46:05
5.068 560.537 2839.024 17:46:06
5.096 474.244 2429.756 17:46:07
5.128 390.463 2340.000 17:46:08
5.096 467.951 2383.415 17:46:09
5.096 467.244 2382.439 17:46:10
5.128 392.073 1996.585 17:46:11
5.100 465.756 2372.195 17:46:12
5.100 467.854 2380.000 17:46:13
5.120 389.561 2378.537 17:46:14
5.096 465.244 2370.732 17:46:15
5.096 471.951 2374.634 17:46:16
5.128 389.463 1998.049 17:46:17
5.096 465.951 2384.878 17:46:18
5.100 466.049 2367.317 17:46:19
5.124 407.561 2096.585 17:46:20
5.100 467.146 2366.341 17:46:21
5.100 467.049 2380.000 17:46:22
5.128 390.951 1995.610 17:46:23
5.096 467.951 2391.220 17:46:24
5.096 468.659 2383.415 17:46:25
5.128 468.146 2308.293 17:46:26
5.100 464.951 2370.732 17:46:27
5.100 464.049 2366.341 17:46:28
5.100 464.244 2372.683 17:46:29
5.100 465.951 2372.683 17:46:30
5.096 467.049 2380.976 17:46:31
5.124 467.244 2010.244 17:46:32
5.096 467.049 2382.439 17:46:33
5.096 465.463 2368.780 17:46:34
5.128 389.659 1993.171 17:46:35
5.100 465.244 2369.756 17:46:36
5.096 465.049 2368.293 17:46:37
5.068 585.049 3415.610 17:46:38
5.068 550.146 2783.415 17:46:39
