5.068 558.146 2799.024 19:35:28
5.020 693.024 3461.463 19:35:29
5.012 700.122 3441.463 19:35:30
5.068 554.439 2797.073 19:35:31
5.096 476.561 2425.854 19:35:32
5.092 467.659 2380.976 19:35:33
5.008 716.439 3563.902 19:35:34
5.068 552.244 2795.610 19:35:35
5.004 695.439 3382.439 19:35:36
5.068 552.439 2805.366 19:35:37
5.008 715.122 3560.000 19:35:38
5.100 467.146 2378.537 19:35:39
5.012 711.122 3571.707 19:35:40
5.068 552.659 2799.512 19:35:41
5.008 713.122 3566.341 19:35:42
5.052 695.829 3545.366 19:35:43
5.012 712.122 3630.732 19:35:44
5.068 555.244 2797.073 19:35:45
5.012 742.927 3601.951 19:35:46
5.064 681.244 3235.122 19:35:47
5.004 712.244 3597.561 19:35:48
4.996 742.439 3630.732 19:35:49
5.068 554.854 3566.829 19:35:50
5.068 552.659 2795.610 19:35:51
5.068 553.244 2800.488 19:35:52
5.052 594.049 2965.854 19:35:53
5.064 555.659 3506.341 19:35:54
5.092 507.756 2564.878 19:35:55
5.068 553.659 2795.122 19:35:56
5.068 554.756 2815.610 19:35:57
5.068 553.049 2800.488 19:35:58
5.012 599.732 2948.293 19:35:59
5.012 593.439 2976.585 19:36:00
5.096 470.244 2393.659 19:36:01
5.076 577.634 3232.683 19:36:02
5.072 557.049 2801.951 19:36:03
5.052 578.634 2913.171 19:36:04
5.016 761.537 3953.659 19:36:05
5.068 554.537 2824.390 19:36:06
5.080 521.756 2640.488 19:36:07
5.004 595.244 2920.488 19:36:08
5.008 722.024 3473.659 19:36:09
5.064 553.146 2797.073 19:36:10
5.068 552.659 2803.902 19:36:11
5.068 552.341 2797.073 19:36:12
5.096 471.244 2492.195 19:36:13
5.068 555.244 2821.463 19:36:14
5.068 555.244 2817.073 19:36:15
5.068 555.146 2822.927 19:36:16
5.064 554.439 2801.463 19:36:17
5.068 553.244 2801.463 19:36:18
5.096 468.854 2388.780 19:36:19
5.076 515.049 2607.317 19:36:20
5.080 516.146 2625.366 19:36:21
5.080 518.659 2626.341 19:36:22
5.080 514.659 2609.268 19:36:23
5.080 514.659 2636.098 19:36:24
5.100 466.756 2385.854 19:36:25
5.096 466.463 2380.000 19:36:26
5.080 515.951 2620.488 19:36:27
5.096 470.463 2397.561 19:36:28
5.100 467.244 2388.293 19:36:29
5.096 467.659 2400.000 19:36:30
5.096 466.951 2380.976 19:36:31
5.080 516.854 2627.805 19:36:32
5.096 469.659 2386.341 19:36:33
5.100 467.366 2377.561 19:36:34
5.084 513.854 2616.098 19:36:35
5.096 466.951 2373.659 19:36:36
5.096 469.146 2393.659 19:36:37
5.100 466.951 2374.634 19:36:38
5.100 468.561 2489.756 19:36:39
5.096 465.951 2380.000 19:36:40
5.096 469.463 2402.439 19:36:41
5.096 469.756 2434.634 19:36:42
5.096 466.146 2376.098 19:36:43
5.096 469.854 2376.098 19:36:44
5.100 476.244 2391.220 19:36:45
5.008 734.220 3674.146 19:36:46
5.072 551.439 2794.146 19:36:47
5.064 554.854 2808.293 19:36:48
