5.004 737.439 3688.293 18:55:31
5.016 700.244 3580.000 18:55:32
4.988 728.024 3581.951 18:55:33
5.068 554.341 2807.805 18:55:34
5.092 476.561 2423.902 18:55:35
5.076 517.659 2629.268 18:55:36
5.008 716.829 3583.902 18:55:37
5.064 552.146 2800.488 18:55:38
5.004 715.024 3606.829 18:55:39
5.056 589.341 3369.756 18:55:40
5.012 715.634 3580.000 18:55:41
5.100 469.659 2378.537 18:55:42
5.020 716.024 3577.561 18:55:43
5.068 557.341 2795.122 18:55:44
5.012 713.537 3595.122 18:55:45
5.064 554.439 2815.122 18:55:46
5.068 553.146 2801.463 18:55:47
5.080 520.659 2626.341 18:55:48
5.064 552.854 2797.073 18:55:49
5.064 552.146 2814.146 18:55:50
5.052 591.634 3005.854 18:55:51
5.056 621.951 3414.146 18:55:52
5.020 706.634 3561.951 18:55:53
5.060 570.049 2651.707 18:55:54
5.052 593.951 3008.293 18:55:55
5.056 599.439 2925.854 18:55:56
5.008 706.244 3557.561 18:55:57
5.068 555.244 2808.293 18:55:58
5.068 552.341 2806.829 18:55:59
5.080 516.756 3930.732 18:56:00
5.076 521.756 2610.244 18:56:01
5.064 562.659 2845.366 18:56:02
5.064 557.049 2882.927 18:56:03
5.068 552.146 2799.024 18:56:04
5.068 553.951 2830.732 18:56:05
5.068 553.341 2800.488 18:56:06
5.080 516.049 2625.366 18:56:07
5.068 555.341 2810.244 18:56:08
5.064 552.537 2798.049 18:56:09
5.064 554.756 2810.732 18:56:10
5.064 555.854 2810.732 18:56:11
5.064 555.146 2806.829 18:56:12
5.084 508.561 2567.317 18:56:13
5.080 516.244 2615.122 18:56:14
5.096 469.463 2408.293 18:56:15
5.096 467.951 2392.195 18:56:16
5.080 514.561 2612.683 18:56:17
5.096 467.659 2416.098 18:56:18
5.100 470.049 2380.976 18:56:19
5.076 516.146 2623.902 18:56:20
5.096 469.951 2396.098 18:56:21
5.100 468.854 2388.780 18:56:22
5.084 513.854 2603.902 18:56:23
5.084 501.756 2565.366 18:56:24
5.080 513.244 2615.122 18:56:25
5.080 512.659 2600.000 18:56:26
5.096 467.659 2382.439 18:56:27
5.080 517.951 2615.122 18:56:28
5.092 469.561 2393.659 18:56:29
5.096 474.951 2388.780 18:56:30
5.096 466.366 2378.537 18:56:31
5.076 519.854 2607.317 18:56:32
5.100 467.463 2382.439 18:56:33
5.096 472.049 2379.512 18:56:34
5.072 550.854 2790.732 18:56:35
5.100 469.366 2401.463 18:56:36
5.096 468.561 2383.415 18:56:37
5.080 516.146 2613.659 18:56:38
5.096 466.366 2376.098 18:56:39
5.096 471.659 2387.317 18:56:40
5.100 466.146 2379.512 18:56:41
5.100 469.366 2393.659 18:56:42
5.096 465.756 2380.000 18:56:43
5.096 469.146 2372.683 18:56:44
5.000 735.024 3671.707 18:56:45
5.056 586.341 2962.927 18:56:46
5.064 553.537 2802.927 18:56:47
