5.004 730.732 3648.293 19:00:35
5.016 697.634 3500.488 19:00:36
5.016 708.244 3635.610 19:00:37
5.068 552.341 2829.268 19:00:38
5.100 476.756 2423.902 19:00:39
5.068 549.537 2773.171 19:00:40
5.052 609.341 3043.415 19:00:41
5.068 551.439 2799.512 19:00:42
5.008 711.829 3566.829 19:00:43
5.068 552.854 2795.610 19:00:44
5.004 712.024 3598.049 19:00:45
5.068 554.537 2814.146 19:00:46
5.012 708.341 3471.707 19:00:47
5.064 554.439 2814.146 19:00:48
5.012 710.244 3563.902 19:00:49
5.068 552.659 2796.585 19:00:50
5.068 555.146 2811.707 19:00:51
5.080 517.951 2626.341 19:00:52
5.068 556.439 2826.829 19:00:53
5.068 662.634 3357.561 19:00:54
5.008 713.122 3567.805 19:00:55
5.064 551.951 2797.073 19:00:56
5.004 722.024 3587.805 19:00:57
5.080 519.439 2640.488 19:00:58
5.044 613.537 3096.098 19:00:59
5.052 560.659 2851.707 19:01:00
5.076 527.244 2678.049 19:01:01
5.076 527.341 2675.122 19:01:02
5.056 550.951 2793.171 19:01:03
5.064 551.537 2798.049 19:01:04
5.072 518.341 2624.878 19:01:05
5.064 553.146 2800.488 19:01:06
5.064 552.537 2793.171 19:01:07
5.068 554.756 2810.244 19:01:08
5.064 553.439 2838.049 19:01:09
5.008 712.634 3571.707 19:01:10
5.080 515.659 2613.659 19:01:11
5.064 552.537 2804.390 19:01:12
5.068 557.146 2811.707 19:01:13
5.068 552.756 2796.585 19:01:14
5.064 552.659 2802.927 19:01:15
5.064 553.659 2809.268 19:01:16
5.096 468.951 2390.732 19:01:17
5.096 471.049 2397.073 19:01:18
5.092 472.463 2408.780 19:01:19
5.076 519.146 2630.244 19:01:20
5.100 470.463 2393.659 19:01:21
5.096 467.244 2380.000 19:01:22
5.100 466.854 2388.293 19:01:23
5.096 469.366 2388.293 19:01:24
5.100 468.951 2407.317 19:01:25
5.096 470.366 2615.122 19:01:26
5.096 467.561 2388.293 19:01:27
5.096 468.854 2386.341 19:01:28
5.076 518.341 2628.780 19:01:29
5.096 469.463 2396.098 19:01:30
5.096 467.951 2377.073 19:01:31
5.080 518.561 2610.244 19:01:32
5.100 468.951 2386.341 19:01:33
5.080 515.561 2620.488 19:01:34
5.080 514.439 2622.927 19:01:35
5.104 466.146 2377.073 19:01:36
5.100 467.146 2400.976 19:01:37
5.100 468.854 2386.341 19:01:38
5.096 467.146 2380.000 19:01:39
5.100 469.854 2386.341 19:01:40
5.080 512.951 2675.122 19:01:41
5.100 465.951 2377.073 19:01:42
5.100 466.049 2376.098 19:01:43
5.080 516.659 2621.463 19:01:44
5.096 467.854 2386.341 19:01:45
5.096 470.146 2389.756 19:01:46
5.080 525.439 2628.780 19:01:47
5.096 466.049 2375.122 19:01:48
5.000 733.732 3697.073 19:01:49
5.072 550.951 2786.829 19:01:50
5.068 550.439 2792.683 19:01:51
