5.000 725.439 3621.951 18:28:43
5.028 674.537 3493.659 18:28:44
5.016 700.927 3479.024 18:28:45
5.072 553.341 2793.171 18:28:46
5.064 550.341 2790.732 18:28:47
5.100 466.366 2376.098 18:28:48
5.008 716.244 3577.561 18:28:49
5.056 590.537 2944.390 18:28:50
5.008 713.024 3584.390 18:28:51
5.068 553.439 2786.829 18:28:52
5.012 716.634 3599.512 18:28:53
5.072 467.049 2373.659 18:28:54
5.012 713.024 3563.902 18:28:55
5.068 551.951 2786.829 18:28:56
5.068 551.951 2796.585 18:28:57
5.036 597.341 2787.805 18:28:58
5.068 551.756 2793.171 18:28:59
4.996 479.561 2435.122 18:29:00
5.076 526.561 2678.049 18:29:01
5.060 586.341 3399.024 18:29:02
5.068 550.341 2792.683 18:29:03
5.068 552.659 2795.610 18:29:04
5.064 552.756 2795.122 18:29:05
5.064 553.854 2817.073 18:29:06
5.068 553.244 2802.927 18:29:07
5.068 554.049 2803.902 18:29:08
5.068 550.244 2790.244 18:29:09
5.068 556.341 2788.293 18:29:10
5.080 512.659 2656.585 18:29:11
5.012 712.537 3616.585 18:29:12
5.060 551.756 2795.610 18:29:13
5.068 552.951 2945.854 18:29:14
5.068 552.951 2790.244 18:29:15
5.068 551.439 2914.634 18:29:16
5.096 467.756 2390.732 18:29:17
5.068 551.049 2785.366 18:29:18
5.064 550.659 2794.146 18:29:19
5.068 554.146 2799.512 18:29:20
5.068 553.854 2809.268 18:29:21
5.068 552.439 2797.073 18:29:22
5.096 466.756 2380.000 18:29:23
5.096 469.146 2395.122 18:29:24
5.080 519.244 2631.707 18:29:25
5.080 513.049 2612.683 18:29:26
5.100 465.951 2376.098 18:29:27
5.096 468.049 2390.732 18:29:28
5.100 465.951 2375.122 18:29:29
5.096 465.659 2373.659 18:29:30
5.096 466.049 2384.878 18:29:31
5.096 465.951 2383.415 18:29:32
5.100 466.463 2378.537 18:29:33
5.100 466.463 2372.683 18:29:34
5.096 472.049 2382.439 18:29:35
5.096 467.756 2395.122 18:29:36
5.100 466.561 2377.073 18:29:37
5.096 468.561 2388.293 18:29:38
5.100 466.049 2378.537 18:29:39
5.100 465.756 2377.073 18:29:40
5.096 466.049 2375.122 18:29:41
5.096 465.951 2372.683 18:29:42
5.100 465.659 2375.122 18:29:43
5.096 471.659 2400.976 18:29:44
5.100 469.244 2400.000 18:29:45
5.096 469.854 2389.756 18:29:46
5.100 471.244 2389.756 18:29:47
5.100 468.756 2384.878 18:29:48
5.100 465.049 2368.780 18:29:49
5.076 512.341 2598.537 18:29:50
5.100 476.244 2382.439 18:29:51
5.096 467.951 2382.439 18:29:52
5.076 514.756 2609.268 18:29:53
5.100 466.049 2370.732 18:29:54
5.004 726.024 3626.829 18:29:55
5.072 570.049 3725.366 18:29:56
5.060 551.537 2795.610 18:29:57
