5.004 730.439 3652.683 19:12:42
5.012 704.634 3508.780 19:12:43
5.016 704.244 3459.024 19:12:44
5.064 555.341 2795.610 19:12:45
5.092 476.366 2427.317 19:12:46
5.100 467.146 2395.122 19:12:47
5.008 718.634 3572.683 19:12:48
5.064 552.049 2819.024 19:12:49
5.028 664.146 3429.268 19:12:50
5.068 552.049 2798.049 19:12:51
5.008 717.439 3511.220 19:12:52
5.096 467.366 2378.537 19:12:53
5.008 714.244 3586.341 19:12:54
5.068 561.341 2799.024 19:12:55
5.008 713.732 3514.146 19:12:56
5.044 553.146 2875.610 19:12:57
5.008 716.341 3578.049 19:12:58
5.084 563.244 2640.000 19:12:59
5.008 719.439 3486.829 19:13:00
5.076 526.951 2678.049 19:13:01
5.056 553.756 2884.390 19:13:02
5.056 630.146 2933.171 19:13:03
5.032 578.146 3010.732 19:13:04
5.020 595.537 2942.927 19:13:05
5.032 553.244 2797.073 19:13:06
5.064 555.659 2811.707 19:13:07
5.064 554.951 2808.293 19:13:08
5.068 554.659 2796.585 19:13:09
5.080 514.439 2611.220 19:13:10
5.068 552.146 2795.610 19:13:11
5.064 582.439 3423.902 19:13:12
5.052 599.537 3032.195 19:13:13
5.068 552.439 2795.610 19:13:14
5.068 552.951 2804.390 19:13:15
5.080 513.341 2620.488 19:13:16
5.068 553.659 2806.829 19:13:17
5.040 551.659 2794.146 19:13:18
5.064 557.244 2808.293 19:13:19
5.064 561.854 2846.829 19:13:20
5.016 719.537 3622.927 19:13:21
5.080 514.049 2614.146 19:13:22
5.100 469.366 2391.220 19:13:23
5.096 469.854 2392.683 19:13:24
5.096 466.659 2376.098 19:13:25
5.080 514.561 2616.098 19:13:26
5.080 514.049 2603.902 19:13:27
5.080 514.146 2612.683 19:13:28
5.096 467.659 2378.537 19:13:29
5.096 466.951 2382.439 19:13:30
5.100 468.146 2377.073 19:13:31
5.100 468.463 2382.439 19:13:32
5.100 467.146 2375.122 19:13:33
5.080 514.854 2602.927 19:13:34
5.096 469.463 2383.415 19:13:35
5.096 466.659 2378.537 19:13:36
5.092 469.561 2392.195 19:13:37
5.100 470.854 2377.073 19:13:38
5.076 515.756 2615.122 19:13:39
5.080 515.854 2629.268 19:13:40
5.100 467.756 2377.561 19:13:41
5.096 466.756 2385.854 19:13:42
5.096 470.854 2390.732 19:13:43
5.096 465.756 2445.854 19:13:44
5.100 479.366 2403.902 19:13:45
5.096 465.561 2377.073 19:13:46
5.100 466.756 2377.073 19:13:47
5.100 466.463 2377.073 19:13:48
5.096 469.049 2389.756 19:13:49
5.100 469.659 2385.854 19:13:50
5.084 518.561 2620.000 19:13:51
5.096 467.951 2380.976 19:13:52
5.096 466.854 2378.537 19:13:53
5.100 471.146 2385.854 19:13:54
5.100 468.366 2388.780 19:13:55
5.096 468.366 2389.756 19:13:56
5.100 469.659 2391.220 19:13:57
5.068 555.244 2794.146 19:13:58
5.072 550.951 2789.268 19:13:59
5.064 553.049 2800.488 19:14:00
