4.992 743.317 3714.146 18:35:20
5.016 702.537 3621.463 18:35:21
5.016 696.634 3466.829 18:35:22
5.068 552.146 2790.732 18:35:23
5.096 475.756 2421.463 18:35:24
5.104 445.268 2281.951 18:35:25
5.096 467.244 2378.537 18:35:26
5.008 711.244 3576.585 18:35:27
5.068 552.537 2798.049 18:35:28
5.012 717.122 3568.780 18:35:29
5.064 550.951 2793.171 18:35:30
5.016 715.122 3561.951 18:35:31
5.080 513.756 2609.268 18:35:32
5.012 713.439 3562.927 18:35:33
5.016 553.951 2796.585 18:35:34
5.064 556.049 2875.610 18:35:35
5.068 559.537 2810.732 18:35:36
5.064 552.049 2808.293 18:35:37
5.096 466.854 2380.000 18:35:38
5.068 551.537 2794.146 18:35:39
5.068 567.244 2797.073 18:35:40
5.068 551.049 2795.122 18:35:41
5.068 719.829 3575.122 18:35:42
5.068 551.439 2792.683 18:35:43
5.080 517.439 2609.268 18:35:44
5.072 551.049 2793.171 18:35:45
5.068 551.951 2806.829 18:35:46
5.064 554.659 2815.122 18:35:47
5.068 554.146 2804.390 18:35:48
5.068 552.146 2796.585 18:35:49
5.080 538.854 2615.122 18:35:50
5.012 717.341 3596.585 18:35:51
5.068 553.439 2790.244 18:35:52
5.064 551.659 2793.171 18:35:53
5.028 564.341 2835.122 18:35:54
5.012 708.341 3552.683 18:35:55
5.100 467.756 2389.756 18:35:56
5.100 466.756 2378.537 18:35:57
5.096 467.854 2375.122 18:35:58
5.096 468.756 2378.537 18:35:59
5.096 468.659 2389.756 18:36:00
5.104 442.854 2245.854 18:36:01
5.100 466.756 2373.659 18:36:02
5.068 552.439 2791.707 18:36:03
5.064 554.537 2806.829 18:36:04
5.072 554.341 2806.829 18:36:05
5.068 553.146 2804.390 18:36:06
5.036 579.439 2979.512 18:36:07
5.092 467.561 2385.854 18:36:08
5.096 469.561 2398.537 18:36:09
5.096 465.561 2384.878 18:36:10
5.096 469.366 2512.195 18:36:11
5.096 467.244 2380.000 18:36:12
5.096 470.756 2389.756 18:36:13
5.096 503.049 2561.463 18:36:14
5.096 466.244 2373.659 18:36:15
5.092 469.049 2392.195 18:36:16
5.100 468.049 2381.951 18:36:17
5.100 468.366 2387.317 18:36:18
5.080 515.146 2614.146 18:36:19
5.096 475.951 2375.122 18:36:20
5.096 468.854 2387.317 18:36:21
5.096 468.756 2388.293 18:36:22
5.100 466.854 2379.512 18:36:23
5.096 467.756 2377.073 18:36:24
5.084 504.146 2574.146 18:36:25
5.100 466.366 2377.561 18:36:26
5.096 465.659 2377.073 18:36:27
5.096 468.463 2374.634 18:36:28
5.096 469.366 2372.195 18:36:29
5.100 466.049 2379.512 18:36:30
5.096 467.366 2382.439 18:36:31
5.092 467.561 2378.537 18:36:32
5.068 550.146 2786.829 18:36:33
5.068 551.049 2790.732 18:36:34
5.068 557.341 2799.512 18:36:35
