5.004 723.220 3613.171 17:43:56
5.016 699.634 3500.488 17:43:57
5.016 703.244 3400.000 17:43:59
5.076 526.049 2710.244 17:44:00
5.040 628.951 3228.293 17:44:01
5.096 440.268 2278.537 17:44:02
5.008 709.439 3564.390 17:44:03
5.068 552.146 2778.049 17:44:04
5.068 549.854 2787.805 17:44:05
5.064 734.732 3551.220 17:44:06
5.068 554.049 2801.463 17:44:07
5.100 467.244 2386.341 17:44:08
5.068 549.537 2820.488 17:44:09
5.068 557.439 2814.146 17:44:10
5.068 551.659 2795.610 17:44:11
5.056 585.146 2956.585 17:44:12
5.064 552.537 2799.024 17:44:13
5.100 467.659 2380.976 17:44:14
5.068 551.341 2802.927 17:44:15
5.072 549.756 2786.341 17:44:16
5.068 551.756 2812.683 17:44:17
5.068 552.659 2798.049 17:44:18
5.068 549.854 2786.341 17:44:19
5.096 466.146 2377.561 17:44:20
5.076 517.951 2630.244 17:44:21
5.068 550.854 2790.244 17:44:22
5.056 587.756 2973.171 17:44:23
5.068 551.854 2784.390 17:44:24
5.068 555.951 2788.293 17:44:25
5.064 549.951 2779.512 17:44:26
5.096 472.366 2390.732 17:44:27
5.096 466.854 2369.756 17:44:28
5.096 464.146 2367.317 17:44:29
5.100 468.366 2368.780 17:44:30
5.100 467.244 2394.634 17:44:31
5.100 465.756 2372.195 17:44:32
5.100 390.171 1995.122 17:44:33
5.088 501.244 2541.463 17:44:34
5.096 469.561 2380.976 17:44:35
5.128 389.854 1993.171 17:44:36
5.080 511.341 2602.927 17:44:37
5.096 465.244 2363.415 17:44:38
5.096 465.756 2367.317 17:44:39
5.096 467.756 2372.195 17:44:40
5.096 464.463 2379.512 17:44:41
5.100 464.049 2376.098 17:44:42
5.080 511.049 2599.024 17:44:43
5.096 464.854 2363.902 17:44:44
5.084 425.854 2184.878 17:44:45
5.100 464.951 2370.732 17:44:46
5.096 467.049 2379.512 17:44:47
5.124 389.268 1992.683 17:44:48
5.084 512.146 2603.902 17:44:49
5.100 464.756 2378.537 17:44:50
5.100 464.561 2364.878 17:44:51
5.096 464.146 2364.878 17:44:52
5.096 464.366 2368.293 17:44:53
5.096 390.756 1991.707 17:44:54
5.096 466.951 2377.073 17:44:55
5.084 502.756 2555.122 17:44:56
5.100 466.854 2379.512 17:44:57
5.128 389.073 1990.732 17:44:58
5.100 464.146 2372.195 17:44:59
5.112 500.951 2189.756 17:45:00
5.108 438.854 2244.878 17:45:01
5.108 438.854 2240.488 17:45:02
5.064 551.756 2795.610 17:45:03
5.064 550.049 2780.488 17:45:04
5.068 552.756 2800.488 17:45:05
