5.068 553.049 2787.805 18:06:04
5.004 763.317 4095.610 18:06:05
5.012 712.049 3607.805 18:06:06
5.056 551.561 2804.878 18:06:07
5.124 390.878 2002.927 18:06:08
5.080 513.854 2608.780 18:06:09
5.008 712.341 3567.805 18:06:10
5.068 550.634 2794.146 18:06:11
5.012 712.829 3620.488 18:06:12
5.008 551.024 2791.220 18:06:13
5.072 552.244 2806.829 18:06:14
5.092 465.366 2378.537 18:06:15
5.068 554.829 2808.780 18:06:16
5.068 550.634 2797.073 18:06:17
5.072 557.463 2816.585 18:06:18
5.068 556.146 3530.732 18:06:19
5.064 554.341 2804.878 18:06:20
5.092 466.732 2399.024 18:06:21
5.068 554.537 2800.976 18:06:22
5.068 550.732 2792.195 18:06:23
5.064 553.366 2799.024 18:06:24
5.068 550.732 2854.634 18:06:25
5.064 556.244 2799.024 18:06:26
5.076 549.463 2917.073 18:06:27
5.064 584.146 3008.780 18:06:28
5.064 553.366 2804.878 18:06:29
5.024 695.512 3622.439 18:06:30
5.068 551.171 2789.268 18:06:31
5.068 552.146 2791.220 18:06:32
5.068 550.732 2803.902 18:06:33
5.096 465.463 2396.098 18:06:34
5.064 555.463 2794.146 18:06:35
5.064 554.146 2806.829 18:06:36
5.068 553.171 2794.146 18:06:37
5.068 552.927 2853.659 18:06:38
5.068 551.463 2792.195 18:06:39
5.096 466.244 2376.585 18:06:40
5.100 466.634 2375.610 18:06:41
5.100 468.146 2373.659 18:06:42
5.096 465.854 2388.293 18:06:43
5.104 465.951 2370.732 18:06:44
5.100 466.146 2375.610 18:06:45
5.100 466.537 2373.659 18:06:46
5.096 465.268 2375.610 18:06:47
5.096 467.854 2394.146 18:06:48
5.100 464.878 2368.780 18:06:49
5.100 467.756 2504.390 18:06:50
5.100 467.756 2375.610 18:06:51
5.096 467.171 2373.659 18:06:52
5.100 468.732 2383.415 18:06:53
5.096 468.244 2386.341 18:06:54
5.096 465.756 2373.659 18:06:55
5.100 465.463 2371.707 18:06:56
5.096 465.659 2375.610 18:06:57
5.080 512.146 2618.537 18:06:58
5.100 465.951 2370.732 18:06:59
5.112 454.439 3508.293 18:07:00
5.108 439.659 2243.902 18:07:01
5.100 470.732 2381.463 18:07:02
5.068 552.244 2806.829 18:07:03
5.072 550.146 2786.341 18:07:04
5.068 549.854 2797.073 18:07:05
5.072 552.537 2784.390 18:07:06
5.068 550.341 2791.220 18:07:07
5.100 469.756 2396.098 18:07:08
5.100 464.634 2368.780 18:07:09
5.096 467.854 2375.610 18:07:10
5.100 465.073 2367.805 18:07:11
5.000 730.146 3644.878 18:07:12
5.068 550.537 2789.268 18:07:13
5.072 549.756 2799.024 18:07:14
