5.004 727.634 3652.683 18:23:49
5.016 695.024 3429.268 18:23:50
5.012 681.024 3475.122 18:23:51
5.064 553.756 2805.366 18:23:52
5.092 477.244 2417.073 18:23:53
5.096 469.244 2390.732 18:23:54
5.012 711.829 3575.122 18:23:55
5.068 552.951 2792.683 18:23:56
4.996 751.317 3748.293 18:23:57
5.068 550.951 2859.512 18:23:58
5.008 712.634 3563.902 18:23:59
5.112 429.659 2207.317 18:24:00
5.076 525.439 2664.878 18:24:01
5.068 554.951 2804.390 18:24:02
5.016 706.024 3407.317 18:24:03
5.060 680.146 2838.049 18:24:04
5.012 714.537 3458.049 18:24:05
5.096 466.244 2377.073 18:24:06
5.100 465.146 2371.220 18:24:07
5.068 556.146 2797.073 18:24:08
5.064 700.829 2980.488 18:24:09
5.068 552.244 2793.171 18:24:10
5.068 550.439 2789.268 18:24:11
5.064 556.341 2791.707 18:24:12
5.096 465.366 2373.659 18:24:13
5.068 553.951 2805.366 18:24:14
5.068 551.049 2832.683 18:24:15
5.068 562.854 2837.073 18:24:16
5.064 551.146 2790.732 18:24:17
5.068 555.341 2805.366 18:24:18
5.100 466.756 2376.098 18:24:19
5.056 588.951 2969.268 18:24:20
5.068 557.659 2799.512 18:24:21
5.068 550.951 2788.293 18:24:22
5.068 551.146 2795.122 18:24:23
5.068 554.854 2809.268 18:24:24
5.100 466.463 2385.854 18:24:25
5.096 468.244 2385.854 18:24:26
5.100 469.049 2383.415 18:24:27
5.080 515.049 2612.683 18:24:28
5.100 470.244 2383.902 18:24:29
5.100 466.951 2387.317 18:24:30
5.072 548.244 2779.024 18:24:31
5.100 467.854 2386.341 18:24:32
5.096 467.146 2378.537 18:24:33
5.096 465.561 2375.122 18:24:34
5.100 465.244 2385.854 18:24:35
5.096 465.463 2379.512 18:24:36
5.100 465.951 2372.195 18:24:37
5.092 472.756 2382.439 18:24:38
5.096 468.049 2379.512 18:24:39
5.100 465.146 2369.756 18:24:40
5.096 464.854 2368.293 18:24:41
5.084 500.463 2547.317 18:24:42
5.080 511.463 2602.927 18:24:43
5.096 465.366 2372.195 18:24:44
5.096 467.244 2384.878 18:24:45
5.096 465.951 2372.683 18:24:46
5.100 465.049 2375.122 18:24:47
5.100 467.854 2372.683 18:24:48
5.100 469.366 2383.902 18:24:49
5.100 466.146 2380.000 18:24:50
5.096 467.756 2397.073 18:24:51
5.084 512.659 2605.366 18:24:52
5.084 500.561 2547.317 18:24:53
5.100 467.951 2400.000 18:24:54
5.084 517.244 2623.902 18:24:55
5.096 465.659 2376.098 18:24:56
5.092 467.854 2400.976 18:24:57
5.100 467.146 2373.659 18:24:58
5.072 549.341 2781.951 18:24:59
5.080 516.561 2615.122 18:25:00
5.072 550.341 2791.707 18:25:01
