5.000 733.537 3642.927 19:19:37
5.016 700.634 3451.220 19:19:38
5.016 705.024 3485.366 19:19:39
5.068 555.049 2818.049 19:19:40
5.068 558.049 2810.732 19:19:41
5.080 514.561 2607.317 19:19:42
5.012 713.829 3594.146 19:19:43
5.064 553.854 2799.512 19:19:44
4.996 749.220 3745.854 19:19:45
5.064 554.951 2911.707 19:19:46
5.012 719.024 3570.244 19:19:47
5.080 534.146 2617.561 19:19:48
5.012 714.341 3577.561 19:19:49
5.036 553.659 2835.122 19:19:50
5.008 700.244 3560.488 19:19:51
5.068 552.146 2801.463 19:19:52
5.008 716.927 3587.805 19:19:53
5.080 514.659 2611.220 19:19:54
5.008 714.024 3577.561 19:19:55
5.056 588.756 3586.341 19:19:56
5.068 555.146 2823.902 19:19:57
5.032 621.244 2933.171 19:19:58
5.008 719.927 3575.122 19:19:59
5.080 517.756 2627.805 19:20:00
5.052 581.439 3059.512 19:20:01
5.068 567.951 2742.927 19:20:02
5.064 555.049 2814.146 19:20:03
5.064 552.951 2802.927 19:20:04
5.080 518.341 2694.146 19:20:05
5.068 567.244 3427.317 19:20:06
5.044 624.244 3148.780 19:20:07
5.060 675.927 3008.293 19:20:08
5.068 552.146 2828.293 19:20:09
5.016 682.439 3169.756 19:20:10
5.040 573.951 2926.829 19:20:11
5.008 708.927 3596.585 19:20:12
5.028 552.146 2800.488 19:20:13
5.068 666.341 3020.976 19:20:14
5.056 587.439 2955.610 19:20:15
5.024 567.756 2795.610 19:20:16
5.068 510.659 2601.463 19:20:17
5.080 469.146 2390.732 19:20:18
5.068 552.439 2823.902 19:20:19
5.064 555.537 2814.146 19:20:20
5.064 553.244 2806.829 19:20:21
5.068 552.854 2821.951 19:20:22
5.068 552.854 2795.610 19:20:23
5.096 469.049 2399.512 19:20:24
5.096 470.049 2395.122 19:20:25
5.080 518.854 2618.049 19:20:26
5.080 515.244 2625.366 19:20:27
5.100 471.366 2436.098 19:20:28
5.080 513.439 2607.805 19:20:29
5.080 513.561 2612.683 19:20:30
5.096 467.561 2383.415 19:20:31
5.096 469.366 2395.122 19:20:32
5.096 469.756 2393.659 19:20:33
5.100 476.756 2413.659 19:20:34
5.080 513.756 2608.780 19:20:35
5.096 469.463 2378.537 19:20:36
5.100 467.049 2381.951 19:20:37
5.080 515.049 2615.122 19:20:38
5.100 467.049 2377.561 19:20:39
5.080 521.659 2617.561 19:20:40
5.096 469.659 2380.976 19:20:41
5.080 518.244 2617.561 19:20:42
5.080 514.244 2612.683 19:20:43
5.080 515.659 2618.049 19:20:44
5.084 512.951 2607.805 19:20:45
5.096 471.244 2394.634 19:20:46
5.076 512.561 2606.341 19:20:47
5.100 467.561 2388.293 19:20:48
5.096 466.146 2378.537 19:20:49
5.100 466.366 2376.098 19:20:50
5.096 469.049 2400.976 19:20:51
5.096 469.049 2387.317 19:20:52
5.096 468.854 2375.122 19:20:53
5.096 466.366 2388.293 19:20:54
5.064 551.854 2792.683 19:20:55
5.068 552.341 2790.732 19:20:56
5.068 552.951 2800.488 19:20:57
