5.004 738.829 3690.244 19:55:14
5.012 694.244 3444.878 19:55:15
5.016 716.122 3511.220 19:55:16
5.064 556.146 2813.171 19:55:17
5.096 480.561 2437.073 19:55:18
5.124 395.561 2024.390 19:55:19
5.096 469.049 2393.659 19:55:20
5.068 556.146 2890.732 19:55:21
5.068 554.341 2808.293 19:55:22
5.056 568.756 2839.024 19:55:23
5.016 711.829 3566.341 19:55:24
5.064 560.244 2916.585 19:55:25
4.996 710.244 3573.171 19:55:26
5.064 554.854 2799.024 19:55:27
5.064 552.439 2799.024 19:55:28
5.048 604.439 3073.171 19:55:29
4.924 777.024 3610.732 19:55:30
5.064 560.049 2825.366 19:55:31
5.068 552.854 2799.024 19:55:32
5.052 599.854 3660.488 19:55:33
4.992 719.024 3760.488 19:55:34
5.000 730.024 3636.585 19:55:35
5.068 558.146 2806.829 19:55:36
5.008 708.829 3661.951 19:55:37
5.064 555.659 3342.439 19:55:38
5.052 559.537 2817.073 19:55:39
5.044 614.732 2962.927 19:55:40
5.008 723.341 3567.805 19:55:41
5.052 588.854 3067.317 19:55:42
5.072 553.756 2801.463 19:55:43
5.068 553.146 2801.463 19:55:44
5.060 614.829 2970.732 19:55:45
4.996 715.634 3561.463 19:55:46
5.060 586.756 2894.146 19:55:47
5.044 552.951 2801.951 19:55:48
5.064 570.634 2829.268 19:55:49
5.068 555.537 2808.293 19:55:50
5.064 553.341 2806.829 19:55:51
5.064 555.146 2814.146 19:55:52
5.068 555.341 2816.585 19:55:53
5.068 555.146 2819.512 19:55:54
5.068 553.341 2796.585 19:55:55
5.068 552.854 2800.488 19:55:56
5.064 554.439 2795.122 19:55:57
5.064 552.537 2806.341 19:55:58
5.076 528.244 2679.024 19:55:59
5.080 516.659 3687.805 19:56:00
5.076 526.756 2673.659 19:56:01
5.064 780.927 3709.268 19:56:02
5.096 470.659 2397.073 19:56:03
5.096 468.756 2403.902 19:56:04
5.100 468.049 2387.317 19:56:05
5.096 468.659 2386.341 19:56:06
5.096 467.659 2383.415 19:56:07
5.096 466.756 2378.537 19:56:08
5.096 471.146 2392.683 19:56:09
5.100 468.049 2387.317 19:56:10
5.096 469.951 2389.756 19:56:11
5.096 471.561 2390.732 19:56:12
5.100 467.756 2383.415 19:56:13
5.096 467.854 2406.341 19:56:15
5.104 467.463 2376.098 19:56:16
5.100 467.049 2377.073 19:56:17
5.096 467.561 2383.902 19:56:18
5.100 468.561 2384.878 19:56:19
5.096 470.049 2397.561 19:56:20
5.096 467.463 2384.878 19:56:21
5.096 468.756 2391.220 19:56:22
5.096 468.463 2389.756 19:56:23
5.096 466.951 2385.854 19:56:24
5.100 471.366 2388.293 19:56:25
5.096 467.659 2377.073 19:56:26
5.096 466.659 2392.195 19:56:27
5.096 469.366 2391.220 19:56:28
5.096 469.463 2394.634 19:56:29
5.096 468.146 2381.951 19:56:30
5.100 466.756 2396.098 19:56:31
5.096 468.951 2404.878 19:56:32
5.100 465.951 2379.512 19:56:33
5.100 465.951 2372.683 19:56:34
5.096 470.049 2386.341 19:56:35
5.096 468.854 2380.976 19:56:36
5.096 468.659 2388.780 19:56:37
5.064 582.439 2816.585 19:56:38
5.072 551.659 2793.171 19:56:39
5.068 553.244 2803.902 19:56:40
