5.068 554.341 2805.366 12:18:04
5.016 703.927 3559.024 12:18:05
5.012 710.024 3599.512 12:18:06
5.080 519.756 2640.488 12:18:07
5.128 394.171 2017.073 12:18:08
5.096 469.244 2392.683 12:18:09
5.008 713.244 3557.561 12:18:10
5.072 550.439 2786.829 12:18:11
5.008 698.439 3546.341 12:18:12
5.068 550.049 2784.390 12:18:13
5.068 553.756 2789.268 12:18:14
5.096 465.756 2372.195 12:18:15
5.064 555.439 2796.585 12:18:16
5.068 553.537 2788.293 12:18:17
5.068 550.439 2791.707 12:18:18
5.068 552.341 2806.341 12:18:19
5.068 553.049 2802.927 12:18:20
5.084 512.146 2596.098 12:18:21
5.008 711.122 3574.146 12:18:22
5.064 552.049 2796.585 12:18:23
5.068 551.146 2789.268 12:18:24
5.068 551.049 2785.366 12:18:25
5.068 554.537 2809.268 12:18:26
5.096 484.659 2383.415 12:18:27
5.044 605.244 3049.756 12:18:28
5.064 552.951 2805.366 12:18:29
5.068 556.439 2787.805 12:18:30
5.068 551.439 2792.683 12:18:31
5.068 550.146 2815.122 12:18:33
5.064 551.146 2796.585 12:18:34
5.100 465.463 2372.683 12:18:35
5.068 555.049 2797.073 12:18:36
5.068 550.854 2790.244 12:18:37
5.064 553.659 2815.122 12:18:38
5.068 551.537 2793.171 12:18:39
5.068 551.146 2790.732 12:18:40
5.096 469.756 2377.561 12:18:41
5.100 468.561 2385.854 12:18:42
5.004 736.122 3656.585 12:18:43
5.068 552.756 2806.829 12:18:44
5.068 550.146 2789.268 12:18:45
