4.996 738.732 3655.610 13:03:02
4.956 850.634 4161.951 13:03:03
5.016 708.732 3517.073 13:03:04
5.064 552.927 2803.902 13:03:05
5.064 552.927 2794.146 13:03:06
5.096 472.878 2400.976 13:03:07
5.008 712.537 3577.561 13:03:08
5.064 553.024 2811.707 13:03:09
5.016 713.951 3567.805 13:03:10
5.068 581.366 2801.951 13:03:11
4.992 769.805 3973.659 13:03:12
5.096 466.732 2420.488 13:03:13
5.008 714.341 3607.805 13:03:14
5.060 553.366 2811.707 13:03:15
5.004 709.512 3502.439 13:03:16
5.012 574.341 2808.780 13:03:17
4.992 696.732 3540.488 13:03:18
5.084 516.439 2628.293 13:03:19
5.068 553.854 2800.976 13:03:20
5.064 552.244 2803.902 13:03:21
5.024 567.756 2813.659 13:03:22
5.052 590.244 2955.122 13:03:23
5.004 711.415 3585.366 13:03:24
5.096 470.439 2386.341 13:03:25
5.068 551.951 2821.463 13:03:26
5.064 557.024 3321.951 13:03:27
5.068 552.829 2801.951 13:03:29
5.068 554.244 2808.780 13:03:30
5.068 556.341 2829.268 13:03:31
5.064 546.732 2813.659 13:03:32
5.008 711.951 3580.488 13:03:33
5.048 586.049 3136.585 13:03:34
5.060 555.366 2814.634 13:03:35
5.060 582.049 2921.951 13:03:36
5.000 711.854 3592.195 13:03:37
5.096 470.878 2386.341 13:03:38
5.096 475.854 2381.463 13:03:39
5.068 553.366 2808.780 13:03:40
5.068 552.634 2799.024 13:03:41
5.068 552.146 2801.951 13:03:42
5.068 552.439 2799.024 13:03:43
5.064 553.268 2799.024 13:03:44
5.100 472.439 2403.902 13:03:45
5.096 470.878 2391.220 13:03:46
5.080 519.854 2613.659 13:03:47
5.096 470.878 2376.585 13:03:48
5.000 739.415 3644.878 13:03:49
5.068 552.732 2797.073 13:03:50
5.068 553.951 2804.878 13:03:51
