5.000 730.732 3620.488 13:41:09
5.016 690.829 3448.780 13:41:10
5.016 688.732 3533.171 13:41:11
5.064 556.049 2815.122 13:41:12
5.064 477.049 2438.537 13:41:13
5.124 392.951 2017.073 13:41:14
5.072 580.146 2789.268 13:41:15
5.068 560.244 2807.805 13:41:16
5.008 719.732 3560.488 13:41:17
5.068 554.951 2821.463 13:41:18
5.064 555.854 2814.146 13:41:19
5.064 555.244 2807.805 13:41:20
5.076 522.756 2653.659 13:41:21
5.060 564.756 2870.732 13:41:22
4.996 746.829 3699.512 13:41:23
5.056 627.634 3007.317 13:41:24
5.008 698.732 3571.707 13:41:25
5.064 555.146 2804.390 13:41:26
5.056 584.854 3008.293 13:41:27
5.056 563.854 2839.512 13:41:28
5.016 716.439 3604.390 13:41:29
5.064 557.244 2838.049 13:41:30
5.008 716.122 3602.927 13:41:31
5.024 581.146 2970.732 13:41:32
5.056 583.634 3435.122 13:41:33
5.068 557.049 2811.707 13:41:34
5.052 599.951 2842.927 13:41:35
5.056 607.634 2965.854 13:41:36
5.080 515.341 2616.585 13:41:37
5.068 554.049 2806.829 13:41:38
5.068 564.439 2803.902 13:41:39
5.036 562.341 2819.512 13:41:40
5.024 598.439 3252.683 13:41:41
5.008 716.122 3580.488 13:41:42
5.004 759.439 3617.561 13:41:43
5.008 716.537 3586.829 13:41:44
5.068 587.341 2807.805 13:41:45
5.068 554.951 2813.171 13:41:46
5.032 557.659 2797.073 13:41:47
5.008 714.829 3590.244 13:41:48
5.056 596.244 3070.732 13:41:49
5.060 554.049 2883.415 13:41:50
5.052 580.951 2960.976 13:41:51
5.056 569.854 2884.390 13:41:52
5.052 716.244 3586.829 13:41:53
5.068 555.341 2818.049 13:41:54
5.068 554.659 2811.707 13:41:55
5.068 559.049 2804.390 13:41:56
5.068 553.756 2801.463 13:41:57
5.100 469.561 2390.732 13:41:58
5.096 470.463 2396.098 13:41:59
5.108 432.756 2207.317 13:42:00
5.096 468.756 2383.902 13:42:01
5.068 715.024 3587.317 13:42:02
5.068 553.463 2801.951 13:42:03
5.068 553.024 2797.073 13:42:04
