5.004 731.927 3662.927 12:26:53
5.004 729.341 3596.585 12:26:54
5.016 684.927 3494.146 12:26:55
5.064 553.756 2807.805 12:26:56
5.080 511.341 2626.341 12:26:57
5.096 473.049 2390.732 12:26:59
5.024 674.829 3395.122 12:27:00
5.076 531.049 2672.683 12:27:01
5.020 683.024 3412.683 12:27:02
5.068 553.341 2819.512 12:27:03
5.004 713.927 3553.171 12:27:04
5.096 466.463 2378.537 12:27:05
5.064 553.756 2806.829 12:27:06
5.072 552.439 2789.268 12:27:07
5.072 552.854 2795.610 12:27:08
5.068 557.439 2792.683 12:27:09
5.068 550.951 2806.341 12:27:10
5.072 555.659 2815.610 12:27:11
5.068 562.049 2804.390 12:27:12
5.072 551.244 2794.146 12:27:13
5.068 553.659 2801.463 12:27:14
5.068 553.439 2819.024 12:27:15
5.064 554.049 2805.366 12:27:16
5.068 704.439 2952.195 12:27:17
5.008 710.634 3590.244 12:27:18
5.012 711.732 3546.341 12:27:19
5.068 551.659 2812.683 12:27:20
5.084 517.561 2627.805 12:27:21
5.060 574.146 2899.024 12:27:22
5.068 555.341 2800.488 12:27:23
5.064 553.537 2816.585 12:27:24
5.068 551.756 2793.171 12:27:25
5.060 555.146 2802.927 12:27:26
5.068 554.756 2795.610 12:27:27
5.096 469.244 2390.732 12:27:28
5.096 468.756 2390.732 12:27:29
5.092 469.854 2384.878 12:27:30
5.100 469.366 2376.098 12:27:31
5.096 465.854 2378.537 12:27:32
5.096 465.561 2383.902 12:27:33
5.068 550.756 2901.951 12:27:34
5.064 556.049 2825.854 12:27:35
5.064 553.049 2802.927 12:27:36
