5.064 558.341 2825.366 13:00:36
5.016 679.341 3525.366 13:00:37
5.016 683.537 3500.488 13:00:38
5.068 561.341 2828.293 13:00:39
5.096 480.146 2445.854 13:00:40
5.076 525.146 2676.585 13:00:41
5.008 716.732 3561.951 13:00:42
5.064 552.341 2798.049 13:00:43
5.012 706.732 3523.902 13:00:44
5.068 552.756 2815.122 13:00:45
5.008 718.829 3565.366 13:00:46
5.100 468.049 2381.951 13:00:47
5.008 717.634 3575.610 13:00:48
5.064 552.951 2797.073 13:00:49
5.008 714.439 3600.488 13:00:50
5.052 579.854 2984.390 13:00:51
5.008 714.122 3576.585 13:00:52
5.064 555.756 2802.927 13:00:53
5.064 555.537 2813.171 13:00:54
5.060 553.049 2854.146 13:00:55
5.064 555.756 2808.293 13:00:56
5.064 556.854 2801.463 13:00:57
5.064 554.756 2812.683 13:00:58
5.048 586.049 3220.000 13:00:59
5.004 735.927 3572.683 13:01:00
5.064 563.951 2677.561 13:01:01
5.068 552.854 2796.585 13:01:02
5.064 555.659 2797.073 13:01:03
5.064 553.439 2801.463 13:01:04
5.008 716.537 3577.561 13:01:06
5.064 570.756 2809.268 13:01:07
5.012 667.537 3502.927 13:01:08
5.060 572.341 2949.268 13:01:09
5.068 553.049 2799.024 13:01:10
5.068 571.439 3511.220 13:01:11
5.012 669.146 3198.537 13:01:12
5.052 565.537 3571.707 13:01:13
5.056 576.634 2917.073 13:01:14
5.092 525.561 2540.000 13:01:15
5.100 467.756 2380.976 13:01:16
5.064 556.756 2827.805 13:01:17
5.068 555.537 2816.585 13:01:18
5.068 552.756 2839.512 13:01:19
5.064 555.439 2810.732 13:01:20
5.068 552.244 2798.049 13:01:21
5.092 469.659 2393.659 13:01:22
5.000 738.732 3696.585 13:01:23
5.068 558.049 2812.683 13:01:24
5.064 557.439 2823.902 13:01:25
