5.000 731.341 3664.390 13:14:10
5.020 694.341 3458.049 13:14:11
5.020 707.024 3549.268 13:14:12
5.064 552.146 2804.390 13:14:13
5.068 553.951 2794.146 13:14:14
5.080 521.561 2649.268 13:14:15
5.096 469.049 2383.902 13:14:16
5.068 567.146 2800.488 13:14:17
5.072 551.341 2797.073 13:14:18
5.068 552.659 2801.463 13:14:19
5.064 554.244 2809.268 13:14:20
5.068 554.756 2799.024 13:14:21
5.064 556.049 2798.049 13:14:22
5.064 556.537 2859.024 13:14:23
5.004 712.244 3557.561 13:14:24
5.064 552.439 2797.073 13:14:25
5.004 720.220 3550.244 13:14:26
5.072 540.951 2943.415 13:14:27
5.056 583.146 3003.415 13:14:28
5.052 620.244 2973.171 13:14:29
5.012 695.439 3570.244 13:14:30
5.052 591.146 2950.732 13:14:31
4.996 746.220 3784.390 13:14:32
5.060 566.756 2854.634 13:14:33
5.064 552.439 2820.488 13:14:34
5.068 552.854 2799.512 13:14:35
5.064 554.951 2797.073 13:14:36
5.068 553.951 2797.073 13:14:37
5.076 533.341 2609.268 13:14:38
5.068 562.659 2797.073 13:14:39
5.064 553.244 2801.951 13:14:40
5.068 669.537 2813.171 13:14:41
5.064 552.659 2795.610 13:14:42
5.048 656.732 2940.488 13:14:43
5.056 710.927 3586.829 13:14:44
5.064 554.244 2805.366 13:14:45
5.068 554.756 2808.293 13:14:46
5.064 568.854 2846.829 13:14:47
5.064 557.049 2795.610 13:14:48
5.012 555.439 2868.293 13:14:49
5.064 551.951 2793.171 13:14:50
5.016 718.634 3581.463 13:14:51
5.064 555.756 2817.073 13:14:52
5.064 556.146 2818.049 13:14:53
5.096 470.561 2392.683 13:14:54
5.096 466.951 2381.951 13:14:55
5.096 469.756 2390.732 13:14:56
5.096 470.366 2392.195 13:14:57
5.080 525.341 2644.878 13:14:58
5.076 527.659 2686.829 13:14:59
5.076 528.756 2682.439 13:15:00
5.076 527.341 2676.585 13:15:01
