5.000 725.439 3600.488 12:05:14
5.016 698.024 3493.659 12:05:15
5.012 711.634 3442.927 12:05:16
5.068 554.049 2786.829 12:05:17
5.064 551.049 2799.024 12:05:18
5.096 466.244 2375.122 12:05:19
5.096 465.146 2375.122 12:05:20
5.052 591.854 2929.756 12:05:21
5.008 714.244 3561.463 12:05:22
5.068 551.341 2778.049 12:05:23
5.052 579.439 3139.512 12:05:24
5.064 551.439 2789.268 12:05:25
5.096 464.244 2362.439 12:05:26
5.068 550.659 2789.268 12:05:27
5.068 548.049 2779.512 12:05:28
5.068 551.049 2781.463 12:05:29
5.068 550.439 2792.683 12:05:30
5.068 551.439 2790.732 12:05:31
5.096 463.561 2362.439 12:05:32
5.068 551.146 2785.366 12:05:33
5.064 549.146 2796.585 12:05:34
5.068 549.659 2778.049 12:05:35
5.068 548.244 2786.829 12:05:36
5.064 550.439 2795.610 12:05:37
5.096 466.049 2373.659 12:05:38
5.068 548.244 2779.512 12:05:39
5.072 549.244 2775.122 12:05:40
5.072 547.537 2790.732 12:05:41
5.068 552.049 2786.341 12:05:42
5.068 548.659 2778.049 12:05:43
5.104 463.951 2364.878 12:05:44
5.128 391.073 2043.415 12:05:45
5.096 466.951 2375.122 12:05:46
5.100 466.463 2388.293 12:05:47
5.124 388.366 1990.244 12:05:48
5.096 469.366 2387.317 12:05:49
5.096 468.049 2376.098 12:05:50
5.068 549.049 2779.512 12:05:51
5.068 548.854 2779.024 12:05:52
5.072 550.146 2783.902 12:05:53
