5.004 741.537 3668.293 13:11:35
5.020 709.244 3579.024 13:11:36
5.020 697.634 3502.439 13:11:37
5.068 552.756 2806.829 13:11:38
5.068 553.244 2814.146 13:11:39
5.096 467.854 2424.878 13:11:40
5.008 710.341 3566.341 13:11:41
5.052 595.634 3022.927 13:11:42
5.008 714.122 3575.122 13:11:43
5.064 552.659 2804.390 13:11:44
5.008 709.439 3506.341 13:11:45
5.096 467.756 2382.439 13:11:46
5.004 720.927 3580.488 13:11:47
5.064 552.756 2795.610 13:11:48
5.008 716.439 3592.683 13:11:49
5.068 552.854 2806.829 13:11:50
5.008 715.634 3570.732 13:11:51
5.080 515.756 2616.098 13:11:52
4.976 770.317 3943.415 13:11:53
5.068 552.659 2799.024 13:11:54
5.068 553.049 2810.244 13:11:55
5.068 572.146 2808.293 13:11:56
5.008 720.220 3606.829 13:11:57
5.068 561.659 2799.024 13:11:58
5.076 525.146 3376.098 13:11:59
5.056 683.732 3208.780 13:12:01
5.076 532.244 2682.439 13:12:02
5.060 561.537 2839.024 13:12:03
5.008 739.634 3603.902 13:12:04
5.052 593.049 2985.854 13:12:05
5.068 552.439 2797.073 13:12:06
5.068 558.049 2809.268 13:12:07
5.068 557.659 2816.585 13:12:08
5.008 742.829 2937.073 13:12:09
5.068 552.659 2812.683 13:12:10
5.072 553.049 2799.024 13:12:11
5.068 552.659 2800.488 13:12:12
5.072 552.659 2794.146 13:12:13
5.068 552.659 2810.732 13:12:14
5.008 716.634 3554.146 13:12:15
5.052 588.244 2985.854 13:12:16
5.064 554.854 2806.829 13:12:17
5.064 556.244 2815.610 13:12:18
5.064 553.049 2799.024 13:12:19
5.096 471.049 2396.098 13:12:20
5.096 473.366 2391.220 13:12:21
5.076 518.659 2622.439 13:12:22
5.096 468.854 2400.000 13:12:23
5.004 733.927 3674.634 13:12:24
5.068 552.537 2798.049 13:12:25
5.064 560.439 2806.829 13:12:26
