5.020 686.634 3443.902 13:32:00
5.020 660.439 3342.439 13:32:01
5.024 664.732 3295.122 13:32:02
5.064 559.146 2818.049 13:32:03
5.056 591.854 3013.171 13:32:04
5.128 392.854 2011.707 13:32:05
5.096 472.463 2410.244 13:32:06
5.008 713.439 3586.341 13:32:07
5.068 555.341 2812.683 13:32:08
5.052 713.122 2868.293 13:32:09
5.012 712.024 3546.341 13:32:10
5.068 556.439 2815.122 13:32:11
5.056 576.634 2910.244 13:32:12
5.068 553.537 2806.341 13:32:13
5.068 554.756 3103.415 13:32:14
5.068 569.244 2819.024 13:32:15
5.012 607.634 3634.146 13:32:16
5.056 529.341 2688.780 13:32:17
5.044 576.951 2913.171 13:32:18
5.064 561.537 2843.902 13:32:19
5.016 706.927 3597.561 13:32:20
5.000 720.220 3586.341 13:32:21
5.072 615.732 3366.341 13:32:22
5.068 555.951 2760.488 13:32:23
5.064 569.537 2815.610 13:32:24
5.012 714.439 3572.683 13:32:25
5.060 552.951 2801.463 13:32:26
5.068 553.341 2814.146 13:32:27
5.040 601.439 3053.171 13:32:28
5.008 712.024 3550.244 13:32:29
5.068 560.756 2796.585 13:32:30
5.064 553.756 2804.390 13:32:31
5.064 555.951 2805.366 13:32:32
5.016 692.024 3585.366 13:32:33
5.080 514.439 2608.780 13:32:34
5.064 558.439 3545.366 13:32:35
5.064 556.146 2803.902 13:32:36
5.064 555.756 2814.146 13:32:37
5.048 613.634 2851.707 13:32:38
5.012 711.732 3602.927 13:32:39
5.080 514.244 2610.244 13:32:40
5.096 482.756 2420.976 13:32:41
5.068 556.049 2811.707 13:32:42
5.060 558.244 2826.829 13:32:43
5.068 553.951 2801.463 13:32:44
5.064 555.244 2816.585 13:32:45
5.068 554.341 2812.683 13:32:46
5.096 468.366 2395.122 13:32:47
5.100 467.561 2381.951 13:32:48
5.096 470.756 2397.073 13:32:49
5.100 467.561 2380.976 13:32:50
4.992 717.732 3495.610 13:32:51
5.064 554.951 2799.512 13:32:52
