4.996 733.634 3661.951 12:12:40
5.024 698.537 3459.024 12:12:41
5.020 695.732 3491.707 12:12:42
5.064 550.854 2805.366 12:12:43
5.084 476.951 2430.244 12:12:44
5.076 522.341 2374.634 12:12:45
5.008 709.927 3540.488 12:12:46
5.052 579.537 2984.390 12:12:47
5.068 550.854 2786.341 12:12:48
5.068 551.951 2786.829 12:12:49
5.068 551.951 2795.122 12:12:50
5.100 466.854 2368.780 12:12:51
5.068 552.439 2801.951 12:12:52
5.068 552.659 2796.585 12:12:53
5.068 551.756 2788.293 12:12:54
5.068 549.854 2786.341 12:12:55
5.064 552.244 2807.805 12:12:56
5.100 465.049 2374.634 12:12:57
5.068 551.244 2795.122 12:12:58
5.080 521.244 3917.073 12:12:59
5.080 652.634 3240.976 12:13:01
5.072 524.244 2662.927 12:13:02
5.068 554.049 2935.610 12:13:03
5.068 549.854 2785.366 12:13:04
5.096 465.366 2369.756 12:13:05
5.068 550.049 2799.512 12:13:06
5.068 557.854 2793.171 12:13:07
5.068 550.244 2788.293 12:13:08
5.068 552.537 2793.171 12:13:09
5.068 552.341 2787.805 12:13:10
5.100 464.463 2398.537 12:13:11
5.096 467.951 2371.220 12:13:12
5.100 469.244 2365.854 12:13:13
5.100 464.244 2372.683 12:13:14
5.096 465.463 2370.732 12:13:15
5.096 464.561 2371.220 12:13:16
5.004 733.024 3662.927 12:13:17
5.068 551.537 2809.268 12:13:18
5.068 552.146 2795.610 12:13:19
