5.004 727.024 3635.122 12:30:17
5.012 695.244 3463.902 12:30:18
5.020 687.341 3499.024 12:30:19
5.064 554.146 2793.171 12:30:20
5.092 477.854 2420.976 12:30:21
5.080 511.756 2602.927 12:30:22
5.096 469.366 2389.756 12:30:23
5.040 686.244 2801.951 12:30:24
5.068 556.756 2831.707 12:30:25
5.068 562.049 2792.683 12:30:26
5.068 551.951 2815.122 12:30:27
5.068 551.049 2796.585 12:30:28
5.068 554.146 2802.927 12:30:29
5.068 551.341 2794.146 12:30:30
5.068 617.146 3379.024 12:30:31
5.068 606.537 3500.000 12:30:32
5.056 589.854 2977.073 12:30:33
5.056 614.341 2662.927 12:30:34
4.996 776.732 3693.171 12:30:35
5.064 555.341 2795.610 12:30:36
5.024 590.341 2916.585 12:30:37
5.068 553.659 2816.585 12:30:38
5.068 551.146 2794.146 12:30:39
5.100 467.561 2377.561 12:30:40
5.080 519.659 2657.561 12:30:41
5.068 553.659 2798.049 12:30:42
5.064 553.049 2806.341 12:30:43
5.056 587.146 2978.049 12:30:44
5.068 551.049 2802.927 12:30:45
5.068 553.951 2793.171 12:30:46
5.096 468.366 2381.951 12:30:47
5.064 553.244 2806.341 12:30:48
5.064 552.951 2809.268 12:30:49
5.064 554.951 2806.829 12:30:50
5.068 552.439 2823.902 12:30:51
5.068 553.756 2792.683 12:30:52
5.100 512.951 2608.780 12:30:53
5.096 467.244 2392.195 12:30:54
5.088 502.756 2551.220 12:30:55
5.096 466.854 2380.000 12:30:56
5.076 520.244 2650.244 12:30:57
5.064 551.049 2790.732 12:30:58
5.064 554.049 2809.268 12:30:59
