5.064 560.659 2809.268 13:45:06
5.016 688.024 3489.268 13:45:07
5.016 686.024 3511.220 13:45:08
5.068 554.341 2802.927 13:45:09
5.068 555.146 2820.488 13:45:10
5.100 471.049 2437.073 13:45:12
5.008 718.122 3604.390 13:45:13
5.068 553.439 2801.951 13:45:14
5.024 698.927 3408.780 13:45:15
5.060 556.049 2819.024 13:45:16
5.004 715.244 3590.732 13:45:17
5.076 521.244 2625.366 13:45:18
5.008 713.732 3599.512 13:45:19
5.044 554.341 3444.878 13:45:20
5.008 706.122 3574.146 13:45:21
5.064 553.756 2854.146 13:45:22
5.008 715.122 3613.171 13:45:23
5.080 517.244 2614.146 13:45:24
5.004 718.537 3645.366 13:45:25
5.060 553.854 2818.049 13:45:26
5.008 715.122 3563.902 13:45:27
5.056 620.244 2952.195 13:45:28
5.016 733.220 3739.512 13:45:29
5.004 718.341 3678.049 13:45:30
5.052 578.341 3460.488 13:45:31
5.064 638.732 2809.268 13:45:32
5.068 553.951 2827.805 13:45:33
5.068 553.756 2806.341 13:45:34
5.032 554.341 2822.927 13:45:35
5.056 566.049 3005.854 13:45:36
4.960 584.537 3349.268 13:45:37
5.016 566.244 2827.317 13:45:38
5.060 577.659 3032.195 13:45:39
4.988 622.146 3021.463 13:45:40
5.008 704.634 3026.341 13:45:41
5.064 665.122 3362.927 13:45:42
5.004 714.146 3590.244 13:45:43
5.008 719.854 3585.366 13:45:44
5.080 517.951 2628.293 13:45:45
5.068 558.146 2813.659 13:45:46
5.064 560.341 2808.780 13:45:47
5.064 554.146 2800.976 13:45:48
5.068 553.659 2803.902 13:45:49
5.068 553.366 2801.951 13:45:50
5.068 556.537 2803.902 13:45:51
5.068 555.854 2824.390 13:45:52
5.068 554.244 2804.878 13:45:53
5.068 553.561 2797.073 13:45:54
5.064 553.756 2800.976 13:45:55
5.096 468.634 2386.341 13:45:56
5.096 468.732 2400.976 13:45:57
5.096 470.634 2400.976 13:45:58
5.064 561.268 2811.707 13:45:59
5.080 622.049 2671.220 13:46:00
5.072 529.366 2686.829 13:46:01
