5.000 737.439 3680.488 13:50:21
5.016 700.024 3518.049 13:50:22
5.016 704.122 3486.829 13:50:24
5.064 555.049 2806.341 13:50:25
5.092 479.854 2428.780 13:50:26
5.096 467.659 2388.780 13:50:27
5.008 713.634 3574.146 13:50:28
5.068 553.146 2799.024 13:50:29
5.012 716.341 3586.829 13:50:30
5.064 553.146 2801.951 13:50:31
5.012 717.317 3595.122 13:50:32
5.100 467.659 2385.366 13:50:33
5.008 716.146 3615.610 13:50:34
5.068 560.829 2818.537 13:50:35
5.008 721.707 3600.976 13:50:36
5.068 671.512 2864.390 13:50:37
5.008 718.244 3592.195 13:50:38
5.080 514.439 2610.732 13:50:39
5.008 717.317 3595.122 13:50:40
5.024 558.341 2894.634 13:50:41
5.012 713.415 3572.683 13:50:42
5.064 553.951 2808.780 13:50:43
5.008 719.951 3557.073 13:50:44
5.064 557.024 2818.537 13:50:45
5.008 719.854 3818.537 13:50:46
5.068 556.244 2829.268 13:50:47
5.064 553.659 2811.707 13:50:48
5.064 554.732 2803.902 13:50:49
5.068 554.341 2804.878 13:50:50
5.008 716.049 3574.634 13:50:51
5.008 716.439 3613.659 13:50:52
5.008 761.805 3585.366 13:50:53
5.016 706.439 3607.805 13:50:54
5.056 564.244 2862.439 13:50:55
5.020 553.659 2803.902 13:50:56
5.064 556.049 2808.780 13:50:57
5.036 569.756 2808.780 13:50:58
5.008 715.610 3572.683 13:50:59
5.064 555.659 2811.707 13:51:00
5.076 533.951 2681.951 13:51:01
5.076 531.951 2701.463 13:51:02
5.068 553.463 2813.659 13:51:03
5.064 553.024 2804.878 13:51:04
5.068 554.634 2821.463 13:51:05
5.080 517.854 2628.293 13:51:06
5.064 556.341 2818.537 13:51:07
5.064 557.024 2827.317 13:51:08
5.056 556.927 2803.902 13:51:09
5.068 555.951 2814.634 13:51:10
5.064 552.439 2803.902 13:51:11
5.096 473.951 2391.220 13:51:12
5.096 468.341 2389.268 13:51:13
5.096 467.463 2388.293 13:51:14
5.096 468.878 2408.780 13:51:15
5.068 558.341 2818.537 13:51:16
5.064 555.951 2818.537 13:51:17
5.064 552.634 2801.951 13:51:18
