4.988 769.829 3805.366 12:59:23
5.012 732.439 3442.439 12:59:24
5.020 682.146 3491.220 12:59:25
5.068 553.244 2799.024 12:59:26
5.092 477.049 2432.195 12:59:27
5.096 468.659 2403.902 12:59:28
5.012 798.024 3573.171 12:59:29
5.068 552.854 2791.707 12:59:30
5.012 711.829 3572.683 12:59:31
5.068 553.049 2799.024 12:59:32
5.008 715.122 3599.024 12:59:33
5.064 554.146 2817.073 12:59:34
5.012 715.732 3572.683 12:59:35
5.052 656.634 2797.073 12:59:36
5.008 714.024 3585.366 12:59:37
5.064 554.951 2795.122 12:59:38
5.004 718.024 3571.707 12:59:39
5.056 514.341 2626.341 12:59:40
5.064 552.951 2825.366 12:59:41
5.060 556.439 3661.951 12:59:42
5.008 700.829 3546.829 12:59:43
5.068 562.951 2975.610 12:59:44
5.040 620.341 3200.000 12:59:45
5.096 471.463 2397.561 12:59:46
5.068 618.537 2868.293 12:59:47
5.068 555.146 2818.049 12:59:48
5.008 698.122 3599.512 12:59:49
5.068 552.659 3379.024 12:59:50
5.044 672.732 3014.634 12:59:51
5.068 575.341 2909.268 12:59:52
5.036 645.927 2970.732 12:59:53
5.064 556.244 2819.024 12:59:54
5.068 553.049 2802.927 12:59:56
5.052 591.951 2986.829 12:59:57
5.064 555.854 2811.707 12:59:58
5.068 554.659 2828.293 12:59:59
5.112 441.951 3551.707 13:00:00
5.076 527.146 2671.220 13:00:01
5.076 529.951 2676.585 13:00:02
5.068 553.659 2801.463 13:00:03
5.064 556.049 2810.244 13:00:04
5.068 554.537 2810.732 13:00:05
5.096 470.561 2395.122 13:00:06
5.096 467.659 2379.512 13:00:07
5.084 505.049 2563.902 13:00:08
5.096 474.659 2418.537 13:00:09
5.000 740.122 3698.049 13:00:10
5.068 556.341 2821.463 13:00:11
5.064 557.951 2820.488 13:00:12
