4.992 763.634 3809.268 13:16:41
5.016 690.244 3445.366 13:16:42
5.016 696.439 3480.488 13:16:43
5.068 555.659 2801.463 13:16:44
5.068 476.659 2427.317 13:16:45
5.096 467.146 2404.878 13:16:46
5.012 710.927 3561.951 13:16:47
5.068 553.341 2797.073 13:16:48
5.012 711.829 3593.171 13:16:49
5.060 554.537 2805.366 13:16:50
5.004 717.220 3569.268 13:16:51
5.068 549.537 2782.927 13:16:52
5.012 708.829 3586.341 13:16:53
5.068 553.537 2795.610 13:16:54
4.996 741.439 3755.610 13:16:55
5.064 552.756 2800.488 13:16:56
5.004 716.537 3558.049 13:16:58
5.084 516.659 2623.902 13:16:59
5.028 677.146 3394.146 13:17:00
5.072 527.854 2682.439 13:17:01
5.016 689.024 3441.463 13:17:02
5.064 555.439 2812.683 13:17:03
5.052 590.341 2981.951 13:17:04
5.088 495.244 2489.756 13:17:05
5.024 585.634 3251.220 13:17:06
5.004 752.317 3601.951 13:17:07
5.008 712.537 3555.610 13:17:08
5.068 553.439 2820.488 13:17:09
5.016 676.341 2874.146 13:17:10
5.056 785.122 3320.000 13:17:11
5.020 605.341 2925.854 13:17:12
5.068 552.659 2798.049 13:17:13
5.068 552.951 2795.610 13:17:14
5.064 552.244 2803.902 13:17:15
5.068 554.659 2809.268 13:17:16
5.064 555.537 2797.073 13:17:17
5.068 555.146 2818.049 13:17:18
5.068 555.146 2811.707 13:17:19
5.068 552.756 2809.268 13:17:20
5.064 552.439 2797.073 13:17:21
5.068 552.756 2795.122 13:17:22
5.064 554.659 2812.683 13:17:23
5.068 556.244 2816.585 13:17:24
5.064 556.049 2809.268 13:17:25
5.096 468.854 2397.561 13:17:26
5.096 469.854 2389.756 13:17:27
5.096 468.659 2383.902 13:17:28
5.096 471.244 2379.512 13:17:29
5.064 553.146 2800.488 13:17:30
5.068 552.244 2804.390 13:17:31
5.064 553.659 2797.073 13:17:32
