5.004 732.732 3649.268 13:28:06
5.020 686.732 3506.829 13:28:07
5.016 681.927 3454.146 13:28:08
5.068 553.341 2801.463 13:28:09
5.092 477.756 2452.195 13:28:10
5.096 471.854 2385.854 13:28:11
5.008 717.537 3561.463 13:28:12
5.056 591.854 2985.854 13:28:13
5.024 675.024 3373.659 13:28:14
5.068 552.854 3590.244 13:28:15
5.012 710.634 3586.829 13:28:16
5.100 467.951 2393.659 13:28:17
5.008 716.829 3579.024 13:28:18
5.060 555.854 2810.732 13:28:20
5.008 712.244 3610.244 13:28:21
5.064 557.537 2797.073 13:28:22
5.008 716.634 3569.268 13:28:23
5.080 514.244 2665.366 13:28:24
4.992 756.829 3756.585 13:28:25
5.064 558.244 2800.488 13:28:26
5.008 718.024 3585.366 13:28:27
5.064 556.244 2799.024 13:28:28
5.068 553.951 2803.902 13:28:29
5.064 691.634 2987.317 13:28:30
4.964 712.341 3120.000 13:28:31
4.964 795.512 2974.634 13:28:32
5.056 578.927 2848.780 13:28:33
5.004 717.512 3565.854 13:28:34
5.064 568.146 2862.439 13:28:35
5.040 577.366 2912.195 13:28:36
5.068 594.049 2804.878 13:28:37
5.056 596.732 2923.902 13:28:38
5.064 555.659 2811.707 13:28:39
5.068 553.268 2819.512 13:28:40
5.068 553.171 2799.024 13:28:41
5.004 799.805 3582.439 13:28:42
5.052 766.146 2921.951 13:28:43
5.064 556.049 2997.073 13:28:44
5.068 556.341 2811.707 13:28:45
5.068 553.951 3299.512 13:28:46
5.064 555.268 2801.951 13:28:47
5.064 556.927 2809.756 13:28:48
5.068 553.024 2801.951 13:28:49
5.068 555.659 2816.585 13:28:50
5.096 471.073 2393.171 13:28:51
5.068 554.146 2811.707 13:28:52
5.064 558.634 2814.634 13:28:53
5.064 553.561 2811.707 13:28:54
5.068 553.659 2804.878 13:28:55
5.064 555.024 2818.537 13:28:56
5.064 556.537 2816.585 13:28:57
5.064 553.024 2799.024 13:28:58
5.068 552.537 2797.073 13:28:59
