5.068 553.756 2804.390 12:24:39
5.020 692.829 3451.707 12:24:40
5.016 689.024 3469.268 12:24:41
5.072 552.341 2796.585 12:24:42
5.096 476.659 2420.976 12:24:43
5.084 512.951 2605.366 12:24:44
5.008 714.439 3568.780 12:24:45
5.064 555.341 2795.610 12:24:46
5.008 709.732 3559.024 12:24:47
5.068 551.341 2813.171 12:24:48
5.008 714.024 3577.561 12:24:49
5.096 470.049 2377.561 12:24:50
5.068 552.537 2798.049 12:24:51
5.064 563.951 2821.951 12:24:52
5.068 553.854 2810.244 12:24:53
5.068 556.049 3092.195 12:24:54
5.064 557.244 2812.683 12:24:55
5.080 515.049 2611.220 12:24:56
5.064 553.659 2819.024 12:24:57
5.056 578.049 2989.268 12:24:58
5.052 530.756 2623.902 12:24:59
5.076 529.756 2671.707 12:25:01
5.076 526.951 2675.610 12:25:02
5.064 552.854 2819.024 12:25:03
5.052 655.927 3038.537 12:25:04
5.016 713.341 3544.390 12:25:05
5.068 551.854 2789.268 12:25:06
5.064 555.049 2801.951 12:25:07
5.096 466.244 2382.439 12:25:08
5.064 555.854 2799.512 12:25:09
5.040 641.049 3502.439 12:25:10
5.012 709.634 3555.610 12:25:11
5.068 552.951 2792.683 12:25:12
5.064 559.146 2792.683 12:25:13
5.096 467.049 2388.293 12:25:14
5.096 469.366 2377.561 12:25:15
5.096 466.244 2388.780 12:25:16
5.096 468.244 2393.659 12:25:17
5.100 468.049 2386.341 12:25:18
5.100 465.244 2365.854 12:25:19
5.004 734.829 3667.805 12:25:20
5.068 553.854 2801.463 12:25:21
5.068 555.439 2808.293 12:25:22
