5.000 736.024 3679.512 13:35:54
5.012 704.537 3460.488 13:35:55
5.012 698.732 3477.561 13:35:56
5.064 557.854 2807.805 13:35:57
5.092 477.659 2428.780 13:35:58
5.076 520.146 2641.463 13:35:59
5.024 679.537 3397.561 13:36:00
5.076 528.146 2682.927 13:36:01
5.020 683.146 3465.366 13:36:02
5.068 553.244 2803.902 13:36:03
5.008 718.122 3567.805 13:36:04
5.096 468.463 2387.317 13:36:05
5.008 699.927 3560.000 13:36:06
5.068 664.732 3332.195 13:36:07
5.020 684.634 3435.122 13:36:08
5.068 554.146 2806.829 13:36:09
5.016 713.829 3568.780 13:36:10
5.080 515.146 2614.146 13:36:11
5.004 729.732 3570.244 13:36:12
5.052 581.146 2930.732 13:36:13
5.008 713.732 3721.951 13:36:14
5.072 554.049 2807.805 13:36:15
5.064 557.146 2800.488 13:36:16
5.064 554.341 2842.927 13:36:17
5.040 565.537 2854.634 13:36:18
5.060 720.829 3434.146 13:36:19
5.060 574.244 2951.707 13:36:20
5.056 590.634 2959.512 13:36:21
5.056 555.951 2803.902 13:36:22
5.056 584.854 3013.171 13:36:23
5.008 714.439 3603.902 13:36:24
5.008 722.927 3559.024 13:36:25
5.060 553.756 2801.463 13:36:26
5.008 708.634 3387.805 13:36:27
5.068 557.341 2844.390 13:36:28
5.052 594.537 3093.171 13:36:29
5.064 552.854 2800.488 13:36:30
5.072 555.146 2801.463 13:36:31
5.080 518.146 2843.902 13:36:32
5.056 684.024 3476.585 13:36:33
5.068 557.341 2795.610 13:36:34
5.064 553.659 2802.927 13:36:35
5.068 552.951 2798.049 13:36:36
5.064 555.951 2807.805 13:36:37
5.096 468.049 2383.902 13:36:38
5.096 468.854 2400.976 13:36:39
5.080 515.244 2607.805 13:36:40
5.096 470.756 2383.415 13:36:41
5.080 517.439 2618.049 13:36:42
5.096 468.146 2390.732 13:36:43
5.064 555.341 2809.268 13:36:44
5.064 555.244 2811.707 13:36:45
5.068 552.146 2799.024 13:36:46
