5.008 554.951 2787.805 12:29:09
5.016 692.341 3462.439 12:29:10
5.016 695.537 3466.829 12:29:11
5.068 553.951 2806.829 12:29:12
5.096 475.463 2435.122 12:29:13
5.124 439.146 2001.951 12:29:14
5.100 466.659 2378.537 12:29:15
5.016 714.244 3558.049 12:29:16
5.016 553.244 2791.707 12:29:17
5.012 710.927 3555.122 12:29:18
5.056 590.244 2980.488 12:29:19
5.064 557.341 2870.732 12:29:20
5.084 502.756 2561.463 12:29:21
5.068 557.341 2809.268 12:29:22
5.068 564.439 2795.122 12:29:23
5.064 554.951 2824.390 12:29:24
5.068 552.244 2795.610 12:29:25
5.064 554.439 2810.244 12:29:26
5.100 467.756 2376.098 12:29:27
5.068 554.659 2790.732 12:29:28
5.064 562.439 2790.244 12:29:29
5.068 551.854 2793.171 12:29:30
5.064 572.951 2801.951 12:29:31
5.064 554.341 2804.390 12:29:32
5.084 466.366 2410.244 12:29:33
5.068 550.244 2792.683 12:29:34
5.044 597.732 3113.659 12:29:35
5.068 551.756 2856.585 12:29:36
5.044 590.244 2982.927 12:29:37
5.040 579.951 2895.610 12:29:38
5.060 541.756 2773.171 12:29:39
5.020 777.829 3818.537 12:29:40
5.068 554.951 2806.829 12:29:41
5.068 553.049 2786.341 12:29:42
5.068 552.146 2798.049 12:29:43
5.072 551.146 2873.171 12:29:44
5.100 467.146 2379.512 12:29:45
5.096 466.244 2377.073 12:29:46
5.096 470.951 2392.683 12:29:47
5.096 466.463 2377.073 12:29:48
5.096 465.854 2377.073 12:29:49
4.968 735.951 3644.878 12:29:50
5.064 552.244 2803.902 12:29:51
