5.000 732.732 3665.366 14:02:34
5.020 701.732 3515.610 14:02:35
5.016 700.634 3522.927 14:02:36
5.064 555.244 2810.732 14:02:37
5.092 480.659 2441.463 14:02:38
5.096 473.463 2405.854 14:02:39
5.012 713.927 3574.146 14:02:40
5.064 554.951 2801.951 14:02:41
5.008 714.341 3586.341 14:02:42
5.064 553.049 2841.951 14:02:43
5.008 717.634 3590.244 14:02:44
5.080 530.439 2630.244 14:02:45
5.012 718.439 3586.829 14:02:46
5.068 555.049 2811.707 14:02:47
5.008 714.927 3589.268 14:02:48
5.064 552.951 2795.610 14:02:49
5.008 721.024 3606.829 14:02:50
5.080 515.244 2624.878 14:02:51
5.004 694.829 3471.707 14:02:52
5.064 553.756 2803.902 14:02:53
5.008 711.927 3856.098 14:02:54
5.064 558.244 2821.951 14:02:56
5.016 715.244 3581.951 14:02:57
5.068 558.439 3174.634 14:02:58
5.008 715.927 3546.829 14:02:59
5.064 559.854 2839.024 14:03:00
5.016 689.927 3443.902 14:03:01
5.076 528.561 2694.146 14:03:02
5.004 724.439 3550.244 14:03:03
5.064 566.634 2818.537 14:03:04
5.056 575.463 2952.195 14:03:05
5.064 554.634 2899.512 14:03:06
5.064 553.463 2804.878 14:03:07
5.080 514.829 2616.585 14:03:08
5.068 553.171 2806.829 14:03:09
5.064 553.951 2839.024 14:03:10
5.004 716.341 3630.244 14:03:11
5.068 626.439 2836.098 14:03:12
5.052 592.927 2924.878 14:03:13
5.064 552.927 2880.000 14:03:14
5.056 561.366 2853.659 14:03:15
5.004 715.415 3555.122 14:03:16
5.068 557.268 2819.512 14:03:17
5.020 708.049 3543.415 14:03:18
5.024 553.951 2809.756 14:03:19
5.064 556.244 2804.878 14:03:20
5.068 555.951 2816.585 14:03:21
5.064 555.024 2808.780 14:03:22
5.064 558.732 2813.659 14:03:23
5.068 559.366 2726.829 14:03:24
5.088 469.366 2388.293 14:03:25
5.100 468.341 2393.171 14:03:26
5.100 468.146 2391.220 14:03:27
5.096 468.439 2391.220 14:03:28
5.000 736.146 3690.732 14:03:29
5.068 552.732 2799.024 14:03:30
5.064 553.171 2800.976 14:03:31
