5.000 733.829 3660.488 13:43:47
5.020 703.122 3540.000 13:43:48
5.016 703.732 3476.098 13:43:49
5.060 555.756 2818.049 13:43:50
5.092 480.756 2425.854 13:43:51
5.076 523.854 2653.659 13:43:53
5.008 711.122 3561.463 13:43:54
5.064 553.244 2810.244 13:43:55
5.016 701.829 3553.171 13:43:56
5.068 554.146 2801.463 13:43:57
5.012 710.634 3562.927 13:43:58
5.060 518.244 2839.024 13:43:59
5.024 656.146 3296.098 13:44:00
5.076 533.146 3287.805 13:44:01
5.016 694.341 3466.341 13:44:02
5.064 553.341 2806.341 13:44:03
5.008 799.195 3566.341 13:44:04
5.064 556.244 2818.049 13:44:05
5.012 711.634 3580.000 13:44:06
5.004 717.537 3616.585 13:44:07
5.008 732.122 3601.951 13:44:08
5.064 554.049 2798.049 13:44:09
5.004 711.024 3566.341 13:44:10
5.052 590.439 2928.293 13:44:11
5.068 556.537 2802.927 13:44:12
5.064 556.244 2815.122 13:44:13
5.068 556.659 2801.951 13:44:14
5.068 541.439 2819.512 13:44:15
5.072 540.756 2731.707 13:44:16
5.068 553.146 3500.000 13:44:17
5.068 570.341 2808.293 13:44:18
5.064 553.439 2811.707 13:44:19
5.012 575.756 2903.415 13:44:20
5.008 716.024 3544.390 13:44:21
5.068 564.244 2821.463 13:44:22
5.004 764.439 3760.488 13:44:23
5.016 716.024 3569.268 13:44:24
5.064 559.049 2828.293 13:44:25
5.068 562.756 2818.049 13:44:26
5.076 530.951 2668.780 13:44:27
5.012 712.537 3561.951 13:44:28
5.052 589.951 3084.390 13:44:29
5.064 560.049 2956.585 13:44:30
5.064 556.049 2811.707 13:44:31
5.064 554.537 2810.244 13:44:32
5.068 554.049 2809.268 13:44:33
5.068 552.341 2808.293 13:44:34
5.068 556.146 2818.049 13:44:35
5.068 558.537 2816.585 13:44:36
5.068 553.854 2806.341 13:44:37
5.096 471.366 2409.756 13:44:38
5.096 468.146 2384.878 13:44:39
5.068 553.341 2802.927 13:44:40
5.068 555.049 2814.146 13:44:41
5.068 554.951 2814.146 13:44:42
