5.064 554.341 2819.512 12:37:04
5.012 696.341 3492.683 12:37:05
5.012 713.024 3566.829 12:37:06
5.096 468.854 2383.902 12:37:07
5.096 469.244 2392.683 12:37:08
5.080 514.244 2611.707 12:37:09
5.008 719.122 3561.463 12:37:10
5.068 552.244 2797.073 12:37:11
5.004 716.439 3540.000 12:37:12
5.064 554.659 2819.512 12:37:13
5.008 719.122 3578.049 12:37:14
5.080 514.341 2612.683 12:37:15
5.008 715.122 3579.024 12:37:16
5.064 554.537 2810.732 12:37:17
5.068 557.951 2818.049 12:37:18
5.068 552.146 2810.244 12:37:19
5.064 554.756 2813.171 12:37:20
5.080 515.854 2611.220 12:37:21
5.068 557.537 2811.707 12:37:22
5.004 610.951 3113.171 12:37:24
5.012 710.122 3635.610 12:37:25
5.068 553.854 2800.488 12:37:26
5.068 552.854 2801.951 12:37:27
5.080 514.439 2607.317 12:37:28
5.052 584.756 2940.488 12:37:29
5.052 578.854 2928.293 12:37:30
5.068 551.854 2859.024 12:37:31
5.064 555.341 2809.268 12:37:32
5.060 574.756 2912.195 12:37:33
5.064 552.049 2815.610 12:37:34
5.068 552.146 2859.024 12:37:35
5.068 552.439 2795.610 12:37:36
5.056 582.146 3084.390 12:37:37
5.004 684.439 3535.122 12:37:38
5.064 553.854 2814.146 12:37:39
5.096 467.146 2389.756 12:37:40
5.068 552.439 2807.805 12:37:41
5.064 554.244 2807.805 12:37:42
5.068 554.537 2806.829 12:37:43
5.064 554.439 2806.829 12:37:44
5.068 555.049 2810.244 12:37:45
5.100 467.659 2383.415 12:37:46
5.000 737.537 3739.512 12:37:47
5.068 553.659 2807.805 12:37:48
5.068 551.951 2793.171 12:37:49
