4.996 735.829 3684.390 13:15:26
5.016 695.439 3504.878 13:15:27
5.008 695.537 3421.463 13:15:28
5.064 553.146 2801.463 13:15:29
5.092 476.854 2440.976 13:15:30
5.064 552.659 2802.927 13:15:31
5.008 714.927 3587.805 13:15:32
5.068 553.244 2800.488 13:15:33
5.008 715.341 3603.902 13:15:34
5.068 553.049 2807.805 13:15:36
5.008 728.537 3572.683 13:15:37
5.100 472.244 2391.220 13:15:38
5.008 715.829 3592.683 13:15:39
5.068 555.146 2800.488 13:15:40
5.008 712.537 3565.366 13:15:41
5.068 555.659 2811.707 13:15:42
5.012 713.732 3562.927 13:15:43
5.004 714.537 3607.805 13:15:44
5.012 713.024 3590.244 13:15:45
5.008 694.537 3566.341 13:15:46
5.068 552.439 2802.927 13:15:47
5.064 555.659 2847.805 13:15:48
5.064 553.439 2797.073 13:15:49
5.060 591.146 3422.439 13:15:50
5.008 726.634 3559.024 13:15:51
5.052 734.634 3127.805 13:15:52
5.008 712.537 3612.683 13:15:53
5.056 552.927 2799.024 13:15:54
5.012 712.537 3578.537 13:15:55
5.064 556.244 2814.634 13:15:56
5.064 556.732 2800.976 13:15:57
5.060 630.146 2811.707 13:15:58
5.060 580.146 2789.268 13:15:59
5.080 517.073 2619.512 13:16:00
5.076 527.659 2672.195 13:16:01
5.016 741.707 3437.073 13:16:02
5.064 554.927 2821.463 13:16:03
5.064 552.829 2799.024 13:16:04
5.064 554.634 2821.463 13:16:05
5.068 555.171 2801.951 13:16:06
5.068 555.366 2811.707 13:16:07
5.064 555.171 2816.585 13:16:08
5.064 553.366 2801.951 13:16:09
5.096 467.951 2389.268 13:16:10
5.100 468.341 2389.268 13:16:11
5.096 468.244 2394.146 13:16:12
5.096 467.951 2385.366 13:16:13
5.096 467.659 2380.488 13:16:14
5.064 552.829 2804.878 13:16:15
5.068 557.659 2806.829 13:16:16
5.068 551.854 2794.146 13:16:17
