5.040 557.756 2830.244 14:01:13
5.012 685.341 3491.707 14:01:14
5.016 710.341 3546.341 14:01:15
5.064 557.756 2811.707 14:01:16
5.096 477.951 2430.244 14:01:17
5.080 519.146 2642.439 14:01:18
5.096 473.854 2394.634 14:01:19
5.064 552.756 2854.146 14:01:20
5.072 554.439 2805.366 14:01:21
5.052 581.756 2980.976 14:01:22
5.052 556.756 2825.366 14:01:23
5.020 586.756 3277.561 14:01:24
5.068 557.951 2811.707 14:01:25
5.068 565.146 2799.512 14:01:26
5.008 712.537 3580.000 14:01:27
5.064 563.146 2842.927 14:01:28
5.004 715.122 3687.805 14:01:29
5.080 517.463 2506.341 14:01:30
5.048 624.049 3070.244 14:01:31
5.052 614.927 3144.390 14:01:32
5.012 714.439 3567.805 14:01:33
5.008 724.439 3612.683 14:01:34
5.064 553.951 2804.878 14:01:35
5.052 587.024 2961.951 14:01:36
5.068 554.146 2803.902 14:01:37
5.004 717.854 3553.171 14:01:38
5.040 597.659 2936.585 14:01:39
5.068 554.146 2808.780 14:01:40
5.048 564.829 2841.951 14:01:41
5.004 727.317 3575.610 14:01:42
5.008 713.415 3560.000 14:01:43
5.064 554.537 2818.537 14:01:44
5.016 715.415 3562.927 14:01:45
5.068 554.439 2808.780 14:01:46
5.068 545.268 2746.341 14:01:47
5.012 711.317 3553.171 14:01:48
5.068 555.854 2824.390 14:01:49
5.064 553.366 2799.024 14:01:50
5.068 553.854 2801.951 14:01:51
5.008 717.317 3577.561 14:01:52
5.060 556.634 2811.707 14:01:53
5.044 681.854 2803.902 14:01:54
5.068 555.854 2806.829 14:01:55
5.068 556.049 2814.634 14:01:56
5.064 554.927 2826.341 14:01:57
5.100 468.878 2389.268 14:01:58
5.080 528.732 2679.024 14:01:59
5.068 555.024 2806.829 14:02:00
5.076 527.659 2681.951 14:02:01
5.064 553.171 2814.634 14:02:02
5.064 554.244 2800.976 14:02:03
5.100 468.146 2385.366 14:02:04
5.096 471.756 2394.146 14:02:05
5.100 469.951 2383.415 14:02:06
5.096 470.537 2396.098 14:02:07
5.004 736.927 3649.756 14:02:08
5.068 552.244 2800.976 14:02:09
5.068 555.561 2809.756 14:02:10
