5.064 553.049 2803.902 13:22:58
4.968 874.537 4266.341 13:22:59
5.008 715.220 3582.439 13:23:00
5.076 549.366 2683.902 13:23:01
5.064 555.659 2821.463 13:23:02
5.096 471.756 2394.146 13:23:04
5.076 517.659 2629.268 13:23:05
5.004 716.146 3598.049 13:23:06
5.068 552.634 2809.756 13:23:07
5.008 713.756 3562.927 13:23:08
5.068 555.561 2792.195 13:23:09
5.008 713.610 3575.610 13:23:10
5.080 540.732 3024.390 13:23:11
5.012 705.756 3588.293 13:23:12
5.064 554.049 2803.902 13:23:13
5.008 712.537 3587.317 13:23:14
5.068 558.927 2799.024 13:23:15
5.004 718.146 3575.610 13:23:16
5.100 478.439 2650.732 13:23:17
5.008 714.829 3499.512 13:23:18
5.068 552.927 2797.073 13:23:19
5.068 554.049 2779.512 13:23:20
5.064 552.927 2799.024 13:23:21
5.064 555.854 2814.634 13:23:22
5.076 518.634 2631.220 13:23:23
5.004 716.439 3578.537 13:23:24
5.056 772.537 3014.634 13:23:25
4.992 585.268 3412.683 13:23:26
5.064 566.927 2801.951 13:23:27
5.008 693.610 3450.732 13:23:28
5.056 523.463 2680.976 13:23:29
5.008 670.634 3364.878 13:23:30
5.036 651.024 3350.244 13:23:31
5.052 705.951 3056.585 13:23:32
5.044 574.634 2994.146 13:23:33
5.056 698.341 3552.195 13:23:34
5.080 512.341 2584.390 13:23:35
5.064 569.756 2884.878 13:23:36
5.068 553.561 2803.902 13:23:37
5.068 553.463 2803.902 13:23:38
5.068 553.561 2804.878 13:23:39
5.064 603.122 3395.122 13:23:40
5.068 556.537 2819.512 13:23:41
5.096 470.976 2389.268 13:23:42
5.096 472.049 2398.049 13:23:43
5.092 466.732 2391.220 13:23:44
5.100 466.878 2375.610 13:23:45
5.096 467.561 2380.488 13:23:46
5.096 472.341 2396.098 13:23:47
5.064 555.463 2813.659 13:23:48
5.068 555.024 2804.878 13:23:49
5.064 551.756 2792.195 13:23:50
