5.008 726.537 3632.683 12:06:18
5.016 698.927 3474.146 12:06:19
5.000 743.927 3701.951 12:06:20
5.068 551.537 2784.390 12:06:21
5.068 551.659 2790.732 12:06:22
5.080 517.854 2634.146 12:06:23
5.096 464.049 2367.317 12:06:24
5.068 551.659 2804.390 12:06:25
5.068 552.146 2797.073 12:06:26
5.064 551.756 2792.683 12:06:27
5.068 558.537 2787.805 12:06:28
5.056 617.244 2956.585 12:06:29
5.080 518.561 2609.268 12:06:30
5.056 550.659 2791.707 12:06:31
5.068 548.854 2782.927 12:06:32
5.064 548.854 2780.488 12:06:33
5.068 548.146 2776.585 12:06:34
5.068 552.854 2794.146 12:06:35
5.096 465.561 2375.122 12:06:36
5.068 548.659 2779.024 12:06:37
5.068 548.439 2779.512 12:06:38
5.064 552.049 2783.902 12:06:39
5.068 551.951 2786.341 12:06:40
5.068 548.244 2775.122 12:06:41
5.096 467.756 2385.854 12:06:42
5.068 553.049 2789.268 12:06:43
5.072 548.756 2775.122 12:06:44
5.068 549.756 2781.463 12:06:45
5.068 549.341 2794.146 12:06:46
5.068 551.049 2780.488 12:06:47
5.096 464.463 2361.951 12:06:48
5.128 389.463 1990.244 12:06:49
5.096 464.244 2365.854 12:06:50
5.100 463.756 2361.951 12:06:51
5.128 388.171 1987.805 12:06:52
5.084 511.341 2588.780 12:06:53
5.100 463.561 2363.415 12:06:54
5.068 549.854 2795.610 12:06:55
5.068 548.049 2778.049 12:06:56
5.072 549.439 2784.390 12:06:57
