5.004 729.927 3649.268 12:35:55
4.964 852.537 4317.073 12:35:56
5.008 704.537 3490.732 12:35:57
5.068 555.463 2813.659 12:35:58
5.092 479.659 2443.902 12:35:59
5.096 475.951 2399.024 12:36:00
5.104 451.171 2288.780 12:36:01
5.016 689.756 3440.000 12:36:02
5.064 554.049 2806.829 12:36:03
5.004 719.610 3540.488 12:36:04
5.068 576.341 2797.073 12:36:05
5.008 720.049 3570.732 12:36:06
5.080 515.463 2891.707 12:36:07
5.004 716.439 3570.732 12:36:08
5.068 555.171 2816.585 12:36:09
5.064 553.268 2799.024 12:36:10
5.068 554.049 2803.902 12:36:11
5.068 555.659 2800.976 12:36:12
5.080 515.561 2611.707 12:36:13
5.068 553.268 2809.756 12:36:14
5.056 562.634 2796.098 12:36:15
5.064 554.146 2808.780 12:36:16
5.064 558.732 2836.098 12:36:17
5.068 552.537 2799.024 12:36:18
5.080 513.073 2614.634 12:36:19
5.068 554.634 2814.634 12:36:20
5.064 552.634 2811.707 12:36:21
5.064 555.171 2791.220 12:36:22
5.056 580.634 2929.756 12:36:23
5.012 713.756 3598.049 12:36:24
5.096 467.463 2394.146 12:36:25
5.064 608.244 3008.780 12:36:26
5.064 553.171 2801.951 12:36:27
5.068 556.439 2804.878 12:36:28
5.068 554.244 2803.902 12:36:29
5.008 712.146 3590.244 12:36:30
5.096 467.854 2380.488 12:36:31
5.096 467.561 2380.488 12:36:32
5.076 513.561 2610.732 12:36:33
5.096 468.732 2391.220 12:36:34
5.092 471.268 2385.366 12:36:35
5.100 471.756 2381.463 12:36:36
5.096 469.268 2386.341 12:36:37
5.068 554.146 2814.634 12:36:38
5.072 551.756 2792.195 12:36:39
5.068 551.463 2794.146 12:36:40
