5.068 553.244 2802.927 13:09:09
5.016 708.439 3489.268 13:09:10
5.008 715.634 3578.049 13:09:11
5.064 553.659 2803.902 13:09:12
5.096 478.146 2430.244 13:09:13
5.124 393.366 2007.805 13:09:14
5.096 467.854 2382.439 13:09:15
5.064 555.439 2807.805 13:09:16
5.064 554.756 2817.073 13:09:17
5.068 602.854 2855.610 13:09:18
5.064 553.756 2800.488 13:09:19
5.060 581.756 3032.195 13:09:20
5.004 718.732 3570.244 13:09:21
5.068 553.439 2801.463 13:09:22
5.068 555.439 2818.049 13:09:23
5.064 553.146 2806.829 13:09:24
5.024 690.537 2801.463 13:09:25
5.032 592.146 2960.488 13:09:26
5.000 710.244 3589.268 13:09:27
5.060 552.537 3167.317 13:09:28
5.012 711.732 3663.902 13:09:29
5.020 674.146 2833.171 13:09:30
5.004 713.122 3525.366 13:09:31
5.076 520.561 2648.780 13:09:32
5.064 558.341 2799.024 13:09:33
5.064 553.049 2799.024 13:09:34
5.008 711.439 3577.561 13:09:35
5.060 553.537 2802.927 13:09:36
5.068 553.146 3650.244 13:09:37
5.064 553.537 2800.488 13:09:38
5.008 553.439 2855.610 13:09:39
5.068 556.951 2797.073 13:09:40
5.068 721.732 2820.488 13:09:41
5.068 554.854 2809.268 13:09:42
5.096 468.049 2386.341 13:09:43
5.064 553.146 2798.049 13:09:44
5.064 555.537 2799.512 13:09:45
5.068 552.756 2798.049 13:09:46
5.064 555.439 2813.171 13:09:47
5.068 553.146 2801.463 13:09:48
5.096 468.756 2392.683 13:09:49
5.096 472.146 2391.220 13:09:50
5.100 466.854 2382.439 13:09:51
5.096 467.463 2383.902 13:09:52
5.096 466.951 2379.512 13:09:53
5.096 469.659 2385.854 13:09:54
5.096 470.561 2384.878 13:09:55
5.064 553.049 2800.488 13:09:56
5.064 553.756 2801.951 13:09:57
