5.000 753.024 3727.805 12:16:58
4.972 863.024 5235.122 12:16:59
5.092 492.439 2536.585 12:17:00
5.088 492.537 2511.220 12:17:01
5.092 471.268 2399.024 12:17:02
5.064 552.634 2797.073 12:17:04
5.072 551.268 2796.098 12:17:05
5.008 712.634 3560.976 12:17:06
5.068 551.171 2794.146 12:17:07
4.996 748.634 3733.659 12:17:08
5.084 516.341 2614.634 12:17:09
5.068 551.659 2804.878 12:17:10
5.064 553.024 2804.878 12:17:11
5.068 556.439 2792.195 12:17:12
5.064 553.659 2808.780 12:17:13
5.064 551.024 2791.220 12:17:14
5.096 466.049 2581.463 12:17:15
5.068 556.732 2826.341 12:17:16
5.068 550.537 2789.268 12:17:17
5.064 553.171 2800.976 12:17:18
5.052 599.561 2974.634 12:17:19
5.068 552.829 2801.951 12:17:20
5.084 514.146 2610.732 12:17:21
5.068 553.268 2787.317 12:17:22
5.064 553.171 2801.951 12:17:23
5.072 550.829 2800.976 12:17:24
5.064 550.829 2806.829 12:17:25
5.068 554.244 2808.780 12:17:26
5.072 584.927 3066.341 12:17:27
5.012 711.122 3548.293 12:17:28
5.068 550.439 2786.341 12:17:29
5.056 586.537 2961.951 12:17:30
5.068 551.268 2786.341 12:17:31
5.064 551.268 2797.073 12:17:32
5.100 468.732 2386.341 12:17:33
5.100 468.341 2386.341 12:17:34
5.100 464.878 2373.659 12:17:35
5.096 465.659 2371.707 12:17:36
5.096 467.171 2365.854 12:17:37
5.072 551.171 2796.098 12:17:38
5.068 552.146 2787.317 12:17:39
5.068 549.951 2784.390 12:17:40
