5.008 727.122 3642.927 12:09:30
5.012 691.537 3493.659 12:09:31
5.016 688.244 3528.780 12:09:32
5.068 550.341 2790.732 12:09:33
5.092 476.561 2417.073 12:09:34
5.080 516.756 2619.024 12:09:35
5.000 745.927 3750.244 12:09:36
5.068 551.439 2788.293 12:09:37
5.068 564.341 2795.610 12:09:38
5.068 550.756 2815.610 12:09:39
5.068 550.341 2786.341 12:09:40
5.080 511.561 2601.463 12:09:41
5.068 549.854 2787.805 12:09:42
5.064 554.244 2789.268 12:09:43
5.064 552.146 2801.463 12:09:44
5.068 551.756 2794.146 12:09:45
5.068 550.659 2815.122 12:09:46
5.080 499.341 2546.341 12:09:47
5.068 557.659 2792.683 12:09:48
5.068 549.854 2781.463 12:09:49
5.068 551.951 2810.244 12:09:50
5.064 551.951 2795.610 12:09:51
5.072 549.659 2783.902 12:09:52
5.084 518.951 2423.902 12:09:53
5.080 516.244 2617.561 12:09:54
5.068 553.659 2794.146 12:09:55
5.064 552.244 2783.902 12:09:56
5.068 551.951 2797.073 12:09:57
5.056 586.049 3003.415 12:09:58
5.080 516.341 2610.244 12:10:00
5.092 479.951 2447.317 12:10:01
5.108 440.049 2240.976 12:10:02
5.068 553.659 2794.146 12:10:03
5.068 553.244 2787.805 12:10:04
5.068 550.049 2796.585 12:10:05
5.068 549.756 2783.902 12:10:06
5.004 732.927 3671.707 12:10:07
5.100 465.463 2372.195 12:10:08
5.096 464.659 2365.854 12:10:09
