5.000 734.634 3659.024 13:07:55
5.020 684.537 3494.146 13:07:56
5.016 702.537 3508.780 13:07:57
5.068 558.146 2809.268 13:07:58
5.052 594.439 2949.268 13:07:59
5.080 520.951 2618.049 13:08:00
5.020 686.341 3491.707 13:08:01
5.064 553.537 2798.049 13:08:02
5.008 719.220 3572.683 13:08:03
5.064 555.341 2810.732 13:08:04
5.008 714.122 3567.805 13:08:05
5.084 518.439 2711.220 13:08:06
5.008 717.634 3590.244 13:08:07
5.068 554.341 2804.390 13:08:08
5.008 718.024 3566.341 13:08:09
5.064 553.244 2858.049 13:08:10
5.004 740.927 3690.732 13:08:11
5.056 574.537 2807.805 13:08:12
5.068 552.659 2810.732 13:08:13
5.072 552.659 2807.805 13:08:14
5.068 553.659 2802.927 13:08:15
5.064 575.439 2839.024 13:08:16
5.068 554.049 2799.512 13:08:17
5.060 548.659 2909.268 13:08:18
5.008 622.732 3362.439 13:08:19
5.020 592.146 3089.268 13:08:20
4.996 749.220 3774.634 13:08:21
5.068 555.439 2811.707 13:08:22
5.052 580.634 3018.537 13:08:23
5.068 554.244 2808.293 13:08:24
5.064 552.244 2803.902 13:08:25
5.068 553.537 2806.829 13:08:26
5.068 552.439 2802.927 13:08:27
5.068 555.756 2816.585 13:08:28
5.080 560.951 2854.146 13:08:29
5.064 552.951 2801.463 13:08:30
5.068 554.049 2795.122 13:08:32
5.068 556.049 2816.585 13:08:33
5.068 557.146 2825.366 13:08:34
5.068 555.756 2810.732 13:08:35
5.096 467.659 2427.317 13:08:36
5.096 471.049 2381.951 13:08:37
5.100 468.049 2382.439 13:08:38
5.096 467.244 2383.902 13:08:39
5.096 468.659 2382.439 13:08:40
5.096 467.756 2380.976 13:08:41
5.004 736.341 3684.390 13:08:42
5.064 552.439 2796.585 13:08:43
5.068 554.951 2810.244 13:08:44
