5.004 728.537 3644.390 12:40:33
5.020 701.341 3512.683 12:40:34
5.020 690.732 3378.537 12:40:35
5.068 554.756 2828.293 12:40:36
5.092 475.951 2420.976 12:40:37
5.096 469.463 2391.220 12:40:38
5.008 715.122 3561.951 12:40:39
5.056 575.244 2890.244 12:40:40
5.008 712.537 3569.268 12:40:41
5.068 551.756 2799.024 12:40:42
5.008 718.024 3579.024 12:40:43
5.080 515.146 2611.220 12:40:44
5.008 718.024 3587.805 12:40:45
5.068 552.244 2790.244 12:40:46
5.064 555.049 2824.390 12:40:47
5.016 553.146 2799.512 12:40:48
5.068 553.049 2800.488 12:40:49
5.080 512.951 2603.902 12:40:50
5.068 562.951 2795.610 12:40:51
5.068 551.244 2779.024 12:40:52
5.064 554.659 2808.293 12:40:53
5.068 555.341 2795.122 12:40:54
4.996 744.439 3665.366 12:40:55
5.060 521.854 2654.146 12:40:56
5.000 711.244 3540.000 12:40:57
5.068 554.756 2808.293 12:40:58
5.076 515.146 2616.585 12:40:59
5.068 554.341 2795.122 12:41:00
5.076 527.049 2675.122 12:41:01
5.060 565.756 2887.805 12:41:02
5.068 552.439 2795.122 12:41:03
5.068 555.756 2810.244 12:41:04
5.068 554.854 2801.463 12:41:05
5.064 552.049 2799.512 12:41:06
5.068 556.049 2819.512 12:41:07
5.064 552.244 2795.122 12:41:08
5.064 551.854 2799.512 12:41:09
5.064 554.341 2810.732 12:41:11
5.064 554.439 2825.854 12:41:12
5.068 552.439 2801.951 12:41:13
5.096 470.146 2444.878 12:41:14
5.100 466.561 2376.098 12:41:15
5.000 731.732 3661.951 12:41:16
5.068 552.341 2792.683 12:41:17
5.068 554.439 2809.268 12:41:18
