5.000 729.927 3629.268 12:58:12
5.016 718.220 3400.976 12:58:13
5.012 707.439 3521.463 12:58:14
5.064 553.537 2799.024 12:58:15
5.092 477.049 2435.122 12:58:16
5.124 391.854 2007.805 12:58:17
5.100 468.366 2388.780 12:58:18
5.068 552.049 2800.488 12:58:19
5.064 555.756 2825.366 12:58:20
5.064 557.049 2809.268 12:58:21
5.056 556.146 2830.244 12:58:22
5.064 555.244 2813.171 12:58:23
5.068 555.049 2810.732 12:58:24
5.064 552.659 2795.610 12:58:25
5.008 713.122 3599.512 12:58:26
5.068 553.146 2802.927 12:58:27
5.012 724.024 3619.024 12:58:28
5.084 519.244 2635.122 12:58:29
5.044 626.341 3158.537 12:58:30
5.100 471.463 2403.902 12:58:31
5.080 514.439 2670.244 12:58:32
5.068 683.341 3514.146 12:58:33
5.064 552.951 2800.488 12:58:34
5.068 552.756 2800.488 12:58:35
5.064 570.244 2827.805 12:58:36
5.064 553.756 2800.488 12:58:37
5.096 467.049 2380.976 12:58:38
5.068 553.537 2861.463 12:58:39
5.064 568.244 2936.585 12:58:40
5.016 719.537 3689.268 12:58:41
5.016 553.854 2810.732 12:58:42
5.012 722.220 3567.805 12:58:43
5.092 467.756 2388.780 12:58:44
5.064 554.854 2815.610 12:58:45
5.068 555.049 2795.122 12:58:46
5.068 588.341 2988.293 12:58:47
5.056 594.146 3338.537 12:58:48
5.060 551.951 2799.512 12:58:49
5.096 468.561 2382.439 12:58:50
5.080 513.049 2607.317 12:58:51
5.096 469.854 2392.683 12:58:52
5.096 467.951 2382.439 12:58:53
5.100 470.463 2380.976 12:58:54
5.092 468.049 2386.341 12:58:55
5.080 516.244 2617.561 12:58:56
5.064 551.854 2797.073 12:58:57
5.052 591.341 2969.268 12:58:58
