5.064 556.659 2812.683 12:38:14
5.012 690.829 3476.098 12:38:15
5.016 693.537 3528.780 12:38:16
5.068 552.439 2804.390 12:38:17
5.096 475.756 2421.463 12:38:18
5.108 443.268 2273.659 12:38:19
5.096 467.756 2380.000 12:38:20
5.064 708.732 3065.854 12:38:21
5.064 668.732 3004.878 12:38:22
5.068 554.756 2799.024 12:38:23
5.068 552.146 2798.049 12:38:24
5.056 585.049 3023.415 12:38:25
5.044 593.341 2947.805 12:38:26
5.068 553.537 2796.585 12:38:27
5.064 551.951 2843.902 12:38:28
5.056 552.244 2797.073 12:38:29
5.064 551.659 2837.073 12:38:30
5.084 515.951 2611.220 12:38:31
5.060 564.244 2903.415 12:38:32
5.068 551.537 2795.610 12:38:33
5.056 551.659 2802.927 12:38:34
5.072 551.146 2799.024 12:38:35
5.068 554.756 2812.683 12:38:36
5.068 552.951 2794.146 12:38:37
5.080 513.049 2608.780 12:38:38
5.068 554.341 2795.122 12:38:39
5.024 551.439 2797.073 12:38:40
5.068 553.146 2808.293 12:38:41
5.064 554.439 2806.829 12:38:42
5.068 551.439 2788.293 12:38:43
5.096 466.951 2380.976 12:38:44
5.068 553.756 2793.171 12:38:45
5.064 554.854 2809.268 12:38:46
5.068 552.146 2795.610 12:38:47
5.068 552.244 2792.683 12:38:48
5.068 553.756 2795.610 12:38:49
5.100 469.463 2380.000 12:38:50
5.096 469.756 2378.537 12:38:51
5.096 469.366 2392.195 12:38:52
5.096 468.854 2386.341 12:38:53
5.100 469.146 2402.439 12:38:54
5.096 483.244 2393.659 12:38:55
5.100 466.463 2374.634 12:38:56
5.060 558.439 2947.805 12:38:57
5.068 551.659 2790.732 12:38:58
