5.068 552.244 2796.585 12:14:48
5.016 688.439 3452.683 12:14:49
5.020 690.439 3443.902 12:14:50
5.068 553.439 2800.488 12:14:51
5.096 477.659 2414.634 12:14:52
5.100 468.366 2383.902 12:14:53
5.012 705.122 3574.146 12:14:55
5.068 550.756 2789.268 12:14:56
5.008 710.732 3566.341 12:14:57
5.064 555.854 2791.707 12:14:58
5.068 551.146 2792.683 12:14:59
5.096 467.146 2386.341 12:15:00
5.068 553.951 2799.512 12:15:01
5.068 751.732 2804.390 12:15:02
5.064 550.439 2793.171 12:15:03
5.052 583.049 2896.585 12:15:04
5.060 572.049 2895.610 12:15:05
5.052 519.049 2852.683 12:15:06
5.068 550.756 2800.488 12:15:07
5.020 575.049 2815.610 12:15:08
5.068 550.341 2790.244 12:15:09
5.072 551.341 2786.341 12:15:10
5.024 714.634 2788.293 12:15:11
5.068 537.659 2707.805 12:15:12
5.048 603.951 3212.683 12:15:13
5.068 554.854 2800.488 12:15:14
5.068 552.439 2796.585 12:15:15
5.068 550.951 2792.683 12:15:16
5.064 552.756 2801.463 12:15:17
5.068 552.659 2799.512 12:15:18
5.100 466.366 2371.220 12:15:19
5.068 550.146 2793.171 12:15:20
5.068 550.951 2787.805 12:15:21
5.068 555.439 2804.390 12:15:22
5.068 550.951 2790.732 12:15:23
5.064 553.244 2802.927 12:15:24
5.096 466.756 2376.098 12:15:25
5.100 468.244 2391.220 12:15:26
5.000 731.341 3679.024 12:15:27
5.068 551.049 2787.805 12:15:28
5.064 550.341 2786.829 12:15:29
