5.004 731.220 3646.341 13:12:51
5.020 686.732 3444.878 13:12:52
5.016 691.341 3449.268 13:12:53
5.056 591.439 2988.293 13:12:54
5.092 477.854 2428.293 13:12:55
5.080 518.146 2634.146 13:12:56
5.012 713.927 3570.244 13:12:57
5.064 552.756 2799.024 13:12:58
5.016 690.244 3448.780 13:12:59
5.072 528.341 2675.610 13:13:00
5.024 685.732 3435.122 13:13:01
5.096 473.244 2405.854 13:13:02
5.004 714.829 3539.024 13:13:03
5.012 558.146 2810.732 13:13:04
4.996 738.122 3955.610 13:13:05
5.068 555.341 2809.268 13:13:06
5.012 712.537 3703.415 13:13:07
5.080 514.439 2615.122 13:13:08
5.004 739.927 3678.049 13:13:09
5.064 553.951 2825.854 13:13:10
5.064 554.854 2876.585 13:13:11
5.068 552.854 2796.585 13:13:12
5.068 565.341 2800.488 13:13:13
5.036 563.244 2836.585 13:13:14
5.000 716.732 3164.390 13:13:16
5.056 652.927 2974.634 13:13:17
5.068 575.537 2799.512 13:13:18
5.052 593.146 2998.537 13:13:19
5.068 553.439 2800.488 13:13:20
5.060 583.244 3166.341 13:13:21
5.008 717.024 3580.000 13:13:22
5.052 609.951 3631.707 13:13:23
4.988 604.537 3157.073 13:13:24
5.052 695.610 2801.951 13:13:25
5.064 555.854 2803.902 13:13:26
5.064 553.024 2800.976 13:13:27
5.052 589.561 2982.439 13:13:28
5.068 553.561 2839.024 13:13:29
5.096 468.537 2500.488 13:13:30
5.068 553.366 2800.976 13:13:31
5.064 556.341 2800.976 13:13:32
5.068 553.951 2803.902 13:13:33
5.064 552.634 2803.902 13:13:34
5.064 556.049 2806.829 13:13:35
5.096 468.976 2376.585 13:13:36
5.100 467.854 2381.463 13:13:37
5.100 467.561 2389.268 13:13:38
5.080 515.171 2563.902 13:13:39
5.000 738.439 3687.805 13:13:40
5.068 556.634 2836.098 13:13:41
5.064 555.561 2813.659 13:13:42
