5.068 555.659 2814.146 13:37:11
5.016 686.439 3431.220 13:37:12
5.016 687.439 3504.878 13:37:13
5.064 557.659 2813.171 13:37:14
5.068 555.854 2810.244 13:37:15
5.104 435.951 2019.024 13:37:16
5.096 468.561 2384.878 13:37:17
5.048 599.146 2966.829 13:37:18
5.068 553.537 2797.073 13:37:19
5.016 561.537 2935.610 13:37:20
5.064 556.537 2817.073 13:37:21
5.060 563.756 2851.707 13:37:22
5.008 712.024 3579.024 13:37:23
5.056 601.951 2960.488 13:37:24
5.012 710.829 3573.171 13:37:25
5.068 565.537 2812.683 13:37:26
5.060 587.439 2963.415 13:37:27
5.068 555.854 2825.366 13:37:28
5.064 678.634 3341.463 13:37:29
5.004 720.341 3577.561 13:37:30
5.056 584.049 2934.146 13:37:31
5.012 747.732 3610.244 13:37:32
5.096 472.366 2386.341 13:37:33
5.000 725.220 3563.902 13:37:34
5.064 570.634 2804.390 13:37:35
5.028 590.732 2963.415 13:37:36
5.060 561.756 2836.585 13:37:37
5.032 582.634 2988.293 13:37:38
5.036 553.854 2801.463 13:37:39
5.064 554.854 2806.341 13:37:40
5.020 749.829 3427.805 13:37:41
5.064 673.341 3118.537 13:37:42
5.056 561.439 2853.171 13:37:43
5.008 718.927 3447.317 13:37:44
5.068 553.341 2807.805 13:37:45
5.068 558.756 2811.707 13:37:46
5.044 589.732 3241.463 13:37:47
5.008 711.537 3554.146 13:37:48
5.076 522.659 2654.146 13:37:49
5.080 527.341 2385.854 13:37:50
5.068 553.439 2801.463 13:37:51
5.068 553.756 2821.951 13:37:52
5.068 553.659 2800.488 13:37:53
5.068 689.537 2795.610 13:37:54
5.064 553.244 2799.024 13:37:55
5.100 467.756 2387.317 13:37:56
5.068 553.537 2799.024 13:37:57
5.068 553.854 2819.024 13:37:58
5.076 528.244 2680.488 13:37:59
5.080 516.951 2664.878 13:38:00
5.072 527.756 2682.439 13:38:01
5.064 557.854 2810.732 13:38:02
5.064 555.537 2811.707 13:38:03
5.068 556.244 2810.244 13:38:04
5.068 556.049 2814.146 13:38:05
