5.000 725.439 3657.073 13:39:49
5.012 706.122 3501.463 13:39:50
5.012 711.829 3542.439 13:39:51
5.072 553.537 2803.902 13:39:52
5.068 478.244 2428.293 13:39:53
5.096 468.854 2397.561 13:39:54
5.008 713.927 3583.902 13:39:55
5.064 552.854 2803.902 13:39:56
5.008 716.634 3572.683 13:39:57
5.064 556.146 2819.024 13:39:58
5.020 673.024 3434.146 13:39:59
5.104 445.561 2280.000 13:40:00
5.008 712.122 3566.341 13:40:01
5.068 554.439 2803.902 13:40:02
5.004 715.122 3575.610 13:40:03
5.056 676.024 3485.366 13:40:04
5.008 737.829 3574.146 13:40:05
5.096 468.756 2386.341 13:40:06
5.008 715.927 3569.268 13:40:07
5.068 555.537 2805.366 13:40:08
5.004 712.927 3579.024 13:40:09
5.068 606.049 2905.854 13:40:10
4.976 752.024 3790.244 13:40:11
5.064 554.341 2804.878 13:40:13
5.056 605.561 2952.195 13:40:14
5.004 742.537 3560.976 13:40:15
5.028 710.439 3407.805 13:40:16
5.064 554.146 2818.537 13:40:17
5.004 708.829 3602.927 13:40:18
5.064 556.146 2824.390 13:40:19
5.064 559.268 2800.976 13:40:20
5.008 711.512 3590.244 13:40:21
5.068 556.732 2814.634 13:40:22
5.076 515.756 2640.976 13:40:23
5.064 553.659 2803.902 13:40:24
5.064 553.561 2911.220 13:40:25
5.068 555.951 2914.146 13:40:26
5.048 630.049 2960.000 13:40:27
5.016 705.854 3927.805 13:40:28
5.000 667.512 2803.902 13:40:29
5.068 553.561 2809.756 13:40:30
5.064 553.024 2808.780 13:40:31
5.068 553.951 2811.707 13:40:32
5.068 553.659 2803.902 13:40:33
5.096 467.659 2389.268 13:40:34
5.064 554.634 2809.756 13:40:35
5.064 558.634 2811.707 13:40:36
5.064 553.756 2800.976 13:40:37
5.064 554.829 2808.780 13:40:38
5.064 553.561 2808.780 13:40:39
5.096 473.659 2408.780 13:40:40
5.100 471.268 2402.927 13:40:41
4.996 738.537 3678.049 13:40:42
5.064 556.341 2818.537 13:40:43
5.068 559.024 2836.098 13:40:44
