5.004 550.951 2782.927 12:04:10
5.016 725.341 3395.122 12:04:11
5.016 693.341 3459.024 12:04:12
5.072 547.756 2819.512 12:04:13
5.064 547.537 2779.024 12:04:14
5.108 437.951 2235.610 12:04:15
5.100 464.951 2356.098 12:04:16
5.056 590.244 2925.854 12:04:17
5.056 613.244 3427.317 12:04:18
5.064 699.244 2981.951 12:04:19
5.068 546.537 2775.122 12:04:20
5.068 548.049 2775.610 12:04:21
5.100 462.659 2353.659 12:04:22
5.068 549.659 2770.732 12:04:23
5.068 549.854 2774.146 12:04:24
5.068 547.244 2772.683 12:04:25
5.068 547.244 2774.146 12:04:26
5.068 548.049 2772.683 12:04:27
5.096 465.463 2368.780 12:04:28
5.064 547.756 2783.902 12:04:29
5.072 547.951 2785.366 12:04:30
5.068 547.146 2776.585 12:04:31
5.068 551.244 2788.293 12:04:32
5.072 547.951 2766.341 12:04:33
5.100 464.463 2383.415 12:04:34
5.068 549.439 2795.122 12:04:35
5.068 550.146 2781.951 12:04:36
5.068 551.756 2783.902 12:04:37
5.068 551.659 2780.488 12:04:38
5.068 551.439 2846.341 12:04:39
5.096 467.756 2357.561 12:04:40
5.124 386.854 1984.390 12:04:41
5.096 463.854 2372.195 12:04:42
5.100 464.561 2372.683 12:04:43
5.124 388.951 1983.902 12:04:44
5.100 462.049 2377.073 12:04:45
5.100 465.659 2367.317 12:04:46
5.072 548.341 2779.024 12:04:47
5.068 552.854 2799.512 12:04:48
5.060 549.049 2788.293 12:04:49
