5.004 552.951 2797.073 12:45:11
5.016 694.024 3493.659 12:45:12
5.016 700.439 3462.927 12:45:13
5.064 556.146 2815.122 12:45:14
5.092 476.561 2442.439 12:45:15
5.096 391.659 2011.707 12:45:16
5.096 468.366 2384.878 12:45:17
5.068 552.951 2794.146 12:45:18
5.052 590.537 2985.366 12:45:19
5.068 552.854 2807.805 12:45:20
5.064 567.634 2815.610 12:45:21
5.032 581.537 3103.415 12:45:22
5.008 719.024 3561.951 12:45:23
5.068 553.341 2807.805 12:45:24
5.068 553.341 2802.927 12:45:25
5.032 562.951 2846.829 12:45:26
5.008 714.927 3591.707 12:45:27
5.080 515.341 2616.098 12:45:28
5.080 516.439 2626.341 12:45:29
5.052 588.537 2985.854 12:45:30
5.068 555.756 2829.268 12:45:31
5.068 553.244 2797.073 12:45:32
5.064 636.634 2810.732 12:45:33
5.068 555.146 2801.463 12:45:34
5.080 515.756 2724.390 12:45:35
5.068 554.854 2810.244 12:45:36
5.044 569.634 2815.122 12:45:37
5.004 711.244 3581.951 12:45:38
5.008 694.439 2795.610 12:45:39
5.056 591.049 2986.829 12:45:40
5.084 504.854 2556.098 12:45:41
5.008 707.122 3595.610 12:45:42
5.068 552.146 2801.463 12:45:43
5.056 697.634 3425.366 12:45:44
5.064 554.244 2806.829 12:45:45
5.064 551.854 2810.732 12:45:46
5.068 555.659 2807.805 12:45:47
5.096 466.756 2380.000 12:45:48
5.068 554.146 2795.122 12:45:49
5.068 555.146 2799.512 12:45:50
5.068 554.756 2814.146 12:45:51
5.048 591.049 2987.317 12:45:52
5.064 554.049 2808.293 12:45:53
5.068 554.951 2830.244 12:45:54
5.064 554.049 2806.341 12:45:55
