5.004 726.122 3635.610 12:33:40
5.016 709.732 3619.024 12:33:41
5.016 699.829 3517.561 12:33:42
5.068 554.854 2806.341 12:33:43
5.092 477.146 2422.439 12:33:44
5.096 471.049 2389.756 12:33:45
5.016 714.927 3542.927 12:33:46
5.068 551.951 2797.073 12:33:47
5.012 712.634 3580.488 12:33:48
5.068 553.659 2806.829 12:33:49
5.008 717.439 3569.268 12:33:50
5.100 472.659 2390.732 12:33:51
5.056 588.634 2970.732 12:33:52
5.068 555.049 2819.512 12:33:53
5.064 555.049 2807.805 12:33:54
5.064 551.537 2795.610 12:33:55
5.068 554.854 2808.293 12:33:56
5.080 517.439 2620.000 12:33:57
5.064 554.951 2797.073 12:33:58
5.056 611.634 2897.073 12:33:59
5.016 685.439 3445.366 12:34:00
5.076 527.244 2671.707 12:34:01
5.068 554.439 2790.244 12:34:02
5.052 588.146 2974.146 12:34:03
5.068 552.244 2795.122 12:34:04
5.064 552.659 2798.049 12:34:06
5.068 687.927 2793.171 12:34:07
5.068 553.049 2796.585 12:34:08
5.060 545.049 2741.951 12:34:09
5.012 711.244 3604.390 12:34:10
5.064 551.537 2814.146 12:34:11
5.012 712.341 3715.610 12:34:12
5.068 552.244 2796.585 12:34:13
5.064 555.244 2819.024 12:34:14
5.084 501.561 2555.122 12:34:15
5.084 514.341 2609.268 12:34:16
5.080 513.854 2636.098 12:34:17
5.100 467.049 2380.000 12:34:18
5.080 513.951 2609.268 12:34:19
5.092 469.561 2400.000 12:34:20
5.004 734.024 3688.293 12:34:21
5.068 553.951 2806.341 12:34:22
5.068 553.854 2808.293 12:34:23
