4.992 752.439 3778.537 12:08:26
5.020 708.024 3339.024 12:08:27
5.024 689.634 3463.902 12:08:28
5.068 551.049 2783.902 12:08:29
5.096 475.366 2419.512 12:08:30
5.096 465.854 2372.683 12:08:31
5.008 713.537 3590.244 12:08:32
5.072 552.049 2799.024 12:08:33
5.068 550.049 2782.927 12:08:34
5.068 554.049 2800.488 12:08:36
5.068 555.049 2806.829 12:08:37
5.100 465.049 2376.098 12:08:38
5.072 548.854 2786.829 12:08:39
5.068 551.146 2779.512 12:08:40
5.064 550.146 2800.488 12:08:41
5.068 549.951 3595.122 12:08:42
5.068 553.146 2794.146 12:08:43
5.100 465.244 2378.537 12:08:44
5.064 549.854 2782.927 12:08:45
5.068 549.244 2779.512 12:08:46
5.072 553.049 2783.902 12:08:47
5.068 549.659 2779.024 12:08:48
5.068 549.537 2806.341 12:08:49
5.076 465.463 2369.756 12:08:50
5.072 551.244 2807.805 12:08:51
5.064 700.829 3352.683 12:08:52
5.024 696.341 2799.512 12:08:53
5.064 581.244 3402.927 12:08:54
5.000 670.244 3362.439 12:08:55
5.100 464.049 2370.732 12:08:56
5.096 468.756 1998.049 12:08:57
5.096 467.366 2379.512 12:08:58
5.100 465.854 2364.878 12:08:59
5.104 428.659 2194.634 12:09:00
5.092 485.951 2474.634 12:09:01
5.112 439.268 2240.976 12:09:02
5.004 723.829 3606.829 12:09:03
5.068 551.341 2787.805 12:09:04
5.068 548.244 2783.902 12:09:05
