5.016 705.122 3522.439 12:28:00
5.020 662.927 3382.439 12:28:01
4.952 811.415 4058.537 12:28:02
5.068 552.049 2800.976 12:28:03
5.068 551.951 2819.512 12:28:04
5.100 471.756 2388.293 12:28:05
5.084 502.244 2554.146 12:28:06
5.008 712.537 3547.317 12:28:07
5.068 551.561 2808.780 12:28:08
5.008 717.317 3570.732 12:28:09
5.068 551.561 2794.146 12:28:10
5.004 717.610 3574.634 12:28:11
5.080 522.634 2611.707 12:28:12
5.064 553.024 2799.024 12:28:13
5.068 551.463 2848.780 12:28:14
5.068 552.537 2797.073 12:28:15
5.068 560.244 2816.585 12:28:16
5.048 587.561 2977.561 12:28:17
5.076 515.463 2669.268 12:28:18
5.064 591.561 2808.780 12:28:19
5.068 554.341 3435.122 12:28:21
5.068 551.756 2794.146 12:28:22
5.068 551.561 2794.146 12:28:23
5.068 552.341 2794.146 12:28:24
5.080 516.829 2637.073 12:28:25
5.016 698.927 3588.293 12:28:26
5.068 550.537 2794.146 12:28:27
5.068 552.829 3692.683 12:28:28
5.052 590.439 2969.756 12:28:29
5.012 691.220 3492.683 12:28:30
5.096 470.439 2394.146 12:28:31
5.100 469.171 2388.293 12:28:32
5.068 551.951 2794.146 12:28:33
5.068 551.366 2801.951 12:28:34
5.068 553.659 2789.268 12:28:35
5.068 551.659 2794.146 12:28:36
5.064 553.756 2803.902 12:28:37
5.096 466.341 2378.537 12:28:38
5.100 466.341 2373.659 12:28:39
5.088 506.829 2557.073 12:28:40
5.100 465.463 2378.537 12:28:41
5.000 733.220 3662.439 12:28:42
5.068 556.244 2791.220 12:28:43
5.068 551.268 2789.268 12:28:44
