4.984 729.537 3653.171 12:44:00
4.960 839.805 4384.390 12:44:01
4.984 782.634 3915.122 12:44:02
5.068 554.537 2804.878 12:44:03
5.064 552.927 2800.976 12:44:04
5.096 469.756 2386.341 12:44:05
5.080 517.561 2634.146 12:44:06
5.008 706.829 3548.293 12:44:07
5.012 563.951 2794.146 12:44:08
5.060 581.268 2944.390 12:44:09
5.012 710.732 3602.927 12:44:10
5.008 715.854 3610.732 12:44:11
5.080 521.073 2641.951 12:44:12
5.004 712.341 3569.756 12:44:13
5.068 552.537 2801.951 12:44:14
5.064 553.024 2841.951 12:44:15
5.060 555.024 2806.829 12:44:16
5.060 693.122 2816.585 12:44:17
5.068 555.366 2809.756 12:44:18
5.048 601.366 3366.829 12:44:19
5.008 710.439 3588.293 12:44:20
5.068 556.732 2803.902 12:44:21
5.068 618.049 3349.268 12:44:22
5.096 468.049 2398.049 12:44:23
5.068 552.341 2800.976 12:44:24
5.068 556.732 2818.537 12:44:25
5.068 639.463 3520.976 12:44:26
5.068 552.927 2803.902 12:44:27
5.068 553.659 2797.073 12:44:28
5.068 553.024 2801.951 12:44:29
5.044 634.049 3878.049 12:44:30
5.004 711.951 3569.756 12:44:31
5.064 574.829 2931.707 12:44:32
5.068 553.024 2801.951 12:44:33
5.064 554.146 2803.902 12:44:35
5.068 552.927 2794.146 12:44:36
5.068 556.439 2803.902 12:44:37
5.068 556.049 2814.634 12:44:38
5.064 553.659 2803.902 12:44:39
5.096 467.951 2386.341 12:44:40
5.096 466.976 2381.463 12:44:41
5.096 467.951 2388.293 12:44:42
5.096 469.463 2405.854 12:44:43
5.004 724.244 3640.976 12:44:44
5.068 553.951 2800.976 12:44:45
5.064 553.024 2799.024 12:44:46
