5.068 561.854 2845.366 13:19:12
5.016 688.537 3430.244 13:19:13
5.024 698.927 3471.220 13:19:14
5.068 556.244 2800.488 13:19:15
5.092 476.659 2424.878 13:19:16
5.124 445.951 2383.902 13:19:17
5.092 475.244 2389.756 13:19:18
5.068 634.244 2819.024 13:19:19
5.068 554.341 2798.049 13:19:20
5.064 554.659 2813.171 13:19:21
5.064 555.049 2810.244 13:19:22
5.068 555.146 2815.610 13:19:23
5.020 594.049 3164.878 13:19:24
5.012 697.024 2812.683 13:19:25
5.020 665.927 2963.415 13:19:26
5.024 569.439 2815.610 13:19:27
5.052 585.439 2997.073 13:19:28
5.072 543.341 2741.463 13:19:29
4.980 714.927 2955.610 13:19:30
5.068 562.244 3598.049 13:19:31
5.008 704.927 3718.049 13:19:32
5.068 562.049 2785.366 13:19:33
4.976 799.195 3593.171 13:19:34
5.056 580.537 2973.171 13:19:35
5.052 693.341 3509.268 13:19:36
5.068 564.756 2800.488 13:19:37
4.976 710.537 3560.976 13:19:38
5.064 555.756 2797.073 13:19:39
5.080 516.537 2626.341 13:19:40
5.052 600.634 2977.561 13:19:41
5.064 611.024 2831.220 13:19:42
5.064 553.756 2813.659 13:19:43
5.064 553.366 2801.951 13:19:44
5.064 555.561 2809.756 13:19:45
5.080 516.244 2651.707 13:19:46
5.068 553.951 2808.780 13:19:47
5.064 555.366 2809.756 13:19:48
5.064 553.854 2801.951 13:19:49
5.072 552.049 2796.098 13:19:50
5.068 553.756 2804.878 13:19:51
5.068 552.732 2803.902 13:19:52
5.068 554.732 2816.585 13:19:53
5.064 555.366 2821.463 13:19:54
5.068 553.659 2841.951 13:19:55
5.072 555.268 2806.829 13:19:56
5.068 551.951 2796.098 13:19:57
5.080 513.268 2623.415 13:19:58
5.104 444.878 2263.415 13:19:59
5.080 499.073 2528.780 13:20:00
5.064 556.244 2808.780 13:20:01
5.068 554.049 2799.024 13:20:02
5.056 588.732 2976.585 13:20:03
