5.008 557.146 2811.707 13:59:51
5.016 684.244 3431.707 13:59:52
5.012 715.439 3542.927 13:59:53
5.064 555.341 2819.024 13:59:54
5.096 478.756 2423.902 13:59:55
5.096 470.756 2392.195 13:59:56
5.008 714.634 3596.585 13:59:57
5.068 557.049 2797.073 13:59:58
5.016 714.341 3575.610 13:59:59
5.076 527.049 2677.561 14:00:00
5.016 686.634 3436.585 14:00:01
5.076 516.854 2623.902 14:00:02
5.012 713.341 3561.951 14:00:03
5.064 553.537 2797.073 14:00:04
5.008 700.122 3540.000 14:00:05
5.064 553.049 2812.683 14:00:06
4.992 745.317 3760.488 14:00:07
5.096 469.049 2385.854 14:00:08
5.008 717.537 3564.390 14:00:09
5.064 553.341 2795.122 14:00:10
5.012 744.439 3658.049 14:00:11
5.068 553.341 2802.927 14:00:12
5.012 789.537 3587.805 14:00:13
5.036 594.732 2989.756 14:00:14
4.992 713.634 3534.146 14:00:15
5.008 713.732 3615.122 14:00:16
5.052 579.854 2935.610 14:00:17
5.008 619.049 2981.463 14:00:19
5.052 591.756 2995.122 14:00:20
5.064 556.732 2960.000 14:00:21
5.056 554.829 2801.951 14:00:22
5.060 553.854 2803.902 14:00:23
5.064 555.268 2804.878 14:00:24
5.008 717.610 3553.171 14:00:25
5.004 563.171 2839.024 14:00:26
5.012 787.610 3553.171 14:00:27
5.068 553.951 2806.829 14:00:28
5.064 566.829 2832.195 14:00:29
5.008 720.439 3645.854 14:00:30
5.064 553.463 2801.951 14:00:31
5.068 552.634 2797.073 14:00:32
5.068 555.366 2813.659 14:00:33
5.068 555.561 2800.976 14:00:34
5.080 593.854 2639.024 14:00:35
5.004 737.512 3680.000 14:00:36
5.068 555.659 2813.659 14:00:37
5.064 557.366 2814.634 14:00:38
5.060 554.829 2811.707 14:00:39
5.068 555.561 2822.439 14:00:40
5.096 469.366 2386.341 14:00:41
5.100 469.268 2381.463 14:00:42
5.096 469.951 2399.024 14:00:43
5.100 473.073 2398.049 14:00:44
5.096 468.244 2394.146 14:00:45
5.004 735.122 3671.220 14:00:46
5.064 555.171 2809.756 14:00:47
5.072 552.634 2799.024 14:00:48
