5.000 732.732 3667.805 13:30:42
5.012 696.537 3437.561 13:30:43
5.012 684.829 3495.122 13:30:44
5.064 555.951 2818.049 13:30:45
5.092 477.854 2432.683 13:30:46
5.096 470.659 2394.634 13:30:47
5.080 509.341 2623.902 13:30:48
5.064 556.244 2814.146 13:30:49
5.008 711.537 3586.341 13:30:50
5.056 591.634 2976.585 13:30:51
5.008 714.732 3566.829 13:30:52
5.008 586.951 2798.049 13:30:53
5.012 732.220 3628.293 13:30:54
5.068 557.146 3427.317 13:30:55
5.012 705.829 3578.049 13:30:56
5.060 553.854 2822.927 13:30:57
5.004 715.024 3565.366 13:30:58
5.088 492.561 3092.195 13:30:59
5.020 711.024 3580.488 13:31:00
5.052 589.049 3027.317 13:31:01
5.000 755.439 3760.488 13:31:02
5.064 555.146 2811.707 13:31:03
5.068 571.634 2820.488 13:31:04
5.000 722.634 3586.829 13:31:05
5.064 562.049 2841.951 13:31:06
5.064 573.439 2888.293 13:31:07
5.008 725.829 3615.122 13:31:08
5.068 553.439 2804.390 13:31:09
5.080 517.146 2618.049 13:31:10
5.068 552.756 2802.927 13:31:11
5.008 715.634 3586.829 13:31:12
5.052 592.146 2989.268 13:31:13
5.068 557.244 2818.049 13:31:14
5.064 569.537 2806.341 13:31:15
5.060 589.439 2935.610 13:31:16
5.036 593.634 3223.415 13:31:17
5.068 553.439 2804.390 13:31:18
5.052 599.951 2933.171 13:31:19
5.064 559.049 2813.171 13:31:20
5.076 516.659 2635.122 13:31:21
5.064 553.146 2802.927 13:31:22
5.068 555.537 2802.927 13:31:23
5.056 589.146 2974.146 13:31:24
5.068 553.439 2802.927 13:31:25
5.068 556.341 2826.829 13:31:26
5.080 515.439 2619.024 13:31:27
5.096 468.244 2389.756 13:31:28
5.100 471.366 2388.293 13:31:30
5.096 467.951 2382.439 13:31:31
5.096 478.366 2386.341 13:31:32
5.004 727.341 3681.463 13:31:33
5.068 554.244 2809.268 13:31:34
5.068 554.951 2811.707 13:31:35
