5.004 729.024 3656.585 12:22:29
5.020 696.244 3510.244 12:22:30
5.008 707.927 3544.390 12:22:31
5.068 554.951 2804.390 12:22:32
5.092 480.561 2438.537 12:22:33
5.072 543.049 2691.707 12:22:34
5.012 716.341 3566.341 12:22:35
5.068 551.049 2788.293 12:22:36
5.012 703.024 3579.024 12:22:37
5.068 551.049 2788.293 12:22:38
5.068 553.439 2786.341 12:22:39
5.080 514.951 2618.049 12:22:40
5.068 553.244 2813.171 12:22:41
5.064 551.537 2788.293 12:22:42
5.068 553.537 2799.512 12:22:43
5.064 555.537 2802.927 12:22:44
5.068 553.244 2809.268 12:22:45
5.080 517.049 2634.146 12:22:46
5.064 553.951 2804.390 12:22:47
5.024 597.854 3049.268 12:22:48
5.056 578.854 2952.195 12:22:49
4.996 560.146 2839.024 12:22:50
5.008 714.732 3534.146 12:22:51
5.096 467.951 2381.951 12:22:52
5.096 468.244 2382.439 12:22:53
5.064 551.244 2793.171 12:22:54
5.068 550.756 2790.244 12:22:55
5.064 551.854 2802.927 12:22:56
5.068 551.854 2796.585 12:22:58
5.072 550.341 2792.683 12:22:59
5.112 430.049 2199.512 12:23:00
5.076 524.854 2645.366 12:23:01
5.068 551.537 2799.512 12:23:02
5.064 551.756 2796.585 12:23:03
5.068 550.659 2791.707 12:23:04
5.068 553.537 2799.512 12:23:05
5.096 466.659 2377.073 12:23:06
5.100 467.463 2371.220 12:23:07
4.984 728.439 3668.293 12:23:08
5.064 555.268 2809.756 12:23:09
5.072 551.171 2789.268 12:23:10
