4.996 733.732 3710.732 12:52:14
5.008 700.122 3542.439 12:52:15
5.016 702.927 3520.000 12:52:16
5.068 556.951 2819.512 12:52:17
5.092 481.463 2444.878 12:52:18
5.104 445.756 2273.171 12:52:19
5.096 473.244 2416.098 12:52:20
5.064 553.341 2807.805 12:52:21
5.064 555.854 2821.951 12:52:22
5.060 567.951 3241.463 12:52:23
5.012 678.537 3364.878 12:52:24
5.004 558.854 2820.488 12:52:25
5.020 716.537 3617.561 12:52:26
5.064 573.537 2815.610 12:52:27
5.064 563.854 2817.073 12:52:28
5.048 583.951 2998.049 12:52:29
5.012 707.439 3864.390 12:52:30
5.096 563.146 2774.146 12:52:31
5.076 592.537 2868.293 12:52:32
5.064 558.659 2806.341 12:52:33
5.060 555.659 2813.171 12:52:34
5.064 555.146 2817.073 12:52:35
5.064 561.439 2974.634 12:52:36
5.064 555.659 2812.683 12:52:37
5.080 516.146 2634.146 12:52:38
5.060 555.146 2810.244 12:52:39
5.048 799.195 2797.073 12:52:40
5.068 558.244 2811.707 12:52:41
5.068 560.146 3508.780 12:52:42
5.068 555.951 2812.683 12:52:43
5.068 571.634 2664.878 12:52:44
5.060 582.341 3120.000 12:52:45
5.040 592.951 2940.976 12:52:46
5.008 711.537 3589.268 12:52:47
5.056 630.537 2985.854 12:52:48
5.008 716.537 3560.000 12:52:49
5.064 555.951 2802.927 12:52:50
5.096 469.951 2381.951 12:52:51
5.064 553.537 2801.951 12:52:52
5.068 553.146 2801.463 12:52:53
5.068 555.756 2800.488 12:52:54
5.064 556.049 2827.805 12:52:55
5.064 559.146 2816.585 12:52:56
5.096 468.244 2389.756 12:52:57
5.096 470.146 2392.683 12:52:58
5.012 702.341 3532.683 12:52:59
5.064 557.439 2824.390 12:53:00
5.076 529.659 2675.122 12:53:01
