5.072 553.049 2786.829 12:07:22
5.016 696.341 3484.878 12:07:23
5.016 787.732 3477.073 12:07:24
5.064 552.634 2808.780 12:07:25
5.072 548.927 2784.390 12:07:26
5.108 441.951 2253.659 12:07:27
5.100 467.073 2363.902 12:07:28
5.068 626.049 2783.415 12:07:29
5.072 549.854 2841.951 12:07:30
5.060 576.829 2902.439 12:07:31
5.068 552.829 2797.073 12:07:32
5.072 549.171 2781.463 12:07:33
5.100 466.732 2367.805 12:07:34
5.064 551.561 2789.268 12:07:35
5.072 549.268 2797.073 12:07:36
5.068 553.463 2792.195 12:07:37
5.068 549.951 2784.390 12:07:38
5.068 555.854 2781.463 12:07:39
5.096 466.439 2394.146 12:07:40
5.068 550.927 2784.390 12:07:41
5.064 550.927 2779.512 12:07:42
5.064 549.024 2786.341 12:07:43
5.068 550.537 2792.195 12:07:44
5.068 549.951 2779.512 12:07:45
5.096 474.537 2367.805 12:07:46
5.064 551.463 2791.220 12:07:47
5.064 550.829 2831.220 12:07:48
5.012 757.951 3708.293 12:07:49
5.068 553.561 2792.195 12:07:50
5.052 582.829 3069.268 12:07:51
5.100 466.634 2362.927 12:07:52
5.100 467.073 2378.537 12:07:53
5.096 468.341 2375.610 12:07:54
5.128 389.073 1995.122 12:07:55
5.092 466.439 2413.659 12:07:56
5.096 466.878 2376.585 12:07:57
5.092 466.049 2641.951 12:07:58
5.084 512.829 2566.829 12:07:59
5.076 539.756 2731.707 12:08:00
