5.004 728.122 3639.512 12:20:17
5.012 680.829 3488.780 12:20:18
5.024 696.537 3486.341 12:20:19
5.072 551.854 2793.171 12:20:20
5.096 475.146 2429.756 12:20:21
5.108 441.756 2278.049 12:20:22
5.096 474.951 2417.073 12:20:23
5.064 553.146 2793.171 12:20:24
5.068 551.146 2795.610 12:20:25
5.072 551.659 2806.341 12:20:26
5.068 553.439 2799.512 12:20:27
5.068 551.951 2790.732 12:20:28
5.068 560.951 2793.171 12:20:29
4.992 629.439 2935.610 12:20:30
5.004 585.341 3080.488 12:20:31
5.048 666.537 2974.634 12:20:32
5.016 709.927 3587.805 12:20:33
5.100 467.463 2413.659 12:20:34
5.096 465.756 2382.439 12:20:35
5.068 552.537 2787.805 12:20:36
5.068 551.244 2790.732 12:20:37
5.068 551.341 2805.366 12:20:38
5.068 553.049 2803.902 12:20:39
5.064 552.146 2802.927 12:20:40
5.096 466.366 2374.634 12:20:41
5.068 550.439 2790.732 12:20:42
5.068 551.146 2790.732 12:20:43
5.068 553.341 3351.220 12:20:44
5.068 550.244 2790.732 12:20:45
5.064 563.951 2801.951 12:20:46
5.072 534.951 2390.732 12:20:47
5.068 550.659 2787.805 12:20:48
5.064 551.756 2795.610 12:20:49
5.064 556.244 2809.268 12:20:50
5.068 550.659 2786.829 12:20:51
5.068 555.244 2817.073 12:20:52
5.096 476.951 2389.756 12:20:53
5.096 473.854 2402.439 12:20:54
5.096 548.659 2690.244 12:20:55
5.064 554.854 2807.805 12:20:56
5.064 554.659 2814.146 12:20:57
