5.068 547.537 2775.610 12:03:06
5.020 688.927 3419.024 12:03:07
5.020 675.732 3524.390 12:03:08
5.068 548.659 2789.268 12:03:09
5.068 549.537 2778.049 12:03:10
5.068 547.659 2804.390 12:03:11
5.056 579.049 2938.049 12:03:12
5.072 553.951 2806.829 12:03:13
5.056 583.244 2965.854 12:03:14
5.068 546.756 2771.707 12:03:15
5.068 546.756 2770.732 12:03:16
5.072 545.854 2786.341 12:03:17
5.068 548.537 2779.512 12:03:18
5.064 552.049 2770.732 12:03:19
5.068 548.537 2781.463 12:03:20
5.068 546.244 2775.610 12:03:21
5.072 548.146 2805.366 12:03:22
5.092 478.463 2590.244 12:03:23
5.068 546.049 2777.561 12:03:24
5.056 697.122 2965.854 12:03:25
5.068 549.049 2770.244 12:03:26
5.068 546.756 2766.829 12:03:27
5.068 550.439 2790.244 12:03:28
5.076 572.756 2691.707 12:03:29
5.080 513.854 2606.341 12:03:30
5.068 550.951 2782.927 12:03:31
5.072 548.537 2767.805 12:03:32
5.072 548.659 2762.927 12:03:33
5.072 547.951 2766.341 12:03:34
5.068 549.146 2781.463 12:03:35
5.088 498.659 2541.463 12:03:36
5.100 462.561 2357.073 12:03:37
5.092 460.854 2347.317 12:03:38
5.100 463.463 2349.756 12:03:39
5.080 511.854 2604.878 12:03:41
5.096 461.854 2357.561 12:03:42
5.004 732.537 3719.512 12:03:43
5.072 548.756 2777.561 12:03:44
5.072 547.854 2768.780 12:03:45
