5.012 740.927 3704.390 13:04:16
4.996 739.537 3657.073 13:04:17
5.012 681.537 3495.610 13:04:18
5.072 556.537 2835.610 13:04:19
5.064 555.341 2810.244 13:04:20
5.124 392.366 2007.805 13:04:21
5.096 470.463 2396.098 13:04:22
5.020 724.732 3249.756 13:04:23
5.004 697.439 3581.463 13:04:24
5.064 552.537 2802.927 13:04:25
5.068 554.439 2807.805 13:04:26
5.064 721.634 2828.293 13:04:27
5.060 606.951 2933.171 13:04:28
5.064 552.537 2798.049 13:04:29
5.068 553.146 2799.024 13:04:30
5.068 554.951 2799.512 13:04:31
5.056 610.049 2944.390 13:04:32
5.056 619.244 3093.659 13:04:33
5.012 705.537 3856.098 13:04:34
5.068 554.854 2809.268 13:04:35
5.068 568.439 2794.146 13:04:36
5.064 554.244 2800.488 13:04:37
5.036 606.634 2801.463 13:04:38
5.072 557.537 2620.488 13:04:39
5.080 515.049 2609.268 13:04:40
5.064 557.341 2795.610 13:04:41
5.060 577.146 2920.488 13:04:42
5.072 553.244 2801.951 13:04:43
5.064 551.951 2796.585 13:04:44
5.000 710.122 3581.463 13:04:45
5.064 554.659 2807.805 13:04:46
5.016 724.927 3588.780 13:04:47
5.068 552.756 2800.488 13:04:48
5.068 556.244 3537.561 13:04:49
5.068 553.439 2800.488 13:04:50
5.064 555.439 2733.171 13:04:51
5.012 746.439 3780.976 13:04:52
5.068 552.341 2801.463 13:04:53
5.064 552.244 2795.610 13:04:54
5.064 551.951 2797.073 13:04:55
5.068 552.439 2790.732 13:04:56
5.096 467.951 2388.293 13:04:57
5.096 467.463 2391.220 13:04:58
5.096 469.244 2398.537 13:04:59
5.112 434.854 2253.171 13:05:00
5.104 442.756 2255.610 13:05:01
5.076 523.756 2659.024 13:05:02
5.064 555.146 2946.829 13:05:03
5.068 552.146 2796.585 13:05:04
