5.008 730.341 3655.122 12:10:33
5.020 711.341 3515.122 12:10:34
5.012 709.829 3545.366 12:10:35
5.068 550.341 2787.805 12:10:36
5.092 474.561 2420.000 12:10:37
5.084 519.854 2635.122 12:10:38
5.012 710.537 3560.488 12:10:39
5.068 550.659 2790.244 12:10:40
5.068 549.951 2786.341 12:10:41
5.068 552.537 2799.512 12:10:42
5.068 553.244 2804.390 12:10:43
5.100 467.244 2365.854 12:10:44
5.056 581.756 2909.268 12:10:45
5.068 549.659 2804.390 12:10:46
5.068 550.146 2786.341 12:10:47
5.068 550.146 2815.610 12:10:48
5.068 555.854 2801.463 12:10:50
5.100 464.854 2372.683 12:10:51
5.072 552.146 2810.244 12:10:52
5.060 627.244 2786.829 12:10:53
5.068 552.951 2792.683 12:10:54
5.068 552.341 2792.683 12:10:55
5.068 552.756 2801.463 12:10:56
5.084 511.854 2614.146 12:10:57
5.068 552.951 2795.122 12:10:58
5.068 549.537 3341.463 12:10:59
5.068 552.244 2793.171 12:11:00
5.068 554.049 2805.366 12:11:01
5.068 525.951 2680.488 12:11:02
5.096 465.146 2367.317 12:11:03
5.096 464.561 2368.780 12:11:04
5.096 465.366 2372.195 12:11:05
5.100 464.146 2373.659 12:11:06
5.096 466.756 2382.439 12:11:07
5.080 512.244 2595.122 12:11:08
5.096 464.561 2368.293 12:11:09
5.004 731.829 3663.902 12:11:10
5.068 549.537 2799.512 12:11:11
5.064 552.049 2803.902 12:11:12
