5.004 728.122 3651.707 12:54:37
5.016 685.146 3526.341 12:54:38
5.012 694.927 3511.707 12:54:39
5.068 552.341 2801.463 12:54:40
5.080 558.951 2839.024 12:54:41
5.076 527.049 2655.610 12:54:42
5.012 713.122 3562.927 12:54:43
5.064 555.439 2806.341 12:54:44
5.008 715.732 3563.902 12:54:45
5.056 593.244 2982.927 12:54:46
5.008 717.537 3601.463 12:54:47
5.060 524.756 2579.024 12:54:48
5.008 712.927 3587.805 12:54:49
5.068 552.854 2800.488 12:54:50
5.008 716.122 3605.366 12:54:51
5.012 555.341 2859.512 12:54:52
5.068 561.439 2810.732 12:54:53
5.084 514.439 2611.220 12:54:54
5.068 553.244 2802.927 12:54:55
5.068 555.049 2877.073 12:54:56
5.052 588.439 2978.537 12:54:57
5.064 558.341 2795.122 12:54:59
5.036 653.927 3840.976 12:55:00
5.072 491.854 2762.927 12:55:01
5.108 444.951 2268.293 12:55:02
5.068 555.854 2802.927 12:55:03
5.068 556.951 2802.927 12:55:04
5.068 553.146 2799.512 12:55:05
5.068 554.951 2813.171 12:55:06
5.068 554.537 2802.927 12:55:07
5.056 562.659 2831.707 12:55:08
4.992 760.537 3710.732 12:55:09
5.064 552.341 2800.488 12:55:10
5.008 716.634 3613.171 12:55:11
5.064 555.951 2818.049 12:55:12
5.068 554.854 2810.244 12:55:13
5.076 570.756 2909.268 12:55:14
5.088 521.756 2644.878 12:55:15
5.068 553.341 2800.488 12:55:16
5.068 551.951 2794.146 12:55:17
5.064 556.341 2808.293 12:55:18
5.072 552.341 2810.244 12:55:19
5.052 591.634 2988.293 12:55:20
5.096 468.756 2387.317 12:55:21
5.000 737.024 3666.829 12:55:22
5.064 555.146 2818.049 12:55:23
5.060 551.537 2795.122 12:55:24
