5.004 727.439 3640.488 12:48:40
5.016 699.927 3522.439 12:48:41
5.016 695.024 3478.049 12:48:42
5.064 555.756 2817.073 12:48:43
5.096 479.366 2432.683 12:48:44
5.096 467.756 2399.512 12:48:45
5.012 714.244 3570.732 12:48:46
5.064 552.439 2795.122 12:48:47
5.008 713.244 3570.732 12:48:48
5.048 590.244 2984.390 12:48:49
5.008 714.439 3561.463 12:48:50
5.092 467.463 2421.463 12:48:51
5.008 709.732 3575.610 12:48:52
5.064 553.659 2797.073 12:48:53
5.008 711.927 3552.683 12:48:54
5.068 553.244 2806.829 12:48:55
5.064 553.854 2806.829 12:48:56
5.080 517.244 2623.902 12:48:57
5.064 554.341 2807.805 12:48:58
5.076 538.854 2666.341 12:48:59
5.056 596.439 2978.049 12:49:00
5.068 553.049 2811.707 12:49:01
5.064 553.049 2901.951 12:49:02
5.064 555.537 2816.585 12:49:03
5.068 567.244 2803.902 12:49:04
5.064 558.146 2818.049 12:49:05
5.072 552.439 2798.049 12:49:06
5.024 555.854 2846.829 12:49:07
5.060 574.244 2900.488 12:49:08
5.064 560.146 2815.610 12:49:10
5.064 552.439 2804.390 12:49:11
5.052 588.439 3062.439 12:49:12
5.068 554.951 3643.902 12:49:13
5.064 554.659 2814.146 12:49:14
5.100 512.756 2603.902 12:49:15
5.008 714.927 3440.488 12:49:16
5.064 551.756 2799.024 12:49:17
5.068 553.049 2808.293 12:49:18
5.064 556.659 2828.293 12:49:19
5.064 555.537 2815.122 12:49:20
5.096 470.659 2400.976 12:49:21
5.096 473.146 2390.732 12:49:22
5.064 551.244 2795.122 12:49:23
5.096 469.049 2390.732 12:49:24
5.048 606.341 3044.878 12:49:25
5.072 558.049 2808.293 12:49:26
5.068 553.951 2805.366 12:49:27
