5.004 736.927 3680.488 13:34:36
5.016 688.244 3417.561 13:34:37
5.008 720.829 3581.463 13:34:38
5.064 554.854 2800.488 13:34:39
5.068 552.659 2837.073 13:34:40
5.096 468.561 2389.756 13:34:41
5.012 715.634 3555.122 13:34:42
5.064 556.244 2804.390 13:34:43
5.008 709.927 3569.268 13:34:44
5.064 556.049 2800.488 13:34:45
5.008 717.122 3590.732 13:34:46
5.096 468.756 2383.902 13:34:47
5.008 709.122 3571.707 13:34:48
5.064 553.049 2799.024 13:34:49
5.000 715.829 3590.732 13:34:50
5.060 559.951 2820.488 13:34:51
5.008 717.927 3580.488 13:34:52
5.084 514.561 2608.780 13:34:53
5.008 716.829 3518.049 13:34:54
5.068 553.659 2806.341 13:34:55
5.004 728.220 3586.829 13:34:56
5.064 556.854 2813.171 13:34:57
5.064 558.537 2814.146 13:34:58
5.080 519.854 2653.659 13:34:59
4.992 581.366 3277.073 13:35:00
5.064 558.537 3758.049 13:35:01
5.048 596.146 3437.073 13:35:02
5.060 585.951 2917.073 13:35:03
5.080 519.268 2628.293 13:35:04
5.068 555.561 2824.390 13:35:06
5.064 553.366 2856.585 13:35:07
5.064 553.951 2803.902 13:35:08
5.008 709.220 3505.366 13:35:09
5.056 643.024 3895.610 13:35:10
5.052 596.049 3077.073 13:35:11
5.064 556.927 2821.463 13:35:12
5.068 554.049 3650.732 13:35:13
5.064 554.439 2806.829 13:35:14
5.064 552.634 2856.585 13:35:15
5.068 554.049 2801.951 13:35:16
5.076 514.829 2614.634 13:35:17
5.068 554.634 2804.878 13:35:18
5.060 552.927 2801.951 13:35:19
5.068 556.244 2814.634 13:35:20
5.064 559.366 2801.951 13:35:21
5.068 555.268 2819.512 13:35:22
5.096 468.878 2400.976 13:35:23
5.096 467.463 2380.488 13:35:24
5.096 470.439 2385.366 13:35:25
5.096 472.634 2391.220 13:35:26
5.000 739.854 3692.683 13:35:27
5.068 553.171 2799.024 13:35:28
5.068 554.537 2804.878 13:35:29
