5.068 552.439 2797.073 12:23:34
5.016 679.439 3377.561 12:23:35
5.012 683.024 3393.659 12:23:36
5.068 551.146 2790.244 12:23:37
5.068 551.049 2819.024 12:23:38
5.080 514.244 2609.268 12:23:39
5.012 712.829 3553.171 12:23:40
5.064 549.951 2789.268 12:23:41
5.008 714.122 3520.488 12:23:42
5.064 551.049 2792.683 12:23:43
5.068 551.756 2793.171 12:23:44
5.100 466.146 2375.122 12:23:45
5.068 553.049 2806.341 12:23:46
5.068 551.049 2833.171 12:23:47
5.064 553.659 2801.463 12:23:48
5.024 671.927 2805.366 12:23:49
5.068 554.537 2808.293 12:23:50
5.092 465.659 2384.878 12:23:51
5.068 556.659 2819.024 12:23:52
5.068 551.146 2790.732 12:23:53
5.068 553.439 2806.341 12:23:54
5.068 550.439 2785.366 12:23:55
5.056 580.854 2941.951 12:23:56
5.084 485.854 2529.756 12:23:57
5.076 509.463 2616.585 12:23:58
5.064 553.951 2810.244 12:23:59
5.068 561.756 2816.585 12:24:00
5.076 526.341 2671.220 12:24:01
5.068 553.756 2806.829 12:24:02
5.068 553.341 2802.927 12:24:03
5.080 513.561 2829.268 12:24:04
5.068 551.439 2791.707 12:24:05
5.068 553.854 2813.171 12:24:06
5.064 552.049 2793.171 12:24:07
5.068 551.146 2790.732 12:24:09
5.068 553.341 2799.512 12:24:10
5.096 480.854 2383.902 12:24:11
5.096 469.951 2384.878 12:24:12
5.080 527.341 2641.463 12:24:13
5.068 553.439 2799.024 12:24:14
5.064 551.439 2791.707 12:24:15
