5.000 727.439 3675.610 12:47:29
5.012 692.634 3496.585 12:47:30
5.016 694.341 3420.000 12:47:31
5.068 556.756 2815.122 12:47:32
5.092 479.366 2587.317 12:47:33
5.096 491.561 2393.659 12:47:34
5.008 717.220 3581.951 12:47:35
5.068 553.146 2807.805 12:47:36
4.996 754.317 3761.951 12:47:37
5.068 555.537 2811.707 12:47:38
5.008 718.732 3595.122 12:47:39
5.080 517.439 2627.805 12:47:40
5.008 715.537 3581.951 12:47:41
5.064 553.537 2795.122 12:47:42
5.012 712.439 3567.805 12:47:43
5.056 569.439 2803.902 12:47:44
5.068 557.537 2818.049 12:47:45
5.088 507.463 2570.244 12:47:46
5.084 512.049 2539.024 12:47:47
5.052 591.439 2980.976 12:47:48
5.068 552.244 2795.610 12:47:49
5.060 552.537 2801.463 12:47:50
5.064 559.341 2810.732 12:47:51
5.068 552.439 2795.122 12:47:52
5.068 553.756 2894.146 12:47:53
5.068 555.146 2798.049 12:47:54
5.068 552.341 2794.146 12:47:56
5.068 555.341 2813.171 12:47:57
5.072 555.537 2806.341 12:47:58
5.064 553.146 2803.902 12:47:59
4.968 551.341 2806.341 12:48:00
5.076 530.146 2673.659 12:48:01
5.076 527.341 2682.927 12:48:02
5.068 552.659 2859.512 12:48:03
5.076 516.561 2612.683 12:48:04
5.100 467.244 2385.854 12:48:05
5.068 555.341 2815.122 12:48:06
5.064 551.854 2807.805 12:48:07
5.064 554.537 2804.390 12:48:08
5.064 555.341 2807.805 12:48:09
5.068 554.756 2815.122 12:48:10
5.084 505.244 2560.000 12:48:11
5.096 467.366 2387.317 12:48:12
5.096 468.366 2383.902 12:48:13
5.064 551.756 2794.146 12:48:14
5.068 554.049 2875.610 12:48:15
5.068 554.049 2809.268 12:48:16
