5.008 734.439 3674.634 22:34:58
5.016 689.146 3431.220 22:34:59
5.032 651.634 3941.951 22:35:00
5.076 528.439 2685.366 22:35:01
5.076 529.756 2683.902 22:35:02
5.084 524.049 2652.683 22:35:03
5.100 469.049 2388.780 22:35:04
5.056 589.951 2972.195 22:35:05
5.056 590.951 3103.415 22:35:06
5.028 708.732 3572.683 22:35:07
5.072 554.049 2803.902 22:35:08
5.056 555.854 2813.171 22:35:09
5.068 556.244 2809.268 22:35:10
5.064 575.854 2917.073 22:35:11
5.012 717.634 3651.707 22:35:12
5.068 553.439 2808.293 22:35:13
5.072 559.146 2839.512 22:35:14
5.072 542.659 2740.000 22:35:15
5.000 754.537 3768.293 22:35:16
5.064 599.439 2997.073 22:35:17
5.012 718.829 3603.902 22:35:18
5.060 590.634 2931.707 22:35:19
4.996 697.341 3687.805 22:35:20
5.016 735.537 2951.707 22:35:21
5.008 726.341 3603.902 22:35:22
5.012 718.439 3670.732 22:35:23
5.068 562.951 2847.805 22:35:25
5.012 715.634 3568.780 22:35:26
5.052 558.049 3594.146 22:35:27
5.056 589.463 2997.073 22:35:28
5.068 555.024 2829.268 22:35:29
5.068 554.439 2811.707 22:35:30
5.068 557.756 2818.537 22:35:31
5.048 567.122 2808.780 22:35:32
5.012 714.439 3598.049 22:35:33
5.060 557.659 2854.634 22:35:34
5.060 593.561 2919.024 22:35:35
5.016 718.439 2939.512 22:35:36
5.064 608.732 3062.439 22:35:37
5.012 691.512 3585.366 22:35:38
5.056 590.439 3000.000 22:35:39
5.068 572.829 2809.756 22:35:40
5.072 554.732 2824.390 22:35:41
5.036 554.927 2804.878 22:35:42
5.064 553.951 2824.390 22:35:43
5.012 715.610 3562.927 22:35:44
5.064 571.756 2827.317 22:35:45
5.056 676.244 3021.463 22:35:46
5.072 554.439 2841.951 22:35:47
5.080 518.732 2634.146 22:35:48
5.080 517.366 2648.780 22:35:49
5.088 503.659 2391.220 22:35:50
5.100 471.951 2391.220 22:35:51
5.100 468.439 2389.268 22:35:52
5.084 544.439 2643.902 22:35:53
5.064 555.951 2821.463 22:35:54
5.072 556.244 2804.878 22:35:55
