5.004 732.024 3591.707 21:48:06
5.024 677.024 3416.585 21:48:07
5.016 703.024 3572.683 21:48:08
5.072 558.439 2817.073 21:48:09
5.096 477.146 2430.244 21:48:10
5.084 514.854 2635.122 21:48:11
5.012 714.634 3573.171 21:48:12
5.068 553.439 2804.390 21:48:13
5.008 717.634 3595.610 21:48:14
5.072 553.537 2801.951 21:48:15
5.008 720.220 3588.780 21:48:16
5.084 527.244 2627.805 21:48:17
5.012 714.634 3583.902 21:48:18
5.068 552.951 2805.366 21:48:19
5.012 720.122 3596.585 21:48:20
5.068 553.049 2807.805 21:48:21
5.020 725.122 3591.707 21:48:22
5.080 519.049 2627.317 21:48:23
5.020 711.244 3586.341 21:48:24
5.068 554.049 3034.634 21:48:25
5.068 553.854 2819.512 21:48:26
5.068 554.146 2804.390 21:48:27
5.008 704.537 3605.366 21:48:28
5.040 586.049 2910.732 21:48:29
5.008 758.024 3570.244 21:48:30
5.072 556.341 2803.902 21:48:31
5.012 711.829 3592.683 21:48:32
5.068 553.146 2810.244 21:48:33
5.056 592.732 3001.951 21:48:34
5.068 577.537 2802.927 21:48:35
5.072 553.244 2811.707 21:48:36
5.072 553.537 2805.366 21:48:37
5.064 556.439 2805.366 21:48:38
5.068 556.756 2816.585 21:48:39
5.064 592.244 3626.829 21:48:40
5.068 556.146 2815.610 21:48:41
5.072 552.756 2786.829 21:48:42
5.072 553.537 2806.341 21:48:43
5.068 553.341 2809.268 21:48:44
5.084 521.951 2645.366 21:48:45
5.100 468.244 2386.341 21:48:46
5.068 556.244 2819.512 21:48:47
5.068 553.537 2814.146 21:48:48
5.064 555.756 2817.073 21:48:49
5.072 556.049 2803.902 21:48:50
5.064 556.244 2819.512 21:48:51
5.084 515.659 2621.463 21:48:52
5.100 471.659 2403.415 21:48:53
5.000 738.341 3693.171 21:48:54
5.068 553.049 2805.366 21:48:55
5.072 555.049 2810.732 21:48:56
