5.004 735.220 3668.293 20:58:41
5.016 701.732 3442.927 20:58:42
5.012 684.927 3504.878 20:58:43
5.068 552.537 2799.512 20:58:44
5.092 477.659 2429.756 20:58:45
5.096 468.146 2399.512 20:58:46
5.008 715.244 3581.951 20:58:47
5.064 553.854 2798.049 20:58:48
5.008 705.829 3553.171 20:58:49
5.064 554.854 2809.268 20:58:50
5.056 589.634 2975.610 20:58:51
5.096 468.146 2425.854 20:58:52
5.064 554.951 2814.146 20:58:53
5.064 554.854 2812.683 20:58:54
5.064 554.537 2810.244 20:58:55
5.068 552.439 2801.463 20:58:56
5.068 553.146 2801.951 20:58:57
5.100 466.854 2393.659 20:58:58
5.008 715.537 3578.049 20:58:59
5.080 518.146 2622.927 20:59:00
5.072 685.146 2792.683 20:59:01
5.064 565.244 2845.854 20:59:02
5.068 551.854 2796.585 20:59:03
5.080 522.756 2641.463 20:59:04
5.096 467.366 2379.512 20:59:05
5.068 554.244 2809.268 20:59:06
5.068 553.341 2844.390 20:59:07
5.064 554.439 2809.268 20:59:08
5.068 562.537 2808.293 20:59:09
5.068 552.439 2791.707 20:59:10
5.100 466.854 2431.220 20:59:11
5.064 553.049 2799.024 20:59:12
5.052 589.537 2975.610 20:59:13
5.068 552.756 2799.512 20:59:14
5.068 553.244 2804.390 20:59:15
5.068 556.659 2795.122 20:59:16
5.100 468.049 2383.415 20:59:17
5.096 470.756 2408.780 20:59:18
5.000 736.024 3640.488 20:59:19
5.068 555.659 2806.829 20:59:20
5.068 551.854 2795.122 20:59:21
