5.004 721.024 3607.805 21:16:50
5.020 694.732 3590.244 21:16:51
5.020 701.439 3474.146 21:16:52
5.064 557.341 2814.146 21:16:53
5.096 531.659 2429.756 21:16:54
5.096 468.756 2386.341 21:16:55
5.000 757.732 3750.732 21:16:56
5.068 555.244 2826.829 21:16:57
5.012 713.829 3594.146 21:16:58
5.064 555.439 2902.927 21:16:59
5.020 676.146 3390.244 21:17:00
5.108 443.366 2263.415 21:17:01
5.012 753.707 3585.366 21:17:02
5.068 555.366 3671.220 21:17:03
5.068 552.341 2800.976 21:17:04
5.020 552.634 2814.634 21:17:05
5.068 553.268 2824.390 21:17:06
5.080 514.732 2650.732 21:17:07
5.020 557.756 2808.780 21:17:08
5.056 636.927 2999.024 21:17:09
5.064 553.268 2803.902 21:17:10
5.056 582.927 2942.439 21:17:11
5.008 720.146 3569.756 21:17:12
5.088 488.146 2565.854 21:17:13
5.092 493.073 2546.341 21:17:14
5.080 518.732 2621.463 21:17:15
5.068 557.024 2822.439 21:17:16
5.068 554.244 2797.073 21:17:17
5.068 552.439 2797.073 21:17:18
5.068 652.927 2856.585 21:17:19
5.064 556.634 2829.268 21:17:20
5.096 469.073 2380.488 21:17:21
5.060 555.854 2816.585 21:17:22
5.068 554.732 2806.829 21:17:23
5.068 555.366 2799.024 21:17:24
5.068 553.024 2799.024 21:17:25
5.064 556.341 2809.756 21:17:26
5.096 471.268 2381.463 21:17:27
5.096 468.537 2383.415 21:17:28
5.096 469.854 2406.829 21:17:29
5.096 474.634 2394.146 21:17:30
5.100 467.951 2371.707 21:17:31
5.068 552.634 2800.976 21:17:32
5.064 557.561 2800.976 21:17:33
5.068 552.146 2797.073 21:17:34
