5.004 732.829 3666.829 22:13:33
5.020 698.732 3495.610 22:13:34
5.024 695.537 3438.537 22:13:35
5.068 555.854 2817.073 22:13:36
5.072 555.439 2806.829 22:13:37
5.084 519.049 2642.927 22:13:38
5.012 715.537 3594.146 22:13:39
5.068 555.341 2816.585 22:13:40
5.024 674.829 3391.707 22:13:41
5.068 562.756 2910.732 22:13:42
5.012 715.732 3611.707 22:13:43
5.100 472.756 2397.561 22:13:44
5.012 713.732 3575.122 22:13:45
5.068 553.244 2825.854 22:13:46
5.020 710.122 3351.220 22:13:47
5.068 553.951 2803.902 22:13:48
5.012 712.927 3615.610 22:13:49
5.064 515.146 2618.049 22:13:50
5.008 714.732 3573.171 22:13:51
5.068 556.756 2814.146 22:13:52
5.012 739.341 3794.634 22:13:53
5.040 642.341 2819.024 22:13:54
5.016 712.537 3581.951 22:13:55
5.068 554.244 2809.268 22:13:56
5.068 589.439 2806.829 22:13:57
5.064 561.659 2858.049 22:13:58
5.008 729.537 3582.927 22:13:59
5.064 556.756 2819.024 22:14:00
5.080 528.561 2680.488 22:14:01
5.080 532.146 2691.220 22:14:02
5.056 710.829 3575.122 22:14:03
5.048 554.244 2833.171 22:14:04
5.064 554.049 2822.927 22:14:05
5.012 714.829 3566.341 22:14:06
5.068 555.049 3027.317 22:14:07
5.072 555.049 2809.268 22:14:08
5.068 553.951 2818.049 22:14:09
5.072 556.146 2806.341 22:14:10
5.064 569.146 2831.707 22:14:11
5.072 553.659 2812.683 22:14:12
5.072 556.854 2809.268 22:14:13
5.072 556.659 2843.902 22:14:14
5.072 553.537 2806.341 22:14:15
5.068 556.049 2816.585 22:14:16
5.072 554.756 2803.902 22:14:17
5.072 553.659 2874.146 22:14:18
5.072 555.951 2807.805 22:14:19
5.072 559.244 2821.463 22:14:20
5.100 471.049 2400.976 22:14:21
5.100 468.951 2400.000 22:14:22
5.100 469.756 2386.341 22:14:23
5.100 470.951 2405.854 22:14:24
5.068 560.049 3008.293 22:14:25
5.072 557.756 2829.268 22:14:26
5.068 555.146 2815.610 22:14:27
