5.004 707.732 3546.829 22:16:11
5.016 681.439 3526.829 22:16:12
5.016 686.829 3466.341 22:16:13
5.068 555.854 2815.122 22:16:14
5.072 552.951 2820.488 22:16:15
5.080 519.146 2637.561 22:16:16
5.100 468.951 2422.439 22:16:17
5.068 553.244 2819.512 22:16:18
5.072 552.854 2806.341 22:16:19
5.068 553.049 2800.488 22:16:20
5.068 555.854 2812.683 22:16:21
5.068 552.756 2819.024 22:16:22
5.068 553.537 2805.366 22:16:23
5.020 704.122 2801.951 22:16:24
5.068 553.049 2853.171 22:16:25
5.044 593.537 3392.683 22:16:26
5.056 605.537 2949.756 22:16:27
5.068 541.439 2836.585 22:16:28
5.060 684.537 3936.098 22:16:29
5.016 586.951 3303.415 22:16:30
5.012 708.341 3590.244 22:16:31
5.008 716.024 3602.927 22:16:32
5.016 671.341 3104.390 22:16:33
5.004 727.927 3665.366 22:16:34
5.068 717.927 3132.195 22:16:35
5.072 553.659 2807.805 22:16:37
5.068 556.537 2825.854 22:16:38
5.020 556.537 2824.390 22:16:39
5.068 553.439 2761.951 22:16:40
5.052 553.146 2816.585 22:16:41
5.068 617.244 3077.073 22:16:42
5.012 717.220 3639.512 22:16:43
5.060 701.732 3565.366 22:16:44
5.008 789.537 3599.024 22:16:45
5.064 553.659 2804.390 22:16:46
5.072 557.756 2810.732 22:16:47
5.068 553.756 2806.341 22:16:48
5.072 552.756 2826.829 22:16:49
5.072 556.854 2819.512 22:16:50
5.064 566.756 2874.146 22:16:51
5.072 554.439 2801.463 22:16:52
5.072 553.341 2815.122 22:16:53
5.072 555.537 2816.585 22:16:54
5.068 561.341 2806.341 22:16:55
5.084 517.341 2646.829 22:16:56
5.100 467.756 2387.317 22:16:57
5.072 552.756 2806.829 22:16:58
5.068 578.756 2804.390 22:16:59
5.080 528.049 2695.122 22:17:00
5.080 790.415 2640.488 22:17:01
5.080 600.854 2683.902 22:17:02
5.028 677.634 3418.537 22:17:03
5.072 556.659 2808.293 22:17:04
5.068 555.537 3102.439 22:17:05
5.068 555.049 2816.585 22:17:06
