5.008 705.024 3591.707 21:53:06
5.020 691.146 3514.146 21:53:07
5.012 686.439 3456.098 21:53:08
5.072 555.049 2826.829 21:53:09
5.068 555.341 2819.512 21:53:10
5.080 468.244 2403.415 21:53:11
5.000 712.537 3610.244 21:53:12
5.072 553.049 2801.463 21:53:13
5.012 705.024 3592.683 21:53:14
5.068 553.439 2816.585 21:53:15
5.012 718.024 3597.561 21:53:16
5.100 471.146 2389.756 21:53:17
5.012 717.537 3586.341 21:53:18
5.068 556.146 2821.951 21:53:19
5.012 718.024 3579.024 21:53:20
5.072 553.756 2809.268 21:53:21
5.012 708.829 3570.244 21:53:22
5.068 661.537 2819.512 21:53:23
5.012 708.927 3595.122 21:53:24
5.072 557.146 2850.732 21:53:25
5.060 556.537 2860.488 21:53:26
5.016 599.439 2965.854 21:53:27
5.004 743.829 3746.829 21:53:28
5.068 556.049 2828.293 21:53:29
5.064 558.854 2881.951 21:53:30
5.068 554.049 2837.073 21:53:31
5.072 555.659 2866.829 21:53:32
5.084 515.244 2642.927 21:53:33
5.092 491.463 2520.000 21:53:34
5.068 565.244 3016.098 21:53:35
5.072 555.537 2821.463 21:53:36
5.052 560.439 2874.634 21:53:37
5.068 553.146 2808.293 21:53:38
5.064 583.146 3187.317 21:53:39
5.016 719.024 3556.585 21:53:40
5.060 640.439 3034.634 21:53:41
5.008 722.341 3561.951 21:53:42
5.068 554.146 2818.049 21:53:43
5.072 591.732 2815.610 21:53:44
5.084 513.951 2622.439 21:53:45
5.080 521.049 2622.439 21:53:46
5.064 555.146 2812.683 21:53:47
5.064 553.146 2818.049 21:53:48
5.068 553.439 2806.341 21:53:49
5.068 563.439 2807.805 21:53:50
5.072 557.049 2815.122 21:53:51
5.100 468.049 2384.878 21:53:52
5.096 470.951 2417.073 21:53:53
5.068 554.951 2814.146 21:53:54
5.072 552.854 2801.463 21:53:55
5.068 555.756 2816.585 21:53:56
