5.000 735.024 3680.488 21:14:32
4.940 834.244 3713.171 21:14:33
5.016 734.537 3655.610 21:14:34
5.064 555.561 2814.634 21:14:35
5.096 476.976 2438.049 21:14:36
5.096 470.732 2408.780 21:14:37
5.012 713.024 3570.732 21:14:38
5.068 555.268 2811.707 21:14:39
5.008 705.854 3592.195 21:14:40
5.068 553.268 2816.585 21:14:41
5.012 704.341 3567.805 21:14:42
5.080 518.537 2634.146 21:14:43
5.004 711.756 3570.732 21:14:44
5.008 559.171 2797.073 21:14:45
5.064 557.756 2821.463 21:14:46
5.068 552.829 2797.073 21:14:47
5.064 556.146 2831.220 21:14:48
5.084 539.756 2616.585 21:14:49
5.068 552.927 2801.951 21:14:50
5.068 555.366 2813.659 21:14:51
5.064 555.463 2816.585 21:14:52
5.060 575.366 2911.220 21:14:53
5.064 555.561 2864.390 21:14:54
5.064 571.366 2733.659 21:14:55
5.068 553.366 2839.024 21:14:56
5.052 587.366 2906.341 21:14:57
4.984 717.854 3012.683 21:14:58
5.012 689.512 3150.244 21:14:59
5.076 528.732 2686.829 21:15:00
5.108 443.268 2266.341 21:15:01
5.084 489.854 2485.854 21:15:02
5.068 559.659 2837.073 21:15:03
5.056 588.146 3059.512 21:15:04
5.008 712.634 3545.366 21:15:05
5.060 552.634 2809.756 21:15:06
5.068 552.537 2803.902 21:15:07
5.064 556.341 2811.707 21:15:08
5.096 470.439 2396.098 21:15:09
5.080 517.268 2624.390 21:15:10
5.100 469.366 2405.854 21:15:11
5.084 514.146 2610.732 21:15:12
5.096 469.463 2398.049 21:15:13
5.000 740.341 3662.439 21:15:14
5.064 560.049 2827.317 21:15:15
5.068 558.829 2826.341 21:15:16
