5.000 730.341 3651.707 20:44:39
5.016 689.634 3519.024 20:44:40
5.024 687.244 3458.049 20:44:41
5.068 554.341 2808.293 20:44:42
5.096 482.659 2796.585 20:44:43
5.068 552.659 2802.927 20:44:44
5.008 712.122 3560.488 20:44:45
5.064 553.854 2813.171 20:44:46
5.068 554.146 2806.829 20:44:47
5.064 554.341 2807.805 20:44:48
5.064 555.244 2813.171 20:44:49
5.076 469.561 2396.098 20:44:50
5.068 556.341 2810.244 20:44:51
5.068 552.244 2795.610 20:44:52
5.068 553.439 2790.244 20:44:53
5.064 555.146 2803.902 20:44:54
5.052 588.341 2985.854 20:44:55
5.100 466.366 2376.098 20:44:56
5.068 550.854 2791.707 20:44:57
5.068 555.146 2802.927 20:44:58
5.068 555.659 2793.171 20:44:59
5.064 557.146 2819.512 20:45:00
5.068 551.146 3298.537 20:45:01
5.108 441.463 2252.195 20:45:02
5.068 551.756 2793.171 20:45:03
5.068 554.659 2806.829 20:45:04
5.064 551.341 2790.732 20:45:05
5.056 589.146 2976.585 20:45:06
5.064 551.659 2799.512 20:45:07
5.064 551.854 2795.610 20:45:08
5.068 554.756 2804.390 20:45:09
5.064 551.854 2795.610 20:45:10
5.068 550.659 2801.463 20:45:11
5.064 554.341 2807.805 20:45:12
5.096 471.561 2390.732 20:45:13
5.100 479.244 2375.122 20:45:14
5.004 734.341 3678.049 20:45:15
5.064 553.854 2799.024 20:45:16
5.052 584.244 2804.390 20:45:17
