5.000 733.220 3669.268 21:04:15
5.012 700.927 3516.585 21:04:16
5.020 710.829 3490.244 21:04:17
5.068 553.341 2800.488 21:04:18
5.092 478.049 2428.293 21:04:19
5.092 469.366 2399.512 21:04:20
5.096 467.463 2381.951 21:04:21
5.004 725.829 3582.927 21:04:22
5.068 552.756 2799.024 21:04:23
5.060 552.951 2816.585 21:04:24
5.032 560.439 2859.512 21:04:25
5.024 595.854 3263.902 21:04:26
5.060 576.341 3476.585 21:04:27
5.064 678.244 2970.732 21:04:28
5.048 610.146 2922.927 21:04:29
5.068 552.537 2800.488 21:04:30
5.064 551.951 2799.512 21:04:31
5.068 554.854 2807.805 21:04:32
5.080 514.146 2607.317 21:04:33
5.068 556.049 2826.829 21:04:34
5.068 567.756 2799.512 21:04:35
5.068 552.439 2800.488 21:04:36
5.068 552.146 2799.024 21:04:37
5.072 551.951 2807.805 21:04:38
5.080 516.341 2636.098 21:04:39
5.064 554.244 2805.366 21:04:40
5.068 552.244 2796.585 21:04:41
5.068 552.146 2799.512 21:04:42
5.068 554.756 2794.146 21:04:43
5.068 553.146 2795.122 21:04:44
5.080 516.244 2611.707 21:04:45
5.064 554.756 2807.805 21:04:46
5.068 554.854 2797.073 21:04:47
5.068 551.854 2796.585 21:04:48
5.068 555.244 2815.122 21:04:49
5.068 552.951 2803.902 21:04:50
5.100 469.146 2394.634 21:04:51
5.100 467.049 2381.951 21:04:52
5.100 468.366 2378.537 21:04:53
5.096 469.463 2396.098 21:04:54
5.096 467.366 2378.537 21:04:55
5.000 716.634 3669.268 21:04:56
5.068 552.951 2800.488 21:04:57
