5.004 728.927 3644.390 21:10:58
5.016 682.244 3472.683 21:10:59
5.020 676.244 3443.902 21:11:00
5.076 529.049 2683.902 21:11:01
5.076 527.341 2680.000 21:11:02
5.052 593.146 3079.512 21:11:03
5.008 718.220 3570.244 21:11:04
5.068 552.854 2803.902 21:11:05
5.008 714.829 3575.122 21:11:06
5.064 555.659 2805.366 21:11:07
5.008 711.244 3560.000 21:11:08
5.068 553.341 3107.317 21:11:09
4.996 753.317 3772.195 21:11:10
5.064 554.341 2809.268 21:11:11
5.064 555.244 2813.171 21:11:12
5.084 516.439 2626.341 21:11:13
5.068 552.854 2800.488 21:11:14
5.064 553.146 2801.951 21:11:15
5.068 617.829 2795.610 21:11:16
5.040 551.756 2802.927 21:11:17
5.064 555.537 2808.293 21:11:18
5.064 537.951 2619.024 21:11:19
5.064 555.244 2807.805 21:11:20
5.052 600.732 2980.976 21:11:21
5.012 713.024 3556.585 21:11:22
5.068 552.341 2816.585 21:11:23
5.012 704.829 3386.341 21:11:24
5.088 536.244 2801.951 21:11:25
5.080 513.561 3049.756 21:11:26
5.064 558.537 2820.488 21:11:27
5.064 553.341 2801.951 21:11:28
5.068 555.756 2812.683 21:11:29
5.068 552.756 2798.049 21:11:30
5.068 555.146 2811.707 21:11:31
5.080 504.244 2555.122 21:11:32
5.068 552.756 2800.488 21:11:33
5.068 552.854 2814.146 21:11:34
5.068 554.756 2817.073 21:11:35
5.068 553.537 2802.927 21:11:36
5.064 554.537 2809.268 21:11:37
5.100 469.049 2380.976 21:11:38
5.100 467.146 2382.439 21:11:39
5.068 553.756 2818.049 21:11:40
5.064 555.854 2801.463 21:11:41
5.068 552.341 2810.244 21:11:42
