5.008 734.634 3670.244 20:40:26
5.016 669.634 3490.244 20:40:27
5.020 700.024 3462.927 20:40:28
5.068 549.659 2796.585 20:40:29
5.092 475.244 2416.098 20:40:30
5.100 466.049 2379.512 20:40:31
4.996 752.537 3724.390 20:40:32
5.068 552.659 2792.683 20:40:33
5.068 550.146 2788.293 20:40:34
5.064 550.146 2788.293 20:40:35
5.072 550.756 2790.732 20:40:36
5.100 465.463 2371.220 20:40:37
5.068 553.146 2785.366 20:40:38
5.068 550.049 2794.146 20:40:39
5.068 550.659 2795.610 20:40:40
5.068 550.341 2850.244 20:40:41
5.068 552.951 2801.463 20:40:42
5.068 547.439 2777.561 20:40:43
5.068 554.756 2795.610 20:40:44
5.064 549.439 2786.829 20:40:45
5.068 550.951 2786.829 20:40:46
5.068 550.146 2790.244 20:40:47
5.064 554.439 2795.610 20:40:48
5.088 494.341 2491.220 20:40:49
5.084 494.341 2544.878 20:40:50
5.068 549.439 2788.293 20:40:51
5.068 549.951 3535.122 20:40:52
5.068 551.951 2795.610 20:40:53
5.056 587.439 2969.268 20:40:54
5.068 550.146 2799.512 20:40:55
5.100 478.366 2372.195 20:40:56
5.068 546.537 2749.268 20:40:57
5.100 467.951 2373.659 20:40:58
5.128 390.463 1990.244 20:40:59
5.016 428.366 2194.634 20:41:00
5.108 439.951 2247.317 20:41:01
5.076 525.854 2669.268 20:41:02
5.068 549.537 2801.951 20:41:03
5.068 550.146 2786.341 20:41:04
