5.008 728.122 3666.829 20:42:33
5.016 696.927 3498.049 20:42:34
5.008 705.341 3420.000 20:42:35
5.068 553.439 2804.390 20:42:36
5.096 481.659 2443.415 20:42:37
5.096 470.561 2395.122 20:42:38
5.008 713.732 3586.341 20:42:39
5.068 554.146 2803.902 20:42:40
5.072 550.854 2789.268 20:42:41
5.068 553.756 2803.902 20:42:42
5.064 554.659 2795.122 20:42:43
5.080 514.951 2617.561 20:42:44
5.064 552.659 2807.805 20:42:45
5.068 552.146 2794.146 20:42:46
5.068 552.146 2785.366 20:42:47
5.068 554.146 2799.512 20:42:48
5.064 551.049 2799.024 20:42:49
5.096 486.366 2602.927 20:42:50
5.068 550.951 2794.146 20:42:51
5.068 553.951 2806.341 20:42:52
5.064 553.146 2807.805 20:42:53
5.068 574.951 2830.732 20:42:54
5.068 551.146 2795.610 20:42:55
5.088 494.244 2569.756 20:42:56
5.092 490.561 2480.000 20:42:57
5.068 551.659 2798.049 20:42:58
5.064 551.146 2784.390 20:42:59
5.064 553.244 2806.341 20:43:00
5.076 525.244 2667.805 20:43:01
5.076 525.049 2671.220 20:43:02
5.064 552.537 2794.146 20:43:03
5.068 551.537 2798.049 20:43:04
5.068 554.537 2807.805 20:43:05
5.092 477.854 2417.561 20:43:06
5.068 551.146 2965.854 20:43:07
5.096 466.561 2390.732 20:43:08
5.000 733.220 3662.927 20:43:09
5.064 552.659 2799.024 20:43:10
5.068 550.756 2789.268 20:43:11
