5.008 733.220 3671.707 22:08:22
5.020 689.341 3496.585 22:08:23
5.020 702.341 3526.341 22:08:24
5.068 558.756 2819.512 22:08:25
5.096 480.854 2449.756 22:08:26
5.080 521.341 2663.902 22:08:27
5.016 712.927 3582.927 22:08:28
5.072 556.146 2817.073 22:08:29
5.004 696.927 3480.000 22:08:30
5.072 626.537 3006.829 22:08:31
5.012 714.927 3590.244 22:08:32
5.080 513.951 2631.220 22:08:33
5.008 711.537 3606.341 22:08:34
5.068 553.854 2823.902 22:08:35
5.016 703.634 3572.683 22:08:36
5.024 554.049 2802.927 22:08:37
5.008 720.634 3575.122 22:08:38
5.072 553.439 2809.268 22:08:39
5.016 724.341 3558.049 22:08:40
5.068 553.659 2804.390 22:08:41
4.996 750.634 4276.098 22:08:42
5.064 555.951 2896.585 22:08:43
5.020 623.756 3083.902 22:08:44
5.012 713.220 3560.000 22:08:45
5.068 556.341 2806.829 22:08:46
5.068 561.659 2911.220 22:08:47
5.000 775.902 3821.463 22:08:48
5.068 554.927 2804.878 22:08:49
5.072 574.927 2803.902 22:08:50
5.008 564.732 2862.439 22:08:51
5.064 554.146 2811.707 22:08:52
4.996 746.927 3738.537 22:08:53
5.084 514.829 2619.512 22:08:54
5.068 556.927 2818.537 22:08:55
5.072 553.268 2803.902 22:08:56
5.068 558.732 2824.390 22:08:57
5.072 553.268 2818.537 22:08:58
5.072 553.463 2804.878 22:08:59
5.080 518.146 2626.341 22:09:00
5.076 528.537 2681.951 22:09:01
5.064 626.341 2816.585 22:09:02
5.052 678.829 3534.634 22:09:03
5.060 589.024 2981.463 22:09:04
5.096 467.951 2383.415 22:09:05
5.068 554.537 2809.756 22:09:06
5.072 553.463 2813.659 22:09:07
5.064 553.024 2808.780 22:09:08
5.072 552.634 2801.951 22:09:09
5.068 552.829 2804.878 22:09:10
5.100 467.366 2383.415 22:09:11
5.072 553.854 2816.585 22:09:12
5.072 553.171 2814.634 22:09:13
5.072 555.366 2826.341 22:09:14
