5.004 741.537 3665.366 20:56:31
5.012 700.024 3508.780 20:56:32
5.024 692.537 3446.341 20:56:33
5.064 556.756 2813.171 20:56:34
5.068 552.341 2797.073 20:56:35
5.096 469.951 2393.659 20:56:36
5.012 716.634 3586.341 20:56:37
5.064 552.659 2798.049 20:56:38
5.008 720.024 3577.561 20:56:39
5.068 570.049 2808.293 20:56:40
5.052 591.146 2991.707 20:56:41
5.072 525.561 2569.756 20:56:42
5.064 555.439 2810.244 20:56:43
5.068 554.146 2799.512 20:56:44
5.068 555.756 2800.488 20:56:45
5.068 552.854 2797.073 20:56:46
5.068 552.439 2812.683 20:56:47
5.080 517.951 2626.341 20:56:48
4.976 756.537 3711.707 20:56:49
5.068 555.049 2810.732 20:56:50
5.064 551.146 2795.122 20:56:51
5.052 590.854 2990.732 20:56:52
5.064 552.244 2792.683 20:56:53
5.084 513.756 2615.122 20:56:54
5.100 470.366 2393.659 20:56:55
5.060 553.146 2803.902 20:56:56
5.072 552.244 2795.122 20:56:57
5.064 556.659 2814.146 20:56:58
5.068 552.951 2800.488 20:56:59
5.080 519.146 2644.878 20:57:00
5.092 469.463 2400.976 20:57:01
5.104 442.049 2256.098 20:57:02
5.052 587.951 2970.732 20:57:03
5.064 553.756 2804.390 20:57:04
5.068 553.146 2799.024 20:57:05
5.068 551.854 2801.951 20:57:06
5.064 552.146 2801.463 20:57:07
5.100 470.049 2378.537 20:57:08
4.996 736.634 3698.049 20:57:09
5.068 552.659 2793.171 20:57:10
5.068 552.341 2795.610 20:57:11
