5.012 558.439 2828.293 21:13:23
5.012 691.537 3440.488 21:13:24
5.020 694.732 3521.463 21:13:25
5.068 556.659 2828.293 21:13:26
5.064 556.244 2816.585 21:13:27
5.096 471.366 2399.512 21:13:28
5.004 716.024 3580.000 21:13:29
5.068 557.854 2809.268 21:13:30
5.008 716.927 3604.390 21:13:31
5.068 555.244 2809.268 21:13:32
5.004 694.341 3561.951 21:13:33
5.096 470.854 2661.463 21:13:34
5.008 718.927 3580.000 21:13:35
5.064 557.439 2819.512 21:13:36
5.068 556.439 2816.585 21:13:37
5.064 553.854 2829.268 21:13:38
5.068 553.341 2800.488 21:13:39
5.084 532.049 2629.268 21:13:40
5.068 553.537 2805.366 21:13:41
5.068 553.439 2803.902 21:13:42
5.068 555.439 2811.707 21:13:43
5.068 553.756 2829.268 21:13:44
5.008 710.439 3589.268 21:13:45
5.080 515.659 2620.488 21:13:46
5.012 715.732 3588.780 21:13:47
5.068 552.537 2799.024 21:13:48
5.008 712.341 3545.366 21:13:49
5.068 555.463 3553.171 21:13:50
5.052 642.244 2957.073 21:13:51
5.068 554.049 2819.512 21:13:52
5.096 469.854 2394.146 21:13:53
5.068 554.927 2814.634 21:13:54
5.064 552.732 2804.878 21:13:55
5.064 555.463 2811.707 21:13:56
5.068 555.366 2862.439 21:13:57
5.068 554.341 2800.976 21:13:58
5.096 472.049 2396.098 21:13:59
5.108 433.756 2215.610 21:14:00
5.096 471.561 2393.171 21:14:01
5.096 469.561 2385.366 21:14:02
5.068 552.829 2797.073 21:14:03
5.068 552.244 2800.976 21:14:04
5.000 726.537 3690.732 21:14:05
5.068 552.049 2797.073 21:14:06
5.068 552.439 2809.756 21:14:07
