5.000 730.024 3650.244 21:00:53
5.004 708.122 3505.366 21:00:54
5.016 687.634 3555.610 21:00:55
5.068 552.854 2810.244 21:00:56
5.092 478.659 2426.341 21:00:57
5.096 467.951 2386.341 21:00:58
5.008 715.024 3580.000 21:00:59
5.068 553.049 2804.390 21:01:00
5.020 690.634 3471.220 21:01:01
5.072 527.341 2680.000 21:01:02
5.012 716.537 3581.951 21:01:03
5.080 516.244 2625.366 21:01:04
5.068 553.854 2801.951 21:01:05
5.068 554.659 2834.146 21:01:06
5.064 555.049 2807.805 21:01:07
5.064 553.146 2801.463 21:01:08
5.052 557.146 3535.610 21:01:09
5.068 552.439 2809.268 21:01:10
5.068 552.756 2790.244 21:01:11
5.068 558.537 2809.268 21:01:12
5.068 551.951 2796.585 21:01:13
5.068 556.756 2795.610 21:01:14
5.068 552.146 2793.171 21:01:15
5.008 716.927 3584.390 21:01:16
5.064 552.439 2799.024 21:01:17
5.064 554.756 2810.732 21:01:18
5.068 552.854 2799.024 21:01:19
5.088 492.854 2566.341 21:01:20
5.008 699.024 3552.683 21:01:21
5.064 552.951 3582.927 21:01:22
5.064 555.049 2810.732 21:01:23
5.064 555.244 2807.805 21:01:24
5.068 554.341 2795.122 21:01:25
5.072 552.537 2810.732 21:01:26
5.064 554.951 2814.146 21:01:27
5.068 554.049 2797.073 21:01:28
5.064 555.146 2810.244 21:01:29
5.068 554.756 2809.268 21:01:30
5.100 467.659 2389.756 21:01:31
5.092 472.854 2422.439 21:01:32
5.000 735.341 3680.488 21:01:33
5.068 555.146 2812.683 21:01:34
5.068 553.951 2806.341 21:01:35
