5.000 731.829 3635.122 20:53:13
5.012 680.439 3509.268 20:53:14
5.024 694.024 3513.659 20:53:15
5.064 556.341 2813.171 20:53:16
5.092 476.854 2428.293 20:53:17
5.124 392.756 2013.171 20:53:18
5.096 471.366 2392.195 20:53:19
5.068 556.146 2818.049 20:53:20
5.064 553.756 2828.293 20:53:21
5.024 564.049 2881.951 20:53:22
5.064 553.756 2807.805 20:53:23
5.040 593.049 3450.244 20:53:24
5.012 715.927 3613.171 20:53:25
5.064 557.756 2815.122 20:53:26
5.060 557.439 2810.244 20:53:27
5.064 556.537 2807.805 20:53:28
5.068 552.756 2814.146 20:53:29
5.076 469.951 2393.659 20:53:30
5.100 471.756 2401.463 20:53:31
5.068 552.146 2809.268 20:53:32
5.068 552.244 2795.610 20:53:33
5.064 555.341 2805.366 20:53:34
5.068 554.244 2803.902 20:53:35
5.068 554.659 2797.073 20:53:36
5.096 467.951 2379.512 20:53:37
5.068 552.146 2793.171 20:53:38
5.068 553.951 2801.951 20:53:39
5.068 556.854 2808.293 20:53:40
5.064 554.854 2810.244 20:53:41
5.064 552.341 3050.732 20:53:42
5.096 466.659 2379.512 20:53:43
5.068 552.537 2802.927 20:53:44
5.068 554.341 2815.610 20:53:45
5.068 552.659 2798.049 20:53:46
5.064 555.049 2819.024 20:53:47
5.064 555.146 2809.268 20:53:48
5.064 554.854 2806.829 20:53:49
5.100 468.561 2385.854 20:53:50
5.100 467.756 2382.439 20:53:51
5.064 556.049 2806.341 20:53:52
5.068 555.537 2810.732 20:53:53
