5.004 724.439 3647.805 20:55:26
5.008 688.634 3457.561 20:55:27
5.016 696.439 3495.610 20:55:28
5.056 589.341 2980.488 20:55:29
5.068 551.951 2796.585 20:55:30
5.100 470.049 2380.976 20:55:31
5.008 711.341 3561.463 20:55:32
5.068 554.439 2821.951 20:55:33
5.008 718.341 3605.366 20:55:34
5.064 554.537 2809.268 20:55:35
5.068 555.659 2813.171 20:55:36
5.096 479.854 2413.659 20:55:37
5.068 554.146 2801.463 20:55:38
5.024 633.146 2963.415 20:55:39
5.064 554.854 2810.732 20:55:40
5.068 554.146 2806.341 20:55:41
5.064 555.341 2810.244 20:55:42
5.080 517.049 2611.220 20:55:43
5.064 554.854 2808.293 20:55:44
5.068 683.634 3380.000 20:55:45
5.012 710.024 3615.610 20:55:46
5.048 614.829 3320.000 20:55:47
5.068 555.341 2891.707 20:55:48
5.096 470.366 2393.659 20:55:49
5.096 467.659 2384.878 20:55:50
5.068 552.756 2808.293 20:55:51
5.068 555.049 2814.146 20:55:52
5.064 553.439 2810.244 20:55:53
5.064 554.659 2805.366 20:55:54
5.064 552.244 2795.122 20:55:55
5.092 469.463 2385.854 20:55:56
5.060 575.049 2897.073 20:55:57
5.068 554.439 2811.707 20:55:58
5.068 554.659 2823.902 20:55:59
5.060 523.659 2662.927 20:56:00
5.064 554.146 2804.390 20:56:01
5.104 442.268 2262.439 20:56:02
5.064 554.244 2791.707 20:56:03
5.068 552.341 2796.585 20:56:04
5.068 551.756 2797.073 20:56:05
5.064 552.146 2795.610 20:56:06
