5.000 727.829 3685.854 21:06:30
5.016 688.927 3478.049 21:06:31
5.016 693.634 3540.000 21:06:32
5.072 555.049 2815.122 21:06:33
5.092 476.049 2428.780 21:06:34
5.076 522.049 2647.805 21:06:35
5.076 524.341 2928.293 21:06:36
5.068 556.756 2810.732 21:06:37
5.012 719.024 3581.951 21:06:38
5.052 588.756 2969.756 21:06:39
5.008 719.122 3580.000 21:06:40
5.084 518.951 2632.683 21:06:41
5.064 556.244 2816.585 21:06:42
5.068 552.439 2815.122 21:06:43
5.064 554.146 2821.951 21:06:44
5.064 552.659 2795.610 21:06:45
5.068 553.756 2799.024 21:06:46
5.080 518.561 2623.902 21:06:47
5.068 552.244 2801.463 21:06:48
5.028 598.146 2965.854 21:06:49
4.992 750.829 3750.732 21:06:50
5.068 563.634 2794.146 21:06:51
5.060 682.024 3471.220 21:06:52
5.096 476.756 2393.659 21:06:53
5.064 563.854 2871.707 21:06:54
5.068 555.244 2801.951 21:06:55
5.068 553.049 2795.610 21:06:56
5.064 554.756 2806.341 21:06:57
5.068 552.244 2800.488 21:06:58
5.068 554.951 2808.293 21:06:59
5.084 514.341 2604.878 21:07:00
5.064 563.439 2851.707 21:07:01
5.076 527.659 2684.390 21:07:02
5.068 555.756 2812.683 21:07:03
5.068 553.049 2803.902 21:07:04
5.064 555.537 2812.683 21:07:05
5.080 516.951 2622.927 21:07:06
5.100 470.146 2380.976 21:07:07
5.080 517.146 2628.780 21:07:08
5.096 468.463 2381.951 21:07:09
5.000 731.220 3692.683 21:07:10
5.060 554.439 2807.805 21:07:11
5.056 591.537 2981.951 21:07:12
