4.984 757.829 3852.195 20:48:52
5.008 685.732 3436.585 20:48:53
5.016 700.122 3514.146 20:48:54
5.064 554.049 2807.805 20:48:55
5.080 511.756 2605.366 20:48:56
5.076 521.341 2642.927 20:48:57
5.008 713.732 3558.049 20:48:58
5.068 554.244 2799.024 20:48:59
4.972 688.927 3435.122 20:49:00
5.072 553.854 2806.341 20:49:01
5.064 573.341 2840.488 20:49:02
5.080 518.854 2631.220 20:49:03
5.096 469.146 2398.537 20:49:04
5.064 555.537 2815.122 20:49:05
5.068 556.756 2810.732 20:49:06
5.056 588.341 2982.927 20:49:07
5.068 551.756 2795.610 20:49:08
5.068 551.146 2794.146 20:49:09
5.076 477.951 2636.585 20:49:10
5.068 556.146 2808.293 20:49:11
5.064 585.341 2841.951 20:49:12
5.068 555.439 2812.683 20:49:13
5.072 551.439 2808.293 20:49:14
5.068 552.659 2795.122 20:49:15
5.100 466.854 2373.659 20:49:16
5.068 552.756 2807.805 20:49:17
5.052 589.244 2978.537 20:49:18
5.072 552.244 2792.683 20:49:19
5.060 553.756 2795.122 20:49:20
5.068 568.244 2830.244 20:49:21
5.088 504.049 2643.902 20:49:22
5.044 569.951 2896.585 20:49:23
5.068 553.756 2807.805 20:49:24
5.064 553.244 2801.951 20:49:25
5.068 554.439 2812.683 20:49:26
5.064 555.146 2819.024 20:49:27
5.064 551.854 2795.122 20:49:28
5.080 502.146 2556.585 20:49:29
5.000 730.341 3695.610 20:49:30
5.064 553.854 2816.585 20:49:31
5.068 551.756 2795.122 20:49:32
