5.008 735.024 3650.244 22:22:50
4.964 868.829 4205.854 22:22:51
5.012 715.756 3550.244 22:22:52
5.068 554.341 2816.585 22:22:53
5.100 479.951 2434.146 22:22:54
5.100 472.146 2405.854 22:22:55
5.012 716.244 3592.195 22:22:56
5.056 584.439 2951.220 22:22:57
5.012 696.341 3583.415 22:22:58
5.068 558.439 2809.756 22:22:59
5.024 701.317 3438.049 22:23:00
5.108 444.146 2265.366 22:23:01
5.024 703.317 3459.512 22:23:02
5.072 554.049 2803.902 22:23:03
5.068 556.927 2814.634 22:23:04
5.068 563.561 2867.317 22:23:05
5.012 734.244 3680.976 22:23:06
5.048 616.049 3110.244 22:23:07
5.012 720.439 3602.927 22:23:08
5.060 613.561 3602.927 22:23:09
5.000 760.927 3802.927 22:23:10
5.068 557.756 2781.463 22:23:11
5.012 718.049 3578.537 22:23:12
5.060 528.049 3072.195 22:23:13
5.064 563.268 2859.512 22:23:14
5.052 598.829 2989.268 22:23:15
4.996 724.927 3675.122 22:23:16
5.068 557.024 2821.463 22:23:17
5.012 715.122 3887.805 22:23:18
5.056 586.146 3030.244 22:23:19
5.016 713.951 3644.878 22:23:20
5.068 557.463 2831.220 22:23:21
5.048 597.854 3137.561 22:23:22
5.012 712.927 3604.878 22:23:23
5.052 595.561 3059.512 22:23:24
5.072 556.927 2836.098 22:23:25
5.068 553.463 2814.634 22:23:26
5.068 553.659 2808.780 22:23:27
5.044 709.512 3187.317 22:23:28
5.068 554.146 2801.951 22:23:29
5.064 556.732 2811.707 22:23:30
5.072 553.561 2801.951 22:23:31
5.068 553.659 2803.902 22:23:32
5.068 556.341 2818.537 22:23:33
5.056 558.244 2821.463 22:23:34
5.072 553.659 2811.707 22:23:35
5.068 553.951 2804.878 22:23:36
5.068 553.366 2806.829 22:23:37
5.072 553.171 2803.902 22:23:38
5.068 553.659 2800.976 22:23:39
5.100 469.268 2388.293 22:23:40
5.100 468.537 2386.341 22:23:41
5.004 728.341 3649.756 22:23:42
5.068 553.171 2804.878 22:23:43
5.072 554.049 2800.976 22:23:44
