5.000 739.439 3670.732 21:40:44
5.016 701.024 3516.585 21:40:45
5.016 694.439 3551.707 21:40:46
5.068 556.756 2817.073 21:40:47
5.072 553.756 2806.341 21:40:48
5.080 522.146 2656.585 21:40:49
5.012 717.537 3522.439 21:40:50
5.072 552.951 2801.463 21:40:51
5.008 728.024 3577.561 21:40:52
5.064 679.439 3362.439 21:40:53
5.012 709.732 3585.366 21:40:54
5.100 468.561 2384.878 21:40:55
5.012 714.439 3580.488 21:40:56
5.068 553.146 2802.927 21:40:57
5.012 697.634 3779.512 21:40:58
5.060 554.439 2804.390 21:40:59
5.008 714.537 3635.610 21:41:00
5.068 555.244 2818.049 21:41:01
5.012 696.244 3480.488 21:41:02
5.072 571.439 2806.829 21:41:03
5.072 553.341 2801.951 21:41:04
5.068 562.659 2836.585 21:41:05
5.100 468.244 2387.317 21:41:06
5.072 553.244 3609.268 21:41:07
5.068 553.244 2802.927 21:41:08
5.068 553.854 2806.341 21:41:09
5.012 718.024 3581.463 21:41:10
5.064 556.049 2811.707 21:41:11
5.072 568.341 2802.927 21:41:12
5.068 555.659 2815.122 21:41:13
5.072 553.854 2818.049 21:41:14
5.072 555.951 2819.512 21:41:15
5.068 553.049 2802.927 21:41:16
5.016 670.537 3451.707 21:41:17
5.060 552.951 2818.049 21:41:18
5.068 553.854 2802.927 21:41:19
5.072 553.244 2803.902 21:41:20
5.068 553.146 2804.390 21:41:21
5.100 469.463 2383.902 21:41:22
5.072 555.659 2815.122 21:41:23
5.068 556.146 2806.341 21:41:24
5.072 554.146 2803.902 21:41:25
5.068 555.244 2817.073 21:41:26
5.072 555.049 2800.488 21:41:27
5.080 477.244 2388.780 21:41:28
5.100 471.951 2397.073 21:41:29
5.072 553.341 2806.341 21:41:30
5.064 551.951 2805.366 21:41:31
5.068 562.049 2801.463 21:41:32
