5.004 717.927 3698.049 22:05:48
5.024 701.341 3499.024 22:05:49
5.016 692.927 3476.098 22:05:50
5.068 553.244 2803.902 22:05:51
5.100 477.854 2434.634 22:05:52
5.100 470.244 2396.098 22:05:53
5.000 741.829 3740.488 22:05:54
5.072 555.146 2834.146 22:05:55
5.012 714.244 3595.610 22:05:56
5.068 553.049 2816.585 22:05:57
5.008 719.122 3591.707 22:05:58
5.084 520.244 2646.341 22:05:59
5.008 688.244 3516.585 22:06:00
5.076 528.951 2686.829 22:06:01
5.016 719.439 3448.780 22:06:02
5.072 553.854 2817.073 22:06:03
5.008 707.244 3673.171 22:06:04
5.068 555.439 2815.610 22:06:05
5.012 720.341 3586.341 22:06:06
5.068 553.537 2806.829 22:06:07
5.012 711.829 3578.049 22:06:08
5.068 554.951 2811.707 22:06:09
5.068 553.756 2806.341 22:06:10
5.068 554.537 2815.610 22:06:11
5.000 554.341 2854.634 22:06:12
5.068 621.049 3382.927 22:06:13
4.976 588.146 3190.732 22:06:14
5.064 567.146 2872.683 22:06:15
5.068 554.439 2816.585 22:06:16
5.060 575.756 2900.976 22:06:17
5.072 557.439 2821.463 22:06:18
5.036 566.756 2854.634 22:06:19
5.008 720.024 3653.171 22:06:20
5.072 556.244 2816.585 22:06:21
5.064 555.854 2770.244 22:06:22
5.072 555.439 3476.098 22:06:23
5.068 555.951 3466.829 22:06:24
5.072 553.659 2830.244 22:06:25
5.064 554.146 2805.366 22:06:26
5.072 556.146 2805.366 22:06:27
5.072 553.244 2809.268 22:06:28
5.060 553.341 2869.268 22:06:29
5.068 555.951 2817.073 22:06:30
5.100 471.146 2390.732 22:06:31
5.080 514.854 2619.024 22:06:32
5.100 467.756 2400.976 22:06:33
5.104 468.463 2392.195 22:06:34
5.104 468.366 2405.854 22:06:35
5.100 469.854 2399.512 22:06:36
5.100 466.951 2392.195 22:06:37
5.000 739.732 3683.902 22:06:38
5.068 553.659 2806.341 22:06:39
5.068 555.146 2810.244 22:06:40
