5.000 735.122 3746.829 20:54:19
5.012 709.927 3523.902 20:54:20
5.012 696.927 3484.878 20:54:21
5.044 628.049 3118.537 20:54:22
5.096 477.146 2426.341 20:54:23
5.104 447.659 2282.439 20:54:24
5.096 469.951 2383.415 20:54:25
5.068 553.341 2798.049 20:54:26
5.052 593.341 3044.390 20:54:27
5.064 555.659 2831.707 20:54:28
5.068 552.439 2851.707 20:54:29
5.064 552.341 2797.073 20:54:30
5.048 647.829 3736.585 20:54:31
5.064 591.146 2944.390 20:54:32
5.068 553.854 2801.951 20:54:33
5.064 555.244 2812.683 20:54:34
5.064 564.439 2801.463 20:54:35
5.096 468.463 2383.415 20:54:36
5.096 514.244 2390.732 20:54:37
5.064 552.146 2806.341 20:54:38
5.064 555.049 2821.951 20:54:39
5.068 552.146 2793.171 20:54:40
5.064 554.854 2808.293 20:54:41
5.068 556.439 2807.805 20:54:42
5.100 468.951 2397.073 20:54:44
5.068 555.537 2796.585 20:54:45
5.072 551.951 2800.488 20:54:46
5.064 556.439 2806.829 20:54:47
5.064 565.049 2850.732 20:54:48
5.068 557.146 2795.610 20:54:49
5.080 515.439 2620.000 20:54:50
5.068 554.537 2795.122 20:54:51
5.068 553.537 2800.488 20:54:52
5.068 673.634 3546.341 20:54:53
5.064 554.854 2825.854 20:54:54
5.064 553.951 2799.512 20:54:55
5.096 470.463 2398.537 20:54:56
5.100 467.756 2382.439 20:54:57
5.096 467.146 2383.902 20:54:58
5.068 554.341 2806.829 20:54:59
5.068 556.659 2799.024 20:55:00
