5.072 554.146 2806.341 22:30:54
5.024 686.024 3491.707 22:30:55
5.012 678.732 3473.659 22:30:56
5.072 553.439 2813.171 22:30:57
5.068 553.244 2808.293 22:30:58
5.088 506.244 2558.537 22:30:59
5.004 684.146 3420.000 22:31:00
5.080 528.146 2682.439 22:31:01
5.012 689.927 3486.829 22:31:02
5.068 555.756 2817.073 22:31:03
5.012 716.341 3560.000 22:31:04
5.100 481.049 2392.683 22:31:05
5.004 712.829 3582.927 22:31:06
5.056 698.927 3222.439 22:31:07
5.012 723.024 3590.732 22:31:08
5.064 555.951 2819.512 22:31:09
4.968 765.122 3769.756 22:31:10
5.068 567.439 3145.854 22:31:11
5.012 727.829 3609.268 22:31:12
5.016 565.756 2860.488 22:31:13
4.992 706.829 3646.341 22:31:14
5.036 725.024 2806.829 22:31:15
5.016 710.829 3666.829 22:31:16
5.064 556.659 2820.488 22:31:17
5.004 742.927 3732.195 22:31:18
5.068 631.951 3229.756 22:31:19
5.004 765.829 3748.293 22:31:20
4.996 753.317 3738.049 22:31:21
5.016 715.927 3561.463 22:31:22
5.068 553.659 2820.488 22:31:23
4.996 717.732 3546.829 22:31:24
5.016 705.122 3580.488 22:31:25
5.072 574.049 2920.976 22:31:26
5.068 556.049 2826.829 22:31:27
5.072 554.439 2817.073 22:31:28
5.072 554.341 2811.707 22:31:29
5.068 559.854 2817.073 22:31:30
5.060 559.951 2846.829 22:31:31
5.056 594.634 2996.098 22:31:32
4.996 695.732 3521.463 22:31:33
5.072 553.439 2818.049 22:31:34
5.068 554.049 2815.122 22:31:35
5.068 559.146 2809.268 22:31:36
5.068 555.244 2823.902 22:31:37
5.068 555.537 2804.390 22:31:38
5.068 553.951 2810.732 22:31:39
5.056 579.756 3074.634 22:31:40
5.068 553.439 2810.244 22:31:41
5.100 471.244 2386.341 22:31:42
5.088 506.463 2577.561 22:31:43
5.100 469.146 2396.098 22:31:44
5.100 470.366 2402.439 22:31:45
5.100 472.659 2427.317 22:31:46
5.100 467.951 2388.780 22:31:47
5.052 553.854 3038.049 22:31:48
5.072 552.854 2801.463 22:31:49
