5.004 703.732 3526.829 21:43:10
5.004 726.732 3638.049 21:43:11
5.016 702.341 3542.439 21:43:12
5.068 556.732 2818.537 21:43:13
5.096 477.366 2448.780 21:43:14
5.104 446.146 2290.732 21:43:15
5.100 469.171 2405.854 21:43:16
5.068 554.244 2808.780 21:43:17
5.072 553.561 2801.951 21:43:18
5.072 636.049 3362.927 21:43:19
5.012 559.171 2889.756 21:43:20
5.064 554.146 3535.610 21:43:21
5.008 715.756 3530.732 21:43:22
5.068 563.463 2841.951 21:43:23
5.016 697.122 3522.927 21:43:24
5.068 558.537 2816.585 21:43:25
5.068 553.854 2843.902 21:43:26
5.036 564.537 2939.512 21:43:27
5.052 589.220 2968.780 21:43:28
5.068 555.659 2839.024 21:43:29
5.020 719.415 3580.488 21:43:30
5.072 555.659 2821.463 21:43:31
5.072 557.171 2814.634 21:43:32
5.068 556.049 2816.585 21:43:33
5.080 514.732 2641.951 21:43:34
5.068 553.366 2800.976 21:43:35
5.032 567.268 2808.780 21:43:36
5.068 556.146 2829.268 21:43:37
5.072 552.829 2877.073 21:43:38
5.068 554.927 2804.878 21:43:39
5.072 536.634 2729.756 21:43:40
5.072 584.537 2801.951 21:43:41
5.068 553.659 2814.634 21:43:42
5.068 555.561 2811.707 21:43:43
5.068 553.171 2811.707 21:43:44
5.068 557.756 2804.878 21:43:45
5.100 467.463 2385.366 21:43:46
5.072 553.463 2819.512 21:43:47
5.072 552.732 2797.073 21:43:48
5.068 555.561 2816.585 21:43:49
5.072 556.146 2832.195 21:43:50
5.068 557.561 2821.463 21:43:51
5.100 482.341 2458.537 21:43:52
5.100 472.537 2402.927 21:43:53
5.100 469.561 2394.146 21:43:54
5.100 467.756 2398.049 21:43:55
5.100 470.634 2403.902 21:43:56
5.068 553.268 2803.902 21:43:57
5.068 558.244 2829.268 21:43:58
