5.072 553.951 2879.512 22:20:09
5.016 686.634 3462.439 22:20:10
5.020 697.537 3511.707 22:20:11
5.072 555.244 2809.268 22:20:12
5.100 476.854 2437.073 22:20:13
5.128 392.756 2011.707 22:20:14
5.104 471.146 2400.000 22:20:15
5.068 553.537 2801.951 22:20:16
5.012 721.537 3571.707 22:20:17
5.072 553.146 2810.732 22:20:18
5.068 552.854 2802.927 22:20:19
5.064 561.341 2845.854 22:20:20
5.012 723.927 3590.244 22:20:21
5.060 582.634 2965.366 22:20:22
5.016 719.024 3603.902 22:20:23
5.072 552.756 2804.390 22:20:24
5.008 712.122 3483.902 22:20:25
5.064 550.659 2795.122 22:20:26
5.020 718.927 3575.610 22:20:27
5.052 711.024 3139.512 22:20:28
5.004 769.732 3572.683 22:20:29
5.020 722.732 3572.683 22:20:30
5.072 556.244 2819.024 22:20:31
5.008 718.537 3583.902 22:20:32
5.068 553.537 2806.341 22:20:33
5.072 553.537 2821.463 22:20:34
5.068 556.537 2890.732 22:20:35
5.072 553.341 2823.902 22:20:36
5.084 515.561 2620.488 22:20:37
5.012 715.341 3795.610 22:20:38
5.068 553.756 2871.707 22:20:39
5.072 555.854 2819.024 22:20:40
5.064 564.341 2855.610 22:20:41
5.060 586.049 3126.829 22:20:42
5.060 576.244 2910.244 22:20:43
5.060 609.732 3033.171 22:20:44
5.064 563.951 2816.585 22:20:45
5.016 713.341 3576.585 22:20:46
5.072 555.049 2803.902 22:20:47
5.068 555.537 2819.024 22:20:48
5.068 555.854 2821.951 22:20:49
5.064 553.756 2812.683 22:20:50
5.072 552.341 2830.732 22:20:51
5.068 555.439 2821.463 22:20:52
5.068 560.854 2803.902 22:20:53
5.084 525.439 2649.268 22:20:54
5.068 553.049 2826.829 22:20:55
5.068 553.854 2825.366 22:20:56
5.068 553.659 2820.488 22:20:57
5.072 553.854 2804.390 22:20:58
5.076 528.439 2681.463 22:20:59
5.104 472.756 2410.244 22:21:01
5.112 442.756 2267.317 22:21:02
5.076 528.244 2682.439 22:21:03
5.072 552.756 2801.463 22:21:04
5.072 551.537 2801.463 22:21:05
