5.008 724.732 3578.049 21:45:38
5.024 686.146 3478.049 21:45:39
5.020 694.341 3411.220 21:45:40
5.056 590.439 2961.951 21:45:41
5.068 553.537 2815.610 21:45:42
5.104 469.463 2385.854 21:45:43
5.012 718.927 3602.927 21:45:44
5.044 552.854 2801.951 21:45:45
5.012 714.732 3581.951 21:45:46
5.068 552.951 2832.683 21:45:47
5.008 717.537 3598.049 21:45:48
5.084 517.561 2636.585 21:45:49
5.012 717.537 3592.683 21:45:50
5.072 558.049 2821.463 21:45:51
5.012 723.024 3559.024 21:45:52
5.016 596.439 2979.512 21:45:53
5.012 716.634 3591.707 21:45:54
5.080 515.049 2618.049 21:45:55
5.068 555.854 2826.829 21:45:56
5.072 553.439 2805.366 21:45:57
5.072 554.244 2815.122 21:45:58
5.068 555.854 2803.902 21:45:59
5.012 715.024 3573.171 21:46:00
5.080 528.049 2689.268 21:46:01
5.076 528.951 2683.902 21:46:02
5.072 553.049 2803.902 21:46:03
5.068 562.854 2819.024 21:46:04
5.020 712.537 3602.927 21:46:05
5.056 611.854 3038.537 21:46:06
5.068 552.659 2798.049 21:46:07
5.056 583.634 3100.000 21:46:08
5.056 647.829 3065.854 21:46:09
5.068 563.951 2814.146 21:46:10
5.012 566.244 2883.415 21:46:11
5.072 552.659 2793.171 21:46:12
5.072 559.659 2799.512 21:46:13
5.068 572.439 2814.146 21:46:14
5.072 555.049 2815.122 21:46:15
5.068 555.049 2834.146 21:46:16
5.068 553.244 2877.073 21:46:17
5.068 553.341 2800.488 21:46:18
5.072 558.756 2817.073 21:46:19
5.068 556.049 2819.024 21:46:20
5.068 553.439 2810.732 21:46:21
5.084 471.659 2400.000 21:46:22
5.100 470.756 2389.756 21:46:23
5.004 733.220 3688.293 21:46:24
5.072 552.756 2799.512 21:46:25
5.072 552.659 2801.463 21:46:26
