5.008 728.732 3626.829 22:21:31
5.004 732.537 3615.610 22:21:32
5.016 680.537 3528.780 22:21:33
5.068 554.854 2802.927 22:21:34
5.096 477.854 2445.854 22:21:35
5.084 520.561 2650.244 22:21:36
5.084 517.439 2688.780 22:21:37
5.064 553.439 2852.683 22:21:38
5.016 715.341 3577.561 22:21:39
5.056 552.756 2812.683 22:21:40
5.004 710.439 3549.268 22:21:41
5.072 553.854 2809.268 22:21:42
4.996 754.829 3750.244 22:21:43
5.072 554.951 2823.902 22:21:44
5.012 719.829 3671.707 22:21:45
5.068 553.439 2806.341 22:21:46
5.020 715.634 3566.829 22:21:47
5.080 517.659 2620.000 22:21:48
5.016 724.220 3566.829 22:21:49
5.056 608.854 2969.268 22:21:50
4.976 735.634 3569.268 22:21:51
5.068 676.829 3454.146 22:21:52
5.012 713.439 3568.780 22:21:53
5.036 683.829 3918.537 22:21:54
5.012 718.732 3583.902 22:21:55
5.064 553.537 2815.122 22:21:56
5.068 664.439 2810.244 22:21:57
5.016 712.927 3506.829 22:21:58
5.064 578.951 2889.268 22:21:59
5.060 544.244 2768.780 22:22:00
4.992 560.341 2627.317 22:22:01
5.080 528.561 2683.902 22:22:02
5.056 602.146 3006.829 22:22:03
5.072 553.244 2819.024 22:22:04
5.060 555.341 2802.927 22:22:05
5.068 554.341 2799.512 22:22:06
5.016 713.341 3560.000 22:22:07
5.056 648.634 2841.951 22:22:08
5.072 553.341 2803.902 22:22:09
5.068 554.756 2802.927 22:22:10
5.068 554.049 2806.829 22:22:11
5.068 553.537 2811.707 22:22:12
5.068 557.049 2825.854 22:22:13
5.068 563.439 2846.829 22:22:14
5.068 556.537 2820.488 22:22:15
5.064 553.439 2813.171 22:22:16
5.068 554.244 2812.683 22:22:17
5.068 553.756 2806.341 22:22:18
5.068 556.659 2825.366 22:22:19
5.100 469.854 2389.756 22:22:20
5.084 515.341 2617.561 22:22:21
5.100 469.951 2400.000 22:22:22
5.072 552.341 2810.732 22:22:23
5.072 553.146 2799.024 22:22:24
5.072 552.951 2808.293 22:22:25
