5.004 738.927 3655.122 22:00:38
5.016 677.341 3514.146 22:00:39
5.016 698.341 3580.000 22:00:40
5.068 558.854 2801.951 22:00:41
5.096 476.854 2445.854 22:00:42
5.084 514.341 2615.122 22:00:43
5.012 716.927 3551.220 22:00:44
5.072 560.659 2811.707 22:00:45
5.008 715.122 3542.927 22:00:46
5.056 564.634 3515.122 22:00:47
5.016 714.244 3586.829 22:00:48
5.084 467.561 2390.732 22:00:49
5.000 742.439 3849.268 22:00:50
5.072 554.659 2807.805 22:00:51
5.016 716.927 3587.805 22:00:52
5.072 555.049 2842.927 22:00:53
5.016 713.732 3574.146 22:00:54
5.080 514.341 2847.805 22:00:55
5.012 697.122 3531.220 22:00:56
5.056 588.951 3742.927 22:00:57
5.008 695.122 3520.000 22:00:58
5.072 555.244 2815.122 22:00:59
5.020 686.634 3482.927 22:01:00
5.080 528.951 2683.902 22:01:01
5.056 535.854 2760.488 22:01:02
5.068 553.854 2817.073 22:01:03
5.044 556.146 2801.951 22:01:04
5.072 554.049 2804.390 22:01:05
5.080 515.439 2660.488 22:01:06
5.072 554.341 2806.341 22:01:07
5.056 595.049 3769.268 22:01:08
5.012 716.732 3599.024 22:01:09
5.064 577.049 2911.707 22:01:10
5.052 588.756 2942.927 22:01:11
5.084 514.756 2631.220 22:01:12
5.068 554.049 2814.146 22:01:13
5.068 593.439 2806.341 22:01:14
5.072 556.341 2824.390 22:01:15
5.072 552.951 2801.951 22:01:16
5.068 553.244 2814.146 22:01:17
5.080 517.244 2629.268 22:01:18
5.056 591.341 2990.732 22:01:19
5.060 588.537 2920.976 22:01:20
5.012 718.634 3568.780 22:01:21
5.068 555.049 2849.268 22:01:22
5.012 715.927 3590.244 22:01:23
5.100 470.854 2399.512 22:01:24
5.100 468.463 2384.878 22:01:25
5.100 471.463 2389.756 22:01:26
5.100 468.463 2396.098 22:01:27
5.072 553.439 2818.049 22:01:28
5.068 555.244 2840.488 22:01:29
5.056 590.634 2985.854 22:01:30
