5.004 732.829 3656.585 20:59:46
5.012 702.122 3442.927 20:59:47
5.016 696.829 3549.268 20:59:48
5.064 553.244 2800.488 20:59:49
5.068 555.341 2813.171 20:59:50
5.100 467.659 2381.951 20:59:51
5.012 712.122 3604.390 20:59:52
5.068 557.659 2829.268 20:59:53
5.008 717.341 3511.707 20:59:54
5.068 554.951 2807.805 20:59:55
5.008 701.341 3576.585 20:59:56
5.080 514.244 2610.244 20:59:57
5.064 553.537 2816.585 20:59:58
5.064 559.439 2928.293 20:59:59
5.068 555.756 2814.146 21:00:00
5.076 529.659 2674.146 21:00:01
5.076 527.951 2678.049 21:00:02
5.068 554.854 2816.585 21:00:03
5.008 712.439 3558.049 21:00:04
5.056 680.244 3039.512 21:00:05
5.012 709.927 3594.146 21:00:06
5.064 552.537 2804.390 21:00:07
5.068 568.854 2874.146 21:00:08
5.068 555.756 2815.122 21:00:09
5.068 552.854 2798.049 21:00:10
5.068 555.439 2811.707 21:00:11
5.068 552.439 2799.024 21:00:12
5.064 553.244 2803.902 21:00:13
5.080 514.146 2614.146 21:00:14
5.068 553.951 2803.902 21:00:15
5.072 554.341 2796.585 21:00:16
5.056 593.244 2994.634 21:00:17
5.068 552.244 2815.122 21:00:18
5.064 553.146 2798.049 21:00:19
5.096 467.756 2383.415 21:00:20
5.096 484.756 2384.878 21:00:21
5.096 468.049 2383.902 21:00:22
5.100 467.659 2395.122 21:00:23
5.100 468.049 2383.902 21:00:24
5.096 467.951 2380.976 21:00:25
5.068 567.439 2806.341 21:00:26
5.068 559.049 2828.293 21:00:27
5.068 554.146 2810.244 21:00:28
