5.004 721.634 3608.780 21:28:38
5.008 696.829 3508.780 21:28:39
5.012 698.024 3496.585 21:28:40
5.068 553.146 2812.683 21:28:41
5.068 554.244 2811.707 21:28:42
5.080 521.341 2645.366 21:28:43
5.008 721.220 3606.829 21:28:44
5.040 626.537 3243.415 21:28:45
5.012 714.244 3571.707 21:28:46
5.068 552.756 2836.585 21:28:47
5.008 716.537 3560.488 21:28:48
5.080 577.634 2859.512 21:28:49
5.008 713.537 3577.561 21:28:50
5.052 709.537 2865.366 21:28:51
5.008 712.829 3575.610 21:28:52
5.068 555.756 2814.146 21:28:53
5.064 555.439 2817.073 21:28:54
5.064 553.049 2811.707 21:28:55
5.052 591.146 2974.634 21:28:56
5.008 715.024 3581.463 21:28:57
5.060 554.659 2804.390 21:28:58
5.052 586.537 2957.073 21:28:59
5.076 491.244 2492.683 21:29:00
5.008 598.951 2955.610 21:29:01
5.068 553.854 2803.902 21:29:02
5.060 576.244 2967.317 21:29:03
5.048 589.341 2953.171 21:29:04
5.060 723.537 3182.439 21:29:05
5.080 516.561 2618.049 21:29:06
5.056 588.049 2971.707 21:29:07
5.068 553.659 2801.463 21:29:08
5.068 554.659 2798.049 21:29:09
5.068 559.049 2797.073 21:29:10
5.072 554.951 2810.244 21:29:11
5.076 519.439 2640.000 21:29:12
5.068 552.439 2853.171 21:29:13
5.052 589.537 3026.829 21:29:14
5.056 692.829 3541.463 21:29:15
5.068 553.439 2805.366 21:29:16
5.068 552.854 2804.390 21:29:17
5.084 505.951 2571.220 21:29:18
5.096 469.659 2390.732 21:29:19
5.100 470.659 2397.073 21:29:20
5.100 469.463 2390.732 21:29:21
5.040 630.634 3177.073 21:29:22
5.068 554.244 2813.171 21:29:23
5.068 552.439 2798.049 21:29:24
