5.068 556.659 2846.829 21:38:17
5.020 686.439 3583.902 21:38:18
5.020 707.829 3574.146 21:38:19
5.068 555.439 2826.829 21:38:20
5.088 511.561 2550.244 21:38:21
5.128 392.951 2013.171 21:38:22
5.100 468.366 2388.780 21:38:23
5.064 552.951 2809.268 21:38:24
5.072 553.049 2803.902 21:38:25
5.064 563.634 2839.512 21:38:26
5.068 581.756 2813.171 21:38:27
5.072 555.951 2802.927 21:38:28
5.072 554.854 2802.927 21:38:29
5.060 615.146 2949.268 21:38:30
5.068 557.439 2904.390 21:38:31
5.068 565.049 2816.585 21:38:32
5.072 556.049 2830.244 21:38:33
5.064 583.146 2876.585 21:38:34
5.008 711.439 3600.488 21:38:35
5.068 555.244 3014.146 21:38:36
5.016 713.024 3562.927 21:38:37
5.068 562.537 2828.293 21:38:38
5.068 552.659 2806.341 21:38:39
5.068 567.756 2872.683 21:38:40
5.072 654.634 3220.000 21:38:41
5.072 553.439 2812.683 21:38:42
5.060 553.146 2804.390 21:38:43
5.064 553.951 2803.902 21:38:44
5.072 553.951 2801.951 21:38:45
5.068 553.439 2803.902 21:38:46
5.068 554.854 2819.512 21:38:47
5.068 555.951 2813.171 21:38:48
5.060 677.146 2804.390 21:38:50
5.068 552.756 2806.341 21:38:51
5.100 471.463 2394.634 21:38:52
5.072 552.341 2809.268 21:38:53
5.072 552.854 2801.951 21:38:54
5.068 554.659 2800.488 21:38:55
5.072 555.049 3210.732 21:38:56
5.068 554.049 2821.463 21:38:57
5.100 470.854 2399.512 21:38:58
5.100 468.244 2383.415 21:38:59
5.108 445.146 2264.878 21:39:00
5.092 534.854 2668.780 21:39:01
5.088 493.951 2524.878 21:39:02
5.084 521.244 2646.829 21:39:03
5.068 555.854 2809.268 21:39:04
5.068 569.049 2814.146 21:39:05
5.068 552.659 2807.805 21:39:06
