4.992 768.317 3834.634 20:49:57
5.016 697.634 3509.268 20:49:58
5.008 733.537 3727.805 20:49:59
5.072 545.463 2877.073 20:50:00
5.080 517.561 2608.780 20:50:01
5.092 488.341 2491.707 20:50:02
4.972 825.805 3994.146 20:50:03
5.064 556.732 2808.780 20:50:04
5.004 713.024 3564.878 20:50:05
5.068 555.756 2814.634 20:50:06
5.068 552.439 2797.073 20:50:07
5.064 553.366 2803.902 20:50:08
5.068 552.732 2799.024 20:50:09
5.064 555.268 2797.073 20:50:10
5.068 554.537 2814.634 20:50:11
5.064 554.634 2804.878 20:50:12
5.008 688.146 3558.049 20:50:13
5.096 567.561 2400.976 20:50:14
5.068 555.268 2808.780 20:50:15
5.068 556.146 2821.463 20:50:16
5.068 562.146 2794.146 20:50:17
5.060 580.341 2917.073 20:50:18
5.048 625.561 3086.829 20:50:19
5.100 468.878 2378.537 20:50:20
5.068 554.049 2803.902 20:50:21
5.068 553.951 2791.220 20:50:22
5.064 555.756 2808.780 20:50:23
5.064 555.366 2796.098 20:50:24
5.064 592.146 3124.878 20:50:25
5.064 592.146 2800.976 20:50:26
5.064 551.171 2797.073 20:50:27
5.068 554.439 2811.707 20:50:28
5.068 554.049 2804.878 20:50:29
5.068 554.732 2813.659 20:50:30
5.100 469.756 2406.829 20:50:31
5.100 467.073 2380.488 20:50:32
5.080 514.049 2611.707 20:50:33
5.096 471.366 2398.049 20:50:34
5.000 734.049 3665.366 20:50:35
5.068 553.854 2808.780 20:50:36
5.068 552.244 2797.073 20:50:37
