4.988 775.537 3834.146 21:34:37
5.012 702.244 3513.659 21:34:38
5.012 701.537 3557.561 21:34:39
5.064 553.244 2797.073 21:34:40
5.092 478.049 2432.683 21:34:41
5.096 469.463 2393.659 21:34:42
5.004 717.634 3570.244 21:34:43
5.064 555.049 2804.390 21:34:44
5.008 718.341 3589.268 21:34:45
5.052 552.951 2800.488 21:34:46
5.012 714.024 3580.488 21:34:47
5.080 514.659 2612.683 21:34:48
5.008 714.634 3588.780 21:34:49
5.060 554.537 2807.805 21:34:50
5.008 712.732 3569.268 21:34:51
5.068 558.244 2814.146 21:34:52
5.008 713.024 3490.244 21:34:53
5.076 514.659 2625.366 21:34:54
5.068 555.951 2816.585 21:34:55
5.024 598.634 2905.854 21:34:56
5.060 591.146 2882.927 21:34:57
5.068 552.049 2811.707 21:34:58
5.068 552.756 2804.390 21:34:59
5.084 504.244 3327.317 21:35:00
5.016 538.659 2680.488 21:35:01
5.076 529.049 2675.122 21:35:02
5.056 557.049 2815.122 21:35:03
5.056 595.439 2920.976 21:35:04
5.024 582.951 3042.439 21:35:05
5.064 608.049 2915.610 21:35:06
5.064 552.854 2802.927 21:35:07
5.064 567.146 2839.024 21:35:08
5.056 580.049 3009.756 21:35:09
5.072 553.049 2795.610 21:35:10
5.072 558.341 2814.146 21:35:11
5.096 467.659 2383.415 21:35:12
5.064 555.854 2827.805 21:35:13
5.068 552.756 2798.049 21:35:14
5.068 554.244 2804.390 21:35:15
5.068 556.146 2810.244 21:35:16
5.068 557.537 2803.902 21:35:17
5.096 472.049 2396.098 21:35:18
5.100 470.049 2395.122 21:35:19
5.100 466.854 2386.341 21:35:20
5.096 471.049 2404.878 21:35:21
5.096 470.854 2397.073 21:35:22
5.000 739.732 3745.854 21:35:23
5.068 553.756 2821.463 21:35:24
5.064 552.341 2795.122 21:35:25
