5.068 555.244 2814.146 21:37:03
5.016 694.537 3432.683 21:37:04
5.020 686.341 3531.707 21:37:05
5.068 553.049 2804.390 21:37:06
5.068 555.244 2810.732 21:37:07
5.080 521.659 2621.463 21:37:08
5.084 515.854 2616.585 21:37:09
5.012 711.927 3549.268 21:37:10
5.072 551.854 2795.610 21:37:11
5.012 713.829 3588.780 21:37:12
5.056 648.341 2970.732 21:37:13
5.068 552.951 2873.171 21:37:14
5.064 565.951 2878.049 21:37:15
5.060 584.854 2958.537 21:37:16
5.036 595.439 2895.610 21:37:17
5.008 717.439 3578.049 21:37:18
5.060 581.146 2924.390 21:37:19
5.008 726.341 3619.512 21:37:20
5.068 555.537 2789.268 21:37:21
5.052 556.049 2816.585 21:37:22
5.008 585.049 3084.878 21:37:23
5.012 717.537 3580.000 21:37:24
5.068 559.341 2804.390 21:37:25
5.072 555.854 2813.171 21:37:26
5.064 554.854 2801.951 21:37:27
5.068 556.756 2841.463 21:37:28
5.068 553.439 2804.390 21:37:29
5.068 553.341 2804.390 21:37:30
5.068 553.244 2798.049 21:37:31
5.068 563.634 3559.024 21:37:32
5.064 649.146 2802.927 21:37:33
5.072 555.756 2806.341 21:37:34
5.068 552.756 2804.390 21:37:35
5.072 553.439 2808.293 21:37:36
5.060 579.854 2911.707 21:37:37
5.056 594.049 2947.805 21:37:38
5.012 716.341 3589.268 21:37:39
5.072 555.341 2814.146 21:37:40
5.060 527.659 2698.049 21:37:41
5.068 552.854 2801.951 21:37:42
5.072 552.659 2799.024 21:37:43
5.072 553.244 2801.951 21:37:44
5.064 558.439 2818.049 21:37:45
5.072 555.244 2817.073 21:37:46
5.100 467.756 2384.878 21:37:47
5.096 467.659 2385.854 21:37:48
5.100 467.951 2397.561 21:37:49
5.004 731.122 3685.854 21:37:50
5.068 554.756 2816.585 21:37:51
