5.064 555.854 2812.683 20:45:42
5.020 693.829 3498.049 20:45:43
5.004 717.341 3586.829 20:45:44
5.064 555.756 2808.293 20:45:45
5.092 476.244 2457.073 20:45:46
5.096 469.244 2394.634 20:45:47
5.008 713.341 3580.000 20:45:48
5.068 552.146 2806.341 20:45:49
5.068 554.341 2834.146 20:45:50
5.064 551.244 2793.171 20:45:51
5.068 555.854 2797.073 20:45:52
5.084 506.756 2567.317 20:45:53
5.068 568.854 2806.829 20:45:54
5.068 551.854 2810.244 20:45:55
5.068 551.659 2794.146 20:45:56
5.048 590.854 2948.293 20:45:57
5.068 555.659 2813.171 20:45:58
5.084 517.341 2618.049 20:45:59
5.108 430.756 2189.268 20:46:00
5.076 526.659 2675.610 20:46:01
5.064 553.439 2690.244 20:46:02
5.068 551.854 2792.683 20:46:03
5.052 587.537 2992.195 20:46:04
5.068 554.537 2793.171 20:46:05
5.084 516.854 2620.488 20:46:06
5.008 707.829 3549.268 20:46:07
5.068 671.439 3320.000 20:46:08
5.004 694.537 3561.951 20:46:09
5.068 560.341 2793.171 20:46:10
5.068 552.341 2792.683 20:46:11
5.068 554.537 2806.341 20:46:12
5.096 467.561 2389.756 20:46:13
5.096 467.951 2382.439 20:46:14
5.112 425.854 2177.073 20:46:15
5.100 467.244 2382.439 20:46:16
5.100 467.244 2384.878 20:46:17
5.068 553.049 2806.341 20:46:18
5.068 553.854 2844.390 20:46:19
5.068 554.854 2807.805 20:46:20
