5.004 734.439 3667.805 22:36:20
5.016 704.439 3494.146 22:36:21
5.012 696.341 3511.220 22:36:22
5.072 553.537 2815.122 22:36:23
5.068 555.756 2817.073 22:36:24
5.080 520.244 2627.805 22:36:25
5.096 470.463 2385.854 22:36:26
5.072 556.049 2827.805 22:36:27
5.072 559.951 2816.585 22:36:28
5.068 554.951 2807.805 22:36:29
5.068 553.244 2804.390 22:36:30
5.068 554.049 2819.024 22:36:31
5.068 553.439 2810.244 22:36:32
5.068 554.439 2819.024 22:36:33
5.008 715.732 3608.780 22:36:34
5.032 614.537 3108.780 22:36:35
5.012 713.634 3591.707 22:36:36
5.080 529.561 2765.366 22:36:37
5.012 714.244 3635.610 22:36:38
5.044 571.951 2958.537 22:36:39
5.060 555.756 2839.512 22:36:40
5.016 717.341 3595.610 22:36:41
5.020 598.244 3977.073 22:36:42
5.012 747.829 3561.951 22:36:43
5.068 554.049 2813.171 22:36:44
4.980 773.122 3764.390 22:36:45
5.064 581.854 2842.927 22:36:46
5.016 703.341 3591.707 22:36:47
5.056 585.634 2929.268 22:36:48
5.068 554.756 2803.902 22:36:49
5.072 554.146 2807.805 22:36:50
5.068 570.244 2812.683 22:36:52
5.064 557.439 2838.049 22:36:53
5.080 517.756 2627.805 22:36:54
5.060 582.049 3313.659 22:36:55
5.068 554.756 2803.902 22:36:56
5.008 726.537 3721.951 22:36:57
5.068 564.049 2830.732 22:36:58
5.068 556.049 2823.902 22:36:59
5.056 521.341 2696.585 22:37:00
5.080 521.146 3913.171 22:37:01
5.080 529.049 2680.000 22:37:02
5.080 528.659 2691.707 22:37:03
5.072 553.439 2802.927 22:37:04
5.072 710.341 2860.488 22:37:05
5.072 555.951 2807.805 22:37:06
5.068 554.951 2817.073 22:37:07
5.072 555.756 2828.293 22:37:08
5.072 553.049 2809.268 22:37:09
5.068 553.756 2806.341 22:37:10
5.100 469.366 2385.854 22:37:11
5.100 468.659 2391.220 22:37:12
5.100 476.366 2577.561 22:37:13
5.100 470.366 2399.512 22:37:14
5.096 469.756 2397.073 22:37:15
5.068 553.854 2805.366 22:37:16
5.072 557.756 2814.146 22:37:17
5.064 555.146 2819.512 22:37:18
5.072 552.439 2805.366 22:37:19
