5.004 728.732 3668.293 21:54:21
5.020 691.732 3456.585 21:54:22
5.016 684.341 3502.927 21:54:23
5.068 553.244 2804.390 21:54:24
5.064 555.439 2812.683 21:54:25
5.104 469.366 2388.293 21:54:26
5.012 717.829 3582.927 21:54:27
5.072 552.951 2805.366 21:54:28
5.012 714.244 3607.805 21:54:29
5.068 553.537 3517.561 21:54:30
5.012 695.439 3591.707 21:54:31
5.100 468.659 2388.780 21:54:32
5.016 711.439 3592.683 21:54:33
5.068 556.756 2803.902 21:54:34
5.012 721.829 3653.171 21:54:35
5.068 553.341 2808.293 21:54:36
5.016 714.829 3577.561 21:54:37
5.080 518.049 2612.683 21:54:38
5.004 735.122 3719.512 21:54:39
5.016 712.122 3603.902 21:54:40
5.068 555.951 2819.512 21:54:41
5.068 554.146 2808.293 21:54:42
5.060 587.756 2995.610 21:54:43
5.072 555.439 2816.585 21:54:44
5.040 553.756 2777.561 21:54:45
5.072 554.146 2801.951 21:54:46
5.068 553.854 2806.341 21:54:47
5.056 585.634 2917.073 21:54:48
5.060 703.732 2807.805 21:54:49
5.064 553.854 2806.829 21:54:50
5.072 567.341 2804.390 21:54:51
5.060 576.439 2949.268 21:54:52
5.072 726.829 2870.244 21:54:53
5.068 553.537 2821.951 21:54:54
5.016 675.244 3560.488 21:54:55
5.032 624.732 2797.073 21:54:56
5.016 718.122 3566.829 21:54:57
5.068 552.146 2847.805 21:54:58
5.100 470.561 2396.098 21:54:59
4.984 516.341 2627.317 21:55:00
5.060 541.537 2687.805 21:55:01
5.080 528.146 2676.585 21:55:02
5.068 555.756 2809.268 21:55:03
5.068 617.146 2804.390 21:55:04
5.084 516.561 2620.000 21:55:05
5.100 469.463 2387.317 21:55:06
5.088 472.049 2717.561 21:55:07
5.076 517.561 2637.561 21:55:08
5.072 553.854 2799.512 21:55:09
5.072 555.756 2816.585 21:55:10
5.068 558.049 2802.927 21:55:11
