5.068 552.049 2798.049 20:41:30
5.016 722.024 3540.000 20:41:31
5.024 709.732 3581.463 20:41:32
5.068 551.244 2795.122 20:41:33
5.064 553.756 2801.463 20:41:34
5.080 516.439 2618.049 20:41:35
5.012 715.122 3562.927 20:41:36
5.068 550.049 2789.268 20:41:37
5.068 553.244 2814.146 20:41:38
5.068 550.439 2790.732 20:41:39
5.064 553.244 2804.390 20:41:40
5.096 468.561 2379.512 20:41:41
5.068 552.439 2790.244 20:41:42
5.068 550.439 2790.732 20:41:43
5.068 552.756 2804.390 20:41:44
5.068 550.854 2788.293 20:41:45
5.068 551.439 2788.293 20:41:46
5.100 469.854 2383.902 20:41:47
5.068 550.244 2787.805 20:41:48
5.068 550.854 2799.024 20:41:49
5.068 550.146 2792.683 20:41:50
5.068 550.756 2786.341 20:41:51
5.072 549.854 2783.902 20:41:52
5.096 535.561 2599.024 20:41:53
5.072 538.244 2758.049 20:41:54
5.064 553.146 2826.829 20:41:55
5.064 552.854 2797.073 20:41:56
5.072 549.951 2789.268 20:41:57
5.068 550.756 2799.024 20:41:58
5.068 553.439 2811.707 20:41:59
5.108 441.146 2254.634 20:42:00
5.104 442.756 2252.195 20:42:01
5.096 470.463 2387.317 20:42:02
5.068 551.244 2791.707 20:42:03
5.068 553.756 2807.805 20:42:04
5.064 555.439 2804.390 20:42:05
5.004 734.220 3610.732 20:42:06
5.068 551.537 2792.683 20:42:07
5.100 467.146 2373.659 20:42:08
