5.072 553.951 2807.805 22:10:56
5.016 690.634 3594.146 22:10:57
5.024 697.927 3490.244 22:10:58
5.068 555.756 2816.585 22:10:59
5.076 528.244 2683.902 22:11:00
5.100 471.854 2412.683 22:11:01
5.020 686.537 3466.829 22:11:02
5.068 556.439 2815.122 22:11:03
5.012 718.122 3541.463 22:11:04
5.060 593.732 3000.488 22:11:05
5.012 714.829 3586.341 22:11:06
5.080 515.756 2635.122 22:11:07
5.012 713.732 3563.902 22:11:08
5.072 561.341 3078.049 22:11:09
5.016 712.927 3586.341 22:11:10
5.068 553.537 2818.049 22:11:11
5.020 715.537 3629.268 22:11:12
5.064 555.659 2815.122 22:11:13
4.992 755.024 3788.293 22:11:14
5.072 555.341 2811.707 22:11:15
5.012 713.537 3582.927 22:11:16
5.072 590.341 3785.366 22:11:17
5.096 468.463 2390.732 22:11:18
5.068 553.951 2811.707 22:11:19
5.068 555.537 2835.122 22:11:20
5.064 555.537 2806.341 22:11:21
5.020 562.244 2844.390 22:11:22
5.008 688.244 3499.024 22:11:23
5.012 714.537 3552.683 22:11:24
5.036 662.244 2806.829 22:11:25
5.068 556.439 2824.390 22:11:26
5.068 554.341 2808.293 22:11:27
5.000 751.024 3740.488 22:11:28
5.048 612.341 2951.220 22:11:29
5.072 555.268 2806.829 22:11:30
5.072 554.049 2818.537 22:11:31
5.064 553.268 2808.780 22:11:32
5.072 553.951 2801.951 22:11:33
5.072 553.024 2701.463 22:11:34
5.016 720.439 3569.756 22:11:35
5.068 553.854 2814.634 22:11:36
5.068 553.171 2803.902 22:11:37
5.068 553.463 2808.780 22:11:38
5.056 590.244 2997.073 22:11:39
5.100 468.341 2386.341 22:11:40
5.096 470.146 2410.732 22:11:41
5.100 470.244 2399.024 22:11:42
5.104 470.634 2400.976 22:11:43
5.100 474.341 2421.463 22:11:44
5.100 471.756 2415.610 22:11:45
5.068 559.463 2836.098 22:11:46
5.064 556.049 2819.512 22:11:47
5.072 558.146 2814.634 22:11:48
