5.000 733.439 3670.244 21:32:13
5.016 686.146 3513.659 21:32:14
5.012 691.829 3502.439 21:32:15
5.064 552.854 2799.024 21:32:16
5.064 552.756 2798.049 21:32:17
5.100 468.366 2383.902 21:32:18
5.096 471.244 2389.756 21:32:19
5.068 552.439 2802.927 21:32:20
5.068 552.756 2797.073 21:32:21
5.016 705.829 2816.585 21:32:22
5.056 586.634 2942.927 21:32:23
5.068 555.537 2818.049 21:32:24
5.056 585.341 3060.488 21:32:25
5.060 704.244 2932.195 21:32:26
5.004 716.244 3888.293 21:32:27
5.064 553.049 2893.171 21:32:28
5.068 553.537 2801.463 21:32:29
5.076 541.049 2665.366 21:32:30
5.008 719.439 3655.122 21:32:31
5.064 556.146 2821.463 21:32:33
5.064 556.049 2813.171 21:32:34
5.056 613.146 2835.122 21:32:35
5.068 568.341 3501.463 21:32:36
5.064 556.659 2819.024 21:32:37
5.080 520.439 2630.244 21:32:38
5.064 554.854 2815.610 21:32:39
5.016 554.537 2795.122 21:32:40
5.068 553.537 2799.512 21:32:41
5.024 558.341 3654.146 21:32:42
5.012 717.732 3576.585 21:32:43
5.100 495.561 2384.878 21:32:44
5.060 555.439 2809.268 21:32:45
5.068 552.244 2800.488 21:32:46
5.068 555.951 2815.610 21:32:47
5.064 554.854 2810.244 21:32:48
5.068 555.537 2813.171 21:32:49
5.084 519.561 2894.634 21:32:50
5.068 555.049 2807.805 21:32:51
5.064 552.537 2821.463 21:32:52
5.068 552.439 2797.073 21:32:53
5.068 555.756 2806.341 21:32:54
5.068 554.756 2823.902 21:32:55
5.100 469.366 2396.098 21:32:56
5.100 468.659 2377.561 21:32:57
5.080 517.244 2614.146 21:32:58
5.064 552.049 2801.951 21:32:59
5.076 526.951 2674.146 21:33:00
