5.004 738.732 3702.927 21:39:31
5.024 702.927 3443.902 21:39:32
5.016 686.244 3551.707 21:39:33
5.068 553.341 2815.122 21:39:34
5.096 477.756 2430.244 21:39:35
5.084 521.561 2642.927 21:39:36
5.016 712.927 3566.829 21:39:37
5.024 692.244 2975.610 21:39:38
5.012 711.732 3484.878 21:39:39
5.068 556.537 2823.902 21:39:40
5.012 717.341 3593.171 21:39:41
5.100 471.049 2400.000 21:39:42
5.000 738.537 3567.805 21:39:43
5.068 553.854 2804.390 21:39:44
5.016 713.537 3560.488 21:39:45
5.068 555.659 2821.463 21:39:46
5.020 799.195 3606.829 21:39:47
5.072 545.659 2616.585 21:39:48
5.056 590.049 3047.317 21:39:49
5.068 553.854 2951.707 21:39:50
5.072 553.244 2804.390 21:39:51
5.068 553.244 2806.341 21:39:52
5.068 555.244 2819.512 21:39:53
5.068 676.146 3511.220 21:39:54
5.068 553.756 2805.366 21:39:55
5.072 553.146 2806.829 21:39:56
5.068 555.049 2821.951 21:39:57
5.064 563.049 2853.171 21:39:58
5.008 713.244 3634.146 21:39:59
5.052 589.634 2891.707 21:40:00
5.024 670.439 3462.927 21:40:01
5.076 528.561 2686.829 21:40:02
5.064 555.756 2849.268 21:40:03
5.072 555.146 2802.927 21:40:04
5.072 629.049 3124.878 21:40:05
5.068 555.537 2826.829 21:40:06
5.068 553.049 2804.390 21:40:07
5.068 555.537 2817.073 21:40:08
5.100 472.049 2396.098 21:40:09
5.068 556.537 2819.512 21:40:10
5.052 591.732 3000.488 21:40:11
5.068 555.537 2817.073 21:40:12
5.068 553.537 2808.293 21:40:13
5.068 555.244 2805.366 21:40:14
5.100 468.951 2387.317 21:40:15
5.100 469.561 2413.659 21:40:16
5.072 555.756 2822.927 21:40:17
5.068 553.049 2802.927 21:40:18
5.072 553.146 2802.927 21:40:19
