5.004 730.634 3670.244 21:41:57
5.016 695.634 3522.927 21:41:58
5.016 708.122 3555.122 21:41:59
5.080 529.951 2689.268 21:42:00
5.076 531.049 2682.927 21:42:01
5.080 530.561 2735.122 21:42:02
5.012 715.341 3490.244 21:42:03
5.072 553.659 2803.902 21:42:04
5.012 716.634 3608.780 21:42:05
5.060 558.049 2814.146 21:42:06
5.008 718.537 3585.366 21:42:07
5.080 467.561 2400.976 21:42:08
5.012 713.927 3590.244 21:42:09
5.068 688.024 2806.341 21:42:10
5.012 721.439 3596.585 21:42:11
5.044 721.634 2802.927 21:42:12
4.996 751.317 3764.390 21:42:13
5.084 515.244 2616.098 21:42:14
5.068 554.146 2801.463 21:42:15
5.060 575.951 3077.073 21:42:16
5.056 648.439 2938.049 21:42:17
5.012 667.439 2950.732 21:42:18
5.012 714.122 3619.512 21:42:19
5.056 589.439 2926.829 21:42:20
5.068 553.659 2801.951 21:42:21
5.068 558.537 2831.707 21:42:22
5.072 553.244 2815.122 21:42:23
5.056 594.049 3024.878 21:42:24
5.068 553.659 2801.463 21:42:25
5.068 553.244 2807.805 21:42:26
5.072 659.829 2821.951 21:42:27
5.072 553.537 2810.732 21:42:28
5.072 553.244 2801.463 21:42:29
5.064 556.049 2815.610 21:42:30
5.016 708.634 2804.390 21:42:31
5.068 553.439 2802.927 21:42:32
5.068 555.854 2804.390 21:42:33
5.068 553.756 2805.366 21:42:34
5.072 550.341 2790.732 21:42:35
5.084 518.439 2654.146 21:42:36
5.072 553.244 2804.390 21:42:37
5.072 559.049 2819.024 21:42:38
5.068 554.049 2804.390 21:42:39
5.068 553.244 2803.902 21:42:40
5.068 553.659 2806.829 21:42:41
5.096 472.463 2400.000 21:42:42
5.072 557.341 2819.024 21:42:43
5.068 555.049 2816.585 21:42:44
5.068 557.244 2812.683 21:42:45
