5.068 552.951 2802.927 21:33:26
5.016 689.244 3460.488 21:33:27
5.008 712.122 3472.683 21:33:28
5.068 552.659 2808.293 21:33:29
5.068 554.537 2815.610 21:33:30
5.096 467.463 2392.683 21:33:31
5.012 718.122 3567.805 21:33:32
5.064 559.439 2825.854 21:33:33
5.012 711.732 3590.244 21:33:34
5.068 557.439 2809.268 21:33:35
5.012 719.927 3570.732 21:33:36
5.080 514.439 2610.244 21:33:37
5.012 711.122 3575.122 21:33:38
5.068 552.951 2797.073 21:33:39
5.008 714.122 3589.268 21:33:40
5.056 699.634 3431.707 21:33:41
5.068 557.439 2831.707 21:33:42
5.072 513.561 2610.244 21:33:43
5.068 553.756 2808.293 21:33:44
5.040 578.049 3008.293 21:33:45
5.016 693.537 3582.927 21:33:46
5.068 556.659 2795.610 21:33:47
5.056 593.049 3006.829 21:33:48
5.072 519.439 2878.049 21:33:49
5.064 552.439 2798.049 21:33:50
5.064 561.537 2809.268 21:33:51
4.996 741.220 3761.951 21:33:52
5.056 580.756 3127.317 21:33:53
5.040 597.146 3408.780 21:33:54
5.076 511.341 2639.024 21:33:55
5.088 498.756 2506.341 21:33:56
5.068 553.854 2802.927 21:33:57
5.056 583.146 2954.634 21:33:58
5.064 553.146 2799.512 21:33:59
5.080 516.951 2620.488 21:34:00
5.076 527.854 2678.049 21:34:01
5.104 444.951 2259.512 21:34:02
5.084 562.659 2901.951 21:34:03
5.064 552.341 2823.902 21:34:04
5.064 552.659 2796.585 21:34:05
5.064 552.146 2799.024 21:34:06
5.064 553.756 2822.927 21:34:07
5.068 555.537 2818.049 21:34:08
5.100 467.366 2377.073 21:34:09
5.004 729.829 3653.171 21:34:10
5.068 557.146 2807.805 21:34:11
5.064 554.659 2808.293 21:34:12
