5.072 554.244 2806.829 22:29:33
5.020 689.732 3460.000 22:29:34
5.016 682.146 3486.341 22:29:35
5.068 555.341 2807.805 22:29:36
5.096 477.463 2433.659 22:29:37
5.084 520.659 2636.585 22:29:38
5.012 712.537 3590.244 22:29:39
5.068 557.049 2804.390 22:29:40
5.008 713.439 3579.024 22:29:41
5.072 553.146 2817.073 22:29:42
5.012 707.341 3594.146 22:29:43
5.096 470.951 2392.683 22:29:44
5.012 721.220 3586.829 22:29:45
5.068 615.341 2824.390 22:29:46
5.012 718.341 3581.463 22:29:47
5.072 562.854 2816.585 22:29:48
5.012 716.829 3585.366 22:29:49
5.080 516.561 2623.902 22:29:50
5.012 696.732 3518.049 22:29:51
5.068 558.244 2810.244 22:29:52
5.004 710.244 3475.122 22:29:53
5.008 731.634 3272.195 22:29:54
5.008 709.732 3601.463 22:29:55
5.072 555.756 2781.463 22:29:56
4.988 768.927 3476.098 22:29:57
4.992 714.341 3627.805 22:29:58
5.068 564.439 2825.366 22:29:59
4.984 521.146 2635.122 22:30:00
5.068 551.951 2799.024 22:30:01
5.076 529.439 2779.512 22:30:02
4.992 715.829 3555.610 22:30:03
5.072 556.854 2819.512 22:30:04
5.004 711.341 3710.732 22:30:05
5.052 563.341 2861.951 22:30:06
5.016 715.341 3665.366 22:30:07
5.064 587.439 2902.927 22:30:08
5.056 595.634 2984.390 22:30:09
5.064 681.537 3020.976 22:30:10
5.068 556.537 2815.610 22:30:11
5.012 692.024 3439.024 22:30:12
5.064 628.049 3627.805 22:30:13
5.068 553.756 2805.366 22:30:14
5.068 553.756 2809.268 22:30:15
5.068 557.341 3388.780 22:30:16
5.084 514.561 2619.024 22:30:17
5.104 479.146 2410.244 22:30:18
5.068 553.049 2806.829 22:30:19
5.064 553.146 2825.366 22:30:20
5.068 554.146 2806.829 22:30:21
5.068 556.951 2821.463 22:30:22
5.072 556.341 2818.049 22:30:23
5.100 471.366 2397.561 22:30:24
5.100 468.756 2391.220 22:30:25
5.100 469.561 2389.756 22:30:26
5.004 737.439 3689.268 22:30:27
5.068 553.146 2806.829 22:30:28
5.072 553.854 2815.122 22:30:29
