5.004 556.341 2824.390 20:57:36
5.020 699.122 3460.000 20:57:37
5.016 707.244 3401.463 20:57:38
5.068 553.049 2820.488 20:57:39
5.068 552.756 2800.488 20:57:40
5.076 544.659 2736.585 20:57:41
5.004 722.537 3580.000 20:57:42
5.068 554.951 2806.829 20:57:43
5.008 717.122 3450.244 20:57:44
5.068 554.951 2795.122 20:57:45
5.064 555.049 2811.707 20:57:46
5.096 469.244 2389.756 20:57:47
5.068 556.146 2815.610 20:57:48
5.068 553.244 2797.073 20:57:49
5.068 552.341 2798.049 20:57:50
5.068 555.244 2810.244 20:57:51
5.068 556.244 2810.732 20:57:52
5.096 467.146 2384.878 20:57:53
5.068 552.341 2795.122 20:57:54
5.068 554.951 2795.610 20:57:55
5.064 554.854 2796.585 20:57:56
5.068 552.341 2800.488 20:57:57
5.064 552.439 2799.024 20:57:58
5.068 564.244 2854.634 20:57:59
5.092 534.439 2540.000 20:58:00
5.072 527.951 2675.610 20:58:01
5.068 555.049 2819.024 20:58:02
5.068 554.537 2807.805 20:58:03
5.072 552.244 2797.073 20:58:04
5.068 555.537 2796.585 20:58:05
5.100 468.854 2377.561 20:58:06
5.072 551.756 2798.049 20:58:07
5.068 554.659 2806.829 20:58:08
5.064 556.439 2812.683 20:58:09
5.072 554.146 2805.366 20:58:10
5.068 554.439 2808.293 20:58:11
5.096 467.146 2394.634 20:58:12
5.096 467.463 2379.512 20:58:13
5.000 738.439 3698.049 20:58:14
5.068 552.244 2801.463 20:58:15
5.064 553.439 2795.610 20:58:16
