5.060 591.146 2984.390 21:18:00
4.972 968.195 5440.976 21:18:01
5.016 685.122 3470.244 21:18:02
5.060 557.171 2804.878 21:18:03
5.052 630.439 2977.561 21:18:04
5.104 443.756 2260.488 21:18:05
5.100 467.659 2393.171 21:18:06
5.008 712.829 3575.610 21:18:07
5.072 552.537 2799.024 21:18:08
5.008 712.049 3582.439 21:18:09
5.064 554.732 2809.756 21:18:10
5.000 749.951 3742.439 21:18:11
5.100 467.951 2394.146 21:18:12
5.012 714.732 3557.073 21:18:13
5.068 552.927 2804.878 21:18:14
5.064 555.951 2811.707 21:18:15
5.060 552.732 2822.439 21:18:16
5.064 554.049 2806.829 21:18:17
5.076 513.659 3110.244 21:18:18
5.064 553.756 2801.951 21:18:19
5.060 597.854 3790.244 21:18:20
5.020 668.634 2995.122 21:18:21
5.048 609.756 3011.707 21:18:22
5.008 713.122 3605.854 21:18:23
5.096 467.171 2385.366 21:18:24
5.072 551.854 3353.171 21:18:25
5.068 553.171 2803.902 21:18:26
5.068 554.732 3585.366 21:18:27
5.064 555.171 2804.878 21:18:28
5.068 555.366 2813.659 21:18:29
5.084 507.171 2506.341 21:18:30
5.076 521.463 2624.390 21:18:31
5.068 552.537 2809.756 21:18:32
5.056 588.634 2968.780 21:18:33
5.068 552.439 2799.024 21:18:34
5.064 553.659 2809.756 21:18:35
5.064 555.024 2800.976 21:18:36
5.096 479.561 2386.341 21:18:37
5.096 467.073 2380.488 21:18:38
5.100 472.634 2389.268 21:18:39
5.092 484.976 2488.780 21:18:40
5.100 467.951 2594.146 21:18:41
5.100 475.561 2391.220 21:18:42
5.000 738.244 3688.780 21:18:43
5.068 551.854 2794.146 21:18:44
5.064 556.244 2816.585 21:18:45
