5.068 553.049 2801.463 22:12:13
5.016 696.537 3516.585 22:12:14
5.024 684.024 3495.122 22:12:15
5.068 555.756 2820.488 22:12:16
5.096 476.659 2432.195 22:12:17
5.128 395.171 2016.585 22:12:18
5.100 470.951 2399.512 22:12:19
5.072 552.854 2815.122 22:12:20
5.068 555.049 2811.707 22:12:21
5.072 553.659 2803.902 22:12:22
5.072 553.756 2801.463 22:12:23
5.060 654.829 2854.634 22:12:24
5.060 587.951 2971.707 22:12:25
5.068 556.049 2837.073 22:12:26
5.068 552.854 2804.390 22:12:27
5.068 553.341 2842.927 22:12:28
5.064 554.146 2802.927 22:12:29
5.076 537.951 2765.366 22:12:30
5.064 714.244 3804.390 22:12:31
5.068 555.146 2806.341 22:12:32
5.016 793.220 3612.683 22:12:33
5.004 739.024 3688.293 22:12:34
5.068 553.951 2802.927 22:12:35
5.048 595.146 3024.878 22:12:36
5.064 553.854 2815.122 22:12:37
5.072 554.659 2804.390 22:12:38
5.068 554.146 2805.366 22:12:39
5.072 560.244 2816.585 22:12:40
5.032 553.951 2820.488 22:12:41
5.024 561.341 2845.366 22:12:42
5.004 713.634 3589.268 22:12:43
5.012 707.341 3557.561 22:12:44
5.008 717.537 3635.122 22:12:45
5.020 707.024 3540.000 22:12:46
5.080 523.146 2691.707 22:12:47
5.068 562.854 3585.366 22:12:48
5.068 555.659 2804.390 22:12:49
5.008 696.927 2804.390 22:12:50
5.072 556.146 2828.293 22:12:51
5.068 553.341 2806.829 22:12:52
5.068 555.244 2820.488 22:12:53
5.044 560.146 2819.512 22:12:54
5.072 553.439 2815.610 22:12:55
5.068 553.341 2804.390 22:12:56
5.072 556.756 2816.585 22:12:58
5.100 474.756 2401.463 22:12:59
5.080 527.756 2679.024 22:13:00
4.980 519.561 2631.707 22:13:01
5.076 528.146 2682.439 22:13:02
5.072 552.439 2813.171 22:13:03
5.072 555.854 2811.707 22:13:04
5.096 481.049 2389.756 22:13:05
5.096 469.366 2400.976 22:13:06
5.068 553.244 2803.902 22:13:07
5.072 555.146 2819.512 22:13:08
