5.072 553.854 2809.268 22:07:05
5.016 698.829 3508.780 22:07:06
5.012 714.927 3598.049 22:07:07
5.068 556.659 2819.512 22:07:08
5.100 468.244 2388.293 22:07:09
5.100 468.463 2389.756 22:07:10
5.012 719.024 3593.171 22:07:11
5.064 555.439 2818.049 22:07:12
5.008 717.927 3502.927 22:07:13
5.072 553.854 2804.390 22:07:14
5.008 715.732 3475.122 22:07:15
5.056 477.244 2812.683 22:07:16
5.008 717.341 3610.244 22:07:17
5.068 555.854 2827.805 22:07:18
5.008 716.024 3492.683 22:07:19
5.072 553.756 2813.171 22:07:20
5.000 717.024 3575.610 22:07:21
5.084 517.561 2647.805 22:07:22
5.020 718.732 3594.146 22:07:23
5.068 799.195 2837.073 22:07:24
5.004 730.927 3687.805 22:07:25
5.072 553.756 2817.073 22:07:26
5.052 575.439 2919.512 22:07:27
5.072 543.756 2761.463 22:07:28
5.072 555.537 2827.805 22:07:29
5.072 567.634 3178.537 22:07:30
5.072 555.659 2817.073 22:07:31
5.060 575.537 2951.707 22:07:32
5.068 553.244 2804.390 22:07:33
5.068 556.244 2816.585 22:07:34
5.064 554.049 2805.366 22:07:35
5.056 562.854 2861.951 22:07:36
5.072 572.439 2830.244 22:07:37
5.048 599.341 2930.732 22:07:38
5.040 615.732 2962.927 22:07:39
5.008 720.829 3511.220 22:07:40
5.060 598.244 2938.049 22:07:41
5.024 708.244 3547.805 22:07:42
5.072 555.756 2820.488 22:07:43
5.072 553.049 2799.024 22:07:44
5.068 554.439 2804.390 22:07:45
5.068 555.244 2817.073 22:07:46
5.068 553.537 2812.683 22:07:47
5.068 555.537 2820.488 22:07:48
5.068 555.439 2825.854 22:07:49
5.072 556.659 2812.683 22:07:50
5.068 553.756 2805.366 22:07:51
5.072 552.951 2804.390 22:07:52
5.068 554.341 2819.512 22:07:53
5.068 556.951 2815.122 22:07:54
5.004 734.537 3673.171 22:07:55
5.068 555.756 2825.854 22:07:56
5.068 555.341 2815.122 22:07:57
