5.068 552.854 2804.390 21:46:51
5.020 697.024 3468.780 21:46:52
5.020 688.732 3460.488 21:46:53
5.064 555.439 2815.610 21:46:54
5.096 479.146 2448.293 21:46:55
5.100 470.756 2403.415 21:46:56
5.012 719.122 3611.707 21:46:57
5.056 613.341 2920.976 21:46:58
5.004 713.244 3611.707 21:46:59
5.072 556.146 2828.293 21:47:00
5.016 690.024 3450.244 21:47:01
5.108 443.146 2261.951 21:47:02
5.012 726.927 3572.683 21:47:03
5.068 556.341 2812.683 21:47:04
5.004 720.024 3583.902 21:47:05
5.068 553.537 2859.024 21:47:06
5.012 715.439 3599.512 21:47:07
5.068 556.049 3424.878 21:47:08
5.012 722.927 3581.463 21:47:09
5.068 553.341 2806.829 21:47:10
5.056 628.537 2817.073 21:47:11
5.068 555.854 2806.341 21:47:12
5.100 468.756 2383.902 21:47:13
5.068 557.341 2821.951 21:47:14
5.068 554.244 2806.341 21:47:15
5.072 557.854 2819.024 21:47:16
5.012 716.244 3600.488 21:47:17
5.012 719.927 3555.610 21:47:18
5.016 716.829 3590.244 21:47:19
5.072 558.439 2809.268 21:47:20
5.060 577.756 2941.951 21:47:21
5.060 582.146 2910.732 21:47:22
5.068 611.634 2832.683 21:47:23
5.100 468.244 2388.293 21:47:24
5.072 552.951 2803.902 21:47:25
5.072 553.244 2820.488 21:47:26
5.068 553.659 2803.902 21:47:27
5.056 553.244 2804.390 21:47:28
5.072 555.439 2815.122 21:47:29
5.068 552.854 2834.146 21:47:30
5.068 555.049 2871.707 21:47:31
5.068 552.951 2799.024 21:47:32
5.068 553.146 2810.244 21:47:33
5.068 555.756 2811.707 21:47:34
5.100 468.463 2390.732 21:47:35
5.100 471.146 2405.854 21:47:36
5.100 467.561 2381.951 21:47:37
5.096 469.659 2391.220 21:47:38
5.072 552.756 2810.244 21:47:39
5.068 560.049 2842.927 21:47:40
5.072 558.146 2812.683 21:47:41
