5.008 730.732 3654.146 20:43:36
4.960 849.512 4254.634 20:43:37
5.012 702.829 3530.732 20:43:38
5.068 554.439 2818.537 20:43:39
5.068 553.756 2796.098 20:43:40
5.080 516.634 2626.341 20:43:41
5.012 713.415 3564.878 20:43:42
5.056 590.439 2966.829 20:43:43
5.072 552.341 2794.146 20:43:44
5.068 554.537 2806.829 20:43:45
5.064 552.537 2803.902 20:43:46
5.096 466.537 2376.585 20:43:47
5.068 558.634 2796.098 20:43:48
5.068 556.634 2806.829 20:43:49
5.072 551.854 2792.195 20:43:50
5.064 668.049 2816.585 20:43:51
5.068 554.146 2803.902 20:43:52
5.100 468.439 2376.585 20:43:53
5.064 560.537 2836.098 20:43:54
5.080 515.073 2613.659 20:43:55
5.072 556.439 2801.951 20:43:56
5.052 627.317 2957.073 20:43:57
5.012 715.220 3567.805 20:43:58
5.064 549.854 2819.512 20:43:59
5.076 787.512 3968.780 20:44:00
5.108 468.049 2255.610 20:44:01
5.108 442.049 2255.610 20:44:02
5.068 555.171 2808.780 20:44:03
5.068 551.024 2792.195 20:44:04
4.996 745.805 3763.902 20:44:05
5.068 553.756 2801.951 20:44:06
5.068 554.829 2792.195 20:44:07
5.096 468.878 2388.293 20:44:08
5.128 390.780 2013.659 20:44:09
5.100 466.878 2380.488 20:44:10
5.100 467.561 2378.537 20:44:11
5.000 725.512 3665.366 20:44:12
5.064 554.341 2800.976 20:44:13
5.064 553.854 2800.976 20:44:14
