5.000 725.122 3662.927 21:31:01
5.016 670.927 3319.024 21:31:02
4.988 787.122 3983.415 21:31:03
5.068 553.561 2821.463 21:31:04
5.064 557.951 2819.512 21:31:05
5.088 495.659 2786.341 21:31:06
5.096 470.537 2411.707 21:31:07
5.012 714.439 3560.000 21:31:08
5.064 561.171 2851.707 21:31:09
5.012 712.537 3592.195 21:31:10
5.068 555.268 2800.976 21:31:11
5.012 714.634 3607.805 21:31:12
5.080 518.146 2637.073 21:31:13
5.008 711.512 3567.805 21:31:14
5.052 552.439 2800.976 21:31:15
5.008 719.317 3595.122 21:31:16
5.068 555.854 2800.976 21:31:17
5.064 553.659 2800.976 21:31:18
5.076 535.854 2613.659 21:31:19
5.068 555.268 2813.659 21:31:20
5.064 560.049 2864.390 21:31:21
5.068 556.439 2816.585 21:31:22
5.064 560.341 2841.951 21:31:23
5.020 694.341 3592.195 21:31:24
5.080 514.927 2614.634 21:31:25
5.064 552.537 2843.902 21:31:26
5.056 561.756 2832.195 21:31:27
5.008 706.537 3550.244 21:31:28
5.068 552.537 2784.390 21:31:29
5.008 712.146 3618.537 21:31:30
5.072 486.146 2646.829 21:31:31
5.064 553.854 2844.878 21:31:32
5.068 554.829 2797.073 21:31:33
5.068 555.366 2827.317 21:31:34
5.068 554.341 2816.585 21:31:35
5.072 553.463 2808.780 21:31:36
5.068 553.171 2792.195 21:31:37
5.100 467.951 2386.341 21:31:38
5.064 555.024 2806.829 21:31:39
5.064 555.756 2809.756 21:31:40
5.068 555.756 2811.707 21:31:41
5.068 557.659 2808.780 21:31:42
5.068 552.439 2799.024 21:31:43
5.080 514.927 2624.390 21:31:44
5.100 471.366 2402.927 21:31:45
4.996 739.512 3695.610 21:31:46
5.064 557.951 2822.439 21:31:47
5.068 555.366 2808.780 21:31:48
