5.004 718.220 3605.366 21:26:14
5.012 687.244 3512.683 21:26:15
5.020 707.927 3552.683 21:26:16
5.064 554.659 2825.854 21:26:17
5.096 476.561 2428.293 21:26:18
5.096 468.049 2393.659 21:26:19
5.096 470.146 2395.122 21:26:20
5.068 553.439 2815.610 21:26:21
5.072 553.146 2801.463 21:26:22
5.056 592.537 3029.268 21:26:23
5.068 554.049 2804.390 21:26:24
5.072 555.439 2815.610 21:26:25
5.052 576.439 3000.488 21:26:26
5.068 557.951 2813.171 21:26:27
4.988 733.024 2933.171 21:26:28
5.060 687.341 3502.439 21:26:29
5.068 556.951 2813.171 21:26:30
5.076 521.854 2642.927 21:26:31
5.008 719.122 3717.073 21:26:32
5.064 555.537 2865.366 21:26:33
5.056 591.537 2969.268 21:26:34
5.056 562.951 2839.024 21:26:36
5.012 717.732 3486.829 21:26:37
5.068 558.854 2671.707 21:26:38
5.060 568.341 2905.366 21:26:39
5.068 554.244 2803.902 21:26:40
5.068 555.146 2796.585 21:26:41
5.016 582.854 2820.488 21:26:42
5.068 553.146 2853.171 21:26:43
5.068 555.951 2809.268 21:26:44
5.076 518.854 2622.439 21:26:45
5.052 590.634 2983.415 21:26:46
5.064 553.537 2798.049 21:26:47
5.064 555.659 2811.707 21:26:48
5.068 553.049 2815.122 21:26:49
5.068 553.146 2799.512 21:26:50
5.096 472.561 2395.122 21:26:51
5.068 552.756 2800.488 21:26:52
5.064 554.854 2826.829 21:26:53
5.064 556.244 2818.049 21:26:54
5.068 553.537 2815.610 21:26:55
5.068 555.756 2807.805 21:26:56
5.112 530.659 2886.829 21:26:57
5.100 469.463 2381.951 21:26:58
5.100 470.244 2392.195 21:26:59
5.060 546.659 2683.902 21:27:00
5.012 540.951 2786.829 21:27:01
