5.004 726.341 3641.951 21:44:25
5.024 700.829 3447.317 21:44:26
5.016 693.122 3444.878 21:44:27
5.072 553.439 2806.341 21:44:28
5.096 477.146 2436.098 21:44:29
5.100 470.854 2401.463 21:44:30
5.084 508.659 2598.537 21:44:31
5.064 563.854 2806.341 21:44:32
5.016 714.122 3600.488 21:44:33
5.072 552.951 2803.902 21:44:34
5.020 724.829 3564.390 21:44:35
5.068 558.244 2819.024 21:44:36
5.012 714.732 3601.951 21:44:37
5.068 553.659 2802.927 21:44:38
5.012 713.122 3601.951 21:44:39
5.072 557.854 2982.927 21:44:40
5.000 723.341 3607.805 21:44:41
5.084 516.756 2665.366 21:44:42
5.068 555.659 2817.073 21:44:43
5.044 558.951 2805.366 21:44:44
5.012 692.122 3690.244 21:44:45
5.012 695.341 2865.366 21:44:46
5.064 556.439 2806.341 21:44:47
5.072 550.854 2821.951 21:44:48
5.048 630.951 3111.220 21:44:49
5.072 554.146 2807.805 21:44:50
5.060 588.049 2978.537 21:44:51
5.068 554.244 2811.707 21:44:52
5.072 559.244 2811.707 21:44:53
5.068 555.146 2816.585 21:44:54
5.084 514.659 2615.122 21:44:55
5.068 558.341 2819.512 21:44:56
5.072 713.244 2818.049 21:44:57
5.068 555.756 2822.927 21:44:58
5.068 552.854 2805.366 21:44:59
5.076 527.244 2680.000 21:45:00
5.076 500.854 2496.098 21:45:01
5.064 563.341 2867.805 21:45:02
5.016 642.341 2799.024 21:45:03
5.068 552.341 2799.512 21:45:04
5.072 553.244 2805.366 21:45:05
5.068 555.756 2823.902 21:45:06
5.100 467.756 2388.293 21:45:07
5.100 468.049 2380.000 21:45:08
5.084 517.561 2631.220 21:45:09
5.100 467.146 2381.951 21:45:10
5.072 551.146 2797.073 21:45:11
5.072 556.439 2815.122 21:45:12
5.056 590.146 2984.390 21:45:13
