5.008 719.220 3596.585 21:20:20
5.016 691.927 3396.585 21:20:21
5.020 681.634 3515.610 21:20:22
5.068 556.049 2811.707 21:20:23
5.092 476.366 2440.000 21:20:24
5.104 445.268 2271.220 21:20:25
5.096 470.756 2412.195 21:20:26
5.064 596.854 3010.732 21:20:27
5.008 723.537 3568.780 21:20:28
5.016 551.951 2810.244 21:20:29
5.068 554.659 2821.463 21:20:30
5.068 552.756 2799.024 21:20:31
5.064 560.049 2806.341 21:20:32
5.068 552.439 2799.512 21:20:33
5.008 715.244 3586.341 21:20:34
5.060 580.341 2930.732 21:20:35
5.012 746.024 3575.122 21:20:36
5.080 516.146 2854.146 21:20:37
5.064 564.537 2874.634 21:20:38
5.068 554.659 2808.293 21:20:39
5.032 570.341 2793.171 21:20:40
5.068 555.244 2808.293 21:20:41
5.068 552.537 2804.390 21:20:42
5.068 555.049 2836.585 21:20:43
5.092 469.756 2378.537 21:20:44
5.068 554.756 2810.732 21:20:45
5.048 699.829 2836.585 21:20:46
5.048 690.341 3472.683 21:20:47
5.060 560.439 2868.293 21:20:48
5.068 552.756 2801.463 21:20:49
5.056 577.439 2912.195 21:20:50
5.056 582.439 2920.976 21:20:51
5.056 646.341 2972.195 21:20:52
5.064 552.341 2865.366 21:20:53
5.072 556.439 2872.683 21:20:54
5.100 466.463 2384.878 21:20:55
5.068 554.537 2808.293 21:20:56
5.068 554.951 2806.829 21:20:57
5.068 552.659 2800.488 21:20:58
5.064 527.146 2673.659 21:20:59
5.080 517.951 2628.780 21:21:00
5.096 460.049 2258.537 21:21:01
5.108 446.561 2264.878 21:21:02
5.004 734.122 3664.390 21:21:03
5.064 554.341 2805.366 21:21:04
