5.072 565.439 2865.854 22:01:55
5.016 682.341 3415.122 22:01:56
5.016 703.122 3513.659 22:01:57
5.072 555.341 2816.585 22:01:58
5.096 480.561 2432.683 22:01:59
5.100 468.049 2391.220 22:02:00
5.020 692.244 3469.268 22:02:01
5.072 553.146 2805.366 22:02:02
5.012 715.024 3591.707 22:02:03
5.072 561.341 2812.683 22:02:04
5.016 713.634 3560.488 22:02:05
5.100 541.146 2713.171 22:02:06
5.012 717.024 3604.390 22:02:07
5.072 553.146 2861.951 22:02:08
5.000 712.927 3493.659 22:02:09
5.072 553.244 2802.927 22:02:10
5.008 717.927 3618.049 22:02:11
5.080 515.439 2618.049 22:02:12
5.012 720.024 3533.171 22:02:13
5.072 576.146 3491.220 22:02:14
5.004 735.220 3658.049 22:02:15
5.072 558.537 2823.902 22:02:16
5.064 556.537 2808.293 22:02:17
5.072 558.341 3436.585 22:02:18
5.072 553.756 2821.951 22:02:19
5.056 581.146 2988.293 22:02:20
5.012 756.220 3569.268 22:02:21
5.068 554.537 2804.390 22:02:22
5.068 555.854 2819.512 22:02:23
5.072 564.634 2816.585 22:02:24
5.000 714.829 3618.049 22:02:25
5.072 554.854 2805.366 22:02:26
5.012 716.341 3619.512 22:02:27
5.068 554.951 2808.293 22:02:28
5.068 563.854 3671.707 22:02:29
5.068 555.951 2830.732 22:02:30
5.072 553.659 2802.927 22:02:31
5.012 712.122 3577.561 22:02:32
5.080 520.244 2506.341 22:02:33
5.072 553.049 2803.902 22:02:34
5.072 553.049 2816.585 22:02:35
5.072 554.049 2806.829 22:02:36
5.068 552.659 2803.902 22:02:37
5.068 557.537 2816.585 22:02:38
5.100 468.463 2387.317 22:02:39
5.096 471.756 2410.244 22:02:40
5.100 467.951 2384.878 22:02:41
5.100 469.366 2387.317 22:02:42
5.100 470.049 2390.732 22:02:43
5.100 471.463 2414.634 22:02:44
5.068 555.659 2815.122 22:02:45
5.068 553.146 2807.805 22:02:46
5.072 555.049 2811.707 22:02:47
