5.012 706.244 3540.000 21:02:00
5.028 641.829 3236.098 21:02:01
5.020 707.341 3535.610 21:02:02
5.064 553.854 2807.805 21:02:03
5.072 556.659 2814.146 21:02:04
5.104 442.146 2260.000 21:02:05
5.096 469.659 2394.634 21:02:06
5.008 714.024 3571.707 21:02:07
5.068 566.537 2855.610 21:02:08
5.008 717.927 3575.610 21:02:09
5.064 565.756 3418.537 21:02:10
5.008 714.537 3590.244 21:02:11
5.096 470.366 2408.780 21:02:12
5.064 556.659 2815.122 21:02:13
5.068 663.439 2810.732 21:02:14
5.068 555.049 2808.293 21:02:15
5.068 553.049 2811.707 21:02:16
5.068 556.146 2814.146 21:02:17
5.076 598.244 2867.805 21:02:18
5.068 552.854 2847.805 21:02:19
5.064 599.537 2991.707 21:02:20
5.068 634.439 2795.610 21:02:21
5.068 552.049 2804.390 21:02:22
5.008 706.829 3525.366 21:02:23
5.064 550.659 2996.098 21:02:24
5.068 553.659 2799.512 21:02:25
5.056 576.244 2875.610 21:02:26
5.068 555.854 2817.073 21:02:27
5.056 669.829 3009.268 21:02:28
5.060 572.244 2909.268 21:02:29
5.100 468.244 2385.854 21:02:30
5.096 467.146 2380.000 21:02:31
5.068 553.049 2800.488 21:02:32
5.064 555.244 2795.610 21:02:33
5.068 552.659 2799.512 21:02:34
5.068 553.146 2797.073 21:02:35
5.068 556.049 2819.512 21:02:36
5.096 470.049 2396.098 21:02:37
5.096 469.049 2397.561 21:02:38
5.092 467.049 2384.878 21:02:39
5.096 466.659 2379.512 21:02:40
5.000 739.341 3685.366 21:02:41
5.068 556.341 2811.707 21:02:42
5.068 558.854 2830.244 21:02:43
