5.008 733.537 3670.732 21:49:21
5.016 702.439 3415.122 21:49:22
5.016 703.024 3535.122 21:49:23
5.072 555.244 2814.146 21:49:24
5.100 480.366 2432.195 21:49:25
5.104 470.561 2398.537 21:49:26
5.012 724.634 3570.732 21:49:27
5.060 585.537 2958.049 21:49:28
5.012 715.439 3580.000 21:49:29
5.068 555.537 2803.902 21:49:30
5.012 706.439 3546.341 21:49:31
5.100 468.049 2398.537 21:49:32
5.016 710.829 3601.463 21:49:33
5.068 556.244 2819.512 21:49:34
5.012 719.537 3557.561 21:49:35
5.072 553.439 2806.341 21:49:36
5.012 784.927 3614.146 21:49:37
5.084 514.439 2617.561 21:49:38
5.008 715.244 3646.341 21:49:39
5.068 555.854 2814.146 21:49:40
5.072 555.756 2815.610 21:49:41
5.072 555.756 2935.610 21:49:42
5.040 663.537 2806.341 21:49:43
5.068 553.244 2819.512 21:49:44
5.064 553.439 2804.390 21:49:45
5.056 584.634 2939.512 21:49:46
5.072 555.854 2809.268 21:49:47
5.048 586.537 2918.049 21:49:48
5.068 553.341 2936.585 21:49:49
5.016 596.049 2935.610 21:49:50
5.008 743.439 3621.951 21:49:51
5.012 714.829 3607.805 21:49:52
5.016 716.634 3566.829 21:49:53
5.096 468.756 2387.317 21:49:54
5.068 553.439 2801.951 21:49:55
5.072 556.951 2830.244 21:49:56
5.068 555.756 2816.585 21:49:57
5.068 554.951 2814.146 21:49:58
5.016 718.829 3601.463 21:49:59
5.112 435.951 2204.390 21:50:00
5.064 566.951 2849.268 21:50:01
5.068 555.537 2815.610 21:50:02
5.064 555.854 2834.146 21:50:03
5.068 556.049 2819.024 21:50:04
5.072 554.439 2806.829 21:50:05
5.068 553.244 2812.683 21:50:06
5.100 470.659 2398.537 21:50:07
5.096 470.146 2379.512 21:50:08
5.072 555.756 2816.585 21:50:09
5.068 556.341 2874.634 21:50:10
5.072 552.951 2801.951 21:50:11
