5.004 731.341 3659.024 21:58:06
5.016 695.439 3514.146 21:58:07
5.024 701.927 3495.122 21:58:08
5.068 555.439 2818.049 21:58:09
5.096 477.244 2435.122 21:58:10
5.100 475.854 2396.098 21:58:11
5.012 712.439 3545.366 21:58:12
5.068 553.049 2805.366 21:58:13
5.016 703.122 3570.732 21:58:14
5.056 595.439 2938.537 21:58:15
5.016 712.829 3567.805 21:58:16
5.100 472.049 2403.415 21:58:17
5.012 713.024 3556.585 21:58:18
5.048 558.537 2808.293 21:58:19
4.996 739.220 3731.707 21:58:20
5.068 554.146 3641.951 21:58:21
5.016 718.122 3575.610 21:58:22
5.084 517.561 2627.805 21:58:23
5.016 713.024 3597.561 21:58:24
5.044 648.537 2823.902 21:58:25
5.072 553.659 2804.390 21:58:26
5.068 553.756 2805.366 21:58:27
5.056 574.049 3025.854 21:58:28
5.072 547.146 2750.732 21:58:29
5.008 714.829 3575.122 21:58:30
5.036 564.049 2839.512 21:58:31
5.008 710.341 3562.927 21:58:32
5.068 562.049 2803.902 21:58:33
5.016 714.439 3555.122 21:58:34
5.100 470.537 2391.220 21:58:35
5.068 691.220 2797.073 21:58:36
5.068 595.561 3027.317 21:58:37
5.016 698.146 3420.488 21:58:38
5.072 553.366 2806.829 21:58:39
5.068 556.049 2801.951 21:58:40
5.080 517.268 2632.195 21:58:41
5.084 513.756 2619.512 21:58:42
5.068 553.659 2806.829 21:58:43
5.068 553.171 2799.024 21:58:44
5.072 553.659 2804.878 21:58:45
5.072 581.366 2803.902 21:58:46
5.072 553.366 2806.829 21:58:47
5.100 468.244 2388.293 21:58:48
5.084 515.073 2614.634 21:58:49
5.084 513.951 2613.659 21:58:50
5.100 470.439 2385.366 21:58:51
5.104 468.341 2396.098 21:58:52
5.100 467.756 2388.293 21:58:53
5.004 736.537 3695.610 21:58:54
5.068 555.268 2811.707 21:58:55
5.068 552.732 2800.976 21:58:56
