5.004 737.634 3690.732 21:50:36
5.020 684.634 3468.780 21:50:37
5.020 695.829 3431.220 21:50:38
5.072 555.756 2831.707 21:50:39
5.096 476.756 2428.293 21:50:40
5.084 517.659 2633.659 21:50:41
5.008 719.220 3589.268 21:50:42
5.072 552.439 3569.268 21:50:43
5.012 714.537 3580.000 21:50:44
5.068 555.659 2816.585 21:50:45
5.012 716.537 3596.585 21:50:46
5.100 471.244 2383.902 21:50:47
5.012 715.341 3578.049 21:50:48
5.072 556.049 2806.341 21:50:49
5.012 717.439 3600.488 21:50:50
5.068 553.659 2803.902 21:50:51
5.008 719.341 3606.829 21:50:52
5.080 563.049 2773.171 21:50:53
5.012 716.439 3603.902 21:50:54
5.044 582.634 2844.390 21:50:55
5.012 719.927 3594.146 21:50:56
5.072 553.049 2804.390 21:50:57
5.012 717.439 3601.951 21:50:58
5.064 612.244 3162.439 21:50:59
5.076 529.659 2683.902 21:51:00
5.076 530.756 2695.122 21:51:01
5.080 528.244 2682.927 21:51:02
5.068 558.146 2815.122 21:51:03
5.084 514.049 2618.049 21:51:04
5.016 722.829 3589.268 21:51:05
5.048 560.854 2840.488 21:51:06
5.020 715.732 3593.171 21:51:07
5.064 607.439 3011.707 21:51:08
5.020 717.439 3615.610 21:51:09
5.080 515.049 2616.585 21:51:10
5.068 556.439 2813.171 21:51:11
5.072 553.439 2803.902 21:51:12
5.072 552.439 2801.951 21:51:13
5.068 552.854 2803.902 21:51:14
5.072 554.951 2818.049 21:51:15
5.100 469.049 2386.341 21:51:16
5.068 555.244 2817.073 21:51:17
5.072 552.244 2808.293 21:51:18
5.072 553.537 2820.488 21:51:19
5.068 555.341 2816.585 21:51:20
5.072 589.951 2982.927 21:51:21
5.096 470.146 2399.512 21:51:22
5.100 472.561 2403.415 21:51:23
5.004 743.732 3644.390 21:51:24
5.072 552.756 2803.902 21:51:25
5.068 554.439 2827.805 21:51:26
