5.064 555.244 2809.268 21:12:07
5.012 697.244 3483.902 21:12:08
5.020 707.244 3376.098 21:12:09
5.064 555.341 2813.171 21:12:10
5.084 500.146 2566.341 21:12:11
5.092 487.341 2470.244 21:12:12
5.012 718.829 3581.463 21:12:13
5.068 552.659 2799.024 21:12:14
5.008 714.537 3560.488 21:12:15
5.068 553.659 2803.902 21:12:16
5.008 720.537 3573.171 21:12:17
5.076 518.146 2631.707 21:12:18
5.008 715.732 3569.268 21:12:19
5.064 553.537 2826.829 21:12:20
5.068 554.244 2802.927 21:12:21
5.068 557.341 3292.195 21:12:22
5.064 558.146 2803.902 21:12:23
5.080 608.732 2940.976 21:12:24
5.072 552.854 2801.463 21:12:25
5.068 552.049 2799.512 21:12:26
5.068 553.659 2797.073 21:12:27
5.064 555.244 2833.171 21:12:28
5.012 712.244 3592.683 21:12:29
5.080 514.341 2613.659 21:12:30
5.064 557.854 2797.073 21:12:31
5.048 686.024 2839.024 21:12:32
5.008 718.220 3522.927 21:12:33
5.016 594.854 3114.634 21:12:34
5.012 714.024 3548.780 21:12:35
5.080 517.439 2627.805 21:12:36
5.080 517.244 2622.439 21:12:37
5.068 556.049 2810.244 21:12:38
5.068 557.146 2802.927 21:12:39
5.072 555.049 2798.049 21:12:40
5.068 553.146 2790.244 21:12:41
5.064 553.756 2804.390 21:12:42
5.100 469.756 2397.073 21:12:43
5.096 470.146 2414.634 21:12:44
5.096 467.659 2390.732 21:12:45
5.100 466.756 2381.951 21:12:46
5.096 470.366 2383.902 21:12:47
5.100 468.244 2383.415 21:12:48
4.996 738.537 3700.488 21:12:49
5.068 552.439 2795.122 21:12:50
5.064 552.049 2797.073 21:12:51
5.068 552.439 2793.171 21:12:52
5.068 551.854 2813.171 21:12:53
5.108 437.659 2236.098 21:12:54
5.124 391.171 2009.268 21:12:55
5.124 392.659 2017.073 21:12:56
5.124 392.268 2004.390 21:12:57
