5.068 552.951 2801.951 22:03:12
5.020 687.732 3460.488 22:03:13
5.004 744.439 3661.951 22:03:14
5.056 590.537 2978.537 22:03:15
5.100 477.244 2432.683 22:03:16
5.128 392.854 2011.707 22:03:17
5.100 469.146 2393.659 22:03:18
5.072 554.049 2816.585 22:03:19
5.072 555.659 2803.902 22:03:20
5.072 552.756 2804.390 22:03:21
5.068 553.049 2801.951 22:03:22
5.008 559.537 2806.341 22:03:23
5.012 707.537 3599.512 22:03:24
5.068 581.049 2812.683 22:03:25
5.000 750.927 3755.610 22:03:26
5.072 553.659 2802.927 22:03:27
5.072 553.659 2801.463 22:03:28
5.076 523.561 2611.707 22:03:29
5.060 577.049 3025.854 22:03:30
5.052 620.146 3084.878 22:03:31
5.020 757.634 3751.707 22:03:32
4.992 632.951 2835.122 22:03:33
5.012 725.732 3989.756 22:03:34
5.060 575.537 2935.610 22:03:35
5.056 553.341 2814.146 22:03:36
5.056 590.341 2985.854 22:03:37
5.068 553.854 2938.049 22:03:38
5.064 556.244 2808.293 22:03:39
5.064 610.854 2951.707 22:03:40
5.020 711.732 3616.585 22:03:41
5.072 553.341 2832.683 22:03:42
5.072 556.439 2809.268 22:03:43
5.072 554.049 2801.951 22:03:44
5.012 709.927 3637.073 22:03:45
5.084 517.561 2636.098 22:03:46
4.972 799.195 2837.073 22:03:48
5.036 619.829 3591.707 22:03:49
5.068 553.341 2803.902 22:03:50
5.032 571.854 2804.390 22:03:51
5.072 553.439 2803.902 22:03:52
5.064 562.146 2775.122 22:03:53
5.080 524.244 2790.244 22:03:54
5.020 560.659 2817.073 22:03:55
5.068 552.659 2803.902 22:03:56
5.072 553.756 2800.488 22:03:57
5.064 556.244 2827.805 22:03:58
5.068 553.951 2809.268 22:03:59
5.096 481.561 2910.732 22:04:00
5.096 587.756 2642.927 22:04:01
5.100 491.244 2403.902 22:04:02
5.080 524.244 2662.439 22:04:03
5.068 554.537 2802.927 22:04:04
5.072 552.244 2804.390 22:04:05
