5.064 553.756 2806.341 22:17:31
5.020 709.537 3452.683 22:17:32
5.016 703.439 3427.317 22:17:33
5.068 554.951 2815.122 22:17:34
5.100 482.463 2813.171 22:17:35
5.100 468.854 2400.000 22:17:36
5.016 713.341 3570.244 22:17:37
5.072 554.244 2802.927 22:17:38
5.016 716.634 3589.268 22:17:39
5.064 555.951 2825.854 22:17:40
5.020 715.122 3595.122 22:17:41
5.084 505.049 2562.927 22:17:42
5.016 714.927 3577.561 22:17:43
5.064 552.854 2838.049 22:17:44
5.008 719.732 3585.366 22:17:45
5.068 553.659 2806.341 22:17:46
5.012 716.537 3581.463 22:17:47
5.084 514.561 2617.561 22:17:48
5.012 799.195 3600.488 22:17:49
5.072 588.049 2818.049 22:17:50
5.012 730.341 3606.829 22:17:51
5.072 557.244 2819.512 22:17:52
4.972 762.829 3763.415 22:17:53
5.076 527.146 2679.024 22:17:54
5.012 718.220 3566.341 22:17:55
5.060 581.634 2927.805 22:17:56
5.012 705.537 3599.024 22:17:57
5.060 589.341 3014.146 22:17:58
5.004 735.829 3625.366 22:17:59
5.068 560.537 2847.805 22:18:00
5.084 531.561 2681.463 22:18:01
5.080 528.951 2683.902 22:18:02
5.028 686.024 2945.366 22:18:03
5.044 799.195 3678.049 22:18:04
5.012 712.537 3570.732 22:18:05
5.056 601.366 2997.073 22:18:06
5.056 577.268 2915.122 22:18:07
5.068 558.244 2803.902 22:18:08
5.068 555.463 2818.537 22:18:09
5.068 553.756 2803.902 22:18:10
5.064 553.951 2837.073 22:18:11
5.072 555.951 2806.829 22:18:12
5.068 571.122 2804.878 22:18:13
5.032 668.439 3392.195 22:18:14
5.060 591.756 3062.439 22:18:15
5.068 556.439 2813.659 22:18:16
5.068 559.561 2819.512 22:18:17
5.068 553.854 2818.537 22:18:18
5.072 555.659 2809.756 22:18:19
5.068 556.537 2818.537 22:18:20
5.096 471.171 2405.854 22:18:21
5.100 469.951 2400.976 22:18:22
5.052 599.024 3016.585 22:18:23
5.068 553.561 2806.829 22:18:24
5.068 555.951 2824.390 22:18:25
