5.004 727.537 3639.512 22:26:50
5.020 695.244 3522.439 22:26:51
5.008 699.537 3511.220 22:26:52
5.068 553.537 2805.366 22:26:53
5.096 477.244 2438.537 22:26:54
5.096 468.561 2391.220 22:26:55
5.012 716.634 3590.732 22:26:56
5.072 556.756 2815.122 22:26:57
5.016 700.341 3581.951 22:26:58
5.072 555.244 2828.293 22:26:59
5.024 667.829 3393.659 22:27:00
5.096 473.049 2400.000 22:27:01
5.024 799.195 3530.244 22:27:02
5.068 553.146 2801.951 22:27:03
5.012 717.439 3534.146 22:27:04
5.068 554.146 2818.049 22:27:05
5.008 715.610 3577.561 22:27:06
5.052 607.854 3026.341 22:27:07
5.008 715.024 3593.171 22:27:08
5.068 557.024 2819.512 22:27:09
5.000 737.024 3698.537 22:27:10
5.068 560.146 2816.585 22:27:11
4.996 705.317 3587.317 22:27:12
5.068 555.854 2809.756 22:27:13
5.000 734.049 3705.366 22:27:14
5.068 559.171 2821.463 22:27:15
5.048 681.951 2864.390 22:27:16
5.000 723.512 3578.537 22:27:17
5.052 580.634 2974.634 22:27:18
5.008 692.829 3490.732 22:27:19
4.996 724.146 3433.171 22:27:20
5.064 595.756 3402.927 22:27:21
5.052 574.439 3084.878 22:27:22
4.992 759.024 3767.805 22:27:23
5.072 553.756 3167.805 22:27:24
5.072 556.049 2808.780 22:27:25
5.068 555.756 2814.634 22:27:26
5.072 566.341 2979.512 22:27:27
5.064 573.268 2912.195 22:27:28
5.072 553.463 2804.878 22:27:29
5.072 556.634 2808.780 22:27:30
5.068 555.854 2819.512 22:27:31
5.068 555.366 2816.585 22:27:32
5.068 570.244 2814.634 22:27:33
5.080 532.829 2659.512 22:27:34
5.072 556.927 2821.463 22:27:35
5.056 562.244 2844.878 22:27:36
5.068 569.268 2806.829 22:27:37
5.072 554.732 2806.829 22:27:38
5.100 470.732 2408.780 22:27:39
5.100 471.268 2391.220 22:27:40
5.100 467.366 2389.268 22:27:41
5.104 467.854 2385.366 22:27:42
5.100 467.463 2386.341 22:27:43
5.004 736.244 3534.634 22:27:44
5.068 554.829 2808.780 22:27:45
5.068 558.049 2827.317 22:27:46
