5.004 727.341 3651.707 21:15:41
5.016 682.244 3537.561 21:15:42
5.012 693.732 3466.829 21:15:43
5.068 552.854 2808.293 21:15:44
5.096 477.463 2426.341 21:15:45
5.076 520.439 2640.488 21:15:46
4.992 754.122 3754.146 21:15:47
5.068 554.537 2808.293 21:15:48
5.016 713.732 3558.049 21:15:49
5.068 556.659 2814.146 21:15:50
5.008 715.537 3600.488 21:15:51
5.080 516.659 2625.366 21:15:52
5.008 712.024 3566.829 21:15:53
5.064 555.146 2811.707 21:15:54
5.064 554.341 2804.390 21:15:55
5.064 553.659 2854.146 21:15:56
5.072 554.244 2807.805 21:15:57
5.084 503.049 2643.902 21:15:58
5.068 554.951 2809.268 21:15:59
4.980 520.951 2633.659 21:16:00
5.080 587.854 2806.341 21:16:01
5.076 528.146 2686.829 21:16:02
5.068 581.439 3542.927 21:16:03
5.064 556.439 2818.049 21:16:04
5.068 563.854 2799.024 21:16:05
5.068 555.146 2816.585 21:16:06
5.068 553.659 2813.171 21:16:07
5.064 553.244 2799.024 21:16:08
5.060 583.537 2944.390 21:16:09
5.000 714.439 3563.902 21:16:10
5.068 552.659 2796.585 21:16:11
5.068 555.854 2812.683 21:16:12
5.068 552.049 2796.585 21:16:13
5.064 554.756 2797.073 21:16:14
5.100 469.463 2387.317 21:16:15
5.064 555.244 2807.805 21:16:16
5.068 552.341 2814.146 21:16:17
5.068 554.537 2798.049 21:16:18
5.060 556.244 2802.927 21:16:19
5.056 590.537 2981.951 21:16:20
5.096 467.049 2401.463 21:16:21
5.096 470.146 2397.073 21:16:22
5.000 736.537 3679.512 21:16:23
5.068 552.659 2799.024 21:16:24
5.068 552.049 2803.902 21:16:25
