5.000 737.829 3678.049 20:52:08
5.008 700.439 3566.341 20:52:09
5.016 699.829 3553.171 20:52:10
5.068 552.341 2801.463 20:52:11
5.092 477.463 2432.195 20:52:12
5.080 518.951 2633.659 20:52:13
5.008 709.122 3561.951 20:52:14
5.068 555.537 2822.927 20:52:15
5.004 715.439 3569.268 20:52:16
5.068 559.049 2830.244 20:52:17
5.060 554.951 2809.268 20:52:18
5.080 516.244 2624.878 20:52:19
5.064 558.951 2806.829 20:52:20
5.068 583.341 2810.244 20:52:21
5.064 552.146 2815.610 20:52:22
5.064 555.537 2830.244 20:52:23
5.068 558.537 3028.293 20:52:24
5.076 507.244 2542.439 20:52:25
5.096 514.854 2815.122 20:52:26
5.068 556.756 2807.805 20:52:27
5.064 553.537 2812.683 20:52:28
5.064 557.146 2833.171 20:52:29
5.068 556.049 2796.585 20:52:30
5.068 555.854 2809.268 20:52:31
5.096 471.366 2380.000 20:52:32
5.068 557.244 2835.122 20:52:33
5.068 555.341 2834.146 20:52:34
5.064 556.854 2811.707 20:52:35
5.064 554.756 2800.488 20:52:36
5.072 558.049 2801.951 20:52:37
5.084 539.244 2596.098 20:52:38
5.064 557.049 2812.683 20:52:39
5.068 555.049 2815.610 20:52:40
5.068 553.951 2809.268 20:52:41
5.068 554.439 2807.805 20:52:42
5.064 556.439 2823.902 20:52:43
5.096 470.244 2399.512 20:52:44
5.096 471.561 2423.415 20:52:45
5.004 736.732 3694.634 20:52:46
5.068 556.049 2813.171 20:52:47
5.072 557.244 2809.268 20:52:48
