5.008 711.732 3566.829 21:25:02
4.956 847.415 4304.390 21:25:03
5.004 699.317 3512.195 21:25:04
5.068 553.561 2811.707 21:25:05
5.092 478.146 2431.220 21:25:06
5.124 392.439 2018.537 21:25:07
5.072 540.244 2747.317 21:25:08
4.996 750.927 4171.707 21:25:09
5.068 552.341 2801.951 21:25:10
5.008 713.951 3582.439 21:25:11
5.068 552.146 2800.976 21:25:12
5.000 746.146 3667.317 21:25:13
5.096 468.341 2488.780 21:25:14
5.088 508.341 2530.732 21:25:15
5.052 556.927 2824.390 21:25:16
4.980 792.537 3562.927 21:25:17
5.064 554.049 2808.780 21:25:18
5.068 553.268 2803.902 21:25:19
5.052 590.732 2992.195 21:25:20
5.068 561.366 2824.390 21:25:21
5.068 553.366 2803.902 21:25:22
5.068 552.927 2801.951 21:25:23
5.004 713.512 3567.805 21:25:24
5.068 555.951 2800.976 21:25:25
5.000 763.805 3724.878 21:25:26
5.004 717.317 3532.683 21:25:27
5.068 553.463 2801.951 21:25:28
5.068 553.463 2800.976 21:25:29
5.008 714.146 3558.049 21:25:30
5.048 549.951 2818.537 21:25:31
5.064 555.756 2811.707 21:25:32
5.068 552.634 2799.024 21:25:33
5.020 553.024 2797.073 21:25:34
5.068 642.146 2854.634 21:25:35
5.068 552.829 2799.024 21:25:36
5.044 561.366 2864.390 21:25:37
5.008 711.951 3513.171 21:25:38
5.064 552.146 2800.976 21:25:39
5.068 552.049 2797.073 21:25:40
5.068 553.366 2803.902 21:25:41
5.084 503.659 2573.659 21:25:42
5.096 467.756 2383.415 21:25:43
5.096 470.878 2391.220 21:25:44
5.100 470.634 2380.488 21:25:45
5.096 470.341 2396.098 21:25:46
5.000 737.024 3688.780 21:25:47
5.064 552.537 2801.951 21:25:48
5.064 552.341 2797.073 21:25:49
