5.056 162.793 821.707 17:40:50
5.044 248.585 1253.902 17:40:51
5.056 161.195 814.878 17:40:52
5.060 145.890 737.805 17:40:53
5.060 145.000 733.659 17:40:54
5.060 144.195 736.829 17:40:55
5.060 145.793 735.610 17:40:56
5.064 144.695 733.415 17:40:57
5.060 144.293 731.220 17:40:58
5.060 145.195 738.049 17:40:59
5.060 144.793 732.195 17:41:00
5.064 145.695 735.610 17:41:01
5.060 145.390 732.439 17:41:02
5.060 144.293 734.878 17:41:03
5.060 148.000 748.537 17:41:04
5.056 149.695 754.878 17:41:05
5.060 147.695 743.171 17:41:06
5.060 153.598 1098.537 17:41:07
5.060 148.000 742.439 17:41:08
5.040 151.195 766.585 17:41:09
5.060 147.098 830.488 17:41:10
5.048 245.695 1223.659 17:41:12
5.064 170.195 732.195 17:41:13
5.048 244.488 1060.244 17:41:14
5.060 144.695 733.659 17:41:15
5.060 148.098 749.268 17:41:16
