5.060 195.695 811.220 18:00:00
5.044 247.195 1244.390 18:00:01
5.060 159.695 807.561 18:00:02
5.060 148.695 754.390 18:00:03
5.060 144.890 740.000 18:00:04
5.060 149.195 757.317 18:00:05
5.060 144.793 733.415 18:00:06
5.060 144.890 732.439 18:00:07
5.060 145.293 735.366 18:00:08
5.064 145.098 732.439 18:00:09
5.060 145.098 737.317 18:00:10
5.060 149.293 755.366 18:00:11
5.060 145.390 732.195 18:00:12
5.060 148.598 751.220 18:00:13
5.060 205.195 955.854 18:00:14
5.052 149.793 758.537 18:00:15
5.060 148.000 745.610 18:00:16
5.044 206.195 1208.780 18:00:17
5.060 148.890 747.317 18:00:18
5.060 144.695 733.659 18:00:19
5.060 145.195 733.415 18:00:20
5.060 145.293 737.805 18:00:21
5.060 145.695 735.610 18:00:22
5.060 145.390 732.195 18:00:23
5.060 144.793 733.415 18:00:24
5.060 158.000 801.951 18:00:25
