5.056 165.195 784.878 18:16:23
5.040 249.488 1268.293 18:16:24
5.060 161.598 817.317 18:16:25
5.060 149.195 751.220 18:16:26
5.060 154.293 782.927 18:16:27
5.060 153.695 779.268 18:16:28
5.060 160.598 811.707 18:16:29
5.060 146.793 740.976 18:16:30
5.064 145.500 732.195 18:16:31
5.064 157.390 797.317 18:16:32
5.056 144.890 736.098 18:16:33
5.064 145.293 735.366 18:16:34
5.056 145.793 738.780 18:16:35
5.060 145.500 729.268 18:16:36
5.060 145.598 729.756 18:16:37
5.060 144.500 738.780 18:16:38
5.060 154.390 780.488 18:16:39
5.060 144.000 728.537 18:16:40
5.064 145.695 736.829 18:16:41
5.060 147.500 746.585 18:16:42
5.060 147.500 741.707 18:16:43
5.060 146.695 744.878 18:16:44
5.060 144.793 732.439 18:16:45
5.060 146.500 730.976 18:16:46
5.060 145.793 734.146 18:16:47
5.060 163.500 1010.244 18:16:48
