5.060 150.500 761.707 17:33:51
5.044 242.195 1249.268 17:33:52
5.060 158.890 801.707 17:33:53
5.060 144.890 736.829 17:33:54
5.060 149.195 752.439 17:33:55
5.060 144.890 737.317 17:33:56
5.060 144.793 733.415 17:33:57
5.060 144.793 735.610 17:33:58
5.060 144.695 735.610 17:33:59
5.060 144.098 732.927 17:34:00
5.060 144.695 736.829 17:34:01
5.060 144.695 735.610 17:34:02
5.060 144.890 733.415 17:34:03
5.060 145.390 734.878 17:34:04
5.064 145.890 739.268 17:34:05
5.056 144.793 735.366 17:34:06
5.060 144.598 732.195 17:34:07
5.060 145.195 737.317 17:34:08
5.060 145.293 732.195 17:34:09
5.060 146.293 744.878 17:34:10
5.060 144.695 732.195 17:34:11
5.060 147.098 745.610 17:34:12
5.060 145.293 735.366 17:34:13
5.056 179.793 870.000 17:34:14
5.052 195.293 1320.000 17:34:15
5.060 241.390 811.220 17:34:16
