5.052 163.390 823.659 18:04:41
5.040 250.585 1262.683 18:04:42
5.056 161.390 816.829 18:04:43
5.060 148.195 749.756 18:04:44
5.060 154.500 782.927 18:04:45
5.060 151.890 766.098 18:04:46
5.060 147.598 749.268 18:04:47
5.060 149.500 760.488 18:04:48
5.060 146.390 738.049 18:04:49
5.060 148.793 756.098 18:04:50
5.060 144.793 733.659 18:04:51
5.064 144.890 735.610 18:04:52
5.060 145.390 732.439 18:04:53
5.060 150.195 757.561 18:04:54
5.060 144.695 735.366 18:04:55
5.060 151.000 760.488 18:04:56
5.060 144.890 992.683 18:04:57
5.048 241.695 1069.024 18:04:58
5.052 154.793 819.268 18:04:59
5.044 209.695 1068.293 18:05:00
5.060 145.390 734.146 18:05:01
5.060 145.195 736.829 18:05:02
5.060 145.390 732.195 18:05:03
5.060 144.793 736.829 18:05:04
5.060 145.598 732.195 18:05:05
5.060 158.695 802.439 18:05:06
