5.056 172.098 947.561 17:53:00
5.040 249.793 1254.878 17:53:01
5.060 157.793 797.561 17:53:02
5.060 145.598 733.659 17:53:03
5.056 148.598 755.366 17:53:04
5.060 144.890 734.146 17:53:05
5.060 144.695 734.390 17:53:06
5.060 148.390 748.537 17:53:07
5.060 146.000 742.927 17:53:08
5.060 148.598 756.098 17:53:09
5.060 144.793 735.610 17:53:10
5.060 150.598 759.268 17:53:11
5.060 144.695 778.049 17:53:12
5.060 149.195 756.585 17:53:13
5.060 145.890 740.000 17:53:14
5.060 209.890 1124.878 17:53:15
5.048 145.598 845.610 17:53:16
5.060 144.890 740.000 17:53:18
5.060 145.098 736.098 17:53:19
5.060 151.000 763.659 17:53:20
5.060 145.195 734.878 17:53:21
5.060 146.390 740.976 17:53:22
5.060 144.695 736.098 17:53:23
5.048 209.195 1144.146 17:53:24
5.056 222.793 1138.049 17:53:25
5.060 158.500 801.220 17:53:26
