5.060 157.195 795.122 17:49:32
5.040 250.695 1394.634 17:49:33
5.056 162.000 819.512 17:49:34
5.060 151.598 767.317 17:49:35
5.060 151.890 767.317 17:49:36
5.064 149.195 754.878 17:49:37
5.060 147.793 746.829 17:49:38
5.060 146.000 732.439 17:49:39
5.060 145.195 733.415 17:49:40
5.060 144.890 736.098 17:49:41
5.064 146.390 738.780 17:49:42
5.060 145.390 731.707 17:49:43
5.060 146.500 740.488 17:49:44
5.060 148.000 752.195 17:49:45
5.064 144.793 738.049 17:49:46
5.064 144.890 740.000 17:49:47
5.060 145.598 734.146 17:49:48
5.060 144.890 732.439 17:49:49
5.060 145.098 737.317 17:49:50
5.060 149.695 758.049 17:49:51
5.064 144.793 998.537 17:49:52
5.048 146.890 733.659 17:49:53
5.060 146.195 751.220 17:49:54
5.060 146.598 777.317 17:49:55
5.040 197.390 990.244 17:49:56
5.060 145.793 734.146 17:49:57
