5.048 225.793 774.390 17:33:16
5.036 272.293 1422.927 17:33:17
5.036 252.695 1273.659 17:33:18
5.060 148.000 749.756 17:33:19
5.060 148.098 749.268 17:33:20
5.060 149.098 754.146 17:33:21
5.060 149.598 754.390 17:33:22
5.060 145.500 733.415 17:33:23
5.060 145.293 735.610 17:33:24
5.064 144.598 734.146 17:33:25
5.060 145.390 734.878 17:33:26
5.060 145.598 736.829 17:33:27
5.064 167.390 749.268 17:33:28
5.060 145.500 732.195 17:33:29
5.064 148.890 738.780 17:33:30
5.060 146.000 741.220 17:33:31
5.060 144.695 735.610 17:33:32
5.060 145.098 732.195 17:33:33
5.060 145.793 739.268 17:33:34
5.060 145.195 732.195 17:33:35
5.060 145.000 735.610 17:33:36
5.060 144.598 735.366 17:33:37
5.060 144.695 739.268 17:33:38
5.064 145.500 732.195 17:33:39
5.060 144.793 766.585 17:33:40
5.060 161.500 816.341 17:33:41
