5.052 156.500 791.951 17:57:40
5.040 252.988 1275.854 17:57:41
5.056 174.390 817.317 17:57:42
5.060 153.000 766.098 17:57:43
5.060 151.890 770.488 17:57:45
5.060 152.000 768.049 17:57:46
5.060 148.098 744.878 17:57:47
5.064 145.500 732.439 17:57:48
5.060 145.500 733.415 17:57:49
5.060 149.195 756.098 17:57:50
5.064 145.500 733.659 17:57:51
5.060 149.000 754.878 17:57:52
5.064 144.793 733.659 17:57:53
5.060 213.988 755.366 17:57:54
5.060 145.695 733.659 17:57:55
5.060 149.293 753.171 17:57:56
5.060 145.598 738.780 17:57:57
5.060 147.000 756.585 17:57:58
5.060 144.695 736.098 17:57:59
5.048 150.890 1071.463 17:58:00
5.044 148.793 754.390 17:58:01
5.048 271.585 1049.512 17:58:02
5.060 145.793 742.927 17:58:03
5.064 145.500 732.195 17:58:04
5.060 145.390 736.098 17:58:05
5.060 146.500 930.732 17:58:06
