5.060 154.390 775.610 17:52:26
5.040 249.293 1266.341 17:52:27
5.056 160.695 813.171 17:52:28
5.056 158.695 802.439 17:52:29
5.060 147.390 745.610 17:52:30
5.056 147.195 741.707 17:52:31
5.060 146.293 740.000 17:52:32
5.060 145.695 732.195 17:52:33
5.064 145.390 733.659 17:52:34
5.060 148.500 751.220 17:52:35
5.060 145.500 732.439 17:52:36
5.064 148.890 754.390 17:52:37
5.060 145.000 732.195 17:52:38
5.056 149.098 752.927 17:52:39
5.056 149.000 788.780 17:52:40
5.060 151.000 767.561 17:52:41
5.060 147.390 745.366 17:52:42
5.060 151.390 767.317 17:52:43
5.064 147.195 745.610 17:52:44
5.064 152.695 771.951 17:52:45
5.060 148.000 748.780 17:52:46
5.060 151.793 767.561 17:52:47
5.060 148.000 747.561 17:52:48
5.060 150.000 762.439 17:52:49
5.052 199.390 999.756 17:52:50
5.060 161.000 847.561 17:52:51
