5.056 161.793 815.610 17:39:03
5.044 249.195 1256.098 17:39:04
5.060 161.293 816.829 17:39:05
5.060 146.890 743.171 17:39:06
5.064 145.500 730.000 17:39:08
5.060 155.695 731.220 17:39:09
5.060 147.195 732.195 17:39:10
5.060 145.390 732.195 17:39:11
5.060 144.890 732.439 17:39:12
5.060 145.098 735.366 17:39:13
5.060 144.695 734.878 17:39:14
5.064 144.500 729.756 17:39:15
5.060 145.000 738.049 17:39:16
5.064 144.098 732.439 17:39:17
5.056 145.390 729.268 17:39:18
5.064 145.695 1059.024 17:39:19
5.052 144.390 733.659 17:39:20
5.060 144.293 731.707 17:39:21
5.060 144.890 732.195 17:39:22
5.060 145.500 730.000 17:39:23
5.060 144.000 733.659 17:39:24
5.060 144.890 729.268 17:39:25
5.060 147.293 741.220 17:39:26
5.060 147.890 741.220 17:39:27
5.048 198.390 1015.366 17:39:28
5.060 149.195 758.780 17:39:29
