5.056 168.890 853.902 18:01:10
5.044 243.695 1231.707 18:01:11
5.056 160.890 813.902 18:01:13
5.060 148.390 755.610 18:01:14
5.060 148.195 754.390 18:01:15
5.060 152.195 768.537 18:01:16
5.060 148.695 749.756 18:01:17
5.060 145.598 733.659 18:01:18
5.060 145.695 733.659 18:01:19
5.060 151.098 757.317 18:01:20
5.060 144.793 736.098 18:01:21
5.060 147.098 743.659 18:01:22
5.060 145.293 732.439 18:01:23
5.040 147.293 740.976 18:01:24
5.060 146.390 742.195 18:01:25
5.048 215.098 1419.756 18:01:26
5.064 145.293 729.756 18:01:27
5.048 238.890 1102.195 18:01:28
5.060 144.890 741.220 18:01:29
5.060 145.598 738.049 18:01:30
5.060 145.500 736.829 18:01:31
5.064 146.293 741.707 18:01:32
5.064 146.793 742.927 18:01:33
5.060 145.390 733.415 18:01:34
5.060 146.195 739.268 18:01:35
5.044 312.793 1139.268 18:01:36
