5.056 155.500 786.098 17:57:06
5.040 257.293 1277.561 17:57:07
5.060 161.390 816.829 17:57:08
5.060 152.695 774.146 17:57:09
5.056 152.598 771.707 17:57:10
5.060 151.098 767.561 17:57:11
5.060 148.000 748.537 17:57:12
5.060 151.793 764.878 17:57:13
5.060 147.195 744.878 17:57:14
5.060 151.890 818.780 17:57:15
5.060 148.500 751.220 17:57:16
5.064 153.598 767.561 17:57:17
5.060 147.098 744.878 17:57:18
5.060 152.890 772.439 17:57:19
5.056 147.293 748.780 17:57:20
5.060 158.500 766.098 17:57:21
5.060 145.793 740.976 17:57:22
5.048 150.293 761.220 17:57:23
5.060 143.793 731.707 17:57:24
5.060 147.793 744.878 17:57:25
5.064 166.793 735.610 17:57:26
5.052 147.098 743.171 17:57:27
5.060 148.598 741.220 17:57:28
5.052 248.293 1260.488 17:57:29
5.064 145.793 733.659 17:57:30
5.056 168.098 811.707 17:57:31
