5.060 152.793 774.878 17:48:58
5.048 250.085 1261.707 17:48:59
5.056 160.890 817.317 17:49:00
5.060 146.598 741.707 17:49:01
5.060 150.000 760.976 17:49:02
5.060 149.390 755.366 17:49:03
5.060 144.890 735.366 17:49:04
5.060 151.195 768.049 17:49:05
5.060 148.000 746.829 17:49:06
5.060 147.793 748.780 17:49:07
5.060 148.098 749.268 17:49:08
5.060 148.000 745.366 17:49:09
5.060 147.390 748.537 17:49:10
5.060 149.098 757.317 17:49:11
5.060 147.695 742.439 17:49:12
5.060 144.890 738.049 17:49:13
5.060 145.890 740.976 17:49:14
5.060 144.890 736.098 17:49:15
5.060 145.000 735.610 17:49:16
5.060 147.390 748.537 17:49:17
5.060 145.098 733.415 17:49:18
5.048 147.195 740.976 17:49:19
5.060 145.000 734.146 17:49:20
5.040 146.500 957.561 17:49:21
5.056 151.695 736.829 17:49:22
5.060 145.390 735.610 17:49:23
