5.056 161.098 814.390 18:01:46
5.040 250.293 1261.951 18:01:47
5.056 161.293 815.610 18:01:48
5.060 153.890 772.927 18:01:49
5.060 153.000 774.878 18:01:50
5.056 152.195 766.829 18:01:51
5.060 148.000 749.756 18:01:52
5.060 148.598 752.439 18:01:53
5.060 144.500 736.829 18:01:54
5.060 144.793 736.098 18:01:55
5.060 144.598 739.268 18:01:56
5.060 149.390 752.195 18:01:57
5.060 144.695 732.195 18:01:58
5.060 150.695 762.439 18:01:59
5.060 144.695 732.195 18:02:00
5.060 154.195 779.756 18:02:01
5.060 145.793 732.439 18:02:02
5.060 151.000 766.098 18:02:03
5.060 144.793 736.098 18:02:04
5.056 215.098 979.756 18:02:05
5.052 161.695 732.439 18:02:06
5.044 216.098 1107.317 18:02:07
5.060 145.500 832.439 18:02:08
5.044 230.390 1126.098 18:02:09
5.060 219.695 1054.146 18:02:10
5.060 146.598 737.805 18:02:11
