5.048 171.695 788.780 17:32:07
5.044 244.890 1233.171 17:32:08
5.056 158.793 802.927 17:32:09
5.064 145.695 737.317 17:32:10
5.064 145.390 738.780 17:32:11
5.060 144.890 735.610 17:32:12
5.060 146.390 741.220 17:32:13
5.052 154.098 775.610 17:32:14
5.060 144.390 736.098 17:32:15
5.060 145.293 735.610 17:32:16
5.060 145.390 732.195 17:32:17
5.060 145.500 735.610 17:32:18
5.060 145.598 732.927 17:32:19
5.064 145.195 732.439 17:32:20
5.060 144.695 732.195 17:32:21
5.060 144.695 735.366 17:32:22
5.064 145.098 732.195 17:32:23
5.060 198.695 736.098 17:32:24
5.060 145.293 732.195 17:32:25
5.064 145.390 739.268 17:32:26
5.060 145.098 732.195 17:32:27
5.052 177.488 970.976 17:32:28
5.064 144.695 741.220 17:32:29
5.060 145.598 737.317 17:32:30
5.060 159.098 805.610 17:32:31
5.060 144.793 732.439 17:32:32
