5.056 161.890 817.561 17:37:53
5.024 333.585 1676.098 17:37:54
5.060 161.098 816.098 17:37:55
5.060 149.195 754.878 17:37:56
5.060 149.098 758.049 17:37:57
5.060 147.293 746.585 17:37:58
5.060 147.390 749.268 17:37:59
5.060 145.098 735.610 17:38:00
5.064 144.695 740.976 17:38:01
5.056 145.390 782.439 17:38:02
5.060 145.293 735.610 17:38:03
5.060 146.000 744.390 17:38:04
5.060 144.598 735.366 17:38:05
5.060 145.293 732.195 17:38:06
5.060 149.695 748.537 17:38:07
5.060 147.890 744.390 17:38:08
5.060 147.195 744.390 17:38:09
5.060 148.000 748.780 17:38:10
5.060 147.390 744.878 17:38:11
5.060 147.793 748.780 17:38:12
5.060 147.000 744.878 17:38:13
5.056 147.195 750.488 17:38:14
5.064 145.000 734.878 17:38:15
5.060 144.695 733.659 17:38:16
5.052 197.988 1081.707 17:38:17
5.060 146.390 740.976 17:38:18
