5.060 161.098 815.122 17:42:00
5.040 247.988 1250.000 17:42:01
5.056 161.390 816.341 17:42:02
5.060 148.195 749.756 17:42:03
5.060 149.293 752.439 17:42:04
5.060 145.500 733.415 17:42:05
5.060 145.500 734.146 17:42:06
5.060 145.195 734.878 17:42:07
5.060 145.098 734.146 17:42:08
5.060 145.390 735.610 17:42:09
5.056 146.098 739.268 17:42:10
5.060 144.890 735.610 17:42:11
5.060 145.598 732.439 17:42:12
5.064 145.500 732.195 17:42:13
5.056 147.890 748.780 17:42:14
5.064 147.000 742.927 17:42:15
5.060 145.500 732.195 17:42:16
5.060 148.598 752.439 17:42:17
5.060 145.390 732.439 17:42:18
5.044 207.195 746.098 17:42:19
5.056 144.195 735.366 17:42:20
5.052 146.390 999.756 17:42:21
5.052 145.293 732.195 17:42:22
5.052 235.488 1035.122 17:42:23
5.060 145.695 734.878 17:42:24
5.056 158.695 802.439 17:42:25
