5.060 161.890 818.537 17:50:07
5.040 248.793 1241.951 17:50:08
5.056 158.695 802.927 17:50:09
5.060 145.000 741.220 17:50:10
5.060 149.293 755.366 17:50:11
5.060 145.098 732.439 17:50:12
5.060 183.695 939.512 17:50:13
5.060 151.695 760.488 17:50:14
5.060 144.793 743.171 17:50:15
5.060 144.793 736.829 17:50:16
5.060 145.390 735.366 17:50:17
5.064 144.890 733.415 17:50:18
5.056 176.890 851.951 17:50:19
5.056 166.500 843.902 17:50:20
5.056 144.793 736.829 17:50:21
5.060 148.500 751.220 17:50:22
5.060 199.195 736.098 17:50:23
5.060 144.890 732.195 17:50:24
5.056 144.000 745.610 17:50:25
5.060 149.195 752.439 17:50:26
5.060 145.390 731.220 17:50:27
5.048 235.988 1063.659 17:50:28
5.048 172.195 735.610 17:50:29
5.048 208.488 1047.317 17:50:30
5.060 146.098 743.171 17:50:31
5.060 158.598 802.439 17:50:32
