5.060 151.598 766.098 17:35:00
5.044 245.988 1239.512 17:35:01
5.060 158.598 805.610 17:35:02
5.060 149.390 756.098 17:35:03
5.060 145.293 732.195 17:35:04
5.060 145.390 735.366 17:35:05
5.060 145.000 734.390 17:35:06
5.056 145.293 736.829 17:35:07
5.060 144.793 737.805 17:35:08
5.060 144.793 736.098 17:35:09
5.060 145.598 732.195 17:35:10
5.060 144.695 735.610 17:35:11
5.060 145.390 729.756 17:35:12
5.060 144.890 735.610 17:35:13
5.060 144.695 734.390 17:35:14
5.048 145.098 736.098 17:35:15
5.060 145.098 733.415 17:35:16
5.060 146.098 738.049 17:35:17
5.060 144.793 729.268 17:35:18
5.056 145.890 740.976 17:35:19
5.056 145.890 737.317 17:35:20
5.060 155.598 970.976 17:35:21
5.064 144.695 781.220 17:35:22
5.060 145.293 734.146 17:35:23
5.056 157.500 806.341 17:35:24
5.064 149.195 736.098 17:35:25
