5.060 157.293 798.049 18:24:01
5.044 266.890 1257.561 18:24:02
5.056 161.890 818.537 18:24:03
5.060 157.000 783.171 18:24:04
5.060 151.598 769.756 18:24:05
5.060 154.695 781.951 18:24:06
5.060 146.195 752.439 18:24:07
5.048 237.098 1518.537 18:24:08
5.048 200.488 1009.512 18:24:09
5.052 240.195 1210.488 18:24:10
5.060 145.000 732.439 18:24:11
5.064 146.390 740.976 18:24:12
5.060 155.390 729.756 18:24:13
5.064 144.890 736.098 18:24:14
5.060 144.890 733.415 18:24:15
5.064 144.793 735.366 18:24:16
5.064 144.793 732.439 18:24:17
5.060 144.390 729.268 18:24:18
5.060 145.500 736.098 18:24:19
5.060 146.598 735.366 18:24:20
5.064 144.500 737.317 18:24:21
5.060 145.195 734.390 18:24:22
5.060 144.695 735.366 18:24:23
5.060 145.390 732.195 18:24:24
5.060 146.598 738.049 18:24:25
5.040 160.195 1054.634 18:24:26
