5.060 153.793 783.659 17:42:36
5.024 317.683 1256.341 17:42:37
5.056 158.500 801.951 17:42:38
5.060 145.695 734.878 17:42:39
5.060 148.293 749.756 17:42:40
5.060 149.098 754.878 17:42:41
5.060 149.390 752.927 17:42:42
5.060 149.000 752.195 17:42:43
5.060 148.000 746.098 17:42:44
5.060 144.890 733.415 17:42:45
5.060 144.793 733.415 17:42:46
5.060 146.500 740.000 17:42:47
5.060 154.598 782.439 17:42:48
5.060 145.500 736.098 17:42:49
5.060 145.695 740.976 17:42:50
5.060 145.293 735.610 17:42:51
5.060 145.390 732.195 17:42:52
5.060 146.098 747.561 17:42:53
5.060 144.890 735.610 17:42:54
5.056 144.890 736.098 17:42:55
5.060 146.293 737.317 17:42:56
5.060 160.793 735.610 17:42:57
5.060 144.500 735.610 17:42:58
5.056 147.000 745.366 17:42:59
5.052 198.793 989.756 17:43:00
5.056 174.793 801.951 17:43:01
