5.048 171.695 833.659 18:09:19
5.044 250.085 1260.488 18:09:20
5.060 161.390 816.829 18:09:21
5.060 149.293 754.146 18:09:22
5.060 151.195 768.537 18:09:23
5.060 151.293 764.878 18:09:24
5.060 144.890 736.829 18:09:25
5.060 149.293 752.927 18:09:26
5.064 145.390 735.610 18:09:27
5.060 150.793 764.146 18:09:28
5.060 158.293 800.732 18:09:29
5.060 145.293 738.780 18:09:30
5.060 145.098 730.000 18:09:31
5.060 145.500 735.366 18:09:32
5.060 144.695 730.000 18:09:33
5.056 145.098 733.659 18:09:34
5.060 144.695 732.195 18:09:35
5.060 144.390 731.707 18:09:36
5.060 144.000 729.268 18:09:37
5.064 146.500 737.805 18:09:38
5.064 143.890 737.805 18:09:39
5.060 144.195 731.707 18:09:40
5.064 145.500 731.707 18:09:41
5.060 144.195 830.000 18:09:42
5.052 143.793 735.366 18:09:43
5.060 160.695 809.268 18:09:44
