5.056 161.390 816.098 18:18:42
5.040 251.085 1269.512 18:18:43
5.060 161.000 814.878 18:18:44
5.060 148.293 746.829 18:18:45
5.064 149.500 759.756 18:18:46
5.060 151.793 769.756 18:18:47
5.060 146.098 732.439 18:18:48
5.060 156.695 793.171 18:18:49
5.060 145.500 733.659 18:18:50
5.060 150.695 766.098 18:18:51
5.060 146.293 735.610 18:18:52
5.052 224.793 1015.854 18:18:53
5.056 175.988 901.463 18:18:54
5.060 146.598 733.659 18:18:55
5.060 147.598 746.585 18:18:56
5.060 148.000 745.366 18:18:57
5.056 148.890 748.537 18:18:58
5.060 152.390 752.195 18:18:59
5.064 147.293 745.366 18:19:00
5.060 154.000 734.878 18:19:01
5.064 145.500 736.098 18:19:02
5.064 145.500 735.366 18:19:03
5.064 145.695 737.317 18:19:04
5.056 144.890 997.805 18:19:05
5.052 145.000 731.707 18:19:06
5.048 159.793 806.829 18:19:07
