5.056 169.695 858.049 17:46:04
5.036 248.695 1266.098 17:46:05
5.056 162.500 821.707 17:46:06
5.060 148.293 746.829 17:46:07
5.064 148.890 753.171 17:46:08
5.060 151.598 766.585 17:46:09
5.060 154.598 733.415 17:46:10
5.060 149.293 752.439 17:46:11
5.060 145.000 734.878 17:46:12
5.060 145.098 732.439 17:46:13
5.060 145.390 732.195 17:46:14
5.056 148.500 756.829 17:46:15
5.060 145.500 730.000 17:46:16
5.064 145.000 733.659 17:46:17
5.060 145.695 739.756 17:46:18
5.064 144.695 732.439 17:46:19
5.060 145.293 731.707 17:46:20
5.060 147.195 742.439 17:46:21
5.060 146.098 737.805 17:46:22
5.064 150.195 762.927 17:46:23
5.060 145.390 733.415 17:46:24
5.060 146.695 750.488 17:46:25
5.060 144.890 736.829 17:46:26
5.060 146.695 744.390 17:46:27
5.060 148.598 873.902 17:46:28
5.060 216.195 1092.927 17:46:29
