5.060 153.695 777.317 18:09:54
5.044 246.085 1240.488 18:09:55
5.060 159.293 802.439 18:09:56
5.052 173.293 876.341 18:09:57
5.060 144.890 736.098 18:09:58
5.060 146.390 740.976 18:09:59
5.060 148.098 749.756 18:10:00
5.060 147.598 748.537 18:10:01
5.060 147.293 745.610 18:10:02
5.060 148.098 746.829 18:10:03
5.060 147.098 745.610 18:10:04
5.052 182.390 923.171 18:10:05
5.060 144.695 735.366 18:10:06
5.064 177.293 744.878 18:10:07
5.060 145.000 736.829 18:10:08
5.060 144.695 733.415 18:10:09
5.064 146.598 738.049 18:10:10
5.064 145.500 735.610 18:10:11
5.060 145.390 732.439 18:10:12
5.060 144.598 734.146 18:10:13
5.060 144.793 733.415 18:10:14
5.060 145.500 737.317 18:10:15
5.060 148.098 749.268 18:10:16
5.060 146.500 747.317 18:10:17
5.060 148.098 746.829 18:10:18
5.044 247.293 1253.659 18:10:19
5.064 145.598 733.415 18:10:20
