5.060 202.598 811.220 17:44:19
5.044 241.293 1257.561 17:44:20
5.060 160.098 810.000 17:44:21
5.064 145.000 734.146 17:44:22
5.060 145.695 739.756 17:44:23
5.064 146.098 738.049 17:44:24
5.064 144.793 737.317 17:44:25
5.060 144.890 735.610 17:44:26
5.060 145.098 736.829 17:44:27
5.060 149.890 761.951 17:44:28
5.060 144.890 735.610 17:44:29
5.060 145.293 734.878 17:44:30
5.060 145.793 744.390 17:44:31
5.064 163.390 733.659 17:44:32
5.064 145.390 735.610 17:44:33
5.056 147.390 743.171 17:44:34
5.060 145.500 739.756 17:44:35
5.048 199.793 742.439 17:44:36
5.064 145.293 735.366 17:44:37
5.052 201.098 1071.463 17:44:38
5.060 158.598 731.220 17:44:39
5.048 232.988 1023.902 17:44:40
5.060 145.293 732.195 17:44:41
5.048 210.695 1024.146 17:44:42
5.060 145.793 732.439 17:44:43
5.060 162.195 820.000 17:44:44
