5.060 210.488 1063.415 18:06:25
5.040 248.585 1256.098 18:06:26
5.060 159.195 805.610 18:06:27
5.060 146.098 864.390 18:06:28
5.060 159.598 806.829 18:06:29
5.060 147.695 748.537 18:06:30
5.060 157.293 789.756 18:06:31
5.048 154.890 882.683 18:06:32
5.060 148.293 752.927 18:06:33
5.044 216.195 778.049 18:06:34
5.060 172.195 748.537 18:06:35
5.048 153.500 1040.976 18:06:36
5.064 148.000 744.878 18:06:37
5.060 149.500 754.390 18:06:38
5.060 147.098 745.366 18:06:39
5.060 145.390 735.610 18:06:40
5.060 144.598 1002.683 18:06:41
5.052 146.390 744.390 18:06:42
5.060 147.098 739.756 18:06:43
5.064 146.390 742.195 18:06:44
5.060 146.098 734.878 18:06:45
5.060 201.988 745.366 18:06:46
5.060 146.098 737.317 18:06:47
5.048 203.488 1015.122 18:06:48
5.060 202.988 1024.634 18:06:49
5.064 145.390 736.829 18:06:50
