5.060 156.195 790.488 17:34:25
5.020 328.878 1652.195 17:34:26
5.048 305.268 1340.488 17:34:27
5.060 153.488 777.073 17:34:28
5.060 149.293 755.122 17:34:29
5.056 153.585 779.024 17:34:30
5.060 147.976 745.854 17:34:31
5.060 144.976 742.439 17:34:32
5.060 146.488 739.512 17:34:34
5.060 144.976 732.683 17:34:35
5.060 144.780 735.122 17:34:36
5.060 146.390 734.634 17:34:37
5.060 145.293 734.634 17:34:38
5.060 145.293 734.634 17:34:39
5.060 146.390 738.537 17:34:40
5.064 146.390 764.878 17:34:41
5.064 144.585 736.098 17:34:42
5.060 146.976 742.439 17:34:43
5.048 163.878 934.146 17:34:44
5.060 145.878 740.976 17:34:45
5.064 144.585 735.122 17:34:46
5.064 204.073 749.756 17:34:47
5.060 145.390 732.683 17:34:48
5.056 209.683 1007.805 17:34:49
5.060 143.976 735.122 17:34:50
5.060 158.585 801.463 17:34:51
