5.060 144.695 733.659 17:27:30
5.060 144.598 733.415 17:27:31
5.040 248.293 1251.707 17:27:32
5.060 150.293 761.951 17:27:33
5.060 146.390 740.976 17:27:34
5.060 144.098 736.098 17:27:35
5.064 144.695 735.610 17:27:36
5.060 145.793 736.829 17:27:37
5.060 146.293 737.805 17:27:38
5.064 144.695 735.366 17:27:39
5.060 146.098 740.976 17:27:40
5.060 144.695 736.098 17:27:41
5.064 144.695 736.098 17:27:42
5.060 144.598 734.878 17:27:43
5.064 145.195 739.756 17:27:44
5.060 145.293 730.488 17:27:45
5.064 145.293 732.195 17:27:46
5.060 145.598 739.756 17:27:47
5.064 145.000 732.195 17:27:48
5.060 145.195 733.415 17:27:49
5.060 144.793 734.146 17:27:50
5.060 145.293 732.439 17:27:51
5.060 143.890 735.610 17:27:52
5.060 144.598 735.610 17:27:53
5.064 147.598 748.780 17:27:54
5.040 248.085 1247.317 17:27:55
