5.060 156.390 790.732 17:40:16
5.044 243.293 1223.659 17:40:17
5.056 170.890 863.171 17:40:18
5.060 148.195 746.829 17:40:19
5.060 148.098 749.268 17:40:20
5.064 146.890 745.610 17:40:21
5.064 147.890 749.268 17:40:22
5.060 145.500 738.049 17:40:23
5.060 145.390 736.098 17:40:24
5.060 144.793 735.610 17:40:25
5.064 145.890 740.000 17:40:26
5.060 144.695 732.195 17:40:27
5.060 147.098 744.390 17:40:28
5.052 147.500 749.756 17:40:29
5.060 146.293 742.439 17:40:30
5.048 240.085 1214.878 17:40:31
5.060 145.195 734.878 17:40:32
5.048 205.988 1039.756 17:40:33
5.060 145.390 732.195 17:40:34
5.056 145.390 735.610 17:40:35
5.060 144.793 736.098 17:40:36
5.060 144.890 733.659 17:40:37
5.052 177.098 898.293 17:40:38
5.060 147.000 745.610 17:40:39
5.060 196.098 805.610 17:40:40
5.060 149.793 758.049 17:40:41
