5.060 156.500 987.561 18:12:50
5.040 248.585 1235.610 18:12:51
5.060 162.293 820.488 18:12:52
5.060 152.098 769.756 18:12:53
5.060 152.000 775.366 18:12:54
5.056 155.695 798.537 18:12:55
5.060 148.890 746.829 18:12:56
5.060 153.500 778.537 18:12:57
5.060 147.390 748.537 18:12:58
5.048 236.195 893.902 18:12:59
5.064 146.500 738.049 18:13:00
5.044 226.390 1254.390 18:13:01
5.060 144.793 736.098 18:13:02
5.060 220.293 1167.317 18:13:03
5.060 161.000 813.902 18:13:04
5.060 206.695 764.146 18:13:05
5.060 147.598 744.878 18:13:06
5.060 149.000 1052.927 18:13:07
5.052 148.695 745.610 18:13:08
5.052 259.085 762.927 18:13:09
5.060 148.793 750.976 18:13:10
5.040 251.195 1123.659 18:13:11
5.064 144.793 735.610 18:13:12
5.040 214.488 1021.707 18:13:13
5.060 144.695 733.415 18:13:14
5.060 148.890 756.098 18:13:16
