5.052 154.000 1115.610 18:11:05
5.044 249.793 1255.610 18:11:06
5.060 158.890 804.146 18:11:07
5.060 148.890 755.366 18:11:08
5.060 148.793 752.927 18:11:09
5.040 256.793 1337.561 18:11:10
5.064 145.000 734.146 18:11:11
5.060 147.890 749.268 18:11:12
5.060 147.390 749.268 18:11:13
5.060 148.195 754.390 18:11:14
5.064 145.000 733.659 18:11:15
5.060 147.098 746.098 18:11:16
5.052 177.390 895.122 18:11:17
5.060 147.293 741.220 18:11:18
5.060 144.890 733.659 18:11:19
5.064 147.098 746.585 18:11:20
5.060 144.890 733.659 18:11:21
5.048 228.988 746.585 18:11:22
5.064 146.098 740.976 18:11:23
5.040 146.390 898.780 18:11:24
5.060 148.195 738.537 18:11:25
5.060 145.390 1172.439 18:11:26
5.060 144.890 735.610 18:11:27
5.060 146.293 744.390 18:11:28
5.060 145.390 732.439 18:11:29
5.056 165.793 831.707 18:11:30
