5.056 161.195 814.878 18:15:48
5.040 253.488 1273.659 18:15:49
5.056 161.500 817.317 18:15:50
5.060 152.000 769.756 18:15:51
5.060 151.598 773.659 18:15:52
5.056 153.890 778.049 18:15:53
5.060 147.293 746.585 18:15:54
5.048 200.098 1253.902 18:15:55
5.064 145.500 736.829 18:15:56
5.060 147.195 744.878 18:15:57
5.060 144.890 735.610 18:15:58
5.060 147.293 799.268 18:15:59
5.060 145.500 732.439 18:16:00
5.052 146.598 743.659 18:16:01
5.064 144.890 768.537 18:16:02
5.056 147.195 744.146 18:16:03
5.060 145.098 737.317 18:16:04
5.052 146.793 838.049 18:16:05
5.064 159.390 735.610 18:16:06
5.060 145.598 1136.829 18:16:07
5.056 146.500 732.439 18:16:08
5.060 145.293 733.659 18:16:09
5.060 148.000 745.610 18:16:10
5.060 147.500 752.927 18:16:11
5.064 145.390 733.415 18:16:12
5.040 188.988 1221.220 18:16:13
