5.048 200.890 1114.878 18:17:33
5.040 249.695 1284.390 18:17:34
5.056 162.598 822.439 18:17:35
5.060 148.195 749.756 18:17:36
5.060 152.890 773.659 18:17:37
5.044 153.293 779.268 18:17:38
5.060 147.500 742.439 18:17:39
5.048 225.695 1236.341 18:17:40
5.060 145.598 742.439 18:17:41
5.052 243.585 743.171 18:17:42
5.064 144.890 733.415 18:17:43
5.060 151.390 761.951 18:17:44
5.056 146.598 744.878 18:17:45
5.044 229.988 1019.512 18:17:46
5.060 144.793 736.098 18:17:47
5.060 149.890 748.537 18:17:48
5.060 148.000 749.268 18:17:49
5.060 155.000 765.610 18:17:50
5.060 148.098 764.878 18:17:51
5.056 148.500 748.537 18:17:52
5.060 146.695 746.585 18:17:53
5.056 149.293 750.976 18:17:54
5.060 144.695 733.415 18:17:55
5.060 145.293 735.610 18:17:56
5.064 145.598 736.098 18:17:57
5.060 158.195 800.488 18:17:58
