5.056 161.195 815.610 17:43:45
5.040 255.085 1250.732 17:43:46
5.056 159.695 808.049 17:43:47
5.060 145.793 735.366 17:43:48
5.060 148.000 750.488 17:43:49
5.060 148.195 746.585 17:43:50
5.056 146.500 740.976 17:43:51
5.064 144.793 735.610 17:43:52
5.060 146.000 740.976 17:43:53
5.060 144.890 736.098 17:43:54
5.060 145.390 732.195 17:43:55
5.060 144.793 735.610 17:43:56
5.060 145.793 737.805 17:43:57
5.060 145.195 732.439 17:43:58
5.064 144.695 735.610 17:43:59
5.060 144.793 992.927 17:44:00
5.048 145.793 732.439 17:44:01
5.060 145.500 733.415 17:44:02
5.064 149.793 787.561 17:44:03
5.060 145.695 739.756 17:44:04
5.060 147.390 752.927 17:44:05
5.060 147.793 748.537 17:44:06
5.060 145.500 731.707 17:44:07
5.060 145.293 754.390 17:44:08
5.060 152.000 766.098 17:44:09
5.056 144.890 733.415 17:44:10
