5.056 161.195 815.610 17:29:50
5.044 250.085 1260.488 17:29:51
5.060 159.293 800.488 17:29:52
5.060 146.598 741.707 17:29:53
5.056 145.390 733.415 17:29:54
5.060 145.293 732.195 17:29:55
5.060 148.098 744.146 17:29:56
5.064 144.500 732.195 17:29:57
5.056 146.695 731.220 17:29:58
5.060 146.000 732.195 17:29:59
5.060 145.293 731.707 17:30:00
5.060 145.793 735.610 17:30:01
5.060 146.195 731.707 17:30:02
5.060 144.890 732.439 17:30:03
5.064 147.390 751.220 17:30:04
5.060 147.890 745.610 17:30:05
5.060 148.598 751.220 17:30:06
5.064 201.890 746.098 17:30:07
5.060 147.195 744.878 17:30:08
5.060 149.598 757.317 17:30:09
5.060 147.293 745.366 17:30:10
5.060 147.098 748.537 17:30:11
5.060 150.793 744.390 17:30:12
5.064 145.293 736.829 17:30:13
5.060 150.598 755.366 17:30:14
5.060 144.793 733.659 17:30:15
