5.056 163.098 1154.146 17:28:05
5.044 253.695 1278.780 17:28:06
5.056 159.293 805.610 17:28:07
5.052 177.098 895.610 17:28:08
5.060 144.793 741.220 17:28:09
5.060 144.598 734.146 17:28:10
5.060 144.793 731.707 17:28:11
5.060 146.390 732.195 17:28:12
5.060 145.390 731.707 17:28:13
5.060 145.598 734.878 17:28:14
5.064 144.695 731.707 17:28:15
5.060 145.195 732.439 17:28:16
5.060 144.598 735.610 17:28:17
5.060 144.695 735.366 17:28:18
5.060 145.695 738.780 17:28:19
5.064 144.598 735.610 17:28:20
5.060 144.890 732.439 17:28:21
5.060 146.195 744.390 17:28:22
5.060 146.390 735.610 17:28:23
5.064 144.598 731.707 17:28:24
5.060 145.195 731.707 17:28:25
5.060 146.793 737.317 17:28:26
5.060 144.293 738.780 17:28:27
5.060 145.890 742.439 17:28:28
5.064 145.195 730.000 17:28:29
5.056 152.500 771.707 17:28:30
