5.056 160.293 810.488 17:30:24
5.040 250.793 1263.902 17:30:25
5.060 160.390 809.512 17:30:26
5.060 145.098 734.878 17:30:27
5.048 208.890 1057.073 17:30:28
5.060 146.098 760.488 17:30:29
5.060 143.793 729.268 17:30:30
5.060 146.695 738.780 17:30:31
5.060 145.195 737.317 17:30:32
5.064 144.695 735.366 17:30:33
5.060 144.695 735.366 17:30:34
5.060 144.890 733.415 17:30:35
5.060 144.098 738.049 17:30:36
5.060 145.098 735.366 17:30:37
5.064 147.598 743.171 17:30:38
5.060 204.988 750.976 17:30:39
5.060 148.098 749.756 17:30:40
5.060 147.195 747.561 17:30:41
5.060 147.793 748.780 17:30:42
5.060 147.293 747.561 17:30:43
5.056 156.695 747.561 17:30:44
5.060 157.000 745.366 17:30:45
5.060 145.293 740.488 17:30:46
5.060 144.293 731.220 17:30:47
5.060 151.195 766.098 17:30:48
5.056 145.500 736.098 17:30:49
