5.056 153.793 780.000 18:03:31
5.036 249.488 1246.341 18:03:32
5.060 160.195 810.000 18:03:33
5.060 150.000 756.585 18:03:34
5.064 149.390 756.829 18:03:35
5.060 150.500 764.390 18:03:36
5.060 157.098 732.439 18:03:37
5.052 201.293 1145.610 18:03:38
5.060 144.793 735.610 18:03:39
5.060 146.293 737.317 18:03:40
5.060 151.598 732.195 18:03:41
5.060 144.695 733.415 18:03:42
5.060 144.598 732.439 18:03:43
5.060 145.390 736.098 18:03:44
5.060 145.890 738.049 18:03:45
5.060 145.195 732.195 18:03:46
5.060 145.390 735.610 18:03:47
5.060 145.890 736.829 18:03:48
5.060 145.390 732.195 18:03:49
5.060 144.695 735.610 18:03:50
5.060 145.000 744.390 18:03:51
5.060 144.598 735.610 18:03:52
5.060 145.890 737.805 18:03:53
5.060 146.793 733.415 18:03:54
5.060 144.793 735.610 18:03:55
5.048 226.988 1144.146 18:03:56
5.060 146.695 742.439 18:03:57
