5.060 190.098 825.610 17:53:36
5.040 243.695 1219.268 17:53:37
5.060 158.598 801.220 17:53:38
5.064 145.293 737.805 17:53:39
5.056 145.000 735.366 17:53:40
5.060 149.390 752.439 17:53:41
5.060 144.695 732.439 17:53:42
5.060 145.500 733.415 17:53:43
5.064 145.500 733.415 17:53:44
5.060 147.293 744.878 17:53:45
5.056 145.500 732.195 17:53:46
5.028 252.988 1120.976 17:53:47
5.060 152.293 794.146 17:53:48
5.048 201.390 1066.585 17:53:49
5.060 145.598 734.878 17:53:50
5.060 144.598 736.098 17:53:51
5.060 145.195 733.415 17:53:52
5.060 145.390 733.659 17:53:53
5.060 146.390 740.976 17:53:54
5.048 146.598 738.780 17:53:55
5.060 144.695 732.439 17:53:56
5.060 145.598 738.780 17:53:57
5.064 145.500 741.220 17:53:58
5.060 144.695 733.659 17:53:59
5.060 144.695 828.293 17:54:00
5.056 148.695 752.439 17:54:01
