5.056 158.695 802.439 18:21:02
5.040 249.293 1256.341 18:21:03
5.060 158.890 803.171 18:21:04
5.060 144.890 733.659 18:21:05
5.060 149.500 756.098 18:21:06
5.060 153.793 765.610 18:21:07
5.060 144.890 737.805 18:21:08
5.060 148.695 752.927 18:21:09
5.064 144.890 736.829 18:21:10
5.060 148.598 757.561 18:21:11
5.060 144.793 732.439 18:21:12
5.060 151.293 760.976 18:21:13
5.060 145.890 732.439 18:21:14
5.044 218.793 1117.805 18:21:15
5.064 147.390 744.390 18:21:16
5.048 220.695 1331.951 18:21:17
5.060 148.000 748.780 18:21:18
5.060 151.793 766.585 18:21:19
5.060 147.500 746.585 18:21:20
5.060 153.695 774.146 18:21:21
5.060 148.195 750.976 18:21:22
5.060 158.890 754.878 18:21:23
5.064 144.890 737.805 18:21:24
5.040 148.500 746.585 18:21:25
5.044 239.195 1206.341 18:21:26
5.056 158.695 802.439 18:21:27
