5.056 161.098 815.122 18:04:06
5.024 336.293 1654.390 18:04:07
5.056 159.000 804.390 18:04:08
5.060 149.293 752.439 18:04:09
5.060 149.598 756.585 18:04:10
5.036 150.890 947.805 18:04:11
5.052 145.598 792.439 18:04:12
5.052 216.098 1109.268 18:04:13
5.060 145.390 803.659 18:04:14
5.044 271.195 1026.585 18:04:15
5.060 144.793 733.415 18:04:16
5.060 219.793 1044.634 18:04:17
5.064 144.793 732.927 18:04:18
5.052 202.293 1025.122 18:04:19
5.060 145.390 733.659 18:04:20
5.048 265.988 1018.293 18:04:21
5.060 145.598 740.000 18:04:22
5.048 206.695 1032.927 18:04:23
5.060 144.695 938.780 18:04:24
5.044 199.793 1001.951 18:04:25
5.060 145.598 741.707 18:04:26
5.060 144.695 736.098 18:04:27
5.048 147.500 752.195 18:04:28
5.060 145.390 734.146 18:04:29
5.064 145.598 735.610 18:04:30
5.060 160.793 808.780 18:04:31
