5.056 197.195 997.805 17:55:56
5.036 252.695 1273.659 17:55:57
5.060 161.390 813.659 17:55:58
5.060 148.598 752.195 17:55:59
5.060 147.500 744.878 17:56:00
5.056 148.098 747.317 17:56:01
5.060 149.000 745.366 17:56:02
5.060 150.000 758.537 17:56:03
5.060 145.293 733.415 17:56:04
5.060 150.000 754.390 17:56:05
5.060 145.390 731.707 17:56:06
5.056 149.195 754.878 17:56:07
5.060 144.793 734.146 17:56:08
5.064 145.000 746.098 17:56:09
5.060 145.390 732.195 17:56:10
5.060 159.695 733.415 17:56:11
5.052 145.500 736.098 17:56:12
5.056 144.695 732.195 17:56:13
5.060 145.390 772.439 17:56:14
5.060 151.098 760.488 17:56:15
5.060 144.695 776.829 17:56:16
5.060 148.695 755.366 17:56:17
5.060 144.890 739.756 17:56:18
5.060 174.195 752.195 17:56:19
5.044 241.890 1233.659 17:56:20
5.060 146.598 738.537 17:56:21
