5.060 154.793 782.439 17:58:15
5.040 252.488 1242.927 17:58:16
5.060 160.000 804.146 17:58:17
5.060 145.695 737.317 17:58:18
5.060 151.098 764.390 17:58:19
5.060 147.293 743.171 17:58:20
5.060 144.890 774.878 17:58:21
5.056 151.098 764.146 17:58:22
5.064 145.500 733.415 17:58:23
5.048 252.585 1289.268 17:58:24
5.060 146.390 732.439 17:58:25
5.048 240.988 1043.902 17:58:26
5.060 144.793 736.829 17:58:27
5.052 200.390 1860.244 17:58:28
5.060 147.390 749.268 17:58:29
5.056 147.793 745.610 17:58:30
5.056 147.500 746.585 17:58:31
5.060 148.390 745.366 17:58:32
5.060 149.598 756.829 17:58:33
5.060 147.000 743.171 17:58:34
5.060 148.000 748.780 17:58:35
5.060 149.195 753.659 17:58:36
5.060 145.695 732.439 17:58:37
5.060 200.598 742.439 17:58:38
5.060 146.000 741.220 17:58:39
5.052 160.500 1273.902 17:58:40
