5.060 188.195 951.463 18:13:25
5.040 247.195 1246.098 18:13:26
5.056 159.000 804.390 18:13:27
5.060 146.195 744.878 18:13:28
5.064 145.695 733.659 18:13:29
5.064 145.598 738.049 18:13:30
5.060 144.695 732.195 18:13:31
5.060 145.390 736.098 18:13:32
5.056 146.598 743.171 18:13:33
5.064 145.390 732.195 18:13:34
5.064 145.500 736.098 18:13:35
5.064 144.793 738.780 18:13:36
5.064 144.390 736.829 18:13:37
5.060 145.195 732.195 18:13:38
5.060 148.000 745.366 18:13:39
5.064 147.293 745.366 18:13:40
5.060 147.390 745.610 18:13:41
5.060 147.293 746.585 18:13:42
5.056 147.195 744.878 18:13:43
5.064 149.293 742.439 18:13:44
5.060 149.000 750.976 18:13:45
5.064 144.695 736.829 18:13:46
5.060 158.695 802.927 18:13:47
5.060 146.390 737.317 18:13:48
5.056 192.098 735.610 18:13:49
5.040 250.390 1241.951 18:13:50
