5.052 181.488 789.268 17:54:11
5.040 252.085 1256.341 17:54:12
5.060 161.598 813.902 17:54:13
5.060 145.500 736.098 17:54:14
5.060 145.390 736.098 17:54:15
5.060 144.695 736.098 17:54:16
5.060 144.793 735.610 17:54:17
5.060 148.793 754.878 17:54:18
5.060 145.390 735.366 17:54:19
5.060 148.793 759.268 17:54:20
5.060 146.390 731.707 17:54:21
5.064 144.695 736.098 17:54:22
5.060 144.695 740.000 17:54:23
5.060 149.500 760.000 17:54:24
5.060 147.695 745.366 17:54:25
5.060 148.390 754.878 17:54:26
5.060 148.000 746.829 17:54:27
5.060 151.598 806.829 17:54:28
5.044 175.488 820.000 17:54:29
5.060 145.500 738.780 17:54:30
5.060 145.195 734.878 17:54:31
5.056 145.793 742.927 17:54:32
5.060 145.000 734.146 17:54:33
5.060 148.195 737.805 17:54:34
5.064 144.793 731.707 17:54:35
5.060 158.598 801.951 17:54:36
