5.060 156.098 788.537 17:36:43
5.040 252.890 1274.878 17:36:44
5.056 161.500 817.561 17:36:45
5.060 148.293 750.488 17:36:46
5.060 148.195 746.585 17:36:47
5.060 147.890 748.537 17:36:48
5.064 149.000 754.146 17:36:49
5.064 144.695 736.098 17:36:50
5.060 144.793 736.829 17:36:51
5.060 145.390 732.195 17:36:52
5.060 146.293 737.317 17:36:53
5.060 144.793 736.098 17:36:54
5.060 152.293 734.146 17:36:55
5.060 145.695 758.537 17:36:56
5.060 144.695 732.195 17:36:57
5.064 144.695 736.829 17:36:58
5.060 145.293 738.780 17:36:59
5.060 144.598 732.439 17:37:00
5.060 146.793 739.268 17:37:01
5.064 198.890 739.268 17:37:02
5.060 144.793 736.098 17:37:03
5.060 145.195 733.659 17:37:04
5.060 145.390 731.707 17:37:05
5.064 145.598 734.146 17:37:06
5.060 158.195 802.927 17:37:07
5.060 145.793 737.805 17:37:08
