5.060 153.500 774.146 18:06:59
5.040 252.195 1331.220 18:07:00
5.056 161.500 816.341 18:07:01
5.060 147.293 745.366 18:07:02
5.060 151.195 764.878 18:07:03
5.060 151.195 769.268 18:07:04
5.060 147.500 748.780 18:07:05
5.060 152.793 775.366 18:07:06
5.060 147.500 746.585 18:07:07
5.060 154.598 782.439 18:07:08
5.060 148.598 752.195 18:07:09
5.060 154.390 781.220 18:07:10
5.060 147.890 748.537 18:07:11
5.060 171.793 1104.146 18:07:12
5.060 155.695 737.805 18:07:13
5.048 148.500 910.000 18:07:14
5.060 145.098 964.390 18:07:15
5.044 214.988 1083.659 18:07:16
5.060 144.598 733.415 18:07:17
5.048 147.293 740.000 18:07:18
5.064 156.890 732.195 18:07:19
5.040 202.488 1189.268 18:07:20
5.060 146.293 737.805 18:07:21
5.060 145.695 740.000 18:07:22
5.064 145.500 732.195 18:07:23
5.060 157.793 798.537 18:07:24
