5.056 195.195 815.610 18:02:56
5.044 246.585 1237.317 18:02:57
5.060 159.598 806.829 18:02:58
5.060 145.598 733.415 18:02:59
5.060 150.098 760.976 18:03:00
5.060 151.293 769.756 18:03:01
5.060 145.695 732.195 18:03:02
5.060 149.098 755.366 18:03:03
5.060 146.098 741.707 18:03:04
5.060 144.793 737.805 18:03:05
5.060 145.793 735.610 18:03:06
5.060 145.500 733.659 18:03:07
5.060 144.598 735.610 18:03:08
5.064 146.500 738.049 18:03:09
5.064 145.890 737.805 18:03:10
5.060 147.098 742.439 18:03:11
5.060 145.390 732.195 18:03:12
5.060 157.098 763.659 18:03:13
5.060 145.293 735.610 18:03:14
5.060 259.195 1091.463 18:03:15
5.052 231.890 989.024 18:03:16
5.044 219.390 1016.341 18:03:17
5.060 145.000 733.415 18:03:18
5.060 145.195 1160.488 18:03:19
5.064 145.500 736.829 18:03:20
5.060 158.500 801.951 18:03:21
