5.060 154.890 789.268 18:14:00
5.040 241.085 1348.780 18:14:01
5.056 162.000 819.268 18:14:02
5.060 148.195 746.585 18:14:03
5.060 151.695 767.317 18:14:04
5.060 153.098 798.049 18:14:05
5.060 148.000 748.780 18:14:06
5.060 151.293 889.268 18:14:07
5.060 201.598 740.000 18:14:08
5.048 200.695 1012.195 18:14:09
5.060 144.695 735.366 18:14:10
5.064 146.390 737.805 18:14:11
5.060 145.390 737.317 18:14:12
5.064 145.293 731.707 18:14:13
5.064 144.793 733.415 18:14:14
5.064 145.000 735.366 18:14:15
5.060 144.695 736.829 18:14:16
5.064 145.695 735.610 18:14:17
5.064 144.793 732.439 18:14:18
5.060 144.695 732.439 18:14:19
5.060 144.500 731.220 18:14:20
5.064 144.890 732.195 18:14:21
5.060 144.695 732.195 18:14:22
5.060 144.598 732.439 18:14:23
5.060 145.500 734.146 18:14:24
5.048 226.098 1140.976 18:14:25
