5.060 154.195 777.561 17:59:25
5.040 246.195 1240.732 17:59:26
5.060 161.390 816.829 17:59:27
5.060 149.598 756.829 17:59:28
5.056 159.890 743.659 17:59:29
5.060 146.390 733.415 17:59:30
5.060 144.890 732.439 17:59:31
5.060 146.293 738.049 17:59:32
5.060 146.195 741.220 17:59:33
5.060 144.598 732.195 17:59:34
5.060 145.000 735.366 17:59:35
5.060 145.390 732.439 17:59:36
5.060 144.793 782.927 17:59:37
5.060 146.293 738.049 17:59:38
5.060 144.793 735.610 17:59:39
5.060 145.500 733.659 17:59:40
5.060 146.500 742.927 17:59:41
5.060 144.500 732.927 17:59:42
5.064 145.500 732.195 17:59:43
5.060 144.695 742.439 17:59:44
5.060 144.695 736.098 17:59:45
5.060 146.098 748.537 17:59:46
5.060 145.293 734.878 17:59:47
5.060 145.293 731.220 17:59:48
5.060 145.500 732.439 17:59:49
5.056 160.598 812.927 17:59:50
