5.052 156.195 791.220 18:19:52
5.044 251.195 1266.341 18:19:53
5.060 161.390 816.829 18:19:54
5.060 145.890 742.927 18:19:55
5.064 145.695 733.659 18:19:56
5.060 150.695 752.195 18:19:57
5.060 144.890 736.829 18:19:58
5.064 149.390 756.098 18:19:59
5.064 145.293 731.707 18:20:00
5.060 151.598 766.098 18:20:01
5.064 145.598 732.439 18:20:02
5.052 151.500 761.951 18:20:03
5.060 145.598 733.415 18:20:04
5.044 214.195 1335.610 18:20:05
5.056 148.098 746.829 18:20:06
5.060 153.390 771.707 18:20:07
5.060 204.695 994.634 18:20:08
5.060 148.098 746.585 18:20:09
5.060 147.598 745.610 18:20:10
5.064 148.098 745.610 18:20:11
5.060 147.293 745.610 18:20:12
5.060 149.195 750.488 18:20:13
5.064 144.793 735.610 18:20:14
5.064 145.098 734.146 18:20:15
5.060 148.500 770.488 18:20:16
5.056 158.598 802.439 18:20:17
