5.048 163.098 822.927 18:22:50
5.040 247.195 1233.171 18:22:51
5.060 159.000 804.146 18:22:52
5.060 145.793 737.317 18:22:53
5.060 145.098 735.366 18:22:54
5.060 151.890 769.268 18:22:55
5.060 146.390 742.195 18:22:56
5.060 149.000 756.829 18:22:57
5.064 145.598 737.317 18:22:58
5.060 165.695 752.927 18:22:59
5.060 144.695 736.098 18:23:00
5.060 151.195 763.171 18:23:01
5.060 145.500 732.439 18:23:02
5.052 150.500 765.610 18:23:03
5.060 148.098 749.268 18:23:04
5.044 218.988 1100.488 18:23:05
5.060 147.890 748.537 18:23:06
5.064 148.390 750.488 18:23:07
5.060 147.890 754.146 18:23:08
5.064 153.293 1011.707 18:23:09
5.056 150.098 746.585 18:23:10
5.056 150.500 764.146 18:23:11
5.064 144.890 734.146 18:23:12
5.060 150.000 742.195 18:23:13
5.064 146.500 738.049 18:23:14
5.052 158.598 802.927 18:23:15
