5.056 162.890 824.878 17:44:54
5.044 246.988 1246.098 17:44:55
5.060 158.098 800.000 17:44:56
5.060 145.598 736.829 17:44:57
5.060 148.598 752.439 17:44:58
5.060 150.293 758.537 17:44:59
5.060 148.000 748.537 17:45:00
5.064 151.695 764.878 17:45:01
5.060 147.500 745.366 17:45:02
5.060 148.695 748.780 17:45:03
5.060 148.695 753.171 17:45:04
5.060 165.293 821.220 17:45:05
5.060 149.098 752.439 17:45:06
5.064 145.598 733.415 17:45:07
5.060 144.390 735.366 17:45:08
5.060 145.390 767.317 17:45:09
5.056 145.390 732.195 17:45:10
5.060 144.695 733.415 17:45:11
5.060 144.793 728.049 17:45:12
5.060 144.793 735.610 17:45:13
5.060 144.890 732.195 17:45:14
5.060 145.390 732.195 17:45:15
5.060 147.793 746.829 17:45:16
5.064 148.000 745.366 17:45:17
5.048 195.695 986.585 17:45:18
5.060 147.195 733.659 17:45:19
