5.060 163.000 826.829 18:21:38
5.040 249.695 1291.463 18:21:39
5.060 159.000 804.390 18:21:40
5.060 149.293 761.707 18:21:41
5.060 145.598 734.146 18:21:42
5.060 149.390 756.098 18:21:43
5.060 146.195 743.171 18:21:44
5.060 153.890 778.780 18:21:45
5.060 147.500 749.268 18:21:46
5.048 230.695 1092.439 18:21:47
5.064 144.890 736.098 18:21:49
5.044 202.695 1007.317 18:21:50
5.064 145.500 732.439 18:21:51
5.060 144.793 735.610 18:21:52
5.064 146.195 733.415 18:21:53
5.060 146.598 747.317 18:21:54
5.064 145.390 736.098 18:21:55
5.052 200.695 744.390 18:21:56
5.060 144.695 791.220 18:21:57
5.060 203.098 1205.610 18:21:58
5.056 158.500 733.415 18:21:59
5.052 208.488 1184.146 18:22:00
5.060 145.598 736.098 18:22:01
5.060 144.793 733.415 18:22:02
5.064 145.293 736.098 18:22:03
5.064 163.098 834.878 18:22:04
