5.060 163.098 825.122 18:20:27
5.028 332.890 1816.341 18:20:28
5.056 159.390 806.098 18:20:29
5.048 205.195 1012.927 18:20:30
5.064 145.195 734.878 18:20:31
5.060 145.793 741.707 18:20:32
5.064 145.390 737.805 18:20:33
5.064 145.890 738.780 18:20:34
5.060 144.890 736.098 18:20:35
5.060 144.695 732.195 18:20:36
5.060 146.098 739.756 18:20:37
5.064 145.500 729.756 18:20:38
5.056 152.195 770.000 18:20:39
5.060 145.793 737.805 18:20:40
5.060 144.890 733.415 18:20:41
5.060 146.195 739.756 18:20:42
5.060 144.793 737.805 18:20:43
5.060 144.695 731.707 18:20:44
5.060 149.293 756.585 18:20:45
5.064 145.098 735.610 18:20:46
5.060 151.000 764.878 18:20:47
5.060 145.000 733.659 18:20:48
5.044 212.890 1302.439 18:20:49
5.060 144.890 733.415 18:20:50
5.060 145.793 733.659 18:20:51
5.060 145.195 742.439 18:20:52
5.064 149.500 762.439 18:20:53
