5.056 161.195 817.317 17:30:58
5.040 273.085 1368.293 17:30:59
5.056 164.390 831.951 17:31:00
5.060 148.098 748.780 17:31:01
5.060 148.195 745.366 17:31:02
5.056 147.890 748.780 17:31:03
5.064 148.890 749.268 17:31:05
5.060 144.695 732.439 17:31:06
5.064 145.598 732.927 17:31:07
5.060 144.793 733.415 17:31:08
5.060 145.293 732.195 17:31:09
5.060 145.695 731.707 17:31:10
5.064 144.598 735.610 17:31:11
5.060 145.500 759.756 17:31:12
5.060 145.598 731.707 17:31:13
5.060 145.695 742.927 17:31:14
5.056 145.098 1004.146 17:31:15
5.052 145.195 735.610 17:31:16
5.064 145.390 729.268 17:31:17
5.060 147.793 732.195 17:31:18
5.064 144.695 735.610 17:31:19
5.060 145.598 737.805 17:31:20
5.060 144.695 744.390 17:31:21
5.060 145.390 735.610 17:31:22
5.060 158.500 802.439 17:31:23
5.060 144.793 732.439 17:31:24
