5.056 163.098 823.902 18:15:11
5.044 243.085 1267.561 18:15:12
5.060 161.293 815.610 18:15:13
5.060 152.000 768.537 18:15:14
5.060 148.195 749.756 18:15:15
5.064 157.500 749.756 18:15:16
5.060 145.000 736.098 18:15:17
5.060 145.000 736.829 18:15:18
5.060 145.500 728.537 18:15:19
5.060 145.000 732.927 18:15:20
5.060 144.195 730.000 18:15:21
5.064 145.293 735.366 18:15:22
5.060 146.293 739.756 18:15:23
5.060 146.000 738.780 18:15:24
5.060 144.390 730.488 18:15:25
5.060 146.500 735.610 18:15:26
5.060 145.293 730.000 18:15:27
5.052 190.988 744.878 18:15:28
5.060 145.793 740.000 18:15:29
5.064 145.695 737.317 18:15:30
5.064 144.793 732.439 18:15:31
5.060 147.293 745.366 18:15:32
5.060 147.195 747.317 18:15:33
5.064 147.293 745.366 18:15:34
5.060 159.098 754.878 18:15:35
5.060 147.390 746.585 18:15:36
5.060 145.195 741.220 18:15:37
5.040 235.793 1196.098 18:15:38
