5.060 160.500 811.951 18:19:17
5.040 326.488 1645.610 18:19:18
5.056 161.500 816.341 18:19:19
5.060 145.195 733.659 18:19:20
5.060 148.890 749.756 18:19:21
5.060 153.390 774.878 18:19:22
5.060 144.793 736.098 18:19:23
5.048 216.793 1100.976 18:19:24
5.064 147.695 744.878 18:19:25
5.052 200.695 1106.098 18:19:26
5.064 147.390 745.366 18:19:27
5.060 150.098 759.756 18:19:28
5.060 146.293 734.878 18:19:29
5.060 146.098 735.610 18:19:30
5.060 146.098 734.878 18:19:31
5.060 144.695 732.195 18:19:32
5.060 146.500 741.220 18:19:33
5.064 144.500 731.220 18:19:34
5.060 157.695 732.927 18:19:35
5.060 144.695 733.659 18:19:36
5.060 144.500 730.000 18:19:37
5.060 146.000 781.220 18:19:38
5.060 145.793 787.317 18:19:39
5.060 145.695 732.195 18:19:40
5.060 145.000 734.146 18:19:41
5.060 160.500 808.537 18:19:42
