5.060 182.890 814.390 17:32:41
5.040 249.695 1260.000 17:32:42
5.056 161.390 816.098 17:32:43
5.060 148.293 750.488 17:32:44
5.060 147.195 750.000 17:32:45
5.060 148.098 749.268 17:32:46
5.060 147.098 748.537 17:32:47
5.060 144.695 732.927 17:32:48
5.060 144.598 732.439 17:32:49
5.060 145.793 737.317 17:32:51
5.060 144.500 740.976 17:32:52
5.060 144.793 732.927 17:32:53
5.064 145.390 732.195 17:32:54
5.048 229.793 1048.537 17:32:55
5.044 237.793 1199.268 17:32:56
5.044 248.390 1230.000 17:32:57
5.060 146.390 737.805 17:32:58
5.064 144.695 732.195 17:32:59
5.060 145.390 732.439 17:33:00
5.060 149.098 754.878 17:33:01
5.060 144.598 734.878 17:33:02
5.060 153.098 754.878 17:33:03
5.060 145.390 734.878 17:33:04
5.060 144.695 732.439 17:33:05
5.052 218.598 988.537 17:33:06
5.064 196.390 992.195 17:33:07
