5.060 150.695 762.439 17:26:54
5.044 248.085 1249.268 17:26:55
5.060 158.598 803.659 17:26:56
5.060 145.098 733.659 17:26:57
5.064 146.293 740.976 17:26:58
5.060 145.000 735.610 17:26:59
5.060 144.695 732.927 17:27:00
5.060 144.695 737.317 17:27:01
5.060 145.000 731.707 17:27:02
5.060 153.890 737.805 17:27:03
5.060 144.598 735.610 17:27:04
5.060 144.500 734.878 17:27:05
5.060 146.098 734.878 17:27:06
5.064 145.195 735.366 17:27:07
5.060 144.195 731.707 17:27:08
5.060 144.598 733.415 17:27:09
5.064 144.598 734.146 17:27:10
5.060 144.598 733.415 17:27:11
5.060 144.695 730.488 17:27:13
5.060 144.598 733.659 17:27:14
5.060 198.695 728.537 17:27:15
5.060 144.695 783.171 17:27:16
5.060 147.098 747.561 17:27:17
5.060 147.195 741.707 17:27:18
5.060 155.000 783.659 17:27:19
5.060 151.598 838.780 17:27:20
