5.004 737.732 3656.585 16:49:15
5.016 692.732 3518.049 16:49:16
5.016 689.341 3483.902 16:49:17
5.064 552.659 2801.463 16:49:18
5.064 477.146 2427.317 16:49:19
5.124 393.951 2007.805 16:49:20
5.096 467.659 2386.341 16:49:21
5.068 687.732 3353.659 16:49:22
5.064 556.659 2811.707 16:49:23
5.068 558.439 2810.732 16:49:24
5.068 555.341 2822.927 16:49:25
5.068 552.439 2804.390 16:49:26
5.008 721.829 3561.463 16:49:27
5.060 560.951 2801.463 16:49:28
5.024 660.634 2810.244 16:49:29
5.040 701.732 3017.073 16:49:30
5.068 556.756 2807.805 16:49:31
5.076 518.439 2630.244 16:49:32
5.052 760.220 3484.878 16:49:33
5.064 553.244 2802.927 16:49:34
5.004 721.927 3572.683 16:49:35
5.056 613.439 2927.805 16:49:36
4.976 788.415 4141.463 16:49:37
4.952 806.537 3791.220 16:49:38
5.040 735.415 3252.683 16:49:39
5.064 553.366 2801.951 16:49:40
5.068 579.561 2989.268 16:49:41
5.068 638.341 3512.195 16:49:42
5.076 618.244 2936.585 16:49:43
4.988 728.049 3424.390 16:49:44
4.996 700.146 3021.463 16:49:45
4.992 647.024 3061.463 16:49:46
5.068 553.463 2787.317 16:49:47
5.016 712.829 3580.488 16:49:48
5.036 584.049 2949.268 16:49:49
5.064 554.244 3001.951 16:49:50
5.064 597.561 3044.878 16:49:51
5.004 720.049 3577.561 16:49:52
5.060 562.244 2826.341 16:49:53
5.060 576.049 2881.951 16:49:54
5.068 553.854 2800.976 16:49:55
5.044 554.146 2801.951 16:49:56
5.064 553.659 2809.756 16:49:57
5.072 553.366 2804.878 16:49:58
5.076 528.732 2683.902 16:49:59
5.112 550.439 2207.805 16:50:00
5.076 528.439 2688.780 16:50:01
5.064 554.439 2804.878 16:50:02
5.064 556.244 2803.902 16:50:03
5.068 552.244 2800.976 16:50:04
5.068 556.244 2824.390 16:50:05
5.096 470.878 2402.927 16:50:06
5.092 476.732 2415.610 16:50:07
5.096 471.951 2399.024 16:50:08
5.100 474.049 2410.732 16:50:09
5.096 471.171 2413.659 16:50:10
5.096 471.561 2402.927 16:50:11
5.096 477.171 2416.585 16:50:12
5.096 474.244 2413.659 16:50:13
5.096 472.634 2400.976 16:50:14
5.096 470.878 2400.976 16:50:15
5.100 471.268 2402.927 16:50:16
5.096 471.073 2410.732 16:50:17
5.096 471.073 2396.098 16:50:18
5.096 469.561 2418.537 16:50:19
5.092 471.366 2418.537 16:50:20
5.100 467.659 2381.463 16:50:22
5.096 470.244 2398.049 16:50:23
5.100 467.659 2388.293 16:50:24
5.096 472.537 2410.732 16:50:25
5.096 470.537 2396.098 16:50:26
5.096 471.756 2396.098 16:50:27
5.100 468.439 2388.293 16:50:28
5.100 467.268 2383.415 16:50:29
5.096 467.854 2391.220 16:50:30
5.100 467.463 2383.415 16:50:31
5.096 471.854 2394.146 16:50:32
5.096 470.049 2400.976 16:50:33
5.092 467.854 2380.488 16:50:34
5.100 466.537 2376.585 16:50:35
5.096 469.854 2383.415 16:50:36
5.096 468.878 2378.537 16:50:37
5.096 469.659 2388.293 16:50:38
5.064 552.439 2792.195 16:50:39
5.064 553.024 2800.976 16:50:40
