5.068 556.756 2796.585 15:49:36
5.012 695.244 3481.463 15:49:37
5.012 713.122 3552.683 15:49:38
5.068 556.244 2801.463 15:49:39
5.060 594.439 2924.390 15:49:40
5.096 468.049 2380.976 15:49:41
5.008 714.341 3567.805 15:49:42
5.068 552.341 2797.073 15:49:43
5.012 716.122 3583.902 15:49:45
5.064 552.756 2857.073 15:49:46
5.012 714.829 3578.049 15:49:47
5.080 529.561 2649.268 15:49:48
5.004 728.829 3594.146 15:49:49
5.068 553.146 2798.049 15:49:50
5.012 712.732 3564.390 15:49:51
5.064 556.146 2798.049 15:49:52
5.064 554.341 2801.951 15:49:53
5.080 629.634 2861.951 15:49:54
5.016 711.634 3537.561 15:49:55
5.068 552.756 2799.512 15:49:56
5.052 591.341 2982.927 15:49:57
5.008 711.024 3614.146 15:49:58
5.064 552.756 2796.585 15:49:59
5.052 587.049 3000.976 15:50:00
5.056 575.341 3284.878 15:50:01
5.064 553.049 2795.610 15:50:02
5.068 555.244 2808.293 15:50:03
5.068 552.854 2799.024 15:50:04
5.080 562.854 2848.293 15:50:05
5.024 677.244 2814.146 15:50:06
5.024 668.439 3017.073 15:50:07
5.064 708.024 3382.927 15:50:08
5.064 570.854 3005.854 15:50:09
5.068 552.659 2810.732 15:50:10
5.068 554.439 2818.049 15:50:11
5.068 553.439 2801.951 15:50:12
5.068 553.244 2801.951 15:50:13
5.064 554.049 2810.732 15:50:14
5.068 553.439 2813.171 15:50:15
5.080 517.951 2625.366 15:50:16
5.080 517.244 2622.439 15:50:17
5.076 514.439 2611.707 15:50:18
5.080 514.756 2619.024 15:50:19
5.080 517.146 2630.244 15:50:20
5.080 517.146 2620.488 15:50:21
5.096 471.561 2398.537 15:50:22
5.076 515.049 2615.122 15:50:23
5.100 469.146 2376.098 15:50:24
5.076 514.854 2616.098 15:50:25
5.080 514.244 2611.220 15:50:26
5.080 516.561 2617.561 15:50:27
5.080 515.049 2643.902 15:50:28
5.096 472.659 2379.512 15:50:29
5.100 471.244 2395.122 15:50:30
5.080 516.049 2627.805 15:50:31
5.080 512.951 2630.244 15:50:32
5.100 467.756 2384.878 15:50:33
5.100 474.244 2390.732 15:50:34
5.096 469.659 2392.683 15:50:35
5.096 467.756 2389.756 15:50:36
5.080 513.341 2611.220 15:50:37
5.080 515.439 2605.366 15:50:38
5.096 469.561 2395.122 15:50:39
5.076 517.341 2622.927 15:50:40
5.080 515.659 2603.902 15:50:41
5.100 467.951 2388.293 15:50:42
5.096 467.244 2381.951 15:50:43
5.080 512.951 2611.707 15:50:44
5.096 468.049 2377.073 15:50:45
5.080 515.146 2620.000 15:50:46
5.096 468.659 2400.976 15:50:47
5.096 469.659 2387.317 15:50:48
5.100 468.854 2397.561 15:50:49
5.100 467.049 2376.098 15:50:50
5.000 735.829 3680.488 15:50:51
5.068 553.439 2811.707 15:50:52
5.056 620.537 3012.195 15:50:53
