5.016 671.927 3473.659 15:13:01
4.956 830.098 4215.610 15:13:02
5.008 686.439 3463.415 15:13:03
5.064 552.146 2818.537 15:13:04
5.092 475.659 2424.390 15:13:05
5.100 467.171 2388.293 15:13:06
5.076 519.073 2664.390 15:13:07
5.040 624.049 3157.073 15:13:08
5.012 715.756 3564.878 15:13:09
5.004 694.244 2811.707 15:13:10
5.008 725.024 3590.244 15:13:11
5.080 517.073 2629.268 15:13:12
5.068 552.537 2796.098 15:13:13
5.064 552.341 2791.220 15:13:14
5.064 555.024 2808.780 15:13:15
5.068 552.537 2797.073 15:13:16
5.064 554.829 2819.512 15:13:17
5.080 513.659 2601.951 15:13:18
5.036 647.024 3227.317 15:13:19
5.068 539.561 2733.659 15:13:20
5.080 512.829 2603.902 15:13:21
5.068 554.341 2813.659 15:13:22
5.064 556.732 2836.098 15:13:23
5.068 553.951 2806.829 15:13:24
5.068 551.659 2794.146 15:13:25
5.068 554.829 2804.878 15:13:26
5.096 466.732 2371.707 15:13:27
5.068 554.732 2813.659 15:13:29
5.064 553.659 2799.024 15:13:30
5.052 588.732 2966.829 15:13:31
5.068 552.341 2797.073 15:13:32
5.064 560.537 2797.073 15:13:33
5.096 466.439 2375.610 15:13:34
5.064 552.537 2804.878 15:13:35
5.068 554.537 2806.829 15:13:36
5.072 552.634 2794.146 15:13:37
5.064 551.951 2796.098 15:13:38
5.068 555.171 2796.098 15:13:39
5.076 514.244 2611.707 15:13:40
5.080 513.854 2613.659 15:13:41
5.068 549.366 2783.415 15:13:42
5.100 466.244 2380.488 15:13:43
5.096 466.439 2380.488 15:13:44
5.080 513.659 2616.585 15:13:45
5.096 466.976 2495.610 15:13:46
5.080 513.463 2608.780 15:13:47
5.080 516.244 2603.902 15:13:48
5.100 466.537 2411.707 15:13:49
5.096 468.537 2393.171 15:13:50
5.080 512.927 2606.829 15:13:51
5.096 466.049 2378.537 15:13:52
5.084 504.537 2557.073 15:13:53
5.080 517.171 2610.732 15:13:54
5.100 469.073 2391.220 15:13:55
5.096 466.341 2378.537 15:13:56
5.080 513.366 2605.854 15:13:57
5.080 515.366 2619.512 15:13:58
5.096 470.049 2386.341 15:13:59
5.096 472.244 2380.488 15:14:00
5.080 512.634 2606.829 15:14:01
5.108 441.268 2252.683 15:14:02
5.064 554.537 2806.829 15:14:03
5.052 587.756 2971.707 15:14:04
5.068 551.951 2794.146 15:14:05
5.068 553.463 2804.878 15:14:06
5.068 551.951 2794.146 15:14:07
5.080 513.463 2669.268 15:14:08
5.096 468.146 2386.341 15:14:09
5.096 467.854 2388.293 15:14:10
5.096 469.366 2396.098 15:14:11
5.004 733.122 3667.317 15:14:12
5.068 550.927 2787.317 15:14:13
5.068 550.829 2813.659 15:14:14
