5.000 732.537 3637.073 16:31:20
5.008 722.537 3610.732 16:31:21
5.020 697.829 3460.000 16:31:22
5.064 554.756 2802.927 16:31:23
5.092 475.951 2431.220 16:31:24
5.080 517.854 2630.244 16:31:25
5.008 713.439 3602.927 16:31:26
5.068 554.756 2804.390 16:31:27
5.004 717.439 3567.805 16:31:28
5.064 553.659 2809.268 16:31:29
5.008 717.439 3602.927 16:31:30
5.084 467.049 2392.195 16:31:31
5.012 697.439 3502.439 16:31:32
5.064 552.439 2795.610 16:31:33
5.008 715.122 3601.951 16:31:34
5.068 553.049 2801.951 16:31:35
5.012 716.927 3582.927 16:31:36
5.076 514.146 2736.585 16:31:37
4.992 746.122 3662.927 16:31:38
5.068 553.659 2799.512 16:31:39
5.000 792.317 3893.659 16:31:40
5.064 554.951 2834.146 16:31:41
5.032 614.537 2812.683 16:31:42
5.068 554.537 2800.488 16:31:43
5.068 557.659 2807.805 16:31:44
5.016 711.122 3785.854 16:31:45
5.044 591.732 3060.488 16:31:46
5.048 600.341 2931.707 16:31:47
5.072 575.634 3018.049 16:31:48
5.060 552.951 2916.585 16:31:49
5.052 576.439 3746.829 16:31:50
5.020 553.439 2810.732 16:31:51
5.064 552.951 2806.829 16:31:52
5.068 555.049 2814.146 16:31:53
5.048 584.634 3015.610 16:31:54
5.032 700.829 3323.415 16:31:55
5.068 553.439 3504.878 16:31:56
5.064 553.146 2797.073 16:31:57
5.064 552.341 2806.341 16:31:58
5.068 552.244 2794.146 16:31:59
5.056 707.024 2942.927 16:32:00
5.076 528.146 2679.024 16:32:01
5.076 527.049 2678.049 16:32:02
5.068 552.244 2794.146 16:32:03
5.100 469.659 2397.561 16:32:04
5.076 519.146 2630.244 16:32:05
5.080 513.561 2608.780 16:32:06
5.088 469.561 2404.878 16:32:07
5.080 514.244 2616.585 16:32:08
5.076 516.659 2607.317 16:32:09
5.096 472.049 2526.341 16:32:10
5.080 513.756 2637.561 16:32:11
5.096 470.049 2384.878 16:32:12
5.096 470.366 2383.415 16:32:13
5.080 514.854 2608.780 16:32:14
5.096 471.463 2396.098 16:32:15
5.092 469.463 2380.976 16:32:16
5.100 469.659 2395.122 16:32:17
5.100 467.659 2378.537 16:32:18
5.096 467.854 2380.976 16:32:19
5.096 467.951 2383.902 16:32:20
5.100 467.854 2379.512 16:32:21
5.096 469.951 2393.659 16:32:22
5.096 466.756 2377.561 16:32:23
5.080 512.951 2616.098 16:32:24
5.076 514.561 2602.927 16:32:25
5.096 467.146 2380.000 16:32:26
5.096 468.854 2377.073 16:32:27
5.080 529.244 2618.049 16:32:28
5.096 471.951 2403.415 16:32:29
5.092 469.951 2395.122 16:32:30
5.096 466.366 2378.537 16:32:31
5.096 467.756 2380.976 16:32:32
5.080 512.561 2607.317 16:32:33
5.096 466.659 2386.341 16:32:34
5.080 514.756 2620.488 16:32:35
5.096 471.854 2393.659 16:32:36
5.096 467.366 2383.415 16:32:37
5.084 516.049 2604.878 16:32:38
5.096 465.854 2377.073 16:32:39
5.068 554.537 2805.366 16:32:40
5.068 555.439 2806.829 16:32:41
5.068 551.854 2795.122 16:32:42
