5.004 732.732 3659.512 15:39:23
5.020 673.537 3442.927 15:39:24
5.016 693.634 3421.463 15:39:25
5.064 552.341 2799.024 15:39:26
5.064 554.341 2806.829 15:39:27
5.096 470.146 2406.341 15:39:28
5.008 715.439 3598.049 15:39:29
5.068 552.756 2797.073 15:39:30
5.008 714.732 3575.610 15:39:31
5.056 568.634 2796.585 15:39:33
5.008 717.927 3575.610 15:39:34
5.080 518.561 2626.341 15:39:35
5.008 716.122 3571.707 15:39:36
5.008 552.537 2862.927 15:39:37
5.008 715.122 3567.805 15:39:38
5.064 563.244 2807.805 15:39:39
5.064 557.854 2811.707 15:39:40
5.084 514.951 2612.683 15:39:41
5.064 554.659 2810.244 15:39:42
5.052 569.756 2878.049 15:39:43
5.028 670.024 3444.878 15:39:44
5.028 563.854 2854.146 15:39:45
5.056 594.951 2952.195 15:39:46
5.056 565.951 2844.390 15:39:47
5.068 552.146 2799.024 15:39:48
5.068 555.146 2796.585 15:39:49
5.064 553.951 2795.122 15:39:50
5.068 556.049 3431.220 15:39:51
5.004 721.732 3443.902 15:39:52
5.080 515.756 2627.317 15:39:53
5.096 469.854 2389.756 15:39:54
5.064 557.439 2811.707 15:39:55
5.056 574.537 2994.634 15:39:56
5.064 552.146 2812.683 15:39:57
5.064 552.659 2799.024 15:39:58
5.068 552.756 2799.512 15:39:59
5.112 430.951 2203.415 15:40:00
5.072 552.341 2664.878 15:40:01
5.104 443.659 2264.878 15:40:02
5.076 516.341 2624.878 15:40:03
5.080 514.146 2607.317 15:40:04
5.092 468.951 2402.439 15:40:05
5.096 471.561 2388.780 15:40:06
5.080 514.439 2607.805 15:40:07
5.076 515.561 2609.268 15:40:08
5.084 515.146 2612.683 15:40:09
5.080 517.756 2625.366 15:40:10
5.096 470.146 2392.683 15:40:11
5.080 516.146 2634.146 15:40:12
5.096 469.463 2389.756 15:40:13
5.096 467.463 2386.341 15:40:14
5.096 467.756 2391.220 15:40:15
5.080 515.951 2618.049 15:40:16
5.096 466.366 2381.951 15:40:17
5.096 469.951 2390.732 15:40:18
5.080 516.854 2615.122 15:40:19
5.096 467.854 2398.537 15:40:20
5.096 469.659 2380.976 15:40:21
5.080 514.659 2611.220 15:40:22
5.080 515.854 2618.049 15:40:23
5.096 468.049 2383.902 15:40:24
5.080 516.951 2605.366 15:40:25
5.096 469.463 2376.098 15:40:26
5.092 466.659 2386.341 15:40:27
5.080 515.049 2615.122 15:40:28
5.096 470.951 2395.122 15:40:29
5.080 515.049 2636.585 15:40:30
5.100 470.561 2398.537 15:40:31
5.064 496.854 2562.927 15:40:32
5.100 468.561 2386.341 15:40:33
5.096 469.366 2384.878 15:40:34
5.104 466.049 2373.659 15:40:35
5.080 515.561 2612.683 15:40:36
5.096 468.049 2389.756 15:40:37
5.004 728.732 3627.805 15:40:38
5.068 551.146 2790.732 15:40:39
5.068 554.951 2810.244 15:40:40
