5.004 738.927 3691.707 16:15:25
5.016 709.244 3491.707 16:15:26
5.012 706.634 3460.488 16:15:27
5.068 553.244 2807.805 16:15:28
5.092 477.146 2428.780 16:15:29
5.080 514.854 2615.122 16:15:30
5.008 712.634 3606.829 16:15:31
5.052 597.634 2946.829 16:15:32
5.008 715.122 3583.902 16:15:33
5.064 556.537 2809.268 16:15:34
5.008 711.829 3471.220 16:15:36
5.080 515.659 3006.829 16:15:37
5.008 716.341 3583.902 16:15:38
5.064 555.146 2811.707 16:15:39
5.060 580.439 2955.610 16:15:40
5.016 666.024 3503.902 16:15:41
5.012 715.439 3594.146 16:15:42
5.068 564.244 2798.049 16:15:43
5.004 710.024 3579.024 16:15:44
5.008 731.439 3572.683 16:15:45
5.072 552.756 2798.049 16:15:46
5.040 612.951 3317.561 16:15:47
5.060 562.756 2914.634 16:15:48
5.064 553.049 2807.805 16:15:49
5.056 578.756 2911.707 16:15:50
5.008 711.244 3750.732 16:15:51
4.984 688.537 2817.073 16:15:52
5.040 696.537 3712.195 16:15:53
5.064 552.854 2814.146 16:15:54
5.068 552.341 2797.073 16:15:55
5.064 553.244 2894.146 16:15:56
5.064 555.537 2811.707 16:15:57
5.064 561.659 2802.927 16:15:58
5.080 531.561 2641.463 16:15:59
5.064 799.195 2796.585 16:16:00
5.076 527.244 2670.244 16:16:01
5.028 528.561 2682.439 16:16:02
5.012 593.634 2939.512 16:16:03
5.024 583.951 2955.610 16:16:04
5.068 552.244 2866.829 16:16:05
5.068 553.049 2799.024 16:16:06
5.068 614.244 3511.707 16:16:07
5.068 552.756 2801.463 16:16:08
5.068 555.341 2814.146 16:16:09
5.100 470.146 2386.341 16:16:10
5.080 515.146 2612.683 16:16:11
5.080 519.341 2631.220 16:16:12
5.080 516.756 2624.878 16:16:13
5.080 513.659 2607.805 16:16:14
5.096 469.659 2383.902 16:16:15
5.080 516.341 2622.439 16:16:16
5.096 469.366 2381.951 16:16:17
5.096 470.146 2380.976 16:16:18
5.080 514.659 2611.220 16:16:19
5.096 467.463 2380.976 16:16:20
5.096 469.854 2387.317 16:16:21
5.096 471.854 2397.073 16:16:22
5.100 467.463 2380.000 16:16:23
5.080 517.659 2674.146 16:16:24
5.092 466.951 2381.951 16:16:25
5.096 468.366 2382.439 16:16:26
5.096 472.756 2400.976 16:16:27
5.096 467.146 2381.951 16:16:28
5.080 512.854 2608.780 16:16:29
5.084 515.439 2618.049 16:16:30
5.092 470.463 2387.317 16:16:31
5.080 516.049 2606.341 16:16:32
5.080 516.049 2619.024 16:16:33
5.084 517.439 2607.317 16:16:34
5.100 466.951 2390.732 16:16:35
5.100 466.659 2377.073 16:16:36
5.100 468.366 2389.756 16:16:37
5.100 467.951 2391.220 16:16:38
5.096 469.146 2402.439 16:16:39
5.100 467.463 2377.561 16:16:40
5.100 467.244 2377.561 16:16:41
5.096 467.244 2378.537 16:16:42
5.096 466.756 2383.415 16:16:43
4.996 732.829 3676.585 16:16:44
5.064 553.951 2809.268 16:16:45
5.068 551.537 2804.390 16:16:46
