5.000 731.634 3658.049 16:08:30
5.016 677.244 3423.902 16:08:31
5.012 689.341 3512.683 16:08:32
5.064 552.854 2800.488 16:08:33
5.096 476.561 2428.293 16:08:34
5.084 519.561 2642.927 16:08:35
5.008 720.732 3588.780 16:08:36
5.068 555.341 2798.049 16:08:37
5.008 700.122 3579.024 16:08:38
5.052 589.049 2977.073 16:08:39
5.008 714.122 3579.024 16:08:40
5.096 470.146 2377.073 16:08:41
5.004 717.220 3573.171 16:08:42
5.064 552.439 2796.585 16:08:43
5.008 714.024 3601.951 16:08:44
5.064 552.659 2881.951 16:08:45
5.008 722.341 3561.463 16:08:46
5.080 514.659 2612.683 16:08:47
5.068 552.659 2805.366 16:08:48
5.064 552.854 2812.683 16:08:49
5.052 588.756 2977.073 16:08:50
5.068 553.146 2799.024 16:08:51
5.064 553.756 2807.805 16:08:52
5.072 519.951 2796.585 16:08:53
5.012 677.732 3511.707 16:08:54
5.032 661.732 3580.488 16:08:55
5.012 720.122 3587.805 16:08:56
5.068 553.854 2800.488 16:08:57
5.012 705.927 3684.390 16:08:58
5.100 527.439 2440.000 16:08:59
5.060 614.732 2991.707 16:09:00
5.064 564.341 2847.805 16:09:01
5.064 553.049 2797.073 16:09:02
5.064 555.439 2812.683 16:09:03
5.048 552.146 2809.268 16:09:04
5.080 514.659 2612.683 16:09:05
5.096 468.366 2380.976 16:09:06
5.068 553.854 2802.927 16:09:07
5.068 552.049 2795.610 16:09:08
5.068 553.951 2823.902 16:09:09
5.064 556.049 2818.049 16:09:10
5.064 552.439 2800.488 16:09:11
5.068 551.537 2790.732 16:09:12
5.096 470.366 2404.878 16:09:13
5.080 516.951 2640.000 16:09:14
5.076 517.756 2625.366 16:09:15
5.092 470.146 2380.000 16:09:16
5.080 516.561 2629.268 16:09:17
5.100 467.659 2377.073 16:09:18
5.100 468.244 2395.122 16:09:19
5.076 516.146 2622.927 16:09:20
5.076 509.049 2392.195 16:09:21
5.100 471.244 2378.537 16:09:22
5.052 589.537 2989.756 16:09:23
5.068 552.951 2815.610 16:09:24
5.064 555.049 2814.146 16:09:25
5.064 552.659 2796.585 16:09:26
5.064 556.244 2815.610 16:09:27
5.096 472.366 2389.756 16:09:28
5.100 469.463 2415.122 16:09:29
5.096 468.244 2380.000 16:09:30
5.096 468.854 2384.878 16:09:31
5.100 466.854 2380.976 16:09:32
5.096 469.659 2379.512 16:09:33
5.084 503.561 2566.341 16:09:34
5.096 481.854 2394.634 16:09:35
5.080 516.049 2612.683 16:09:36
5.096 466.244 2376.098 16:09:37
5.096 473.463 2379.512 16:09:38
5.100 467.244 2383.415 16:09:39
5.096 468.756 2380.976 16:09:40
5.100 471.756 2388.780 16:09:41
5.096 467.561 2381.951 16:09:42
5.096 466.659 2380.976 16:09:43
5.080 515.146 2620.488 16:09:44
5.084 500.951 2377.561 16:09:45
5.000 725.439 3670.244 16:09:46
5.068 553.537 2801.463 16:09:47
5.064 553.049 2800.488 16:09:48
