5.068 556.854 2828.293 16:45:39
5.020 677.244 3506.829 16:45:40
5.004 744.537 3719.512 16:45:41
5.064 576.854 2810.732 16:45:42
5.092 479.756 2433.659 16:45:43
5.096 468.561 2383.415 16:45:45
5.008 712.244 3568.780 16:45:46
5.064 552.146 2797.073 16:45:47
5.008 707.244 3589.268 16:45:48
5.064 552.439 3380.976 16:45:49
5.008 714.439 3589.268 16:45:50
5.080 517.341 2644.878 16:45:51
5.008 718.829 3571.707 16:45:52
5.052 590.439 2981.951 16:45:53
5.008 719.829 3592.683 16:45:54
5.064 556.146 2832.683 16:45:55
5.012 714.829 3553.171 16:45:56
5.076 514.146 2611.220 16:45:57
5.008 716.829 3590.244 16:45:58
5.064 556.951 3560.488 16:45:59
5.016 656.244 3360.976 16:46:00
5.016 712.829 3613.171 16:46:01
5.056 588.341 2958.537 16:46:02
5.068 556.244 2808.293 16:46:03
5.004 597.537 3073.659 16:46:04
5.008 714.341 3595.610 16:46:05
5.060 574.244 2880.488 16:46:06
5.008 728.537 3586.341 16:46:07
5.076 515.146 2622.927 16:46:08
5.068 553.951 2803.902 16:46:09
5.032 554.537 2807.805 16:46:10
5.068 553.756 2805.366 16:46:11
5.068 554.049 2808.293 16:46:12
5.068 553.756 2865.854 16:46:13
5.064 558.049 2838.049 16:46:14
5.052 589.732 2983.415 16:46:15
5.068 553.341 2803.902 16:46:16
5.060 554.341 2805.366 16:46:17
5.056 576.146 2905.854 16:46:18
5.088 493.561 2524.878 16:46:19
5.064 556.951 2816.585 16:46:20
5.064 555.439 2806.341 16:46:21
5.064 628.341 3003.415 16:46:22
5.068 554.439 2808.293 16:46:23
5.064 556.244 2801.463 16:46:24
5.064 553.854 2813.171 16:46:25
5.064 556.341 2820.488 16:46:26
5.064 553.854 2803.902 16:46:27
5.068 556.244 2819.512 16:46:28
5.068 554.244 2806.341 16:46:29
5.100 467.561 2392.195 16:46:30
5.076 522.341 2664.878 16:46:31
5.080 519.049 2636.098 16:46:32
5.076 521.951 2651.707 16:46:33
5.096 466.561 2397.073 16:46:34
5.080 514.561 2622.927 16:46:35
5.080 514.854 2616.585 16:46:36
5.096 470.659 2396.098 16:46:37
5.100 468.561 2396.098 16:46:38
5.096 468.049 2392.683 16:46:39
5.096 467.659 2395.122 16:46:40
5.080 516.146 2622.927 16:46:41
5.080 515.341 2617.561 16:46:42
5.096 470.756 2393.659 16:46:43
5.080 521.341 2633.659 16:46:44
5.080 514.341 2618.049 16:46:45
5.096 469.756 2406.341 16:46:46
5.096 468.756 2398.537 16:46:47
5.080 514.341 2660.000 16:46:48
5.096 470.366 2383.415 16:46:49
5.096 470.756 2400.000 16:46:50
5.100 467.854 2400.000 16:46:51
5.100 467.659 2388.293 16:46:52
5.080 472.756 2391.220 16:46:53
5.096 469.854 2381.951 16:46:54
5.096 467.854 2383.902 16:46:55
5.088 480.049 2474.634 16:46:56
5.096 469.756 2397.561 16:46:57
5.096 467.561 2384.878 16:46:58
5.100 471.463 2382.439 16:46:59
4.996 737.220 3694.634 16:47:00
5.068 554.756 2810.244 16:47:01
5.076 530.439 2690.244 16:47:02
