5.000 731.634 3655.122 16:38:30
5.024 699.634 3521.463 16:38:31
5.008 706.122 3491.707 16:38:32
5.064 555.049 2821.463 16:38:33
5.092 476.561 2433.659 16:38:34
5.080 516.951 2624.878 16:38:35
5.080 520.756 2650.244 16:38:36
5.068 555.756 2810.244 16:38:37
5.008 713.927 3580.000 16:38:38
5.064 553.659 2799.512 16:38:39
5.012 694.341 3500.000 16:38:40
5.080 517.561 2631.707 16:38:41
5.008 717.220 3606.829 16:38:42
5.056 588.537 2973.171 16:38:43
5.008 718.732 3595.122 16:38:44
5.068 553.146 2809.268 16:38:45
5.004 716.122 3587.805 16:38:47
5.068 605.439 2933.171 16:38:48
5.008 714.024 3576.585 16:38:49
5.056 581.634 2939.512 16:38:50
5.008 719.927 3677.073 16:38:51
5.060 592.537 2984.390 16:38:52
5.012 708.024 3571.707 16:38:53
5.052 714.024 3042.439 16:38:54
4.992 775.122 3893.659 16:38:55
5.068 556.341 2837.073 16:38:56
5.016 735.122 3591.707 16:38:57
5.064 553.854 2805.366 16:38:58
5.100 474.463 2755.610 16:38:59
4.980 519.854 2633.659 16:39:00
5.056 555.659 2814.146 16:39:01
5.020 815.512 3083.902 16:39:02
5.008 681.317 3393.171 16:39:03
5.068 556.439 2816.585 16:39:04
5.064 553.171 2804.878 16:39:05
5.044 741.415 2981.463 16:39:06
4.996 722.927 3590.244 16:39:07
5.064 553.854 2804.878 16:39:08
5.068 553.854 2813.659 16:39:09
5.068 553.463 2800.976 16:39:10
5.064 580.634 2804.878 16:39:11
5.068 556.537 2818.537 16:39:12
5.068 653.024 3414.634 16:39:13
5.064 556.146 2832.195 16:39:14
5.064 556.537 2816.585 16:39:15
5.064 556.244 2824.390 16:39:16
5.056 589.366 2806.829 16:39:17
5.064 553.366 2801.951 16:39:18
5.064 556.927 2827.317 16:39:19
5.096 469.268 2479.024 16:39:20
5.096 471.366 2394.146 16:39:21
5.080 523.951 2613.659 16:39:22
5.068 555.756 2821.463 16:39:23
5.068 555.268 2799.024 16:39:24
5.064 555.951 2814.634 16:39:25
5.064 553.561 2804.878 16:39:26
5.064 556.146 2819.512 16:39:27
5.072 518.927 2634.146 16:39:28
5.080 515.268 2613.659 16:39:29
5.096 470.732 2393.171 16:39:30
5.096 468.976 2380.488 16:39:31
5.092 467.854 2400.976 16:39:32
5.080 517.561 2634.146 16:39:33
5.080 517.561 2637.073 16:39:34
5.100 467.756 2383.415 16:39:35
5.096 469.561 2389.268 16:39:36
5.080 515.171 2618.537 16:39:37
5.080 513.659 2605.854 16:39:38
5.080 514.146 2624.390 16:39:39
5.080 515.561 2640.976 16:39:40
5.076 514.244 2616.585 16:39:41
5.096 468.732 2386.341 16:39:42
5.096 467.463 2380.488 16:39:43
5.100 467.854 2396.098 16:39:44
5.096 469.951 2399.024 16:39:45
5.100 471.659 2381.463 16:39:46
5.080 517.171 2626.341 16:39:47
5.096 470.244 2399.024 16:39:48
5.096 467.268 2378.537 16:39:49
5.096 467.756 2385.366 16:39:50
5.004 728.439 3627.317 16:39:51
5.068 555.951 2840.000 16:39:52
5.064 554.732 2804.878 16:39:53
