4.996 730.024 3653.171 14:56:14
5.028 698.439 3500.000 14:56:15
5.016 699.829 3487.805 14:56:16
5.068 551.537 2787.805 14:56:17
5.056 579.951 2907.805 14:56:18
5.088 490.561 2497.561 14:56:19
5.088 504.463 2491.220 14:56:20
5.088 504.659 2487.805 14:56:21
5.088 490.659 2481.463 14:56:22
5.088 490.049 2504.878 14:56:23
5.084 491.854 2521.463 14:56:24
5.092 489.659 2511.220 14:56:25
5.088 489.341 2569.756 14:56:26
5.088 490.659 2472.195 14:56:27
5.052 602.732 2910.732 14:56:28
5.056 573.854 2902.927 14:56:29
