5.068 552.049 2817.073 14:53:03
5.016 704.024 3386.341 14:53:04
5.008 705.634 3451.220 14:53:05
5.064 551.049 2792.683 14:53:06
5.080 518.854 2620.488 14:53:07
5.096 465.561 2382.439 14:53:09
5.008 712.634 3596.585 14:53:10
5.068 552.537 2799.024 14:53:11
5.024 710.024 3565.366 14:53:12
5.056 592.341 2974.634 14:53:13
5.068 553.341 2808.293 14:53:14
5.092 466.951 2410.244 14:53:15
5.068 550.146 2790.244 14:53:16
5.064 553.244 2799.024 14:53:17
5.064 551.244 2821.951 14:53:18
5.068 550.439 2787.805 14:53:19
5.068 552.341 2791.707 14:53:20
5.096 467.244 2435.122 14:53:21
5.068 551.854 2800.488 14:53:22
5.068 550.659 2787.805 14:53:23
5.068 552.146 2802.927 14:53:24
5.064 550.854 2806.829 14:53:25
5.064 550.756 2789.268 14:53:26
5.080 517.049 2625.366 14:53:27
5.068 550.341 2793.171 14:53:28
5.068 553.146 2801.463 14:53:29
5.016 716.634 3546.829 14:53:30
5.068 553.146 2792.683 14:53:31
5.060 589.049 3489.268 14:53:32
5.096 467.951 2374.634 14:53:33
5.080 515.439 2616.585 14:53:34
5.068 550.146 2790.244 14:53:35
5.056 596.244 2927.805 14:53:36
5.064 552.146 2794.146 14:53:37
5.068 553.439 2809.268 14:53:38
5.068 551.341 2922.927 14:53:39
5.100 467.366 2381.951 14:53:40
5.096 465.951 2374.634 14:53:41
5.096 469.854 2386.341 14:53:42
5.096 465.244 2384.878 14:53:43
5.080 511.854 2618.049 14:53:44
5.096 465.756 2375.122 14:53:45
5.100 466.561 2377.073 14:53:46
5.096 471.854 2388.293 14:53:47
5.100 465.366 2367.317 14:53:48
5.100 468.146 2385.854 14:53:49
5.096 465.951 2373.659 14:53:50
5.096 468.244 2384.878 14:53:51
5.096 468.244 2368.780 14:53:52
5.100 467.244 2381.951 14:53:53
5.100 465.463 2384.878 14:53:54
5.096 466.659 2372.195 14:53:55
5.100 466.244 2371.220 14:53:56
5.100 465.244 2382.439 14:53:57
5.096 469.244 2383.902 14:53:58
5.096 467.049 2385.854 14:53:59
5.028 431.951 2173.171 14:54:00
5.096 468.049 2380.000 14:54:01
5.100 466.951 2380.000 14:54:02
5.068 552.659 2789.268 14:54:03
5.064 551.049 2792.683 14:54:04
5.068 550.537 2821.951 14:54:05
5.068 554.049 2801.463 14:54:06
5.068 550.854 2790.244 14:54:07
5.096 464.366 2369.756 14:54:08
5.096 465.463 2370.732 14:54:09
5.100 468.049 2384.878 14:54:10
5.100 466.146 2369.756 14:54:11
5.004 734.220 3626.829 14:54:12
5.068 550.146 2801.951 14:54:13
5.068 550.146 2786.341 14:54:14
