5.008 720.829 3646.829 15:31:06
5.016 687.439 3444.878 15:31:07
5.020 696.634 3476.585 15:31:08
5.064 552.756 2798.049 15:31:09
5.068 554.659 2797.073 15:31:10
5.096 470.049 2396.098 15:31:11
5.008 714.122 3566.341 15:31:12
5.048 578.756 2908.293 15:31:13
5.008 721.220 3751.707 15:31:14
5.072 552.537 2797.073 15:31:15
5.008 710.927 3551.707 15:31:16
5.100 468.951 2378.537 15:31:17
5.012 718.634 3553.171 15:31:18
5.068 552.341 2851.707 15:31:19
5.064 556.659 2801.463 15:31:20
5.068 552.439 2798.049 15:31:21
5.068 553.659 2795.610 15:31:22
5.064 553.854 2795.610 15:31:23
5.068 554.951 2804.390 15:31:24
5.068 551.951 2798.049 15:31:25
5.064 556.951 2810.732 15:31:26
5.068 553.244 2806.341 15:31:27
5.068 552.341 2795.610 15:31:28
5.068 556.854 2795.610 15:31:29
5.064 559.854 2824.390 15:31:30
5.012 741.829 3701.951 15:31:31
5.012 717.122 3558.049 15:31:32
5.064 568.244 2880.488 15:31:33
5.068 551.951 2795.610 15:31:34
5.068 552.146 2807.805 15:31:35
5.032 581.537 2941.951 15:31:36
5.068 553.659 2801.463 15:31:37
5.068 555.951 2806.341 15:31:38
5.068 552.659 2815.610 15:31:39
5.064 552.537 2808.293 15:31:40
5.064 553.244 2797.073 15:31:41
5.064 556.049 2800.488 15:31:42
5.068 557.146 2798.049 15:31:43
5.096 469.951 2384.878 15:31:44
5.096 467.659 2381.951 15:31:45
5.096 470.244 2384.878 15:31:46
5.080 514.049 2616.585 15:31:47
5.096 468.244 2383.902 15:31:48
5.080 515.951 2616.585 15:31:49
5.076 525.659 2640.000 15:31:50
5.096 467.146 2393.659 15:31:51
5.080 514.561 2620.000 15:31:52
5.096 470.463 2390.732 15:31:53
5.100 468.951 2378.537 15:31:54
5.096 468.366 2383.902 15:31:55
5.100 468.366 2397.561 15:31:56
5.096 467.146 2374.634 15:31:57
5.096 466.756 2392.195 15:31:58
5.096 466.756 2377.073 15:31:59
5.092 470.244 2397.561 15:32:00
5.104 442.366 2258.049 15:32:01
5.104 443.463 2258.537 15:32:02
5.064 557.659 2797.073 15:32:03
5.064 554.537 2793.171 15:32:04
5.068 554.659 2806.341 15:32:05
5.064 552.439 2802.927 15:32:06
5.064 553.341 2804.390 15:32:07
5.096 466.951 2382.439 15:32:08
5.100 467.049 2378.537 15:32:09
5.100 469.244 2376.098 15:32:10
5.100 467.951 2370.732 15:32:11
5.096 468.659 2386.341 15:32:12
5.100 468.756 2387.317 15:32:13
5.100 466.756 2392.195 15:32:14
5.100 466.463 2383.902 15:32:15
5.096 466.951 2380.976 15:32:16
5.096 465.756 2384.878 15:32:17
5.068 552.439 2795.610 15:32:18
5.068 551.537 2795.122 15:32:19
5.040 711.341 3229.756 15:32:20
