5.004 550.439 2784.390 14:38:51
5.020 687.927 3440.000 14:38:52
5.016 677.244 3452.683 14:38:53
5.064 550.341 2795.122 14:38:54
5.096 473.756 2417.561 14:38:55
5.096 464.951 2369.756 14:38:56
5.012 711.244 3555.610 14:38:57
5.068 553.854 2795.122 14:38:58
5.076 522.659 2654.146 14:38:59
5.076 524.049 2662.927 14:39:00
5.008 714.927 3515.122 14:39:01
5.084 511.463 2594.146 14:39:02
5.100 466.854 2377.073 14:39:03
5.068 550.049 2795.610 14:39:05
5.064 553.439 2822.927 14:39:06
5.052 585.439 2985.366 14:39:07
5.060 549.244 2781.463 14:39:08
5.068 549.756 2796.585 14:39:09
5.100 465.951 2365.854 14:39:10
5.068 549.049 2783.902 14:39:11
5.068 551.244 2806.341 14:39:12
5.060 551.146 2796.585 14:39:13
5.068 549.659 2782.927 14:39:14
5.064 554.146 2790.732 14:39:15
5.100 464.049 2364.878 14:39:16
5.068 551.341 2801.463 14:39:17
5.068 552.146 2787.805 14:39:18
5.072 549.537 2782.927 14:39:19
5.068 551.951 2795.122 14:39:20
5.068 548.537 2784.390 14:39:21
5.100 466.244 2377.073 14:39:22
5.064 551.439 2784.390 14:39:23
5.068 552.439 2793.171 14:39:24
5.096 474.244 2412.195 14:39:25
5.068 549.439 2781.951 14:39:26
5.064 548.951 2784.390 14:39:27
5.128 389.073 1998.049 14:39:28
5.100 466.049 2369.756 14:39:29
5.100 464.659 2380.976 14:39:30
5.128 388.659 1989.268 14:39:31
5.084 511.659 2593.659 14:39:32
5.096 469.146 2369.756 14:39:33
5.128 388.268 1992.683 14:39:34
5.096 464.366 2377.561 14:39:35
5.100 466.244 2374.634 14:39:36
5.100 465.756 2363.415 14:39:37
5.080 512.341 2596.098 14:39:38
5.100 465.366 2367.317 14:39:39
5.100 463.659 2362.439 14:39:40
5.100 463.561 2364.878 14:39:41
5.092 465.561 2378.537 14:39:42
5.124 389.268 1987.805 14:39:43
5.100 466.146 2361.951 14:39:44
5.100 463.659 2363.415 14:39:45
5.128 388.659 1990.732 14:39:46
5.096 466.244 2373.659 14:39:47
5.096 466.659 2373.659 14:39:48
5.100 465.049 2363.415 14:39:49
5.096 465.854 2384.878 14:39:50
5.096 464.756 2363.902 14:39:51
5.100 463.854 2364.878 14:39:52
5.096 467.049 2375.122 14:39:53
5.100 466.659 2379.512 14:39:54
5.096 465.951 2361.951 14:39:55
5.128 388.854 1991.707 14:39:56
5.096 464.951 2372.195 14:39:57
5.096 466.049 2377.073 14:39:58
5.068 550.341 2778.049 14:39:59
5.080 511.756 3905.854 14:40:00
