5.008 718.537 3590.244 16:13:40
5.012 688.146 3485.366 16:13:41
5.016 695.341 3503.902 16:13:42
5.064 554.854 2811.707 16:13:43
5.092 477.561 2424.878 16:13:44
5.100 468.244 2417.561 16:13:45
5.008 712.927 3573.171 16:13:46
5.068 555.049 2810.244 16:13:47
5.008 714.829 3582.927 16:13:48
5.064 552.146 2802.927 16:13:49
5.016 710.537 3588.780 16:13:50
5.096 468.561 2400.000 16:13:51
5.008 715.122 3575.610 16:13:52
5.064 552.439 2801.463 16:13:53
5.004 713.341 3587.805 16:13:54
5.064 554.854 2803.902 16:13:55
5.004 714.341 3605.366 16:13:56
5.076 516.951 2635.122 16:13:57
5.008 719.220 3586.829 16:13:58
5.064 554.341 2802.927 16:13:59
4.996 729.341 3675.610 16:14:00
5.072 528.341 2762.927 16:14:01
5.016 690.244 3417.561 16:14:02
5.060 555.756 2823.902 16:14:03
5.068 568.146 3522.927 16:14:04
5.004 712.341 3595.610 16:14:05
5.068 553.244 2798.049 16:14:06
5.064 553.146 2806.829 16:14:07
5.080 514.341 2612.683 16:14:08
5.000 715.537 3569.268 16:14:09
5.064 554.341 2861.463 16:14:10
5.064 552.659 2798.049 16:14:11
5.064 561.951 3195.122 16:14:12
5.064 554.854 2799.024 16:14:13
5.084 514.561 2607.317 16:14:14
5.060 556.439 2813.171 16:14:15
5.068 553.146 2800.488 16:14:16
5.068 552.659 2837.073 16:14:17
5.068 553.854 2801.463 16:14:18
5.064 552.854 2799.512 16:14:19
5.080 517.049 2618.049 16:14:20
5.068 552.756 2802.927 16:14:21
5.068 554.439 2795.610 16:14:22
5.068 552.439 2804.390 16:14:23
5.068 553.244 2803.902 16:14:24
5.068 552.537 2799.024 16:14:25
5.100 468.659 2396.098 16:14:26
5.080 516.146 2616.585 16:14:27
5.076 516.659 2627.317 16:14:28
5.080 514.439 2615.122 16:14:29
5.096 467.659 2390.732 16:14:30
5.100 469.366 2393.659 16:14:31
5.084 515.951 2619.024 16:14:32
5.084 551.537 2795.122 16:14:33
5.080 514.244 2618.049 16:14:34
5.096 467.366 2383.902 16:14:35
5.096 467.659 2388.293 16:14:36
5.084 513.756 2605.366 16:14:37
5.100 467.463 2388.293 16:14:38
5.096 469.951 2389.756 16:14:39
5.092 476.659 2392.195 16:14:40
5.080 514.341 2618.049 16:14:41
5.080 513.244 2634.146 16:14:42
5.096 466.854 2376.098 16:14:43
5.068 549.146 2798.049 16:14:44
5.076 469.244 2389.756 16:14:45
5.100 466.659 2385.854 16:14:46
5.096 466.659 2387.317 16:14:47
5.080 517.854 2629.268 16:14:48
5.100 466.659 2379.512 16:14:49
5.096 469.244 2401.463 16:14:50
5.096 470.366 2390.732 16:14:51
5.096 466.146 2377.073 16:14:52
5.100 467.244 2376.098 16:14:53
5.096 466.463 2389.756 16:14:54
5.084 504.463 2560.976 16:14:55
5.080 468.049 2378.537 16:14:56
5.096 466.561 2376.098 16:14:57
5.068 553.049 2796.585 16:14:58
5.068 554.659 2808.293 16:14:59
5.080 518.341 2630.244 16:15:00
