5.072 556.146 2798.049 15:36:03
4.984 744.829 3530.732 15:36:04
5.008 692.439 3503.415 15:36:05
5.064 553.268 2801.951 15:36:06
5.108 442.439 2258.537 15:36:07
5.080 518.927 2626.341 15:36:08
5.008 711.951 3578.537 15:36:09
5.064 554.537 2829.268 15:36:10
5.012 704.927 3574.634 15:36:12
5.052 738.146 3339.512 15:36:13
5.012 706.829 3572.683 15:36:14
5.080 518.634 2631.220 15:36:15
5.008 715.512 3588.293 15:36:16
5.064 592.049 2889.756 15:36:17
5.064 555.561 2813.659 15:36:18
5.064 568.341 2803.902 15:36:19
5.068 555.171 2808.780 15:36:20
5.056 591.951 2989.268 15:36:21
5.068 555.366 2826.341 15:36:22
5.068 562.439 2797.073 15:36:23
5.052 588.049 2969.756 15:36:24
5.068 554.732 2803.902 15:36:25
5.064 555.951 2818.537 15:36:26
5.080 518.049 2631.220 15:36:27
5.068 560.244 2814.634 15:36:28
5.068 552.634 2796.098 15:36:29
5.068 554.732 2804.878 15:36:30
5.060 580.341 2931.707 15:36:31
5.016 711.415 3585.366 15:36:32
5.068 543.854 3132.683 15:36:33
5.076 523.463 2643.902 15:36:34
5.040 620.049 3097.561 15:36:35
5.064 553.366 2813.659 15:36:36
5.020 594.537 2966.829 15:36:37
5.012 714.829 3582.439 15:36:38
5.100 467.073 2383.415 15:36:39
5.100 472.341 2394.146 15:36:40
5.084 513.756 2610.732 15:36:41
5.096 466.976 2381.463 15:36:42
5.096 467.268 2380.488 15:36:43
5.076 514.439 2614.634 15:36:44
5.096 470.341 2389.268 15:36:45
5.084 505.171 2578.537 15:36:46
5.076 514.537 2611.707 15:36:47
5.096 467.463 2380.488 15:36:48
5.096 467.073 2383.415 15:36:49
5.100 470.341 2380.488 15:36:50
5.096 467.268 2381.463 15:36:51
5.096 469.561 2389.268 15:36:52
5.096 467.073 2381.463 15:36:53
5.096 467.854 2391.220 15:36:54
5.100 468.244 2385.366 15:36:55
5.096 467.951 2383.415 15:36:56
5.080 504.439 2559.024 15:36:57
5.100 471.463 2394.146 15:36:58
5.080 514.049 2605.854 15:36:59
5.108 430.780 2200.976 15:37:00
5.108 441.561 2256.585 15:37:01
5.092 491.366 2495.610 15:37:02
5.096 469.171 2385.366 15:37:03
5.096 468.341 2428.293 15:37:04
5.080 513.951 2610.732 15:37:05
5.096 466.146 2394.146 15:37:06
5.100 468.341 2393.171 15:37:07
5.088 507.268 2563.902 15:37:08
5.096 466.732 2378.537 15:37:09
5.096 469.366 2400.976 15:37:10
5.096 467.073 2378.537 15:37:11
5.096 467.268 2400.976 15:37:12
5.100 465.756 2373.659 15:37:13
5.096 466.146 2376.585 15:37:14
5.096 469.268 2388.293 15:37:15
5.000 734.146 3682.927 15:37:16
5.068 552.634 2794.146 15:37:17
5.068 551.561 2801.951 15:37:18
