5.004 729.829 3646.341 15:11:23
5.012 706.244 3416.098 15:11:24
5.012 695.244 3471.220 15:11:25
5.068 554.341 2824.390 15:11:26
5.096 475.756 2431.220 15:11:27
5.080 513.146 2608.780 15:11:28
5.012 710.439 3550.244 15:11:29
5.060 575.049 2910.732 15:11:30
4.992 749.732 3738.049 15:11:31
5.068 553.537 2800.488 15:11:32
5.008 710.537 3589.268 15:11:33
5.080 518.049 3204.878 15:11:34
5.068 554.951 2806.829 15:11:36
5.068 550.756 2793.171 15:11:37
5.072 554.146 2804.390 15:11:38
5.064 552.244 2796.585 15:11:39
5.068 554.854 2810.244 15:11:40
5.076 513.659 2605.366 15:11:41
5.064 552.049 2793.171 15:11:42
5.052 586.951 3004.878 15:11:43
5.012 704.024 3455.122 15:11:44
5.068 551.951 2792.683 15:11:45
5.068 555.854 2803.902 15:11:46
5.080 515.756 2610.244 15:11:47
5.068 553.951 2796.585 15:11:48
5.064 551.244 2795.122 15:11:49
5.068 554.756 2792.683 15:11:50
5.064 550.537 2794.146 15:11:51
5.068 551.951 2802.927 15:11:52
5.064 538.854 2759.024 15:11:53
5.052 595.732 2858.049 15:11:54
5.064 554.049 2821.463 15:11:55
5.064 552.854 2807.805 15:11:56
5.064 551.951 2792.683 15:11:57
5.068 556.439 2805.366 15:11:58
5.068 550.951 2795.610 15:11:59
5.112 662.537 3515.610 15:12:00
5.088 491.854 2503.415 15:12:01
5.096 467.854 2382.439 15:12:02
5.096 468.561 2372.683 15:12:03
5.096 479.463 2644.878 15:12:04
5.084 501.659 2558.537 15:12:05
5.100 466.951 2384.878 15:12:06
5.080 514.146 2607.805 15:12:07
5.080 515.951 2607.805 15:12:08
5.096 465.854 2373.659 15:12:09
5.100 469.244 2396.098 15:12:10
5.100 467.146 2375.122 15:12:11
5.084 512.756 2607.805 15:12:12
5.080 467.463 2382.439 15:12:13
5.080 513.951 2614.146 15:12:14
5.100 466.756 2376.098 15:12:15
5.064 549.951 2777.561 15:12:16
5.080 512.244 2608.780 15:12:17
5.096 468.951 2389.756 15:12:18
5.100 466.854 2377.561 15:12:19
5.080 515.146 2628.780 15:12:20
5.096 467.366 2383.415 15:12:21
5.100 469.244 2399.512 15:12:22
5.080 516.049 2607.805 15:12:23
5.096 466.366 2374.634 15:12:24
5.100 466.854 2374.634 15:12:25
5.080 513.951 2621.463 15:12:26
5.084 502.146 2555.122 15:12:27
5.096 468.756 2383.902 15:12:28
5.084 515.439 2605.366 15:12:29
5.096 465.561 2373.659 15:12:30
5.096 466.854 2377.073 15:12:31
5.080 515.244 2615.122 15:12:32
5.092 471.854 2400.000 15:12:33
5.000 737.829 3685.366 15:12:34
5.068 556.439 2842.927 15:12:35
5.068 553.341 2803.902 15:12:36
