4.996 735.024 3676.585 17:09:25
5.016 680.732 3563.902 17:09:26
5.012 691.927 3529.268 17:09:27
5.068 554.951 2799.512 17:09:28
5.068 552.146 2810.244 17:09:29
5.096 471.146 2397.073 17:09:30
5.008 708.732 3576.585 17:09:31
5.068 554.537 2804.390 17:09:32
5.008 716.634 3533.171 17:09:33
5.064 553.341 2804.390 17:09:34
5.008 718.024 3604.390 17:09:35
5.096 472.049 2406.341 17:09:36
5.004 715.122 3575.610 17:09:37
5.044 553.659 2801.951 17:09:38
5.008 717.537 3586.829 17:09:40
5.064 553.854 2802.927 17:09:41
5.008 717.341 3589.268 17:09:42
5.080 516.561 2638.049 17:09:43
4.992 718.732 3595.122 17:09:44
5.044 692.634 2842.927 17:09:45
5.012 730.927 3728.293 17:09:46
5.020 594.732 2942.927 17:09:47
4.992 731.220 3760.976 17:09:48
5.012 801.122 3845.854 17:09:49
5.004 724.049 3623.415 17:09:50
5.060 560.829 2844.878 17:09:51
5.004 707.854 3777.561 17:09:52
5.056 609.220 3077.073 17:09:53
5.076 569.024 2904.390 17:09:54
5.012 784.439 3746.341 17:09:55
5.068 557.659 2827.317 17:09:56
5.068 554.439 2804.878 17:09:57
5.064 556.244 2804.878 17:09:58
5.004 713.415 3588.293 17:09:59
5.064 559.171 2819.512 17:10:00
5.004 725.707 3831.220 17:10:01
5.076 736.146 2822.439 17:10:02
5.036 554.146 2816.585 17:10:03
5.064 557.854 2827.317 17:10:04
5.076 515.756 2614.634 17:10:05
5.064 556.049 2816.585 17:10:06
5.064 555.951 2814.634 17:10:07
5.064 555.951 2827.317 17:10:08
5.068 555.951 2814.634 17:10:09
5.020 563.756 3613.659 17:10:10
5.076 580.244 2891.707 17:10:11
5.064 553.951 2803.902 17:10:12
5.068 553.024 2803.902 17:10:13
5.068 559.659 2803.902 17:10:14
5.068 554.146 2806.829 17:10:15
5.064 561.854 2832.195 17:10:16
5.096 471.756 2405.854 17:10:17
5.096 469.171 2393.171 17:10:18
5.080 523.659 2629.268 17:10:19
5.096 471.366 2399.024 17:10:20
5.096 470.634 2389.268 17:10:21
5.080 515.171 2614.634 17:10:22
5.080 515.561 2613.659 17:10:23
5.096 468.732 2383.415 17:10:24
5.100 467.561 2385.366 17:10:25
5.096 471.171 2398.049 17:10:26
5.080 514.439 2616.585 17:10:27
5.100 468.439 2396.098 17:10:28
5.084 515.561 2608.780 17:10:29
5.080 514.634 2613.659 17:10:30
5.096 467.854 2381.463 17:10:31
5.096 470.976 2410.732 17:10:32
5.080 514.927 2610.732 17:10:33
5.080 515.171 2618.537 17:10:34
5.096 469.268 2388.293 17:10:35
5.080 518.537 2628.293 17:10:36
5.080 514.341 2610.732 17:10:37
5.100 469.854 2388.293 17:10:38
5.100 467.756 2386.341 17:10:39
5.080 514.927 2608.780 17:10:40
5.100 469.268 2394.146 17:10:41
5.100 472.341 2399.024 17:10:42
5.100 467.268 2375.610 17:10:43
5.100 468.244 2381.463 17:10:44
5.096 467.659 2380.488 17:10:45
5.096 470.439 2389.268 17:10:46
5.096 469.561 2381.463 17:10:47
5.096 467.951 2386.341 17:10:48
5.096 467.171 2378.537 17:10:49
5.000 737.317 3692.683 17:10:50
5.064 557.659 2824.390 17:10:51
5.068 554.049 2809.756 17:10:52
