5.004 734.537 3659.024 15:14:39
5.016 700.732 3535.122 15:14:40
5.012 697.732 3445.366 15:14:41
5.068 552.244 2800.488 15:14:42
5.092 476.659 2424.878 15:14:43
5.080 513.341 2620.488 15:14:44
5.012 713.244 3552.683 15:14:45
5.064 552.146 2816.585 15:14:46
5.008 712.537 3560.488 15:14:47
5.068 556.537 2791.707 15:14:48
5.008 715.537 3491.707 15:14:49
5.068 516.659 2637.561 15:14:50
5.064 558.341 2798.049 15:14:51
5.012 659.829 2802.927 15:14:52
5.016 675.341 2901.951 15:14:53
5.028 574.341 2954.634 15:14:54
5.068 553.951 2800.488 15:14:55
5.008 705.537 3538.049 15:14:56
5.064 712.341 2974.146 15:14:57
5.004 711.732 3562.927 15:14:58
5.020 686.732 3462.439 15:14:59
5.076 527.049 2672.683 15:15:00
5.072 519.439 2643.902 15:15:01
5.064 632.244 3833.171 15:15:03
5.064 553.756 2799.024 15:15:04
5.068 555.951 2804.390 15:15:05
5.068 552.537 2791.707 15:15:06
5.068 552.659 2789.268 15:15:07
5.064 552.756 2798.049 15:15:08
5.068 551.854 2809.268 15:15:09
5.064 554.146 2803.902 15:15:10
5.012 686.829 3492.683 15:15:11
5.068 551.951 2813.171 15:15:12
5.080 562.244 2826.829 15:15:13
5.064 557.146 2805.366 15:15:14
5.064 552.951 2800.488 15:15:15
5.064 554.439 2806.829 15:15:16
5.064 557.244 2808.293 15:15:17
5.068 553.049 2814.146 15:15:18
5.096 468.366 2400.976 15:15:19
5.076 515.659 2622.439 15:15:20
5.096 471.463 2407.317 15:15:21
5.096 467.756 2377.073 15:15:22
5.100 468.756 2378.537 15:15:23
5.080 514.341 2626.341 15:15:24
5.096 466.756 2375.122 15:15:25
5.080 515.659 2637.561 15:15:26
5.096 466.854 2380.976 15:15:27
5.096 469.463 2384.878 15:15:28
5.096 466.463 2374.634 15:15:29
5.096 467.244 2393.659 15:15:30
5.100 466.659 2383.415 15:15:31
5.080 514.146 2609.268 15:15:32
5.100 469.146 2393.659 15:15:33
5.100 466.951 2380.976 15:15:34
5.096 513.854 2603.902 15:15:35
5.100 471.756 2399.512 15:15:36
5.080 513.244 2611.220 15:15:37
5.084 513.439 2610.244 15:15:38
5.096 466.756 2378.537 15:15:39
5.100 470.049 2381.951 15:15:40
5.100 468.244 2392.195 15:15:41
5.096 465.659 2374.634 15:15:42
5.100 465.244 2373.659 15:15:43
5.080 513.951 2608.780 15:15:44
5.100 468.756 2380.976 15:15:45
5.096 467.049 2378.537 15:15:46
5.092 468.463 2384.878 15:15:47
5.096 468.756 2384.878 15:15:48
5.096 466.244 2376.098 15:15:49
5.004 725.829 3665.854 15:15:50
5.068 551.756 2790.732 15:15:51
5.072 550.146 2788.293 15:15:52
