5.000 736.220 3688.293 16:40:18
5.012 696.732 3463.902 16:40:19
5.012 702.732 3447.317 16:40:20
5.064 558.951 2837.073 16:40:21
5.096 480.854 2456.098 16:40:22
5.096 395.659 2024.390 16:40:23
5.092 471.561 2400.976 16:40:24
5.012 718.634 3592.683 16:40:25
5.064 552.854 2799.024 16:40:26
5.008 714.927 3521.463 16:40:27
5.068 563.537 2815.122 16:40:28
5.048 612.439 2839.512 16:40:29
5.060 569.756 3203.415 16:40:30
5.064 683.341 3094.634 16:40:31
5.024 580.244 3271.220 16:40:32
5.012 711.024 3400.000 16:40:33
5.060 553.951 2851.707 16:40:34
5.008 724.634 3506.341 16:40:35
5.080 522.951 2627.805 16:40:36
5.012 709.732 3586.829 16:40:37
5.068 554.049 2802.927 16:40:38
5.008 724.341 3591.707 16:40:39
5.064 556.537 2891.707 16:40:40
5.060 555.951 2816.585 16:40:41
5.064 553.561 2811.707 16:40:42
5.068 553.463 2816.585 16:40:43
5.064 553.951 2803.902 16:40:44
5.008 697.317 3462.439 16:40:45
5.012 711.122 3617.561 16:40:46
5.060 561.463 3072.195 16:40:47
5.012 712.341 3760.000 16:40:48
5.004 696.146 3587.317 16:40:49
5.052 555.854 2821.463 16:40:50
5.064 554.049 2821.463 16:40:51
5.092 520.634 2596.098 16:40:52
5.008 712.732 3562.927 16:40:53
5.064 556.537 2816.585 16:40:54
5.068 553.854 2818.537 16:40:55
5.064 554.146 2813.659 16:40:56
5.068 552.927 2800.976 16:40:57
5.064 555.561 2814.634 16:40:58
5.060 589.561 2979.512 16:40:59
5.076 532.927 2624.390 16:41:00
5.076 532.341 2681.951 16:41:01
5.064 552.829 2814.634 16:41:02
5.092 469.463 2398.049 16:41:03
5.096 468.732 2386.341 16:41:04
5.096 469.171 2386.341 16:41:05
5.096 470.537 2402.927 16:41:06
5.096 469.463 2388.293 16:41:07
5.096 513.659 2546.341 16:41:08
5.076 514.732 2616.585 16:41:09
5.084 503.561 2559.024 16:41:10
5.096 468.244 2381.463 16:41:11
5.096 470.244 2405.854 16:41:12
5.092 468.537 2391.220 16:41:13
5.096 469.366 2389.268 16:41:14
5.096 468.341 2381.463 16:41:15
5.096 469.463 2376.585 16:41:16
5.096 469.463 2398.049 16:41:17
5.096 467.756 2381.463 16:41:18
5.096 468.537 2396.098 16:41:19
5.100 471.854 2399.024 16:41:20
5.084 504.146 2561.951 16:41:21
5.096 468.439 2380.488 16:41:22
5.096 469.659 2394.146 16:41:23
5.096 470.049 2394.146 16:41:24
5.100 467.756 2399.024 16:41:25
5.096 467.366 2385.366 16:41:26
5.080 516.341 2610.732 16:41:27
5.096 472.537 2389.268 16:41:28
5.100 468.732 2396.098 16:41:29
5.096 467.854 2396.098 16:41:30
5.096 469.951 2403.902 16:41:31
5.084 505.756 2559.024 16:41:32
5.096 467.659 2380.488 16:41:33
5.092 468.976 2398.049 16:41:34
5.096 470.878 2396.098 16:41:35
5.100 466.634 2375.610 16:41:36
5.096 466.634 2378.537 16:41:37
5.096 467.561 2378.537 16:41:38
5.004 734.049 3678.049 16:41:39
5.068 552.732 2799.024 16:41:40
