5.004 728.634 3642.927 16:42:05
4.960 885.902 3993.171 16:42:06
5.020 698.537 3463.415 16:42:07
5.064 555.854 2811.707 16:42:08
5.092 477.366 2654.634 16:42:09
5.080 518.829 2632.195 16:42:11
5.008 715.122 3560.000 16:42:12
5.064 554.634 2804.878 16:42:13
5.008 714.732 3569.756 16:42:14
5.064 553.171 2804.878 16:42:15
5.012 711.317 3553.171 16:42:16
5.080 553.268 2632.195 16:42:17
5.008 713.854 3588.293 16:42:18
5.064 553.463 2800.976 16:42:19
5.060 579.366 2989.268 16:42:20
5.012 704.341 3587.317 16:42:21
5.000 730.537 3660.488 16:42:22
5.056 590.439 2904.390 16:42:23
5.012 716.244 3671.220 16:42:24
5.052 689.951 3658.537 16:42:25
4.984 729.220 3565.854 16:42:26
5.064 559.024 2822.439 16:42:27
5.000 590.244 3094.634 16:42:28
5.012 706.049 3404.878 16:42:29
5.060 554.341 2806.829 16:42:30
5.064 554.049 2809.756 16:42:31
5.064 554.146 2806.829 16:42:32
5.016 554.537 2808.780 16:42:33
5.012 693.756 3505.366 16:42:34
5.060 563.268 2824.390 16:42:35
5.008 716.439 3560.976 16:42:36
5.008 732.049 3543.415 16:42:37
5.064 557.561 2867.317 16:42:38
5.064 556.927 2858.537 16:42:39
5.064 556.537 2804.878 16:42:40
4.996 576.927 2915.122 16:42:41
5.004 720.732 3575.610 16:42:42
5.080 517.659 2616.585 16:42:43
5.060 552.341 2816.585 16:42:44
5.068 554.049 2804.878 16:42:45
5.064 555.854 2814.634 16:42:46
5.068 553.951 2806.829 16:42:47
5.068 556.439 2800.976 16:42:48
5.064 554.634 2811.707 16:42:49
5.064 554.439 2808.780 16:42:50
5.064 555.756 2814.634 16:42:51
5.064 554.439 2803.902 16:42:52
5.068 553.366 2803.902 16:42:53
5.080 515.561 2614.634 16:42:54
5.080 515.561 2619.512 16:42:55
5.096 470.244 2398.049 16:42:56
5.092 489.073 2398.049 16:42:57
5.080 517.171 2623.415 16:42:58
5.092 468.878 2389.268 16:42:59
5.096 503.171 2429.268 16:43:00
5.088 443.171 2260.488 16:43:01
5.108 442.976 2256.585 16:43:02
5.068 553.024 2813.659 16:43:03
5.064 555.561 2814.634 16:43:04
5.064 555.561 2844.878 16:43:05
5.068 555.463 2818.537 16:43:06
5.068 555.463 2814.634 16:43:07
5.096 468.439 2381.463 16:43:08
5.080 515.073 2613.659 16:43:09
5.100 470.146 2381.463 16:43:10
5.096 469.659 2385.366 16:43:11
5.100 504.146 2559.024 16:43:12
5.080 514.341 2613.659 16:43:13
5.096 468.244 2381.463 16:43:14
5.096 467.561 2388.293 16:43:15
5.096 469.366 2398.049 16:43:16
5.096 469.463 2391.220 16:43:17
5.100 468.341 2393.171 16:43:18
5.100 470.244 2383.415 16:43:19
5.096 473.463 2399.024 16:43:20
5.096 471.171 2410.732 16:43:21
5.096 474.439 2416.585 16:43:22
5.080 508.634 2586.341 16:43:23
5.096 470.537 2396.098 16:43:24
5.096 471.268 2413.659 16:43:25
5.000 741.122 3670.244 16:43:26
5.064 559.561 2834.146 16:43:27
5.064 557.561 2822.439 16:43:28
