5.068 553.756 2812.683 17:02:05
5.020 695.732 3477.561 17:02:06
5.008 714.341 3598.049 17:02:07
5.100 468.854 2386.341 17:02:08
5.124 392.561 2068.293 17:02:09
5.084 515.049 2621.463 17:02:10
5.004 717.220 3567.805 17:02:11
5.064 552.439 2799.024 17:02:12
5.020 680.244 3418.537 17:02:13
5.064 553.049 2803.902 17:02:14
5.008 717.341 3583.902 17:02:15
5.096 468.366 2413.659 17:02:16
5.008 718.732 3602.927 17:02:17
5.064 557.244 2820.488 17:02:18
5.004 720.341 3571.707 17:02:19
5.064 557.146 3365.366 17:02:20
5.008 716.732 3609.268 17:02:21
5.080 517.439 2775.610 17:02:22
4.996 735.927 3665.854 17:02:23
5.072 563.951 2801.463 17:02:24
5.004 708.927 3601.463 17:02:25
5.064 553.439 2801.951 17:02:26
5.008 736.829 3616.585 17:02:27
5.064 554.537 2819.024 17:02:28
5.004 737.439 3930.732 17:02:29
5.068 553.439 2888.293 17:02:30
5.060 554.439 2803.902 17:02:31
5.068 557.146 2819.024 17:02:32
5.048 682.537 2815.610 17:02:33
5.064 554.659 2810.244 17:02:34
5.064 553.341 2819.512 17:02:35
5.068 696.439 3240.976 17:02:36
5.068 560.756 2848.293 17:02:37
5.008 699.732 3564.390 17:02:38
5.068 556.341 2805.366 17:02:39
5.068 556.537 2804.390 17:02:40
5.064 558.049 3065.854 17:02:41
5.068 559.537 2821.951 17:02:42
5.060 569.049 2634.146 17:02:43
5.008 709.122 3548.780 17:02:44
5.064 555.951 2812.683 17:02:45
5.064 553.341 2808.293 17:02:46
5.064 558.951 2805.366 17:02:47
5.068 554.049 2818.049 17:02:48
5.080 564.537 2903.415 17:02:49
5.068 552.951 2801.951 17:02:50
5.064 556.854 2817.073 17:02:51
5.068 554.854 2985.854 17:02:52
5.064 555.756 2804.390 17:02:53
5.064 556.341 2813.171 17:02:54
5.096 468.463 2387.317 17:02:55
5.092 470.561 2417.073 17:02:56
5.096 471.366 2397.073 17:02:57
5.084 517.854 2622.439 17:02:58
5.100 468.146 2387.317 17:02:59
5.092 751.439 2447.317 17:03:00
5.096 470.244 2397.561 17:03:01
5.076 518.244 2616.585 17:03:02
5.064 555.659 2813.171 17:03:03
5.068 558.341 2806.829 17:03:04
5.052 560.659 2844.390 17:03:05
5.064 552.951 2810.244 17:03:06
5.064 552.659 2805.366 17:03:07
5.096 470.463 2396.098 17:03:08
5.096 470.854 2400.000 17:03:09
5.096 470.049 2397.561 17:03:10
5.096 471.659 2389.756 17:03:11
5.096 467.146 2382.439 17:03:12
5.100 467.854 2383.415 17:03:13
5.100 469.366 2400.976 17:03:14
5.096 469.366 2393.659 17:03:15
5.100 470.244 2380.976 17:03:16
5.096 467.146 2381.951 17:03:17
5.096 469.659 2400.976 17:03:18
5.096 470.951 2395.122 17:03:19
5.096 470.366 2397.073 17:03:20
5.096 472.951 2406.341 17:03:21
5.096 467.463 2388.780 17:03:22
5.096 467.463 2391.220 17:03:23
5.096 469.146 2393.659 17:03:24
5.100 468.146 2383.902 17:03:25
5.096 467.756 2379.512 17:03:26
5.072 553.854 2806.341 17:03:27
5.068 553.049 2791.707 17:03:28
5.068 554.244 2796.585 17:03:29
