5.000 728.220 3646.341 14:40:25
4.960 846.537 3397.073 14:40:26
5.016 681.854 3487.805 14:40:27
5.056 587.268 2974.634 14:40:28
5.064 550.439 2841.951 14:40:29
5.080 515.268 2624.390 14:40:31
5.016 711.024 3567.805 14:40:32
5.068 554.927 2796.098 14:40:33
5.068 552.244 2796.098 14:40:34
5.044 611.756 2786.341 14:40:35
5.064 627.220 2806.829 14:40:36
5.096 475.561 2389.268 14:40:37
5.068 550.927 2794.146 14:40:38
5.068 548.927 2784.390 14:40:39
5.052 589.951 2972.683 14:40:40
5.068 551.171 2803.902 14:40:41
5.068 554.049 2804.878 14:40:42
5.092 467.268 2381.463 14:40:43
5.064 551.171 2796.098 14:40:44
5.068 549.659 2781.463 14:40:45
5.072 549.951 2781.463 14:40:46
5.064 551.463 2797.073 14:40:47
5.068 550.049 2781.463 14:40:48
5.100 467.561 2378.537 14:40:49
5.064 550.439 2799.024 14:40:50
5.052 552.439 2784.390 14:40:51
5.072 549.171 2783.415 14:40:52
5.048 635.220 3017.561 14:40:53
5.024 696.146 3442.927 14:40:54
5.096 464.537 2367.805 14:40:55
5.124 391.951 1995.122 14:40:56
5.096 465.073 2370.732 14:40:57
5.096 463.756 2383.415 14:40:58
5.128 389.268 1995.122 14:40:59
5.112 699.854 2185.366 14:41:00
5.092 442.780 2247.805 14:41:01
5.108 439.073 2248.780 14:41:02
5.068 551.951 2794.146 14:41:03
5.064 548.439 2784.390 14:41:04
5.096 476.439 2415.610 14:41:05
5.068 550.537 2786.341 14:41:06
5.068 549.854 2800.976 14:41:07
5.100 466.732 2375.610 14:41:08
5.080 513.463 2597.073 14:41:09
5.096 466.878 2363.902 14:41:10
5.100 465.756 2385.366 14:41:11
5.100 464.244 2378.537 14:41:12
5.096 464.146 2367.805 14:41:13
5.128 389.073 1995.122 14:41:14
5.100 465.561 2373.659 14:41:15
5.100 463.854 2383.415 14:41:16
5.096 463.854 2363.902 14:41:17
5.096 468.732 2371.707 14:41:18
5.096 464.634 2371.707 14:41:19
5.124 389.463 1993.171 14:41:20
5.096 464.878 2370.732 14:41:21
5.100 466.146 2375.610 14:41:22
5.128 390.683 2028.293 14:41:23
5.096 466.146 2376.585 14:41:24
5.100 466.976 2376.585 14:41:25
5.128 390.976 1993.171 14:41:26
5.080 511.268 2623.415 14:41:27
5.100 463.073 2360.976 14:41:28
5.100 464.244 2362.927 14:41:29
5.084 510.244 2594.146 14:41:30
5.100 463.659 2365.854 14:41:31
5.068 583.463 2794.146 14:41:32
5.064 551.561 2794.146 14:41:33
5.068 548.732 2784.390 14:41:34
