4.996 745.439 3724.390 15:42:46
5.012 721.122 3527.805 15:42:47
5.012 691.244 3540.488 15:42:48
5.064 555.756 2811.707 15:42:49
5.096 479.366 2428.780 15:42:50
5.080 515.854 2611.220 15:42:51
5.008 711.341 3600.488 15:42:53
5.068 552.439 2839.512 15:42:54
5.016 713.537 3586.341 15:42:55
5.064 554.756 2807.805 15:42:56
5.012 712.829 3581.463 15:42:57
5.100 468.951 2378.537 15:42:58
5.008 712.537 3635.610 15:42:59
5.076 516.561 2611.707 15:43:00
5.016 694.024 3599.024 15:43:01
5.076 527.341 2677.561 15:43:02
5.064 556.439 2853.171 15:43:03
5.064 644.244 2958.537 15:43:04
5.068 579.951 2792.683 15:43:05
5.064 556.244 2811.707 15:43:06
5.064 552.756 2803.902 15:43:07
5.064 552.537 2885.366 15:43:08
5.020 552.244 2783.902 15:43:09
5.072 561.146 2799.512 15:43:10
5.068 553.049 2802.927 15:43:11
5.056 591.244 3069.268 15:43:12
5.068 553.537 2848.293 15:43:13
5.052 562.537 2885.366 15:43:14
5.056 579.537 3029.268 15:43:15
5.068 554.341 2805.366 15:43:16
5.064 555.244 2802.927 15:43:17
5.068 552.756 2799.512 15:43:18
5.068 553.854 2807.805 15:43:19
5.068 555.049 2815.122 15:43:20
5.100 467.049 2381.951 15:43:21
5.064 554.439 2816.585 15:43:22
5.068 554.439 2815.122 15:43:23
5.064 555.951 2815.122 15:43:24
5.068 555.659 2813.171 15:43:25
5.064 555.341 2808.293 15:43:26
5.096 467.659 2383.902 15:43:27
5.092 471.049 2408.293 15:43:28
5.096 469.756 2397.073 15:43:29
5.096 469.854 2387.317 15:43:30
5.096 470.561 2397.561 15:43:31
5.096 472.244 2409.756 15:43:32
5.080 470.756 2413.659 15:43:33
5.092 470.366 2393.659 15:43:34
5.096 472.854 2409.756 15:43:35
5.100 472.756 2392.195 15:43:36
5.092 472.366 2391.220 15:43:37
5.088 502.463 2529.756 15:43:38
5.096 481.463 2378.537 15:43:39
5.100 469.659 2390.732 15:43:40
5.096 471.463 2387.317 15:43:41
5.096 467.659 2383.902 15:43:42
5.096 467.756 2391.220 15:43:43
5.092 467.049 2381.951 15:43:44
5.092 468.854 2415.122 15:43:45
5.096 468.561 2384.878 15:43:46
5.096 467.561 2383.415 15:43:47
5.100 465.756 2390.732 15:43:48
5.096 468.951 2381.951 15:43:49
5.096 466.049 2377.073 15:43:50
5.092 466.463 2383.902 15:43:51
5.096 472.366 2407.317 15:43:52
5.096 469.146 2392.683 15:43:53
5.096 467.561 2383.415 15:43:54
5.096 469.146 2389.756 15:43:55
5.096 469.854 2391.220 15:43:56
5.096 466.244 2376.098 15:43:57
5.096 466.659 2375.122 15:43:58
5.096 469.366 2384.878 15:43:59
5.108 434.463 2222.439 15:44:00
5.016 703.829 3515.122 15:44:01
4.988 564.732 4148.293 15:44:02
5.072 553.756 2806.829 15:44:03
