4.996 738.024 3686.829 16:54:46
5.016 700.537 3403.902 16:54:47
5.024 700.732 3571.707 16:54:48
5.064 555.146 2802.927 16:54:49
5.080 513.756 2607.317 16:54:50
5.096 471.561 2400.000 16:54:51
5.008 712.439 3536.585 16:54:52
5.068 557.756 2811.707 16:54:53
5.012 711.927 3555.122 16:54:54
5.068 553.439 2801.463 16:54:55
5.008 712.634 3601.951 16:54:56
5.096 470.146 2383.902 16:54:57
5.008 700.122 3582.927 16:54:58
5.068 684.732 2844.390 16:54:59
5.020 670.024 3403.902 16:55:00
5.064 564.756 2869.268 16:55:01
5.012 749.732 3565.366 16:55:02
5.064 556.659 2815.610 16:55:03
5.004 717.341 3601.951 16:55:04
5.064 662.439 2814.146 16:55:05
5.008 779.537 3802.927 16:55:06
5.068 720.122 2860.488 16:55:07
5.004 705.829 3566.341 16:55:08
5.064 557.537 2819.512 16:55:09
5.060 564.854 2831.707 16:55:10
5.068 553.756 2804.390 16:55:11
4.980 786.220 3980.000 16:55:12
4.996 711.439 3193.171 16:55:13
5.060 717.732 3187.317 16:55:14
5.052 749.439 2961.951 16:55:15
5.008 718.439 3574.634 16:55:16
5.064 554.537 2804.878 16:55:17
5.056 584.049 2977.561 16:55:18
5.064 554.244 2800.976 16:55:19
5.064 553.951 2801.951 16:55:20
5.016 685.756 3115.122 16:55:21
5.056 558.537 3390.244 16:55:22
5.048 602.927 3237.073 16:55:23
5.068 558.927 3061.463 16:55:24
5.068 554.829 2826.341 16:55:25
5.068 554.049 2816.585 16:55:26
5.064 555.756 2821.463 16:55:27
5.064 554.146 2806.829 16:55:28
5.064 557.854 2814.634 16:55:29
5.064 564.244 2814.634 16:55:30
5.064 553.854 2806.829 16:55:31
5.068 557.268 2818.537 16:55:32
5.068 556.439 2814.634 16:55:33
5.084 504.049 2561.951 16:55:34
5.080 515.366 2623.415 16:55:35
5.100 468.049 2386.341 16:55:36
5.096 473.756 2411.707 16:55:37
5.076 520.927 2645.854 16:55:38
5.096 475.756 2406.829 16:55:39
5.096 471.854 2403.902 16:55:40
5.076 522.244 2653.659 16:55:41
5.080 519.268 2634.146 16:55:42
5.096 466.439 2376.585 16:55:43
5.076 517.073 2621.463 16:55:44
5.084 512.439 2571.707 16:55:45
5.080 519.561 2626.341 16:55:46
5.076 521.268 2629.268 16:55:47
5.096 467.951 2383.415 16:55:48
5.096 467.171 2391.220 16:55:49
5.080 515.463 2618.537 16:55:50
5.092 472.049 2399.024 16:55:51
5.080 518.927 2631.220 16:55:52
5.080 525.366 2626.341 16:55:53
5.076 516.049 2637.073 16:55:54
5.096 469.073 2385.366 16:55:55
5.068 550.537 2784.390 16:55:56
5.084 516.341 2634.146 16:55:57
5.080 517.073 2626.341 16:55:58
5.096 470.146 2394.146 16:55:59
5.096 471.854 2400.976 16:56:00
5.108 443.073 2261.463 16:56:01
5.108 443.951 2266.341 16:56:02
5.068 560.439 2801.951 16:56:03
5.064 554.341 2799.024 16:56:04
5.064 555.171 2804.878 16:56:05
5.064 552.146 2800.976 16:56:06
5.056 589.659 2966.829 16:56:07
5.004 732.537 3690.732 16:56:08
5.060 552.146 2794.146 16:56:09
5.064 553.561 2803.902 16:56:10
