5.000 739.024 3694.146 15:26:07
5.024 693.927 3439.024 15:26:08
5.012 688.927 3516.585 15:26:09
5.068 552.854 2799.024 15:26:10
5.092 476.756 2429.756 15:26:11
5.100 466.659 2378.537 15:26:12
5.008 714.634 3570.244 15:26:13
5.068 555.537 2820.488 15:26:14
4.992 749.927 3736.585 15:26:15
5.068 564.244 2795.122 15:26:16
5.008 711.537 3581.951 15:26:17
5.096 466.756 2381.951 15:26:18
5.008 710.829 3577.561 15:26:19
5.064 552.756 2806.829 15:26:20
5.068 552.854 2801.463 15:26:21
5.068 551.244 2853.171 15:26:22
5.068 584.854 2839.512 15:26:23
5.072 556.341 2799.512 15:26:24
5.064 554.341 2803.902 15:26:25
5.004 730.341 3622.927 15:26:26
5.064 556.439 2830.244 15:26:27
5.068 552.146 2796.585 15:26:28
5.052 579.049 2923.415 15:26:29
5.064 562.854 3065.854 15:26:30
5.068 552.244 3487.805 15:26:31
5.064 552.146 2799.024 15:26:32
5.068 559.756 2792.683 15:26:33
5.068 554.756 2805.366 15:26:34
5.064 552.756 2798.049 15:26:35
5.012 697.537 3535.610 15:26:36
4.996 750.634 3739.024 15:26:37
5.056 578.537 2955.610 15:26:38
5.064 551.854 2850.732 15:26:39
5.064 552.537 2797.073 15:26:40
5.068 562.244 2796.585 15:26:41
5.072 555.756 2811.707 15:26:42
5.068 554.951 2799.512 15:26:43
5.064 556.049 2839.512 15:26:44
5.096 471.561 2406.341 15:26:45
5.084 516.341 2612.683 15:26:46
5.100 467.366 2380.976 15:26:47
5.088 504.561 2560.000 15:26:48
5.080 514.244 2621.463 15:26:49
5.096 470.463 2389.756 15:26:50
5.096 468.366 2390.732 15:26:51
5.096 467.049 2375.122 15:26:52
5.092 468.951 2381.951 15:26:53
5.080 517.244 2631.220 15:26:54
5.096 467.463 2397.073 15:26:55
5.096 470.244 2388.293 15:26:56
5.080 512.756 2608.780 15:26:57
5.100 469.463 2379.512 15:26:58
5.084 502.341 2557.561 15:26:59
5.108 430.951 2152.195 15:27:00
5.096 466.146 2376.098 15:27:01
5.088 489.049 2488.780 15:27:02
5.096 469.659 2393.659 15:27:03
5.080 515.049 2626.341 15:27:04
5.096 466.561 2381.951 15:27:05
5.096 467.366 2380.976 15:27:06
5.096 468.561 2389.756 15:27:07
5.100 469.561 2379.512 15:27:08
5.096 467.049 2377.561 15:27:09
5.084 501.244 2567.805 15:27:10
5.100 466.049 2375.122 15:27:11
5.096 470.756 2389.756 15:27:12
5.080 513.756 2601.463 15:27:13
5.096 470.659 2384.878 15:27:14
5.100 467.049 2377.561 15:27:15
5.096 466.659 2389.756 15:27:16
5.100 466.854 2374.634 15:27:17
5.096 466.854 2376.098 15:27:18
5.008 733.634 3664.390 15:27:19
5.068 552.146 2792.683 15:27:20
5.056 592.146 2974.634 15:27:21
