5.000 733.537 3630.732 15:41:06
5.016 681.634 3417.561 15:41:07
5.008 706.927 3529.268 15:41:08
5.064 556.049 2821.463 15:41:09
5.064 557.854 2819.024 15:41:10
5.100 467.244 2383.902 15:41:11
5.004 696.244 3571.707 15:41:12
5.064 566.951 2812.683 15:41:13
5.020 713.244 3535.122 15:41:14
5.064 553.244 2838.049 15:41:15
5.004 715.634 3562.927 15:41:16
5.080 515.756 2622.927 15:41:17
5.004 715.732 3595.122 15:41:18
5.064 552.659 2795.610 15:41:19
4.976 746.220 3685.854 15:41:20
5.056 572.951 2905.854 15:41:21
5.068 553.244 2815.122 15:41:22
5.068 553.439 2830.244 15:41:23
5.036 552.659 2824.390 15:41:24
5.064 554.439 2811.707 15:41:25
5.020 563.756 2839.512 15:41:26
5.016 706.439 3584.390 15:41:27
5.076 520.854 2624.878 15:41:28
5.064 570.439 2868.293 15:41:29
5.068 555.537 2815.610 15:41:30
5.068 557.854 2823.902 15:41:31
5.064 554.341 2801.463 15:41:32
5.064 556.537 2814.146 15:41:33
5.064 553.756 2804.390 15:41:34
5.084 513.244 2617.561 15:41:35
5.068 553.146 2810.244 15:41:36
5.068 551.854 2796.585 15:41:37
5.064 552.537 2799.512 15:41:38
5.056 581.244 2934.634 15:41:39
5.064 555.146 2795.610 15:41:40
5.064 554.341 2795.610 15:41:41
5.068 554.341 2808.293 15:41:42
5.060 637.049 2791.707 15:41:43
5.064 552.439 2799.512 15:41:44
5.064 555.951 2809.268 15:41:45
5.080 513.756 2612.683 15:41:46
5.100 468.951 2397.073 15:41:47
5.080 514.049 2618.049 15:41:48
5.096 467.659 2380.000 15:41:49
5.080 513.439 2611.220 15:41:50
5.080 515.756 2610.244 15:41:51
5.080 516.049 2622.439 15:41:52
5.100 469.951 2390.732 15:41:53
5.080 517.244 2631.220 15:41:54
5.080 517.439 2616.585 15:41:55
5.100 471.366 2396.098 15:41:56
5.080 517.049 2622.439 15:41:57
5.100 467.561 2393.659 15:41:58
5.096 466.951 2381.951 15:41:59
5.092 490.561 2430.244 15:42:00
5.108 442.561 2257.073 15:42:01
5.104 443.049 2257.073 15:42:02
5.064 563.244 2817.073 15:42:03
5.068 552.439 2851.707 15:42:04
5.068 552.854 2825.366 15:42:05
5.064 551.756 2791.707 15:42:06
5.068 559.341 2810.732 15:42:07
5.100 466.854 2383.902 15:42:08
5.096 472.854 2388.780 15:42:09
5.096 468.244 2382.439 15:42:10
5.092 468.366 2384.878 15:42:11
5.096 467.366 2377.073 15:42:12
5.100 467.244 2378.537 15:42:13
5.092 472.659 2393.659 15:42:14
5.096 468.146 2388.780 15:42:15
5.080 518.049 2434.634 15:42:16
5.100 469.756 2388.293 15:42:17
5.100 469.854 2391.220 15:42:18
5.100 467.049 2388.293 15:42:19
5.064 554.756 2810.244 15:42:20
5.068 552.146 2795.610 15:42:21
5.068 556.341 2817.073 15:42:22
