5.008 730.024 3653.171 14:48:18
5.016 699.439 3477.561 14:48:19
5.016 682.537 3495.610 14:48:20
5.064 552.854 2799.512 14:48:21
5.084 516.146 2593.659 14:48:22
5.108 444.659 2260.000 14:48:23
5.100 468.366 2370.732 14:48:24
5.008 714.341 3571.707 14:48:25
5.068 550.244 2787.805 14:48:26
5.068 551.854 2801.463 14:48:27
5.068 553.951 2789.268 14:48:28
5.068 554.537 2801.463 14:48:29
5.100 466.366 2373.659 14:48:30
5.068 549.244 2780.488 14:48:31
5.064 552.341 2819.512 14:48:32
5.068 552.951 2795.610 14:48:33
5.068 550.756 2803.902 14:48:34
5.064 551.854 2854.146 14:48:35
5.096 464.756 2370.732 14:48:36
5.068 553.146 2786.829 14:48:37
5.068 552.146 2795.122 14:48:38
5.068 552.341 2811.707 14:48:39
5.068 553.439 2797.073 14:48:40
5.064 553.854 2797.073 14:48:41
5.080 514.951 2600.000 14:48:42
5.068 550.537 2784.390 14:48:43
5.068 552.537 2811.707 14:48:44
5.068 554.146 2797.073 14:48:45
5.064 552.244 2780.488 14:48:46
5.020 668.537 3356.098 14:48:47
5.096 468.463 2385.854 14:48:48
5.124 393.659 2025.854 14:48:49
5.096 470.951 2399.512 14:48:50
5.096 471.659 2403.902 14:48:51
5.124 393.756 2007.805 14:48:52
5.100 466.659 2368.780 14:48:53
5.096 465.659 2370.732 14:48:54
5.128 389.854 1996.585 14:48:55
5.100 465.463 2372.683 14:48:56
5.100 464.756 2378.537 14:48:57
5.128 389.073 2001.951 14:48:58
5.040 503.341 2366.341 14:48:59
5.108 431.951 2198.537 14:49:00
5.096 467.659 2376.098 14:49:01
5.096 464.146 2364.878 14:49:02
5.064 550.244 2781.463 14:49:03
5.068 550.146 2786.341 14:49:04
5.068 551.341 2787.805 14:49:05
5.072 551.439 2784.390 14:49:06
5.096 474.366 2412.683 14:49:07
5.100 465.146 2372.195 14:49:08
5.096 466.854 2378.537 14:49:09
5.100 466.951 2373.659 14:49:10
5.096 467.659 2383.902 14:49:11
5.100 468.049 2382.439 14:49:12
5.124 392.171 2020.488 14:49:13
5.080 518.244 2631.220 14:49:14
5.092 469.463 2396.098 14:49:15
5.096 471.561 2417.561 14:49:16
5.096 467.756 2389.756 14:49:17
5.100 466.659 2364.878 14:49:18
5.128 389.073 1997.073 14:49:19
5.080 514.659 2614.146 14:49:20
5.100 466.951 2385.854 14:49:21
5.116 443.268 1996.585 14:49:22
5.096 465.366 2367.317 14:49:23
5.096 465.854 2369.756 14:49:24
5.052 586.439 3281.463 14:49:25
5.064 550.951 2795.122 14:49:26
5.068 549.659 2781.463 14:49:27
