5.000 728.634 3623.902 16:06:45
5.016 687.732 3438.537 16:06:46
5.012 717.341 3559.024 16:06:47
5.064 553.146 2795.610 16:06:48
5.092 476.561 2433.659 16:06:49
5.100 468.244 2387.317 16:06:50
5.008 707.024 3579.024 16:06:52
5.064 552.659 2797.073 16:06:53
5.012 715.341 3606.341 16:06:54
5.064 659.341 3014.146 16:06:55
5.004 716.732 3554.146 16:06:56
5.096 468.854 2380.976 16:06:57
5.012 712.732 3587.805 16:06:58
5.064 555.341 2820.488 16:06:59
5.016 682.341 3436.585 16:07:00
5.076 530.659 2682.439 16:07:01
5.020 687.244 3450.244 16:07:02
5.068 553.439 2799.512 16:07:03
5.068 553.659 2803.902 16:07:04
5.068 556.659 2816.585 16:07:05
5.068 558.951 2837.073 16:07:06
5.008 696.829 3581.463 16:07:07
5.048 586.634 2962.927 16:07:08
5.068 570.049 2801.951 16:07:09
5.056 553.756 2806.829 16:07:10
5.064 553.854 2801.463 16:07:11
5.064 553.659 2798.049 16:07:12
5.008 690.927 3944.390 16:07:13
5.068 553.537 2809.268 16:07:14
5.068 553.146 2800.488 16:07:15
5.064 555.854 2815.122 16:07:16
5.068 568.146 2810.732 16:07:17
5.064 558.854 2815.610 16:07:18
5.064 553.537 2803.902 16:07:19
5.056 563.756 2845.854 16:07:20
5.004 708.439 3572.683 16:07:21
5.064 553.756 2799.024 16:07:22
5.068 554.951 2812.683 16:07:23
5.096 470.756 2405.854 16:07:24
5.068 553.146 2800.488 16:07:25
5.064 555.854 2806.341 16:07:26
5.068 554.537 2809.268 16:07:27
5.068 553.439 2799.024 16:07:28
5.068 556.756 2824.390 16:07:29
5.096 472.463 2384.878 16:07:30
5.076 519.854 2622.439 16:07:31
5.076 515.049 2619.024 16:07:32
5.096 468.561 2391.220 16:07:33
5.092 470.146 2400.976 16:07:34
5.076 518.439 2612.683 16:07:35
5.100 472.659 2389.756 16:07:36
5.096 467.951 2397.073 16:07:37
5.080 516.659 2625.366 16:07:38
5.100 467.659 2379.512 16:07:39
5.096 468.756 2383.902 16:07:40
5.096 470.366 2380.000 16:07:41
5.096 469.366 2388.293 16:07:42
5.096 468.659 2383.415 16:07:43
5.096 470.146 2394.634 16:07:44
5.096 470.561 2378.537 16:07:45
5.100 471.659 2391.220 16:07:46
5.080 517.439 2622.439 16:07:47
5.096 466.854 2389.756 16:07:48
5.092 467.659 2403.415 16:07:49
5.092 467.463 2382.439 16:07:50
5.096 467.146 2379.512 16:07:51
5.080 514.561 2612.683 16:07:52
5.096 466.756 2393.659 16:07:53
5.096 467.951 2389.756 16:07:54
5.096 466.659 2378.537 16:07:55
5.100 466.854 2396.098 16:07:56
5.100 468.659 2381.951 16:07:57
5.096 466.561 2392.195 16:07:58
5.096 467.146 2382.439 16:07:59
5.112 560.854 2195.610 16:08:00
5.108 442.951 2259.512 16:08:01
5.004 708.341 3523.902 16:08:02
5.064 553.537 2819.024 16:08:03
5.068 553.756 2804.390 16:08:04
