5.000 735.220 3680.488 17:05:43
5.012 700.732 3509.268 17:05:44
5.016 688.341 3518.049 17:05:45
5.072 555.951 2815.610 17:05:46
5.092 476.951 2452.195 17:05:47
5.096 469.244 2389.756 17:05:49
5.004 713.341 3599.512 17:05:50
5.068 552.756 2802.927 17:05:51
5.052 582.634 2903.415 17:05:52
5.008 721.122 3586.829 17:05:53
5.016 709.927 3570.732 17:05:54
5.084 476.756 2617.561 17:05:55
5.008 714.634 3566.829 17:05:56
5.068 555.439 2804.390 17:05:57
5.008 718.634 3597.561 17:05:58
5.064 555.756 2812.683 17:05:59
5.004 711.439 3594.146 17:06:00
5.096 475.561 2386.341 17:06:01
5.016 737.439 3460.000 17:06:02
5.068 554.146 2874.634 17:06:03
5.008 775.829 3620.488 17:06:04
5.060 555.341 2830.732 17:06:05
4.984 713.537 3627.805 17:06:06
5.076 517.146 2622.927 17:06:07
5.068 568.634 2810.244 17:06:08
5.064 554.439 2806.341 17:06:09
5.064 554.049 2804.390 17:06:10
5.064 634.439 2865.366 17:06:11
5.016 799.195 3645.366 17:06:12
5.008 696.537 3549.268 17:06:13
5.016 742.220 3577.561 17:06:14
5.064 689.439 2802.927 17:06:15
5.068 553.951 2804.390 17:06:16
5.060 557.951 2820.488 17:06:17
5.016 717.732 3648.293 17:06:18
5.060 553.756 2800.488 17:06:19
5.064 561.537 2840.488 17:06:20
4.992 756.220 3569.268 17:06:21
5.064 558.439 2808.293 17:06:22
5.096 526.951 2437.561 17:06:23
5.068 558.244 2863.415 17:06:24
5.064 553.341 2804.390 17:06:25
5.064 553.341 2799.512 17:06:26
5.064 554.049 2805.366 17:06:27
5.052 553.439 2815.122 17:06:28
5.068 557.439 2806.341 17:06:29
5.068 561.341 2816.585 17:06:30
5.064 560.537 2816.585 17:06:31
5.064 553.854 3049.268 17:06:32
5.064 591.146 2824.390 17:06:33
5.096 492.951 2388.293 17:06:34
5.084 527.951 2633.659 17:06:35
5.096 470.146 2397.073 17:06:36
5.096 469.244 2392.683 17:06:37
5.076 516.756 2619.024 17:06:38
5.100 468.049 2392.683 17:06:39
5.096 472.366 2382.439 17:06:40
5.096 470.561 2412.683 17:06:41
5.092 472.756 2397.561 17:06:42
5.080 493.146 2500.976 17:06:43
5.096 480.659 2606.341 17:06:44
5.080 517.439 2627.317 17:06:45
5.080 517.049 2637.561 17:06:46
5.096 470.146 2402.439 17:06:47
5.080 517.341 2618.049 17:06:48
5.100 470.463 2383.415 17:06:49
5.080 514.049 2615.122 17:06:50
5.100 468.463 2392.195 17:06:51
5.096 467.854 2383.902 17:06:52
5.080 516.341 2614.146 17:06:53
5.100 470.659 2391.220 17:06:54
5.100 467.854 2382.439 17:06:55
5.096 468.854 2392.195 17:06:56
5.100 466.756 2373.659 17:06:57
5.096 472.463 2397.073 17:06:58
5.108 455.366 2253.659 17:06:59
5.108 432.659 2207.317 17:07:00
5.096 466.951 2381.951 17:07:01
5.080 523.341 2658.049 17:07:02
5.064 555.244 2802.927 17:07:03
5.068 554.146 2800.488 17:07:04
5.064 552.537 2808.293 17:07:05
5.064 556.341 2818.049 17:07:06
5.068 555.341 2798.049 17:07:07
