5.004 727.220 3626.829 15:21:09
5.016 695.537 3467.805 15:21:10
5.016 694.829 3557.561 15:21:11
5.068 552.951 2794.146 15:21:12
5.080 510.756 2601.463 15:21:13
5.108 456.049 2260.976 15:21:14
5.100 467.244 2377.073 15:21:15
5.068 558.854 2796.585 15:21:16
5.068 551.659 2793.171 15:21:17
5.056 677.659 2836.098 15:21:18
5.056 596.439 3132.683 15:21:19
5.064 574.634 2954.146 15:21:20
5.076 521.561 2663.415 15:21:21
5.056 587.561 2923.902 15:21:22
5.016 698.049 3564.878 15:21:23
5.056 595.024 2995.122 15:21:24
5.060 559.854 2861.463 15:21:25
5.064 556.927 2819.512 15:21:26
5.080 518.927 2628.293 15:21:27
5.072 556.439 2797.073 15:21:28
5.068 558.537 2794.146 15:21:29
5.064 554.244 2801.951 15:21:30
5.048 561.951 2806.829 15:21:31
5.064 554.829 2797.073 15:21:32
5.096 472.244 2461.463 15:21:33
5.068 551.756 2804.878 15:21:34
5.056 592.927 2987.317 15:21:35
5.008 693.122 3592.195 15:21:36
5.064 555.756 2816.585 15:21:37
5.064 554.732 2811.707 15:21:38
5.096 472.341 2406.829 15:21:39
5.072 521.951 2656.585 15:21:40
5.040 690.927 2936.585 15:21:41
5.060 559.171 2804.878 15:21:42
5.064 554.634 2801.951 15:21:43
5.068 554.927 2806.829 15:21:44
5.068 552.829 2949.268 15:21:45
5.080 504.146 2565.854 15:21:46
5.100 468.732 2396.098 15:21:47
5.100 467.463 2389.268 15:21:48
5.096 470.976 2391.220 15:21:49
5.100 470.244 2396.098 15:21:50
5.100 466.878 2405.854 15:21:51
5.096 470.537 2386.341 15:21:52
5.096 469.951 2389.268 15:21:53
5.096 470.341 2399.024 15:21:54
5.100 466.634 2386.341 15:21:55
5.096 470.049 2394.146 15:21:56
5.084 502.146 2386.341 15:21:57
5.100 471.366 2396.098 15:21:58
5.096 465.756 2389.268 15:21:59
5.112 441.659 2212.683 15:22:00
5.108 451.561 2408.780 15:22:01
5.104 443.659 2255.610 15:22:02
5.096 474.732 2416.585 15:22:03
5.096 470.049 2400.976 15:22:04
5.096 466.634 2405.854 15:22:05
5.100 469.951 2383.415 15:22:06
5.096 469.756 2396.098 15:22:07
5.096 468.537 2388.293 15:22:08
5.096 470.341 2383.415 15:22:09
5.100 467.463 2375.610 15:22:10
5.100 468.537 2391.220 15:22:11
5.100 470.634 2378.537 15:22:12
5.100 468.634 2391.220 15:22:13
5.096 468.146 2388.293 15:22:14
5.096 469.268 2386.341 15:22:15
5.096 467.756 2391.220 15:22:16
5.092 469.756 2386.341 15:22:17
5.096 467.951 2370.732 15:22:18
5.096 471.268 2394.146 15:22:19
5.004 729.220 3620.488 15:22:20
5.064 552.634 2799.024 15:22:21
5.068 575.024 2792.195 15:22:22
