5.004 710.927 3551.707 17:03:54
5.016 710.927 3468.780 17:03:55
5.008 715.634 3583.902 17:03:56
5.068 553.146 2805.366 17:03:57
5.052 591.634 2992.195 17:03:58
5.076 523.439 2653.659 17:03:59
5.008 724.829 3587.805 17:04:00
5.080 528.756 2695.122 17:04:01
5.012 730.122 3547.805 17:04:02
5.068 553.244 2806.829 17:04:03
5.008 721.220 3574.146 17:04:04
5.064 514.756 2618.049 17:04:05
5.004 708.122 3603.902 17:04:06
5.064 563.537 2813.171 17:04:07
5.020 677.537 3522.927 17:04:08
5.044 622.951 3115.610 17:04:09
5.008 719.634 3575.610 17:04:10
5.072 556.439 2801.951 17:04:11
5.008 716.439 3610.732 17:04:12
5.068 554.756 2831.707 17:04:13
5.008 711.732 3621.951 17:04:14
5.064 554.854 2806.341 17:04:15
5.052 599.146 3008.293 17:04:16
5.068 554.341 2806.341 17:04:17
5.000 713.244 3556.585 17:04:18
5.032 646.146 2842.927 17:04:19
4.996 753.220 3770.732 17:04:20
5.064 555.756 2802.927 17:04:21
5.064 554.854 2843.902 17:04:22
5.064 553.854 2805.366 17:04:23
5.064 553.439 2803.902 17:04:24
5.056 561.854 2842.927 17:04:25
5.008 724.341 3598.049 17:04:26
5.056 567.244 2860.488 17:04:27
5.064 686.244 2802.927 17:04:28
5.068 553.756 2802.927 17:04:29
5.064 554.537 2806.341 17:04:30
4.992 755.220 3765.366 17:04:31
5.068 556.439 2818.049 17:04:32
5.064 575.854 2831.707 17:04:33
5.036 554.341 2800.488 17:04:34
5.068 555.244 2807.805 17:04:35
5.064 557.341 3248.293 17:04:36
5.068 558.244 2816.585 17:04:37
5.096 470.463 2393.659 17:04:38
5.064 554.439 2822.927 17:04:39
5.064 556.049 2814.146 17:04:40
5.064 556.341 2817.073 17:04:41
5.052 590.634 2978.049 17:04:42
5.064 553.951 2810.244 17:04:43
5.096 471.244 2408.780 17:04:44
5.080 514.951 2671.220 17:04:45
5.080 516.439 2623.902 17:04:46
5.080 517.146 2627.317 17:04:47
5.096 467.756 2388.293 17:04:48
5.096 467.659 2409.756 17:04:49
5.096 468.951 2398.537 17:04:50
5.080 514.561 2608.780 17:04:51
5.100 468.561 2384.878 17:04:52
5.084 506.951 2604.878 17:04:53
5.088 467.951 2563.902 17:04:54
5.080 545.756 2623.902 17:04:55
5.080 470.049 2387.317 17:04:56
5.100 470.561 2378.537 17:04:57
5.096 468.756 2384.878 17:04:58
5.096 470.049 2409.756 17:04:59
5.096 478.244 2434.634 17:05:00
5.104 459.146 2285.854 17:05:01
5.104 443.366 2264.390 17:05:02
5.064 553.244 2803.902 17:05:03
5.056 590.341 2978.537 17:05:04
5.064 555.341 2806.341 17:05:05
5.068 552.659 2795.610 17:05:06
5.064 551.854 2791.707 17:05:07
5.096 467.463 2399.512 17:05:08
5.092 470.049 2406.341 17:05:09
5.096 469.659 2393.659 17:05:10
5.096 469.049 2392.195 17:05:11
5.096 467.463 2390.732 17:05:12
5.100 466.659 2399.512 17:05:13
5.096 476.951 2385.854 17:05:14
5.084 503.561 2551.707 17:05:15
5.064 553.439 2800.488 17:05:16
5.072 554.537 2814.146 17:05:17
5.068 551.854 2810.732 17:05:18
