5.000 726.024 3633.171 15:29:26
5.012 693.537 3490.244 15:29:27
5.016 688.024 3462.927 15:29:29
5.068 552.439 2799.024 15:29:30
5.092 476.463 2422.439 15:29:31
5.076 521.951 2646.341 15:29:32
5.008 710.927 3559.024 15:29:33
5.064 552.341 2798.049 15:29:34
5.012 710.122 3556.585 15:29:35
5.064 565.341 2883.415 15:29:36
5.016 710.439 3471.220 15:29:37
5.096 466.756 2383.902 15:29:38
5.012 710.341 3553.171 15:29:39
5.064 552.756 2799.512 15:29:40
5.068 555.049 2813.171 15:29:41
5.064 555.244 2810.732 15:29:42
5.068 559.756 2812.683 15:29:43
5.080 562.146 2614.146 15:29:44
5.064 554.659 2798.049 15:29:45
5.068 553.049 2812.683 15:29:46
5.064 554.854 2807.805 15:29:47
5.068 552.537 2801.951 15:29:48
5.004 714.732 3570.732 15:29:49
5.096 466.756 2378.537 15:29:50
5.068 552.049 2796.585 15:29:51
5.068 555.439 2797.073 15:29:52
5.064 557.341 2811.707 15:29:53
5.068 554.854 2799.024 15:29:54
5.068 554.537 2821.463 15:29:55
5.076 516.561 2612.683 15:29:56
5.004 713.927 3526.829 15:29:57
5.024 581.146 3001.951 15:29:58
5.016 711.122 3540.000 15:29:59
5.044 596.244 3004.878 15:30:00
5.068 552.341 2794.146 15:30:01
5.080 510.659 2531.220 15:30:02
5.084 466.756 2433.659 15:30:03
5.068 553.951 2795.610 15:30:04
5.068 554.756 2832.683 15:30:05
5.064 555.537 2809.268 15:30:06
5.064 552.537 2836.585 15:30:07
5.068 552.439 2797.073 15:30:08
5.096 469.951 2383.415 15:30:09
5.100 466.854 2380.976 15:30:10
5.080 515.049 2616.585 15:30:11
5.092 469.366 2396.098 15:30:12
5.096 468.049 2418.537 15:30:13
5.096 469.146 2380.000 15:30:14
5.100 469.951 2383.415 15:30:15
5.096 468.366 2386.341 15:30:16
5.096 469.561 2395.122 15:30:17
5.096 466.366 2388.780 15:30:18
5.080 516.854 2627.805 15:30:19
5.100 467.244 2378.537 15:30:20
5.096 468.756 2382.439 15:30:21
5.080 516.561 2620.488 15:30:22
5.096 468.854 2392.683 15:30:23
5.096 468.561 2387.317 15:30:24
5.100 469.463 2379.512 15:30:25
5.076 516.244 2620.488 15:30:26
5.100 469.049 2392.683 15:30:27
5.080 513.244 2610.244 15:30:28
5.096 467.146 2381.951 15:30:29
5.096 469.146 2385.854 15:30:30
5.084 513.854 2603.902 15:30:31
5.096 468.463 2393.659 15:30:32
5.100 467.854 2391.220 15:30:33
5.096 467.244 2382.439 15:30:34
5.096 466.756 2377.073 15:30:35
5.096 470.049 2403.902 15:30:36
5.096 471.854 2417.073 15:30:37
5.096 471.561 2399.512 15:30:38
5.000 735.927 3650.244 15:30:39
5.064 554.244 2805.366 15:30:40
5.064 556.049 2815.610 15:30:41
