5.004 726.122 3636.585 14:43:34
4.952 853.122 4135.610 14:43:35
5.012 703.756 3512.195 14:43:36
5.064 551.756 2806.829 14:43:37
5.064 552.244 2792.195 14:43:38
5.096 470.976 2393.171 14:43:39
5.012 709.415 3538.537 14:43:40
5.064 551.756 2787.317 14:43:41
5.068 552.146 2801.951 14:43:42
5.068 552.732 2808.780 14:43:43
5.068 554.049 2799.024 14:43:44
5.080 512.927 2601.951 14:43:45
5.068 554.244 2799.024 14:43:46
5.064 553.366 2797.073 14:43:47
5.068 550.439 2789.268 14:43:48
5.068 549.951 2808.780 14:43:49
5.068 550.732 2783.415 14:43:50
5.096 465.268 2383.415 14:43:51
5.068 551.854 2797.073 14:43:52
5.068 550.439 2784.390 14:43:53
5.068 558.537 2791.220 14:43:54
5.064 551.561 2787.317 14:43:55
5.068 550.537 2789.268 14:43:56
5.064 635.024 2668.293 14:43:57
5.080 516.439 2624.390 14:43:58
5.076 521.561 2621.463 14:43:59
5.076 526.049 2661.463 14:44:00
5.076 525.366 2668.293 14:44:01
5.068 549.561 2796.098 14:44:02
5.068 552.244 2797.073 14:44:03
5.096 464.537 2365.854 14:44:04
5.072 534.146 2720.976 14:44:06
5.096 468.878 2386.341 14:44:07
5.124 389.659 2004.878 14:44:08
5.080 514.829 2621.463 14:44:09
5.096 468.634 2386.341 14:44:10
5.128 389.756 1996.098 14:44:11
5.096 468.439 2373.659 14:44:12
5.100 471.756 2378.537 14:44:13
5.128 389.463 1996.098 14:44:14
5.084 512.439 2629.268 14:44:15
5.096 467.268 2383.415 14:44:16
5.100 464.049 2363.902 14:44:17
5.096 467.366 2368.780 14:44:18
5.096 465.854 2367.805 14:44:19
5.100 464.146 2376.585 14:44:20
5.080 514.537 2619.512 14:44:21
5.100 469.756 2386.341 14:44:22
5.132 388.780 1993.171 14:44:23
5.100 465.073 2370.732 14:44:24
5.100 468.341 2389.268 14:44:25
5.124 390.683 1995.122 14:44:26
5.100 464.976 2370.732 14:44:27
5.100 463.268 2381.463 14:44:28
5.096 466.341 2370.732 14:44:29
5.096 464.878 2371.707 14:44:30
5.096 464.049 2362.927 14:44:31
5.092 465.756 2371.707 14:44:32
5.096 466.341 2413.659 14:44:33
5.100 469.171 2381.463 14:44:34
5.096 466.244 2376.585 14:44:35
5.080 515.171 2614.634 14:44:36
5.096 465.073 2373.659 14:44:37
5.096 466.976 2383.415 14:44:38
5.128 389.561 1993.171 14:44:39
5.096 467.073 2383.415 14:44:40
5.096 469.366 2393.171 14:44:41
5.020 701.512 3437.073 14:44:42
5.068 550.049 2776.585 14:44:43
