5.000 733.341 3670.732 16:24:15
5.020 704.122 3517.561 16:24:16
5.008 707.927 3496.585 16:24:17
5.056 582.756 2920.976 16:24:18
5.068 552.341 2801.951 16:24:19
5.084 502.146 2550.244 16:24:20
5.100 468.146 2378.537 16:24:21
5.008 716.439 3590.244 16:24:22
5.068 598.244 2962.927 16:24:23
5.008 716.732 3594.146 16:24:24
5.008 730.341 3595.122 16:24:25
5.064 552.659 2790.244 16:24:26
5.068 571.439 2897.073 16:24:27
5.008 693.927 3566.829 16:24:28
5.020 696.439 3622.927 16:24:29
5.024 711.927 3484.878 16:24:30
5.052 592.439 3013.171 16:24:31
5.004 678.732 3586.341 16:24:32
5.080 515.049 2611.220 16:24:33
5.016 710.829 3572.683 16:24:34
5.032 699.341 2822.927 16:24:35
5.068 555.659 2810.732 16:24:36
5.056 699.927 2904.390 16:24:37
5.024 568.049 2819.024 16:24:38
5.024 612.854 2969.756 16:24:39
5.072 552.439 2795.122 16:24:40
5.068 553.341 2806.341 16:24:41
5.056 589.146 2972.195 16:24:42
5.064 555.439 2809.268 16:24:43
5.052 611.537 3113.171 16:24:44
5.008 703.634 3556.585 16:24:45
5.068 553.146 2796.585 16:24:46
5.068 552.049 2800.488 16:24:47
5.068 552.854 2801.463 16:24:48
5.076 516.341 2619.024 16:24:49
5.064 557.659 2809.268 16:24:50
5.056 583.537 2994.146 16:24:51
5.012 715.024 3580.000 16:24:52
5.064 553.049 2785.366 16:24:53
5.056 596.537 3009.756 16:24:54
5.080 518.439 2631.220 16:24:55
5.080 518.854 2636.098 16:24:56
5.068 552.951 2805.366 16:24:57
5.068 553.537 2812.683 16:24:58
5.064 675.732 3066.829 16:24:59
5.080 790.732 3208.293 16:25:00
5.068 557.341 2815.610 16:25:01
5.096 467.049 2382.439 16:25:02
5.064 555.341 2807.805 16:25:03
5.068 553.244 2797.073 16:25:04
5.064 560.659 2819.024 16:25:05
5.068 555.659 2821.463 16:25:06
5.068 553.951 2802.927 16:25:07
5.096 468.049 2380.976 16:25:08
5.096 467.854 2380.976 16:25:09
5.100 471.049 2384.878 16:25:10
5.096 470.244 2400.976 16:25:11
5.100 467.049 2377.561 16:25:12
5.100 469.366 2393.659 16:25:13
5.100 467.561 2380.976 16:25:14
5.100 469.756 2378.537 16:25:15
5.096 468.049 2382.439 16:25:16
5.096 469.854 2394.634 16:25:17
5.100 466.854 2397.073 16:25:18
5.100 465.951 2372.195 16:25:19
5.096 466.854 2377.561 16:25:20
5.100 468.561 2389.756 16:25:21
5.096 467.951 2382.439 16:25:22
5.100 466.756 2381.951 16:25:23
5.100 466.854 2382.439 16:25:24
5.096 469.463 2382.439 16:25:25
5.100 468.244 2377.073 16:25:26
5.096 466.854 2377.073 16:25:27
5.096 466.463 2375.122 16:25:28
5.096 466.854 2387.317 16:25:29
5.096 467.244 2400.000 16:25:30
5.096 471.659 2392.683 16:25:31
5.096 467.049 2377.073 16:25:32
5.096 465.854 2456.098 16:25:33
5.004 733.024 3674.634 16:25:34
5.064 556.049 2800.488 16:25:35
5.064 554.146 2803.902 16:25:36
