5.004 736.220 3641.463 16:58:24
5.020 692.439 3487.805 16:58:25
5.012 689.024 3538.049 16:58:26
5.068 553.537 2801.951 16:58:27
5.064 552.756 2799.024 16:58:28
5.100 468.244 2393.659 16:58:29
5.064 566.439 2871.707 16:58:30
5.072 554.146 2807.805 16:58:31
5.004 721.634 3606.341 16:58:32
5.052 555.951 2799.024 16:58:33
5.008 714.634 3465.366 16:58:34
5.068 563.537 2811.707 16:58:35
5.004 718.537 3585.366 16:58:36
5.060 553.951 2874.146 16:58:37
5.004 713.927 3575.610 16:58:38
5.036 553.341 2824.390 16:58:39
5.012 749.634 3481.463 16:58:40
5.056 707.439 3106.829 16:58:41
5.012 762.122 3598.049 16:58:42
5.068 553.854 3694.634 16:58:43
5.008 714.439 3774.146 16:58:44
5.064 556.049 2839.512 16:58:45
5.028 645.634 3266.341 16:58:46
5.064 557.439 2802.927 16:58:47
5.056 611.854 2958.049 16:58:48
5.008 718.537 3590.732 16:58:49
5.072 556.537 2820.488 16:58:50
5.068 553.659 2811.707 16:58:51
5.064 558.049 2820.488 16:58:52
4.956 664.146 3462.439 16:58:53
5.064 594.854 2815.610 16:58:54
5.028 671.439 2820.488 16:58:55
5.064 559.049 2870.244 16:58:56
5.068 557.756 3798.537 16:58:58
5.068 554.756 2811.707 16:58:59
5.068 563.049 2809.268 16:59:00
5.076 529.951 2699.024 16:59:01
5.072 531.659 2681.463 16:59:02
5.064 560.049 2825.366 16:59:03
5.064 557.537 2831.707 16:59:04
5.064 556.659 2815.610 16:59:05
5.060 561.244 2861.463 16:59:06
5.048 594.951 2899.512 16:59:07
5.096 473.561 2388.293 16:59:08
5.064 555.244 2819.024 16:59:09
5.068 555.537 2816.585 16:59:10
5.064 554.951 2816.585 16:59:11
5.064 561.146 2817.073 16:59:12
5.064 563.244 2818.049 16:59:13
5.064 556.854 2821.463 16:59:14
5.068 553.756 2808.293 16:59:15
5.068 557.854 2818.049 16:59:16
5.056 689.927 3319.024 16:59:17
5.064 557.146 2807.805 16:59:18
5.080 519.756 2619.024 16:59:19
5.076 521.951 2715.610 16:59:20
5.080 519.244 2633.659 16:59:21
5.084 520.659 2640.488 16:59:22
5.076 472.244 2403.415 16:59:23
5.080 517.439 2625.366 16:59:24
5.076 517.146 2622.439 16:59:25
5.080 518.439 2627.805 16:59:26
5.080 536.854 2655.122 16:59:27
5.100 470.146 2392.195 16:59:28
5.076 516.951 2623.902 16:59:29
5.100 469.951 2411.220 16:59:30
5.096 469.366 2402.439 16:59:31
5.096 525.756 2615.122 16:59:32
5.076 516.659 2623.902 16:59:33
5.096 482.463 2393.659 16:59:34
5.096 469.463 2395.122 16:59:35
5.096 469.146 2382.439 16:59:36
5.080 517.244 2629.268 16:59:37
5.096 466.561 2377.561 16:59:38
5.096 472.756 2402.439 16:59:39
5.080 516.951 2638.049 16:59:40
5.096 467.659 2380.000 16:59:41
5.100 467.463 2381.951 16:59:42
5.080 515.561 2611.707 16:59:43
5.096 466.146 2380.000 16:59:44
5.100 469.366 2396.098 16:59:45
5.096 470.951 2383.415 16:59:46
5.000 737.537 3678.049 16:59:47
5.068 552.854 2798.049 16:59:48
5.064 552.244 2796.585 16:59:49
