5.004 724.829 3609.268 14:46:43
5.016 694.244 3425.366 14:46:44
5.016 706.122 3620.488 14:46:45
5.048 551.341 2808.293 14:46:46
5.068 550.756 2787.805 14:46:47
5.100 466.049 2373.659 14:46:48
5.068 544.049 2760.488 14:46:49
5.016 711.732 3572.683 14:46:50
5.064 550.756 2786.341 14:46:51
5.068 554.854 2801.463 14:46:52
5.068 550.951 2795.122 14:46:53
5.068 551.659 2819.024 14:46:54
5.100 465.951 2376.098 14:46:55
5.064 553.341 2806.341 14:46:56
5.068 550.854 2790.732 14:46:57
5.068 551.049 2792.683 14:46:58
5.076 734.220 2631.707 14:46:59
5.076 526.146 3285.854 14:47:00
5.104 440.659 2259.512 14:47:01
5.100 466.366 2378.537 14:47:02
5.068 550.756 2797.073 14:47:03
5.068 552.756 2786.829 14:47:05
5.068 550.951 2781.951 14:47:06
5.068 552.341 2810.244 14:47:07
5.068 553.049 2786.829 14:47:08
5.100 465.244 2370.732 14:47:09
5.064 554.951 2801.951 14:47:10
5.068 574.049 3078.537 14:47:11
5.068 551.439 2799.024 14:47:12
5.064 553.146 2798.049 14:47:13
5.068 550.439 2786.341 14:47:14
5.096 469.854 2384.878 14:47:15
5.096 465.244 2370.732 14:47:16
5.100 465.951 2382.439 14:47:17
5.080 514.439 2616.585 14:47:18
5.096 467.756 2382.439 14:47:19
5.124 392.659 1997.073 14:47:20
5.096 468.049 2382.439 14:47:21
5.096 467.146 2390.732 14:47:22
5.100 466.951 2380.000 14:47:23
5.084 512.854 2599.024 14:47:24
5.100 469.756 2388.293 14:47:25
5.124 389.171 1993.171 14:47:26
5.096 467.463 2392.195 14:47:27
5.100 465.659 2370.732 14:47:28
5.128 389.171 1994.146 14:47:29
5.096 468.463 2372.683 14:47:30
5.100 466.561 2368.780 14:47:31
5.124 389.268 2010.244 14:47:32
5.080 513.049 2611.707 14:47:33
5.096 464.244 2365.854 14:47:34
5.100 466.366 2377.073 14:47:35
5.096 467.244 2381.951 14:47:36
5.100 463.854 2379.512 14:47:37
5.100 467.463 2377.561 14:47:38
5.084 512.049 2602.439 14:47:39
5.096 466.951 2364.878 14:47:40
5.096 464.659 2367.317 14:47:41
5.096 465.244 2383.415 14:47:42
5.096 467.366 2384.878 14:47:43
5.124 392.171 2010.244 14:47:44
5.096 492.049 2375.122 14:47:45
5.096 468.561 2394.634 14:47:46
5.096 464.951 2367.317 14:47:47
5.124 389.171 1993.171 14:47:48
5.096 465.561 2368.293 14:47:49
5.096 466.463 2380.976 14:47:50
5.068 560.049 2797.073 14:47:51
5.068 550.146 2782.927 14:47:52
