5.004 729.122 3656.585 16:34:55
5.016 694.024 3534.146 16:34:56
5.016 690.439 3511.707 16:34:57
5.068 555.439 2810.732 16:34:58
5.068 533.854 2690.244 16:34:59
5.092 478.951 2433.659 16:35:00
5.012 715.122 3566.341 16:35:01
5.064 553.341 2802.927 16:35:02
5.008 720.537 3534.146 16:35:03
5.064 555.537 2810.732 16:35:04
5.000 712.537 3670.732 16:35:05
5.080 518.146 2628.780 16:35:06
5.008 712.634 3578.049 16:35:07
5.064 552.951 2799.512 16:35:08
5.004 713.634 3589.268 16:35:09
5.064 555.537 2894.146 16:35:10
5.008 771.537 3569.268 16:35:11
5.076 522.439 2646.341 16:35:12
5.000 687.537 3556.585 16:35:13
5.068 555.341 2865.366 16:35:15
5.012 716.634 3566.341 16:35:16
5.068 557.146 2806.341 16:35:17
5.048 615.537 2932.195 16:35:18
5.004 718.024 3570.732 16:35:19
5.004 761.122 3633.171 16:35:20
5.052 575.634 3044.390 16:35:21
4.992 799.195 3694.146 16:35:22
5.064 555.854 2828.293 16:35:23
5.000 763.122 3574.146 16:35:24
5.068 555.244 2812.683 16:35:25
5.056 613.244 2932.195 16:35:26
5.064 556.439 2837.073 16:35:27
5.064 555.537 2874.146 16:35:28
5.080 519.049 2634.146 16:35:29
5.064 556.756 2816.585 16:35:30
5.064 556.537 2835.610 16:35:31
5.064 553.049 2801.463 16:35:32
5.068 553.854 2801.463 16:35:33
5.068 553.341 2799.024 16:35:34
5.064 555.756 2826.829 16:35:35
5.072 552.951 2859.024 16:35:36
5.064 555.146 2812.683 16:35:37
5.068 552.659 2801.463 16:35:38
5.064 554.951 2821.463 16:35:39
5.100 470.951 2387.317 16:35:40
5.080 517.049 2625.366 16:35:41
5.080 515.146 2616.585 16:35:42
5.100 467.854 2386.341 16:35:43
5.076 517.439 2629.268 16:35:44
5.080 519.146 2621.463 16:35:45
5.080 517.146 2623.902 16:35:46
5.096 467.366 2487.317 16:35:47
5.080 514.439 2615.122 16:35:48
5.080 515.854 2616.585 16:35:49
5.096 468.049 2382.439 16:35:50
5.080 513.854 2612.683 16:35:51
5.076 514.244 2622.439 16:35:52
5.092 469.951 2392.683 16:35:53
5.080 514.659 2627.805 16:35:54
5.080 514.049 2606.341 16:35:55
5.100 467.951 2381.951 16:35:56
5.096 467.146 2382.439 16:35:57
5.080 516.659 2628.780 16:35:58
5.080 518.439 2631.707 16:35:59
5.112 430.268 2850.244 16:36:00
5.104 442.659 2271.220 16:36:01
5.108 441.756 2263.415 16:36:02
5.068 554.951 2806.341 16:36:03
5.068 553.049 2796.585 16:36:04
5.068 552.244 2799.024 16:36:05
5.068 554.439 2813.171 16:36:06
5.064 553.341 2799.024 16:36:07
5.080 514.049 2613.659 16:36:08
5.096 469.561 2380.976 16:36:09
5.100 469.049 2390.732 16:36:10
5.080 514.244 2615.122 16:36:11
5.100 467.951 2380.000 16:36:12
5.096 469.049 2388.293 16:36:13
5.096 466.366 2397.561 16:36:14
5.100 465.756 2374.634 16:36:15
5.000 738.732 3663.902 16:36:16
5.064 552.049 2795.610 16:36:17
5.068 552.951 2809.268 16:36:18
