5.068 556.951 2820.488 16:17:12
5.012 709.122 3541.463 16:17:13
5.008 685.146 3489.268 16:17:14
5.068 552.537 2890.732 16:17:15
5.060 552.659 2830.244 16:17:16
5.096 469.244 2395.122 16:17:17
5.068 492.659 2621.463 16:17:18
5.060 569.341 2913.171 16:17:19
5.008 723.439 3590.732 16:17:20
5.072 553.244 2794.146 16:17:21
5.068 555.146 2809.268 16:17:22
5.068 553.341 2797.073 16:17:23
5.068 552.854 2797.073 16:17:24
5.064 560.341 2854.634 16:17:25
5.004 715.122 3578.049 16:17:26
5.016 764.317 3804.390 16:17:27
4.992 712.829 3673.171 16:17:28
5.064 516.244 3004.878 16:17:29
5.064 686.341 3695.610 16:17:30
5.048 590.146 3080.488 16:17:31
4.992 722.146 3630.244 16:17:32
5.064 554.829 2931.707 16:17:33
5.028 701.854 3555.122 16:17:34
4.996 610.537 2960.000 16:17:35
5.056 582.732 3037.073 16:17:36
5.064 553.024 2801.951 16:17:37
5.052 618.732 2944.390 16:17:38
5.068 555.024 2797.073 16:17:39
5.080 514.146 2614.634 16:17:40
5.064 555.366 2854.634 16:17:41
5.068 553.366 2801.951 16:17:42
5.068 553.366 2800.976 16:17:43
5.064 555.659 2806.829 16:17:44
5.068 552.634 2789.268 16:17:45
5.068 552.927 2799.024 16:17:46
5.068 552.537 2799.024 16:17:47
5.052 577.561 2836.098 16:17:48
5.064 558.537 2816.585 16:17:49
5.068 554.732 2794.146 16:17:50
5.088 494.146 2530.732 16:17:51
5.076 593.024 2760.976 16:17:52
5.080 517.659 2597.073 16:17:53
5.068 552.732 2806.829 16:17:54
5.064 647.122 3385.366 16:17:55
5.064 557.854 2899.512 16:17:56
5.064 555.659 2818.537 16:17:57
5.064 556.244 2811.707 16:17:58
5.108 442.878 2271.220 16:17:59
5.092 472.244 2389.268 16:18:00
5.108 442.634 2266.341 16:18:01
5.076 520.341 2637.073 16:18:02
5.096 469.366 2398.049 16:18:03
5.096 524.537 2646.829 16:18:04
5.096 469.366 2393.171 16:18:05
5.100 504.537 2611.707 16:18:06
5.080 554.634 2391.220 16:18:07
5.100 466.439 2378.537 16:18:08
5.080 510.732 2698.537 16:18:10
5.088 515.268 2614.634 16:18:11
5.092 469.268 2389.268 16:18:12
5.096 517.366 2680.976 16:18:13
5.064 560.244 2858.537 16:18:14
5.096 471.073 2394.146 16:18:15
5.096 469.268 2388.293 16:18:16
5.076 522.146 2641.951 16:18:17
5.096 468.439 2388.293 16:18:18
5.092 469.951 2405.854 16:18:19
5.092 468.146 2385.366 16:18:20
5.100 469.268 2394.146 16:18:21
5.096 468.537 2405.854 16:18:22
5.096 468.976 2403.902 16:18:23
5.100 468.634 2388.293 16:18:24
5.100 469.951 2424.390 16:18:25
5.096 469.951 2406.829 16:18:26
5.100 469.951 2400.976 16:18:27
5.096 466.537 2376.585 16:18:28
5.096 467.268 2376.585 16:18:29
5.096 469.951 2388.293 16:18:30
5.064 547.854 3027.317 16:18:31
5.068 551.756 2789.268 16:18:32
5.068 551.854 2794.146 16:18:33
