5.000 735.829 3674.634 15:17:54
5.016 690.634 3474.146 15:17:55
5.016 691.927 3428.780 15:17:56
5.068 552.756 2801.463 15:17:57
5.096 478.659 2423.415 15:17:58
5.104 442.049 2257.073 15:17:59
5.024 732.341 3585.366 15:18:00
5.068 553.244 2792.683 15:18:01
5.060 574.756 2914.146 15:18:02
5.016 716.927 3561.951 15:18:03
5.008 712.732 3561.463 15:18:04
5.080 516.561 2620.488 15:18:05
5.064 674.244 3526.829 15:18:06
5.068 554.756 2795.610 15:18:07
5.068 559.244 2799.512 15:18:08
5.068 551.854 2795.610 15:18:09
5.068 552.049 2798.049 15:18:10
5.056 581.146 2940.488 15:18:11
5.016 714.829 3568.780 15:18:12
5.004 718.537 3587.805 15:18:13
5.064 553.439 2790.732 15:18:14
5.064 552.439 2799.024 15:18:15
5.092 495.341 2511.220 15:18:16
5.064 556.341 2795.122 15:18:18
5.068 551.537 2803.902 15:18:19
5.060 554.146 2818.049 15:18:20
5.064 551.341 2797.073 15:18:21
5.068 552.341 2795.610 15:18:22
5.068 553.146 2800.488 15:18:23
5.064 553.854 2790.732 15:18:24
5.068 552.854 2798.049 15:18:25
5.068 553.244 2793.171 15:18:26
5.068 551.854 2817.073 15:18:27
5.068 552.537 2799.024 15:18:28
5.064 554.049 2792.683 15:18:29
5.068 553.756 2799.024 15:18:30
5.068 555.537 2806.829 15:18:31
5.064 552.659 2798.049 15:18:32
5.096 468.366 2437.561 15:18:33
5.096 466.951 2379.512 15:18:34
5.104 467.146 2392.683 15:18:35
5.100 467.146 2388.293 15:18:36
5.092 468.756 2389.756 15:18:37
5.096 470.756 2392.683 15:18:38
5.080 502.951 2549.756 15:18:39
5.096 466.951 2386.341 15:18:40
5.100 467.854 2395.122 15:18:41
5.096 470.146 2391.220 15:18:42
5.080 514.854 2617.561 15:18:43
5.100 466.561 2375.122 15:18:44
5.096 471.659 2386.341 15:18:45
5.084 513.951 2609.268 15:18:46
5.096 468.366 2397.073 15:18:47
5.076 466.366 2530.244 15:18:48
5.084 513.341 2607.317 15:18:49
5.100 466.951 2372.683 15:18:50
5.080 515.244 2602.927 15:18:51
5.080 512.854 2608.780 15:18:52
5.096 465.756 2378.537 15:18:53
5.096 466.659 2381.951 15:18:54
5.096 467.854 2384.878 15:18:55
5.100 465.951 2376.098 15:18:56
5.100 469.244 2386.341 15:18:57
5.080 512.756 2607.317 15:18:58
5.096 471.049 2402.439 15:18:59
5.112 429.463 2193.659 15:19:00
5.104 440.659 2249.268 15:19:01
5.112 442.854 2248.293 15:19:02
5.064 553.049 2802.927 15:19:03
5.068 550.244 2793.171 15:19:04
5.004 733.024 3627.805 15:19:05
5.068 555.146 2799.024 15:19:06
5.068 553.049 2799.024 15:19:07
