5.016 700.829 3549.268 15:53:02
4.964 862.439 4259.512 15:53:03
5.016 751.122 3422.439 15:53:04
5.064 555.268 2814.634 15:53:05
5.064 552.927 2899.512 15:53:06
5.068 559.854 2733.659 15:53:07
5.008 711.854 3565.854 15:53:08
5.068 556.146 2813.659 15:53:09
5.012 713.122 3567.805 15:53:10
5.068 555.171 2809.756 15:53:11
5.008 714.049 3602.927 15:53:12
5.076 519.171 2979.512 15:53:13
5.008 713.756 3600.000 15:53:14
5.068 552.146 2797.073 15:53:15
5.008 714.341 3596.098 15:53:16
5.068 699.854 2800.976 15:53:17
5.068 558.829 2819.512 15:53:18
5.080 516.341 2626.341 15:53:19
5.064 557.171 2814.634 15:53:20
5.060 551.854 2800.976 15:53:21
5.064 553.463 2801.951 15:53:22
5.064 557.659 2816.585 15:53:23
5.068 556.146 2803.902 15:53:24
5.080 562.829 2681.951 15:53:25
5.064 554.049 2796.098 15:53:26
5.056 687.854 2853.659 15:53:27
5.036 660.439 3517.073 15:53:28
5.064 556.244 2821.463 15:53:29
5.064 558.732 2889.756 15:53:30
5.068 540.732 2707.317 15:53:31
5.056 698.829 3467.317 15:53:32
5.056 596.146 3000.000 15:53:33
5.012 713.854 3607.805 15:53:34
5.064 555.024 2797.073 15:53:35
5.052 702.341 3545.366 15:53:36
5.096 467.366 2381.463 15:53:37
5.096 467.561 2381.463 15:53:38
5.064 556.244 2824.390 15:53:39
5.064 555.268 2811.707 15:53:40
5.064 555.951 2814.634 15:53:41
5.064 553.463 2808.780 15:53:42
5.064 555.659 2813.659 15:53:43
5.100 470.049 2406.829 15:53:44
5.100 468.537 2380.488 15:53:45
5.092 469.561 2400.976 15:53:46
5.096 467.171 2385.366 15:53:47
5.096 470.049 2391.220 15:53:48
5.096 468.537 2396.098 15:53:49
5.092 468.244 2388.293 15:53:50
5.096 469.366 2393.171 15:53:51
5.096 470.049 2396.098 15:53:52
5.096 467.561 2388.293 15:53:53
5.096 469.756 2389.268 15:53:54
5.096 466.146 2375.610 15:53:55
5.096 466.878 2378.537 15:53:56
5.096 467.561 2385.366 15:53:57
5.096 472.878 2413.659 15:53:58
5.096 468.878 2393.171 15:53:59
5.116 429.366 2200.976 15:54:00
5.108 443.659 2261.463 15:54:01
5.100 467.756 2376.585 15:54:02
5.068 552.732 2806.829 15:54:03
5.064 554.927 2819.512 15:54:04
5.064 552.634 2799.024 15:54:05
5.064 552.927 2804.878 15:54:06
5.068 551.854 2803.902 15:54:07
5.096 466.634 2391.220 15:54:08
5.080 517.366 2614.634 15:54:09
5.096 466.244 2375.610 15:54:10
5.100 466.341 2381.463 15:54:11
5.096 470.146 2391.220 15:54:12
5.100 468.341 2386.341 15:54:13
5.096 470.439 2385.366 15:54:14
5.100 466.976 2380.488 15:54:15
5.068 553.171 2804.878 15:54:16
5.064 561.463 3745.366 15:54:17
5.068 552.244 2827.317 15:54:18
