5.000 743.537 3705.854 17:24:20
5.012 743.634 3496.585 17:24:21
5.012 691.439 3442.439 17:24:22
5.068 554.146 2802.927 17:24:23
5.064 553.659 2797.073 17:24:24
5.124 393.268 2010.732 17:24:25
5.096 467.854 2380.000 17:24:26
5.008 720.122 3586.341 17:24:27
5.068 553.244 2782.927 17:24:28
5.020 598.634 2972.195 17:24:29
5.008 729.732 3580.488 17:24:30
5.064 560.146 2797.073 17:24:31
5.088 527.756 2753.171 17:24:32
5.064 555.756 2850.244 17:24:33
5.068 553.659 2816.585 17:24:34
5.036 595.634 2966.829 17:24:35
5.056 647.146 3446.341 17:24:36
5.004 713.634 3594.146 17:24:37
5.080 517.049 2619.024 17:24:38
5.004 714.122 3572.683 17:24:39
5.068 553.854 2801.951 17:24:40
4.984 728.732 3679.024 17:24:41
5.068 555.854 2820.488 17:24:42
5.008 706.829 3593.171 17:24:43
5.064 554.537 2830.244 17:24:44
5.008 799.195 3801.951 17:24:45
4.996 712.927 3557.561 17:24:46
5.060 668.927 3191.220 17:24:47
5.064 555.951 2866.829 17:24:48
5.064 554.049 2825.366 17:24:49
5.060 554.537 2887.805 17:24:50
5.052 614.634 2936.585 17:24:51
5.012 723.439 3581.951 17:24:52
5.056 600.732 2920.976 17:24:53
5.036 555.341 2814.146 17:24:54
5.060 675.024 3016.098 17:24:55
5.008 715.439 3579.024 17:24:56
5.068 554.244 2805.366 17:24:57
5.064 555.951 2850.732 17:24:58
5.068 553.659 2817.073 17:24:59
5.008 724.829 3438.537 17:25:00
5.072 556.537 2686.341 17:25:01
5.064 553.244 2801.951 17:25:02
5.068 556.659 2815.122 17:25:03
5.076 531.146 2624.878 17:25:04
5.068 554.951 2813.171 17:25:05
5.064 553.439 2806.341 17:25:06
5.064 557.756 2825.366 17:25:07
5.064 555.756 2810.732 17:25:08
5.064 556.951 2826.829 17:25:09
5.096 468.366 2400.976 17:25:10
5.100 468.561 2389.756 17:25:11
5.096 469.049 2390.732 17:25:12
5.096 471.049 2398.537 17:25:13
5.096 469.244 2394.634 17:25:14
5.096 470.049 2419.512 17:25:15
5.096 468.659 2387.317 17:25:16
5.096 468.049 2380.976 17:25:17
5.100 468.146 2392.195 17:25:18
5.096 469.049 2388.293 17:25:19
5.096 468.854 2399.512 17:25:20
5.096 467.244 2385.854 17:25:21
5.100 467.756 2388.780 17:25:22
5.080 514.244 2607.805 17:25:23
5.100 467.561 2386.341 17:25:24
5.096 540.537 2437.561 17:25:25
5.072 469.951 2396.098 17:25:26
5.096 468.049 2381.951 17:25:27
5.096 469.366 2395.122 17:25:28
5.096 467.951 2379.512 17:25:29
5.096 472.146 2392.195 17:25:30
5.096 467.244 2378.537 17:25:31
5.096 469.146 2393.659 17:25:32
5.096 467.244 2386.341 17:25:33
5.080 513.439 2620.000 17:25:34
5.096 470.366 2386.341 17:25:35
5.100 468.854 2385.854 17:25:36
5.096 466.244 2380.976 17:25:37
5.096 470.146 2386.341 17:25:38
5.100 466.854 2377.073 17:25:39
5.100 469.561 2406.341 17:25:40
5.100 467.854 2381.951 17:25:41
5.092 470.244 2393.659 17:25:42
5.092 469.659 2392.195 17:25:43
5.100 467.146 2379.512 17:25:44
5.012 690.829 3468.780 17:25:45
5.068 551.854 2807.805 17:25:46
