5.004 733.829 3674.146 16:36:43
5.000 726.220 3730.244 16:36:44
5.016 681.439 3482.439 16:36:45
5.064 555.341 2808.293 16:36:46
5.092 477.146 2432.683 16:36:47
5.096 472.463 2406.341 16:36:48
5.012 712.244 3566.829 16:36:49
5.068 554.439 2806.829 16:36:50
5.012 709.537 3555.122 16:36:51
5.068 553.049 2800.488 16:36:52
5.008 712.732 3595.122 16:36:54
5.084 516.854 2642.927 16:36:55
4.996 745.927 3728.293 16:36:56
5.068 554.244 2803.902 16:36:57
5.016 709.634 3641.463 16:36:58
5.064 707.634 2798.049 16:36:59
5.016 686.341 3448.780 16:37:00
5.072 528.341 2680.000 16:37:01
5.008 736.024 3505.366 16:37:02
5.012 713.341 3574.146 16:37:03
5.016 702.537 3983.415 16:37:04
5.020 559.537 2831.707 16:37:05
4.968 799.195 3206.341 16:37:06
4.988 690.341 3655.610 16:37:07
5.068 556.829 2841.951 16:37:08
5.064 560.927 2799.024 16:37:09
5.068 565.366 2800.976 16:37:10
5.004 684.634 3613.659 16:37:11
5.032 560.927 2841.951 16:37:12
5.056 590.146 3086.829 16:37:13
5.044 605.220 2949.268 16:37:14
4.972 718.146 3567.805 16:37:15
5.096 473.366 2399.024 16:37:16
5.064 553.854 2779.512 16:37:17
5.064 554.439 2800.976 16:37:18
5.068 557.951 2800.976 16:37:19
5.064 584.537 2803.902 16:37:20
5.068 552.927 2800.976 16:37:21
5.064 554.341 2806.829 16:37:22
5.012 711.220 3583.415 16:37:23
5.068 553.268 2801.951 16:37:24
5.064 555.268 2808.780 16:37:25
5.064 552.341 2801.951 16:37:26
5.064 558.537 2814.634 16:37:27
5.064 553.463 2808.780 16:37:28
5.068 558.439 2813.659 16:37:29
5.068 554.049 2811.707 16:37:30
5.068 552.732 2800.976 16:37:31
5.076 518.829 2623.415 16:37:32
5.096 467.951 2385.366 16:37:33
5.096 468.244 2383.415 16:37:34
5.096 468.341 2398.049 16:37:35
5.096 467.561 2383.415 16:37:36
5.100 467.171 2385.366 16:37:37
5.100 470.976 2396.098 16:37:38
5.096 467.073 2383.415 16:37:39
5.096 467.073 2380.488 16:37:40
5.080 517.366 2619.512 16:37:41
5.080 520.537 2623.415 16:37:42
5.096 468.146 2388.293 16:37:43
5.080 514.439 2613.659 16:37:44
5.092 472.244 2396.098 16:37:45
5.100 467.463 2399.024 16:37:46
5.076 515.366 2386.341 16:37:47
5.100 468.244 2428.293 16:37:48
5.100 467.561 2418.537 16:37:49
5.096 468.732 2381.463 16:37:50
5.100 467.854 2383.415 16:37:51
5.080 514.146 2608.780 16:37:52
5.096 466.537 2393.171 16:37:53
5.096 469.659 2393.171 16:37:54
5.096 466.634 2383.415 16:37:55
5.096 466.976 2383.415 16:37:56
5.096 467.073 2378.537 16:37:57
5.100 467.073 2391.220 16:37:58
5.096 468.341 2380.488 16:37:59
5.080 517.073 2614.634 16:38:00
5.108 443.268 2256.585 16:38:01
5.100 465.854 2386.341 16:38:02
5.068 552.634 2799.024 16:38:03
5.068 551.951 2796.098 16:38:04
5.052 583.756 2936.585 16:38:05
5.064 621.561 3147.317 16:38:06
