5.004 729.634 3662.927 16:18:58
5.016 701.634 3464.878 16:18:59
5.028 674.244 3433.659 16:19:00
5.076 527.561 2673.659 16:19:01
5.076 527.146 2669.268 16:19:02
5.080 516.439 2608.780 16:19:03
5.008 715.122 3569.268 16:19:04
5.068 554.537 2810.732 16:19:05
5.000 744.220 3719.024 16:19:06
5.064 554.854 2807.805 16:19:07
5.004 719.024 3582.927 16:19:08
5.100 467.463 2380.976 16:19:09
5.008 726.732 3567.805 16:19:10
5.060 552.537 2812.683 16:19:11
5.004 712.122 3590.244 16:19:12
5.068 552.756 2801.951 16:19:13
5.004 722.634 3594.146 16:19:14
5.064 553.146 2864.390 16:19:15
5.012 712.024 3518.049 16:19:16
5.064 562.439 2802.927 16:19:17
5.068 554.854 2809.268 16:19:18
5.068 556.537 3488.780 16:19:19
5.068 553.341 2800.488 16:19:20
5.056 682.439 2860.488 16:19:21
5.008 714.927 3569.268 16:19:22
5.056 580.244 3049.268 16:19:23
5.008 759.317 3526.341 16:19:24
5.096 467.366 2386.341 16:19:25
5.068 552.951 2800.488 16:19:26
5.068 556.146 2821.951 16:19:27
5.068 552.951 2799.512 16:19:28
5.072 556.244 2801.463 16:19:29
5.064 553.049 2803.902 16:19:30
5.060 552.951 2821.951 16:19:31
5.068 557.268 2809.756 16:19:32
5.064 554.537 2801.951 16:19:33
5.068 552.341 2796.098 16:19:34
5.068 556.244 2803.902 16:19:35
5.096 470.341 2400.976 16:19:36
5.064 558.634 2797.073 16:19:37
5.060 553.171 2800.976 16:19:38
5.064 552.732 2796.098 16:19:39
5.068 556.439 2813.659 16:19:40
5.068 553.171 2796.098 16:19:41
5.080 516.829 2624.390 16:19:42
5.080 523.366 2634.146 16:19:43
5.096 468.244 2383.415 16:19:44
5.096 471.268 2386.341 16:19:45
5.084 516.341 2619.512 16:19:46
5.100 469.756 2399.024 16:19:47
5.100 469.659 2393.171 16:19:48
5.084 516.927 2623.415 16:19:49
5.080 514.049 2611.707 16:19:50
5.080 514.146 2610.732 16:19:51
5.096 470.439 2389.268 16:19:52
5.096 467.756 2386.341 16:19:53
5.080 515.659 2621.463 16:19:54
5.076 515.756 2624.390 16:19:55
5.080 515.951 2619.512 16:19:56
5.096 469.268 2426.341 16:19:57
5.080 517.268 2606.829 16:19:58
5.096 467.561 2385.366 16:19:59
5.112 430.146 2212.683 16:20:00
5.100 467.561 2386.341 16:20:01
5.108 445.659 2261.463 16:20:02
5.068 552.634 2806.829 16:20:03
5.064 551.854 2800.976 16:20:04
5.068 554.244 2811.707 16:20:05
5.068 552.439 2792.195 16:20:06
5.068 554.049 2803.902 16:20:07
5.096 468.537 2393.171 16:20:08
5.096 466.341 2371.707 16:20:09
5.100 469.659 2381.463 16:20:10
5.100 467.561 2380.488 16:20:11
5.096 467.463 2389.268 16:20:12
5.096 468.878 2385.366 16:20:13
5.100 467.171 2383.415 16:20:14
5.100 469.561 2385.366 16:20:15
5.000 735.951 3665.366 16:20:16
5.068 554.732 2808.780 16:20:17
5.068 553.366 2819.512 16:20:18
