5.000 732.537 3659.024 17:00:14
5.012 696.634 3502.439 17:00:15
5.012 698.927 3489.268 17:00:16
5.064 557.341 2815.610 17:00:17
5.092 480.146 2443.415 17:00:18
5.104 442.951 2258.049 17:00:19
5.096 467.951 2388.293 17:00:20
5.048 680.634 2866.829 17:00:21
5.012 712.341 3565.366 17:00:22
5.068 553.659 2818.049 17:00:23
5.064 553.244 2802.927 17:00:24
5.068 556.439 2815.122 17:00:25
5.064 553.659 2825.366 17:00:26
5.064 554.537 2816.585 17:00:27
5.068 559.146 2815.122 17:00:28
5.056 586.439 2957.073 17:00:29
5.040 578.341 2945.854 17:00:30
5.064 549.854 2755.610 17:00:31
5.008 717.537 3558.049 17:00:32
5.068 559.756 2805.366 17:00:33
5.056 575.341 2925.854 17:00:34
5.056 581.756 2942.927 17:00:35
5.052 583.634 2950.732 17:00:36
5.072 561.659 2791.707 17:00:37
5.000 727.220 3710.244 17:00:38
5.012 711.732 3935.610 17:00:39
5.068 557.537 3414.146 17:00:40
5.040 585.537 3596.585 17:00:41
5.008 725.732 3721.951 17:00:42
5.008 712.732 3593.171 17:00:43
5.068 556.341 2873.171 17:00:44
5.028 626.732 2803.902 17:00:45
5.056 582.244 3042.439 17:00:46
5.068 556.049 2991.707 17:00:47
5.064 558.951 2970.732 17:00:48
5.068 554.049 2803.902 17:00:49
5.056 579.244 2990.732 17:00:50
5.028 557.146 3394.146 17:00:51
5.052 658.244 3148.780 17:00:52
5.056 583.951 3093.659 17:00:53
5.008 785.317 3850.732 17:00:54
5.064 553.951 2806.341 17:00:55
5.064 555.756 2816.585 17:00:56
5.064 554.756 2804.390 17:00:57
5.080 539.537 2786.341 17:00:58
5.068 541.341 3203.415 17:00:59
5.068 555.659 2813.171 17:01:00
5.064 529.659 2684.390 17:01:01
5.020 692.122 3420.000 17:01:02
5.064 558.341 2801.951 17:01:03
5.060 555.854 2817.073 17:01:04
5.096 469.366 2390.732 17:01:05
5.100 471.463 2403.415 17:01:06
5.100 469.854 2391.220 17:01:07
5.100 472.854 2395.122 17:01:08
5.096 468.561 2393.659 17:01:09
5.100 468.463 2388.293 17:01:10
5.076 518.756 2636.098 17:01:11
5.096 469.366 2386.341 17:01:12
5.096 470.756 2386.341 17:01:13
5.096 470.854 2396.098 17:01:14
5.096 467.951 2391.220 17:01:15
5.096 467.561 2398.537 17:01:16
5.096 467.561 2402.439 17:01:17
5.096 470.146 2394.634 17:01:18
5.096 469.366 2385.854 17:01:19
5.092 469.951 2394.634 17:01:20
5.096 468.561 2393.659 17:01:21
5.076 514.244 2620.000 17:01:22
5.080 515.341 2616.098 17:01:23
5.096 469.659 2390.732 17:01:24
5.076 515.146 2607.805 17:01:25
5.096 469.463 2410.244 17:01:27
5.096 468.366 2383.902 17:01:28
5.080 515.659 2620.488 17:01:29
5.096 467.561 2385.854 17:01:30
5.096 467.854 2377.073 17:01:31
5.096 467.463 2381.951 17:01:32
5.076 517.049 2620.000 17:01:33
5.100 468.146 2383.415 17:01:34
5.124 392.073 2004.390 17:01:35
5.096 469.463 2389.756 17:01:36
5.100 469.561 2382.439 17:01:37
5.064 554.756 2808.293 17:01:38
5.064 554.341 2806.341 17:01:39
5.064 554.537 2813.171 17:01:40
