5.000 729.341 3646.829 16:56:35
5.016 705.927 3472.683 16:56:36
5.016 692.439 3425.366 16:56:37
5.052 587.756 2957.073 16:56:38
5.092 476.366 2440.000 16:56:39
5.096 469.951 2395.122 16:56:40
5.008 708.537 3624.390 16:56:41
5.064 553.537 2799.512 16:56:42
5.008 718.439 3585.366 16:56:43
5.064 552.854 2799.512 16:56:44
5.004 722.634 3590.244 16:56:45
5.096 481.561 2399.512 16:56:46
5.004 715.634 3613.171 16:56:47
5.068 553.049 2800.488 16:56:48
5.008 713.634 3586.341 16:56:49
5.064 553.659 2801.463 16:56:50
5.008 712.634 3575.122 16:56:51
5.064 533.049 2616.585 16:56:52
5.004 722.341 3611.707 16:56:53
5.068 553.756 2804.390 16:56:54
5.012 716.829 3576.585 16:56:55
5.008 769.122 3659.024 16:56:56
5.004 714.244 3584.390 16:56:57
5.012 735.707 3740.488 16:56:58
5.068 555.659 2801.951 16:56:59
5.076 526.829 2650.732 16:57:00
5.072 529.951 2736.585 16:57:01
5.076 529.073 2685.854 16:57:02
5.000 744.927 3818.537 16:57:03
5.048 562.634 2851.707 16:57:04
5.060 571.756 2924.878 16:57:05
5.048 587.659 2947.317 16:57:06
5.068 625.561 3366.829 16:57:07
5.080 517.366 2623.415 16:57:08
5.000 720.049 3459.512 16:57:09
5.064 555.561 2804.878 16:57:10
5.012 713.610 3557.073 16:57:11
5.068 554.341 2816.585 16:57:12
5.072 553.463 2803.902 16:57:13
5.004 720.146 3570.732 16:57:14
5.068 556.244 2814.634 16:57:15
5.008 709.512 3567.805 16:57:16
5.064 670.634 2816.585 16:57:17
5.048 589.659 2920.000 16:57:18
5.048 542.146 2579.512 16:57:19
5.068 555.659 2813.659 16:57:20
5.064 553.463 2814.634 16:57:21
5.064 556.244 2813.659 16:57:22
5.068 558.732 2818.537 16:57:23
5.068 553.951 2800.976 16:57:24
5.100 468.341 2393.171 16:57:25
5.100 469.659 2405.854 16:57:26
5.100 472.439 2381.463 16:57:27
5.096 471.951 2394.146 16:57:28
5.100 477.366 2393.171 16:57:29
5.100 468.634 2394.146 16:57:30
5.096 470.537 2406.829 16:57:31
5.096 468.537 2389.268 16:57:32
5.096 467.756 2388.293 16:57:33
5.100 470.341 2396.098 16:57:34
5.096 472.244 2410.732 16:57:35
5.096 468.537 2391.220 16:57:36
5.096 466.634 2383.415 16:57:37
5.096 469.463 2393.171 16:57:38
5.100 470.878 2396.098 16:57:39
5.096 472.732 2589.268 16:57:40
5.100 471.171 2398.049 16:57:41
5.092 472.976 2398.049 16:57:42
5.100 469.073 2391.220 16:57:43
5.076 515.073 2614.634 16:57:44
5.096 470.537 2389.268 16:57:45
5.104 467.463 2380.488 16:57:46
5.096 472.439 2396.098 16:57:47
5.096 467.561 2378.537 16:57:48
5.100 466.146 2375.610 16:57:49
5.096 467.756 2383.415 16:57:50
5.096 471.366 2398.049 16:57:51
5.100 469.756 2402.927 16:57:52
5.096 470.878 2398.049 16:57:53
5.100 469.073 2400.976 16:57:54
5.096 468.146 2383.415 16:57:55
5.096 467.463 2385.366 16:57:56
5.064 552.732 2813.659 16:57:57
5.068 551.951 2792.195 16:57:58
