4.988 773.634 3863.415 15:46:13
5.020 682.537 3511.220 15:46:14
5.004 718.829 3642.927 15:46:15
5.068 552.951 2807.805 15:46:16
5.096 476.244 2428.293 15:46:17
5.080 514.659 2607.317 15:46:18
5.060 561.341 2839.024 15:46:19
5.068 561.951 2819.024 15:46:20
5.008 708.537 3561.951 15:46:21
5.020 552.244 2857.073 15:46:22
5.012 706.927 3580.488 15:46:23
5.052 589.537 2976.585 15:46:24
5.004 707.829 3569.268 15:46:25
5.068 552.341 2810.244 15:46:26
5.008 716.122 3582.927 15:46:27
5.068 552.951 2926.829 15:46:28
5.016 592.537 2997.073 15:46:29
5.080 524.951 2633.659 15:46:30
5.008 706.732 3649.268 15:46:31
5.064 567.244 2829.268 15:46:32
5.012 746.220 3664.390 15:46:33
5.068 552.951 2801.951 15:46:34
5.052 590.732 3010.732 15:46:35
5.088 528.049 3043.415 15:46:36
5.036 588.049 2720.000 15:46:37
5.068 559.244 2815.122 15:46:38
5.068 554.146 2794.146 15:46:39
5.064 552.854 2801.463 15:46:40
5.068 557.537 2795.122 15:46:41
5.064 555.439 2810.244 15:46:42
5.080 518.341 2636.098 15:46:43
5.068 552.146 2811.707 15:46:44
5.048 675.146 2810.732 15:46:45
5.052 590.854 2819.512 15:46:46
5.068 552.951 2803.902 15:46:47
5.064 554.854 2802.927 15:46:49
5.080 518.659 2627.805 15:46:50
5.064 555.537 2825.366 15:46:51
5.068 552.341 2797.073 15:46:52
5.064 555.951 2815.610 15:46:53
5.068 555.146 2826.829 15:46:54
5.064 554.439 2807.805 15:46:55
5.096 469.951 2395.122 15:46:56
5.080 519.439 2623.902 15:46:57
5.068 514.854 2612.683 15:46:58
5.080 517.244 2629.268 15:46:59
5.096 479.463 2443.902 15:47:00
5.076 519.439 2636.098 15:47:01
5.084 469.366 2643.902 15:47:02
5.068 554.659 2810.732 15:47:03
5.064 557.049 2824.390 15:47:04
5.068 552.537 2797.073 15:47:05
5.068 676.439 3515.122 15:47:06
5.068 554.659 2809.268 15:47:07
5.100 467.756 2393.659 15:47:08
5.076 516.561 2626.341 15:47:09
5.080 514.854 2611.220 15:47:10
5.096 467.756 2380.976 15:47:11
5.096 467.146 2381.951 15:47:12
5.100 467.756 2388.293 15:47:13
5.076 517.049 2627.805 15:47:14
5.080 517.146 2611.220 15:47:15
5.080 516.244 2616.585 15:47:16
5.080 467.756 2380.000 15:47:17
5.080 515.951 2680.000 15:47:18
5.068 515.439 2399.512 15:47:19
5.096 470.463 2393.659 15:47:20
5.076 540.659 2634.146 15:47:21
5.084 514.049 2620.488 15:47:22
5.096 470.049 2405.854 15:47:23
5.096 466.561 2388.293 15:47:24
5.096 466.854 2375.122 15:47:25
5.096 467.366 2386.341 15:47:26
5.096 470.049 2392.195 15:47:27
5.000 735.537 3675.610 15:47:28
5.068 553.951 2794.146 15:47:29
5.064 553.854 2810.244 15:47:30
