5.004 735.537 3674.146 15:51:19
5.016 694.341 3500.488 15:51:20
5.012 682.634 3448.780 15:51:21
5.064 557.341 2807.805 15:51:22
5.092 477.049 2428.780 15:51:23
5.124 391.951 2009.268 15:51:24
5.096 469.854 2391.220 15:51:25
5.068 552.756 2802.927 15:51:26
5.064 557.951 2812.683 15:51:27
5.068 555.244 2810.732 15:51:28
5.068 554.439 2821.463 15:51:29
5.064 556.146 2807.805 15:51:30
5.064 555.049 2818.049 15:51:31
5.048 633.244 3070.732 15:51:32
5.008 713.439 3570.244 15:51:33
5.016 713.537 3590.732 15:51:34
5.068 553.854 2802.927 15:51:35
5.080 520.049 2775.122 15:51:36
5.064 556.049 2817.073 15:51:37
5.016 584.537 3125.854 15:51:38
5.064 748.829 3540.000 15:51:39
5.060 559.756 2818.049 15:51:40
5.000 716.927 3590.732 15:51:41
5.064 554.756 2819.512 15:51:42
5.068 557.854 2819.024 15:51:43
5.064 554.146 2819.512 15:51:44
5.064 558.341 2816.585 15:51:45
5.064 559.439 2805.366 15:51:46
5.064 558.146 2818.049 15:51:47
5.064 557.146 2809.268 15:51:48
5.068 554.537 2792.683 15:51:49
5.056 585.537 2955.610 15:51:50
5.056 556.244 2810.732 15:51:51
5.064 560.146 2810.244 15:51:52
5.064 553.854 3635.122 15:51:53
5.064 552.854 2799.024 15:51:54
5.064 554.244 2804.390 15:51:55
5.064 553.659 2820.488 15:51:56
5.100 471.756 2420.976 15:51:57
5.100 473.951 2401.463 15:51:58
5.096 471.561 2397.073 15:51:59
5.112 432.268 2863.415 15:52:00
5.096 471.244 2395.122 15:52:01
5.064 553.854 2815.610 15:52:02
5.064 553.854 2809.268 15:52:03
5.064 557.659 2824.390 15:52:04
5.068 555.439 2816.585 15:52:05
5.068 562.341 2815.122 15:52:06
5.096 472.463 2380.000 15:52:07
5.080 514.854 2622.927 15:52:08
5.096 470.951 2400.976 15:52:09
5.092 470.049 2390.732 15:52:10
5.096 474.951 2390.732 15:52:11
5.096 467.561 2397.073 15:52:12
5.096 506.756 2643.902 15:52:13
5.096 470.463 2383.902 15:52:14
5.096 470.561 2379.512 15:52:15
5.080 534.244 2612.683 15:52:16
5.092 468.463 2382.439 15:52:17
5.096 470.463 2383.902 15:52:18
5.080 512.049 2720.000 15:52:19
5.096 471.561 2392.195 15:52:20
5.100 482.244 2404.878 15:52:21
5.092 471.659 2391.220 15:52:22
5.096 468.244 2393.659 15:52:24
5.100 468.854 2383.415 15:52:25
5.100 466.854 2396.098 15:52:26
5.096 471.049 2388.780 15:52:27
5.096 470.561 2401.463 15:52:28
5.096 470.463 2458.537 15:52:29
5.096 468.244 2391.220 15:52:30
5.096 469.854 2387.317 15:52:31
5.096 478.756 2385.854 15:52:32
5.096 470.049 2394.634 15:52:33
5.096 470.146 2386.341 15:52:34
5.064 557.341 3089.756 15:52:35
5.064 557.951 2822.927 15:52:36
