5.004 725.732 3659.024 15:16:17
5.016 699.341 3507.805 15:16:18
5.008 709.634 3551.220 15:16:19
5.068 557.659 2830.244 15:16:20
5.092 475.756 2426.341 15:16:21
5.096 467.366 2380.000 15:16:22
5.076 540.854 2636.098 15:16:23
5.056 594.537 3012.195 15:16:24
5.004 713.927 3572.683 15:16:25
5.064 553.951 3303.415 15:16:26
5.012 713.439 3555.610 15:16:27
5.064 552.244 2798.049 15:16:28
5.064 554.756 2813.171 15:16:29
5.068 552.146 2797.073 15:16:30
5.064 555.854 2821.463 15:16:31
5.068 553.439 2804.390 15:16:32
5.068 551.756 2798.049 15:16:33
5.076 517.244 2611.220 15:16:34
5.012 793.732 3681.463 15:16:35
4.992 558.439 2909.268 15:16:36
5.024 597.951 3278.049 15:16:37
5.068 561.171 2808.780 15:16:38
5.012 692.146 3353.171 15:16:39
5.076 469.854 2536.585 15:16:40
5.096 466.537 2376.585 15:16:41
5.064 553.024 2801.951 15:16:42
5.072 552.146 2800.976 15:16:43
5.064 555.561 2819.512 15:16:44
5.068 622.146 2814.634 15:16:46
5.072 553.268 2797.073 15:16:47
5.080 516.341 2608.780 15:16:48
5.068 553.561 2797.073 15:16:49
5.068 553.024 2804.878 15:16:50
5.064 552.244 2800.976 15:16:51
5.064 555.171 2809.756 15:16:52
5.064 553.366 2806.829 15:16:53
5.096 470.049 2381.463 15:16:54
5.096 466.537 2380.488 15:16:55
5.076 518.244 2631.220 15:16:56
5.096 469.073 2405.854 15:16:57
5.076 520.244 2631.220 15:16:58
5.096 472.244 2400.976 15:16:59
5.076 519.854 2640.976 15:17:00
5.092 492.829 2503.415 15:17:01
5.108 441.951 2253.659 15:17:02
5.068 554.049 2796.098 15:17:03
5.064 555.024 2797.073 15:17:04
5.064 552.049 2804.878 15:17:05
5.068 552.049 2811.707 15:17:06
5.068 552.341 2797.073 15:17:07
5.100 466.341 2378.537 15:17:08
5.084 516.146 2614.634 15:17:09
5.096 466.976 2380.488 15:17:10
5.096 466.878 2381.463 15:17:11
5.096 467.268 2378.537 15:17:12
5.096 477.854 2381.463 15:17:13
5.096 469.659 2389.268 15:17:14
5.100 467.951 2383.415 15:17:15
5.096 468.634 2393.171 15:17:16
5.096 467.171 2386.341 15:17:17
5.100 466.439 2375.610 15:17:18
5.100 466.439 2376.585 15:17:19
5.092 468.732 2388.293 15:17:20
5.096 470.439 2386.341 15:17:21
5.096 469.268 2386.341 15:17:22
5.100 466.244 2391.220 15:17:23
5.096 468.244 2386.341 15:17:24
5.096 466.341 2378.537 15:17:25
5.100 468.878 2376.585 15:17:26
5.100 467.073 2375.610 15:17:27
5.004 726.439 3630.244 15:17:28
5.064 551.561 2789.268 15:17:29
5.068 550.927 2803.902 15:17:30
