5.004 731.024 3652.683 15:09:45
5.020 705.439 3555.122 15:09:46
5.012 699.024 3487.805 15:09:47
5.068 551.756 2796.585 15:09:48
5.096 476.561 2422.439 15:09:49
5.096 467.146 2382.439 15:09:50
5.008 714.024 3598.049 15:09:51
5.052 588.049 2970.732 15:09:52
5.008 711.341 3563.902 15:09:53
5.068 552.439 2794.146 15:09:55
5.012 716.927 3560.488 15:09:56
5.096 470.463 2389.756 15:09:57
5.068 554.659 2797.073 15:09:58
5.064 557.244 2802.927 15:09:59
5.080 517.439 3380.000 15:10:00
5.068 552.244 2794.146 15:10:01
5.012 706.634 2792.683 15:10:02
5.064 554.756 2808.293 15:10:03
5.068 565.854 2791.707 15:10:04
5.064 552.951 2803.902 15:10:05
5.068 555.146 2856.585 15:10:06
5.064 554.244 2808.293 15:10:07
5.068 551.756 2791.707 15:10:08
5.068 554.537 2811.707 15:10:09
5.068 551.537 2824.390 15:10:10
5.052 571.756 2938.537 15:10:11
5.068 555.049 3482.927 15:10:12
5.100 468.951 2378.537 15:10:13
5.068 553.951 2803.902 15:10:14
5.068 553.537 2806.341 15:10:15
5.068 665.146 3524.390 15:10:16
5.064 552.537 2797.073 15:10:17
5.068 552.049 2793.171 15:10:18
5.064 557.854 2809.268 15:10:19
5.064 555.244 2810.244 15:10:20
5.064 573.049 2819.512 15:10:21
5.068 551.439 2794.146 15:10:22
5.068 554.537 2799.024 15:10:23
5.100 466.756 2383.902 15:10:24
5.084 514.659 2624.878 15:10:25
5.100 467.244 2382.439 15:10:26
5.080 513.341 2608.780 15:10:27
5.096 469.366 2383.415 15:10:28
5.096 467.561 2376.098 15:10:29
5.084 513.146 2615.122 15:10:30
5.096 466.463 2378.537 15:10:31
5.096 467.049 2379.512 15:10:32
5.100 467.854 2388.293 15:10:33
5.084 508.463 2522.439 15:10:34
5.100 466.366 2376.098 15:10:35
5.100 466.244 2375.122 15:10:36
5.080 526.341 2607.805 15:10:37
5.100 468.756 2387.317 15:10:38
5.096 468.756 2389.756 15:10:39
5.100 465.659 2388.780 15:10:40
5.096 468.659 2372.195 15:10:41
5.096 466.463 2373.659 15:10:42
5.080 512.341 2602.439 15:10:43
5.096 465.756 2377.073 15:10:44
5.076 515.951 2630.244 15:10:45
5.104 474.366 2400.976 15:10:46
5.096 467.146 2377.073 15:10:47
5.096 466.366 2373.659 15:10:48
5.100 466.463 2375.122 15:10:49
5.096 465.951 2374.634 15:10:50
5.096 468.146 2376.098 15:10:51
5.096 467.854 2383.415 15:10:52
5.096 468.561 2378.537 15:10:53
5.080 512.049 2607.805 15:10:54
5.096 466.244 2378.537 15:10:55
5.000 731.341 3665.854 15:10:56
5.068 550.659 2790.732 15:10:57
5.068 555.439 2801.463 15:10:58
