4.976 587.341 2965.366 15:00:05
5.020 699.829 3460.000 15:00:06
5.016 694.341 3456.098 15:00:07
5.068 552.244 2798.049 15:00:08
5.068 555.537 2792.683 15:00:09
5.096 468.366 2392.195 15:00:10
5.084 494.049 2524.878 15:00:11
5.056 551.049 2802.927 15:00:12
4.996 747.024 3725.854 15:00:13
5.072 551.049 2794.146 15:00:14
5.068 555.244 2869.268 15:00:15
5.068 551.244 2789.268 15:00:16
5.064 553.537 2807.805 15:00:17
5.064 552.659 2824.390 15:00:18
5.060 578.634 2925.854 15:00:19
5.064 551.341 2800.488 15:00:20
5.064 553.439 2798.049 15:00:21
5.080 512.659 2660.000 15:00:22
5.064 554.244 2802.927 15:00:23
5.056 603.049 2989.756 15:00:24
5.068 551.244 2792.683 15:00:25
5.020 620.341 3053.171 15:00:26
5.020 550.659 2790.244 15:00:27
5.076 473.561 2735.610 15:00:28
5.072 548.244 2773.171 15:00:29
5.064 551.659 2846.829 15:00:30
5.068 551.439 2788.293 15:00:31
5.068 557.244 2809.268 15:00:32
5.068 551.439 2790.244 15:00:33
5.060 557.049 2827.805 15:00:34
5.068 551.146 2801.463 15:00:35
5.064 554.146 2892.195 15:00:36
5.064 554.439 2806.341 15:00:37
5.068 554.146 2796.585 15:00:38
5.068 554.951 2818.049 15:00:39
5.068 576.854 2799.024 15:00:40
5.080 514.951 2615.122 15:00:41
5.100 465.561 2373.659 15:00:42
5.096 468.951 2380.000 15:00:44
5.076 514.951 2631.707 15:00:45
5.080 514.756 2614.146 15:00:46
5.084 500.341 2543.902 15:00:47
5.096 469.756 2388.293 15:00:48
5.096 485.659 2675.122 15:00:49
5.096 466.463 2383.415 15:00:50
5.080 515.439 2605.366 15:00:51
5.084 513.049 2600.000 15:00:52
5.096 465.561 2370.732 15:00:53
5.076 516.244 2619.024 15:00:54
5.080 512.439 2601.463 15:00:55
5.096 467.146 2372.683 15:00:56
5.080 513.341 2616.585 15:00:57
5.068 550.951 2795.610 15:00:58
5.096 467.854 2384.878 15:00:59
5.112 429.366 2193.171 15:01:00
5.104 449.366 2432.683 15:01:01
5.108 448.268 2251.220 15:01:02
5.068 557.341 2790.732 15:01:03
5.068 549.951 2789.268 15:01:04
5.064 550.854 2790.244 15:01:05
5.068 550.244 2796.585 15:01:06
5.068 551.146 2800.488 15:01:07
5.096 465.951 2372.683 15:01:08
5.076 542.439 2850.732 15:01:09
5.100 465.146 2373.659 15:01:10
5.096 464.951 2378.537 15:01:11
5.080 514.854 2625.366 15:01:12
5.096 466.561 2391.220 15:01:13
5.080 514.049 2617.561 15:01:14
5.012 799.195 3870.732 15:01:15
5.068 550.854 2789.268 15:01:16
