5.008 704.024 3525.366 16:26:01
5.020 656.439 3380.000 16:26:02
4.968 825.805 4504.390 16:26:03
5.068 553.024 2801.951 16:26:04
5.068 554.732 2806.829 16:26:05
5.108 520.146 2466.341 16:26:06
5.096 471.463 2408.780 16:26:07
5.008 714.244 3580.488 16:26:08
5.068 552.927 2797.073 16:26:09
5.008 718.341 3575.610 16:26:10
5.068 555.951 2811.707 16:26:11
5.012 691.122 3596.098 16:26:12
5.096 467.171 2381.463 16:26:13
5.016 717.122 3569.756 16:26:14
5.040 556.927 2799.024 16:26:15
5.008 715.024 3615.610 16:26:16
5.064 552.732 2799.024 16:26:17
5.008 715.854 3592.195 16:26:18
5.064 560.341 2851.707 16:26:19
5.008 718.732 3580.488 16:26:20
5.068 553.854 2799.024 16:26:21
5.016 707.512 3425.366 16:26:22
5.068 714.732 2841.951 16:26:23
5.060 597.659 2902.439 16:26:24
5.064 552.927 2801.951 16:26:25
5.068 553.366 2808.780 16:26:26
5.032 597.220 3008.780 16:26:27
5.016 705.024 3587.317 16:26:28
5.056 529.854 2653.659 16:26:29
4.984 705.951 3545.366 16:26:30
5.072 553.268 2797.073 16:26:31
5.064 640.244 2799.024 16:26:32
5.068 555.561 2816.585 16:26:33
5.064 552.537 2804.878 16:26:34
5.068 555.268 2809.756 16:26:35
5.064 560.732 2809.756 16:26:36
5.068 553.171 2801.951 16:26:37
5.068 552.341 2801.951 16:26:38
5.068 553.951 2818.537 16:26:39
5.096 467.756 2389.268 16:26:40
5.064 556.341 2814.634 16:26:41
5.064 552.829 2797.073 16:26:42
5.068 553.268 2801.951 16:26:43
5.068 553.659 2819.512 16:26:44
5.068 553.659 2800.976 16:26:45
5.100 468.049 2385.366 16:26:46
5.096 513.463 2381.463 16:26:47
5.096 473.659 2406.829 16:26:48
5.096 467.366 2391.220 16:26:49
5.100 468.976 2383.415 16:26:50
5.096 467.463 2385.366 16:26:51
5.096 467.171 2380.488 16:26:52
5.096 469.463 2380.488 16:26:53
5.096 470.878 2393.171 16:26:54
5.096 469.561 2398.049 16:26:55
5.096 469.463 2388.293 16:26:56
5.096 467.463 2383.415 16:26:57
5.096 469.171 2386.341 16:26:58
5.096 467.366 2394.146 16:26:59
5.112 430.878 2205.854 16:27:00
5.108 444.634 2278.049 16:27:01
5.108 443.366 2261.463 16:27:02
5.064 554.634 2808.780 16:27:03
5.068 556.049 2800.976 16:27:04
5.068 552.732 2826.341 16:27:05
5.068 619.561 2799.024 16:27:06
5.068 553.463 2792.195 16:27:07
5.080 514.049 2611.707 16:27:08
5.100 472.049 2386.341 16:27:09
5.080 518.146 2626.341 16:27:10
5.096 467.756 2393.171 16:27:11
5.100 466.244 2375.610 16:27:12
5.100 467.366 2380.488 16:27:13
5.096 468.439 2393.171 16:27:14
5.096 472.244 2393.171 16:27:15
5.100 466.537 2378.537 16:27:16
5.096 469.366 2386.341 16:27:17
5.096 468.732 2386.341 16:27:18
5.096 466.537 2378.537 16:27:19
5.004 730.732 3653.659 16:27:20
5.068 551.268 2789.268 16:27:21
5.064 553.951 2803.902 16:27:22
