5.000 731.024 3655.122 16:43:53
5.008 703.244 3500.488 16:43:54
5.016 684.439 3486.341 16:43:55
5.064 554.537 2812.683 16:43:56
5.068 553.049 2802.927 16:43:57
5.096 469.244 2392.683 16:43:58
5.008 719.122 3598.049 16:43:59
4.980 518.561 2665.366 16:44:00
5.024 673.927 3644.390 16:44:01
5.064 553.439 2818.049 16:44:02
5.008 721.732 3648.293 16:44:03
5.096 467.561 2385.854 16:44:04
5.008 747.537 3482.439 16:44:05
5.068 620.634 2813.171 16:44:06
5.016 715.024 3575.610 16:44:07
5.064 557.146 2824.390 16:44:08
5.008 715.244 3575.122 16:44:09
4.996 696.244 3391.220 16:44:10
5.000 717.829 3581.951 16:44:11
5.064 555.756 2829.268 16:44:12
5.004 717.927 3595.122 16:44:13
5.016 566.854 2821.463 16:44:14
5.080 521.561 2646.341 16:44:15
5.056 583.341 2961.951 16:44:16
5.064 555.146 2807.805 16:44:17
5.068 557.951 2806.341 16:44:18
5.068 554.146 2806.829 16:44:19
5.064 555.756 2815.122 16:44:20
5.068 553.659 2799.024 16:44:21
5.068 555.439 2807.805 16:44:22
5.060 563.439 2839.024 16:44:23
5.056 592.341 3020.976 16:44:24
5.044 586.049 2963.415 16:44:25
5.064 554.756 2808.293 16:44:26
5.064 566.537 2996.098 16:44:27
5.068 553.659 2802.927 16:44:28
5.064 666.732 2815.122 16:44:29
5.068 559.244 2801.463 16:44:30
5.096 469.951 2405.854 16:44:31
5.060 557.146 2825.366 16:44:32
5.064 552.951 2800.488 16:44:33
5.068 557.049 2807.805 16:44:34
5.068 553.146 2801.463 16:44:35
5.068 553.244 2810.732 16:44:36
5.096 470.756 2403.415 16:44:37
5.096 472.659 2395.122 16:44:38
5.096 468.561 2392.195 16:44:39
5.096 469.366 2387.317 16:44:40
5.092 470.951 2405.854 16:44:41
5.100 467.659 2383.415 16:44:42
5.096 468.659 2388.780 16:44:43
5.100 469.854 2395.122 16:44:44
5.084 515.439 2616.098 16:44:45
5.080 514.659 2627.317 16:44:46
5.100 468.146 2380.976 16:44:47
5.100 469.854 2397.073 16:44:48
5.096 468.561 2382.439 16:44:49
5.096 473.366 2396.098 16:44:50
5.100 472.463 2397.561 16:44:51
5.096 467.756 2383.415 16:44:52
5.096 470.561 2399.512 16:44:53
5.076 531.951 2647.805 16:44:54
5.092 469.951 2395.122 16:44:55
5.092 469.951 2392.683 16:44:56
5.096 467.951 2388.780 16:44:57
5.096 470.659 2383.902 16:44:58
5.100 468.049 2384.878 16:44:59
5.108 443.854 2460.000 16:45:00
5.104 442.366 2263.415 16:45:01
5.108 444.463 2266.829 16:45:02
5.068 554.244 2798.049 16:45:03
5.064 554.537 2806.829 16:45:04
5.068 553.244 2818.049 16:45:05
5.064 553.049 2801.463 16:45:06
5.068 552.341 2797.073 16:45:07
5.100 469.049 2383.415 16:45:08
5.100 470.049 2398.537 16:45:09
5.096 467.561 2388.780 16:45:10
5.100 467.244 2382.439 16:45:11
5.096 467.366 2380.976 16:45:12
5.068 553.659 2805.366 16:45:13
5.064 555.244 2808.293 16:45:14
5.068 556.439 2798.049 16:45:15
