5.008 705.829 3523.902 16:05:01
5.012 718.537 3593.171 16:05:02
5.012 701.341 3569.268 16:05:03
5.064 558.439 2828.293 16:05:04
5.092 480.146 2439.024 16:05:05
5.104 450.366 2290.732 16:05:06
5.096 466.659 2383.415 16:05:07
5.076 519.049 2642.439 16:05:08
5.064 552.854 2798.049 16:05:09
5.012 715.927 3674.634 16:05:10
5.068 558.244 2800.488 16:05:11
5.008 717.024 3581.951 16:05:12
5.064 552.659 2795.610 16:05:13
5.008 718.927 3582.927 16:05:14
5.064 613.049 3612.683 16:05:15
5.008 720.439 3586.829 16:05:16
5.064 554.049 2830.244 16:05:17
5.008 696.927 3586.341 16:05:18
5.080 522.854 3112.195 16:05:19
5.064 553.439 2819.024 16:05:20
5.052 588.341 2958.049 16:05:21
5.004 750.122 3874.634 16:05:23
5.012 669.537 2925.366 16:05:24
5.064 554.951 2820.488 16:05:25
5.084 523.561 2627.805 16:05:26
5.064 566.537 2819.024 16:05:27
5.056 582.756 3007.317 16:05:28
5.004 716.732 3589.268 16:05:29
5.008 710.439 3553.171 16:05:30
5.012 690.439 3346.341 16:05:31
5.064 554.146 2808.293 16:05:32
5.060 553.146 2799.024 16:05:33
5.068 555.756 2810.244 16:05:34
5.064 562.244 2821.463 16:05:35
5.068 555.756 2825.366 16:05:36
5.080 532.439 2896.585 16:05:37
5.068 554.341 2825.366 16:05:38
5.056 587.756 3429.268 16:05:39
5.008 712.537 3605.366 16:05:40
5.068 555.756 2819.024 16:05:41
5.064 555.756 2815.610 16:05:42
5.084 514.561 2618.049 16:05:43
5.076 514.659 2613.659 16:05:44
5.096 468.244 2386.341 16:05:45
5.096 471.854 2405.854 16:05:46
5.080 517.756 2633.659 16:05:47
5.096 470.366 2397.561 16:05:48
5.100 471.659 2397.073 16:05:49
5.084 505.951 2560.000 16:05:50
5.096 470.659 2403.415 16:05:51
5.080 467.049 2384.878 16:05:52
5.092 470.756 2397.561 16:05:53
5.080 517.951 2626.341 16:05:54
5.084 514.341 2611.220 16:05:55
5.080 514.341 2606.341 16:05:56
5.076 517.854 2628.780 16:05:57
5.064 582.537 2816.585 16:05:58
5.084 516.561 2623.902 16:05:59
5.096 472.049 2424.878 16:06:00
5.080 505.854 2565.366 16:06:01
5.092 491.854 2485.854 16:06:02
5.064 553.049 2802.927 16:06:03
5.068 557.341 2810.244 16:06:04
5.064 553.341 2815.122 16:06:05
5.068 552.756 2797.073 16:06:06
5.068 557.049 2810.244 16:06:07
5.080 516.341 2621.463 16:06:08
5.100 467.366 2382.439 16:06:09
5.096 467.366 2398.537 16:06:10
5.096 471.756 2394.634 16:06:11
5.068 549.854 2781.463 16:06:12
5.092 467.951 2380.000 16:06:13
5.092 470.561 2392.195 16:06:14
5.096 467.951 2390.732 16:06:15
5.100 467.756 2380.976 16:06:16
5.100 467.366 2380.000 16:06:17
5.092 468.463 2382.439 16:06:18
5.000 735.829 3686.829 16:06:19
5.064 553.951 2802.927 16:06:20
5.068 555.854 2818.049 16:06:21
