5.004 730.024 3646.829 17:11:17
5.016 703.122 3486.341 17:11:18
5.000 705.927 3561.951 17:11:19
5.064 558.341 2816.585 17:11:20
5.092 476.854 2432.195 17:11:21
5.080 522.659 2660.000 17:11:22
5.096 470.463 2397.073 17:11:23
5.064 555.659 2816.585 17:11:24
5.064 557.439 2816.585 17:11:25
5.056 587.439 2935.610 17:11:26
5.016 717.024 3572.683 17:11:27
5.068 553.341 2809.268 17:11:28
5.056 573.049 3194.634 17:11:29
5.068 555.537 2807.805 17:11:30
5.012 774.024 3660.488 17:11:31
5.064 554.537 2872.683 17:11:32
5.008 714.439 3611.707 17:11:33
5.076 518.756 2630.244 17:11:34
5.004 721.537 3575.122 17:11:35
5.068 553.756 2807.805 17:11:36
5.008 692.927 3538.049 17:11:37
5.008 711.341 3584.390 17:11:38
5.008 610.146 2966.829 17:11:39
5.056 589.439 3026.829 17:11:40
5.056 553.659 2851.707 17:11:41
4.992 731.829 3687.805 17:11:42
5.064 568.244 2828.293 17:11:43
5.008 730.341 3563.902 17:11:44
5.072 553.756 2806.341 17:11:45
5.008 712.122 3657.073 17:11:46
5.060 583.244 2918.049 17:11:47
5.056 593.244 3007.317 17:11:48
5.040 679.244 3503.902 17:11:49
5.000 720.927 3485.366 17:11:50
5.060 575.049 2954.146 17:11:51
5.064 706.829 3376.585 17:11:52
5.060 706.829 3160.000 17:11:53
5.008 714.341 3573.171 17:11:54
5.064 561.439 2822.927 17:11:55
5.080 532.951 2644.878 17:11:56
5.068 553.854 2805.366 17:11:57
5.068 553.439 2818.049 17:11:58
5.076 531.756 2678.049 17:11:59
5.068 555.341 3668.293 17:12:00
5.076 528.756 2682.439 17:12:01
5.072 528.659 2724.390 17:12:02
5.064 560.049 2829.268 17:12:03
5.068 555.146 2799.512 17:12:04
5.068 555.341 2827.805 17:12:05
5.068 554.659 2811.707 17:12:06
5.080 515.756 2616.585 17:12:07
5.096 475.659 2397.561 17:12:08
5.096 468.146 2382.439 17:12:09
5.096 471.146 2411.220 17:12:10
5.096 468.463 2390.732 17:12:11
5.096 469.756 2385.854 17:12:12
5.092 471.659 2397.561 17:12:13
5.080 520.244 2627.805 17:12:14
5.096 470.366 2403.902 17:12:15
5.100 481.951 2381.951 17:12:16
5.096 470.561 2392.683 17:12:17
5.096 467.854 2390.732 17:12:18
5.096 468.463 2388.780 17:12:19
5.096 472.756 2397.561 17:12:20
5.100 466.659 2380.000 17:12:21
5.096 471.854 2393.659 17:12:22
5.096 467.659 2385.854 17:12:23
5.096 469.756 2395.122 17:12:24
5.096 470.561 2384.878 17:12:25
5.096 469.659 2387.317 17:12:26
5.096 507.659 2380.000 17:12:27
5.100 473.659 2385.854 17:12:28
5.100 467.951 2379.512 17:12:29
5.096 471.244 2390.732 17:12:30
5.100 466.951 2379.512 17:12:31
5.096 469.854 2395.122 17:12:32
5.096 470.366 2392.195 17:12:33
5.100 467.854 2390.732 17:12:34
5.100 466.659 2380.000 17:12:35
5.092 466.366 2383.902 17:12:36
5.096 468.561 2376.098 17:12:37
5.096 468.854 2396.098 17:12:38
5.096 467.146 2378.537 17:12:39
5.100 467.244 2376.098 17:12:40
5.100 466.463 2385.854 17:12:41
5.004 737.927 3667.805 17:12:42
5.068 556.341 2805.366 17:12:43
