4.996 726.634 3674.146 15:34:24
5.016 695.634 3545.366 15:34:25
5.016 698.537 3424.878 15:34:26
5.068 555.049 2815.610 15:34:27
5.092 478.756 2427.317 15:34:28
5.060 549.854 2790.244 15:34:29
5.008 713.244 3564.390 15:34:30
5.068 552.439 2810.244 15:34:31
5.008 711.122 3571.707 15:34:32
5.000 558.756 2793.171 15:34:33
5.008 716.439 3575.122 15:34:34
5.096 471.561 2394.634 15:34:35
5.008 712.341 3566.341 15:34:36
5.064 554.854 2889.268 15:34:37
5.068 555.537 2825.366 15:34:38
5.024 552.854 2889.268 15:34:39
5.064 555.659 2810.732 15:34:41
5.060 516.659 2383.902 15:34:42
5.068 555.146 2801.951 15:34:43
5.068 552.756 2801.463 15:34:44
5.064 555.146 2810.244 15:34:45
5.020 604.537 2835.610 15:34:46
5.064 635.829 2921.951 15:34:47
5.072 531.146 2777.561 15:34:48
5.052 697.024 3342.439 15:34:49
5.068 557.659 2810.244 15:34:50
5.064 552.659 2806.829 15:34:51
5.068 556.537 2801.951 15:34:52
5.064 557.049 2799.512 15:34:53
5.072 558.244 2790.732 15:34:54
5.044 603.341 3000.976 15:34:55
5.068 552.439 2809.268 15:34:56
5.068 553.146 3495.610 15:34:57
5.064 553.951 2810.244 15:34:58
5.064 552.341 2798.049 15:34:59
5.080 516.341 2631.707 15:35:00
5.084 499.854 2489.756 15:35:01
5.104 442.659 2258.537 15:35:02
5.064 553.951 2799.512 15:35:03
5.064 552.951 2797.073 15:35:04
5.068 554.659 2814.146 15:35:05
5.068 553.341 2799.512 15:35:06
5.068 552.439 2799.024 15:35:07
5.080 519.146 2623.902 15:35:08
5.096 467.463 2379.512 15:35:09
5.080 514.146 2624.878 15:35:10
5.080 516.439 2622.439 15:35:11
5.096 469.049 2392.195 15:35:12
5.080 512.951 2607.317 15:35:13
5.096 467.756 2383.902 15:35:14
5.080 513.951 2617.561 15:35:15
5.096 467.756 2380.000 15:35:16
5.096 486.561 2391.220 15:35:17
5.080 516.146 2600.000 15:35:18
5.096 470.561 2380.976 15:35:19
5.080 514.244 2616.585 15:35:20
5.096 470.366 2389.756 15:35:21
5.096 468.756 2388.293 15:35:22
5.096 470.463 2388.780 15:35:23
5.096 469.854 2392.683 15:35:24
5.096 467.049 2392.683 15:35:25
5.096 467.463 2380.000 15:35:26
5.100 468.951 2385.854 15:35:27
5.100 466.561 2374.634 15:35:28
5.100 466.756 2375.122 15:35:29
5.096 469.366 2390.732 15:35:30
5.100 467.463 2392.683 15:35:31
5.096 466.049 2377.073 15:35:32
5.096 466.463 2374.634 15:35:33
5.100 466.756 2377.073 15:35:34
5.080 520.244 2620.488 15:35:35
5.096 466.366 2377.073 15:35:36
5.004 733.537 3664.390 15:35:37
5.068 553.756 2804.390 15:35:38
5.068 550.756 2805.366 15:35:39
