5.068 554.659 2810.732 15:54:42
5.016 688.146 3447.805 15:54:43
5.012 689.927 3465.366 15:54:44
5.068 555.756 2802.927 15:54:45
5.096 477.463 2428.293 15:54:46
5.096 467.463 2384.878 15:54:47
5.004 712.024 3566.341 15:54:48
5.068 555.049 2812.683 15:54:49
5.016 715.634 3601.463 15:54:50
5.068 553.659 2803.902 15:54:51
5.008 696.439 3549.268 15:54:52
5.076 516.659 2626.341 15:54:53
5.012 716.732 3582.927 15:54:54
5.068 553.439 2803.902 15:54:55
5.000 733.024 3710.732 15:54:57
5.060 580.951 2929.268 15:54:58
5.068 552.951 2795.610 15:54:59
5.088 490.146 2497.561 15:55:00
5.088 493.951 2516.585 15:55:01
5.068 557.341 2810.244 15:55:02
5.064 568.341 3012.195 15:55:03
5.064 552.951 2801.463 15:55:04
5.032 615.732 3219.512 15:55:05
5.008 733.732 3581.463 15:55:06
5.096 467.854 2395.122 15:55:07
5.068 552.244 2799.512 15:55:08
5.064 552.341 3484.878 15:55:09
5.008 720.122 3638.049 15:55:10
5.064 557.439 2819.512 15:55:11
5.068 555.756 2819.512 15:55:12
5.088 491.854 2486.341 15:55:13
5.064 576.854 2938.537 15:55:14
5.064 556.244 2810.732 15:55:15
5.064 557.659 2809.268 15:55:16
5.068 560.951 2812.683 15:55:17
5.064 554.756 2810.732 15:55:18
5.064 552.756 2805.366 15:55:19
5.080 544.244 2691.707 15:55:20
5.068 553.537 2823.902 15:55:21
5.068 554.537 2800.488 15:55:22
5.068 552.854 2800.488 15:55:23
5.064 555.244 2816.585 15:55:24
5.068 556.341 2803.902 15:55:25
5.076 513.951 2618.049 15:55:26
5.096 470.561 2391.220 15:55:27
5.092 468.951 2383.902 15:55:28
5.080 517.756 2624.878 15:55:29
5.100 473.366 2388.293 15:55:30
5.100 470.244 2400.976 15:55:31
5.080 515.244 2612.683 15:55:32
5.096 470.049 2393.659 15:55:33
5.100 469.049 2393.659 15:55:34
5.080 517.756 2623.902 15:55:35
5.096 469.366 2396.098 15:55:36
5.096 466.951 2380.000 15:55:37
5.080 513.854 2613.659 15:55:38
5.100 467.463 2387.317 15:55:39
5.092 466.854 2377.561 15:55:40
5.080 514.341 2622.439 15:55:41
5.096 469.561 2394.634 15:55:42
5.096 469.854 2381.951 15:55:43
5.100 466.854 2375.122 15:55:44
5.096 467.049 2380.976 15:55:45
5.080 518.146 2635.122 15:55:46
5.100 469.756 2398.537 15:55:47
5.096 469.659 2393.659 15:55:48
5.096 472.146 2427.317 15:55:49
5.096 468.756 2379.512 15:55:50
5.096 467.049 2393.659 15:55:51
5.096 466.951 2375.122 15:55:52
5.100 468.049 2392.195 15:55:53
5.096 469.244 2391.220 15:55:54
5.100 474.463 2387.317 15:55:55
5.096 466.049 2373.659 15:55:56
5.000 735.537 3646.341 15:55:57
5.068 554.439 2805.366 15:55:58
5.068 551.951 2795.122 15:55:59
