5.000 731.927 3656.585 15:47:54
5.020 679.439 3501.463 15:47:55
5.012 685.829 3451.220 15:47:56
5.068 555.341 2814.146 15:47:57
5.092 480.049 2425.854 15:47:58
5.108 442.659 2273.171 15:47:59
5.020 684.244 3402.927 15:48:00
5.076 530.244 2677.561 15:48:01
5.012 714.341 3578.049 15:48:02
5.064 556.049 2815.122 15:48:03
5.008 728.537 3580.000 15:48:04
5.080 515.756 2620.488 15:48:05
5.008 719.927 3555.610 15:48:06
5.068 555.341 2799.512 15:48:07
5.012 714.927 3580.000 15:48:08
5.040 629.951 3841.951 15:48:09
5.064 553.951 2813.171 15:48:10
5.080 514.561 2610.244 15:48:11
5.064 556.756 2803.902 15:48:12
5.016 600.732 2842.927 15:48:13
5.064 551.951 2805.366 15:48:15
5.052 612.854 2877.073 15:48:16
5.004 714.244 3560.000 15:48:17
5.080 516.756 2616.098 15:48:18
5.064 554.049 2819.024 15:48:19
5.072 555.537 2825.366 15:48:20
4.992 762.927 3744.390 15:48:21
5.064 552.659 2799.512 15:48:22
5.060 672.634 3461.463 15:48:23
5.096 467.366 2380.000 15:48:24
5.068 553.439 2796.585 15:48:25
5.068 551.951 2804.390 15:48:26
5.064 555.537 2820.488 15:48:27
5.064 554.951 2825.366 15:48:28
5.060 552.244 2798.049 15:48:29
5.080 514.341 2616.098 15:48:30
5.076 516.951 2615.122 15:48:31
5.056 591.146 2996.098 15:48:32
5.068 554.146 2819.512 15:48:33
5.068 556.244 2809.268 15:48:34
5.068 554.659 2814.146 15:48:35
5.068 553.244 2815.610 15:48:36
5.080 517.244 2632.683 15:48:37
5.096 467.244 2383.415 15:48:38
5.096 467.951 2380.000 15:48:39
5.096 470.854 2395.122 15:48:40
5.084 516.049 2606.341 15:48:41
5.096 467.146 2385.854 15:48:42
5.064 549.756 2787.805 15:48:43
5.080 516.049 2622.439 15:48:44
5.096 474.854 2397.073 15:48:45
5.080 522.756 2611.707 15:48:46
5.080 514.049 2614.146 15:48:47
5.080 514.439 2613.659 15:48:48
5.096 467.854 2388.780 15:48:49
5.080 516.951 2610.244 15:48:50
5.096 470.049 2392.195 15:48:51
5.080 513.146 2614.146 15:48:52
5.080 514.146 2609.268 15:48:53
5.084 504.341 2560.000 15:48:54
5.100 466.561 2376.098 15:48:55
5.080 513.854 2612.683 15:48:56
5.100 472.146 2393.659 15:48:57
5.076 515.951 2610.244 15:48:58
5.080 513.659 2615.122 15:48:59
5.108 430.756 2198.537 15:49:00
5.108 441.561 2252.195 15:49:01
5.104 443.951 2253.659 15:49:02
5.096 468.561 2401.463 15:49:03
5.096 467.049 2393.659 15:49:04
5.084 503.049 2557.561 15:49:05
5.096 466.366 2380.000 15:49:06
5.096 466.854 2383.902 15:49:07
5.096 466.854 2377.561 15:49:08
5.068 570.341 2799.024 15:49:09
5.064 551.854 2786.829 15:49:10
5.064 554.146 2803.902 15:49:11
