5.000 730.829 3652.683 17:18:45
5.016 688.732 3497.561 17:18:46
5.016 688.341 3507.805 17:18:47
5.064 557.659 2811.707 17:18:48
5.092 477.659 2428.293 17:18:49
5.080 514.561 2614.146 17:18:50
5.008 717.537 3588.780 17:18:52
5.072 555.341 2802.927 17:18:53
5.008 713.537 3562.927 17:18:54
5.056 588.854 2978.049 17:18:55
5.008 713.537 3575.122 17:18:56
5.096 468.366 2383.902 17:18:57
5.008 713.341 3606.341 17:18:58
5.064 558.537 2808.293 17:18:59
5.016 689.732 3459.024 17:19:00
5.076 528.439 2688.780 17:19:01
4.996 686.439 3433.659 17:19:02
5.068 554.537 2804.390 17:19:03
5.012 723.341 3555.122 17:19:04
5.056 591.732 2983.415 17:19:05
4.996 755.537 3758.049 17:19:06
5.064 553.341 2804.390 17:19:07
5.004 717.024 3607.805 17:19:08
5.068 553.854 2808.293 17:19:09
5.000 731.732 3696.585 17:19:10
5.004 787.317 3606.829 17:19:11
5.008 717.122 3549.268 17:19:12
4.992 601.732 3104.878 17:19:13
4.992 743.537 3606.341 17:19:14
5.068 553.854 2806.341 17:19:15
5.044 705.829 2810.244 17:19:16
5.056 590.854 2982.927 17:19:17
5.064 556.537 3292.683 17:19:18
5.068 553.854 2806.341 17:19:19
5.044 707.927 3072.195 17:19:20
4.996 723.220 3210.732 17:19:21
5.012 712.537 3594.146 17:19:22
5.060 567.951 2865.366 17:19:23
5.064 555.146 2815.122 17:19:24
5.068 553.951 2814.146 17:19:25
5.068 554.049 2804.390 17:19:26
5.064 557.146 2795.122 17:19:27
5.052 591.951 2995.610 17:19:28
5.096 470.951 2400.976 17:19:29
5.064 560.854 2816.585 17:19:30
5.068 558.049 2802.927 17:19:31
5.072 553.341 2803.902 17:19:32
5.064 556.049 2815.610 17:19:33
5.068 553.537 2805.366 17:19:34
5.076 516.049 2616.585 17:19:35
5.100 469.951 2384.878 17:19:36
5.096 468.659 2383.902 17:19:37
5.096 467.366 2382.439 17:19:38
5.084 503.244 2557.561 17:19:39
5.096 468.049 2388.293 17:19:40
5.076 520.561 2633.659 17:19:41
5.096 470.854 2409.756 17:19:42
5.080 516.854 2627.317 17:19:43
5.084 516.244 2621.463 17:19:44
5.096 470.049 2387.317 17:19:45
5.080 514.659 2622.439 17:19:46
5.080 515.341 2631.220 17:19:47
5.100 470.659 2393.659 17:19:48
5.084 515.049 2607.805 17:19:49
5.068 550.146 2792.683 17:19:50
5.096 467.951 2386.341 17:19:51
5.100 470.659 2383.902 17:19:52
5.080 519.951 2638.049 17:19:53
5.080 515.756 2611.220 17:19:54
5.096 467.561 2384.878 17:19:55
5.080 517.146 2625.366 17:19:56
5.100 471.463 2379.512 17:19:57
5.096 467.561 2380.976 17:19:58
5.100 467.049 2380.000 17:19:59
4.972 431.171 2967.317 17:20:00
5.096 478.659 2432.195 17:20:01
5.092 494.146 2496.098 17:20:02
5.064 555.049 2806.341 17:20:03
5.068 554.659 2873.171 17:20:04
5.068 552.854 2800.488 17:20:05
5.068 558.951 2810.244 17:20:06
5.068 554.146 2795.122 17:20:07
5.096 468.049 2389.756 17:20:08
5.096 469.659 2393.659 17:20:09
5.000 734.537 3690.732 17:20:10
5.064 554.439 2807.805 17:20:11
5.056 588.244 2982.927 17:20:12
