5.064 555.659 2811.707 15:59:51
5.012 692.829 3555.610 15:59:52
5.012 710.537 3550.244 15:59:53
5.072 553.244 2799.512 15:59:54
5.064 557.659 2809.268 15:59:55
5.096 468.366 2387.317 15:59:56
5.008 699.244 3557.561 15:59:57
5.068 555.756 2806.341 15:59:58
5.008 710.829 3526.829 15:59:59
5.004 516.659 2623.902 16:00:00
5.004 711.537 3590.244 16:00:01
5.096 468.366 2390.732 16:00:02
4.988 762.537 3613.659 16:00:03
5.068 555.024 2814.634 16:00:04
5.008 753.610 3553.171 16:00:05
5.064 557.024 2813.659 16:00:06
5.004 714.829 3578.537 16:00:07
5.068 556.537 2818.537 16:00:08
5.068 553.268 2829.268 16:00:09
5.068 553.024 2800.976 16:00:10
5.048 591.854 3070.244 16:00:11
5.036 553.659 2799.024 16:00:12
5.068 571.463 2786.341 16:00:13
5.012 714.049 3550.244 16:00:14
5.064 556.439 2804.878 16:00:15
5.064 553.268 2811.707 16:00:16
5.056 596.049 2929.756 16:00:17
5.040 593.659 3402.927 16:00:18
5.064 565.756 2866.341 16:00:19
5.064 559.366 2827.317 16:00:20
5.064 556.439 2801.951 16:00:21
5.072 556.146 2813.659 16:00:22
5.064 555.561 2848.780 16:00:23
5.068 553.756 2801.951 16:00:24
5.068 554.634 2811.707 16:00:25
5.064 553.366 2803.902 16:00:26
5.064 555.268 2811.707 16:00:27
5.068 555.951 2811.707 16:00:28
5.068 556.439 2813.659 16:00:29
5.096 471.756 2413.659 16:00:30
5.100 468.146 2385.366 16:00:31
5.080 516.927 2623.415 16:00:32
5.096 470.878 2389.268 16:00:33
5.100 473.463 2394.146 16:00:34
5.096 473.756 2423.415 16:00:35
5.092 471.171 2399.024 16:00:36
5.084 518.341 2628.293 16:00:37
5.076 518.146 2628.293 16:00:38
5.080 516.732 2628.293 16:00:39
5.076 519.951 2643.902 16:00:40
5.096 473.366 2408.780 16:00:41
5.096 470.439 2402.927 16:00:42
5.080 518.829 2634.146 16:00:43
5.076 519.951 2623.415 16:00:44
5.080 516.829 2621.463 16:00:45
5.084 515.463 2629.268 16:00:46
5.080 516.537 2628.293 16:00:47
5.096 471.268 2380.488 16:00:48
5.076 518.049 2631.220 16:00:49
5.080 514.439 2608.780 16:00:50
5.096 471.463 2406.829 16:00:51
5.080 514.439 2611.707 16:00:52
5.100 467.073 2385.366 16:00:53
5.100 467.756 2376.585 16:00:54
5.080 516.927 2623.415 16:00:55
5.096 470.244 2403.902 16:00:56
5.096 469.756 2380.488 16:00:57
5.100 467.463 2380.488 16:00:58
5.100 469.561 2389.268 16:00:59
5.096 473.561 2646.829 16:01:00
5.104 443.268 2260.488 16:01:01
5.100 468.878 2383.415 16:01:02
5.064 554.634 2797.073 16:01:03
5.064 561.756 2846.829 16:01:04
5.064 558.244 2804.878 16:01:05
5.064 557.366 2806.829 16:01:06
5.064 555.171 2808.780 16:01:07
5.064 553.951 2796.098 16:01:08
5.068 552.049 2801.951 16:01:09
