5.000 733.927 3638.049 15:24:27
5.020 681.829 3498.049 15:24:28
5.004 738.220 3690.732 15:24:29
5.064 552.341 2794.146 15:24:30
5.092 476.659 2428.780 15:24:31
5.100 467.756 2391.220 15:24:32
5.052 592.732 2985.854 15:24:33
5.068 553.951 2822.927 15:24:34
5.012 710.537 3571.707 15:24:35
5.064 552.854 2803.902 15:24:36
5.004 695.122 3531.220 15:24:37
5.080 569.854 2628.780 15:24:38
5.008 712.024 3559.024 15:24:39
5.052 587.951 2969.268 15:24:40
5.068 555.854 2799.512 15:24:41
5.060 551.951 2796.585 15:24:42
5.064 554.537 2816.585 15:24:44
5.076 513.341 2608.780 15:24:45
5.068 552.244 2793.171 15:24:46
5.064 550.951 2803.902 15:24:47
5.068 554.244 2822.927 15:24:48
5.072 551.659 2790.244 15:24:49
5.008 717.927 3563.902 15:24:50
5.080 516.854 2621.463 15:24:51
5.052 589.732 2968.293 15:24:52
5.068 552.659 2801.463 15:24:53
5.068 552.951 2800.488 15:24:54
5.064 551.439 2810.244 15:24:55
5.060 610.146 3407.317 15:24:56
5.080 517.756 2619.024 15:24:57
5.044 610.244 3079.512 15:24:58
5.064 551.951 2898.049 15:24:59
5.076 642.341 3212.683 15:25:00
5.080 526.341 2676.585 15:25:01
5.076 528.049 2674.146 15:25:02
5.052 588.951 2979.512 15:25:03
5.080 514.659 2607.317 15:25:04
5.096 469.756 2388.293 15:25:05
5.080 516.561 2625.366 15:25:06
5.080 518.561 2622.439 15:25:07
5.080 514.561 2608.780 15:25:08
5.100 468.463 2397.561 15:25:09
5.080 514.049 2607.317 15:25:10
5.092 469.756 2392.683 15:25:11
5.096 466.951 2376.098 15:25:12
5.096 466.756 2374.634 15:25:13
5.068 549.341 2609.268 15:25:14
5.100 466.951 2374.634 15:25:15
5.096 467.049 2378.537 15:25:16
5.080 513.439 2615.122 15:25:17
5.096 466.854 2378.537 15:25:18
5.096 467.561 2378.537 15:25:19
5.096 466.561 2535.122 15:25:20
5.080 516.146 2607.317 15:25:21
5.100 466.854 2374.634 15:25:22
5.096 467.561 2387.317 15:25:23
5.080 514.854 2610.244 15:25:24
5.100 467.146 2375.122 15:25:25
5.080 515.439 2618.049 15:25:26
5.096 469.756 2380.000 15:25:27
5.096 466.561 2377.073 15:25:28
5.096 465.756 2378.537 15:25:29
5.100 465.951 2372.195 15:25:30
5.096 471.659 2399.512 15:25:31
5.080 512.561 2601.463 15:25:32
5.096 467.146 2376.098 15:25:33
5.080 512.854 2606.341 15:25:34
5.100 466.244 2383.415 15:25:35
5.096 466.244 2384.878 15:25:36
5.100 465.951 2374.634 15:25:37
5.096 470.756 2385.854 15:25:38
5.100 465.756 2376.098 15:25:39
5.004 732.927 3643.902 15:25:40
5.064 553.439 2802.927 15:25:41
5.064 552.537 2786.341 15:25:42
