5.004 705.341 3526.829 16:27:47
5.012 687.341 3490.244 16:27:48
5.016 690.634 3422.927 16:27:49
5.068 552.341 2801.951 16:27:50
5.068 552.659 2800.488 16:27:51
5.100 469.366 2389.756 16:27:52
5.084 515.439 2639.024 16:27:53
5.068 557.659 2799.024 16:27:54
5.012 717.927 3560.000 16:27:55
5.068 552.244 2796.585 16:27:56
5.008 711.341 3560.000 16:27:57
5.068 553.537 2814.146 16:27:58
5.008 714.634 3567.805 16:27:59
4.952 516.854 2620.488 16:28:00
5.020 687.927 3461.463 16:28:01
5.068 555.537 2830.732 16:28:02
5.004 716.122 3571.707 16:28:03
5.012 717.927 3546.341 16:28:04
5.008 729.732 3595.122 16:28:05
5.012 715.122 3677.073 16:28:06
5.068 553.537 2801.463 16:28:07
5.008 576.951 2965.366 16:28:08
5.068 547.537 2734.146 16:28:09
5.068 552.854 2809.268 16:28:10
5.064 556.951 2818.049 16:28:11
5.068 555.049 2801.951 16:28:12
5.068 710.634 3359.024 16:28:13
5.008 693.122 3553.171 16:28:14
5.024 583.439 3231.220 16:28:15
5.060 626.829 2959.512 16:28:17
5.056 636.732 3232.683 16:28:18
5.072 552.756 2817.073 16:28:19
5.068 554.756 2811.707 16:28:20
5.080 516.244 2616.098 16:28:21
5.004 702.024 3555.610 16:28:22
5.064 552.341 3383.902 16:28:23
5.068 552.537 2799.024 16:28:24
5.012 715.341 2812.683 16:28:25
5.068 551.951 2797.073 16:28:26
5.080 520.341 2620.000 16:28:27
5.064 554.659 2820.488 16:28:28
5.064 555.244 2816.585 16:28:29
5.064 555.756 2813.171 16:28:30
5.068 557.659 2816.585 16:28:31
5.064 555.341 2817.073 16:28:32
5.064 564.854 2651.707 16:28:33
5.096 467.951 2394.634 16:28:34
5.096 468.244 2381.951 16:28:35
5.080 523.659 2661.463 16:28:36
5.080 517.146 2624.878 16:28:37
5.076 520.659 2646.341 16:28:38
5.080 520.561 2648.780 16:28:39
5.080 516.756 2626.341 16:28:40
5.096 469.756 2397.073 16:28:41
5.084 517.951 2628.780 16:28:42
5.084 517.049 2620.000 16:28:43
5.080 515.756 2620.488 16:28:44
5.080 513.561 2612.683 16:28:45
5.080 518.951 2629.268 16:28:46
5.096 467.854 2377.073 16:28:47
5.080 533.146 2605.366 16:28:48
5.080 513.659 2612.683 16:28:49
5.080 514.951 2622.439 16:28:50
5.080 517.854 2634.146 16:28:51
5.080 513.439 2609.268 16:28:52
5.076 515.244 2614.146 16:28:53
5.084 513.951 2607.317 16:28:54
5.080 515.854 2620.000 16:28:55
5.100 466.366 2377.073 16:28:56
5.080 512.951 2603.902 16:28:57
5.080 513.439 2604.878 16:28:58
5.080 516.951 2716.585 16:28:59
5.108 433.268 3060.488 16:29:00
5.108 441.049 2298.537 16:29:01
5.092 488.146 2491.220 16:29:02
5.068 551.146 2789.268 16:29:03
5.064 553.439 2804.390 16:29:04
5.068 551.537 2803.902 16:29:05
5.000 728.927 3659.512 16:29:06
5.068 553.756 2804.390 16:29:07
5.080 513.854 2619.024 16:29:08
