5.004 730.220 3646.341 15:58:08
5.016 698.634 3455.122 15:58:09
5.016 699.341 3526.829 15:58:10
5.068 552.854 2795.610 15:58:11
5.092 477.659 2432.195 15:58:12
5.080 517.659 2636.585 15:58:13
5.008 718.927 3571.707 15:58:14
5.068 551.659 2811.707 15:58:15
5.008 716.732 3576.585 15:58:16
5.064 562.341 2800.488 15:58:17
5.068 722.122 3020.488 15:58:18
5.088 506.951 2741.463 15:58:19
5.056 604.951 3007.317 15:58:20
5.012 715.439 3593.171 15:58:21
5.008 687.537 3408.780 15:58:22
5.068 552.341 2802.927 15:58:23
5.008 720.927 3605.366 15:58:24
5.076 515.439 2627.805 15:58:25
5.040 638.341 3462.439 15:58:26
5.064 555.756 2809.268 15:58:27
5.068 553.146 2800.488 15:58:28
5.068 555.537 2825.366 15:58:29
5.064 555.049 2821.951 15:58:30
5.064 553.146 2798.049 15:58:31
5.064 555.659 2815.610 15:58:32
5.072 553.951 2795.122 15:58:33
5.064 557.341 2850.244 15:58:34
5.064 566.049 2810.732 15:58:35
5.068 554.756 2799.024 15:58:36
5.052 602.341 3008.293 15:58:37
5.060 652.439 3018.537 15:58:38
5.068 622.146 3380.000 15:58:39
5.072 560.049 2825.366 15:58:40
5.076 516.146 2622.927 15:58:41
5.064 554.146 2802.927 15:58:42
5.064 552.537 2805.366 15:58:43
5.068 553.756 2801.463 15:58:44
5.064 555.049 2810.244 15:58:45
5.068 555.439 2810.732 15:58:46
5.096 468.366 2382.439 15:58:47
5.096 468.561 2386.341 15:58:48
5.100 470.756 2385.854 15:58:49
5.096 469.756 2396.098 15:58:50
5.100 467.951 2386.341 15:58:51
5.096 467.463 2399.512 15:58:52
5.096 469.561 2385.854 15:58:53
5.100 469.659 2386.341 15:58:54
5.092 470.146 2397.073 15:58:55
5.096 468.561 2395.122 15:58:56
5.084 513.341 2602.439 15:58:57
5.096 473.366 2393.659 15:58:58
5.096 466.659 2395.122 15:58:59
5.092 476.756 2431.220 15:59:00
5.096 470.049 2385.854 15:59:01
5.108 443.366 2260.976 15:59:02
5.068 555.756 3164.878 15:59:03
5.064 555.146 2806.829 15:59:04
5.068 552.537 2817.073 15:59:05
5.068 555.439 2809.268 15:59:06
5.068 555.049 2812.683 15:59:07
5.096 468.146 2384.878 15:59:08
5.092 469.951 2386.341 15:59:09
5.096 466.659 2384.878 15:59:10
5.096 469.854 2387.317 15:59:11
5.096 467.463 2390.732 15:59:12
5.096 470.659 2378.537 15:59:13
5.096 466.756 2379.512 15:59:14
5.096 468.951 2393.659 15:59:15
5.096 470.854 2400.976 15:59:16
5.096 470.366 2379.512 15:59:17
5.096 468.854 2383.902 15:59:18
5.096 466.366 2378.537 15:59:19
5.096 466.463 2377.561 15:59:20
5.092 468.756 2374.634 15:59:21
5.096 466.244 2378.537 15:59:22
5.096 468.659 2388.293 15:59:23
5.000 733.829 3652.683 15:59:24
5.064 552.341 2795.122 15:59:25
