5.004 727.537 3638.049 15:08:08
5.016 689.634 3445.366 15:08:09
5.016 690.341 3593.171 15:08:10
5.068 561.439 2825.854 15:08:11
5.092 479.366 2435.122 15:08:12
5.104 444.366 2273.659 15:08:13
5.096 468.854 2388.293 15:08:14
5.008 720.439 3568.780 15:08:15
5.064 551.341 2793.171 15:08:16
5.008 698.927 3564.390 15:08:17
5.056 586.854 2965.854 15:08:18
5.012 556.439 2830.244 15:08:19
5.076 522.244 2853.171 15:08:20
5.068 552.146 2793.171 15:08:21
5.068 555.244 2795.122 15:08:22
5.068 552.854 2799.024 15:08:23
5.068 551.537 2790.244 15:08:24
5.064 553.049 2794.146 15:08:25
5.096 466.244 2372.683 15:08:26
5.064 555.854 2806.341 15:08:27
5.068 551.439 2793.171 15:08:28
5.052 588.244 2978.537 15:08:29
5.068 559.854 2791.707 15:08:30
5.064 551.341 2792.683 15:08:31
5.080 517.049 2612.683 15:08:32
5.068 553.854 2803.902 15:08:33
5.068 555.951 2814.146 15:08:34
5.068 551.244 2793.171 15:08:35
5.072 551.537 2790.732 15:08:36
5.068 552.439 2795.610 15:08:37
5.068 541.439 2888.293 15:08:38
5.008 715.829 3589.268 15:08:39
5.056 587.244 2960.976 15:08:40
5.068 551.951 2795.122 15:08:41
5.068 553.439 2791.707 15:08:42
5.064 552.341 2795.122 15:08:43
5.096 468.854 2390.732 15:08:44
5.096 471.146 2399.512 15:08:45
5.096 468.561 2387.317 15:08:46
5.096 465.756 2377.561 15:08:47
5.096 466.049 2384.878 15:08:48
5.096 465.854 2373.659 15:08:49
5.096 467.463 2372.195 15:08:50
5.084 507.951 2555.122 15:08:51
5.096 465.146 2373.659 15:08:52
5.100 466.756 2388.293 15:08:53
5.092 468.146 2375.122 15:08:54
5.100 466.951 2375.122 15:08:55
5.100 466.049 2372.195 15:08:56
5.096 468.366 2376.098 15:08:57
5.092 482.244 2526.341 15:08:58
5.100 475.146 2371.220 15:08:59
5.108 430.951 2580.000 15:09:00
5.096 468.146 2380.000 15:09:01
5.084 468.244 2388.293 15:09:02
5.068 558.341 2801.463 15:09:03
5.068 552.756 2821.463 15:09:04
5.068 553.439 2799.512 15:09:05
5.068 556.244 2794.146 15:09:06
5.068 551.537 2793.171 15:09:07
5.096 469.244 2397.561 15:09:08
5.096 469.146 2383.902 15:09:09
5.096 477.049 2384.878 15:09:10
5.096 466.463 2377.561 15:09:11
5.100 466.146 2385.854 15:09:12
5.096 465.951 2372.195 15:09:13
5.100 466.854 2387.317 15:09:14
5.096 467.951 2384.878 15:09:15
5.096 468.366 2383.415 15:09:16
5.096 466.854 2375.122 15:09:17
5.096 467.756 2374.634 15:09:18
4.916 1134.780 5238.049 15:09:19
5.068 553.024 2797.073 15:09:20
5.068 553.854 2799.024 15:09:21
