5.000 736.634 3669.268 14:45:09
5.016 701.122 3446.341 14:45:10
5.000 744.927 3658.049 14:45:11
5.068 553.756 2797.073 14:45:12
5.096 487.951 2420.000 14:45:13
5.108 444.049 2281.951 14:45:14
5.100 466.463 2382.439 14:45:15
5.008 717.439 3584.390 14:45:16
5.056 590.439 2972.195 14:45:17
5.068 550.146 2803.902 14:45:18
5.068 552.439 2808.293 14:45:19
5.068 552.659 2799.024 14:45:20
5.100 464.854 2368.293 14:45:21
5.056 587.854 2965.854 14:45:22
5.060 552.146 2788.293 14:45:23
5.072 553.146 2784.390 14:45:24
5.068 552.439 2795.610 14:45:25
5.064 550.537 2799.024 14:45:26
5.096 464.854 2366.341 14:45:27
5.064 550.049 2788.293 14:45:28
5.072 552.537 2786.341 14:45:29
5.068 549.951 2781.951 14:45:30
5.068 552.439 2811.707 14:45:31
5.068 550.537 2790.244 14:45:32
5.072 545.439 2712.683 14:45:33
5.076 519.561 2627.805 14:45:34
5.068 551.146 2786.341 14:45:35
5.072 552.756 2808.293 14:45:36
5.068 552.756 2799.024 14:45:37
5.068 551.756 2787.805 14:45:38
5.068 552.951 2782.927 14:45:39
5.100 468.463 2381.951 14:45:40
5.096 466.049 2388.293 14:45:41
5.096 469.756 2380.976 14:45:42
5.096 467.561 2380.976 14:45:43
5.088 499.244 2538.537 14:45:44
5.096 464.756 2367.317 14:45:45
5.092 464.561 2366.341 14:45:46
5.100 465.244 2370.732 14:45:47
5.096 467.561 2380.976 14:45:48
5.124 389.366 1995.122 14:45:49
5.080 512.439 2600.488 14:45:50
5.100 464.756 2370.732 14:45:51
5.124 389.854 1995.122 14:45:52
5.100 467.951 2368.780 14:45:53
5.100 467.659 2375.122 14:45:54
5.112 424.659 2172.195 14:45:55
5.096 464.561 2383.415 14:45:56
5.100 464.463 2368.780 14:45:57
5.124 388.951 1990.732 14:45:58
5.096 466.854 2364.878 14:45:59
5.108 428.659 3493.659 14:46:00
5.108 444.561 2280.976 14:46:01
5.108 440.951 2249.756 14:46:02
5.064 549.049 2779.512 14:46:03
5.068 549.439 2786.829 14:46:04
5.068 549.951 2782.927 14:46:05
5.056 586.854 2971.707 14:46:06
5.096 473.561 2412.683 14:46:07
5.096 467.463 2383.902 14:46:08
5.096 464.366 2370.732 14:46:09
5.124 391.463 1989.268 14:46:10
5.100 465.049 2369.756 14:46:11
5.100 465.049 2388.780 14:46:12
5.124 388.756 1990.732 14:46:13
5.100 464.756 2376.098 14:46:14
5.100 465.366 2370.732 14:46:15
5.000 730.439 3638.049 14:46:16
5.052 588.756 2964.390 14:46:17
5.068 553.439 2785.366 14:46:18
