5.000 662.439 3304.878 16:28:16
5.016 692.122 3421.463 16:28:17
5.068 539.854 2739.024 16:28:18
5.072 693.829 2941.951 16:28:19
5.072 539.341 2737.561 16:28:20
5.060 575.951 2863.415 16:28:21
5.012 693.341 3310.244 16:28:22
5.072 537.439 2745.366 16:28:23
5.072 540.537 2743.902 16:28:24
5.076 538.854 2730.244 16:28:25
5.084 501.756 2532.683 16:28:26
5.020 688.634 3343.902 16:28:27
4.988 742.341 2956.585 16:28:28
5.052 574.634 2920.488 16:28:29
5.012 695.439 3551.220 16:28:30
5.016 694.634 3467.317 16:28:31
5.072 536.537 2720.976 16:28:32
4.984 538.049 2794.146 16:28:33
5.068 536.829 2731.707 16:28:34
5.072 537.659 2743.415 16:28:35
5.072 541.268 2743.415 16:28:36
