5.024 686.732 3482.927 16:22:39
5.024 679.244 3420.000 16:22:40
5.068 539.951 2741.463 16:22:41
5.056 569.049 2845.854 16:22:42
5.072 536.341 2715.122 16:22:43
5.072 538.659 2732.683 16:22:44
5.056 590.634 2861.951 16:22:45
5.072 538.537 2731.707 16:22:46
5.076 536.146 2711.707 16:22:47
5.036 654.146 2935.610 16:22:48
5.084 498.463 2532.195 16:22:49
5.072 536.439 2730.244 16:22:50
5.072 550.951 2752.683 16:22:51
5.060 559.756 2905.366 16:22:52
5.076 511.854 2638.049 16:22:53
5.072 538.146 2726.829 16:22:54
5.056 568.049 2878.049 16:22:55
5.072 536.439 2706.829 16:22:56
5.072 535.854 2725.366 16:22:57
5.072 536.341 2715.122 16:22:58
5.072 537.659 2735.610 16:22:59
