5.016 675.024 3388.780 16:23:01
5.012 687.537 3462.927 16:23:02
5.068 539.854 2728.780 16:23:03
5.060 584.244 2824.390 16:23:04
5.068 544.244 2719.024 16:23:05
5.072 539.341 2738.049 16:23:06
5.012 704.244 3507.805 16:23:07
5.072 536.561 2720.000 16:23:08
5.068 537.244 2721.951 16:23:09
5.064 614.951 2859.024 16:23:10
5.084 499.951 2547.317 16:23:11
5.072 536.561 2716.585 16:23:12
5.056 575.341 2865.854 16:23:13
5.008 727.220 3402.439 16:23:14
5.068 541.244 2723.902 16:23:15
5.064 571.756 2894.146 16:23:16
5.072 550.756 2801.951 16:23:17
5.072 539.244 2736.585 16:23:18
5.016 690.537 3414.146 16:23:19
5.072 536.244 2715.122 16:23:20
