5.024 676.732 3391.707 16:34:21
5.016 671.732 3360.976 16:34:22
5.068 540.439 2734.146 16:34:23
5.048 766.439 3341.463 16:34:24
5.072 540.049 2734.146 16:34:25
5.060 594.244 2947.805 16:34:26
5.064 544.049 3218.537 16:34:27
5.068 538.537 2726.341 16:34:28
5.044 563.756 3268.780 16:34:29
5.068 540.537 2736.585 16:34:30
5.064 586.756 2922.927 16:34:31
5.016 635.732 2891.707 16:34:32
5.072 537.951 2723.902 16:34:33
5.060 578.854 2831.707 16:34:34
5.016 692.024 3345.366 16:34:35
5.060 548.341 2826.829 16:34:36
5.072 540.439 2735.610 16:34:37
5.072 545.146 3440.488 16:34:38
5.072 540.439 2740.000 16:34:39
5.072 537.659 2722.927 16:34:40
5.068 539.439 2728.780 16:34:41
