5.024 696.732 3500.000 16:10:32
5.020 683.244 3436.098 16:10:33
5.072 536.561 2721.951 16:10:34
5.004 737.537 3603.902 16:10:35
5.072 538.756 2764.390 16:10:36
5.072 538.146 2731.220 16:10:37
5.072 539.951 2732.683 16:10:38
5.076 533.756 2697.561 16:10:39
5.072 536.951 2721.951 16:10:40
5.068 537.561 2717.561 16:10:41
5.072 534.049 2729.268 16:10:42
5.064 570.634 2893.171 16:10:43
5.072 538.951 2702.439 16:10:44
5.024 589.244 2850.244 16:10:45
5.064 537.561 2737.561 16:10:46
5.072 537.049 2723.902 16:10:47
5.072 536.659 2733.171 16:10:48
5.056 572.341 2890.244 16:10:49
5.084 500.659 2542.927 16:10:50
5.100 450.146 2293.659 16:10:51
