5.028 676.341 3405.366 16:28:38
5.016 687.732 3448.780 16:28:39
5.072 540.537 2735.122 16:28:40
5.068 672.244 3146.341 16:28:41
5.068 537.561 2726.829 16:28:42
4.996 715.122 3856.098 16:28:43
5.072 537.756 2717.561 16:28:44
5.072 538.756 2717.561 16:28:45
5.016 689.146 3471.707 16:28:46
5.072 537.146 2722.927 16:28:47
5.084 500.049 2551.220 16:28:48
5.016 693.439 3467.805 16:28:49
5.072 537.561 2720.488 16:28:50
5.072 542.659 2732.683 16:28:51
5.024 659.537 3362.439 16:28:52
5.084 502.756 2540.976 16:28:53
5.012 695.244 3460.000 16:28:55
5.024 751.220 3549.268 16:28:56
5.068 536.756 2725.366 16:28:57
5.020 674.732 3354.146 16:28:58
5.068 537.756 2725.366 16:28:59
