5.032 667.829 3355.122 16:29:01
5.012 690.439 3467.805 16:29:02
5.072 540.146 2736.585 16:29:03
5.024 548.049 2859.512 16:29:04
5.072 556.537 3034.634 16:29:05
5.016 573.756 2879.024 16:29:06
5.008 695.341 3482.927 16:29:07
5.072 539.537 2743.902 16:29:08
5.016 718.732 3492.683 16:29:09
5.060 571.537 2893.171 16:29:10
5.084 499.049 2536.098 16:29:11
5.064 698.927 3260.000 16:29:13
5.072 538.049 2720.488 16:29:14
5.072 539.341 2739.024 16:29:15
5.012 703.122 3434.146 16:29:16
5.072 537.341 2794.146 16:29:17
5.040 600.439 2857.073 16:29:18
5.016 696.341 3525.366 16:29:19
5.072 541.439 2746.341 16:29:20
5.072 540.049 2737.561 16:29:21
5.060 574.146 2909.268 16:29:22
