5.020 672.927 3375.122 16:14:52
5.016 686.927 3456.585 16:14:53
5.080 510.854 2596.585 16:14:54
5.080 510.951 2592.683 16:14:55
5.072 534.951 2711.707 16:14:56
5.072 535.659 2718.049 16:14:57
5.076 646.244 2930.732 16:14:58
5.076 535.049 2712.683 16:14:59
5.072 535.341 2717.561 16:15:00
5.016 686.732 3499.024 16:15:01
5.100 451.049 2299.512 16:15:02
5.060 575.439 2900.488 16:15:03
5.072 537.951 2723.902 16:15:04
5.076 537.659 2715.610 16:15:05
5.072 537.439 2723.902 16:15:06
5.072 537.659 2725.366 16:15:07
5.084 504.341 2561.463 16:15:08
5.068 547.951 2745.366 16:15:09
5.016 693.439 3316.098 16:15:10
5.072 536.756 2720.488 16:15:12
