5.028 671.927 3334.634 16:04:45
5.048 598.634 3000.976 16:04:46
5.076 536.561 2711.220 16:04:47
5.016 694.122 3453.659 16:04:48
5.072 533.439 2720.488 16:04:49
5.072 534.146 2706.341 16:04:50
5.072 534.146 2711.220 16:04:51
5.084 494.244 2511.220 16:04:52
5.088 715.927 2532.683 16:04:53
5.016 693.122 3475.122 16:04:54
5.068 507.049 2581.463 16:04:55
5.072 531.854 2695.122 16:04:56
5.000 722.122 3557.561 16:04:57
5.100 453.366 2644.878 16:04:58
5.072 535.244 2702.927 16:04:59
5.076 531.439 2698.049 16:05:00
5.072 531.659 2692.683 16:05:01
5.060 560.341 2848.293 16:05:02
5.072 532.341 2702.927 16:05:03
5.104 447.951 2298.537 16:05:04
