5.024 675.829 3315.122 16:35:08
5.020 688.537 3449.268 16:35:09
5.072 538.341 2740.000 16:35:10
5.012 753.537 3621.463 16:35:11
5.060 564.951 2871.707 16:35:12
4.984 608.634 3081.951 16:35:13
5.064 542.756 2765.366 16:35:14
5.068 540.146 2752.683 16:35:15
5.052 567.537 2920.488 16:35:16
5.008 693.732 3511.220 16:35:17
5.072 540.854 2736.585 16:35:18
5.012 693.732 3478.049 16:35:19
5.052 601.244 3364.878 16:35:20
5.072 540.341 2740.488 16:35:21
5.044 574.049 3343.902 16:35:22
5.064 600.049 2831.707 16:35:23
5.052 598.244 3093.171 16:35:24
5.064 563.146 2904.390 16:35:25
5.072 540.439 2737.561 16:35:26
5.068 543.244 2749.268 16:35:27
5.064 543.244 2750.732 16:35:28
