5.016 662.244 3321.463 16:38:58
5.020 676.146 3311.220 16:38:59
5.068 538.854 2750.244 16:39:00
5.060 513.659 2715.610 16:39:01
5.072 537.756 2740.000 16:39:02
5.052 571.756 3361.463 16:39:03
5.032 549.951 2732.683 16:39:04
4.984 732.537 3880.976 16:39:05
5.068 539.341 2742.927 16:39:06
5.064 540.341 2738.049 16:39:07
4.984 753.927 3635.610 16:39:08
5.060 549.439 3267.317 16:39:09
5.072 540.341 2740.000 16:39:10
5.008 756.220 3555.610 16:39:11
5.000 726.024 3498.049 16:39:12
5.016 696.732 3493.659 16:39:13
5.020 688.927 3335.122 16:39:14
5.040 579.146 3581.951 16:39:15
5.072 538.756 2725.366 16:39:16
5.080 502.854 2546.341 16:39:17
5.072 537.244 2740.488 16:39:18
5.056 573.537 2906.829 16:39:19
