5.020 668.634 3367.805 16:06:11
5.024 670.634 3380.976 16:06:12
5.072 532.854 2707.805 16:06:13
5.012 692.537 3430.244 16:06:14
5.068 534.756 2715.122 16:06:15
5.076 535.439 2726.829 16:06:16
5.072 535.561 2709.268 16:06:17
5.084 497.244 2532.683 16:06:18
5.076 533.341 2711.220 16:06:19
5.072 535.146 2725.366 16:06:20
5.072 532.439 2702.439 16:06:21
5.072 535.341 2715.122 16:06:22
5.072 535.951 2715.122 16:06:23
5.016 699.122 3426.341 16:06:24
5.076 533.439 3416.585 16:06:25
5.072 535.659 2711.220 16:06:26
5.072 534.659 2702.439 16:06:27
5.020 671.927 3369.756 16:06:28
5.068 537.341 2668.780 16:06:29
