5.024 676.829 3434.146 16:39:22
5.020 670.341 3387.317 16:39:23
5.068 537.341 2729.268 16:39:24
4.948 701.341 3405.366 16:39:25
5.072 540.146 2740.000 16:39:26
5.004 673.024 3527.805 16:39:27
5.056 577.244 2910.732 16:39:28
5.068 547.537 2761.463 16:39:29
5.016 688.537 3476.585 16:39:30
5.036 570.756 3017.073 16:39:31
5.068 540.049 2740.000 16:39:32
5.048 561.244 2816.585 16:39:33
5.072 669.146 2744.390 16:39:34
5.012 696.537 3523.902 16:39:35
5.012 696.927 3504.878 16:39:36
5.044 570.756 3038.537 16:39:37
5.056 529.244 2703.902 16:39:38
5.056 578.146 3292.195 16:39:39
5.072 540.854 2741.951 16:39:40
5.056 541.537 2742.927 16:39:41
5.072 543.049 2752.683 16:39:42
