5.024 670.024 3361.463 16:26:23
5.024 685.439 3372.195 16:26:24
5.072 540.537 2737.561 16:26:25
5.060 596.732 3274.634 16:26:26
5.072 537.756 2733.171 16:26:27
5.072 539.341 2735.122 16:26:28
5.016 705.244 3546.341 16:26:29
5.072 542.244 2741.951 16:26:30
5.072 538.756 2731.220 16:26:31
5.016 691.927 3473.659 16:26:32
5.084 499.463 2532.683 16:26:33
5.072 537.049 2720.488 16:26:34
5.012 675.927 3460.488 16:26:35
5.072 536.561 2715.122 16:26:36
5.068 538.659 2728.780 16:26:37
5.008 700.829 3475.122 16:26:38
5.068 539.366 2734.634 16:26:39
5.068 549.756 2721.951 16:26:40
5.016 693.317 3444.878 16:26:41
5.076 536.634 2731.707 16:26:42
