5.024 657.244 3447.317 16:16:42
5.016 691.341 3430.244 16:16:43
5.072 536.439 2747.805 16:16:44
5.064 554.439 2877.073 16:16:45
5.068 538.146 2720.000 16:16:46
5.072 535.659 2715.122 16:16:47
5.072 538.244 2719.024 16:16:48
5.064 535.561 2714.146 16:16:49
5.072 537.756 2741.463 16:16:50
5.064 565.049 2855.610 16:16:51
5.052 548.756 2762.927 16:16:52
5.072 542.854 2741.951 16:16:53
5.068 539.659 2730.244 16:16:54
5.064 567.634 3500.000 16:16:55
5.072 538.049 2727.805 16:16:56
5.084 498.561 2532.195 16:16:57
5.012 697.024 3382.439 16:16:58
5.072 536.244 2713.171 16:16:59
5.072 538.341 2721.463 16:17:00
5.016 692.439 3463.902 16:17:01
5.072 535.244 2715.610 16:17:02
