5.020 672.341 3396.098 16:26:45
5.016 693.537 3462.927 16:26:46
5.072 543.244 2723.902 16:26:47
5.064 564.244 3575.122 16:26:48
5.072 540.146 2734.146 16:26:49
5.008 739.927 3509.268 16:26:50
5.068 536.659 2720.000 16:26:51
5.056 573.244 2722.927 16:26:52
5.080 776.537 3894.634 16:26:53
5.020 577.049 2925.854 16:26:54
5.028 713.732 3469.268 16:26:55
5.068 536.951 2735.122 16:26:56
5.060 572.951 3171.220 16:26:57
5.068 537.146 2739.024 16:26:58
5.064 536.659 2722.927 16:26:59
5.084 505.049 2568.780 16:27:00
5.012 709.024 3514.146 16:27:01
5.048 563.146 2903.415 16:27:02
5.072 539.756 2747.805 16:27:03
5.016 711.341 3516.585 16:27:04
5.084 503.561 2556.098 16:27:05
