5.024 675.341 3390.244 16:14:31
5.024 648.537 3472.683 16:14:32
5.056 573.634 2902.927 16:14:33
5.020 770.220 3453.659 16:14:34
5.072 535.756 2715.610 16:14:35
5.072 535.756 2715.122 16:14:36
5.060 559.659 2820.488 16:14:37
5.084 500.146 2540.976 16:14:38
5.072 535.439 2714.146 16:14:39
5.072 536.146 2720.488 16:14:40
5.072 535.561 2707.805 16:14:41
5.072 535.756 2712.683 16:14:42
5.072 540.854 2731.707 16:14:43
5.040 632.244 3522.927 16:14:44
5.104 451.268 2304.390 16:14:45
5.072 534.854 2726.341 16:14:46
5.072 534.951 2768.780 16:14:47
5.072 537.049 2723.902 16:14:48
5.072 537.659 2723.902 16:14:49
5.072 537.244 2722.927 16:14:50
