5.016 677.439 3375.122 16:08:52
5.036 641.829 3721.463 16:08:53
5.072 534.854 2708.780 16:08:54
5.004 673.634 3327.805 16:08:55
5.072 535.659 2718.049 16:08:56
5.068 535.854 2720.488 16:08:57
5.060 617.537 2766.341 16:08:58
5.072 543.341 2717.561 16:08:59
5.072 533.146 3300.000 16:09:01
5.068 539.244 2734.146 16:09:02
5.084 497.146 2523.415 16:09:03
5.060 571.244 2888.293 16:09:04
5.072 538.659 2731.220 16:09:05
5.072 534.244 2701.463 16:09:06
5.072 534.341 2710.244 16:09:07
5.072 536.244 2707.805 16:09:08
5.060 591.439 3028.293 16:09:09
5.072 548.049 2727.805 16:09:10
5.072 536.244 2718.049 16:09:11
5.072 534.951 2724.390 16:09:12
