5.020 700.024 3505.366 16:21:10
5.016 688.829 3420.488 16:21:11
5.072 537.951 2730.244 16:21:12
5.064 565.244 2841.951 16:21:13
5.072 538.439 2751.707 16:21:14
5.072 536.561 2721.951 16:21:15
5.020 680.244 3388.780 16:21:16
5.072 536.146 2717.561 16:21:17
5.072 538.854 2733.171 16:21:18
5.072 537.854 2706.341 16:21:19
5.064 550.756 3090.732 16:21:20
5.072 538.244 2731.220 16:21:21
5.008 697.732 3487.805 16:21:22
5.072 539.659 2728.780 16:21:23
5.072 540.854 2734.146 16:21:24
5.016 696.024 3472.683 16:21:25
5.068 535.951 2723.902 16:21:26
5.072 541.756 2727.805 16:21:27
5.020 704.024 3349.756 16:21:28
5.072 536.439 2720.000 16:21:29
