5.024 692.024 3307.317 16:35:54
5.000 725.122 3465.366 16:35:55
5.072 540.537 2738.049 16:35:56
5.060 705.829 2940.488 16:35:57
5.068 541.951 2741.463 16:35:58
5.072 540.049 2739.024 16:35:59
5.064 538.659 2728.780 16:36:00
4.980 725.927 3559.024 16:36:01
5.068 539.659 2833.171 16:36:02
5.072 542.854 2742.927 16:36:03
5.020 696.244 3417.561 16:36:04
5.052 580.951 2836.585 16:36:05
5.068 539.659 2746.829 16:36:06
5.012 698.122 3487.805 16:36:07
5.048 589.951 3297.073 16:36:08
5.060 577.756 2965.854 16:36:09
5.028 682.024 3305.854 16:36:10
5.072 538.341 2742.927 16:36:11
5.072 540.244 2743.902 16:36:12
5.068 539.951 2736.585 16:36:13
5.068 538.537 2738.049 16:36:14
