5.024 660.146 3412.683 16:17:05
5.016 679.829 3439.024 16:17:06
5.072 536.439 2717.561 16:17:07
5.048 608.732 3634.146 16:17:08
5.072 535.439 2724.390 16:17:09
5.072 537.561 2726.829 16:17:10
5.064 537.341 2734.146 16:17:11
5.072 542.951 2756.585 16:17:12
5.072 537.341 2711.707 16:17:13
5.076 535.756 2708.780 16:17:14
5.084 496.756 2528.780 16:17:15
5.072 537.854 2733.171 16:17:16
5.072 537.659 2720.000 16:17:17
5.012 692.829 3459.024 16:17:18
5.056 573.756 2897.073 16:17:19
5.068 537.951 2719.024 16:17:20
5.056 601.244 3177.073 16:17:21
5.072 537.951 2721.951 16:17:22
5.012 672.341 3519.024 16:17:23
5.072 535.854 2726.829 16:17:24
