5.028 730.732 3639.024 16:23:23
5.020 668.244 3428.780 16:23:24
5.068 539.854 2729.268 16:23:25
4.988 722.439 3767.805 16:23:26
5.056 572.634 2894.146 16:23:27
5.072 538.854 2726.341 16:23:28
5.012 692.829 3802.927 16:23:29
5.072 536.244 2726.341 16:23:30
5.068 538.756 2743.902 16:23:31
5.052 585.146 2938.049 16:23:32
5.076 520.439 2651.220 16:23:33
5.072 538.659 2720.488 16:23:34
5.072 542.049 2720.488 16:23:35
5.072 537.756 2786.829 16:23:36
5.064 536.561 2737.561 16:23:37
5.000 733.122 3623.902 16:23:38
5.072 535.659 3312.195 16:23:39
5.072 536.341 2716.585 16:23:40
5.008 667.634 3263.902 16:23:41
5.072 539.146 2732.683 16:23:42
