5.020 676.829 3372.683 16:31:41
5.012 696.732 3496.585 16:31:42
5.068 540.341 2740.000 16:31:43
5.044 585.146 3359.024 16:31:44
5.072 540.756 2742.927 16:31:45
5.060 585.244 3367.317 16:31:46
5.024 688.537 3537.561 16:31:47
5.068 675.024 2925.854 16:31:48
5.008 702.122 3707.805 16:31:49
5.056 569.854 2905.854 16:31:50
5.072 541.049 2729.268 16:31:51
5.012 708.537 3586.341 16:31:52
5.024 656.927 3298.537 16:31:53
5.024 669.244 3358.537 16:31:54
5.028 688.341 3389.756 16:31:55
5.100 455.951 2329.756 16:31:56
5.012 694.122 3480.000 16:31:57
5.068 540.659 2738.049 16:31:58
5.072 538.951 2722.927 16:31:59
5.020 677.732 3387.805 16:32:00
5.072 540.049 2738.049 16:32:01
