5.016 675.146 3503.902 16:37:03
5.012 691.537 3473.659 16:37:04
5.068 540.756 2736.585 16:37:05
4.968 589.244 2958.049 16:37:06
5.056 573.537 2899.512 16:37:07
5.012 710.341 3386.341 16:37:08
5.056 798.829 2974.634 16:37:09
5.068 537.756 2720.488 16:37:10
5.072 540.756 2739.024 16:37:11
5.028 696.927 3486.829 16:37:12
5.084 500.561 2537.561 16:37:13
5.012 776.122 3480.488 16:37:14
5.012 682.829 3501.463 16:37:15
5.072 537.854 2723.902 16:37:16
5.024 692.439 3535.122 16:37:17
5.052 580.854 2948.293 16:37:18
5.072 537.659 2731.707 16:37:19
5.056 567.634 3042.439 16:37:20
5.072 542.341 2735.610 16:37:21
5.072 537.854 2730.244 16:37:22
5.072 539.854 2738.049 16:37:23
