5.024 678.829 3302.439 16:20:25
5.016 687.537 3447.805 16:20:26
5.068 539.049 2735.610 16:20:27
5.060 579.756 2951.707 16:20:28
5.072 540.659 2731.707 16:20:29
5.072 538.439 2739.024 16:20:30
5.016 695.634 3362.439 16:20:31
5.060 562.951 2821.463 16:20:32
5.068 539.244 2728.780 16:20:33
5.072 539.439 2713.171 16:20:34
5.100 452.756 2305.854 16:20:35
5.072 536.146 2716.585 16:20:36
5.016 694.244 3466.341 16:20:37
5.012 682.927 3469.268 16:20:38
5.072 537.659 2726.829 16:20:39
5.016 696.927 3397.561 16:20:40
5.072 535.049 2726.829 16:20:41
5.068 665.244 2735.122 16:20:42
5.072 538.049 2731.220 16:20:43
5.068 545.049 2747.805 16:20:44
5.072 543.341 2741.951 16:20:45
