5.020 703.122 3462.439 16:14:09
5.020 674.634 3462.927 16:14:10
5.072 535.951 2733.171 16:14:11
5.012 683.244 3500.000 16:14:12
5.072 535.244 2726.829 16:14:13
5.076 535.854 2715.122 16:14:14
5.084 500.049 2540.000 16:14:15
5.060 572.341 2889.268 16:14:16
5.072 535.439 2713.171 16:14:17
5.072 534.659 2708.780 16:14:18
5.068 537.146 2720.488 16:14:19
5.072 537.244 2726.341 16:14:20
5.016 696.537 3473.659 16:14:21
5.072 548.049 2717.561 16:14:22
5.072 534.244 2715.122 16:14:23
5.072 534.341 2705.366 16:14:24
5.068 534.854 2714.146 16:14:25
5.100 453.756 2309.756 16:14:26
5.056 572.634 2903.415 16:14:27
5.072 537.244 2726.341 16:14:28
