5.008 661.634 3476.098 16:12:41
5.016 688.829 3422.439 16:12:42
5.076 535.756 2712.683 16:12:43
5.020 687.439 3479.024 16:12:44
5.068 537.854 2722.927 16:12:46
5.072 536.049 2714.146 16:12:47
5.028 569.341 2966.829 16:12:48
5.068 546.244 2710.244 16:12:49
5.072 537.341 2724.390 16:12:50
5.056 572.756 2881.951 16:12:51
5.076 535.244 2715.122 16:12:52
5.072 536.561 2726.341 16:12:53
5.088 499.659 2555.122 16:12:54
5.080 525.049 2584.878 16:12:55
5.072 536.756 2727.805 16:12:56
5.016 694.634 3470.244 16:12:57
5.072 537.854 2721.951 16:12:58
5.084 503.854 2556.098 16:12:59
5.072 534.049 2706.829 16:13:00
5.072 537.951 2729.268 16:13:01
5.060 601.049 2919.024 16:13:02
