5.024 694.341 3480.000 16:05:28
5.020 684.634 3413.659 16:05:29
5.076 535.561 2698.049 16:05:30
5.012 687.439 3458.049 16:05:31
5.072 533.854 2703.902 16:05:32
5.076 533.146 2701.463 16:05:33
5.084 501.146 2542.927 16:05:34
5.072 536.049 2707.805 16:05:35
5.068 536.756 2715.610 16:05:36
5.072 532.146 2700.000 16:05:37
5.060 571.439 2822.927 16:05:38
5.072 534.951 2697.561 16:05:39
5.068 534.439 2713.171 16:05:40
5.076 534.951 3243.415 16:05:41
5.072 531.439 2712.683 16:05:42
5.072 534.561 2710.244 16:05:43
5.016 688.537 3462.439 16:05:44
5.104 448.756 2288.780 16:05:45
5.076 532.756 2700.488 16:05:46
5.072 532.341 2701.463 16:05:47
