5.020 673.024 3399.024 16:27:08
5.020 695.732 3462.927 16:27:09
5.068 540.049 2735.610 16:27:10
5.036 580.634 2860.488 16:27:11
5.072 539.756 2782.927 16:27:12
5.008 719.341 3573.171 16:27:13
5.052 601.951 3520.000 16:27:14
5.068 538.341 2741.463 16:27:15
5.016 698.244 3460.488 16:27:16
5.068 662.146 2737.561 16:27:17
5.100 515.756 2336.098 16:27:18
5.012 694.634 3465.366 16:27:19
5.056 636.951 2904.390 16:27:20
4.976 556.049 2817.073 16:27:21
5.072 537.244 2717.561 16:27:22
5.020 694.122 3906.829 16:27:23
5.072 543.537 2734.146 16:27:24
5.072 539.146 2750.244 16:27:25
5.068 539.049 2731.220 16:27:26
5.020 674.829 3340.976 16:27:27
5.072 539.146 2737.561 16:27:28
