5.020 670.024 3422.927 16:26:01
5.016 694.829 3466.829 16:26:02
5.072 539.244 2749.268 16:26:03
5.060 588.634 3341.463 16:26:04
5.060 575.439 2891.707 16:26:05
5.072 540.951 2732.683 16:26:06
5.012 672.244 3510.244 16:26:07
5.068 538.951 2721.463 16:26:08
5.072 539.049 2729.268 16:26:09
5.064 566.634 3041.951 16:26:10
5.084 501.341 2534.146 16:26:11
5.072 539.341 2731.707 16:26:12
5.068 536.244 2719.024 16:26:13
5.060 597.634 2761.463 16:26:14
5.072 537.146 2721.951 16:26:15
5.048 590.049 3022.927 16:26:16
5.072 536.756 2737.561 16:26:17
5.072 538.439 2731.220 16:26:18
5.016 686.732 3454.146 16:26:19
5.068 539.146 2730.244 16:26:20
