5.008 701.244 3524.390 16:41:19
5.024 660.146 3419.024 16:41:20
5.072 541.659 2740.488 16:41:21
5.056 799.195 3815.610 16:41:22
5.068 540.756 2736.585 16:41:23
5.012 718.829 3397.561 16:41:24
5.060 602.854 2835.122 16:41:25
5.064 560.146 2943.415 16:41:26
5.060 561.049 2839.024 16:41:27
5.068 545.951 2768.780 16:41:28
5.004 688.024 3549.268 16:41:29
4.996 731.122 3696.585 16:41:30
5.012 701.024 3480.000 16:41:31
5.052 586.146 2974.146 16:41:32
5.056 649.049 2770.244 16:41:33
5.076 533.341 2860.488 16:41:34
5.056 568.146 2893.171 16:41:35
5.060 589.732 3058.537 16:41:36
5.072 544.049 2753.171 16:41:37
5.072 538.049 2728.780 16:41:38
5.016 679.439 3448.780 16:41:39
5.100 453.561 2311.220 16:41:40
