5.024 668.024 3430.244 16:39:45
5.016 691.244 3486.341 16:39:46
5.072 540.537 2734.146 16:39:47
5.072 545.854 2746.341 16:39:48
5.056 570.341 2868.293 16:39:49
5.016 697.537 3913.171 16:39:50
5.060 592.732 2866.829 16:39:51
5.024 702.439 3483.902 16:39:52
5.016 672.024 3170.732 16:39:53
5.024 666.634 3762.927 16:39:54
5.076 525.951 2734.146 16:39:55
5.012 723.122 3587.805 16:39:56
5.060 540.854 2740.000 16:39:57
5.012 743.829 3722.927 16:39:58
5.072 539.341 2741.951 16:39:59
5.064 562.146 2836.585 16:40:00
5.012 703.634 3503.902 16:40:01
5.060 544.146 2744.390 16:40:02
5.000 739.439 3606.829 16:40:03
5.068 538.341 2731.707 16:40:04
5.068 541.439 2749.268 16:40:05
5.100 455.659 2328.293 16:40:06
