5.024 682.927 3422.927 16:35:31
5.016 679.244 3385.366 16:35:32
5.060 574.049 2914.634 16:35:33
5.044 587.146 3520.000 16:35:34
5.072 540.537 2740.000 16:35:35
5.040 570.854 3180.000 16:35:36
5.032 697.927 3164.878 16:35:37
5.072 542.439 2738.049 16:35:38
5.012 681.829 3478.049 16:35:39
5.020 678.146 3431.707 16:35:40
5.084 502.244 2561.463 16:35:41
5.024 564.951 2965.366 16:35:42
5.008 716.829 3502.439 16:35:43
5.056 578.756 2909.268 16:35:44
5.036 670.024 3105.854 16:35:45
5.036 625.341 2897.073 16:35:46
5.060 570.951 2866.829 16:35:47
5.008 696.244 3490.244 16:35:48
5.072 540.537 2796.585 16:35:49
5.028 687.829 3448.780 16:35:50
5.068 539.756 2732.683 16:35:51
