5.024 676.244 3292.195 16:37:26
5.008 691.439 3477.561 16:37:27
5.068 542.951 2739.024 16:37:28
5.056 612.341 2893.171 16:37:29
5.072 540.439 2738.049 16:37:30
5.016 699.732 3462.927 16:37:31
5.044 634.244 3062.439 16:37:32
5.012 694.732 3485.366 16:37:33
5.024 569.756 2855.610 16:37:34
5.068 538.537 2727.805 16:37:35
5.052 635.049 3560.000 16:37:36
5.060 574.756 2854.634 16:37:37
5.012 693.732 3485.366 16:37:38
5.032 586.146 2897.073 16:37:39
5.056 584.049 3339.024 16:37:40
5.068 528.439 2751.707 16:37:41
5.068 661.341 2852.683 16:37:42
5.016 584.756 3208.293 16:37:43
5.056 578.634 2930.732 16:37:44
5.068 540.439 2728.780 16:37:45
5.068 539.854 2734.146 16:37:46
5.104 455.854 2330.732 16:37:47
