5.024 680.341 3389.756 16:24:09
5.016 683.732 3448.780 16:24:10
5.068 539.341 2736.585 16:24:11
5.016 673.927 3120.976 16:24:12
5.068 538.756 2729.268 16:24:13
5.012 689.829 3546.341 16:24:14
5.068 537.561 2726.341 16:24:15
5.064 536.659 2720.488 16:24:16
5.060 563.439 2900.976 16:24:17
5.020 686.341 3470.244 16:24:18
5.080 500.951 2545.366 16:24:19
5.072 540.439 2779.512 16:24:20
5.048 536.561 2766.829 16:24:21
5.060 548.439 3202.439 16:24:22
5.072 536.756 2719.024 16:24:23
5.068 539.439 2735.610 16:24:24
5.016 685.634 3446.341 16:24:25
5.072 548.951 2729.268 16:24:26
5.016 681.829 3395.122 16:24:27
5.072 536.244 2720.488 16:24:28
