5.024 675.927 3390.244 16:19:18
5.020 674.341 3351.220 16:19:19
5.068 538.951 2736.585 16:19:20
5.016 695.829 3465.366 16:19:21
5.072 535.951 2722.927 16:19:22
5.072 536.146 2717.561 16:19:23
5.072 536.341 2781.951 16:19:24
5.060 590.854 2874.634 16:19:25
5.072 537.756 2713.171 16:19:26
5.068 538.659 2728.780 16:19:27
5.088 532.146 2832.683 16:19:28
5.072 535.756 2730.244 16:19:29
5.072 535.756 2720.488 16:19:30
5.044 585.146 3033.659 16:19:31
5.072 539.146 2720.488 16:19:32
5.016 575.146 2755.610 16:19:33
5.072 655.732 2927.805 16:19:34
5.072 537.756 2723.902 16:19:35
5.072 537.659 2835.610 16:19:36
5.072 535.854 2731.707 16:19:37
