5.020 655.732 3347.317 16:27:31
5.016 690.829 3469.268 16:27:32
5.068 547.756 2750.244 16:27:33
5.024 627.049 2962.927 16:27:34
5.072 539.537 2726.829 16:27:35
5.012 720.341 3494.146 16:27:36
5.072 552.537 2722.927 16:27:37
5.072 539.659 2732.683 16:27:38
5.044 662.537 3453.659 16:27:39
5.024 671.829 2989.268 16:27:40
5.100 454.463 2363.415 16:27:41
5.072 540.049 2728.780 16:27:42
5.020 685.634 3424.878 16:27:43
5.060 566.049 2812.683 16:27:44
5.068 539.439 2735.122 16:27:45
5.072 543.756 2726.341 16:27:46
5.048 638.146 3345.366 16:27:47
5.072 539.756 2731.220 16:27:48
5.072 537.756 2732.683 16:27:49
5.072 537.854 2722.927 16:27:50
