5.020 659.244 3312.195 16:24:31
5.016 674.146 3407.317 16:24:32
5.068 543.854 2737.561 16:24:33
5.016 689.634 3484.878 16:24:34
5.072 537.146 2720.488 16:24:35
5.012 720.220 3466.341 16:24:36
5.072 536.854 2719.024 16:24:37
5.072 536.951 2720.488 16:24:38
5.060 569.537 3207.317 16:24:39
5.072 587.439 2928.293 16:24:40
5.068 528.146 2717.561 16:24:41
5.072 536.854 2721.951 16:24:42
5.052 663.341 2846.829 16:24:43
5.012 695.634 3472.683 16:24:44
5.068 540.756 2750.244 16:24:45
5.068 536.854 2775.122 16:24:46
5.072 536.659 2719.024 16:24:47
5.072 536.341 2719.024 16:24:48
5.020 776.732 3577.561 16:24:49
5.072 537.244 2733.171 16:24:50
5.072 540.756 2740.488 16:24:51
