5.024 669.024 3312.195 16:07:41
5.020 690.244 3485.366 16:07:42
5.072 534.854 2711.707 16:07:43
5.064 563.146 2929.268 16:07:44
5.072 537.439 2718.049 16:07:45
5.104 452.366 2293.171 16:07:46
5.072 533.659 2702.927 16:07:47
5.076 533.341 2706.829 16:07:48
5.060 571.537 2888.293 16:07:49
5.072 536.561 2715.122 16:07:50
5.064 566.951 3328.780 16:07:51
5.104 448.951 2295.610 16:07:52
5.072 540.244 2731.707 16:07:53
5.080 550.146 2721.951 16:07:54
5.084 508.561 2576.585 16:07:55
5.072 532.854 2702.927 16:07:56
5.072 537.439 2711.707 16:07:57
5.104 451.854 2293.171 16:07:58
5.064 533.244 2706.829 16:07:59
5.072 535.756 2733.171 16:08:00
