5.024 681.829 3365.366 16:21:32
5.016 694.634 3478.049 16:21:33
5.072 539.537 2734.146 16:21:34
5.008 799.195 3492.683 16:21:35
5.072 539.659 2731.707 16:21:36
5.072 540.341 2730.244 16:21:37
5.016 691.829 3451.707 16:21:38
5.072 538.244 2741.463 16:21:39
5.072 538.439 2731.707 16:21:40
5.052 570.537 3008.293 16:21:41
5.084 471.659 2493.659 16:21:42
5.072 538.341 2733.171 16:21:43
5.072 538.537 2727.805 16:21:44
5.012 704.122 3500.488 16:21:45
5.072 538.049 2733.171 16:21:46
5.072 538.439 2730.244 16:21:47
5.076 536.561 2717.561 16:21:48
5.072 536.439 2719.024 16:21:49
5.072 539.537 2741.951 16:21:50
5.068 538.049 2749.268 16:21:51
