5.024 660.732 3361.463 16:25:38
5.016 682.634 3413.659 16:25:39
5.072 538.439 2733.171 16:25:40
5.012 702.634 3467.317 16:25:41
5.068 538.829 2728.780 16:25:42
5.072 538.829 2729.756 16:25:43
5.072 536.732 2729.756 16:25:44
5.068 539.659 2734.634 16:25:45
5.072 536.439 2725.854 16:25:46
5.056 578.927 3334.634 16:25:47
5.092 501.171 2535.610 16:25:48
5.072 539.268 2733.659 16:25:50
5.016 693.317 3515.122 16:25:51
5.012 691.512 3450.732 16:25:52
5.052 511.756 2601.951 16:25:53
5.012 697.854 3572.683 16:25:54
5.080 511.756 2601.951 16:25:55
5.016 696.146 3444.878 16:25:56
5.072 601.756 2766.829 16:25:57
5.072 538.927 2720.976 16:25:58
5.072 539.171 2751.220 16:25:59
