5.024 668.634 3318.537 16:33:35
5.000 722.537 3613.171 16:33:36
5.072 537.659 2722.927 16:33:37
5.072 544.854 2720.000 16:33:38
5.072 540.341 2732.683 16:33:39
5.040 581.634 2910.732 16:33:40
5.060 561.854 2847.805 16:33:41
5.072 539.537 2731.220 16:33:42
5.072 541.439 2731.707 16:33:43
5.012 696.927 3476.585 16:33:44
5.008 707.537 3523.902 16:33:45
5.020 577.634 3088.293 16:33:46
5.056 576.439 2906.829 16:33:47
5.016 698.634 3466.341 16:33:48
5.060 590.951 2927.805 16:33:49
5.080 500.951 2544.878 16:33:50
5.072 537.951 2724.390 16:33:51
5.072 602.049 3059.512 16:33:52
5.076 593.951 2553.659 16:33:53
5.072 541.146 2725.366 16:33:54
5.068 541.659 2728.780 16:33:55
