5.020 675.439 3386.341 16:36:16
5.024 673.634 3447.317 16:36:17
5.072 540.049 2735.122 16:36:18
5.060 564.244 3925.854 16:36:19
5.068 540.439 2737.561 16:36:21
5.020 581.122 2989.268 16:36:22
5.012 688.439 3467.317 16:36:23
5.072 649.415 2791.220 16:36:24
5.012 696.634 3487.805 16:36:25
5.068 542.927 2738.537 16:36:26
5.100 454.341 2316.098 16:36:27
5.012 695.610 3518.049 16:36:28
5.068 543.951 2764.878 16:36:29
5.060 541.024 2756.098 16:36:30
5.060 602.146 2937.561 16:36:31
5.056 650.829 2889.756 16:36:32
5.044 579.268 2941.463 16:36:33
5.068 541.366 2741.463 16:36:34
5.072 537.463 2725.854 16:36:35
5.036 537.366 2726.829 16:36:36
5.068 540.244 2738.537 16:36:37
