5.028 677.829 3635.122 16:15:58
5.024 695.341 3363.902 16:15:59
5.072 541.537 2738.049 16:16:00
5.052 565.146 2855.610 16:16:01
5.068 538.146 2726.829 16:16:02
5.072 535.659 2717.561 16:16:03
5.052 584.854 2987.317 16:16:04
5.104 451.146 2295.610 16:16:05
5.072 537.659 2736.585 16:16:06
5.024 577.537 3039.512 16:16:07
5.072 535.561 2726.829 16:16:08
5.072 537.561 2722.927 16:16:09
5.072 535.439 2726.829 16:16:10
5.084 498.049 2527.805 16:16:11
5.072 535.341 2724.390 16:16:12
5.044 561.049 2908.293 16:16:13
5.052 673.439 3449.268 16:16:14
5.072 539.951 2727.805 16:16:15
5.020 693.122 3573.171 16:16:16
5.104 452.049 2299.512 16:16:17
