5.024 702.341 3306.341 16:20:03
5.004 685.439 3463.902 16:20:04
5.068 540.854 2740.488 16:20:05
5.064 609.951 2827.805 16:20:06
5.068 540.244 2731.707 16:20:07
5.060 535.951 2720.488 16:20:08
5.048 645.634 3272.683 16:20:09
5.072 536.659 2721.951 16:20:10
5.060 568.244 2859.512 16:20:11
5.072 536.854 2751.707 16:20:12
5.084 500.463 2537.561 16:20:13
5.072 536.341 2719.024 16:20:14
5.064 598.537 3275.122 16:20:15
5.020 681.244 3445.366 16:20:16
5.068 538.244 2727.805 16:20:17
5.072 541.146 2721.951 16:20:18
5.020 732.024 3484.878 16:20:19
5.072 535.951 2719.024 16:20:20
5.068 536.659 2753.171 16:20:21
5.068 539.951 2737.561 16:20:22
