5.028 670.146 3316.585 16:05:07
5.024 688.341 3460.000 16:05:08
5.072 533.854 2704.390 16:05:09
5.016 688.829 3451.707 16:05:10
5.076 536.951 2708.780 16:05:11
5.104 451.659 2286.829 16:05:12
5.072 537.439 2722.927 16:05:13
5.076 532.049 2706.829 16:05:14
5.076 532.341 2706.829 16:05:15
5.072 532.146 2698.049 16:05:16
5.072 536.244 2715.122 16:05:17
5.072 534.341 2712.683 16:05:18
5.076 534.244 2706.341 16:05:19
5.056 595.146 2895.610 16:05:20
5.072 535.439 2709.268 16:05:21
5.076 534.659 2698.049 16:05:22
5.068 534.146 2714.146 16:05:23
5.072 534.659 2707.805 16:05:24
5.072 533.951 2708.780 16:05:25
5.072 533.341 2697.561 16:05:26
