5.024 668.537 3307.317 16:10:53
5.032 657.829 3389.756 16:10:54
5.084 509.561 2609.268 16:10:55
5.064 563.854 2813.171 16:10:56
5.072 536.146 2719.024 16:10:57
5.072 537.244 2734.146 16:10:58
5.068 536.756 2724.390 16:10:59
5.068 536.659 2730.244 16:11:00
5.076 537.146 2721.951 16:11:01
5.072 537.756 2726.341 16:11:02
5.076 529.659 2782.927 16:11:03
5.072 537.244 2719.024 16:11:04
5.072 537.951 2724.390 16:11:05
5.072 533.561 2704.390 16:11:06
5.072 536.049 2706.341 16:11:07
5.068 534.659 2719.024 16:11:08
5.056 620.829 2873.171 16:11:09
5.076 549.049 2709.268 16:11:10
5.068 537.244 2721.463 16:11:11
5.072 538.756 2721.463 16:11:12
