5.024 665.146 3407.317 16:11:58
5.012 702.244 3452.683 16:11:59
5.072 537.659 2728.780 16:12:00
5.052 593.634 2996.098 16:12:01
5.076 534.854 2720.488 16:12:02
5.072 536.244 2726.829 16:12:03
5.072 537.341 2721.951 16:12:04
5.072 537.146 2725.366 16:12:05
5.072 539.659 2721.951 16:12:06
5.020 695.024 3466.829 16:12:07
5.072 542.049 2898.049 16:12:08
5.072 538.659 2745.366 16:12:09
5.024 579.537 2848.293 16:12:10
5.072 586.439 2927.805 16:12:11
5.100 454.951 2311.220 16:12:12
5.072 540.244 2767.805 16:12:13
5.056 569.146 2854.634 16:12:14
5.072 538.951 2720.488 16:12:15
5.076 535.341 2711.220 16:12:16
5.068 534.439 2706.829 16:12:17
