5.024 681.439 3336.585 16:23:45
5.020 667.146 3380.000 16:23:46
5.068 539.049 2721.951 16:23:47
5.056 659.439 3548.780 16:23:48
5.060 600.341 2881.951 16:23:49
5.092 494.049 2460.976 16:23:50
5.060 566.951 2930.732 16:23:51
5.060 571.439 3070.732 16:23:52
5.072 546.049 2726.829 16:23:53
5.080 512.146 2600.000 16:23:54
5.052 511.341 2598.537 16:23:55
5.064 538.756 2728.780 16:23:56
5.056 594.439 2977.073 16:23:57
5.072 539.951 2740.000 16:23:58
5.072 538.439 2723.902 16:23:59
5.072 537.561 2710.244 16:24:00
5.072 535.561 2716.585 16:24:01
5.072 536.146 2719.024 16:24:02
5.072 539.049 2788.293 16:24:03
5.068 538.756 2731.707 16:24:04
5.072 538.439 2726.341 16:24:05
5.088 501.341 2541.463 16:24:06
