5.024 666.244 3340.000 16:16:20
5.000 728.634 3610.732 16:16:21
5.072 538.439 2746.829 16:16:22
5.012 632.537 2866.829 16:16:23
5.072 537.756 2722.927 16:16:24
5.072 535.659 2713.171 16:16:25
5.012 700.244 3477.561 16:16:26
5.072 538.049 2743.902 16:16:27
5.072 538.439 2723.902 16:16:28
5.076 582.146 2734.146 16:16:29
5.084 500.854 2540.000 16:16:30
5.068 538.244 2728.780 16:16:31
5.060 573.756 2894.634 16:16:32
5.072 538.049 2731.220 16:16:33
5.076 535.659 2718.049 16:16:34
5.024 576.341 2845.854 16:16:35
5.084 500.146 2548.780 16:16:36
5.068 538.049 2721.951 16:16:37
5.024 672.024 3372.195 16:16:38
5.072 537.341 2722.927 16:16:39
