5.016 658.634 3495.122 16:13:04
5.012 696.122 3474.146 16:13:05
5.072 535.561 2715.122 16:13:06
5.012 698.122 3906.829 16:13:07
5.072 537.756 2724.390 16:13:08
5.072 534.951 2715.610 16:13:09
5.072 542.341 2721.951 16:13:10
5.072 541.951 2721.951 16:13:11
5.068 537.951 2717.561 16:13:12
5.020 693.634 3586.829 16:13:13
5.072 539.951 2722.927 16:13:14
5.072 537.146 2720.488 16:13:15
5.016 705.537 3475.122 16:13:16
5.064 633.829 2711.707 16:13:17
5.072 537.951 2727.805 16:13:18
5.072 535.341 2711.707 16:13:19
5.032 557.854 3157.073 16:13:20
5.072 531.854 2702.439 16:13:21
5.068 537.756 2719.024 16:13:22
5.072 537.561 2720.488 16:13:23
