5.024 678.146 3407.317 16:30:09
5.016 696.244 3515.122 16:30:10
5.060 573.341 2902.927 16:30:11
5.012 698.024 3528.780 16:30:12
5.064 540.341 2733.171 16:30:13
5.012 696.927 3641.951 16:30:14
5.068 539.951 2759.512 16:30:15
5.068 536.756 2723.902 16:30:16
5.024 689.146 3479.024 16:30:17
5.024 621.049 2881.951 16:30:18
5.064 498.561 2537.561 16:30:19
5.064 540.146 2738.049 16:30:20
5.068 545.341 2721.951 16:30:21
5.008 731.341 3685.854 16:30:22
5.072 537.146 2721.463 16:30:23
5.064 560.659 2994.146 16:30:24
5.072 539.756 2763.902 16:30:26
5.072 537.341 2721.951 16:30:27
5.016 677.244 3365.366 16:30:28
5.072 542.951 2748.780 16:30:29
