5.020 689.024 3403.902 16:37:49
5.024 672.244 3427.317 16:37:50
5.068 576.634 2914.634 16:37:51
5.024 664.341 3177.561 16:37:52
5.080 500.854 2553.659 16:37:53
5.032 666.341 3411.220 16:37:54
5.080 512.756 2601.463 16:37:55
5.016 678.732 3325.366 16:37:56
5.072 627.049 2941.951 16:37:57
5.072 540.659 2732.683 16:37:58
5.040 576.854 3308.780 16:37:59
5.020 698.244 3529.268 16:38:00
5.072 540.244 2900.488 16:38:01
5.000 735.829 3678.049 16:38:02
5.068 675.927 3187.317 16:38:03
5.052 627.146 2954.146 16:38:04
5.016 662.829 3100.000 16:38:05
5.064 680.732 3112.195 16:38:06
5.072 538.341 2720.000 16:38:07
5.032 672.829 3386.341 16:38:08
5.068 540.341 2735.610 16:38:09
