5.020 672.244 3327.805 16:15:36
5.016 688.927 3456.585 16:15:37
5.072 538.341 2715.610 16:15:38
5.012 695.634 3468.780 16:15:39
5.072 537.049 2729.268 16:15:40
5.088 499.049 2539.024 16:15:41
5.012 552.537 3382.927 16:15:42
5.072 618.537 2850.732 16:15:43
5.072 537.439 2723.902 16:15:44
5.004 731.122 3665.366 16:15:45
5.064 537.561 2724.390 16:15:46
5.084 498.561 2534.146 16:15:47
5.068 540.244 2726.341 16:15:48
5.056 566.146 2991.707 16:15:49
5.056 571.439 2970.732 16:15:50
5.076 535.146 2715.610 16:15:51
5.048 546.439 2715.122 16:15:52
5.116 415.951 2129.268 16:15:53
5.080 509.463 2592.683 16:15:54
5.084 509.854 2587.805 16:15:55
