5.028 692.341 3338.537 16:13:47
5.020 693.732 3466.341 16:13:48
5.072 537.244 2726.829 16:13:49
5.060 563.049 2861.951 16:13:50
5.072 535.561 2726.341 16:13:51
5.064 535.439 2713.171 16:13:52
5.088 521.244 2548.780 16:13:53
5.068 547.049 2765.366 16:13:54
5.004 691.634 3511.220 16:13:55
5.040 536.756 3145.854 16:13:56
5.068 535.049 2715.122 16:13:57
5.072 535.659 2719.024 16:13:58
5.084 507.244 2528.780 16:13:59
5.072 537.561 2709.268 16:14:00
5.068 535.561 2719.024 16:14:01
5.072 535.244 2711.707 16:14:02
5.072 540.854 2728.780 16:14:03
5.072 537.854 2721.951 16:14:04
4.964 709.244 3611.707 16:14:05
5.072 537.244 2722.927 16:14:06
