5.024 677.927 3400.000 16:09:14
5.020 656.439 3407.805 16:09:15
5.072 535.146 2711.707 16:09:16
5.012 688.537 3460.000 16:09:17
5.072 536.439 2720.000 16:09:18
5.084 501.463 2547.317 16:09:19
5.064 561.854 2846.829 16:09:20
5.068 556.049 2822.927 16:09:21
5.072 533.756 2706.341 16:09:22
5.032 594.634 3493.659 16:09:23
5.068 538.854 2718.049 16:09:24
5.104 451.366 2292.195 16:09:25
5.076 534.049 2717.561 16:09:26
5.068 534.049 2702.439 16:09:27
5.072 537.439 2712.683 16:09:28
5.072 539.244 2717.561 16:09:29
5.072 540.537 2703.902 16:09:30
5.084 496.756 2538.537 16:09:31
5.072 535.854 2712.683 16:09:32
5.068 537.659 2733.171 16:09:33
5.060 573.146 2887.805 16:09:34
