5.032 667.537 3339.024 16:15:15
5.012 688.927 3462.439 16:15:16
5.072 543.756 2746.341 16:15:17
5.060 592.049 2746.341 16:15:18
5.072 554.146 2722.927 16:15:19
5.072 537.659 2726.341 16:15:20
5.064 537.341 2729.268 16:15:21
5.072 537.756 2720.000 16:15:22
5.072 538.146 2725.366 16:15:23
5.072 535.951 2715.610 16:15:24
5.092 502.756 2472.195 16:15:25
5.072 539.659 2716.585 16:15:26
5.068 540.049 2735.610 16:15:27
5.016 691.341 3546.341 16:15:28
5.072 537.951 2699.024 16:15:29
5.072 537.439 2723.902 16:15:30
5.076 534.439 2722.927 16:15:31
5.076 537.146 2721.951 16:15:32
5.072 535.341 2714.146 16:15:33
5.072 536.756 2720.488 16:15:34
