5.024 696.244 3498.049 16:17:27
5.016 688.829 3457.561 16:17:28
5.072 541.659 2731.707 16:17:29
5.056 613.951 2868.293 16:17:30
5.072 536.244 2713.171 16:17:31
5.068 537.341 2719.024 16:17:32
5.072 537.659 2733.171 16:17:33
5.072 535.951 2725.366 16:17:34
5.072 536.439 2715.122 16:17:35
5.060 578.049 2879.512 16:17:36
5.100 452.049 2347.317 16:17:37
5.072 537.854 2728.780 16:17:38
5.016 701.732 3456.098 16:17:39
5.016 691.024 3566.341 16:17:40
5.072 535.756 2716.585 16:17:41
5.076 538.341 2736.585 16:17:42
5.040 560.854 2880.488 16:17:43
5.072 537.244 2729.268 16:17:44
5.068 542.341 2720.488 16:17:45
5.068 535.561 2729.268 16:17:46
