5.028 680.537 3391.220 16:29:24
5.024 675.829 3372.195 16:29:25
5.072 538.756 2723.902 16:29:26
5.024 799.195 3609.268 16:29:27
5.072 539.049 2762.927 16:29:28
5.020 694.341 3450.244 16:29:29
5.052 604.341 3343.415 16:29:30
5.072 541.146 2737.561 16:29:31
5.012 673.537 3488.780 16:29:32
5.068 539.341 2736.585 16:29:33
5.084 503.341 2567.317 16:29:34
5.012 700.024 3506.341 16:29:35
5.012 723.732 3451.220 16:29:36
5.068 537.244 2725.366 16:29:37
5.004 728.634 3601.951 16:29:38
5.056 575.854 2977.073 16:29:39
5.008 759.220 3404.878 16:29:40
5.068 537.244 2721.463 16:29:41
4.880 658.537 3439.024 16:29:42
5.072 536.341 2732.683 16:29:43
5.068 537.659 2935.610 16:29:44
