5.020 678.537 3332.683 16:30:31
5.024 678.829 3466.829 16:30:32
5.072 544.659 2734.146 16:30:33
5.032 684.024 3002.927 16:30:34
5.072 537.244 2727.805 16:30:35
5.016 700.244 3655.122 16:30:36
5.012 692.634 3484.878 16:30:37
5.072 544.146 2722.927 16:30:38
5.012 696.829 3474.146 16:30:39
5.068 537.244 2723.902 16:30:40
5.072 536.439 2722.927 16:30:41
5.016 694.024 3467.805 16:30:42
5.068 538.049 2744.390 16:30:43
5.064 557.341 2881.463 16:30:44
5.068 537.854 2740.000 16:30:45
5.052 589.146 2846.829 16:30:46
5.056 570.756 2891.707 16:30:47
5.020 690.537 3306.341 16:30:48
5.028 680.537 3346.341 16:30:49
5.072 539.244 2734.146 16:30:50
5.084 500.659 2545.366 16:30:51
