5.024 659.146 3326.341 16:07:16
5.016 684.927 3436.585 16:07:17
5.060 569.854 2887.805 16:07:18
5.012 696.244 3460.488 16:07:19
5.072 534.049 2702.927 16:07:20
5.100 452.854 2301.951 16:07:21
5.072 534.951 2713.171 16:07:22
5.076 533.439 2706.829 16:07:23
5.072 535.146 2715.610 16:07:24
5.076 535.049 2705.366 16:07:25
5.072 533.049 2715.122 16:07:26
5.104 449.463 2294.634 16:07:27
5.072 533.854 2707.805 16:07:28
5.060 568.634 2869.268 16:07:29
5.072 535.439 2703.902 16:07:30
5.072 533.951 2708.780 16:07:31
5.072 533.146 2699.024 16:07:32
5.080 498.561 2525.366 16:07:33
5.072 534.854 2709.268 16:07:34
5.076 533.146 2702.439 16:07:35
