5.016 674.244 3382.439 16:19:40
5.020 679.341 3462.439 16:19:41
5.068 537.146 2715.610 16:19:42
5.060 608.634 3422.927 16:19:43
5.072 536.244 2721.463 16:19:44
5.068 540.537 2725.366 16:19:45
5.072 536.854 2722.927 16:19:46
5.072 538.146 2729.268 16:19:47
5.064 573.756 2768.780 16:19:48
5.072 538.146 2727.805 16:19:49
5.100 452.049 2362.439 16:19:50
5.072 538.341 2729.268 16:19:51
5.008 690.024 3466.829 16:19:52
5.024 656.244 3361.951 16:19:53
5.072 552.146 3404.878 16:19:54
5.072 536.146 2719.024 16:19:55
5.072 536.049 2720.976 16:19:56
5.016 701.610 3494.634 16:19:57
5.064 538.634 2734.634 16:19:58
5.072 537.854 2728.780 16:19:59
5.072 535.659 2717.073 16:20:00
