5.220 164.195 857.073 07:41:23
5.196 249.890 1329.024 07:41:24
5.220 163.500 853.659 07:41:25
5.224 154.293 810.488 07:41:26
5.224 157.390 822.439 07:41:27
5.192 273.585 1657.317 07:41:28
5.224 152.695 797.561 07:41:29
5.228 152.098 795.610 07:41:30
5.220 167.195 872.683 07:41:31
5.224 152.195 797.317 07:41:32
5.128 506.659 2594.146 07:41:33
5.228 152.585 797.561 07:41:34
5.180 210.268 1090.244 07:41:35
5.228 150.585 786.341 07:41:36
5.228 149.976 783.415 07:41:37
5.224 164.195 856.098 07:41:38
5.228 149.780 782.439 07:41:39
5.116 505.756 2462.439 07:41:40
5.228 150.976 787.805 07:41:41
5.160 376.366 1911.707 07:41:42
5.224 150.390 786.341 07:41:43
5.224 149.293 783.415 07:41:44
5.220 164.585 856.585 07:41:45
5.228 150.098 782.439 07:41:46
5.120 498.951 2551.220 07:41:47
5.228 150.195 780.976 07:41:48
5.168 309.878 1950.732 07:41:49
5.228 150.585 787.317 07:41:50
5.228 150.098 784.878 07:41:51
5.224 164.780 860.976 07:41:52
5.228 149.585 781.463 07:41:53
5.148 408.171 2103.415 07:41:54
5.208 150.098 784.878 07:41:55
5.156 368.659 1962.927 07:41:56
5.228 150.585 787.317 07:41:57
5.224 150.098 784.878 07:41:58
5.220 177.683 885.366 07:41:59
5.228 152.683 798.537 07:42:00
5.208 270.780 1309.756 07:42:01
5.228 150.683 787.317 07:42:02
5.144 450.366 2397.073 07:42:03
5.228 152.585 798.537 07:42:04
5.224 152.390 795.122 07:42:05
5.224 160.293 838.537 07:42:06
5.224 152.293 800.976 07:42:07
5.200 169.390 889.756 07:42:08
5.224 152.878 795.122 07:42:09
5.120 502.561 2195.610 07:42:10
5.228 150.488 787.805 07:42:11
5.228 150.293 782.439 07:42:12
5.224 157.780 823.415 07:42:13
5.228 149.976 783.902 07:42:14
5.220 164.683 862.439 07:42:15
5.224 150.293 784.878 07:42:16
5.104 534.146 2741.951 07:42:17
5.228 150.293 1060.000 07:42:18
5.200 206.976 1075.610 07:42:20
5.224 157.976 820.976 07:42:21
5.228 150.098 784.878 07:42:22
5.220 229.268 887.317 07:42:23
5.224 152.585 798.537 07:42:24
5.196 313.780 1555.122 07:42:25
5.224 152.878 798.537 07:42:26
5.220 165.878 865.366 07:42:27
5.228 150.683 784.878 07:42:28
5.228 150.293 785.854 07:42:29
5.196 228.390 1231.707 07:42:30
5.224 159.780 786.341 07:42:31
5.196 340.171 1345.854 07:42:32
5.228 150.488 786.341 07:42:33
5.208 205.585 1078.049 07:42:34
5.224 152.780 799.024 07:42:35
5.204 204.878 1080.000 07:42:36
5.216 169.488 882.439 07:42:37
5.228 152.683 793.659 07:42:38
5.164 336.976 1737.561 07:42:39
5.224 150.585 784.878 07:42:40
5.152 334.878 1719.024 07:42:41
5.228 150.098 785.854 07:42:42
5.224 153.976 805.854 07:42:43
5.224 153.098 800.000 07:42:44
5.224 152.585 796.098 07:42:45
5.164 284.878 1415.610 07:42:46
5.228 152.585 797.073 07:42:47
5.168 507.951 1460.000 07:42:48
5.212 181.390 1035.610 07:42:49
5.192 261.073 1327.317 07:42:50
5.228 150.488 788.780 07:42:51
5.208 214.683 1116.585 07:42:52
5.224 176.585 921.463 07:42:53
5.228 149.878 783.415 07:42:54
5.220 166.878 871.220 07:42:55
5.224 150.293 786.341 07:42:56
5.124 494.244 2417.561 07:42:57
5.228 150.293 783.415 07:42:58
5.224 156.780 820.976 07:42:59
5.220 164.488 859.024 07:43:00
5.228 150.195 784.878 07:43:01
5.224 166.390 866.341 07:43:02
5.228 150.293 786.341 07:43:03
5.136 421.268 1721.463 07:43:04
5.228 150.390 786.341 07:43:05
5.192 293.780 1309.268 07:43:06
5.224 188.488 823.902 07:43:07
5.196 242.488 961.463 07:43:08
5.216 181.780 949.268 07:43:09
5.228 150.585 784.878 07:43:10
5.228 150.098 785.854 07:43:11
5.224 155.195 807.805 07:43:12
5.228 150.488 786.341 07:43:13
5.160 339.756 1757.561 07:43:14
5.228 150.488 786.341 07:43:15
5.192 264.171 1372.195 07:43:16
5.224 159.488 834.634 07:43:17
5.224 152.878 797.073 07:43:18
5.220 166.683 869.756 07:43:19
5.224 152.585 797.073 07:43:20
5.112 491.244 2547.805 07:43:21
5.224 150.488 786.341 07:43:22
5.224 150.098 786.341 07:43:23
5.204 191.390 941.463 07:43:24
5.228 150.195 784.878 07:43:25
5.224 166.585 872.195 07:43:26
5.228 150.195 785.854 07:43:27
5.120 508.659 2605.366 07:43:28
5.228 150.488 786.341 07:43:29
5.224 150.195 785.854 07:43:30
5.228 154.585 807.805 07:43:31
5.228 150.293 786.341 07:43:32
5.220 166.976 868.780 07:43:33
5.228 150.585 786.341 07:43:34
5.144 447.561 2323.415 07:43:35
5.228 150.293 786.341 07:43:36
5.228 149.488 780.000 07:43:37
5.220 160.390 832.683 07:43:38
5.228 152.390 797.073 07:43:39
5.220 164.390 858.537 07:43:40
5.228 150.195 783.415 07:43:41
5.116 472.049 2442.439 07:43:42
5.228 150.488 787.317 07:43:43
5.208 285.683 1461.951 07:43:44
5.224 164.976 807.317 07:43:45
5.228 151.585 784.878 07:43:46
5.220 164.878 859.024 07:43:47
5.224 150.390 785.854 07:43:48
5.128 500.146 2536.585 07:43:49
5.228 150.293 785.854 07:43:50
5.228 150.195 784.878 07:43:51
5.224 152.195 798.537 07:43:52
5.224 149.390 780.000 07:43:53
5.220 164.683 860.000 07:43:54
5.224 152.878 798.537 07:43:55
5.116 499.951 2627.805 07:43:56
5.228 153.488 798.537 07:43:57
5.224 152.878 797.073 07:43:58
5.228 152.878 799.024 07:43:59
5.228 150.293 781.463 07:44:00
5.216 164.976 862.439 07:44:01
5.224 161.293 793.659 07:44:02
5.120 502.756 2600.488 07:44:03
5.228 150.293 782.439 07:44:04
5.228 151.195 784.878 07:44:05
5.220 154.780 803.415 07:44:06
5.228 150.195 786.341 07:44:07
5.220 166.683 872.195 07:44:08
5.228 150.195 783.415 07:44:09
5.128 487.659 2460.000 07:44:10
5.220 150.585 787.805 07:44:11
5.228 150.098 784.878 07:44:12
5.224 157.390 822.439 07:44:13
5.228 150.195 784.878 07:44:14
5.220 168.073 872.195 07:44:15
5.228 150.585 789.756 07:44:16
5.116 481.049 2486.341 07:44:17
5.224 152.976 798.537 07:44:18
5.224 152.488 796.098 07:44:19
5.220 159.585 833.659 07:44:20
5.224 152.390 800.000 07:44:21
5.216 166.976 876.585 07:44:22
5.228 149.976 786.341 07:44:23
5.132 481.366 2503.902 07:44:24
5.216 189.171 964.878 07:44:25
5.200 231.268 1433.171 07:44:27
5.228 150.585 788.780 07:44:28
5.224 151.976 783.902 07:44:29
5.220 164.585 861.463 07:44:30
5.228 150.390 786.341 07:44:31
5.120 492.561 2140.488 07:44:32
5.228 150.585 786.341 07:44:33
5.188 281.366 1427.317 07:44:34
5.228 150.585 787.317 07:44:35
5.228 149.488 783.415 07:44:36
5.224 164.293 856.585 07:44:37
5.228 149.780 785.854 07:44:38
5.224 167.976 876.585 07:44:39
5.228 150.293 786.341 07:44:40
5.116 505.244 2552.683 07:44:41
5.224 157.488 821.463 07:44:42
5.228 150.878 785.854 07:44:43
5.220 164.780 860.000 07:44:44
5.228 149.976 783.415 07:44:45
5.224 167.293 932.683 07:44:46
5.224 152.976 798.537 07:44:47
5.164 461.659 2424.878 07:44:48
5.228 152.878 850.244 07:44:49
5.224 152.976 797.073 07:44:50
5.220 167.195 872.683 07:44:51
5.228 152.780 798.537 07:44:52
5.192 252.878 1314.146 07:44:53
5.228 150.195 784.878 07:44:54
5.100 479.756 2253.659 07:44:55
5.228 150.683 784.878 07:44:56
5.228 150.195 785.854 07:44:57
5.220 164.780 856.585 07:44:58
5.224 150.488 784.878 07:44:59
5.220 167.293 874.146 07:45:00
5.232 150.976 787.805 07:45:01
5.212 202.293 1336.098 07:45:02
5.224 151.585 787.805 07:45:03
5.228 150.585 783.902 07:45:04
5.220 164.976 863.415 07:45:05
5.228 188.390 816.585 07:45:06
5.224 168.293 875.122 07:45:07
5.224 157.683 784.878 07:45:08
5.124 490.854 2574.146 07:45:09
5.228 153.098 800.000 07:45:10
5.228 152.585 797.073 07:45:11
5.220 164.976 858.537 07:45:12
5.228 150.390 786.341 07:45:13
5.192 281.171 1431.220 07:45:14
5.224 156.293 787.317 07:45:15
5.128 466.049 2464.878 07:45:16
5.224 150.488 787.805 07:45:17
5.228 150.195 786.341 07:45:18
5.224 164.878 860.000 07:45:19
5.228 150.390 786.341 07:45:20
5.172 328.976 1307.317 07:45:21
5.208 150.585 787.317 07:45:22
5.116 519.756 2472.195 07:45:23
5.228 151.683 792.195 07:45:24
5.228 150.293 785.854 07:45:25
5.220 163.976 859.024 07:45:26
5.228 152.293 787.805 07:45:27
5.152 373.366 1771.707 07:45:28
5.228 159.878 787.805 07:45:29
5.160 328.561 1944.390 07:45:30
5.224 150.780 786.341 07:45:31
5.216 204.878 925.366 07:45:32
5.220 164.488 861.463 07:45:33
5.228 152.780 798.537 07:45:34
5.140 475.854 2546.341 07:45:35
5.224 153.195 800.976 07:45:36
5.208 244.488 1085.366 07:45:37
5.220 157.683 823.902 07:45:38
5.224 150.293 785.854 07:45:39
5.224 165.195 863.415 07:45:40
5.228 150.488 786.341 07:45:41
5.196 252.780 1301.951 07:45:42
5.224 150.585 786.341 07:45:43
5.140 415.854 2144.390 07:45:44
5.224 153.293 800.976 07:45:45
5.224 152.585 797.561 07:45:46
5.224 166.683 873.659 07:45:47
5.224 150.585 786.341 07:45:48
5.164 269.171 1495.122 07:45:49
5.228 150.293 786.341 07:45:50
5.116 494.146 2497.561 07:45:51
5.224 150.683 787.317 07:45:52
5.228 150.683 787.805 07:45:53
5.224 150.976 788.780 07:45:54
5.224 150.390 786.341 07:45:55
5.220 275.585 1468.293 07:45:56
5.228 150.585 786.341 07:45:57
5.196 251.366 1900.000 07:45:58
5.228 149.878 820.976 07:45:59
5.180 293.683 1237.073 07:46:00
5.224 174.390 807.805 07:46:01
5.228 150.293 812.683 07:46:02
5.224 159.780 832.195 07:46:03
5.224 150.976 859.024 07:46:04
5.120 487.854 2544.878 07:46:05
5.224 152.098 793.659 07:46:06
5.196 309.268 1875.610 07:46:07
5.196 187.683 997.561 07:46:08
5.208 151.976 872.683 07:46:09
5.228 150.488 785.854 07:46:10
5.224 150.585 785.854 07:46:11
5.220 166.195 872.195 07:46:12
5.228 150.488 784.878 07:46:13
5.192 253.488 1285.366 07:46:14
5.224 150.390 785.854 07:46:15
5.140 462.659 2507.317 07:46:16
5.228 150.780 787.317 07:46:17
5.228 149.878 783.902 07:46:18
5.224 158.195 825.366 07:46:19
5.224 150.390 786.341 07:46:20
5.220 165.976 934.146 07:46:21
5.224 150.390 785.854 07:46:22
5.140 414.561 2149.268 07:46:23
5.228 150.780 787.805 07:46:24
5.220 150.390 785.854 07:46:25
5.220 164.390 858.537 07:46:26
5.224 150.390 785.854 07:46:27
5.168 331.171 1716.585 07:46:28
5.224 150.585 782.439 07:46:29
5.168 342.878 2355.122 07:46:30
5.224 204.073 783.902 07:46:31
5.204 238.585 1075.610 07:46:32
5.204 157.390 822.439 07:46:34
5.228 150.390 784.878 07:46:35
5.224 166.585 872.683 07:46:36
5.228 150.195 784.878 07:46:37
5.124 486.854 2562.927 07:46:38
5.212 150.585 787.317 07:46:39
5.140 334.659 2226.829 07:46:40
5.224 150.683 787.805 07:46:41
5.228 150.390 785.854 07:46:42
5.228 157.585 822.439 07:46:43
5.228 160.780 785.854 07:46:44
5.220 166.585 942.439 07:46:45
5.228 152.878 798.537 07:46:46
5.192 253.073 1780.488 07:46:47
5.224 153.293 800.000 07:46:48
5.208 211.171 1508.780 07:46:49
5.224 153.195 800.976 07:46:50
5.224 152.488 797.073 07:46:51
5.180 264.268 1372.195 07:46:52
5.228 149.585 781.463 07:46:53
5.152 427.951 2196.098 07:46:54
5.228 150.683 787.805 07:46:55
5.160 361.366 1862.927 07:46:56
5.228 150.390 787.805 07:46:57
5.224 150.585 784.878 07:46:58
5.220 164.976 862.439 07:46:59
5.224 150.293 785.854 07:47:00
5.220 170.293 901.463 07:47:01
5.228 150.976 787.317 07:47:02
5.220 168.073 878.537 07:47:03
5.228 151.488 787.317 07:47:04
5.184 362.171 1702.927 07:47:05
5.228 151.195 787.805 07:47:06
5.224 150.195 785.854 07:47:07
5.220 169.390 886.341 07:47:08
5.228 152.780 797.561 07:47:09
5.112 532.951 2644.878 07:47:10
5.220 150.488 786.341 07:47:11
5.144 335.878 1724.878 07:47:12
5.228 150.098 787.805 07:47:13
5.228 149.878 783.415 07:47:14
5.228 150.780 790.244 07:47:15
5.228 150.390 835.122 07:47:16
5.224 166.390 867.317 07:47:17
5.228 150.585 785.854 07:47:18
5.196 252.585 1306.829 07:47:19
5.228 150.488 786.341 07:47:20
5.184 258.073 1571.220 07:47:21
5.224 154.585 807.317 07:47:22
5.228 150.390 784.878 07:47:23
5.224 163.878 856.098 07:47:24
5.216 191.390 947.805 07:47:25
5.220 167.293 945.366 07:47:26
5.228 150.683 785.854 07:47:27
5.144 508.049 2755.122 07:47:28
5.228 150.585 787.805 07:47:29
5.228 149.585 785.854 07:47:30
5.228 158.390 822.439 07:47:31
5.228 149.780 784.878 07:47:32
5.220 166.585 860.000 07:47:33
5.224 150.293 786.341 07:47:34
5.120 508.244 2380.976 07:47:35
5.228 150.390 784.878 07:47:36
5.224 150.195 786.341 07:47:37
5.224 157.390 887.317 07:47:38
5.224 150.195 783.415 07:47:39
5.220 164.585 859.024 07:47:40
5.228 150.390 785.854 07:47:41
5.152 330.268 1743.902 07:47:42
5.228 149.780 786.341 07:47:43
5.184 330.561 1698.537 07:47:44
5.224 150.780 787.805 07:47:45
5.224 150.390 786.341 07:47:46
5.220 164.585 858.537 07:47:47
5.228 150.585 784.878 07:47:48
5.156 250.878 1307.317 07:47:49
5.224 150.585 787.317 07:47:50
5.192 250.683 1302.927 07:47:51
5.228 150.585 787.317 07:47:52
5.224 150.390 786.341 07:47:53
5.220 164.976 861.463 07:47:54
5.228 150.585 782.439 07:47:55
5.164 332.878 1722.439 07:47:56
5.224 152.976 799.024 07:47:57
5.144 469.951 2573.659 07:47:58
5.224 153.098 800.000 07:47:59
5.228 156.195 797.073 07:48:00
5.224 173.585 876.098 07:48:01
5.228 152.683 800.976 07:48:02
5.132 472.146 2202.927 07:48:03
5.220 152.878 798.537 07:48:04
5.172 340.659 1606.341 07:48:05
5.228 153.098 800.000 07:48:06
5.228 152.195 797.561 07:48:07
5.212 202.683 1179.512 07:48:08
5.228 150.293 785.854 07:48:09
5.192 253.268 1360.976 07:48:10
5.228 150.488 787.317 07:48:11
5.120 501.146 2584.878 07:48:12
5.224 150.293 787.805 07:48:13
5.228 149.878 783.902 07:48:14
5.220 163.488 859.024 07:48:15
5.224 150.390 786.341 07:48:16
5.196 273.463 868.780 07:48:17
5.228 150.390 786.341 07:48:18
5.196 253.488 1311.707 07:48:19
5.224 153.098 799.024 07:48:20
5.224 152.683 795.122 07:48:21
5.220 160.073 835.122 07:48:22
5.228 152.683 797.561 07:48:23
5.144 380.659 2115.610 07:48:24
5.228 150.585 1080.488 07:48:25
5.128 481.659 2405.854 07:48:26
5.228 150.878 786.341 07:48:27
5.228 150.098 784.878 07:48:28
5.224 157.390 823.902 07:48:29
5.228 150.293 803.415 07:48:30
5.220 166.488 864.878 07:48:31
5.228 150.293 791.220 07:48:32
5.124 506.659 2542.439 07:48:33
5.224 150.683 786.341 07:48:34
5.224 150.195 784.878 07:48:35
5.224 158.488 821.463 07:48:36
5.224 159.293 786.341 07:48:37
5.228 167.976 874.146 07:48:38
5.228 150.488 827.805 07:48:39
5.128 492.341 2616.098 07:48:41
5.224 150.488 787.317 07:48:42
5.204 222.585 1498.537 07:48:43
5.224 150.976 790.244 07:48:44
5.224 149.488 784.878 07:48:45
5.224 164.878 860.000 07:48:46
5.224 150.585 832.683 07:48:47
5.172 384.171 2146.829 07:48:48
5.228 150.683 787.317 07:48:49
5.228 151.878 795.122 07:48:50
5.224 157.683 823.902 07:48:51
5.212 183.878 959.024 07:48:52
5.208 196.390 1022.927 07:48:53
5.212 181.171 943.902 07:48:54
5.116 514.854 2631.707 07:48:55
5.228 150.878 789.756 07:48:56
5.228 150.195 786.341 07:48:57
5.224 150.780 789.756 07:48:58
5.224 150.293 786.341 07:48:59
5.224 164.195 860.000 07:49:00
5.224 154.293 889.756 07:49:01
5.128 501.049 2553.659 07:49:02
5.228 150.488 787.317 07:49:03
5.168 339.976 1772.683 07:49:04
5.228 151.488 786.341 07:49:05
5.228 150.293 784.878 07:49:06
5.220 163.780 858.537 07:49:07
5.224 150.390 785.854 07:49:08
5.176 254.488 1319.512 07:49:09
5.224 150.195 787.805 07:49:10
5.164 343.366 2204.390 07:49:11
5.228 150.683 783.902 07:49:12
5.224 150.293 784.878 07:49:13
5.212 191.976 1107.805 07:49:14
5.224 150.780 787.805 07:49:15
5.164 321.366 1560.976 07:49:16
5.224 150.585 788.780 07:49:17
5.136 434.171 2129.268 07:49:18
5.228 150.683 787.317 07:49:19
5.184 417.561 1659.024 07:49:20
5.224 157.585 822.439 07:49:21
5.228 150.390 786.341 07:49:22
5.224 164.780 861.463 07:49:23
5.224 150.878 787.805 07:49:24
5.164 281.976 1312.195 07:49:25
5.228 150.488 787.317 07:49:26
5.168 335.268 1692.683 07:49:27
5.228 150.976 787.805 07:49:28
5.228 150.390 784.878 07:49:29
5.224 164.293 858.537 07:49:30
5.228 150.488 787.317 07:49:31
5.220 166.585 875.122 07:49:32
5.224 150.683 787.805 07:49:33
5.140 411.366 2158.537 07:49:34
5.224 150.878 787.317 07:49:35
5.208 201.073 1045.366 07:49:36
5.224 155.073 811.220 07:49:37
5.224 150.390 786.341 07:49:38
5.220 166.780 867.805 07:49:39
5.228 150.293 787.805 07:49:40
5.120 497.341 2496.098 07:49:41
5.228 150.488 786.341 07:49:42
5.220 164.390 861.463 07:49:43
5.224 150.878 787.805 07:49:44
5.228 150.488 784.878 07:49:45
5.224 155.293 809.756 07:49:46
5.228 150.390 786.341 07:49:47
5.112 516.244 2666.829 07:49:48
5.224 150.585 787.317 07:49:49
5.208 199.293 1040.000 07:49:50
5.224 150.780 787.805 07:49:51
5.176 303.878 1574.634 07:49:52
5.224 151.683 790.244 07:49:53
5.228 150.683 835.122 07:49:54
5.220 166.683 863.415 07:49:55
5.228 153.585 797.561 07:49:56
5.168 254.976 1320.488 07:49:57
5.228 152.976 800.000 07:49:58
5.164 340.561 1468.780 07:49:59
5.224 154.073 800.000 07:50:00
5.220 153.293 801.463 07:50:01
5.224 157.780 827.317 07:50:02
5.224 150.780 789.756 07:50:03
5.224 166.488 1008.780 07:50:04
5.228 150.585 785.854 07:50:05
5.192 248.073 1373.659 07:50:06
5.224 155.293 807.805 07:50:07
5.228 151.098 794.634 07:50:08
5.224 158.073 824.878 07:50:09
5.228 150.390 785.854 07:50:10
5.220 166.976 870.244 07:50:11
5.228 150.390 786.341 07:50:12
5.148 461.146 2275.610 07:50:13
5.224 152.878 798.537 07:50:14
5.196 260.268 1354.634 07:50:15
5.224 157.293 820.976 07:50:16
5.224 152.683 800.000 07:50:17
5.224 166.585 868.780 07:50:18
5.224 150.293 784.878 07:50:19
5.196 234.585 1084.390 07:50:20
5.228 150.390 787.317 07:50:21
5.144 468.049 2446.341 07:50:22
5.228 150.488 783.902 07:50:23
5.224 150.293 784.878 07:50:24
5.228 157.488 823.902 07:50:25
5.228 150.293 786.341 07:50:26
5.220 166.585 937.561 07:50:27
5.228 151.195 789.756 07:50:28
5.132 406.366 2451.220 07:50:29
5.228 150.488 786.341 07:50:30
5.204 215.878 1146.341 07:50:31
5.228 150.585 788.780 07:50:32
5.228 150.585 785.854 07:50:33
5.220 164.293 860.976 07:50:34
5.228 150.390 786.341 07:50:35
5.224 165.073 865.366 07:50:36
5.228 150.390 787.317 07:50:37
5.144 348.073 2154.634 07:50:38
5.224 150.683 786.341 07:50:39
5.224 150.293 781.463 07:50:40
5.220 154.878 801.463 07:50:41
5.224 152.585 797.561 07:50:42
5.220 175.976 883.902 07:50:43
5.224 153.195 803.902 07:50:44
5.152 504.049 2576.585 07:50:46
5.224 152.976 800.000 07:50:47
5.228 154.780 1014.146 07:50:48
5.224 154.878 812.195 07:50:49
5.228 150.293 786.341 07:50:50
5.224 164.488 860.976 07:50:51
5.212 184.073 960.000 07:50:52
5.160 405.171 1702.439 07:50:53
5.208 150.683 789.756 07:50:54
5.172 311.561 1358.537 07:50:55
5.224 152.878 800.000 07:50:56
5.224 150.293 782.439 07:50:57
5.220 164.488 858.537 07:50:58
5.228 150.488 784.878 07:50:59
5.220 170.073 1319.512 07:51:00
5.220 160.780 858.537 07:51:01
5.172 343.268 1848.780 07:51:02
5.224 152.293 794.634 07:51:03
5.228 150.390 783.415 07:51:04
5.224 157.683 823.902 07:51:05
5.224 150.390 786.341 07:51:06
5.220 164.780 865.366 07:51:07
5.224 150.488 787.317 07:51:08
5.220 165.293 861.463 07:51:09
5.224 150.780 787.805 07:51:10
5.224 150.488 785.854 07:51:11
5.224 155.683 812.195 07:51:12
5.228 150.488 786.341 07:51:13
5.184 254.073 1319.512 07:51:14
5.224 150.488 787.805 07:51:15
5.156 415.049 2304.390 07:51:16
5.224 150.683 787.317 07:51:17
5.228 152.780 798.537 07:51:18
5.224 157.195 824.878 07:51:19
5.228 152.780 798.537 07:51:20
5.216 167.293 873.659 07:51:21
5.228 153.390 801.463 07:51:22
5.128 495.244 2541.463 07:51:23
5.228 192.171 1074.146 07:51:24
5.208 249.171 1192.683 07:51:25
5.224 151.488 789.756 07:51:26
5.216 178.780 983.902 07:51:27
5.220 165.390 861.463 07:51:28
5.224 150.293 786.341 07:51:29
5.116 420.854 2292.195 07:51:30
5.228 150.683 787.317 07:51:31
5.172 303.463 1684.878 07:51:32
5.228 150.780 787.805 07:51:33
5.220 150.390 787.805 07:51:34
5.144 413.366 2099.024 07:51:35
5.224 152.878 948.780 07:51:36
5.164 412.756 2300.000 07:51:37
5.224 150.780 787.805 07:51:38
5.228 150.293 785.854 07:51:39
5.220 165.195 860.000 07:51:40
5.228 150.195 784.878 07:51:41
5.220 181.073 872.683 07:51:42
5.224 150.585 787.317 07:51:43
5.172 335.073 1722.927 07:51:44
5.228 158.195 820.976 07:51:45
5.224 150.585 786.341 07:51:46
5.224 157.780 827.805 07:51:47
5.224 150.293 786.341 07:51:48
5.224 193.488 873.659 07:51:49
5.228 150.780 787.805 07:51:50
5.168 326.073 1686.341 07:51:51
5.224 155.293 811.220 07:51:52
5.224 151.585 792.195 07:51:53
5.220 164.976 861.463 07:51:54
5.224 150.585 785.854 07:51:55
5.220 253.780 1313.171 07:51:56
5.224 150.976 786.341 07:51:57
5.128 462.049 2457.561 07:51:58
5.224 154.976 808.780 07:51:59
5.228 150.488 785.854 07:52:00
5.224 165.878 1113.171 07:52:01
5.228 150.390 787.805 07:52:02
5.220 167.073 876.098 07:52:03
5.228 157.195 787.317 07:52:04
5.140 415.268 2100.976 07:52:05
5.228 150.780 784.878 07:52:06
5.228 151.098 783.415 07:52:07
5.224 157.780 827.317 07:52:08
5.228 150.390 785.854 07:52:09
5.172 247.976 869.756 07:52:10
5.228 150.780 791.220 07:52:11
5.144 408.951 2138.049 07:52:12
5.228 150.488 786.341 07:52:13
5.228 149.976 785.854 07:52:14
5.224 150.195 789.756 07:52:15
5.228 150.585 786.341 07:52:16
5.220 165.488 863.902 07:52:17
5.224 150.488 785.854 07:52:18
5.124 492.146 2126.829 07:52:19
5.228 150.585 787.317 07:52:20
5.176 223.976 1265.366 07:52:21
5.228 150.683 789.756 07:52:22
5.228 150.390 784.878 07:52:23
5.224 160.073 832.195 07:52:24
5.228 150.195 785.854 07:52:25
5.216 166.976 875.122 07:52:26
5.224 150.488 786.341 07:52:27
5.196 262.073 2319.512 07:52:28
5.224 150.683 787.805 07:52:29
5.212 217.488 1072.683 07:52:30
5.228 150.976 790.244 07:52:31
5.228 150.195 783.902 07:52:32
5.192 264.366 1481.951 07:52:33
5.228 150.488 786.341 07:52:34
5.176 342.976 1773.659 07:52:35
5.224 150.683 787.317 07:52:36
5.192 250.976 1416.098 07:52:37
5.228 150.780 787.805 07:52:38
5.228 150.390 785.854 07:52:39
5.224 154.878 810.244 07:52:40
5.228 150.780 786.341 07:52:41
5.192 182.390 875.122 07:52:42
5.228 150.683 836.585 07:52:43
5.156 367.976 1853.659 07:52:44
5.228 150.683 786.341 07:52:45
5.224 150.098 1159.024 07:52:46
5.224 150.585 788.780 07:52:47
5.228 150.390 786.341 07:52:48
5.220 165.390 863.415 07:52:49
5.228 151.488 791.220 07:52:50
5.128 395.073 2318.537 07:52:51
5.224 152.488 800.000 07:52:52
5.228 152.878 798.537 07:52:54
5.220 166.585 870.244 07:52:55
5.224 152.683 799.024 07:52:56
5.220 170.390 888.780 07:52:57
5.228 150.585 787.805 07:52:58
5.124 457.049 2664.878 07:52:59
5.216 174.293 910.244 07:53:00
5.224 152.098 793.659 07:53:01
5.216 164.878 862.439 07:53:02
5.224 151.195 789.756 07:53:03
5.160 343.171 1467.317 07:53:04
5.228 149.390 796.098 07:53:05
5.116 518.951 2507.805 07:53:06
5.228 150.683 788.780 07:53:07
5.224 150.683 785.854 07:53:08
5.220 165.195 1153.171 07:53:09
5.228 150.488 787.805 07:53:10
5.220 166.780 871.220 07:53:11
5.228 150.585 787.805 07:53:12
5.132 523.561 2539.024 07:53:13
5.224 154.585 808.780 07:53:14
5.228 150.488 785.854 07:53:15
5.224 158.488 823.415 07:53:16
5.224 151.195 787.805 07:53:17
5.220 164.976 863.415 07:53:18
5.228 150.976 787.317 07:53:19
5.116 469.854 2309.756 07:53:20
5.224 150.585 787.317 07:53:21
5.204 205.073 1051.707 07:53:22
5.228 151.878 791.220 07:53:23
5.228 159.683 786.341 07:53:24
5.180 253.878 948.780 07:53:25
5.224 152.878 798.537 07:53:26
5.132 426.463 2306.829 07:53:27
5.224 152.878 798.537 07:53:28
5.148 405.073 2030.244 07:53:29
5.228 153.195 800.000 07:53:30
5.224 152.878 796.098 07:53:31
5.224 164.976 861.463 07:53:32
5.224 150.390 785.854 07:53:33
5.168 354.366 1752.683 07:53:34
5.228 150.683 788.780 07:53:35
5.136 422.463 2149.756 07:53:36
5.228 150.976 787.805 07:53:37
5.224 150.488 785.854 07:53:38
5.220 164.390 858.537 07:53:39
5.228 150.585 789.756 07:53:40
5.196 271.463 1315.610 07:53:41
5.208 150.683 786.341 07:53:42
5.116 479.659 2548.780 07:53:43
5.224 150.976 787.805 07:53:44
5.188 297.171 1133.171 07:53:45
5.224 158.293 823.902 07:53:46
5.228 150.390 786.341 07:53:47
5.148 418.854 2136.585 07:53:48
5.224 152.683 800.000 07:53:49
5.140 487.463 2546.341 07:53:50
5.216 173.976 909.756 07:53:51
5.224 150.488 785.854 07:53:52
5.224 154.878 807.805 07:53:53
5.228 150.488 787.805 07:53:54
5.220 167.390 869.756 07:53:55
5.224 160.976 798.537 07:53:56
5.120 500.244 2572.683 07:53:57
5.228 150.488 787.317 07:53:58
5.224 151.976 916.098 07:53:59
5.228 151.098 802.439 07:54:00
5.224 152.293 1740.000 07:54:01
5.220 164.585 862.439 07:54:02
5.228 152.585 788.780 07:54:03
5.216 181.878 867.317 07:54:04
5.228 150.780 786.341 07:54:05
5.212 189.683 931.220 07:54:06
5.224 151.390 789.756 07:54:07
5.224 150.585 785.854 07:54:08
5.220 164.780 860.000 07:54:09
5.224 150.585 787.805 07:54:10
5.168 335.878 1740.488 07:54:11
5.228 150.585 792.195 07:54:12
5.196 226.268 1169.268 07:54:13
5.228 154.780 805.854 07:54:14
5.228 150.488 787.805 07:54:15
5.228 151.195 788.780 07:54:16
5.228 150.390 786.341 07:54:17
5.220 167.780 873.659 07:54:18
5.224 150.390 787.805 07:54:19
5.192 247.171 1290.732 07:54:20
5.224 151.585 787.805 07:54:21
5.208 202.780 1053.171 07:54:22
5.228 150.683 790.244 07:54:23
5.228 152.878 793.659 07:54:24
5.220 166.073 868.780 07:54:25
5.228 151.878 793.659 07:54:26
5.136 446.049 2378.537 07:54:27
5.212 150.683 783.415 07:54:28
5.164 332.561 2367.317 07:54:29
5.228 151.098 787.805 07:54:30
5.228 150.293 785.854 07:54:31
5.228 150.780 789.756 07:54:32
5.228 150.390 786.341 07:54:33
5.192 252.683 1271.707 07:54:34
5.228 150.683 786.341 07:54:35
5.196 249.976 1756.585 07:54:36
5.224 209.268 787.805 07:54:37
5.176 340.878 1605.854 07:54:38
5.228 150.390 787.805 07:54:39
5.224 162.073 850.244 07:54:40
5.220 167.976 871.220 07:54:41
5.220 152.878 799.024 07:54:42
5.220 168.293 878.537 07:54:43
5.228 151.293 786.341 07:54:44
5.140 393.659 2253.171 07:54:45
5.224 150.683 789.756 07:54:46
5.228 150.878 784.878 07:54:47
5.224 165.195 859.024 07:54:48
5.224 150.488 787.317 07:54:49
5.216 168.488 873.659 07:54:50
5.224 150.390 786.341 07:54:51
5.120 470.756 2482.439 07:54:52
5.228 150.683 786.341 07:54:53
5.224 150.585 785.854 07:54:54
5.220 164.683 861.463 07:54:55
5.228 150.390 786.341 07:54:56
5.188 404.659 1811.707 07:54:58
5.220 184.878 967.805 07:54:59
5.104 430.366 2235.610 07:55:00
5.212 405.756 1062.927 07:55:01
5.228 150.488 793.659 07:55:02
5.220 164.780 865.366 07:55:03
5.228 150.585 787.805 07:55:04
5.144 387.659 1114.146 07:55:05
5.228 150.585 786.341 07:55:06
5.168 450.268 2130.732 07:55:07
5.228 150.683 787.805 07:55:08
5.228 150.488 785.854 07:55:09
5.220 164.195 860.000 07:55:10
5.228 150.488 787.317 07:55:11
5.224 167.683 872.683 07:55:12
5.228 150.195 786.341 07:55:13
5.164 414.463 2358.537 07:55:14
5.228 150.780 787.805 07:55:15
5.224 150.780 787.805 07:55:16
5.228 155.073 808.780 07:55:17
5.228 150.488 786.341 07:55:18
5.224 166.878 871.220 07:55:19
5.228 152.878 799.024 07:55:20
5.136 474.463 2431.220 07:55:21
5.224 162.683 799.024 07:55:22
5.180 274.073 1400.976 07:55:23
5.220 157.073 823.902 07:55:24
5.228 151.195 788.780 07:55:25
5.220 164.585 859.024 07:55:26
5.228 150.488 787.805 07:55:27
5.168 258.073 1293.171 07:55:28
5.228 150.488 787.805 07:55:29
5.168 392.073 1676.585 07:55:30
5.228 150.683 787.805 07:55:31
5.224 150.488 785.854 07:55:32
5.220 164.488 858.537 07:55:33
5.228 150.878 784.878 07:55:34
5.112 498.146 2651.220 07:55:35
5.220 150.683 787.317 07:55:36
5.228 150.390 786.341 07:55:37
5.224 155.073 812.195 07:55:38
5.228 150.488 786.341 07:55:39
5.220 164.976 861.463 07:55:40
5.228 153.195 800.976 07:55:41
5.120 494.659 2530.244 07:55:42
5.208 153.098 800.000 07:55:43
5.192 215.268 1193.171 07:55:44
5.224 153.195 807.317 07:55:45
5.228 152.683 799.024 07:55:46
5.224 165.293 860.000 07:55:47
5.224 149.390 786.341 07:55:48
5.124 484.244 2426.341 07:55:49
5.224 150.683 787.317 07:55:50
5.224 157.976 971.707 07:55:51
5.228 153.293 803.415 07:55:52
5.224 153.683 798.537 07:55:53
5.220 166.878 875.122 07:55:54
5.224 150.488 786.341 07:55:55
5.168 343.366 1427.317 07:55:56
5.228 150.683 786.341 07:55:57
5.192 249.683 1304.390 07:55:58
5.228 150.878 787.805 07:55:59
5.216 190.171 1015.610 07:56:00
5.220 166.780 872.195 07:56:01
5.228 150.488 783.902 07:56:02
5.140 420.854 1735.122 07:56:03
5.228 152.878 800.976 07:56:04
5.196 257.780 894.146 07:56:05
5.224 151.878 784.878 07:56:06
5.192 203.293 1062.927 07:56:07
5.224 150.976 794.634 07:56:08
5.228 150.488 785.854 07:56:09
5.192 273.366 1305.366 07:56:10
5.228 150.683 786.341 07:56:11
5.132 251.488 1324.390 07:56:12
5.224 150.293 784.878 07:56:13
5.140 498.341 2504.878 07:56:14
5.224 150.390 787.805 07:56:15
5.224 150.293 786.341 07:56:16
5.220 158.073 820.976 07:56:17
5.228 150.780 781.463 07:56:18
5.220 167.293 879.024 07:56:19
5.224 149.780 786.341 07:56:20
5.192 298.683 1298.537 07:56:21
5.228 151.098 787.805 07:56:22
5.228 150.488 785.854 07:56:23
5.224 150.878 789.756 07:56:24
5.224 150.488 785.854 07:56:25
5.224 166.073 869.756 07:56:26
5.228 150.683 786.341 07:56:27
5.124 460.561 2309.756 07:56:28
5.228 205.073 787.317 07:56:29
5.160 523.341 2197.073 07:56:30
5.228 150.683 787.805 07:56:31
5.224 150.585 786.341 07:56:32
5.224 164.585 860.000 07:56:33
5.228 150.585 786.341 07:56:34
5.220 168.293 1184.390 07:56:35
5.224 150.683 787.805 07:56:36
5.112 492.244 2701.463 07:56:37
5.224 150.878 784.878 07:56:38
5.228 150.390 786.341 07:56:39
5.224 164.488 859.024 07:56:40
5.228 150.585 787.317 07:56:41
5.208 271.585 1318.049 07:56:42
5.224 151.488 787.317 07:56:43
5.124 473.756 1954.146 07:56:44
5.224 152.976 800.976 07:56:45
5.216 191.390 969.268 07:56:46
5.228 151.293 787.805 07:56:47
5.228 150.390 789.756 07:56:48
5.148 309.976 2127.317 07:56:49
5.228 152.390 796.098 07:56:50
5.136 425.561 2185.854 07:56:51
5.228 150.780 787.805 07:56:52
5.228 150.293 787.317 07:56:53
5.224 157.683 827.805 07:56:54
5.224 150.585 786.341 07:56:55
5.220 167.073 863.902 07:56:56
5.224 150.585 786.341 07:56:57
5.120 415.659 2537.561 07:56:58
5.228 204.488 787.805 07:56:59
5.208 206.683 1076.585 07:57:00
5.196 199.683 936.098 07:57:01
5.228 151.488 791.220 07:57:02
5.224 165.976 864.878 07:57:03
5.224 151.488 787.805 07:57:04
5.124 493.854 2531.220 07:57:05
5.220 153.195 800.000 07:57:06
5.180 313.366 1335.610 07:57:07
5.224 151.098 789.756 07:57:08
5.228 149.878 783.415 07:57:09
5.220 165.073 861.463 07:57:10
5.224 150.780 781.463 07:57:12
5.220 167.878 873.659 07:57:13
5.228 150.683 787.317 07:57:14
5.152 332.073 1725.366 07:57:15
5.224 150.878 787.805 07:57:16
5.224 150.390 786.341 07:57:17
5.224 164.488 858.537 07:57:18
5.224 150.488 785.854 07:57:19
5.172 276.976 1338.537 07:57:20
5.228 150.683 787.805 07:57:21
5.120 423.463 2492.195 07:57:22
5.232 150.780 791.220 07:57:23
5.228 151.195 786.341 07:57:24
5.224 165.390 861.463 07:57:25
5.228 150.390 786.341 07:57:26
5.220 167.878 879.024 07:57:27
5.224 150.585 786.341 07:57:28
5.172 333.463 1763.902 07:57:29
5.224 150.780 787.805 07:57:30
5.224 149.976 785.854 07:57:31
5.220 164.780 859.024 07:57:32
5.228 150.488 787.317 07:57:33
5.220 165.683 865.366 07:57:34
5.224 153.098 798.537 07:57:35
5.120 489.341 2450.244 07:57:36
5.224 153.585 802.439 07:57:37
5.216 184.585 962.927 07:57:38
5.220 164.780 860.000 07:57:39
5.224 150.488 786.341 07:57:40
5.224 165.073 863.902 07:57:41
5.228 150.488 791.220 07:57:42
5.120 492.244 2584.878 07:57:43
5.228 150.780 786.341 07:57:44
5.224 150.390 785.854 07:57:45
5.224 157.390 822.439 07:57:46
5.228 150.293 786.341 07:57:47
5.220 167.390 868.780 07:57:48
5.228 150.390 785.854 07:57:49
5.144 414.268 2430.244 07:57:50
5.220 150.683 787.805 07:57:51
5.228 150.390 786.341 07:57:52
5.228 155.073 810.244 07:57:53
5.224 150.585 786.341 07:57:54
5.148 329.366 1900.000 07:57:55
5.228 157.390 787.317 07:57:56
5.136 528.439 2454.634 07:57:57
5.224 153.098 803.415 07:57:58
5.228 153.195 799.024 07:57:59
5.220 168.390 878.537 07:58:00
5.228 153.098 803.415 07:58:01
5.192 268.585 1394.634 07:58:02
5.228 165.293 863.415 07:58:03
5.120 436.146 2233.171 07:58:04
5.228 150.780 787.805 07:58:05
5.228 150.780 786.341 07:58:06
5.228 150.976 789.756 07:58:07
5.224 150.488 787.317 07:58:08
5.220 165.976 866.341 07:58:09
5.228 150.585 786.341 07:58:10
5.120 473.366 2070.732 07:58:11
5.212 151.195 797.073 07:58:12
5.148 395.854 2036.585 07:58:13
5.224 153.293 800.976 07:58:14
5.224 152.976 799.024 07:58:15
5.220 199.683 1036.585 07:58:16
5.208 207.073 1079.024 07:58:17
5.172 249.073 1328.293 07:58:18
5.224 150.683 787.317 07:58:19
5.144 416.366 2184.878 07:58:20
5.224 151.195 788.780 07:58:21
5.228 150.390 826.341 07:58:22
5.220 164.390 873.659 07:58:23
5.228 150.585 791.220 07:58:24
5.164 255.268 1368.293 07:58:25
5.228 150.488 787.805 07:58:26
5.140 477.366 2443.902 07:58:27
5.224 150.683 787.805 07:58:28
5.208 202.488 1115.610 07:58:29
5.220 164.073 861.463 07:58:30
5.228 150.683 786.341 07:58:31
5.192 169.878 887.317 07:58:32
5.228 153.098 799.024 07:58:33
5.124 467.659 2362.439 07:58:34
5.224 153.195 803.902 07:58:35
5.220 156.878 820.976 07:58:36
5.228 154.976 808.780 07:58:37
5.228 150.585 787.805 07:58:38
5.224 158.585 828.780 07:58:39
5.228 150.585 784.878 07:58:40
5.120 490.659 2467.805 07:58:41
5.224 150.780 787.805 07:58:42
5.132 516.756 2128.293 07:58:43
5.228 159.780 789.756 07:58:44
5.208 207.488 1138.049 07:58:45
5.220 166.878 867.805 07:58:46
5.228 151.098 787.317 07:58:47
5.128 452.049 2443.415 07:58:48
5.220 169.195 884.878 07:58:49
5.224 168.585 878.537 07:58:50
5.224 153.488 800.000 07:58:51
5.200 257.366 1261.951 07:58:52
5.192 257.585 2399.512 07:58:53
5.228 150.585 1076.585 07:58:54
5.140 417.854 2137.073 07:58:55
5.228 150.098 787.805 07:58:56
5.220 164.878 856.098 07:58:57
5.220 164.780 858.537 07:58:58
5.220 164.878 855.122 07:58:59
5.216 178.073 876.098 07:59:00
5.224 155.195 800.000 07:59:01
5.140 426.049 2203.415 07:59:02
5.224 160.878 803.902 07:59:03
5.192 254.976 1325.366 07:59:04
5.220 164.780 860.976 07:59:05
5.220 165.073 861.463 07:59:06
5.224 189.171 988.780 07:59:07
5.180 291.268 1508.780 07:59:08
5.220 165.780 863.415 07:59:09
5.228 150.780 787.805 07:59:10
5.220 166.390 864.878 07:59:11
5.224 150.780 786.341 07:59:12
5.196 287.561 1293.171 07:59:13
5.216 197.073 1019.024 07:59:14
5.220 164.293 861.463 07:59:15
5.168 326.561 1352.195 07:59:16
5.228 150.585 787.805 07:59:17
5.180 387.073 2085.366 07:59:18
5.224 150.585 787.805 07:59:19
5.220 169.878 882.439 07:59:20
5.224 164.073 857.561 07:59:21
5.168 481.951 2492.683 07:59:22
5.220 164.976 861.463 07:59:23
5.172 313.171 1622.439 07:59:24
5.112 502.049 2568.780 07:59:25
5.228 150.683 787.805 07:59:26
5.224 164.293 856.098 07:59:27
5.228 154.780 807.805 07:59:28
5.208 166.195 867.317 07:59:29
5.220 164.780 857.561 07:59:30
5.124 405.756 2158.049 07:59:31
5.224 165.073 864.878 07:59:32
5.228 150.488 786.341 07:59:33
5.224 164.683 855.122 07:59:34
5.228 150.878 787.805 07:59:36
5.224 165.976 861.463 07:59:37
5.220 164.293 857.561 07:59:38
5.116 506.951 2605.366 07:59:39
5.224 167.585 868.780 07:59:40
5.224 150.585 786.341 07:59:41
5.168 347.463 1656.585 07:59:42
5.220 163.780 860.000 07:59:43
5.220 179.683 857.561 07:59:44
5.220 165.195 856.585 07:59:45
5.212 203.390 1107.805 07:59:46
5.220 165.195 860.000 07:59:47
5.228 150.585 785.854 07:59:48
5.220 194.878 867.317 07:59:49
5.224 150.683 786.341 07:59:50
5.220 163.976 856.098 07:59:51
5.220 163.683 855.122 07:59:52
5.220 165.976 865.366 07:59:53
5.220 166.780 867.317 07:59:54
5.192 266.366 1439.512 07:59:55
5.192 248.976 1291.707 07:59:56
5.228 150.683 787.317 07:59:57
5.164 333.171 1720.976 07:59:58
5.224 164.585 861.463 07:59:59
5.220 166.390 868.780 08:00:00
5.212 199.780 1061.463 08:00:01
5.164 309.976 1583.415 08:00:02
5.220 163.390 813.659 08:00:03
5.228 152.488 797.073 08:00:04
5.220 164.780 860.000 08:00:05
5.224 153.195 800.976 08:00:06
5.220 167.585 1257.073 08:00:07
5.228 153.488 801.463 08:00:08
5.140 420.171 2098.049 08:00:09
5.224 153.390 801.463 08:00:10
5.224 153.195 800.000 08:00:11
5.224 158.878 829.756 08:00:12
5.224 150.488 787.317 08:00:13
5.220 165.390 870.244 08:00:14
5.224 150.683 787.317 08:00:15
5.224 165.878 863.902 08:00:16
5.228 151.195 789.756 08:00:17
5.228 150.488 787.317 08:00:18
5.220 151.390 790.244 08:00:19
5.228 150.488 787.317 08:00:20
5.220 167.488 872.195 08:00:21
5.228 150.683 908.780 08:00:22
5.144 411.951 2357.073 08:00:23
5.228 149.780 786.341 08:00:24
5.212 208.390 1130.732 08:00:25
5.224 150.585 790.244 08:00:26
5.228 150.585 788.780 08:00:27
5.220 167.683 875.122 08:00:28
5.228 153.098 798.537 08:00:29
5.164 267.585 1320.488 08:00:30
5.220 153.585 802.439 08:00:31
5.176 347.366 1564.878 08:00:32
5.228 150.780 790.244 08:00:33
5.228 150.488 786.341 08:00:34
5.220 164.488 859.024 08:00:35
5.224 150.780 787.317 08:00:36
5.192 250.268 1369.756 08:00:37
5.224 153.585 803.415 08:00:38
5.140 441.463 2507.317 08:00:39
5.224 158.195 967.805 08:00:40
5.192 215.683 1086.829 08:00:41
5.224 160.683 837.561 08:00:42
5.228 149.878 787.805 08:00:43
5.192 335.366 2000.488 08:00:44
5.228 150.488 783.415 08:00:45
5.132 480.951 2453.659 08:00:46
5.224 150.683 784.878 08:00:47
5.224 257.780 1184.390 08:00:48
5.228 150.780 788.780 08:00:49
5.224 150.585 783.415 08:00:50
5.220 167.780 872.195 08:00:51
5.224 150.293 786.341 08:00:52
5.168 351.463 1800.488 08:00:53
5.228 150.780 787.317 08:00:54
5.196 249.878 1298.049 08:00:55
5.228 153.585 811.220 08:00:56
5.208 205.488 1072.683 08:00:57
5.224 154.195 802.439 08:00:58
5.228 152.780 798.537 08:00:59
5.220 170.976 887.805 08:01:00
5.224 151.780 787.805 08:01:01
5.196 164.878 863.415 08:01:02
5.204 193.780 1070.732 08:01:03
5.116 508.146 2231.220 08:01:04
5.224 151.780 788.780 08:01:05
5.228 150.390 786.341 08:01:06
5.212 160.073 836.098 08:01:07
5.224 150.195 784.878 08:01:08
5.168 336.976 1809.268 08:01:09
5.228 150.293 786.341 08:01:10
5.192 251.488 1322.927 08:01:11
5.224 204.073 797.561 08:01:12
5.228 150.488 786.341 08:01:13
5.216 154.878 809.756 08:01:14
5.228 150.780 786.341 08:01:15
5.220 180.488 2353.659 08:01:16
5.224 150.585 787.317 08:01:17
5.196 347.073 2161.951 08:01:18
5.228 151.488 790.244 08:01:19
5.208 206.878 1071.707 08:01:20
5.224 151.098 788.780 08:01:21
5.228 150.488 785.854 08:01:22
5.220 164.976 863.415 08:01:23
5.228 150.488 780.976 08:01:24
5.220 167.585 1496.098 08:01:25
5.228 150.780 787.805 08:01:26
5.204 217.488 1197.073 08:01:27
5.224 150.683 787.805 08:01:28
5.228 151.780 785.854 08:01:29
5.220 164.585 859.024 08:01:30
5.224 150.585 786.341 08:01:31
5.124 476.561 2440.000 08:01:32
5.224 150.293 787.805 08:01:33
5.224 150.390 786.341 08:01:34
5.220 164.390 859.024 08:01:35
5.228 150.585 787.317 08:01:36
5.164 389.366 1769.268 08:01:37
5.228 150.683 789.756 08:01:38
5.116 457.049 2333.659 08:01:39
5.212 181.683 997.561 08:01:40
5.200 226.585 1225.854 08:01:41
5.224 150.780 791.220 08:01:42
5.228 150.488 786.341 08:01:43
5.216 166.488 869.756 08:01:44
5.224 150.585 787.805 08:01:45
5.116 499.341 2583.902 08:01:46
5.224 150.585 787.317 08:01:47
5.200 366.268 2165.366 08:01:48
5.224 155.073 810.244 08:01:49
5.228 150.390 786.341 08:01:50
5.220 164.780 860.976 08:01:51
5.228 151.098 789.756 08:01:52
5.144 423.659 2178.049 08:01:53
5.228 150.683 825.366 08:01:54
5.128 494.561 2110.732 08:01:55
5.224 150.878 789.756 08:01:56
5.204 215.268 1117.561 08:01:57
5.228 150.683 788.780 08:01:58
5.228 150.390 786.341 08:01:59
5.188 265.585 1818.049 08:02:00
5.220 150.780 787.317 08:02:01
5.224 166.976 874.146 08:02:02
5.224 150.195 784.878 08:02:03
5.160 246.780 1324.390 08:02:05
5.228 150.878 788.780 08:02:06
5.228 149.878 785.854 08:02:07
5.228 151.390 791.220 08:02:08
5.228 150.683 786.341 08:02:09
5.144 338.463 1724.878 08:02:10
5.228 150.585 787.317 08:02:11
5.212 167.073 871.220 08:02:12
5.228 150.780 787.805 08:02:13
5.196 255.171 1311.707 08:02:14
5.228 150.976 788.780 08:02:15
5.224 150.488 787.805 08:02:16
5.224 159.780 1184.390 08:02:17
5.228 151.390 786.341 08:02:18
5.144 413.561 2173.171 08:02:19
5.228 150.585 786.341 08:02:20
5.168 471.244 2564.878 08:02:21
5.228 150.683 787.805 08:02:22
5.224 150.585 785.854 08:02:23
5.228 151.195 790.244 08:02:24
5.228 150.585 787.317 08:02:25
5.220 167.195 872.683 08:02:26
5.228 150.585 786.341 08:02:27
5.156 326.976 1692.683 08:02:28
5.228 150.780 787.805 08:02:29
5.224 151.878 794.634 08:02:30
5.224 154.780 808.780 08:02:31
5.228 150.488 786.341 08:02:32
5.220 164.780 860.000 08:02:33
5.228 150.585 787.317 08:02:34
5.112 505.854 2547.317 08:02:35
5.228 150.683 787.805 08:02:36
5.220 191.293 954.146 08:02:37
5.224 155.878 809.756 08:02:38
5.228 150.976 787.317 08:02:39
5.220 169.488 876.098 08:02:40
5.224 152.878 800.976 08:02:41
5.116 497.049 2536.585 08:02:42
5.224 154.585 801.463 08:02:43
5.224 152.878 799.024 08:02:44
5.220 150.878 792.195 08:02:45
5.228 150.585 789.756 08:02:46
5.224 165.195 861.463 08:02:47
5.228 149.585 784.878 08:02:48
5.120 499.756 2447.317 08:02:49
5.228 150.780 787.805 08:02:50
5.224 150.488 786.341 08:02:51
5.228 150.683 791.220 08:02:52
5.224 154.073 785.854 08:02:53
5.220 164.976 939.024 08:02:54
5.228 150.585 786.341 08:02:55
5.144 491.146 2480.000 08:02:56
5.228 190.585 789.756 08:02:57
5.188 253.268 1163.902 08:02:58
5.224 153.293 800.000 08:02:59
5.224 152.683 797.561 08:03:00
5.220 170.488 890.244 08:03:01
5.224 152.780 798.537 08:03:02
5.116 491.341 2516.098 08:03:03
5.228 165.976 867.805 08:03:04
5.188 303.561 1551.220 08:03:05
5.224 151.195 789.756 08:03:06
5.224 150.488 786.341 08:03:07
5.220 178.878 863.902 08:03:08
5.224 150.683 786.341 08:03:09
5.128 414.463 2130.732 08:03:10
5.228 150.780 786.341 08:03:11
5.176 295.073 1541.951 08:03:12
5.224 150.878 786.341 08:03:13
5.224 150.195 786.341 08:03:14
5.220 164.976 860.000 08:03:15
5.224 150.488 786.341 08:03:16
5.220 167.683 875.122 08:03:17
5.228 150.585 786.341 08:03:18
5.140 439.268 1733.659 08:03:19
5.228 152.293 801.463 08:03:20
5.228 152.683 828.780 08:03:21
5.220 160.683 838.537 08:03:22
5.224 152.780 798.537 08:03:23
5.192 252.366 1304.390 08:03:24
5.212 150.683 785.854 08:03:25
5.116 448.146 2111.707 08:03:26
5.224 150.683 787.805 08:03:27
5.200 218.683 1131.707 08:03:28
5.224 154.878 808.780 08:03:29
5.228 150.488 786.341 08:03:30
5.220 164.488 859.024 08:03:31
5.224 150.390 786.341 08:03:32
5.192 280.976 876.098 08:03:33
5.228 150.683 786.341 08:03:34
5.132 431.463 2173.171 08:03:35
5.228 150.585 788.780 08:03:36
5.228 150.098 785.854 08:03:37
5.212 219.488 984.878 08:03:38
5.224 150.488 786.341 08:03:39
5.188 256.268 1332.195 08:03:40
5.224 150.488 786.341 08:03:41
5.116 493.244 2582.439 08:03:42
5.228 150.585 787.805 08:03:43
5.212 199.976 1045.366 08:03:44
5.224 150.976 787.317 08:03:45
5.224 150.293 784.878 08:03:46
5.220 167.390 863.415 08:03:47
5.228 150.293 785.854 08:03:48
5.112 465.146 2388.780 08:03:49
5.228 150.585 786.341 08:03:50
5.216 230.780 1393.659 08:03:51
5.228 151.098 784.878 08:03:52
5.224 150.390 786.341 08:03:53
5.220 165.073 858.537 08:03:54
5.224 150.390 787.317 08:03:55
5.188 252.171 1756.098 08:03:56
5.228 150.098 787.805 08:03:57
5.208 205.171 1048.780 08:03:58
5.224 155.293 810.244 08:03:59
5.188 206.488 1060.488 08:04:00
5.220 167.293 873.659 08:04:01
5.228 152.878 800.000 08:04:02
5.220 170.390 931.220 08:04:03
5.224 153.098 802.439 08:04:04
5.140 362.463 1841.463 08:04:05
5.224 155.488 810.244 08:04:06
5.220 163.976 862.439 08:04:07
5.228 150.976 789.756 08:04:08
5.224 150.390 785.854 08:04:09
5.220 167.293 873.659 08:04:10
5.228 150.488 786.341 08:04:11
5.192 251.488 1293.171 08:04:12
5.224 154.683 808.780 08:04:13
5.208 183.878 984.878 08:04:14
5.220 155.073 810.244 08:04:15
5.208 217.780 1049.268 08:04:16
5.220 167.976 876.098 08:04:17
5.224 150.683 786.341 08:04:18
5.144 467.146 2292.195 08:04:19
5.228 150.585 787.805 08:04:20
5.228 150.585 787.317 08:04:21
5.220 164.585 936.585 08:04:22
5.228 154.780 807.317 08:04:23
5.220 165.195 862.439 08:04:24
5.228 150.585 786.341 08:04:25
5.108 513.854 2624.878 08:04:26
5.228 150.585 787.317 08:04:27
5.228 150.390 785.854 08:04:28
5.228 154.780 805.854 08:04:29
5.228 152.098 796.098 08:04:30
5.220 164.585 862.439 08:04:32
5.208 204.585 1072.683 08:04:33
5.116 493.561 2605.366 08:04:34
5.228 150.488 787.805 08:04:35
5.228 150.390 783.902 08:04:36
5.228 154.976 808.780 08:04:37
5.224 150.585 787.805 08:04:38
5.220 183.390 875.122 08:04:39
5.220 166.073 867.805 08:04:40
5.192 171.976 891.220 08:04:41
5.224 153.195 800.000 08:04:42
5.192 207.878 1096.585 08:04:43
5.224 150.878 787.805 08:04:44
5.216 186.073 1011.220 08:04:45
5.220 166.195 867.805 08:04:46
5.224 150.585 789.756 08:04:47
5.224 165.073 865.366 08:04:48
5.208 203.073 1061.463 08:04:49
5.216 156.683 822.439 08:04:50
5.224 150.780 786.341 08:04:51
5.224 150.488 787.805 08:04:52
5.220 164.073 858.537 08:04:53
5.228 150.390 786.341 08:04:54
5.220 167.976 876.585 08:04:55
5.224 154.780 807.317 08:04:56
5.192 247.683 1291.707 08:04:57
5.224 150.976 787.805 08:04:58
5.228 150.780 786.341 08:04:59
5.220 163.976 860.000 08:05:00
5.220 164.780 861.463 08:05:01
5.192 321.561 1591.220 08:05:02
5.224 150.683 788.780 08:05:03
5.152 373.463 1523.902 08:05:04
5.208 216.171 1117.561 08:05:05
5.224 155.683 808.780 08:05:06
5.224 155.195 810.244 08:05:07
5.224 179.683 787.805 08:05:08
5.220 165.073 857.561 08:05:09
5.224 164.390 855.122 08:05:10
5.216 167.073 876.585 08:05:11
5.192 251.585 1299.512 08:05:12
5.148 414.659 2174.634 08:05:13
5.196 220.976 1078.049 08:05:14
5.224 150.293 786.341 08:05:15
5.216 182.683 978.049 08:05:16
5.224 150.585 786.341 08:05:17
5.220 166.585 870.244 08:05:18
5.228 150.098 792.195 08:05:19
5.132 405.951 2725.366 08:05:20
5.224 157.585 839.024 08:05:21
5.192 364.561 2498.537 08:05:22
5.224 150.976 787.805 08:05:23
5.228 150.585 787.317 08:05:24
5.220 165.073 864.878 08:05:25
5.228 150.780 787.805 08:05:26
5.196 280.976 1371.707 08:05:27
5.208 271.268 1112.683 08:05:28
5.140 336.756 1501.951 08:05:29
5.200 245.780 816.098 08:05:30
5.228 149.878 785.854 08:05:31
5.224 158.390 823.902 08:05:32
5.228 150.683 787.805 08:05:33
5.216 165.073 858.537 08:05:34
5.220 163.293 855.122 08:05:35
5.116 435.659 2145.366 08:05:36
5.220 164.195 856.098 08:05:37
5.228 152.098 1085.366 08:05:38
5.224 150.976 788.780 08:05:39
5.224 150.585 786.341 08:05:40
5.220 164.585 861.463 08:05:41
5.228 150.585 790.244 08:05:42
5.220 305.878 1385.854 08:05:43
5.220 165.878 866.341 08:05:44
5.140 478.659 2483.415 08:05:45
5.208 225.390 1086.829 08:05:46
5.216 175.878 970.244 08:05:47
5.224 167.780 875.122 08:05:48
5.220 166.683 870.244 08:05:49
5.172 334.561 1726.341 08:05:50
5.212 152.488 797.073 08:05:51
5.176 368.659 1901.951 08:05:52
5.204 221.390 1153.171 08:05:53
5.228 150.098 786.341 08:05:54
5.220 164.488 858.537 08:05:55
5.228 150.585 787.805 08:05:56
5.220 167.390 876.098 08:05:57
5.228 150.683 788.780 08:05:58
5.172 413.561 2196.098 08:05:59
5.224 157.195 823.902 08:06:00
5.168 152.098 793.659 08:06:01
5.224 157.390 825.366 08:06:02
5.224 153.390 1059.024 08:06:03
5.192 252.878 1289.268 08:06:04
5.228 151.585 791.220 08:06:05
5.176 390.073 1376.098 08:06:06
5.220 164.195 863.415 08:06:07
5.224 150.488 786.341 08:06:08
5.152 371.659 1926.829 08:06:09
5.228 150.976 787.805 08:06:10
5.220 165.390 860.976 08:06:11
5.224 150.293 786.341 08:06:12
5.116 506.561 2571.707 08:06:13
5.228 150.878 787.805 08:06:14
5.224 150.195 786.341 08:06:15
5.228 164.293 819.024 08:06:16
5.228 150.585 786.341 08:06:17
5.120 481.244 2440.976 08:06:18
5.224 150.683 787.805 08:06:19
5.216 168.976 880.000 08:06:20
5.228 156.390 787.317 08:06:21
5.148 460.049 2248.293 08:06:22
5.224 150.780 784.878 08:06:23
5.224 149.878 785.854 08:06:24
5.220 166.073 869.756 08:06:25
5.228 154.195 801.463 08:06:26
5.192 250.976 1305.854 08:06:27
5.228 150.780 787.805 08:06:28
5.116 415.854 2132.195 08:06:29
5.228 150.780 787.805 08:06:30
5.228 150.390 785.854 08:06:31
5.224 157.878 823.902 08:06:32
5.228 150.390 785.854 08:06:33
5.192 274.463 1287.805 08:06:34
5.228 169.976 888.780 08:06:35
5.172 340.366 1757.561 08:06:36
5.224 153.683 803.415 08:06:37
5.224 150.585 787.317 08:06:38
5.224 157.976 825.366 08:06:39
5.228 150.488 785.854 08:06:40
5.220 166.585 869.756 08:06:41
5.212 288.463 1407.317 08:06:42
5.112 531.756 2628.780 08:06:43
5.228 150.780 789.756 08:06:44
5.228 150.293 787.317 08:06:45
5.228 150.878 791.220 08:06:46
5.224 150.390 783.415 08:06:47
5.128 329.561 1820.000 08:06:48
5.228 150.585 787.805 08:06:49
5.192 298.463 1073.171 08:06:50
5.228 154.878 808.780 08:06:51
5.212 205.878 1072.683 08:06:52
5.220 165.073 862.439 08:06:53
5.216 181.780 947.805 08:06:54
5.168 333.976 1701.463 08:06:55
5.228 160.683 787.317 08:06:56
5.188 285.171 1864.390 08:06:57
5.224 150.780 788.780 08:06:59
5.212 203.488 1058.049 08:07:00
5.208 204.878 1059.024 08:07:01
5.228 154.488 810.244 08:07:02
5.192 259.268 1345.854 08:07:03
5.228 150.585 786.341 08:07:04
5.132 345.561 1784.878 08:07:05
5.224 150.683 787.805 08:07:06
5.228 154.585 806.341 08:07:07
5.224 154.976 810.244 08:07:08
5.224 150.585 786.341 08:07:09
5.216 169.683 887.317 08:07:10
5.224 153.195 800.000 08:07:11
5.144 480.854 2463.902 08:07:12
5.228 152.976 803.415 08:07:13
5.220 186.293 885.366 08:07:14
5.228 153.195 800.976 08:07:15
5.208 204.073 1049.268 08:07:16
5.224 155.073 809.756 08:07:17
5.228 150.683 787.805 08:07:18
5.220 167.293 873.659 08:07:19
5.228 150.683 787.317 08:07:20
5.188 250.976 1304.390 08:07:21
5.228 150.683 788.780 08:07:22
5.176 296.878 1535.122 08:07:23
5.228 150.976 787.317 08:07:24
5.228 150.390 787.317 08:07:25
5.212 195.171 1015.610 08:07:26
5.228 150.488 786.341 08:07:27
5.168 335.171 1731.707 08:07:28
5.224 150.585 786.341 08:07:29
5.192 260.976 1309.268 08:07:30
5.228 150.585 787.317 08:07:31
5.208 212.878 1065.366 08:07:32
5.224 151.390 788.780 08:07:33
5.228 150.488 786.341 08:07:34
5.220 166.390 872.195 08:07:35
5.224 150.293 789.756 08:07:36
5.140 397.659 2205.854 08:07:37
5.224 150.683 787.317 08:07:38
5.140 419.366 2331.220 08:07:39
5.224 151.293 784.878 08:07:40
5.220 150.293 785.854 08:07:41
5.220 164.878 861.463 08:07:42
5.228 152.878 800.976 08:07:43
5.220 170.878 886.341 08:07:44
5.228 152.878 800.000 08:07:45
5.120 498.659 2457.561 08:07:46
5.228 150.683 787.805 08:07:47
5.224 151.390 791.220 08:07:48
5.228 151.390 791.220 08:07:49
5.228 150.488 786.341 08:07:50
5.168 333.756 1728.780 08:07:51
5.228 186.976 790.244 08:07:52
5.132 411.854 2370.732 08:07:53
5.224 150.780 787.805 08:07:54
5.228 157.683 823.415 08:07:55
5.220 188.878 985.366 08:07:56
5.228 150.098 784.878 08:07:57
5.144 403.268 1956.585 08:07:58
5.228 150.878 786.341 08:07:59
5.160 397.463 2253.171 08:08:00
5.228 152.098 817.561 08:08:01
5.220 165.780 862.439 08:08:02
5.228 151.195 788.780 08:08:03
5.200 230.585 1385.854 08:08:04
5.228 155.293 811.220 08:08:05
5.228 150.683 787.805 08:08:06
5.140 497.146 2562.927 08:08:07
5.228 150.878 786.341 08:08:08
5.192 248.268 1289.268 08:08:09
5.220 181.683 977.561 08:08:10
5.224 160.780 1049.268 08:08:11
5.224 158.073 825.366 08:08:12
5.228 152.878 799.024 08:08:13
5.204 421.951 1217.073 08:08:14
5.224 154.878 810.244 08:08:15
5.144 364.854 1978.049 08:08:16
5.228 150.683 787.317 08:08:17
5.144 418.659 2080.976 08:08:18
5.224 150.780 787.805 08:08:19
5.196 238.488 1270.732 08:08:20
5.224 151.098 790.244 08:08:21
5.228 150.293 787.317 08:08:22
5.224 177.488 861.463 08:08:23
5.228 150.683 786.341 08:08:24
5.180 253.366 1312.195 08:08:25
5.224 151.098 789.756 08:08:26
5.160 260.171 1349.756 08:08:27
5.224 153.195 800.000 08:08:28
5.228 152.780 798.537 08:08:29
5.220 165.195 837.561 08:08:30
5.228 152.878 799.024 08:08:31
5.180 267.976 1255.610 08:08:32
5.228 150.683 783.415 08:08:33
5.224 181.390 946.341 08:08:34
5.224 152.390 797.073 08:08:35
5.228 150.390 786.341 08:08:36
5.220 154.683 807.805 08:08:37
5.228 150.488 798.537 08:08:38
5.224 164.878 862.439 08:08:39
5.224 150.683 786.341 08:08:40
5.184 251.878 1364.390 08:08:41
5.228 150.488 783.415 08:08:42
5.228 150.390 787.805 08:08:43
5.208 165.780 789.756 08:08:44
5.228 150.293 784.878 08:08:45
5.220 166.878 869.756 08:08:46
5.224 150.780 786.341 08:08:47
5.136 479.756 2178.537 08:08:48
5.228 150.488 786.341 08:08:49
5.208 205.171 1068.780 08:08:50
5.224 150.488 787.805 08:08:51
5.228 150.098 783.902 08:08:52
5.220 164.976 861.463 08:08:53
5.228 150.976 789.756 08:08:54
5.164 252.488 1309.268 08:08:55
5.228 152.976 800.976 08:08:56
5.164 340.659 1779.024 08:08:57
5.224 154.683 803.902 08:08:58
5.224 150.488 786.341 08:08:59
5.224 164.488 860.976 08:09:00
5.224 153.195 799.024 08:09:01
5.216 196.488 1025.366 08:09:02
5.224 160.585 793.659 08:09:03
5.192 380.171 1919.024 08:09:04
5.228 150.585 787.805 08:09:05
5.196 330.171 1706.341 08:09:06
5.224 150.780 787.805 08:09:07
5.228 150.390 786.341 08:09:08
5.224 164.585 860.000 08:09:09
5.224 150.585 787.317 08:09:10
5.224 167.073 876.585 08:09:11
5.228 150.585 787.317 08:09:12
5.144 411.049 2114.634 08:09:13
5.228 150.976 787.805 08:09:14
5.228 150.488 786.341 08:09:15
5.224 153.976 807.317 08:09:16
5.224 152.683 799.024 08:09:17
5.220 167.195 872.683 08:09:18
5.228 152.878 798.537 08:09:19
5.116 513.561 2461.463 08:09:20
5.224 153.390 800.000 08:09:21
5.200 330.780 1541.951 08:09:22
5.228 150.780 787.805 08:09:23
5.228 150.195 784.878 08:09:24
5.220 163.878 855.122 08:09:25
5.228 150.390 786.341 08:09:26
5.220 168.293 877.561 08:09:27
5.228 150.488 785.854 08:09:28
5.168 342.756 1728.780 08:09:29
5.228 150.585 787.317 08:09:30
5.228 150.585 786.341 08:09:31
5.224 150.878 818.537 08:09:33
5.228 150.098 791.220 08:09:34
5.220 166.390 872.195 08:09:35
5.228 150.585 787.317 08:09:36
5.108 470.659 2488.780 08:09:37
5.224 150.780 788.780 08:09:38
5.136 512.146 2811.707 08:09:39
5.224 150.780 791.220 08:09:40
5.224 150.488 786.341 08:09:41
5.220 165.195 862.439 08:09:42
5.224 150.976 786.341 08:09:43
5.220 164.488 862.439 08:09:44
5.228 150.683 800.000 08:09:45
5.132 405.951 2449.756 08:09:46
5.224 151.195 791.220 08:09:47
5.228 150.585 786.341 08:09:48
5.144 374.561 2008.293 08:09:49
5.224 201.390 1052.683 08:09:50
5.152 335.561 1903.902 08:09:51
5.224 150.780 789.756 08:09:52
5.112 493.951 2478.537 08:09:53
5.228 150.780 787.805 08:09:54
5.228 150.098 786.341 08:09:55
5.220 167.976 872.195 08:09:56
5.228 152.780 798.537 08:09:57
5.220 168.780 880.976 08:09:58
5.224 152.780 798.537 08:09:59
5.116 475.951 2438.537 08:10:00
5.224 155.390 812.195 08:10:01
5.224 156.780 816.098 08:10:02
5.220 167.293 872.683 08:10:03
5.224 152.976 799.024 08:10:04
5.220 167.195 872.683 08:10:05
5.224 150.195 784.878 08:10:06
5.120 412.171 2288.780 08:10:07
5.224 150.585 787.317 08:10:08
5.208 206.073 1072.683 08:10:09
5.228 150.878 787.805 08:10:10
5.228 150.390 787.317 08:10:11
5.224 165.195 859.024 08:10:12
5.228 150.585 786.341 08:10:13
5.220 167.585 875.122 08:10:14
5.216 184.585 962.927 08:10:15
5.168 334.561 1728.780 08:10:16
5.228 150.780 787.805 08:10:17
5.228 150.390 786.341 08:10:18
5.224 157.683 827.317 08:10:19
5.224 150.390 786.341 08:10:20
5.172 332.976 1764.878 08:10:21
5.224 150.390 787.805 08:10:22
5.144 449.854 2301.951 08:10:23
5.228 150.683 787.317 08:10:24
5.224 159.073 830.244 08:10:25
5.224 154.878 810.244 08:10:26
5.228 150.390 786.341 08:10:27
5.184 328.780 1337.073 08:10:28
5.212 150.780 787.805 08:10:29
5.124 492.463 2519.024 08:10:30
5.228 150.488 787.317 08:10:31
5.228 150.390 786.341 08:10:32
5.220 164.390 860.000 08:10:33
5.228 150.585 785.854 08:10:34
5.192 305.780 1039.024 08:10:35
5.224 150.683 786.341 08:10:36
5.120 509.756 2576.585 08:10:37
5.228 150.488 787.317 08:10:38
5.228 150.293 784.878 08:10:39
5.220 164.878 863.415 08:10:40
5.224 150.488 785.854 08:10:41
5.220 167.073 872.195 08:10:42
5.224 150.976 849.756 08:10:43
5.120 497.146 2458.537 08:10:44
5.224 153.195 800.000 08:10:45
5.224 152.683 798.537 08:10:46
5.224 160.585 820.976 08:10:47
5.224 152.780 798.537 08:10:48
5.180 258.073 1340.488 08:10:49
5.228 153.098 800.000 08:10:50
5.136 434.561 2231.220 08:10:51
5.228 150.585 790.244 08:10:52
5.208 205.268 1308.293 08:10:53
5.224 154.976 811.220 08:10:54
5.224 150.390 787.317 08:10:55
5.220 165.683 860.976 08:10:56
5.224 159.390 803.415 08:10:57
5.132 415.049 2455.122 08:10:58
5.224 152.390 795.122 08:10:59
5.224 159.293 832.195 08:11:00
5.224 159.488 832.683 08:11:01
5.228 152.878 800.000 08:11:02
5.224 164.976 861.463 08:11:03
5.224 150.683 787.805 08:11:04
5.220 184.390 879.024 08:11:05
5.220 150.585 787.317 08:11:06
5.208 217.780 1121.463 08:11:07
5.228 150.683 787.805 08:11:08
5.220 151.780 859.024 08:11:09
5.228 151.195 789.756 08:11:10
5.224 150.390 786.341 08:11:11
5.220 165.293 860.976 08:11:12
5.228 150.585 787.805 08:11:13
5.144 412.561 2503.415 08:11:14
5.224 151.683 791.220 08:11:15
5.224 156.976 820.000 08:11:16
5.228 154.878 808.780 08:11:17
5.224 150.683 787.805 08:11:18
5.224 166.683 870.244 08:11:19
5.228 152.976 799.024 08:11:20
5.116 496.854 2349.756 08:11:21
5.228 150.780 787.317 08:11:22
5.224 167.780 795.122 08:11:23
5.224 154.488 808.780 08:11:24
5.204 207.878 1174.634 08:11:25
5.224 167.195 873.659 08:11:26
5.228 152.293 793.659 08:11:27
5.116 481.659 2483.902 08:11:28
5.224 152.780 799.024 08:11:29
5.224 152.780 798.537 08:11:30
5.224 150.878 788.780 08:11:31
5.224 158.073 825.366 08:11:32
5.220 164.390 858.537 08:11:33
5.228 150.195 784.878 08:11:34
5.120 280.780 1458.537 08:11:35
5.228 150.878 788.780 08:11:36
5.228 168.585 796.098 08:11:37
5.228 150.878 783.415 08:11:38
5.228 152.195 795.122 08:11:39
5.220 164.976 860.976 08:11:40
5.212 218.171 1453.171 08:11:41
5.220 167.585 877.561 08:11:42
5.228 150.878 787.317 08:11:43
5.140 427.463 2158.537 08:11:44
5.228 150.878 788.780 08:11:45
5.228 149.976 784.878 08:11:46
5.204 197.488 1029.268 08:11:47
5.224 157.293 821.463 08:11:48
5.196 251.268 1304.390 08:11:49
5.228 150.585 786.341 08:11:50
5.148 468.659 2433.659 08:11:51
5.228 152.293 800.976 08:11:52
5.224 151.488 790.244 08:11:53
5.224 164.976 858.537 08:11:54
5.204 204.585 1075.122 08:11:55
5.220 166.293 990.244 08:11:56
5.192 205.878 1188.293 08:11:57
5.156 332.463 1740.000 08:11:58
5.228 150.878 787.805 08:11:59
5.208 205.488 1060.000 08:12:00
5.224 155.073 814.634 08:12:01
5.220 163.683 860.000 08:12:02
5.220 166.585 868.780 08:12:03
5.224 157.390 823.902 08:12:04
5.160 411.561 2152.195 08:12:05
5.224 150.585 786.341 08:12:06
5.228 215.878 1150.244 08:12:07
5.224 150.780 788.780 08:12:08
5.224 164.073 856.585 08:12:09
5.220 166.195 867.317 08:12:10
5.224 156.195 814.634 08:12:11
5.112 497.244 2545.366 08:12:12
5.204 224.976 1168.293 08:12:13
5.228 150.683 789.756 08:12:14
5.224 164.073 856.098 08:12:15
5.220 164.195 857.561 08:12:16
5.220 165.488 863.902 08:12:17
5.224 153.390 801.463 08:12:18
5.116 497.951 2559.024 08:12:19
5.224 174.683 835.122 08:12:20
5.224 152.878 798.537 08:12:21
5.220 157.390 823.902 08:12:22
5.220 190.976 911.220 08:12:23
5.212 199.488 1035.122 08:12:24
5.220 164.073 858.537 08:12:25
5.176 310.561 1608.780 08:12:26
5.228 150.780 790.244 08:12:27
5.224 150.585 786.341 08:12:28
5.192 250.780 1298.049 08:12:29
5.224 150.488 783.415 08:12:31
5.140 473.244 2483.415 08:12:32
5.224 150.683 783.902 08:12:33
5.196 205.488 1191.707 08:12:34
5.224 154.683 867.317 08:12:35
5.224 150.293 786.341 08:12:36
5.196 250.683 1306.829 08:12:37
5.224 150.488 783.415 08:12:38
5.196 255.976 1304.390 08:12:39
5.228 150.683 786.341 08:12:40
5.148 426.561 2201.951 08:12:41
5.224 150.683 787.805 08:12:42
5.224 150.293 784.878 08:12:43
5.220 159.293 832.195 08:12:44
5.228 152.976 799.024 08:12:45
5.172 312.463 1622.439 08:12:46
5.224 153.195 799.024 08:12:47
5.136 428.366 2191.707 08:12:48
5.224 152.976 799.024 08:12:49
5.224 150.585 784.878 08:12:50
5.224 157.780 823.415 08:12:51
5.228 150.390 784.878 08:12:52
5.192 238.585 1174.146 08:12:53
5.228 150.488 786.341 08:12:54
5.116 519.146 2560.976 08:12:55
5.224 161.073 787.317 08:12:56
5.208 206.073 796.098 08:12:57
5.228 151.098 791.220 08:12:58
5.228 150.390 785.854 08:12:59
5.220 168.488 879.024 08:13:00
5.188 157.073 820.000 08:13:01
5.128 499.049 2553.659 08:13:02
5.228 151.878 788.780 08:13:03
5.180 255.878 1746.341 08:13:04
5.224 150.683 793.659 08:13:05
5.228 150.390 785.854 08:13:06
5.224 176.390 823.902 08:13:07
5.228 150.195 784.878 08:13:08
5.220 195.488 871.220 08:13:09
5.224 150.488 786.341 08:13:10
5.144 439.268 2233.659 08:13:11
5.224 150.293 786.341 08:13:12
5.228 160.488 784.878 08:13:13
5.220 157.683 788.780 08:13:14
5.228 149.683 786.341 08:13:15
5.220 165.683 864.878 08:13:16
5.224 150.780 786.341 08:13:17
5.116 504.146 2426.341 08:13:18
5.224 149.976 786.341 08:13:19
5.208 256.268 1318.049 08:13:20
5.228 154.976 810.244 08:13:21
5.228 150.488 786.341 08:13:22
5.216 166.585 1068.780 08:13:23
5.228 152.780 798.537 08:13:24
5.216 171.585 896.098 08:13:25
5.224 150.683 786.341 08:13:26
5.148 417.951 2026.829 08:13:27
5.228 150.878 792.683 08:13:28
5.228 150.390 793.659 08:13:29
5.224 164.585 854.146 08:13:30
5.228 150.585 787.317 08:13:31
5.224 165.878 867.317 08:13:32
5.224 150.780 787.805 08:13:33
5.140 500.463 2560.976 08:13:34
5.228 150.683 787.317 08:13:35
5.228 150.683 786.341 08:13:36
5.220 165.073 859.024 08:13:37
5.224 151.098 787.317 08:13:38
5.172 250.976 1295.610 08:13:39
5.228 150.585 787.317 08:13:40
5.168 512.049 2620.000 08:13:41
5.224 150.098 787.805 08:13:42
5.228 150.488 787.317 08:13:43
5.224 157.683 823.902 08:13:44
5.228 149.976 786.341 08:13:45
5.208 167.780 872.195 08:13:46
5.228 150.585 787.317 08:13:47
5.132 474.659 2419.512 08:13:48
5.228 150.780 787.317 08:13:49
5.224 150.293 784.878 08:13:50
5.224 158.488 827.805 08:13:51
5.224 150.488 786.341 08:13:52
5.220 166.585 869.756 08:13:53
5.228 150.585 787.317 08:13:54
5.128 529.146 2395.122 08:13:55
5.228 150.488 786.341 08:13:56
5.224 150.390 786.341 08:13:57
5.228 155.683 808.780 08:13:58
5.224 150.780 784.878 08:13:59
5.220 165.293 860.976 08:14:00
5.148 186.488 960.000 08:14:01
5.168 335.976 2061.463 08:14:02
5.224 151.683 787.317 08:14:03
5.156 346.976 1865.366 08:14:04
5.224 154.878 808.780 08:14:05
5.228 151.098 786.341 08:14:06
5.220 164.488 859.024 08:14:07
5.228 150.488 787.317 08:14:08
5.220 168.390 876.098 08:14:09
5.224 150.780 787.805 08:14:10
5.188 285.561 2173.171 08:14:11
5.224 151.390 787.805 08:14:12
5.228 150.390 783.902 08:14:13
5.224 164.488 861.463 08:14:14
5.228 150.683 787.805 08:14:15
5.220 167.683 873.659 08:14:16
5.228 150.780 787.805 08:14:17
5.116 421.659 2527.317 08:14:18
5.228 150.780 787.805 08:14:19
5.228 150.390 786.341 08:14:20
5.220 166.683 870.244 08:14:21
5.228 151.390 796.098 08:14:22
5.220 175.585 871.220 08:14:23
5.228 152.195 787.805 08:14:24
5.128 472.659 2441.463 08:14:25
5.224 150.683 787.317 08:14:26
5.204 213.976 1064.390 08:14:27
5.220 154.976 808.780 08:14:28
5.224 150.390 803.415 08:14:29
5.220 165.195 927.317 08:14:30
5.224 150.683 787.805 08:14:31
5.164 336.561 1739.024 08:14:32
5.224 153.098 800.000 08:14:33
5.216 233.585 1210.732 08:14:34
5.228 153.293 801.463 08:14:35
5.228 153.098 800.000 08:14:36
5.216 187.390 997.561 08:14:37
5.228 150.488 787.317 08:14:38
5.132 456.146 2376.098 08:14:39
5.220 163.780 859.024 08:14:40
5.220 166.390 863.415 08:14:41
5.224 157.488 819.024 08:14:42
5.208 204.878 1067.805 08:14:43
5.224 167.073 1304.390 08:14:44
5.228 150.585 786.341 08:14:45
5.196 250.073 1293.171 08:14:46
5.224 157.683 819.024 08:14:47
5.220 191.585 882.927 08:14:48
5.220 166.293 870.244 08:14:49
5.200 228.683 1255.610 08:14:50
5.220 169.585 883.902 08:14:51
5.228 153.488 800.000 08:14:52
5.168 390.951 1718.537 08:14:53
5.228 150.683 787.317 08:14:54
5.224 165.683 951.220 08:14:55
5.224 164.195 861.463 08:14:56
5.220 165.683 863.415 08:14:57
5.224 164.878 861.463 08:14:59
5.188 339.878 1590.244 08:15:00
5.136 423.561 2178.537 08:15:01
5.224 150.780 788.780 08:15:02
5.224 151.293 790.244 08:15:03
5.220 222.585 1158.049 08:15:04
5.224 164.780 860.000 08:15:05
5.220 166.390 868.780 08:15:06
5.224 164.390 858.537 08:15:07
5.220 167.780 861.463 08:15:08
5.228 150.878 787.317 08:15:09
5.224 164.390 976.585 08:15:10
5.220 164.488 854.146 08:15:11
5.220 164.195 859.024 08:15:12
5.228 159.073 804.878 08:15:13
5.220 166.878 867.317 08:15:14
5.168 424.659 2180.976 08:15:15
5.192 240.976 1252.195 08:15:16
5.228 150.683 787.805 08:15:17
5.224 150.780 787.805 08:15:18
5.224 163.878 858.537 08:15:19
5.224 163.976 860.000 08:15:20
5.224 164.390 858.537 08:15:21
5.192 313.463 1620.000 08:15:22
5.116 486.756 2490.244 08:15:23
5.208 279.585 1425.854 08:15:24
5.228 154.683 807.805 08:15:25
5.220 170.780 856.585 08:15:26
5.220 164.585 856.585 08:15:27
5.220 164.878 858.537 08:15:28
5.216 261.878 868.780 08:15:29
5.224 166.780 1101.951 08:15:30
5.168 328.366 1771.707 08:15:31
5.228 150.683 787.805 08:15:32
5.224 155.683 810.244 08:15:33
5.220 165.073 861.463 08:15:34
5.220 167.390 873.659 08:15:35
5.216 167.780 876.098 08:15:36
5.220 202.293 1054.146 08:15:37
5.112 500.561 2562.927 08:15:38
5.204 238.585 859.024 08:15:39
5.216 182.390 951.220 08:15:40
5.224 156.293 1149.268 08:15:41
5.192 252.268 991.707 08:15:42
5.224 166.488 867.317 08:15:43
5.220 166.390 868.780 08:15:44
5.220 165.780 865.366 08:15:45
5.144 501.463 2417.561 08:15:46
5.200 253.976 1090.732 08:15:47
5.224 150.683 788.780 08:15:48
5.220 163.878 947.805 08:15:49
5.220 164.878 859.024 08:15:50
5.220 164.293 863.415 08:15:51
5.220 166.293 951.220 08:15:52
5.144 404.951 2143.415 08:15:53
5.184 224.780 1038.049 08:15:54
5.216 189.073 981.463 08:15:55
5.224 150.683 789.756 08:15:56
5.220 163.878 858.537 08:15:57
5.220 164.195 856.585 08:15:58
5.224 165.390 859.024 08:15:59
5.220 166.488 931.220 08:16:00
5.140 417.366 2495.122 08:16:01
5.196 251.268 1295.610 08:16:02
5.228 150.780 789.756 08:16:03
5.224 154.780 808.780 08:16:04
5.224 154.683 808.780 08:16:05
5.224 165.488 864.878 08:16:06
5.224 166.780 870.244 08:16:07
5.220 167.683 873.659 08:16:08
5.224 167.293 873.659 08:16:09
5.200 227.268 1181.951 08:16:10
5.224 157.585 823.415 08:16:11
5.228 150.780 788.780 08:16:12
5.224 163.683 858.537 08:16:13
5.220 165.195 856.585 08:16:14
5.220 166.195 872.195 08:16:15
5.172 264.463 1373.659 08:16:16
5.124 464.854 2381.951 08:16:17
5.188 273.585 1417.073 08:16:18
5.224 154.683 807.805 08:16:19
5.228 154.780 812.683 08:16:20
5.220 164.585 860.976 08:16:21
5.220 164.293 856.585 08:16:22
5.220 169.073 881.463 08:16:23
5.220 255.073 1384.390 08:16:24
5.156 440.049 2169.756 08:16:25
5.220 182.878 974.146 08:16:26
5.224 153.488 803.902 08:16:27
5.224 164.780 858.537 08:16:28
5.220 154.878 812.195 08:16:29
5.220 164.488 858.537 08:16:30
5.224 165.195 860.000 08:16:31
5.224 165.293 861.463 08:16:32
5.140 421.268 2152.195 08:16:33
5.228 150.098 902.927 08:16:34
5.204 205.390 1069.268 08:16:35
5.220 174.585 910.244 08:16:36
5.220 173.976 907.317 08:16:37
5.224 164.780 860.976 08:16:38
5.184 347.976 1333.171 08:16:39
5.220 167.390 873.659 08:16:40
5.208 222.073 1156.585 08:16:41
5.204 223.683 1170.244 08:16:42
5.224 155.390 807.805 08:16:43
5.220 163.976 859.024 08:16:44
5.220 164.390 856.585 08:16:45
5.220 166.073 864.878 08:16:46
5.220 164.780 860.000 08:16:47
5.224 158.488 823.415 08:16:48
5.228 157.293 821.463 08:16:49
5.224 154.390 806.341 08:16:50
5.220 163.976 858.537 08:16:51
5.224 164.073 856.585 08:16:52
5.224 164.293 857.561 08:16:53
5.220 164.780 860.000 08:16:54
5.192 288.683 1330.732 08:16:55
5.224 156.976 955.122 08:16:56
5.224 159.488 831.220 08:16:57
5.220 166.683 867.317 08:16:58
5.220 158.073 820.976 08:16:59
5.220 163.976 919.024 08:17:00
5.168 334.073 1681.463 08:17:01
5.188 169.073 876.098 08:17:02
5.204 220.585 1250.732 08:17:03
5.168 378.268 1956.585 08:17:04
5.224 157.878 826.341 08:17:05
5.220 164.195 860.000 08:17:06
5.224 154.683 813.659 08:17:07
5.224 164.683 858.537 08:17:08
5.220 165.195 858.537 08:17:09
5.160 354.878 1797.561 08:17:10
5.220 169.683 882.439 08:17:11
5.220 166.780 870.244 08:17:12
5.208 200.780 1045.366 08:17:13
5.224 165.073 859.024 08:17:14
5.224 164.780 860.976 08:17:15
5.220 166.585 872.683 08:17:16
5.220 165.195 862.439 08:17:17
5.220 164.293 863.902 08:17:18
5.220 164.073 860.000 08:17:19
5.144 482.049 2500.000 08:17:20
5.224 157.585 823.902 08:17:21
5.220 164.195 856.585 08:17:22
5.228 150.293 788.780 08:17:23
5.220 166.293 874.146 08:17:24
5.224 165.195 861.463 08:17:25
5.164 366.366 1782.439 08:17:26
5.220 169.390 887.317 08:17:27
5.224 155.293 812.195 08:17:28
5.192 251.268 1347.317 08:17:29
5.204 217.390 1131.707 08:17:30
5.220 166.878 874.146 08:17:31
5.220 164.073 858.537 08:17:32
5.164 481.463 2483.415 08:17:33
5.228 150.976 791.220 08:17:34
5.224 150.878 787.805 08:17:35
5.224 157.585 822.439 08:17:36
5.220 164.683 856.585 08:17:37
5.192 247.268 1284.390 08:17:38
5.224 150.780 787.805 08:17:39
5.224 155.293 813.659 08:17:40
5.220 150.976 789.756 08:17:41
5.200 238.683 1239.024 08:17:42
5.216 187.488 982.439 08:17:43
5.220 165.878 863.415 08:17:45
5.184 275.268 1430.732 08:17:46
5.208 212.488 1111.707 08:17:47
5.196 166.878 871.220 08:17:48
5.224 150.878 788.780 08:17:49
5.208 212.488 1141.951 08:17:50
5.224 150.976 788.780 08:17:51
5.228 150.683 786.341 08:17:52
5.224 160.293 834.634 08:17:53
5.228 208.585 823.415 08:17:54
5.164 336.073 1727.317 08:17:55
5.224 150.780 787.805 08:17:56
5.120 418.756 2147.317 08:17:57
5.228 150.683 787.805 08:17:58
5.228 150.585 787.805 08:17:59
5.228 151.195 787.805 08:18:00
5.196 237.171 817.561 08:18:01
5.212 166.780 868.780 08:18:02
5.224 152.878 798.537 08:18:03
5.156 256.366 1335.610 08:18:04
5.216 190.171 1038.049 08:18:05
5.168 245.366 1177.073 08:18:06
5.224 155.488 812.683 08:18:07
5.228 150.976 788.780 08:18:08
5.220 165.073 862.439 08:18:09
5.220 157.293 821.463 08:18:10
5.220 164.293 857.561 08:18:11
5.228 183.293 957.561 08:18:12
5.140 428.854 2226.829 08:18:13
5.224 153.098 800.000 08:18:14
5.228 152.976 798.537 08:18:15
5.224 157.073 820.976 08:18:16
5.228 155.195 812.195 08:18:17
5.220 164.780 859.024 08:18:18
5.208 205.390 1064.390 08:18:19
5.116 423.049 2368.293 08:18:20
5.228 150.488 787.317 08:18:21
5.188 364.854 1539.512 08:18:22
5.224 150.780 789.756 08:18:23
5.220 163.390 857.561 08:18:24
5.224 164.488 861.463 08:18:25
5.224 157.293 821.463 08:18:26
5.220 176.073 875.122 08:18:27
5.228 150.683 786.341 08:18:28
5.196 344.878 1497.561 08:18:29
5.228 150.585 789.756 08:18:30
5.228 150.585 786.341 08:18:31
5.224 155.195 811.220 08:18:32
5.224 195.878 1022.927 08:18:33
5.216 167.293 873.659 08:18:34
5.208 210.683 1097.561 08:18:35
5.136 427.366 2179.512 08:18:36
5.224 155.195 814.634 08:18:37
5.200 234.366 1204.390 08:18:38
5.228 154.683 809.756 08:18:39
5.228 150.683 786.341 08:18:40
5.224 155.195 960.000 08:18:41
5.224 157.195 823.902 08:18:42
5.192 248.171 1300.976 08:18:43
5.224 150.683 787.317 08:18:44
5.168 375.659 2090.732 08:18:45
5.228 150.488 789.756 08:18:46
5.208 214.976 1239.512 08:18:47
5.224 154.780 810.244 08:18:48
5.224 152.488 794.634 08:18:49
5.168 370.854 1909.268 08:18:50
5.208 206.780 1076.585 08:18:51
5.156 342.659 1771.220 08:18:52
5.224 153.195 800.976 08:18:53
5.224 152.878 798.537 08:18:54
5.224 157.585 827.317 08:18:55
5.224 150.683 787.805 08:18:56
5.220 179.878 870.244 08:18:57
5.228 154.683 807.805 08:18:58
5.124 483.659 2460.976 08:18:59
5.228 151.098 787.805 08:19:00
5.212 346.171 1185.854 08:19:01
5.224 155.780 814.634 08:19:02
5.228 150.780 787.805 08:19:03
5.220 179.878 863.902 08:19:04
5.220 164.585 860.000 08:19:05
5.140 444.659 2538.537 08:19:06
5.208 204.293 1060.488 08:19:07
5.192 259.585 1341.951 08:19:08
5.224 157.195 820.000 08:19:09
5.224 166.390 867.317 08:19:10
5.220 164.976 861.463 08:19:11
5.224 164.293 858.537 08:19:12
5.224 171.976 1358.537 08:19:13
5.228 155.195 806.341 08:19:14
5.184 277.366 1756.585 08:19:15
5.224 154.780 807.317 08:19:16
5.228 150.488 787.317 08:19:17
5.220 164.976 863.902 08:19:18
5.220 163.780 860.000 08:19:19
5.196 166.488 872.683 08:19:20
5.224 154.780 808.780 08:19:21
5.172 319.073 1656.585 08:19:22
5.204 226.585 1195.610 08:19:23
5.228 150.683 787.805 08:19:24
5.224 154.976 810.244 08:19:25
5.228 150.488 789.756 08:19:26
5.204 167.585 869.756 08:19:27
5.228 159.293 816.585 08:19:28
5.116 489.463 2624.878 08:19:29
5.204 213.878 1116.585 08:19:30
5.228 150.195 786.341 08:19:31
5.224 162.073 849.756 08:19:32
5.224 153.390 798.537 08:19:33
5.224 182.073 876.098 08:19:34
5.228 153.098 800.000 08:19:35
5.116 512.049 2619.024 08:19:36
5.228 154.780 808.780 08:19:37
5.228 159.390 785.854 08:19:38
5.224 163.878 856.098 08:19:39
5.228 149.878 783.415 08:19:40
5.224 165.488 863.902 08:19:41
5.224 150.683 787.805 08:19:42
5.192 168.390 879.024 08:19:43
5.224 150.878 787.805 08:19:44
5.212 225.171 1071.707 08:19:45
5.204 225.683 1254.146 08:19:46
5.224 151.390 791.220 08:19:47
5.224 164.293 863.415 08:19:48
5.228 150.683 787.805 08:19:49
5.220 167.073 872.195 08:19:50
5.220 163.780 858.537 08:19:51
5.156 419.756 2081.951 08:19:52
5.204 223.976 1260.976 08:19:53
5.224 152.976 799.024 08:19:54
5.220 166.780 878.537 08:19:55
5.228 152.976 800.000 08:19:56
5.188 259.463 974.146 08:19:57
5.228 150.780 788.780 08:19:58
5.128 501.244 2445.854 08:19:59
5.208 153.390 812.195 08:20:00
5.228 153.293 807.317 08:20:01
5.220 160.293 841.463 08:20:02
5.228 150.390 786.341 08:20:03
5.220 164.195 856.585 08:20:04
5.228 150.780 787.805 08:20:05
5.220 167.878 874.146 08:20:06
5.224 150.780 787.805 08:20:07
5.160 411.171 2159.512 08:20:08
5.228 150.878 789.756 08:20:09
5.228 151.585 786.341 08:20:10
5.224 155.390 813.659 08:20:11
5.224 150.098 787.805 08:20:12
5.220 175.585 856.585 08:20:13
5.224 153.488 786.341 08:20:14
5.224 156.878 883.902 08:20:15
5.224 150.098 783.902 08:20:16
5.228 149.683 781.463 08:20:17
5.220 163.488 856.098 08:20:18
5.232 150.195 784.878 08:20:19
