5.228 159.793 833.902 00:31:43
5.192 255.390 1398.537 00:31:44
5.224 163.000 846.829 00:31:45
5.224 152.195 795.122 00:31:46
5.228 149.000 783.659 00:31:47
5.204 214.793 1516.098 00:31:48
5.228 149.390 779.268 00:31:49
5.228 148.390 780.000 00:31:50
5.224 162.793 850.000 00:31:51
5.228 148.890 778.537 00:31:52
5.224 165.598 864.390 00:31:53
5.224 149.098 778.780 00:31:54
5.188 255.390 1457.073 00:31:55
5.228 155.500 810.732 00:31:56
5.224 151.293 791.951 00:31:57
5.220 166.500 870.732 00:31:58
5.228 151.390 790.732 00:31:59
5.220 168.390 1501.463 00:32:00
5.228 149.195 782.439 00:32:01
5.140 466.756 2474.634 00:32:02
5.228 148.976 781.463 00:32:03
5.224 207.171 778.537 00:32:04
5.224 162.585 847.317 00:32:05
5.228 148.293 774.634 00:32:06
5.220 165.390 859.024 00:32:07
5.228 149.098 780.000 00:32:08
5.144 430.366 2149.268 00:32:09
5.228 149.195 780.000 00:32:10
5.228 150.488 786.341 00:32:11
5.220 161.878 850.244 00:32:12
5.228 148.780 778.537 00:32:13
5.220 164.585 856.098 00:32:14
5.228 149.098 779.024 00:32:15
5.152 384.561 1996.585 00:32:16
5.228 148.390 780.000 00:32:17
5.228 148.585 813.659 00:32:18
5.220 163.195 844.878 00:32:19
5.224 148.780 779.024 00:32:20
5.224 164.976 863.415 00:32:21
5.228 147.780 779.024 00:32:22
5.140 407.854 2133.171 00:32:23
5.224 150.195 782.439 00:32:24
5.228 148.976 782.439 00:32:25
5.224 162.683 851.220 00:32:26
5.228 149.195 777.561 00:32:27
5.224 162.488 920.488 00:32:28
5.228 149.488 779.024 00:32:29
5.128 493.146 2479.024 00:32:30
5.228 149.683 783.902 00:32:31
5.224 148.780 779.024 00:32:32
5.224 161.878 846.341 00:32:33
5.228 148.878 775.122 00:32:34
5.224 162.878 849.756 00:32:35
5.224 149.195 779.024 00:32:36
5.120 485.854 2434.634 00:32:37
5.228 149.293 780.000 00:32:38
5.228 148.780 779.024 00:32:39
5.224 152.976 801.463 00:32:40
5.228 149.878 784.878 00:32:41
5.224 163.488 854.146 00:32:42
5.228 148.878 779.024 00:32:43
5.168 325.976 1286.829 00:32:44
5.228 149.195 780.976 00:32:45
5.228 148.293 775.122 00:32:46
5.228 152.780 801.463 00:32:47
5.224 148.878 779.024 00:32:48
5.216 162.293 849.756 00:32:49
5.228 155.585 813.659 00:32:50
5.144 421.854 2168.293 00:32:51
5.224 151.390 791.220 00:32:52
5.216 184.780 964.878 00:32:53
5.228 153.878 799.024 00:32:54
5.228 149.098 779.024 00:32:55
5.224 162.390 844.878 00:32:56
5.228 153.293 836.098 00:32:57
5.220 167.488 872.683 00:32:58
5.224 150.683 792.195 00:32:59
5.224 311.878 1031.707 00:33:00
5.224 155.293 816.098 00:33:01
5.224 152.976 797.073 00:33:02
5.224 164.073 912.683 00:33:03
5.224 148.976 778.537 00:33:04
5.220 166.073 862.439 00:33:06
5.224 148.878 779.024 00:33:07
5.116 469.756 2437.561 00:33:08
5.228 148.585 779.024 00:33:09
5.228 148.780 777.561 00:33:10
5.224 161.976 1055.122 00:33:11
5.228 149.293 779.024 00:33:12
5.224 162.488 847.805 00:33:13
5.228 149.098 779.024 00:33:14
5.144 407.366 2150.732 00:33:15
5.224 149.195 777.073 00:33:16
5.224 152.585 775.122 00:33:17
5.224 153.293 800.000 00:33:18
5.228 148.390 777.561 00:33:19
5.220 162.390 850.244 00:33:20
5.228 148.976 776.098 00:33:21
5.128 484.244 2655.610 00:33:22
5.228 148.098 777.561 00:33:23
5.228 148.780 786.341 00:33:24
5.220 164.293 860.000 00:33:25
5.228 151.098 790.244 00:33:26
5.220 167.488 873.659 00:33:27
5.228 151.585 790.244 00:33:28
5.152 345.463 1802.439 00:33:29
5.224 155.293 812.195 00:33:30
5.224 150.780 791.220 00:33:31
5.220 162.195 847.805 00:33:32
5.228 158.878 783.902 00:33:33
5.220 164.976 938.537 00:33:34
5.228 148.878 781.463 00:33:35
5.156 389.366 1985.366 00:33:36
5.224 149.976 780.000 00:33:37
5.224 148.878 778.537 00:33:38
5.224 162.195 847.805 00:33:39
5.224 148.683 779.024 00:33:40
5.220 164.073 860.000 00:33:41
5.228 148.780 780.976 00:33:42
5.164 351.366 1782.439 00:33:43
5.224 149.195 781.463 00:33:44
5.228 148.780 775.122 00:33:45
5.220 162.585 845.366 00:33:46
5.228 149.098 776.098 00:33:47
5.224 165.585 857.561 00:33:48
5.228 148.488 780.976 00:33:49
5.160 356.268 1950.244 00:33:50
5.224 153.098 798.537 00:33:51
5.228 148.293 779.024 00:33:52
5.224 162.878 850.244 00:33:53
5.224 148.976 778.537 00:33:54
5.220 162.683 848.780 00:33:55
5.228 149.098 776.098 00:33:56
5.212 165.195 861.463 00:33:57
5.224 149.390 780.000 00:33:58
5.224 205.390 1069.268 00:33:59
5.228 153.195 798.537 00:34:00
5.228 149.293 780.976 00:34:01
5.224 162.780 847.805 00:34:02
5.224 149.098 778.537 00:34:03
5.192 249.488 1352.195 00:34:04
5.224 149.098 780.000 00:34:05
5.168 391.171 1948.293 00:34:06
5.228 155.195 810.244 00:34:07
5.228 151.878 791.220 00:34:08
5.220 165.488 863.902 00:34:09
5.228 149.098 779.024 00:34:10
5.220 161.976 847.805 00:34:11
5.224 149.195 776.098 00:34:12
5.156 367.854 1974.146 00:34:13
5.228 159.390 801.463 00:34:14
5.228 149.098 779.024 00:34:15
5.220 162.073 850.244 00:34:16
5.228 149.098 779.024 00:34:17
5.220 162.488 849.756 00:34:18
5.228 148.976 778.537 00:34:19
5.128 484.049 2517.561 00:34:20
5.224 153.098 800.976 00:34:21
5.224 148.976 779.024 00:34:22
5.224 153.390 800.000 00:34:23
5.224 149.293 779.024 00:34:24
5.208 198.488 1034.146 00:34:25
5.228 149.293 779.024 00:34:26
5.156 362.976 2353.659 00:34:27
5.224 154.488 797.073 00:34:28
5.228 148.780 779.024 00:34:29
5.220 164.683 861.463 00:34:30
5.224 151.195 786.341 00:34:31
5.216 168.073 876.098 00:34:32
5.228 151.488 791.220 00:34:33
5.164 339.366 1805.366 00:34:34
5.224 156.195 812.195 00:34:35
5.228 151.098 790.244 00:34:36
5.224 161.976 846.341 00:34:37
5.224 148.293 779.024 00:34:38
5.220 165.073 857.561 00:34:39
5.224 148.780 775.122 00:34:40
5.120 493.049 2500.000 00:34:41
5.224 148.390 779.024 00:34:42
5.228 148.683 777.073 00:34:43
5.220 162.878 850.244 00:34:44
5.228 148.878 778.537 00:34:45
5.224 164.683 859.024 00:34:46
5.228 149.780 777.561 00:34:47
5.228 152.976 798.537 00:34:48
5.224 148.098 776.098 00:34:49
5.228 148.780 777.561 00:34:50
5.224 161.488 843.415 00:34:51
5.228 148.878 778.537 00:34:52
5.192 330.878 1710.244 00:34:53
5.228 148.976 779.024 00:34:54
5.188 268.366 1521.951 00:34:55
5.228 153.293 800.976 00:34:56
5.228 148.976 781.463 00:34:57
5.224 162.195 848.780 00:34:58
5.228 148.683 779.024 00:34:59
5.224 376.659 852.195 00:35:00
5.224 148.976 779.024 00:35:01
5.180 340.756 1295.610 00:35:02
5.224 149.976 784.878 00:35:03
5.228 150.488 778.537 00:35:04
5.224 162.780 847.805 00:35:05
5.224 148.878 778.537 00:35:06
5.220 165.293 1126.829 00:35:07
5.228 154.195 1062.927 00:35:09
5.116 488.146 2447.317 00:35:10
5.224 153.488 800.000 00:35:11
5.224 148.195 779.024 00:35:12
5.224 162.683 846.341 00:35:13
5.224 148.780 776.098 00:35:14
5.216 163.976 940.488 00:35:15
5.228 148.780 775.122 00:35:16
5.120 414.561 2145.854 00:35:17
5.228 149.293 780.976 00:35:18
5.224 148.098 777.073 00:35:19
5.224 162.195 847.317 00:35:20
5.228 149.098 777.561 00:35:21
5.220 162.585 847.805 00:35:22
5.228 149.293 778.537 00:35:23
5.120 409.561 2079.024 00:35:24
5.228 148.976 780.976 00:35:25
5.228 148.780 777.561 00:35:26
5.224 162.073 849.756 00:35:27
5.228 148.195 780.976 00:35:28
5.220 163.585 856.585 00:35:29
5.224 148.585 778.537 00:35:30
5.220 163.878 856.098 00:35:31
5.228 148.683 779.024 00:35:32
5.228 148.878 776.098 00:35:33
5.224 149.390 779.024 00:35:34
5.228 148.390 779.024 00:35:35
5.220 162.683 849.756 00:35:36
5.228 148.488 820.000 00:35:37
5.192 277.463 1304.390 00:35:38
5.228 148.683 967.805 00:35:39
5.176 317.976 1592.195 00:35:40
5.228 148.878 780.000 00:35:41
5.228 148.195 777.073 00:35:42
5.224 155.293 812.195 00:35:43
5.228 151.195 786.341 00:35:44
5.224 164.683 860.000 00:35:45
5.224 160.683 789.756 00:35:46
5.112 528.439 2759.024 00:35:47
5.228 148.488 781.463 00:35:48
5.228 148.878 777.561 00:35:49
5.224 162.585 847.317 00:35:50
5.228 149.195 777.073 00:35:51
5.224 162.878 847.805 00:35:52
5.228 148.195 774.634 00:35:53
5.120 489.146 2502.439 00:35:54
5.228 148.293 778.537 00:35:55
5.228 148.585 780.000 00:35:56
5.216 196.073 1051.220 00:35:57
5.224 149.098 777.561 00:35:58
5.224 162.293 851.220 00:35:59
5.228 148.878 780.976 00:36:00
5.160 391.561 1992.683 00:36:01
5.228 151.390 790.244 00:36:02
5.224 151.293 792.683 00:36:03
5.220 166.293 862.439 00:36:04
5.224 151.195 792.683 00:36:05
5.220 164.878 860.000 00:36:06
5.228 148.195 778.537 00:36:07
5.168 381.756 2193.171 00:36:08
5.224 148.976 779.024 00:36:09
5.228 147.976 777.561 00:36:10
5.220 162.293 848.780 00:36:11
5.228 149.098 777.561 00:36:12
5.224 163.488 852.195 00:36:13
5.228 148.195 777.561 00:36:14
5.140 418.268 2191.707 00:36:15
5.228 148.878 775.122 00:36:16
5.224 148.585 773.659 00:36:17
5.224 162.488 844.878 00:36:18
5.228 147.878 778.537 00:36:19
5.224 163.878 859.024 00:36:20
5.224 148.780 776.098 00:36:21
5.152 389.073 1955.122 00:36:22
5.228 152.976 798.537 00:36:23
5.228 150.780 776.098 00:36:24
5.216 176.488 856.098 00:36:25
5.224 151.390 837.561 00:36:26
5.192 201.390 1008.780 00:36:27
5.228 149.098 774.634 00:36:28
5.120 477.951 2528.780 00:36:29
5.228 152.683 798.537 00:36:30
5.224 148.780 776.098 00:36:31
5.224 165.073 858.537 00:36:32
5.228 149.878 785.854 00:36:33
5.220 163.780 858.537 00:36:34
5.224 148.293 779.024 00:36:35
5.120 471.951 2560.976 00:36:36
5.224 155.488 810.244 00:36:37
5.228 151.585 789.756 00:36:38
5.224 164.488 859.024 00:36:39
5.224 151.098 790.244 00:36:40
5.224 164.976 860.976 00:36:41
5.224 150.976 789.756 00:36:42
5.120 426.366 2428.780 00:36:43
5.228 148.878 775.122 00:36:44
5.228 148.683 778.537 00:36:45
5.220 162.878 927.805 00:36:46
5.228 148.780 777.561 00:36:47
5.224 162.585 846.341 00:36:48
5.224 148.878 777.073 00:36:49
5.132 406.854 2093.171 00:36:50
5.228 148.878 778.537 00:36:51
5.228 148.585 777.073 00:36:52
5.220 161.780 849.756 00:36:53
5.224 148.683 773.659 00:36:54
5.224 163.293 847.805 00:36:55
5.228 148.976 778.537 00:36:56
5.124 505.951 2567.805 00:36:57
5.228 148.683 777.561 00:36:58
5.228 148.585 774.634 00:36:59
5.220 152.976 800.000 00:37:00
5.228 151.976 778.537 00:37:01
5.216 163.683 901.463 00:37:02
5.224 149.390 778.537 00:37:03
5.116 494.659 2457.073 00:37:04
5.220 152.878 797.561 00:37:05
5.228 148.585 777.561 00:37:06
5.224 162.585 847.805 00:37:07
5.224 148.976 777.561 00:37:08
5.220 162.195 847.317 00:37:09
5.228 148.780 777.561 00:37:10
5.120 493.756 2497.561 00:37:11
5.228 152.780 795.122 00:37:13
5.228 148.780 777.561 00:37:14
5.220 162.488 845.366 00:37:15
5.228 148.488 777.561 00:37:16
5.212 162.878 847.317 00:37:17
5.228 148.878 780.000 00:37:18
5.124 492.561 2497.561 00:37:19
5.224 160.878 798.537 00:37:20
5.228 148.878 777.073 00:37:21
5.220 161.683 847.805 00:37:22
5.228 148.098 778.537 00:37:23
5.224 162.073 850.244 00:37:24
5.228 148.683 779.024 00:37:25
5.124 489.146 2502.439 00:37:26
5.224 148.098 780.000 00:37:27
5.228 148.585 777.561 00:37:28
5.220 162.780 844.878 00:37:29
5.228 148.585 777.561 00:37:30
5.224 162.390 849.756 00:37:31
5.228 147.976 777.561 00:37:32
5.144 422.366 2109.268 00:37:33
5.228 149.098 777.073 00:37:34
5.228 148.585 775.122 00:37:35
5.224 161.878 846.341 00:37:36
5.228 148.780 775.122 00:37:37
5.220 164.585 856.585 00:37:38
5.216 187.585 935.122 00:37:39
5.116 489.756 2562.927 00:37:40
5.228 148.878 779.024 00:37:41
5.228 148.195 780.976 00:37:42
5.224 162.073 846.341 00:37:43
5.216 156.195 815.122 00:37:44
5.220 170.976 850.244 00:37:45
5.228 148.390 778.537 00:37:46
5.140 507.146 2538.537 00:37:47
5.224 152.878 798.537 00:37:48
5.228 147.976 777.561 00:37:49
5.220 161.976 844.878 00:37:50
5.228 148.293 775.122 00:37:51
5.220 163.976 856.098 00:37:52
5.224 148.878 777.561 00:37:53
5.108 553.341 2592.683 00:37:54
5.228 148.195 780.976 00:37:55
5.224 147.878 777.561 00:37:56
5.220 162.488 847.805 00:37:57
5.228 148.683 777.561 00:37:58
5.220 162.195 846.341 00:37:59
5.228 148.683 777.561 00:38:00
5.192 250.585 1360.976 00:38:01
5.228 149.683 843.415 00:38:02
5.228 268.683 1090.244 00:38:03
5.228 149.098 779.024 00:38:04
5.228 149.098 777.561 00:38:05
5.224 162.073 846.341 00:38:06
5.224 148.585 777.561 00:38:07
5.220 163.878 860.000 00:38:08
5.224 148.780 780.976 00:38:09
5.120 481.854 2512.195 00:38:10
5.224 152.780 797.561 00:38:11
5.228 148.585 778.537 00:38:12
5.224 161.878 1135.122 00:38:13
5.208 148.878 777.073 00:38:14
5.224 162.780 847.805 00:38:15
5.228 148.488 777.561 00:38:16
5.124 468.756 2568.780 00:38:17
5.228 148.780 816.585 00:38:18
5.224 148.976 776.098 00:38:19
5.224 152.878 802.439 00:38:20
5.228 148.780 774.634 00:38:21
5.220 162.293 849.756 00:38:22
5.228 148.976 779.024 00:38:23
5.144 490.854 2457.561 00:38:24
5.224 148.585 779.024 00:38:25
5.228 148.390 777.073 00:38:26
5.224 161.878 848.780 00:38:27
5.224 148.683 779.024 00:38:28
5.172 243.171 1311.707 00:38:29
5.228 150.293 786.341 00:38:30
5.220 219.268 859.024 00:38:31
5.224 148.976 778.537 00:38:32
5.228 148.780 775.122 00:38:33
5.224 152.878 798.537 00:38:34
5.228 148.780 777.561 00:38:35
5.224 162.195 845.366 00:38:36
5.228 148.878 774.634 00:38:37
5.224 163.683 851.220 00:38:38
5.228 148.585 778.537 00:38:39
5.228 148.683 777.561 00:38:40
5.224 162.585 850.244 00:38:41
5.228 149.098 783.415 00:38:42
5.220 162.976 851.220 00:38:43
5.228 148.878 772.683 00:38:44
5.220 163.976 854.146 00:38:45
5.228 148.878 774.634 00:38:46
5.228 150.976 789.756 00:38:47
5.228 151.390 791.220 00:38:48
5.228 150.976 788.780 00:38:49
5.224 162.683 849.756 00:38:50
5.224 148.780 778.537 00:38:51
5.220 163.780 852.683 00:38:52
5.228 148.585 776.098 00:38:53
5.224 148.878 777.073 00:38:54
5.220 161.683 844.878 00:38:55
5.228 149.195 776.098 00:38:56
5.220 162.293 846.341 00:38:57
5.228 148.683 776.098 00:38:58
5.224 163.780 855.122 00:38:59
5.224 153.293 801.463 00:39:00
5.224 151.098 794.634 00:39:01
5.220 163.976 858.537 00:39:02
5.224 151.293 795.122 00:39:03
5.216 166.390 873.659 00:39:04
5.228 150.098 784.878 00:39:05
5.224 184.171 860.000 00:39:06
5.228 148.195 779.024 00:39:07
5.228 150.390 1076.585 00:39:08
5.224 162.488 847.317 00:39:09
5.228 147.976 777.561 00:39:10
5.196 263.366 1302.927 00:39:11
5.228 148.878 774.634 00:39:12
5.220 162.390 852.683 00:39:14
5.228 148.878 778.537 00:39:15
5.216 188.976 984.878 00:39:16
5.228 151.488 792.195 00:39:17
5.224 150.976 789.756 00:39:18
5.220 163.683 858.537 00:39:19
5.224 151.195 789.756 00:39:20
5.220 165.390 861.463 00:39:21
5.228 151.195 789.756 00:39:22
5.220 154.073 811.220 00:39:23
5.224 161.976 844.878 00:39:24
5.224 148.683 777.561 00:39:25
5.220 162.976 846.341 00:39:26
5.228 148.683 777.561 00:39:27
5.164 248.683 1285.366 00:39:28
5.228 148.390 777.561 00:39:29
5.228 251.268 1107.805 00:39:30
5.224 152.878 799.024 00:39:31
5.228 148.878 777.561 00:39:32
5.220 162.073 848.780 00:39:33
5.228 148.976 777.561 00:39:34
5.196 249.366 1322.927 00:39:35
5.216 181.073 975.122 00:39:36
5.192 254.171 1339.512 00:39:37
5.220 152.683 794.634 00:39:38
5.228 148.098 777.561 00:39:39
5.220 162.780 844.878 00:39:40
5.224 148.585 771.220 00:39:41
5.128 451.561 2391.220 00:39:42
5.224 149.683 786.341 00:39:43
5.192 239.171 1450.732 00:39:44
5.228 152.780 798.537 00:39:45
5.228 148.780 780.000 00:39:46
5.224 162.488 847.317 00:39:47
5.228 148.780 777.561 00:39:48
5.224 162.585 851.220 00:39:49
5.228 148.780 777.561 00:39:50
5.212 200.683 1045.366 00:39:51
5.224 170.390 872.683 00:39:52
5.228 148.878 779.024 00:39:53
5.224 161.780 844.878 00:39:54
5.228 148.878 785.854 00:39:55
5.224 164.073 857.561 00:39:56
5.224 150.683 783.902 00:39:57
5.128 504.659 2437.073 00:39:58
5.224 155.195 810.244 00:39:59
5.228 358.268 809.756 00:40:00
5.220 165.293 862.439 00:40:01
5.228 148.585 787.317 00:40:02
5.220 162.878 849.756 00:40:03
5.228 148.683 772.683 00:40:04
5.144 497.951 2572.683 00:40:05
5.228 148.683 779.024 00:40:06
5.228 148.683 776.098 00:40:07
5.224 154.878 809.756 00:40:08
5.228 150.780 787.317 00:40:09
5.224 164.585 858.537 00:40:10
5.224 150.390 787.317 00:40:11
5.152 381.976 1999.024 00:40:12
5.224 150.976 788.780 00:40:13
5.228 150.780 787.805 00:40:14
5.220 161.488 846.341 00:40:15
5.228 148.488 777.561 00:40:16
5.204 162.293 851.220 00:40:17
5.224 148.780 772.683 00:40:18
5.144 415.561 2176.098 00:40:19
5.228 148.390 777.561 00:40:20
5.224 148.293 776.098 00:40:21
5.224 152.780 797.561 00:40:22
5.228 147.878 777.073 00:40:23
5.224 162.293 847.805 00:40:24
5.228 148.878 777.561 00:40:25
5.120 495.756 2463.902 00:40:26
5.224 148.098 777.561 00:40:27
5.228 147.683 776.098 00:40:28
5.228 152.780 798.537 00:40:29
5.228 148.585 777.561 00:40:30
5.224 162.878 845.366 00:40:31
5.228 148.585 777.561 00:40:32
5.116 475.854 2417.561 00:40:33
5.228 147.878 777.073 00:40:34
5.228 148.585 777.561 00:40:35
5.220 161.976 844.878 00:40:36
5.228 147.683 776.098 00:40:37
5.220 161.683 844.878 00:40:38
5.228 148.488 772.683 00:40:39
5.220 162.683 850.244 00:40:40
5.184 205.488 1426.829 00:40:41
5.228 148.488 777.073 00:40:42
5.224 161.293 843.902 00:40:43
5.224 148.488 770.244 00:40:44
5.224 161.683 846.341 00:40:45
5.228 148.585 774.634 00:40:46
5.148 385.268 1796.098 00:40:47
5.228 152.976 794.634 00:40:48
5.228 148.390 774.634 00:40:49
5.220 160.878 920.488 00:40:50
5.228 148.488 776.098 00:40:51
5.220 175.195 914.146 00:40:52
5.228 148.098 777.561 00:40:53
5.120 412.561 2121.951 00:40:54
5.224 206.878 778.537 00:40:55
5.228 148.585 772.683 00:40:56
5.200 200.976 1035.122 00:40:57
5.224 147.780 776.098 00:40:58
5.228 162.780 846.341 00:40:59
5.224 172.293 781.463 00:41:00
5.152 390.951 2044.390 00:41:01
5.228 148.780 784.878 00:41:02
5.228 147.878 776.098 00:41:03
5.224 152.878 803.902 00:41:05
5.228 147.878 777.561 00:41:06
5.220 161.976 845.366 00:41:07
5.228 148.976 779.024 00:41:08
5.144 331.878 1715.122 00:41:09
5.228 148.683 776.098 00:41:10
5.228 148.488 776.098 00:41:11
5.228 148.878 777.561 00:41:12
5.228 149.195 776.098 00:41:13
5.220 162.390 848.780 00:41:14
5.228 148.585 774.634 00:41:15
5.196 249.488 1291.707 00:41:16
5.228 152.293 797.073 00:41:17
5.228 148.390 777.561 00:41:18
5.220 152.488 797.561 00:41:19
5.224 157.780 776.098 00:41:20
5.220 162.390 849.756 00:41:21
5.228 148.390 821.463 00:41:22
5.188 491.341 2006.829 00:41:23
5.224 154.878 808.780 00:41:24
5.228 150.878 787.805 00:41:25
5.224 154.976 808.780 00:41:26
5.228 150.878 788.780 00:41:27
5.220 164.390 859.024 00:41:28
5.228 148.390 777.561 00:41:29
5.120 491.049 2443.415 00:41:30
5.228 147.878 777.561 00:41:31
5.224 148.878 772.683 00:41:32
5.220 161.683 847.805 00:41:33
5.228 148.390 771.220 00:41:34
5.220 161.878 845.366 00:41:35
5.228 148.976 776.098 00:41:36
5.116 491.561 2501.463 00:41:37
5.228 148.488 780.976 00:41:38
5.228 147.976 773.659 00:41:39
5.224 162.488 844.878 00:41:40
5.228 148.488 774.634 00:41:41
5.220 161.780 844.878 00:41:42
5.228 148.390 776.098 00:41:43
5.192 248.366 1305.854 00:41:44
5.208 150.878 788.780 00:41:45
5.204 152.195 874.146 00:41:46
5.224 163.878 860.000 00:41:47
5.228 150.585 783.902 00:41:48
5.220 163.878 856.585 00:41:49
5.224 150.780 787.805 00:41:50
5.220 167.780 876.098 00:41:51
5.232 156.683 776.098 00:41:52
5.228 150.098 784.878 00:41:53
5.228 151.976 795.122 00:41:54
5.228 147.683 776.098 00:41:55
5.220 161.585 844.878 00:41:56
5.228 148.488 768.293 00:41:57
5.120 404.171 1790.244 00:41:58
5.228 149.098 776.098 00:41:59
5.192 278.683 1060.000 00:42:00
5.224 152.683 798.537 00:42:01
5.228 148.098 773.659 00:42:02
5.220 161.585 843.902 00:42:03
5.224 150.585 782.439 00:42:04
5.224 252.366 1630.244 00:42:05
5.228 152.488 798.537 00:42:06
5.228 148.390 773.659 00:42:07
5.224 152.390 793.659 00:42:08
5.228 148.585 775.122 00:42:09
5.220 162.390 844.878 00:42:10
5.228 147.683 777.073 00:42:11
5.156 384.366 1669.756 00:42:12
5.228 148.390 776.098 00:42:13
5.172 357.463 1858.049 00:42:14
5.224 149.293 776.098 00:42:15
5.228 148.585 776.098 00:42:16
5.220 162.293 841.463 00:42:17
5.224 148.683 776.098 00:42:18
5.224 163.878 856.098 00:42:19
5.224 148.488 776.098 00:42:20
5.172 350.463 1828.780 00:42:21
5.228 152.488 797.073 00:42:22
5.228 147.683 775.122 00:42:23
5.224 161.195 844.878 00:42:24
5.228 148.293 774.634 00:42:25
5.220 161.585 844.878 00:42:26
5.224 148.390 777.561 00:42:27
5.116 504.561 2450.244 00:42:28
5.228 148.683 827.317 00:42:29
5.228 148.488 774.634 00:42:30
5.228 152.488 797.561 00:42:31
5.228 148.683 772.195 00:42:32
5.224 161.780 843.415 00:42:33
5.228 148.390 772.683 00:42:34
5.144 409.561 2191.707 00:42:35
5.228 156.585 788.780 00:42:36
5.228 148.293 772.683 00:42:37
5.228 152.683 797.073 00:42:38
5.220 175.878 906.341 00:42:39
5.208 193.878 1061.951 00:42:40
5.224 147.878 778.537 00:42:41
5.224 162.293 852.683 00:42:42
5.228 148.585 776.098 00:42:43
5.228 148.390 777.073 00:42:44
5.224 152.390 797.073 00:42:45
5.228 148.390 772.683 00:42:46
5.224 161.585 843.902 00:42:47
5.224 148.488 772.195 00:42:48
5.220 162.293 852.683 00:42:49
5.228 148.390 772.195 00:42:50
5.228 148.488 771.220 00:42:51
5.228 152.683 795.122 00:42:52
5.224 147.683 777.073 00:42:53
5.224 161.878 847.805 00:42:54
5.224 148.195 779.024 00:42:55
5.224 162.073 847.805 00:42:56
5.228 149.098 777.073 00:42:57
5.228 148.293 774.634 00:42:58
5.228 147.780 776.098 00:42:59
5.228 361.268 783.902 00:43:00
5.224 161.585 848.780 00:43:01
5.228 148.585 777.561 00:43:02
5.224 162.683 847.317 00:43:03
5.228 148.098 776.098 00:43:04
5.228 148.878 774.634 00:43:05
5.220 162.390 845.366 00:43:06
5.228 148.585 775.122 00:43:07
5.220 162.683 844.878 00:43:08
5.228 148.390 774.634 00:43:09
5.224 163.293 849.756 00:43:10
5.228 148.585 777.073 00:43:11
5.228 147.585 776.098 00:43:12
5.224 152.488 796.098 00:43:14
5.228 147.585 771.220 00:43:15
5.224 161.683 847.317 00:43:16
5.228 148.390 775.122 00:43:17
5.164 323.268 1792.683 00:43:18
5.224 161.585 772.683 00:43:19
5.228 147.488 776.098 00:43:20
5.220 164.390 861.463 00:43:21
5.228 150.976 783.902 00:43:22
5.220 164.293 858.537 00:43:23
5.228 150.683 788.780 00:43:24
5.172 348.366 1817.561 00:43:25
5.220 161.073 841.463 00:43:26
5.228 148.390 771.220 00:43:27
5.224 161.293 843.902 00:43:28
5.228 148.293 775.122 00:43:29
5.220 171.293 852.683 00:43:30
5.224 148.293 774.634 00:43:31
5.192 283.073 1655.122 00:43:32
5.228 148.195 779.024 00:43:33
5.228 147.488 774.634 00:43:34
5.224 161.976 846.341 00:43:35
5.228 148.098 772.195 00:43:36
5.220 162.488 854.146 00:43:37
5.228 148.195 772.195 00:43:38
5.176 333.561 1621.463 00:43:39
5.228 150.683 787.805 00:43:40
5.224 150.488 783.902 00:43:41
5.220 163.878 854.146 00:43:42
5.224 149.976 784.878 00:43:43
5.220 164.390 856.585 00:43:44
5.228 148.878 777.073 00:43:45
5.116 486.951 2526.341 00:43:46
5.216 171.390 900.976 00:43:47
5.228 147.585 775.122 00:43:48
5.224 160.585 842.439 00:43:49
5.224 147.780 772.683 00:43:50
5.224 164.073 856.098 00:43:51
5.228 149.098 770.244 00:43:52
5.120 473.463 2425.854 00:43:53
5.228 152.098 797.073 00:43:54
5.228 147.878 891.707 00:43:55
5.224 151.976 796.098 00:43:56
5.224 148.585 772.683 00:43:57
5.220 161.780 842.439 00:43:58
5.228 147.585 772.683 00:43:59
5.224 176.780 850.244 00:44:00
5.228 149.195 776.098 00:44:01
5.228 148.098 775.122 00:44:02
5.220 162.488 842.439 00:44:03
5.224 147.878 775.122 00:44:04
5.220 162.293 852.195 00:44:05
5.228 148.390 774.634 00:44:06
5.224 162.585 986.829 00:44:07
5.228 148.585 774.634 00:44:08
5.228 147.683 775.122 00:44:09
5.228 152.780 796.098 00:44:10
5.228 147.585 776.098 00:44:11
5.224 161.488 849.756 00:44:12
5.228 214.390 777.073 00:44:13
5.220 162.780 850.244 00:44:14
5.228 147.585 789.756 00:44:15
5.228 148.098 775.122 00:44:16
5.228 151.585 797.073 00:44:17
5.228 155.683 775.122 00:44:18
5.224 161.390 845.366 00:44:19
5.228 150.195 786.341 00:44:20
5.220 165.073 864.878 00:44:21
5.208 174.878 912.683 00:44:22
5.224 148.683 774.634 00:44:23
5.220 161.488 843.415 00:44:24
5.228 148.098 774.634 00:44:25
5.220 160.976 842.439 00:44:26
5.228 148.976 777.073 00:44:27
5.224 162.780 852.683 00:44:28
5.224 148.293 775.122 00:44:29
5.228 148.098 779.024 00:44:30
5.224 152.585 795.122 00:44:31
5.228 148.390 774.634 00:44:32
5.224 161.293 846.341 00:44:33
5.228 148.293 776.098 00:44:34
5.220 161.878 846.341 00:44:35
5.228 148.488 775.122 00:44:36
5.224 148.098 775.122 00:44:37
5.220 148.195 772.683 00:44:38
5.228 147.976 774.634 00:44:39
5.224 161.488 843.415 00:44:40
5.228 148.195 774.634 00:44:41
5.220 162.780 852.683 00:44:42
5.228 152.098 806.341 00:44:43
5.224 150.195 786.341 00:44:44
5.228 154.585 807.317 00:44:45
5.228 150.293 783.902 00:44:46
5.220 163.780 861.463 00:44:47
5.228 150.488 786.341 00:44:48
5.224 164.195 853.659 00:44:49
5.228 148.390 775.122 00:44:50
5.208 198.878 1035.122 00:44:51
5.220 161.780 843.415 00:44:52
5.228 147.293 769.756 00:44:53
5.220 164.195 858.537 00:44:54
5.228 150.976 783.415 00:44:55
5.224 316.463 1378.537 00:44:56
5.224 150.585 785.854 00:44:57
5.196 247.488 1286.829 00:44:58
5.228 148.293 776.098 00:44:59
5.228 149.488 1744.878 00:45:00
5.224 161.585 842.439 00:45:01
5.228 148.195 774.634 00:45:02
5.220 163.488 857.561 00:45:03
5.216 147.585 775.122 00:45:04
5.168 346.659 2488.780 00:45:05
5.228 150.683 787.805 00:45:06
5.228 150.488 781.463 00:45:07
5.212 195.073 1025.366 00:45:08
5.228 148.195 777.561 00:45:09
5.224 161.976 843.902 00:45:10
5.228 153.683 775.122 00:45:11
5.156 382.561 1952.683 00:45:12
5.228 147.780 775.122 00:45:13
5.224 147.878 773.659 00:45:14
5.224 161.073 843.902 00:45:15
5.228 147.976 771.220 00:45:16
5.224 163.293 850.244 00:45:17
5.228 147.390 774.634 00:45:18
5.128 482.463 2455.122 00:45:19
5.228 147.683 776.098 00:45:20
5.228 149.293 767.317 00:45:21
5.228 161.683 843.902 00:45:22
5.216 173.976 963.902 00:45:24
5.224 163.390 852.683 00:45:25
5.228 148.098 773.659 00:45:26
5.172 342.878 1977.073 00:45:27
5.224 148.195 774.634 00:45:28
5.228 147.878 773.659 00:45:29
5.224 163.585 856.585 00:45:30
5.228 150.390 878.537 00:45:31
5.220 166.195 867.317 00:45:32
5.224 150.293 785.854 00:45:33
5.164 303.878 1591.220 00:45:34
5.232 152.683 795.122 00:45:35
5.228 148.293 774.634 00:45:36
5.224 161.293 842.439 00:45:37
5.228 147.488 772.683 00:45:38
5.224 163.073 852.683 00:45:39
5.228 148.585 774.634 00:45:40
5.212 269.780 1067.805 00:45:41
5.224 152.293 797.561 00:45:42
5.228 148.195 774.634 00:45:43
5.220 161.195 842.439 00:45:44
5.224 148.098 773.659 00:45:45
5.212 164.195 855.122 00:45:46
5.224 148.293 772.683 00:45:47
5.228 153.390 772.683 00:45:48
5.228 156.073 793.659 00:45:49
5.224 147.293 769.756 00:45:50
5.220 163.585 853.659 00:45:51
5.228 150.585 786.341 00:45:52
5.192 262.463 1366.829 00:45:53
5.228 151.293 789.756 00:45:54
5.156 490.146 2393.659 00:45:55
5.224 148.195 772.683 00:45:56
5.224 147.488 772.195 00:45:57
5.224 152.195 795.122 00:45:58
5.228 147.976 769.756 00:45:59
5.224 161.585 844.878 00:46:00
5.212 203.976 787.317 00:46:01
5.116 498.244 2550.244 00:46:02
5.220 148.293 776.098 00:46:03
5.228 148.780 781.463 00:46:04
5.224 160.390 844.878 00:46:05
5.228 148.488 774.634 00:46:06
5.220 162.195 844.878 00:46:07
5.228 150.488 785.854 00:46:08
5.148 414.561 2176.098 00:46:09
5.228 150.390 787.317 00:46:10
5.224 148.098 773.659 00:46:11
5.224 161.293 844.878 00:46:12
5.228 147.293 771.220 00:46:13
5.224 164.195 846.341 00:46:14
5.228 148.293 774.634 00:46:15
5.152 388.854 1991.707 00:46:16
5.224 148.098 775.122 00:46:17
5.228 148.683 772.683 00:46:18
5.220 160.683 843.415 00:46:19
5.224 148.780 774.634 00:46:20
5.220 164.195 852.195 00:46:21
5.228 148.195 769.756 00:46:22
5.184 282.171 1656.098 00:46:23
5.228 148.390 775.122 00:46:24
5.224 148.488 773.659 00:46:25
5.220 161.195 845.366 00:46:26
5.224 156.195 777.561 00:46:27
5.224 163.976 856.585 00:46:28
5.224 150.780 787.805 00:46:29
5.108 486.366 2528.780 00:46:30
5.224 152.098 795.122 00:46:31
5.228 148.098 773.659 00:46:32
5.220 163.780 853.659 00:46:33
5.228 150.488 786.341 00:46:34
5.220 166.073 871.220 00:46:35
5.228 149.780 786.341 00:46:36
5.224 152.293 797.073 00:46:37
5.224 152.390 794.634 00:46:38
5.228 147.976 771.220 00:46:39
5.220 161.195 843.415 00:46:40
5.228 148.293 776.098 00:46:41
5.152 322.463 1660.000 00:46:42
5.228 148.293 1000.000 00:46:43
5.180 317.561 1835.122 00:46:44
5.228 147.585 771.220 00:46:45
5.224 147.780 772.195 00:46:46
5.224 161.073 841.463 00:46:47
5.228 148.098 774.634 00:46:48
5.196 248.976 1657.561 00:46:49
5.224 194.488 1011.220 00:46:50
5.196 252.171 1070.732 00:46:51
5.224 151.976 793.659 00:46:52
5.228 147.976 774.634 00:46:53
5.224 161.195 841.463 00:46:54
5.216 181.390 931.707 00:46:55
5.160 401.854 2128.293 00:46:56
5.228 148.098 772.683 00:46:57
5.192 225.878 1129.268 00:46:58
5.224 151.585 797.073 00:46:59
5.228 147.390 807.317 00:47:00
5.220 161.488 847.805 00:47:01
5.228 147.585 775.122 00:47:02
5.192 270.878 868.780 00:47:03
5.224 149.488 772.683 00:47:04
5.160 339.366 1800.000 00:47:05
5.228 148.293 780.000 00:47:06
5.228 147.098 774.634 00:47:07
5.224 161.073 841.463 00:47:08
5.228 148.293 772.683 00:47:09
5.192 169.073 876.585 00:47:10
5.228 148.390 775.122 00:47:11
5.184 346.073 1756.585 00:47:12
5.228 147.585 774.634 00:47:13
5.228 147.780 772.683 00:47:14
5.220 164.195 854.146 00:47:15
5.224 150.683 786.341 00:47:16
5.220 166.073 870.244 00:47:17
5.224 150.098 780.976 00:47:18
5.116 468.463 2476.585 00:47:19
5.228 150.488 786.341 00:47:20
5.228 150.390 784.878 00:47:21
5.224 160.878 843.902 00:47:22
5.208 148.195 773.659 00:47:23
5.192 341.561 1280.976 00:47:24
5.228 147.488 773.659 00:47:25
5.208 202.293 1358.049 00:47:26
5.228 148.488 772.683 00:47:28
5.228 147.293 769.756 00:47:29
5.224 161.073 842.439 00:47:30
5.228 148.098 775.122 00:47:31
5.224 162.976 852.683 00:47:32
5.228 147.976 844.878 00:47:33
5.224 152.976 800.000 00:47:34
5.228 151.683 793.659 00:47:35
5.228 148.098 772.195 00:47:36
5.224 161.073 842.439 00:47:37
5.224 147.293 769.756 00:47:38
5.224 161.683 844.878 00:47:39
5.228 150.195 784.878 00:47:40
5.228 150.195 784.878 00:47:41
5.224 154.390 806.341 00:47:42
5.228 150.098 786.341 00:47:43
5.220 164.195 852.683 00:47:44
5.228 149.488 782.439 00:47:45
5.220 164.780 856.585 00:47:46
5.228 148.293 774.634 00:47:47
5.228 146.976 769.756 00:47:48
5.224 152.098 793.659 00:47:49
5.228 148.098 774.634 00:47:50
5.224 161.390 841.463 00:47:51
5.228 148.098 774.634 00:47:52
5.220 163.488 1157.073 00:47:53
5.228 148.195 774.634 00:47:54
5.208 202.488 1039.024 00:47:55
5.224 161.390 840.000 00:47:56
5.228 148.293 777.073 00:47:57
5.224 163.878 852.683 00:47:58
5.224 150.195 777.561 00:47:59
5.220 165.585 863.415 00:48:00
5.160 229.390 787.805 00:48:01
5.204 229.683 1189.268 00:48:02
5.228 148.098 773.659 00:48:03
5.228 149.195 772.195 00:48:04
5.224 161.488 840.976 00:48:05
5.228 147.878 771.220 00:48:06
5.216 190.683 982.927 00:48:07
5.228 148.195 774.634 00:48:08
5.220 164.390 858.537 00:48:09
5.224 152.390 796.098 00:48:10
5.212 200.780 1053.171 00:48:11
5.224 152.098 794.634 00:48:12
5.232 147.976 773.659 00:48:13
5.224 162.073 841.463 00:48:14
5.228 146.976 768.293 00:48:15
5.216 163.293 851.220 00:48:16
5.228 147.390 775.122 00:48:17
5.140 411.659 2109.268 00:48:18
5.228 151.878 795.122 00:48:19
5.228 147.293 774.634 00:48:20
5.224 161.390 840.976 00:48:21
5.228 147.683 768.780 00:48:22
5.220 161.780 844.878 00:48:23
5.228 148.683 769.756 00:48:24
5.220 163.488 856.585 00:48:25
5.228 148.098 769.756 00:48:26
5.208 204.293 1155.610 00:48:27
5.228 151.878 793.659 00:48:28
5.224 148.098 773.659 00:48:29
5.220 161.683 840.976 00:48:30
5.228 147.780 768.780 00:48:31
5.216 162.073 843.415 00:48:32
5.224 147.976 774.634 00:48:33
5.144 490.244 2204.390 00:48:34
5.228 152.195 772.683 00:48:35
5.228 147.683 806.341 00:48:36
5.212 171.293 933.659 00:48:37
5.228 147.976 772.195 00:48:38
5.220 161.390 843.902 00:48:39
5.228 148.195 772.683 00:48:40
5.188 322.463 1600.976 00:48:41
5.228 148.390 773.659 00:48:42
5.168 339.561 1779.024 00:48:43
5.228 151.976 796.098 00:48:44
5.228 148.098 773.659 00:48:45
5.228 152.293 793.659 00:48:46
5.228 148.098 768.780 00:48:47
5.220 165.390 867.805 00:48:48
5.224 150.488 784.878 00:48:49
5.192 252.366 1316.098 00:48:50
5.228 149.976 782.439 00:48:51
5.208 199.780 1072.683 00:48:52
5.228 147.488 774.634 00:48:53
5.228 148.293 772.195 00:48:54
5.224 161.683 840.976 00:48:55
5.228 147.976 773.659 00:48:56
5.172 324.976 1283.415 00:48:57
5.208 148.293 772.195 00:48:58
5.144 342.756 2173.171 00:48:59
5.160 148.390 783.415 00:49:00
5.224 148.683 769.756 00:49:01
5.228 151.878 800.000 00:49:02
5.228 147.878 774.634 00:49:03
5.224 162.073 842.439 00:49:04
5.228 147.683 774.634 00:49:05
5.224 201.683 2005.366 00:49:06
5.228 148.098 774.634 00:49:07
5.212 198.488 1039.024 00:49:08
5.228 148.390 774.634 00:49:09
5.228 148.098 772.683 00:49:10
5.224 217.878 1007.805 00:49:11
5.224 149.780 785.854 00:49:12
5.216 161.488 844.878 00:49:13
5.228 147.488 775.122 00:49:14
5.144 419.854 2127.317 00:49:15
5.224 149.390 783.415 00:49:16
5.228 147.488 772.195 00:49:17
5.228 151.976 795.122 00:49:18
5.228 148.390 774.634 00:49:19
5.224 160.976 845.366 00:49:20
5.228 147.976 771.220 00:49:21
5.220 246.683 1304.390 00:49:22
5.228 148.098 771.220 00:49:23
5.140 385.659 1851.220 00:49:24
5.224 154.293 806.341 00:49:25
5.228 149.780 786.341 00:49:27
5.224 163.878 853.659 00:49:28
5.228 150.390 786.341 00:49:29
5.224 163.878 855.122 00:49:30
5.224 150.293 786.341 00:49:31
5.196 182.683 875.122 00:49:32
5.228 147.780 877.561 00:49:33
5.228 149.780 781.463 00:49:34
5.208 152.195 793.659 00:49:35
5.228 147.878 772.683 00:49:36
5.228 161.073 846.341 00:49:37
5.224 147.683 775.122 00:49:38
5.196 246.488 1020.488 00:49:39
5.228 148.098 774.634 00:49:40
5.168 277.171 1298.537 00:49:41
5.228 152.098 794.634 00:49:42
5.228 147.878 769.756 00:49:43
5.212 197.976 1013.659 00:49:44
5.228 149.585 771.220 00:49:45
5.220 161.585 843.902 00:49:46
5.228 148.098 772.683 00:49:47
5.144 345.659 1495.122 00:49:48
5.228 148.098 774.634 00:49:49
5.228 148.098 772.683 00:49:50
5.224 152.098 797.073 00:49:51
5.228 148.195 777.073 00:49:52
5.224 161.195 843.902 00:49:53
5.228 148.293 772.683 00:49:54
5.144 326.976 1281.951 00:49:55
5.228 149.683 786.341 00:49:56
5.228 150.390 783.902 00:49:57
5.220 162.878 852.683 00:49:58
5.228 150.293 785.854 00:49:59
5.224 161.195 845.366 00:50:00
5.208 202.878 777.073 00:50:01
5.208 163.195 843.902 00:50:02
5.228 147.780 776.098 00:50:03
5.228 147.683 772.683 00:50:04
5.228 148.878 776.098 00:50:05
5.228 147.098 769.756 00:50:06
5.224 161.073 843.415 00:50:07
5.228 147.976 772.683 00:50:08
5.196 294.780 1307.317 00:50:09
5.228 150.488 784.878 00:50:10
5.176 296.878 1457.561 00:50:11
5.228 150.488 784.878 00:50:12
5.228 150.195 786.341 00:50:13
5.216 163.195 982.927 00:50:14
5.212 149.293 784.878 00:50:15
5.224 162.585 934.146 00:50:16
5.224 147.878 772.683 00:50:17
5.128 493.951 2588.780 00:50:18
5.224 151.878 794.634 00:50:19
5.228 149.780 776.098 00:50:20
5.224 154.390 808.780 00:50:21
5.228 150.293 785.854 00:50:22
5.220 163.683 923.902 00:50:23
5.224 150.293 781.463 00:50:24
5.152 390.659 1950.244 00:50:25
5.228 150.585 785.854 00:50:26
5.228 149.780 782.439 00:50:27
5.220 161.073 842.439 00:50:28
5.228 147.683 769.756 00:50:29
5.224 161.293 842.439 00:50:30
5.228 146.585 772.683 00:50:31
5.128 481.244 2532.195 00:50:32
5.224 151.878 793.659 00:50:33
5.228 147.098 772.683 00:50:34
5.224 151.976 795.122 00:50:35
5.224 148.098 774.634 00:50:36
5.224 161.195 845.366 00:50:37
5.224 147.780 774.634 00:50:38
5.224 162.073 846.341 00:50:39
5.224 147.390 773.659 00:50:40
5.224 147.488 772.683 00:50:41
5.224 161.195 836.585 00:50:42
5.228 147.585 770.244 00:50:43
5.220 161.488 844.878 00:50:44
5.228 147.976 769.756 00:50:45
5.220 161.585 842.439 00:50:46
5.228 148.195 772.683 00:50:47
5.228 147.976 775.122 00:50:48
5.220 160.976 841.463 00:50:49
5.228 148.098 774.634 00:50:50
5.224 163.683 855.122 00:50:51
5.228 149.780 782.439 00:50:52
5.152 295.780 1389.268 00:50:53
5.228 149.976 783.415 00:50:54
5.196 245.268 1249.268 00:50:55
5.228 150.780 786.341 00:50:56
5.224 150.098 784.878 00:50:57
5.224 164.073 857.561 00:50:58
5.224 150.098 784.878 00:50:59
5.216 380.366 966.829 00:51:00
5.228 147.585 812.683 00:51:01
5.204 215.976 1119.024 00:51:02
5.220 161.878 846.341 00:51:03
5.228 148.488 776.098 00:51:04
5.224 160.976 841.463 00:51:05
5.228 148.098 773.659 00:51:06
5.216 197.488 1030.244 00:51:07
5.228 148.098 776.098 00:51:08
5.160 328.878 2114.146 00:51:09
5.200 189.293 900.976 00:51:10
5.184 255.683 1326.829 00:51:11
5.228 147.683 776.098 00:51:12
5.228 148.390 775.122 00:51:13
5.224 161.195 841.463 00:51:14
5.228 147.878 772.683 00:51:15
5.196 322.171 1327.317 00:51:16
5.228 147.585 775.122 00:51:17
5.176 319.366 1301.951 00:51:18
5.224 151.976 793.659 00:51:19
5.228 148.098 772.683 00:51:20
5.224 161.585 845.366 00:51:21
5.228 148.098 774.634 00:51:22
5.220 163.195 852.683 00:51:23
5.224 147.488 774.634 00:51:24
5.120 493.561 2623.902 00:51:25
5.228 148.098 774.634 00:51:26
5.224 147.976 773.659 00:51:27
5.228 161.073 841.463 00:51:28
5.228 147.683 772.195 00:51:29
5.224 161.195 840.976 00:51:30
5.228 147.488 773.659 00:51:31
5.172 411.463 2097.073 00:51:32
5.228 147.488 774.634 00:51:33
5.228 147.780 772.683 00:51:34
5.224 152.293 797.073 00:51:36
5.224 148.195 774.634 00:51:37
5.220 163.683 855.122 00:51:38
5.224 150.878 784.878 00:51:39
5.224 164.585 865.366 00:51:40
5.228 150.488 787.317 00:51:41
5.224 150.488 785.854 00:51:42
5.224 161.878 840.000 00:51:43
5.228 147.976 772.683 00:51:44
5.220 162.195 841.463 00:51:45
5.228 147.195 774.634 00:51:46
5.224 161.780 843.415 00:51:47
5.228 147.683 776.098 00:51:48
5.228 150.293 784.878 00:51:49
5.224 154.585 806.341 00:51:50
5.224 150.780 787.805 00:51:51
5.220 163.585 855.122 00:51:52
5.228 150.390 785.854 00:51:53
5.224 164.585 863.415 00:51:54
5.228 147.878 773.659 00:51:55
5.224 150.878 772.683 00:51:56
5.224 161.390 904.878 00:51:57
5.224 147.976 772.683 00:51:58
5.224 161.195 844.878 00:51:59
5.228 148.098 773.659 00:52:00
5.168 333.073 1728.780 00:52:01
5.228 148.195 779.024 00:52:02
5.228 147.780 772.683 00:52:03
5.228 152.976 795.122 00:52:04
5.228 164.293 781.463 00:52:05
5.220 161.293 842.439 00:52:06
5.228 148.293 772.683 00:52:07
5.192 256.585 1344.390 00:52:08
5.228 147.976 774.634 00:52:09
5.228 148.098 777.561 00:52:10
5.224 160.683 842.439 00:52:11
5.228 147.878 769.756 00:52:12
5.224 160.488 843.415 00:52:13
5.228 147.976 771.220 00:52:14
5.120 495.049 2549.756 00:52:15
5.224 147.488 776.098 00:52:16
5.228 147.878 772.683 00:52:17
5.224 152.195 795.122 00:52:18
5.228 147.585 769.756 00:52:19
5.216 161.390 846.341 00:52:20
5.228 147.878 774.634 00:52:21
5.224 176.780 843.902 00:52:22
5.224 154.073 806.341 00:52:23
5.228 151.488 790.244 00:52:24
5.228 150.585 786.341 00:52:25
5.228 150.195 784.878 00:52:26
5.212 202.683 971.707 00:52:27
5.228 147.195 775.122 00:52:28
5.224 163.976 1298.537 00:52:29
5.228 150.390 787.317 00:52:30
5.188 257.780 1643.902 00:52:31
5.228 154.195 806.341 00:52:32
5.228 149.195 783.902 00:52:33
5.224 163.585 855.122 00:52:34
5.224 150.488 787.317 00:52:35
5.204 163.585 855.122 00:52:36
5.228 147.683 820.000 00:52:37
5.152 424.463 2143.415 00:52:38
5.228 148.488 772.683 00:52:39
5.228 147.780 773.659 00:52:40
5.224 163.585 853.659 00:52:41
5.220 185.585 935.122 00:52:42
5.224 161.390 842.439 00:52:43
5.228 148.098 772.683 00:52:44
5.152 343.878 2452.683 00:52:45
5.228 151.878 793.659 00:52:46
5.224 147.780 768.780 00:52:47
5.224 161.073 841.463 00:52:48
5.228 147.293 774.634 00:52:49
5.224 163.488 852.195 00:52:50
5.228 148.293 775.122 00:52:51
5.120 481.951 2467.805 00:52:52
5.232 147.878 774.634 00:52:53
5.228 147.780 772.683 00:52:54
5.224 161.683 841.463 00:52:55
5.224 147.780 777.073 00:52:56
5.224 161.976 842.439 00:52:57
5.228 147.976 902.439 00:52:58
5.140 416.268 2149.756 00:52:59
5.228 149.683 850.244 00:53:00
5.228 147.976 773.659 00:53:01
5.224 163.390 847.805 00:53:02
5.228 148.195 778.537 00:53:03
5.220 161.585 852.195 00:53:04
5.228 148.195 774.634 00:53:05
5.220 162.976 852.195 00:53:06
5.224 151.976 795.122 00:53:07
5.228 147.878 777.561 00:53:08
5.220 161.878 838.537 00:53:09
5.228 148.488 769.756 00:53:10
5.220 160.780 842.439 00:53:11
5.232 146.585 769.756 00:53:12
5.224 162.293 847.805 00:53:13
5.228 148.293 774.634 00:53:14
5.224 147.585 772.683 00:53:15
5.228 161.683 887.317 00:53:16
5.224 147.098 770.244 00:53:17
5.224 161.390 844.878 00:53:18
5.228 155.195 777.073 00:53:19
5.224 161.585 843.415 00:53:20
5.224 147.488 773.659 00:53:21
5.228 147.488 772.683 00:53:22
5.228 152.098 793.659 00:53:23
5.228 147.195 774.634 00:53:24
5.220 161.073 841.463 00:53:25
5.228 148.098 772.683 00:53:26
5.168 324.171 1766.341 00:53:27
5.224 150.488 981.463 00:53:28
5.160 371.854 1695.122 00:53:29
5.228 150.585 785.854 00:53:30
5.228 150.293 787.317 00:53:31
5.224 250.878 852.683 00:53:32
5.228 147.390 774.634 00:53:33
5.224 163.073 851.220 00:53:34
5.228 147.390 772.195 00:53:35
5.140 419.171 2118.049 00:53:36
5.228 148.098 772.683 00:53:37
5.228 147.585 772.195 00:53:38
5.220 151.976 806.341 00:53:40
5.224 148.390 770.244 00:53:41
5.228 161.780 844.878 00:53:42
5.228 151.585 770.244 00:53:43
5.220 162.293 926.341 00:53:44
5.228 151.683 793.659 00:53:45
5.228 146.683 772.683 00:53:46
5.228 151.976 796.098 00:53:47
5.228 146.878 772.683 00:53:48
5.212 195.488 1052.683 00:53:49
5.228 147.976 777.073 00:53:50
5.124 473.951 2160.976 00:53:51
5.224 147.293 769.756 00:53:52
5.228 147.683 772.683 00:53:53
5.224 161.488 840.000 00:53:54
5.228 147.976 767.317 00:53:55
5.224 161.293 845.366 00:53:56
5.224 147.293 772.683 00:53:57
5.224 163.195 853.659 00:53:58
5.224 148.098 769.756 00:53:59
5.208 202.976 1070.732 00:54:00
5.224 194.488 806.341 00:54:01
5.228 150.390 784.878 00:54:02
5.220 163.780 856.098 00:54:03
5.212 178.488 936.585 00:54:04
5.220 162.976 851.220 00:54:05
5.228 148.098 772.683 00:54:06
5.116 415.951 2138.049 00:54:07
5.228 148.195 772.683 00:54:08
5.232 147.780 768.293 00:54:09
5.224 160.878 837.561 00:54:10
5.224 147.878 772.683 00:54:11
5.220 161.585 843.902 00:54:12
5.228 150.293 784.878 00:54:13
5.220 165.488 1375.610 00:54:14
5.228 150.488 784.878 00:54:15
5.228 150.098 783.415 00:54:16
5.228 154.976 804.878 00:54:17
5.228 150.293 784.878 00:54:18
5.220 163.073 857.561 00:54:19
5.228 147.878 769.756 00:54:20
5.224 163.195 847.805 00:54:21
5.228 151.780 793.659 00:54:22
5.228 147.683 772.683 00:54:23
5.224 151.976 789.756 00:54:24
5.220 172.390 936.585 00:54:25
5.220 161.780 947.805 00:54:26
5.228 148.683 772.195 00:54:27
5.200 259.366 1285.366 00:54:28
5.228 148.098 772.683 00:54:29
5.224 167.780 1396.098 00:54:30
5.228 147.780 772.683 00:54:31
5.228 147.780 768.293 00:54:32
5.228 151.976 795.122 00:54:33
5.228 146.976 776.098 00:54:34
5.224 162.683 852.195 00:54:35
5.224 147.976 772.195 00:54:36
5.120 495.659 2148.293 00:54:37
5.224 151.780 793.659 00:54:38
5.212 199.878 1041.463 00:54:39
5.216 184.171 971.707 00:54:40
5.228 147.878 772.683 00:54:41
5.220 163.073 840.976 00:54:42
5.224 147.878 772.683 00:54:43
5.196 252.171 1300.488 00:54:44
5.228 187.976 784.878 00:54:45
5.180 293.073 1436.098 00:54:46
5.228 148.098 775.122 00:54:47
5.228 147.878 773.659 00:54:48
5.220 160.488 841.463 00:54:49
5.228 147.976 773.659 00:54:50
5.220 162.878 853.659 00:54:51
5.228 147.293 769.756 00:54:52
5.120 477.366 2432.683 00:54:53
5.228 151.878 793.659 00:54:54
5.196 199.073 1390.732 00:54:55
5.224 161.488 941.463 00:54:56
5.228 147.878 771.220 00:54:57
5.220 160.976 842.439 00:54:58
5.228 147.683 769.756 00:54:59
5.224 196.073 846.341 00:55:00
5.228 148.293 773.659 00:55:01
5.220 161.293 843.415 00:55:02
5.228 148.585 772.683 00:55:03
5.228 148.390 843.902 00:55:04
5.228 151.976 794.634 00:55:05
5.224 150.293 787.317 00:55:06
5.216 165.976 863.902 00:55:07
5.228 150.195 787.317 00:55:08
5.148 356.659 1837.561 00:55:09
5.224 149.390 784.878 00:55:10
5.228 147.585 771.220 00:55:11
5.220 160.683 839.024 00:55:12
5.228 147.098 768.780 00:55:13
5.220 161.780 841.463 00:55:14
5.228 146.976 768.293 00:55:15
5.228 192.293 921.463 00:55:16
5.228 147.878 772.195 00:55:17
5.220 148.878 779.024 00:55:18
5.224 161.683 844.878 00:55:19
5.228 147.488 766.341 00:55:20
5.224 162.073 843.902 00:55:21
5.228 148.195 772.683 00:55:22
5.224 162.780 850.244 00:55:23
5.224 147.976 772.195 00:55:24
5.144 413.561 2197.073 00:55:25
5.228 151.780 792.195 00:55:26
5.228 147.976 771.220 00:55:27
5.220 160.683 839.024 00:55:28
5.228 147.683 774.634 00:55:29
5.224 161.073 841.463 00:55:30
5.228 147.683 772.195 00:55:31
5.140 435.951 2240.976 00:55:32
5.228 147.780 774.634 00:55:33
5.224 147.878 772.683 00:55:34
5.224 153.488 955.122 00:55:35
5.228 147.683 771.220 00:55:36
5.224 162.073 838.537 00:55:37
5.228 147.098 768.780 00:55:38
5.220 163.073 1014.146 00:55:39
5.228 147.585 768.780 00:55:40
5.180 202.878 1101.951 00:55:41
5.228 147.780 773.659 00:55:42
5.228 147.585 769.756 00:55:43
5.220 160.878 840.000 00:55:44
5.232 148.683 777.073 00:55:45
5.220 163.293 841.463 00:55:46
5.228 147.878 771.220 00:55:47
5.172 330.561 1715.122 00:55:48
5.228 151.683 793.659 00:55:49
5.228 147.293 775.122 00:55:50
5.228 162.195 847.317 00:55:51
5.224 147.585 772.195 00:55:52
5.224 160.976 841.463 00:55:53
5.224 147.098 768.293 00:55:54
5.120 327.976 1517.073 00:55:55
5.228 148.098 769.756 00:55:56
5.228 147.585 768.780 00:55:57
5.224 151.878 791.220 00:55:59
5.228 146.976 772.683 00:56:00
5.220 179.293 1931.707 00:56:01
5.228 148.780 772.683 00:56:02
5.216 163.073 851.220 00:56:03
5.232 147.878 772.683 00:56:04
5.180 323.659 1552.683 00:56:05
5.228 148.098 774.634 00:56:06
5.228 147.488 768.293 00:56:07
5.220 160.683 839.024 00:56:08
5.228 147.683 771.220 00:56:09
5.224 163.073 848.780 00:56:10
5.228 147.195 769.756 00:56:11
5.120 454.146 2456.098 00:56:12
5.228 147.195 772.683 00:56:13
5.228 146.878 772.683 00:56:14
5.224 151.878 793.659 00:56:15
5.228 147.390 772.683 00:56:16
5.204 204.780 1026.829 00:56:17
5.228 147.780 772.195 00:56:18
5.196 247.878 1703.902 00:56:19
5.228 147.878 772.683 00:56:20
5.228 147.683 771.220 00:56:21
5.224 160.878 840.976 00:56:22
5.228 147.293 772.195 00:56:23
5.224 161.293 842.439 00:56:24
5.228 147.780 772.683 00:56:25
5.224 161.683 844.878 00:56:26
5.228 147.780 820.000 00:56:27
5.228 147.780 772.195 00:56:28
5.228 154.195 804.878 00:56:29
5.228 150.098 783.902 00:56:30
5.224 163.073 852.683 00:56:31
5.224 149.488 784.878 00:56:32
5.224 164.683 911.220 00:56:33
5.228 150.195 811.220 00:56:34
5.224 150.780 787.805 00:56:35
5.228 147.976 773.659 00:56:36
5.228 147.976 772.195 00:56:37
5.216 161.488 841.463 00:56:38
5.228 173.390 772.195 00:56:39
5.224 162.195 842.439 00:56:40
5.228 147.195 770.244 00:56:41
5.224 148.098 774.634 00:56:42
5.228 151.780 794.634 00:56:43
5.228 147.585 768.293 00:56:44
5.224 161.683 841.463 00:56:45
5.228 148.098 773.659 00:56:46
5.224 161.585 847.317 00:56:47
5.228 147.780 776.098 00:56:48
5.228 147.098 771.220 00:56:49
5.228 151.976 794.634 00:56:50
5.228 147.098 772.683 00:56:51
5.224 161.073 843.415 00:56:52
5.228 147.293 769.756 00:56:53
5.196 245.171 1477.073 00:56:54
5.228 147.488 774.634 00:56:55
5.228 147.390 768.293 00:56:56
5.224 152.293 794.634 00:56:57
5.224 147.293 772.683 00:56:58
5.220 161.683 841.463 00:56:59
5.228 147.878 774.634 00:57:00
5.124 478.561 2138.049 00:57:01
5.228 147.293 765.854 00:57:02
5.228 147.195 770.244 00:57:03
5.220 164.195 854.146 00:57:04
5.228 205.171 816.585 00:57:05
5.220 163.683 853.659 00:57:06
5.224 152.293 790.244 00:57:07
5.220 165.976 861.463 00:57:08
5.224 148.293 771.220 00:57:09
5.228 147.293 830.244 00:57:10
5.228 148.098 771.220 00:57:11
5.220 147.293 772.683 00:57:12
5.224 161.390 842.439 00:57:13
5.228 157.293 769.756 00:57:14
5.196 438.561 1688.780 00:57:15
5.224 151.976 794.634 00:57:16
5.172 295.878 1413.659 00:57:17
5.228 148.488 766.341 00:57:18
5.228 148.390 773.659 00:57:19
5.212 162.195 840.000 00:57:20
5.228 147.683 772.683 00:57:21
5.192 248.878 1308.293 00:57:22
5.228 148.390 773.659 00:57:23
5.224 149.195 780.976 00:57:24
5.228 147.488 775.122 00:57:25
5.228 147.976 772.195 00:57:26
5.216 161.683 841.463 00:57:27
5.228 147.976 772.683 00:57:28
5.164 311.463 1712.683 00:57:29
5.228 147.293 773.659 00:57:30
5.164 293.073 1519.512 00:57:31
5.228 148.098 774.634 00:57:32
5.224 147.976 766.341 00:57:33
5.220 161.585 844.878 00:57:34
5.224 147.585 768.293 00:57:35
5.220 161.293 843.415 00:57:36
5.228 148.390 776.098 00:57:37
5.196 246.780 1283.415 00:57:38
5.228 147.195 770.244 00:57:39
5.208 205.073 1067.805 00:57:40
5.224 150.878 833.659 00:57:41
5.228 150.195 784.878 00:57:42
5.224 162.878 856.098 00:57:43
5.228 150.390 785.854 00:57:44
5.152 335.756 1739.024 00:57:45
5.228 147.585 768.293 00:57:46
5.176 410.268 1933.171 00:57:47
5.224 151.976 798.537 00:57:48
5.228 147.585 772.683 00:57:49
5.220 161.293 840.976 00:57:50
5.224 177.780 929.268 00:57:51
5.220 160.878 840.000 00:57:52
5.224 147.488 771.220 00:57:53
5.224 162.195 850.244 00:57:54
5.224 151.780 793.659 00:57:55
5.228 148.098 771.220 00:57:56
5.220 163.390 852.195 00:57:57
5.224 149.878 784.878 00:57:58
5.220 163.683 854.146 00:57:59
5.228 270.366 1409.268 00:58:00
5.184 268.585 1326.829 00:58:01
5.228 147.878 772.683 00:58:02
5.188 304.463 1332.195 00:58:03
5.228 148.293 776.098 00:58:04
5.228 148.488 771.220 00:58:05
5.220 162.073 842.439 00:58:06
5.228 147.780 772.683 00:58:07
5.220 162.195 842.439 00:58:08
5.228 147.195 772.195 00:58:09
5.120 476.659 2442.439 00:58:10
5.228 148.293 774.634 00:58:11
5.228 147.976 772.683 00:58:12
5.220 152.098 795.122 00:58:13
5.228 148.195 772.683 00:58:14
5.220 162.073 846.341 00:58:15
5.228 147.878 771.220 00:58:16
5.120 492.463 2571.707 00:58:17
5.228 147.195 773.659 00:58:18
5.228 148.390 776.098 00:58:19
5.224 161.488 840.000 00:58:20
5.216 183.073 952.683 00:58:21
5.224 162.390 847.805 00:58:22
5.228 147.976 773.659 00:58:23
5.168 329.268 1712.683 00:58:24
5.228 148.098 773.659 00:58:26
5.224 155.488 850.244 00:58:27
5.228 152.780 798.537 00:58:28
5.228 147.976 773.659 00:58:29
5.224 161.683 844.878 00:58:30
5.228 147.780 772.195 00:58:31
5.224 172.293 845.366 00:58:32
5.228 147.878 772.683 00:58:33
5.228 147.780 772.683 00:58:34
5.228 151.878 793.659 00:58:35
5.228 147.488 772.683 00:58:36
5.220 161.195 840.000 00:58:37
5.228 150.293 784.878 00:58:38
5.168 329.366 1604.878 00:58:39
5.228 150.195 787.317 00:58:40
5.172 420.268 2460.976 00:58:41
5.228 150.878 786.341 00:58:42
5.228 149.976 782.439 00:58:43
5.220 163.976 854.146 00:58:44
5.228 148.976 772.683 00:58:45
5.224 161.293 841.463 00:58:46
5.228 147.976 820.976 00:58:47
5.148 389.268 2020.488 00:58:48
5.228 147.878 770.244 00:58:49
5.228 148.488 776.098 00:58:50
5.220 162.683 840.976 00:58:51
5.228 147.195 769.756 00:58:52
5.220 162.976 842.439 00:58:53
5.228 148.098 774.634 00:58:54
5.124 477.756 2437.073 00:58:55
5.224 151.780 793.659 00:58:56
5.228 147.976 773.659 00:58:57
5.220 161.390 842.439 00:58:58
5.224 147.098 769.756 00:58:59
5.220 162.073 845.366 00:59:00
5.164 276.171 806.341 00:59:01
5.144 398.366 2050.732 00:59:02
5.228 152.390 787.805 00:59:03
5.228 149.878 783.415 00:59:04
5.220 164.780 934.146 00:59:05
5.224 150.293 784.878 00:59:06
5.224 164.488 856.098 00:59:07
5.228 147.585 774.634 00:59:08
5.168 375.659 1924.390 00:59:09
5.228 147.878 770.244 00:59:10
5.228 147.878 772.683 00:59:11
5.224 161.073 840.000 00:59:12
5.228 147.976 773.659 00:59:13
5.224 161.293 845.366 00:59:14
5.228 147.878 770.244 00:59:15
5.212 195.585 853.659 00:59:16
5.228 147.195 774.634 00:59:17
5.204 296.683 1786.341 00:59:18
5.228 150.488 784.878 00:59:19
5.224 147.976 774.634 00:59:20
5.224 160.976 840.000 00:59:21
5.228 147.390 774.634 00:59:22
5.224 161.585 843.902 00:59:23
5.228 147.195 772.683 00:59:24
5.128 439.146 2467.805 00:59:25
5.224 148.293 772.683 00:59:26
5.224 147.098 772.683 00:59:27
5.220 191.780 1001.463 00:59:28
5.220 185.976 963.902 00:59:29
5.224 161.390 843.415 00:59:30
5.228 148.098 773.659 00:59:31
5.124 245.976 1349.756 00:59:32
5.228 148.390 776.098 00:59:33
5.160 412.854 2055.610 00:59:34
5.228 147.976 774.634 00:59:35
5.228 147.878 772.683 00:59:36
5.224 160.976 842.439 00:59:37
5.228 147.195 769.756 00:59:38
5.224 161.976 846.341 00:59:39
5.228 148.195 774.634 00:59:40
5.196 248.683 1292.195 00:59:41
5.228 148.195 772.683 00:59:42
5.228 148.976 839.024 00:59:43
5.224 151.878 793.659 00:59:44
5.228 148.098 774.634 00:59:45
5.220 160.976 840.976 00:59:46
5.228 147.878 772.195 00:59:47
5.224 162.293 847.805 00:59:48
5.228 148.098 772.195 00:59:49
5.200 221.878 1274.634 00:59:50
5.228 147.878 772.683 00:59:51
5.224 147.293 769.756 00:59:52
5.220 161.195 842.439 00:59:53
5.228 147.098 768.293 00:59:54
5.188 269.585 1467.317 00:59:55
5.216 147.293 773.659 00:59:56
5.176 283.878 1579.512 00:59:57
5.228 147.878 772.683 00:59:58
5.228 147.878 772.683 00:59:59
5.184 193.073 807.317 01:00:00
5.224 147.195 769.756 01:00:01
5.220 163.780 849.756 01:00:02
5.224 149.195 778.537 01:00:03
5.172 350.268 1810.244 01:00:04
5.228 150.098 784.878 01:00:05
5.208 201.780 1071.707 01:00:06
5.228 152.098 794.634 01:00:07
5.228 147.293 772.683 01:00:08
5.224 160.976 843.902 01:00:09
5.224 155.073 810.244 01:00:10
5.228 163.390 853.659 01:00:11
5.228 147.390 774.634 01:00:12
5.148 419.049 2149.268 01:00:13
5.228 149.976 786.341 01:00:14
5.224 150.293 785.854 01:00:15
5.224 161.390 843.902 01:00:16
5.228 147.585 771.220 01:00:17
5.220 162.976 841.463 01:00:18
5.228 147.976 773.659 01:00:19
5.224 162.878 912.683 01:00:20
5.228 148.098 774.634 01:00:21
5.216 149.585 780.976 01:00:22
5.224 160.878 845.366 01:00:23
5.228 148.195 773.659 01:00:24
5.156 187.780 855.122 01:00:25
5.228 157.390 771.220 01:00:26
5.192 264.073 1373.659 01:00:27
5.224 151.878 848.780 01:00:28
5.224 148.390 772.195 01:00:29
5.224 160.780 840.000 01:00:30
5.228 147.293 777.561 01:00:31
5.224 163.195 852.195 01:00:32
5.228 147.976 772.683 01:00:33
5.112 452.366 2148.293 01:00:34
5.224 152.098 794.634 01:00:35
5.228 148.488 777.073 01:00:36
5.224 160.976 843.902 01:00:37
5.228 147.780 769.756 01:00:38
5.224 161.878 841.463 01:00:39
5.228 148.195 773.659 01:00:40
5.120 472.244 2443.415 01:00:41
5.224 148.195 773.659 01:00:42
5.228 147.878 772.683 01:00:43
5.224 161.683 843.902 01:00:44
5.224 147.878 772.683 01:00:45
5.224 160.780 844.878 01:00:46
5.228 147.878 774.634 01:00:47
5.220 163.683 902.927 01:00:48
5.220 176.683 952.683 01:00:49
5.212 221.585 1046.829 01:00:50
5.224 150.293 784.878 01:00:51
5.228 149.488 780.000 01:00:52
5.220 163.390 853.659 01:00:53
5.228 149.878 783.415 01:00:54
5.224 161.488 843.902 01:00:55
5.228 148.098 770.244 01:00:56
5.224 155.976 815.122 01:00:57
5.228 147.293 772.683 01:00:58
5.224 147.585 770.244 01:00:59
5.160 160.878 839.024 01:01:00
5.220 149.878 784.878 01:01:01
5.192 328.780 1331.707 01:01:02
5.228 150.098 832.195 01:01:03
5.184 289.683 1497.073 01:01:04
5.224 147.098 768.780 01:01:05
5.228 148.488 772.683 01:01:06
5.224 163.293 852.683 01:01:07
5.228 150.488 780.000 01:01:08
5.220 163.585 854.146 01:01:09
5.228 147.683 772.683 01:01:11
5.124 485.049 2483.415 01:01:12
5.228 147.878 772.195 01:01:13
5.228 149.976 783.902 01:01:14
5.224 154.073 803.902 01:01:15
5.228 150.683 787.805 01:01:16
5.220 164.293 852.683 01:01:17
5.228 150.195 784.878 01:01:18
5.220 164.585 867.805 01:01:19
5.228 148.098 773.659 01:01:20
5.204 225.171 1179.512 01:01:21
5.224 151.780 793.659 01:01:22
5.224 147.683 768.780 01:01:23
5.224 151.976 792.195 01:01:24
5.228 147.780 771.220 01:01:25
5.224 161.293 842.439 01:01:26
5.224 147.780 769.756 01:01:27
5.220 162.976 847.317 01:01:28
5.228 147.293 772.683 01:01:29
5.228 147.878 769.756 01:01:30
5.224 151.878 792.683 01:01:31
5.228 147.683 768.293 01:01:32
5.220 160.976 840.976 01:01:33
5.224 146.976 773.659 01:01:34
5.172 325.268 1702.439 01:01:35
5.228 147.488 769.756 01:01:36
5.160 311.878 1910.732 01:01:37
5.228 151.683 792.683 01:01:38
5.224 163.390 853.659 01:01:39
5.228 148.293 774.634 01:01:40
5.228 147.878 772.683 01:01:41
5.224 161.293 843.902 01:01:42
5.228 147.878 771.220 01:01:43
5.140 250.976 1906.341 01:01:44
5.224 147.878 772.683 01:01:45
5.228 147.683 771.220 01:01:46
5.224 151.780 793.659 01:01:47
5.228 147.683 768.293 01:01:48
5.224 163.488 852.683 01:01:49
5.224 149.683 784.878 01:01:50
5.220 162.878 854.146 01:01:51
5.228 151.878 793.659 01:01:52
5.228 151.878 776.098 01:01:53
5.228 151.780 793.659 01:01:54
5.228 147.683 772.195 01:01:55
5.220 161.780 840.976 01:01:56
5.228 147.585 768.293 01:01:57
5.188 244.073 1347.317 01:01:58
5.224 147.780 769.756 01:01:59
5.228 252.585 1311.707 01:02:00
5.228 148.195 774.634 01:02:01
5.228 147.195 773.659 01:02:02
5.224 161.585 843.902 01:02:03
5.228 147.976 772.683 01:02:04
5.180 165.195 1036.585 01:02:05
5.216 186.780 950.244 01:02:06
5.172 346.561 2101.951 01:02:07
5.228 149.488 781.463 01:02:08
5.228 147.878 777.561 01:02:09
5.228 151.976 793.659 01:02:10
5.228 147.780 772.683 01:02:11
5.220 161.195 844.878 01:02:12
5.228 147.780 772.683 01:02:13
5.224 162.683 846.341 01:02:14
5.228 149.293 769.756 01:02:15
5.228 147.878 772.683 01:02:16
5.224 151.878 793.659 01:02:17
5.228 147.585 768.293 01:02:18
5.224 160.073 841.463 01:02:19
5.228 147.585 770.244 01:02:20
5.136 410.171 2010.732 01:02:21
5.228 147.780 772.195 01:02:22
5.184 234.268 1174.146 01:02:23
5.228 147.780 772.683 01:02:24
5.228 147.585 770.244 01:02:25
5.224 160.878 840.976 01:02:26
5.228 147.976 768.293 01:02:27
5.224 166.073 863.415 01:02:28
5.228 149.976 782.439 01:02:29
5.120 502.854 2576.098 01:02:30
5.228 149.488 784.878 01:02:31
5.224 149.976 783.902 01:02:32
5.228 160.488 804.878 01:02:33
5.228 148.195 774.634 01:02:34
5.224 160.878 843.415 01:02:35
5.228 146.976 773.659 01:02:36
5.196 243.268 852.195 01:02:37
5.228 147.878 772.195 01:02:38
5.144 250.073 1388.293 01:02:39
5.228 151.488 792.195 01:02:40
5.212 177.073 980.488 01:02:41
5.220 162.293 849.756 01:02:42
5.228 149.195 780.000 01:02:43
5.224 161.683 840.000 01:02:44
5.224 149.878 785.854 01:02:45
5.188 253.171 858.537 01:02:46
5.224 148.293 779.024 01:02:47
5.228 146.976 771.220 01:02:48
5.212 160.878 835.122 01:02:49
5.228 147.293 767.317 01:02:50
5.224 161.488 843.415 01:02:51
5.228 147.488 771.220 01:02:52
5.224 161.683 847.317 01:02:53
5.228 147.585 771.220 01:02:54
5.204 231.585 2101.951 01:02:55
5.228 151.585 792.195 01:02:56
5.224 147.585 771.220 01:02:57
5.220 160.878 839.024 01:02:58
5.228 147.683 772.683 01:02:59
5.216 161.488 846.341 01:03:00
5.228 146.976 777.073 01:03:01
5.228 151.488 792.683 01:03:02
5.224 160.683 842.439 01:03:03
5.228 148.293 771.220 01:03:04
5.224 160.878 842.439 01:03:05
5.228 147.683 773.659 01:03:06
5.220 160.976 842.439 01:03:07
5.228 147.683 771.220 01:03:08
5.228 149.098 779.024 01:03:09
5.228 147.683 769.756 01:03:10
5.212 247.780 1060.488 01:03:11
5.224 160.585 839.024 01:03:12
5.228 147.390 771.220 01:03:13
5.220 162.683 849.756 01:03:14
5.228 147.293 768.780 01:03:15
5.120 488.463 2139.512 01:03:16
5.228 147.683 770.244 01:03:17
5.224 150.976 792.195 01:03:18
5.220 160.683 840.976 01:03:19
5.228 147.293 771.220 01:03:20
5.228 147.976 772.683 01:03:21
5.228 147.585 768.293 01:03:22
5.188 331.659 1594.634 01:03:24
5.228 147.780 768.780 01:03:25
5.152 377.659 1993.171 01:03:26
5.224 151.585 792.683 01:03:27
5.152 358.756 1624.878 01:03:28
5.220 163.390 852.683 01:03:29
5.224 149.780 784.878 01:03:30
5.216 163.976 856.098 01:03:31
5.228 149.976 791.220 01:03:32
5.224 161.683 843.902 01:03:33
5.224 147.293 774.634 01:03:34
5.228 150.976 792.195 01:03:35
5.224 151.488 793.659 01:03:36
5.228 147.390 771.220 01:03:37
5.228 151.683 793.659 01:03:38
5.228 147.683 771.220 01:03:39
5.224 162.878 851.220 01:03:40
5.228 147.780 771.220 01:03:41
5.156 332.976 1720.976 01:03:42
5.216 183.171 939.024 01:03:43
5.224 162.195 812.683 01:03:44
5.220 161.073 843.415 01:03:45
5.228 146.683 768.293 01:03:46
5.228 160.683 839.024 01:03:47
5.228 147.780 768.293 01:03:48
5.152 379.976 1998.049 01:03:49
5.228 148.195 781.463 01:03:50
5.212 200.683 780.000 01:03:51
5.228 171.585 793.659 01:03:52
5.208 202.488 1054.146 01:03:53
5.224 167.073 840.976 01:03:54
5.224 147.780 772.195 01:03:55
5.220 218.683 843.415 01:03:56
5.228 151.683 792.195 01:03:57
5.220 175.683 935.122 01:03:58
5.220 160.585 838.537 01:03:59
5.224 154.488 809.756 01:04:00
5.224 162.976 887.317 01:04:01
5.224 148.195 777.561 01:04:02
5.228 152.780 920.000 01:04:03
5.228 147.976 771.220 01:04:04
5.228 147.780 771.220 01:04:05
5.224 148.878 777.561 01:04:06
5.224 149.293 780.976 01:04:07
5.224 161.878 840.976 01:04:08
5.212 201.585 1106.829 01:04:09
5.196 250.171 1282.927 01:04:10
5.224 146.976 771.220 01:04:11
5.224 149.585 780.976 01:04:12
5.228 147.780 772.195 01:04:13
5.224 147.683 772.683 01:04:14
5.220 160.683 841.463 01:04:15
5.228 158.878 829.756 01:04:16
5.184 192.390 852.195 01:04:17
5.220 149.488 780.976 01:04:18
5.156 356.366 1567.317 01:04:19
5.228 148.098 773.659 01:04:20
5.228 149.683 772.683 01:04:21
5.224 161.390 839.024 01:04:22
5.224 149.390 835.122 01:04:23
5.224 161.195 841.463 01:04:24
5.212 250.366 1477.073 01:04:25
5.120 493.146 2554.146 01:04:26
5.228 148.390 772.683 01:04:27
5.224 161.195 837.561 01:04:28
5.220 160.683 839.024 01:04:29
5.224 148.098 774.634 01:04:30
5.224 161.293 841.463 01:04:31
5.228 151.780 856.585 01:04:32
5.224 161.683 843.415 01:04:33
5.228 155.976 771.220 01:04:34
5.228 147.585 774.634 01:04:35
5.228 152.098 787.805 01:04:36
5.224 147.780 772.683 01:04:37
5.224 161.585 843.902 01:04:38
5.228 149.780 781.463 01:04:39
5.220 162.780 850.244 01:04:40
5.212 199.780 1045.366 01:04:41
5.188 267.585 1389.268 01:04:42
5.224 147.976 773.659 01:04:43
5.224 147.878 772.683 01:04:44
5.224 160.585 840.000 01:04:45
5.228 147.780 772.683 01:04:46
5.224 161.878 843.415 01:04:47
5.224 161.585 839.024 01:04:48
5.180 293.171 1568.780 01:04:49
5.228 147.780 771.220 01:04:50
5.228 147.878 772.683 01:04:51
5.224 162.976 850.244 01:04:52
5.224 150.195 784.878 01:04:53
5.224 160.976 840.976 01:04:54
5.220 160.488 841.463 01:04:55
5.192 207.585 858.537 01:04:56
5.208 224.878 1028.780 01:04:57
5.228 156.073 777.073 01:04:58
5.224 150.976 788.780 01:04:59
5.228 148.390 778.537 01:05:00
5.224 160.683 841.463 01:05:01
5.224 147.683 772.683 01:05:02
5.196 285.171 1078.049 01:05:03
5.228 152.098 798.537 01:05:04
5.172 301.878 1573.659 01:05:05
5.228 147.585 770.244 01:05:06
5.228 147.488 767.317 01:05:07
5.220 163.293 850.244 01:05:08
5.228 147.488 768.293 01:05:09
5.224 160.780 837.561 01:05:10
5.228 147.780 769.756 01:05:11
5.196 162.976 840.000 01:05:12
5.208 198.488 1028.780 01:05:13
5.224 147.585 771.220 01:05:14
5.220 160.293 836.098 01:05:15
5.208 147.878 776.098 01:05:16
5.224 160.683 841.463 01:05:17
5.224 165.585 850.244 01:05:18
5.192 224.780 862.439 01:05:19
5.224 149.780 781.463 01:05:20
5.228 161.390 793.659 01:05:21
5.228 156.780 802.439 01:05:22
5.228 147.195 768.780 01:05:23
5.216 187.878 1106.829 01:05:24
5.224 147.683 769.756 01:05:25
5.224 163.195 851.220 01:05:26
5.228 147.293 771.220 01:05:27
5.168 343.171 1894.146 01:05:28
5.224 156.878 819.024 01:05:29
5.228 146.683 767.317 01:05:30
5.224 160.390 837.561 01:05:31
5.228 146.683 764.878 01:05:32
5.224 160.585 839.024 01:05:33
5.228 147.390 770.244 01:05:34
5.132 457.268 2488.780 01:05:35
5.208 285.976 1477.561 01:05:36
5.228 147.780 771.220 01:05:37
5.228 151.683 791.220 01:05:38
5.228 147.585 771.220 01:05:39
5.220 161.195 840.000 01:05:40
5.224 146.976 768.293 01:05:41
5.220 160.976 840.976 01:05:42
5.228 147.098 768.293 01:05:43
5.228 146.780 767.317 01:05:44
5.224 154.293 805.854 01:05:45
5.228 149.878 781.463 01:05:46
5.224 162.976 852.195 01:05:48
5.220 162.683 851.220 01:05:49
5.224 163.293 855.122 01:05:50
5.228 149.878 783.415 01:05:51
5.228 149.683 782.439 01:05:52
5.212 203.878 1062.927 01:05:53
5.228 147.488 773.659 01:05:54
5.224 160.390 837.561 01:05:55
5.228 147.585 771.220 01:05:56
5.200 162.683 847.805 01:05:57
5.228 147.780 772.683 01:05:58
5.196 201.683 1166.829 01:05:59
5.228 146.976 768.293 01:06:00
5.228 153.098 800.000 01:06:01
5.220 162.488 847.805 01:06:02
5.228 148.098 768.293 01:06:03
5.196 245.073 1271.707 01:06:04
5.224 147.683 771.220 01:06:05
5.152 383.268 1965.366 01:06:06
5.224 148.585 777.073 01:06:07
5.228 147.293 772.683 01:06:08
5.224 160.683 838.537 01:06:09
5.228 147.585 772.683 01:06:10
5.220 162.585 849.756 01:06:11
5.228 146.585 766.341 01:06:12
5.140 407.463 1650.244 01:06:13
5.232 148.293 774.634 01:06:14
5.228 147.585 770.244 01:06:15
5.220 161.073 841.463 01:06:16
5.224 146.780 769.756 01:06:17
5.224 161.390 844.878 01:06:18
5.228 148.195 771.220 01:06:19
5.224 161.780 846.341 01:06:20
5.228 149.976 783.415 01:06:21
5.228 149.098 783.415 01:06:22
5.220 163.390 851.220 01:06:23
5.228 149.195 783.415 01:06:24
5.220 173.073 851.220 01:06:25
5.228 147.585 771.220 01:06:26
5.220 161.976 843.415 01:06:27
5.228 149.878 783.415 01:06:28
5.228 149.780 779.024 01:06:29
5.224 154.683 807.805 01:06:30
5.228 154.195 783.902 01:06:31
5.220 162.293 847.317 01:06:32
5.228 149.976 782.439 01:06:33
5.196 253.366 1311.707 01:06:34
5.224 147.780 772.683 01:06:35
5.208 196.976 1026.341 01:06:36
5.216 183.171 956.098 01:06:37
5.228 147.390 771.220 01:06:38
5.220 161.073 841.463 01:06:39
5.224 147.585 771.220 01:06:40
5.220 160.780 839.024 01:06:41
5.228 148.195 773.659 01:06:42
5.112 490.341 2470.244 01:06:43
5.224 146.780 772.683 01:06:44
5.228 148.390 772.195 01:06:45
5.224 158.293 788.780 01:06:46
5.224 149.293 828.780 01:06:47
5.224 160.878 840.976 01:06:48
5.228 147.683 772.195 01:06:49
5.192 163.878 855.122 01:06:50
5.224 151.098 792.195 01:06:51
5.224 147.488 771.220 01:06:52
5.224 160.683 839.024 01:06:53
5.228 147.585 769.756 01:06:54
5.220 161.488 843.415 01:06:55
5.228 148.976 777.073 01:06:56
5.224 162.683 849.756 01:06:57
5.228 148.293 768.293 01:06:58
5.208 234.683 1219.024 01:06:59
5.224 151.585 793.659 01:07:00
5.228 147.683 772.683 01:07:01
5.224 161.488 843.415 01:07:02
5.228 147.683 772.195 01:07:03
5.224 227.073 1185.854 01:07:04
5.220 151.683 772.683 01:07:05
5.228 148.488 786.341 01:07:06
5.228 149.976 783.902 01:07:07
5.228 149.195 780.000 01:07:08
5.224 163.293 856.098 01:07:09
5.228 150.195 784.878 01:07:10
5.196 245.683 1411.220 01:07:11
5.220 177.976 962.927 01:07:12
5.208 351.366 1820.488 01:07:13
5.228 147.585 772.683 01:07:14
5.224 146.976 776.098 01:07:15
5.224 160.976 840.000 01:07:16
5.224 147.780 771.220 01:07:17
5.220 161.293 843.415 01:07:18
5.228 147.585 772.195 01:07:19
5.120 493.561 2730.244 01:07:20
5.228 147.390 772.683 01:07:21
5.228 147.878 772.683 01:07:22
5.224 161.390 841.463 01:07:23
5.228 150.195 786.341 01:07:24
5.228 160.780 843.902 01:07:25
5.228 147.683 772.683 01:07:26
5.196 246.366 1280.488 01:07:27
5.228 147.195 769.756 01:07:28
5.228 146.878 768.293 01:07:29
5.224 152.098 792.683 01:07:30
5.224 147.683 772.683 01:07:31
5.224 161.293 840.000 01:07:32
5.228 147.488 768.780 01:07:33
5.224 171.488 847.317 01:07:34
5.228 156.683 772.683 01:07:35
5.228 147.390 798.537 01:07:36
5.224 151.488 791.220 01:07:37
5.228 146.683 766.341 01:07:38
5.224 161.488 840.000 01:07:39
5.220 170.878 891.220 01:07:40
5.220 234.976 1483.415 01:07:41
5.228 147.878 772.683 01:07:42
5.212 204.780 1055.610 01:07:43
5.228 147.585 771.220 01:07:44
5.228 146.780 767.317 01:07:45
5.220 160.683 838.537 01:07:46
5.228 147.390 772.683 01:07:47
5.192 248.683 1289.756 01:07:48
5.228 151.585 1141.463 01:07:49
5.200 208.268 1066.341 01:07:50
5.228 151.683 791.220 01:07:51
5.228 147.098 766.341 01:07:52
5.224 160.488 838.537 01:07:53
5.228 147.585 771.220 01:07:54
5.220 250.268 2032.683 01:07:55
5.228 147.585 771.220 01:07:56
5.188 257.878 1568.293 01:07:57
5.228 147.293 769.756 01:07:58
5.228 147.585 771.220 01:07:59
5.220 160.390 838.537 01:08:00
5.228 147.488 773.659 01:08:01
5.192 191.073 853.659 01:08:02
5.228 147.976 773.659 01:08:03
5.180 324.171 1495.122 01:08:04
5.212 196.293 1022.439 01:08:05
5.228 146.878 768.780 01:08:06
5.224 160.488 838.537 01:08:07
5.228 147.293 771.220 01:08:08
5.192 258.683 1328.293 01:08:09
5.228 204.293 772.683 01:08:10
5.192 257.878 1514.634 01:08:11
5.224 153.878 806.341 01:08:12
5.228 149.098 783.415 01:08:13
5.224 163.780 849.756 01:08:14
5.224 149.976 783.902 01:08:15
5.216 164.390 853.659 01:08:16
5.228 149.976 783.902 01:08:17
5.136 435.049 2250.732 01:08:18
5.228 154.585 807.805 01:08:19
5.228 146.098 771.220 01:08:20
5.224 160.780 840.000 01:08:21
5.228 147.878 771.220 01:08:22
5.224 161.073 841.463 01:08:23
5.228 147.976 771.220 01:08:24
5.140 416.049 2138.537 01:08:25
5.228 151.585 792.195 01:08:26
5.228 146.976 768.293 01:08:27
5.220 161.488 840.000 01:08:28
5.228 147.683 772.683 01:08:29
5.220 161.390 840.000 01:08:30
5.224 147.878 772.683 01:08:31
5.224 161.390 845.366 01:08:32
5.228 147.976 771.220 01:08:33
5.228 147.098 771.220 01:08:35
5.228 150.098 785.854 01:08:36
5.228 149.780 783.902 01:08:37
5.220 163.073 855.122 01:08:38
5.228 149.293 784.878 01:08:39
5.220 165.878 865.366 01:08:40
5.228 149.976 783.415 01:08:41
5.204 225.488 1161.951 01:08:42
5.228 151.683 792.683 01:08:43
5.224 147.390 772.195 01:08:44
5.228 151.780 792.195 01:08:45
5.228 146.878 769.756 01:08:46
5.220 161.073 840.000 01:08:47
5.224 147.390 769.756 01:08:48
5.144 416.171 2301.951 01:08:49
5.228 147.878 771.220 01:08:50
5.228 154.585 771.220 01:08:51
5.224 162.878 790.244 01:08:52
5.228 147.488 771.220 01:08:53
5.220 161.488 842.439 01:08:54
5.228 147.488 772.683 01:08:55
5.220 162.073 843.415 01:08:56
5.228 146.878 772.683 01:08:57
5.224 147.293 767.317 01:08:58
5.224 154.073 804.878 01:08:59
5.228 149.878 783.902 01:09:00
5.184 167.073 872.195 01:09:01
5.228 150.098 783.902 01:09:02
5.220 166.683 873.659 01:09:03
5.228 147.878 771.220 01:09:04
5.192 248.073 1061.463 01:09:05
5.228 151.683 793.659 01:09:06
5.228 147.488 768.293 01:09:07
5.224 160.780 839.024 01:09:08
5.224 147.976 772.683 01:09:09
5.140 408.171 2175.610 01:09:10
5.228 147.585 769.756 01:09:11
5.144 426.561 2298.537 01:09:12
5.232 147.780 772.683 01:09:13
5.228 147.390 768.293 01:09:14
5.224 160.390 837.561 01:09:15
5.224 150.195 783.902 01:09:16
5.224 165.585 863.902 01:09:17
5.228 150.195 783.415 01:09:18
5.160 343.073 1771.707 01:09:19
5.224 164.073 856.098 01:09:20
5.224 149.976 783.902 01:09:21
5.224 160.976 840.000 01:09:22
5.228 147.683 771.220 01:09:23
5.220 162.780 850.244 01:09:24
5.228 147.878 771.220 01:09:25
5.196 286.073 1480.976 01:09:26
5.224 153.976 804.878 01:09:27
5.224 150.098 783.415 01:09:28
5.220 163.683 857.561 01:09:29
5.228 150.195 783.902 01:09:30
5.180 166.195 867.805 01:09:31
5.224 150.195 783.415 01:09:32
5.192 265.878 1539.512 01:09:33
5.228 148.098 772.683 01:09:34
5.228 147.195 768.293 01:09:35
5.216 188.171 991.707 01:09:36
5.228 147.878 772.683 01:09:37
5.224 162.683 850.244 01:09:38
5.224 147.195 769.756 01:09:39
5.128 493.463 2522.439 01:09:40
5.228 147.390 772.683 01:09:41
5.228 147.683 772.683 01:09:42
5.224 160.976 846.341 01:09:43
5.228 147.585 771.220 01:09:44
5.224 161.293 845.366 01:09:45
5.224 199.878 771.220 01:09:46
5.156 382.976 1975.122 01:09:47
5.228 147.976 772.683 01:09:48
5.228 147.585 771.220 01:09:49
5.224 161.683 841.463 01:09:50
5.224 147.878 772.683 01:09:51
5.224 162.878 903.902 01:09:52
5.228 147.780 768.780 01:09:53
5.144 402.561 1922.927 01:09:54
5.228 147.780 772.683 01:09:55
5.228 148.293 774.634 01:09:56
5.224 160.683 838.537 01:09:57
5.228 147.780 772.683 01:09:58
5.224 161.073 840.000 01:09:59
5.228 154.976 1022.439 01:10:00
5.120 447.561 2417.561 01:10:01
5.228 147.878 772.683 01:10:02
5.228 149.098 772.195 01:10:03
5.224 151.390 792.195 01:10:04
5.228 147.683 771.220 01:10:05
5.224 161.585 843.902 01:10:06
5.212 179.293 950.244 01:10:07
5.220 163.878 855.122 01:10:08
5.228 147.683 769.756 01:10:09
5.208 212.683 1103.902 01:10:10
5.224 151.878 792.683 01:10:11
5.228 146.976 768.293 01:10:12
5.224 161.488 840.000 01:10:13
5.228 147.683 772.195 01:10:14
5.220 163.780 856.098 01:10:15
5.228 147.780 772.683 01:10:16
5.152 331.073 2059.512 01:10:17
5.220 149.976 784.878 01:10:18
5.224 149.780 784.878 01:10:19
5.224 160.780 843.902 01:10:20
5.228 147.683 771.220 01:10:21
5.220 196.878 997.561 01:10:22
5.228 147.585 769.756 01:10:23
5.216 163.585 856.585 01:10:24
5.228 147.780 772.683 01:10:25
5.212 199.878 1022.439 01:10:26
5.228 155.293 769.756 01:10:27
5.224 147.585 771.220 01:10:28
5.224 160.585 839.024 01:10:29
5.228 147.683 768.293 01:10:30
5.224 163.390 848.780 01:10:31
5.224 147.878 772.683 01:10:32
5.144 418.268 2127.317 01:10:33
5.228 147.488 768.780 01:10:34
5.228 147.683 782.439 01:10:35
5.220 151.683 793.659 01:10:36
5.228 147.195 772.683 01:10:37
5.220 160.780 840.000 01:10:38
5.224 149.585 953.659 01:10:39
5.228 147.780 772.683 01:10:40
5.196 251.878 1292.195 01:10:41
5.236 123.390 648.780 01:10:42
5.212 149.585 781.463 01:10:43
5.224 155.683 814.634 01:10:44
