5.224 163.000 850.000 06:23:20
5.196 256.195 1330.244 06:23:21
5.224 163.890 1019.756 06:23:22
5.228 154.695 806.341 06:23:23
5.220 234.695 1015.122 06:23:24
5.124 484.561 2381.951 06:23:25
5.224 150.098 780.976 06:23:26
5.228 149.683 784.878 06:23:27
5.228 154.073 808.780 06:23:28
5.224 149.878 779.024 06:23:29
5.220 165.293 864.878 06:23:30
5.224 150.098 781.463 06:23:31
5.120 510.561 2593.659 06:23:32
5.228 150.390 784.878 06:23:33
5.228 149.878 783.902 06:23:34
5.224 164.195 852.683 06:23:35
5.228 149.390 782.439 06:23:36
5.216 165.488 863.902 06:23:37
5.228 203.780 783.902 06:23:38
5.120 506.146 2504.878 06:23:39
5.228 151.683 784.878 06:23:40
5.228 149.585 782.439 06:23:41
5.224 154.293 805.854 06:23:42
5.228 149.878 780.976 06:23:43
5.220 163.878 856.098 06:23:44
5.228 149.293 783.415 06:23:45
5.116 416.561 2479.024 06:23:47
5.224 150.390 783.415 06:23:48
5.228 149.098 780.000 06:23:49
5.224 150.098 786.341 06:23:50
5.228 149.488 783.902 06:23:51
5.220 164.488 857.561 06:23:52
5.228 149.683 783.415 06:23:53
5.120 491.854 2503.415 06:23:54
5.224 150.683 781.463 06:23:55
5.224 149.878 783.902 06:23:56
5.224 156.585 818.537 06:23:57
5.224 151.976 793.659 06:23:58
5.220 163.683 858.537 06:23:59
5.224 149.976 783.902 06:24:00
5.048 515.244 2576.585 06:24:01
5.228 150.683 784.878 06:24:02
5.228 149.683 780.000 06:24:03
5.224 156.488 821.463 06:24:04
5.228 152.585 797.073 06:24:05
5.220 169.073 878.537 06:24:06
5.224 152.390 797.561 06:24:07
5.116 494.463 2463.415 06:24:08
5.224 206.585 785.854 06:24:09
5.208 204.878 792.683 06:24:10
5.224 149.683 785.854 06:24:11
5.192 252.073 1305.366 06:24:12
5.196 243.780 1269.268 06:24:13
5.192 249.683 1309.268 06:24:14
5.220 167.195 871.220 06:24:15
5.224 163.976 785.854 06:24:16
5.196 248.780 1299.512 06:24:17
5.228 150.488 783.902 06:24:18
5.224 150.098 780.976 06:24:19
5.224 163.390 857.561 06:24:20
5.224 151.293 788.780 06:24:21
5.220 232.683 861.463 06:24:22
5.228 152.488 783.902 06:24:23
5.104 499.049 2607.805 06:24:24
5.228 150.098 784.878 06:24:25
5.132 477.561 2150.732 06:24:26
5.224 150.293 785.854 06:24:27
5.224 149.976 783.415 06:24:28
5.224 163.976 856.098 06:24:29
5.228 150.390 783.415 06:24:30
5.220 165.293 862.439 06:24:31
5.228 149.976 786.341 06:24:32
5.220 164.683 861.463 06:24:33
5.228 150.390 784.878 06:24:34
5.228 149.976 783.415 06:24:35
5.228 154.293 807.805 06:24:36
5.224 149.976 783.415 06:24:37
5.160 312.268 1308.293 06:24:38
5.216 149.976 783.902 06:24:39
5.144 444.659 2270.732 06:24:40
5.228 149.878 780.976 06:24:41
5.196 334.171 2018.049 06:24:42
5.228 150.390 781.463 06:24:43
5.224 149.878 784.878 06:24:44
5.220 163.585 855.122 06:24:45
5.224 150.098 786.341 06:24:46
5.124 480.756 2499.024 06:24:47
5.228 150.098 783.902 06:24:48
5.220 164.293 1106.829 06:24:49
5.224 152.488 797.561 06:24:50
5.228 159.683 818.537 06:24:51
5.220 166.585 865.366 06:24:52
5.228 149.976 780.000 06:24:53
5.216 164.390 859.024 06:24:54
5.228 149.488 840.000 06:24:55
5.220 164.976 858.537 06:24:56
5.228 150.293 781.463 06:24:57
5.228 149.878 780.000 06:24:58
5.220 165.488 861.463 06:24:59
5.228 149.683 783.902 06:25:00
5.144 515.756 1766.341 06:25:01
5.224 150.293 784.878 06:25:02
5.120 457.951 2437.073 06:25:03
5.224 163.780 854.146 06:25:04
5.228 150.780 783.902 06:25:05
5.224 163.683 890.244 06:25:06
5.224 150.585 781.463 06:25:07
5.120 491.463 2437.073 06:25:08
5.228 150.195 783.902 06:25:09
5.228 149.878 783.902 06:25:10
5.224 154.683 807.805 06:25:11
5.228 150.878 783.415 06:25:12
5.220 164.780 859.024 06:25:13
5.224 149.976 783.902 06:25:14
5.120 415.049 2167.317 06:25:15
5.224 152.585 797.073 06:25:16
5.204 262.683 1486.341 06:25:17
5.228 156.293 800.000 06:25:18
5.228 151.780 796.098 06:25:19
5.224 166.293 870.244 06:25:20
5.224 152.488 792.195 06:25:21
5.220 165.390 861.463 06:25:22
5.228 149.976 784.878 06:25:23
5.144 417.366 2141.951 06:25:24
5.224 150.878 784.878 06:25:25
5.224 149.878 784.878 06:25:26
5.224 163.390 852.195 06:25:27
5.228 149.878 783.415 06:25:28
5.224 165.878 865.366 06:25:29
5.224 150.488 784.878 06:25:30
5.120 508.659 2427.317 06:25:31
5.228 150.195 784.878 06:25:32
5.228 150.098 780.000 06:25:33
5.224 154.293 804.878 06:25:34
5.224 149.976 783.902 06:25:35
5.220 166.780 871.220 06:25:36
5.228 166.390 780.000 06:25:37
5.176 303.780 1606.341 06:25:38
5.228 150.098 786.341 06:25:39
5.228 150.390 780.976 06:25:40
5.224 164.073 854.146 06:25:41
5.224 150.293 784.878 06:25:42
5.220 164.195 858.537 06:25:43
5.228 150.293 783.902 06:25:44
5.144 419.951 2430.244 06:25:45
5.224 150.195 784.878 06:25:46
5.228 149.976 782.439 06:25:47
5.220 163.780 853.659 06:25:49
5.228 152.293 797.073 06:25:50
5.192 257.073 1334.634 06:25:51
5.228 150.488 786.341 06:25:52
5.136 469.561 2409.756 06:25:53
5.228 150.390 784.878 06:25:54
5.228 149.976 783.415 06:25:55
5.216 191.878 984.878 06:25:56
5.224 149.390 783.415 06:25:57
5.224 165.878 868.780 06:25:58
5.224 150.098 784.878 06:25:59
5.124 440.951 2127.317 06:26:00
5.212 150.780 782.439 06:26:01
5.224 150.780 787.317 06:26:02
5.224 163.390 860.000 06:26:03
5.228 150.488 783.415 06:26:04
5.224 165.683 864.878 06:26:05
5.228 149.878 784.878 06:26:06
5.220 167.780 872.683 06:26:07
5.228 150.390 783.415 06:26:08
5.196 206.585 1051.220 06:26:09
5.228 150.098 786.341 06:26:10
5.228 149.976 783.415 06:26:11
5.220 164.780 856.098 06:26:12
5.228 149.878 783.902 06:26:13
5.220 166.683 867.317 06:26:14
5.228 150.098 783.415 06:26:15
5.140 454.659 2476.585 06:26:16
5.224 150.293 785.854 06:26:17
5.228 150.195 777.073 06:26:18
5.224 156.683 817.561 06:26:19
5.224 152.293 797.073 06:26:20
5.220 169.683 888.780 06:26:21
5.224 150.195 784.878 06:26:22
5.136 415.463 2135.610 06:26:23
5.224 154.293 801.463 06:26:24
5.228 149.976 786.341 06:26:25
5.220 163.976 853.659 06:26:26
5.224 155.878 783.415 06:26:27
5.220 166.073 946.341 06:26:28
5.224 150.098 784.878 06:26:29
5.160 397.951 2308.780 06:26:30
5.228 150.390 901.463 06:26:31
5.224 149.585 784.878 06:26:32
5.228 154.195 810.244 06:26:33
5.228 150.098 783.902 06:26:34
5.220 164.390 856.098 06:26:35
5.216 150.293 784.878 06:26:36
5.124 475.951 2446.341 06:26:37
5.228 153.976 804.878 06:26:38
5.224 183.585 792.195 06:26:39
5.228 155.073 805.854 06:26:40
5.228 149.293 783.415 06:26:41
5.224 164.683 856.585 06:26:42
5.228 150.293 783.902 06:26:43
5.120 484.463 2354.634 06:26:44
5.228 150.195 786.341 06:26:45
5.228 149.976 784.878 06:26:46
5.224 154.293 806.341 06:26:47
5.224 149.293 783.902 06:26:48
5.224 165.488 856.585 06:26:49
5.228 149.195 779.024 06:26:50
5.136 501.146 2563.902 06:26:51
5.228 152.488 797.073 06:26:52
5.204 205.488 1067.805 06:26:53
5.224 152.976 798.537 06:26:54
5.224 152.293 795.122 06:26:55
5.224 166.878 867.317 06:26:56
5.224 152.293 796.098 06:26:57
5.192 254.683 1716.585 06:26:58
5.228 150.098 784.878 06:26:59
5.192 212.488 1047.805 06:27:00
5.208 206.585 1078.049 06:27:01
5.228 151.293 784.878 06:27:02
5.216 164.293 862.439 06:27:03
5.228 150.488 783.415 06:27:04
5.224 166.976 872.195 06:27:05
5.228 150.195 807.805 06:27:06
5.140 389.854 2021.463 06:27:07
5.228 150.098 786.341 06:27:08
5.224 150.780 784.878 06:27:09
5.224 163.585 862.439 06:27:10
5.228 150.585 784.878 06:27:11
5.220 167.683 873.659 06:27:12
5.228 150.293 785.854 06:27:13
5.192 262.780 1676.098 06:27:14
5.228 151.390 791.220 06:27:15
5.228 149.683 790.244 06:27:16
5.224 165.585 853.659 06:27:17
5.228 149.878 781.463 06:27:18
5.224 165.293 860.976 06:27:19
5.228 150.195 785.854 06:27:20
5.220 150.683 787.805 06:27:21
5.224 154.195 806.341 06:27:22
5.228 149.976 784.878 06:27:23
5.220 163.390 857.561 06:27:24
5.228 150.390 785.854 06:27:25
5.220 166.976 868.780 06:27:26
5.228 150.585 792.195 06:27:27
5.172 322.171 1701.463 06:27:28
5.228 150.390 787.317 06:27:29
5.224 150.098 783.415 06:27:30
5.224 163.488 850.244 06:27:31
5.224 150.098 783.415 06:27:32
5.220 165.585 1707.317 06:27:33
5.224 150.390 787.805 06:27:34
5.188 284.780 1447.317 06:27:35
5.228 151.098 788.780 06:27:36
5.216 190.073 964.878 06:27:37
5.212 195.585 915.122 06:27:38
5.228 151.585 823.415 06:27:39
5.168 332.171 2065.366 06:27:40
5.224 152.488 795.122 06:27:41
5.196 350.366 1777.561 06:27:42
5.228 152.585 797.073 06:27:43
5.204 336.073 1256.585 06:27:44
5.228 154.390 806.341 06:27:45
5.228 150.585 783.902 06:27:46
5.220 185.171 863.902 06:27:47
5.228 150.098 784.878 06:27:48
5.120 414.463 2443.902 06:27:49
5.220 163.976 856.098 06:27:50
5.220 163.293 852.195 06:27:51
5.224 202.878 820.976 06:27:52
5.224 149.293 784.878 06:27:53
5.224 154.293 807.317 06:27:54
5.224 152.293 796.098 06:27:56
5.216 254.171 1398.049 06:27:57
5.224 165.878 864.878 06:27:58
5.136 336.878 2150.732 06:27:59
5.220 165.683 857.561 06:28:00
5.180 286.683 1326.829 06:28:01
5.208 216.683 1108.293 06:28:02
5.228 149.976 781.463 06:28:03
5.220 163.976 856.098 06:28:04
5.228 150.293 782.439 06:28:05
5.112 510.049 2580.488 06:28:06
5.228 151.585 784.878 06:28:07
5.212 163.976 856.098 06:28:08
5.228 155.195 806.341 06:28:09
5.224 149.780 783.415 06:28:10
5.228 150.195 787.805 06:28:11
5.224 150.098 783.415 06:28:12
5.220 165.683 865.366 06:28:13
5.220 163.195 852.683 06:28:14
5.172 252.683 1465.854 06:28:15
5.220 166.390 865.366 06:28:16
5.180 256.780 1347.317 06:28:17
5.208 204.878 1061.463 06:28:18
5.220 151.683 793.659 06:28:19
5.224 166.073 868.780 06:28:20
5.220 168.878 854.146 06:28:21
5.220 166.585 932.683 06:28:22
5.228 150.390 783.902 06:28:23
5.168 332.976 1796.585 06:28:24
5.224 154.293 806.341 06:28:25
5.228 149.976 785.854 06:28:26
5.228 155.585 812.195 06:28:27
5.220 162.878 851.220 06:28:28
5.216 165.878 865.366 06:28:29
5.224 150.098 786.341 06:28:30
5.140 333.171 1724.878 06:28:31
5.228 150.390 785.854 06:28:32
5.224 150.098 783.902 06:28:33
5.228 154.585 807.317 06:28:34
5.228 149.293 780.000 06:28:35
5.224 163.585 853.659 06:28:36
5.224 150.098 784.878 06:28:37
5.220 164.976 860.000 06:28:38
5.228 150.585 784.878 06:28:39
5.192 255.683 1508.780 06:28:40
5.228 149.976 787.805 06:28:41
5.228 150.098 782.439 06:28:42
5.220 166.293 867.805 06:28:43
5.228 152.293 796.098 06:28:44
5.216 169.683 882.439 06:28:45
5.224 152.098 796.098 06:28:46
5.168 367.366 1320.488 06:28:47
5.228 149.488 783.902 06:28:48
5.224 149.976 783.902 06:28:49
5.204 156.073 816.098 06:28:50
5.228 150.098 783.902 06:28:51
5.168 338.366 1861.463 06:28:52
5.228 151.293 790.244 06:28:53
5.144 336.268 1737.561 06:28:54
5.228 150.195 784.878 06:28:55
5.220 150.195 782.439 06:28:56
5.224 154.488 806.341 06:28:57
5.228 159.976 783.902 06:28:58
5.224 166.073 863.415 06:28:59
5.224 149.878 779.024 06:29:00
5.120 494.049 2590.244 06:29:01
5.224 149.488 784.878 06:29:02
5.224 149.976 787.805 06:29:03
5.220 163.488 856.098 06:29:04
5.228 150.488 785.854 06:29:05
5.220 163.976 857.561 06:29:06
5.224 150.098 922.439 06:29:07
5.116 491.463 2609.268 06:29:08
5.216 177.878 955.122 06:29:09
5.216 186.390 907.317 06:29:10
5.228 160.878 807.317 06:29:11
5.224 149.878 783.415 06:29:12
5.220 164.195 860.976 06:29:13
5.228 150.098 785.854 06:29:14
5.112 512.439 2588.780 06:29:15
5.228 154.195 804.878 06:29:16
5.228 149.878 783.902 06:29:17
5.224 164.878 855.122 06:29:18
5.228 150.293 780.000 06:29:19
5.224 164.195 858.537 06:29:20
5.228 150.098 783.902 06:29:21
5.120 491.341 2544.878 06:29:22
5.228 150.390 783.902 06:29:23
5.228 149.878 783.902 06:29:24
5.224 150.585 784.878 06:29:25
5.224 152.488 797.073 06:29:26
5.220 166.073 867.317 06:29:27
5.224 152.390 797.073 06:29:28
5.224 170.976 888.780 06:29:29
5.224 152.585 798.537 06:29:30
5.212 309.366 1097.561 06:29:31
5.224 154.878 803.902 06:29:32
5.224 149.293 784.878 06:29:33
5.220 163.976 854.146 06:29:34
5.228 155.683 787.317 06:29:35
5.160 258.585 1674.634 06:29:36
5.224 156.195 781.463 06:29:37
5.196 251.073 1174.634 06:29:38
5.224 154.195 869.756 06:29:39
5.216 191.073 942.439 06:29:40
5.224 163.488 854.146 06:29:41
5.224 150.098 780.976 06:29:42
5.220 172.293 872.195 06:29:43
5.224 154.073 851.220 06:29:44
5.188 298.561 1334.634 06:29:45
5.224 163.585 807.317 06:29:46
5.228 150.195 807.805 06:29:47
5.220 167.073 856.585 06:29:48
5.224 152.585 839.024 06:29:49
5.124 494.341 2500.976 06:29:50
5.224 152.585 798.537 06:29:51
5.208 203.390 1059.024 06:29:52
5.224 156.390 818.537 06:29:53
5.224 153.683 803.415 06:29:54
5.224 165.878 868.780 06:29:55
5.228 150.293 785.854 06:29:56
5.120 470.854 2588.780 06:29:57
5.228 150.293 784.878 06:29:58
5.224 156.585 818.537 06:29:59
5.224 201.878 1056.585 06:30:01
5.228 150.878 787.805 06:30:02
5.220 164.390 861.463 06:30:03
5.228 150.195 783.902 06:30:04
5.224 166.878 870.244 06:30:05
5.228 150.488 783.902 06:30:06
5.192 249.780 1296.585 06:30:07
5.228 150.195 784.878 06:30:08
5.188 210.585 1110.244 06:30:09
5.224 153.878 806.341 06:30:10
5.224 150.098 784.878 06:30:11
5.188 166.585 865.366 06:30:12
5.228 149.976 779.024 06:30:13
5.224 250.171 1349.756 06:30:14
5.224 150.293 778.537 06:30:15
5.220 162.780 856.098 06:30:16
5.220 152.585 798.537 06:30:17
5.224 152.390 795.122 06:30:18
5.224 150.976 784.878 06:30:19
5.224 149.488 783.415 06:30:20
5.144 250.171 867.317 06:30:21
5.228 150.098 786.341 06:30:22
5.224 163.585 856.585 06:30:23
5.228 150.195 787.805 06:30:24
5.208 214.171 1070.732 06:30:25
5.224 150.585 787.317 06:30:26
5.224 149.683 829.756 06:30:27
5.192 251.585 1345.854 06:30:28
5.228 149.488 781.463 06:30:29
5.152 335.463 1807.805 06:30:30
5.228 150.098 783.415 06:30:31
5.220 164.683 1030.244 06:30:32
5.228 150.195 785.854 06:30:33
5.228 150.098 780.976 06:30:34
5.224 154.488 808.780 06:30:35
5.224 152.390 796.098 06:30:36
5.220 253.366 1506.341 06:30:37
5.228 152.293 796.098 06:30:38
5.128 448.146 2403.902 06:30:39
5.228 152.585 796.098 06:30:40
5.208 208.585 1087.805 06:30:41
5.212 176.683 982.927 06:30:42
5.228 149.878 781.463 06:30:43
5.220 163.878 855.122 06:30:44
5.228 149.585 784.878 06:30:45
5.220 166.878 907.805 06:30:46
5.228 152.488 797.561 06:30:47
5.124 494.341 2523.415 06:30:48
5.224 152.683 798.537 06:30:49
5.228 154.780 808.780 06:30:50
5.220 165.976 867.805 06:30:51
5.228 149.976 786.341 06:30:52
5.220 166.390 867.317 06:30:53
5.228 150.293 784.878 06:30:54
5.136 469.049 2532.195 06:30:55
5.228 150.098 784.878 06:30:56
5.220 184.878 1019.024 06:30:57
5.228 154.390 805.854 06:30:58
5.228 149.976 783.415 06:30:59
5.224 164.073 855.122 06:31:00
5.224 164.390 792.683 06:31:01
5.136 494.756 2504.878 06:31:02
5.224 204.390 797.073 06:31:03
5.208 208.390 1071.707 06:31:04
5.224 160.195 785.854 06:31:05
5.224 150.098 820.976 06:31:06
5.224 163.976 857.561 06:31:07
5.224 149.976 783.902 06:31:08
5.220 166.488 868.780 06:31:09
5.224 149.976 784.878 06:31:10
5.124 418.171 2160.976 06:31:11
5.224 154.073 803.902 06:31:12
5.224 149.390 784.878 06:31:13
5.224 163.683 857.561 06:31:14
5.228 150.488 783.902 06:31:15
5.220 165.976 869.756 06:31:16
5.228 150.195 784.878 06:31:17
5.132 409.561 2000.488 06:31:18
5.224 149.780 784.878 06:31:19
5.228 231.585 1090.244 06:31:20
5.204 150.098 782.439 06:31:21
5.224 149.780 784.878 06:31:22
5.224 163.683 855.122 06:31:23
5.228 150.195 784.878 06:31:24
5.124 478.463 2455.122 06:31:25
5.228 149.780 783.902 06:31:26
5.176 309.171 1641.463 06:31:27
5.224 150.390 785.854 06:31:28
5.228 149.976 783.902 06:31:29
5.228 163.683 856.098 06:31:30
5.224 149.976 783.902 06:31:31
5.192 268.463 1319.512 06:31:32
5.224 150.195 784.878 06:31:33
5.128 492.244 2472.683 06:31:34
5.228 150.488 785.854 06:31:35
5.228 150.195 783.415 06:31:36
5.220 163.683 853.659 06:31:37
5.228 149.976 783.902 06:31:38
5.196 256.171 868.780 06:31:39
5.228 150.488 784.878 06:31:40
5.192 316.561 1369.756 06:31:41
5.228 154.293 807.317 06:31:42
5.224 149.293 783.902 06:31:43
5.220 166.293 872.683 06:31:44
5.224 152.390 796.098 06:31:45
5.192 188.293 1053.171 06:31:46
5.224 151.878 797.073 06:31:47
5.216 186.390 994.146 06:31:48
5.224 156.488 818.537 06:31:49
5.228 152.488 797.073 06:31:50
5.220 166.683 868.780 06:31:51
5.228 152.488 794.634 06:31:52
5.112 508.341 2598.537 06:31:53
5.224 152.585 797.073 06:31:54
5.204 215.683 1119.512 06:31:55
5.224 154.293 806.341 06:31:56
5.224 149.780 783.415 06:31:57
5.224 164.683 858.537 06:31:58
5.228 149.976 787.805 06:31:59
5.144 465.244 2429.756 06:32:00
5.228 150.293 786.341 06:32:01
5.204 216.585 1129.268 06:32:02
5.224 150.293 786.341 06:32:03
5.228 149.683 791.220 06:32:04
5.224 163.488 855.122 06:32:06
5.228 150.098 784.878 06:32:07
5.220 165.878 863.415 06:32:08
5.228 149.488 785.854 06:32:09
5.164 332.268 1722.439 06:32:10
5.228 149.488 786.341 06:32:11
5.152 354.976 1093.171 06:32:12
5.228 154.293 806.341 06:32:13
5.228 150.195 783.415 06:32:14
5.220 165.976 866.341 06:32:15
5.228 150.195 784.878 06:32:16
5.192 420.659 1566.341 06:32:17
5.228 150.195 781.463 06:32:18
5.212 199.683 1017.561 06:32:19
5.228 150.293 782.439 06:32:20
5.228 150.390 783.415 06:32:21
5.220 163.780 856.098 06:32:22
5.224 149.390 783.415 06:32:23
5.196 253.780 1715.122 06:32:24
5.224 150.098 784.878 06:32:25
5.188 271.268 1355.610 06:32:26
5.224 152.195 807.805 06:32:27
5.212 217.073 1052.683 06:32:28
5.224 164.780 854.146 06:32:29
5.224 151.488 886.341 06:32:30
5.156 252.780 1373.659 06:32:31
5.228 150.098 1073.171 06:32:32
5.176 308.463 1599.024 06:32:33
5.228 150.293 785.854 06:32:34
5.220 163.073 853.659 06:32:35
5.228 153.195 800.000 06:32:36
5.228 152.293 797.073 06:32:37
5.220 166.585 868.780 06:32:38
5.224 152.488 797.073 06:32:39
5.116 491.049 2620.000 06:32:40
5.224 152.488 797.073 06:32:41
5.224 152.585 795.122 06:32:42
5.220 163.390 858.537 06:32:43
5.208 202.780 1058.049 06:32:44
5.220 166.195 868.780 06:32:45
5.224 150.293 784.878 06:32:46
5.156 354.561 1748.780 06:32:47
5.228 152.488 798.537 06:32:48
5.224 152.195 797.073 06:32:49
5.220 164.390 856.098 06:32:50
5.224 155.390 816.098 06:32:51
5.220 165.976 866.341 06:32:52
5.228 150.098 784.878 06:32:53
5.176 308.073 1594.634 06:32:54
5.224 154.585 812.195 06:32:55
5.228 154.585 806.341 06:32:56
5.224 166.488 868.780 06:32:57
5.224 206.390 798.537 06:32:58
5.224 166.195 867.317 06:32:59
5.208 211.976 1181.951 06:33:00
5.148 453.049 2576.098 06:33:01
5.228 150.780 780.976 06:33:02
5.228 151.098 780.976 06:33:03
5.228 154.976 807.317 06:33:04
5.228 150.390 786.341 06:33:05
5.220 165.488 1001.463 06:33:06
5.224 149.878 783.902 06:33:07
5.120 506.463 2533.659 06:33:08
5.228 150.293 1028.780 06:33:09
5.208 223.171 1214.146 06:33:10
5.228 154.195 804.878 06:33:11
5.224 150.488 783.902 06:33:12
5.220 163.390 855.122 06:33:13
5.224 163.488 852.683 06:33:14
5.220 166.683 1320.488 06:33:15
5.220 166.073 866.341 06:33:16
5.176 278.878 1444.390 06:33:17
5.224 157.195 821.463 06:33:18
5.228 152.390 796.098 06:33:19
5.224 163.878 860.976 06:33:20
5.224 162.878 855.122 06:33:21
5.196 253.268 1300.488 06:33:22
5.228 250.683 798.537 06:33:23
5.124 433.854 1826.341 06:33:24
5.224 152.488 793.659 06:33:25
5.228 149.293 783.902 06:33:26
5.224 163.488 852.683 06:33:27
5.228 150.293 783.415 06:33:28
5.220 164.073 859.024 06:33:29
5.220 163.073 855.122 06:33:30
5.120 506.463 2498.537 06:33:31
5.224 157.390 820.976 06:33:32
5.228 149.780 783.902 06:33:33
5.228 150.488 785.854 06:33:34
5.228 150.195 784.878 06:33:35
5.220 163.683 855.122 06:33:36
5.228 149.683 784.878 06:33:37
5.220 175.683 1759.024 06:33:38
5.224 185.585 814.634 06:33:39
5.160 295.780 1570.732 06:33:40
5.208 217.171 1161.951 06:33:41
5.228 149.878 784.878 06:33:42
5.224 163.976 853.659 06:33:43
5.228 149.878 1052.683 06:33:44
5.172 345.976 1418.049 06:33:45
5.228 150.488 785.854 06:33:46
5.160 346.561 1769.268 06:33:47
5.224 156.073 812.195 06:33:48
5.224 149.976 784.878 06:33:49
5.220 163.585 859.024 06:33:50
5.224 149.878 784.878 06:33:51
5.224 166.780 865.366 06:33:52
5.224 149.976 781.463 06:33:53
5.204 230.976 1173.171 06:33:54
5.224 150.585 784.878 06:33:55
5.228 149.390 783.415 06:33:56
5.220 164.073 858.537 06:33:57
5.228 166.488 783.902 06:33:58
5.152 252.366 869.756 06:33:59
5.212 151.976 791.220 06:34:00
5.164 424.463 2120.488 06:34:01
5.228 151.195 791.220 06:34:02
5.224 149.293 788.780 06:34:03
5.224 154.488 808.780 06:34:04
5.224 150.195 787.317 06:34:06
5.216 163.585 856.585 06:34:07
5.228 150.098 784.878 06:34:08
5.140 418.366 2183.415 06:34:09
5.228 152.585 796.098 06:34:10
5.192 309.171 1558.537 06:34:11
5.228 150.683 786.341 06:34:12
5.228 150.585 784.878 06:34:13
5.224 163.878 854.146 06:34:14
5.224 149.976 784.878 06:34:15
5.224 166.293 867.317 06:34:16
5.228 150.976 789.756 06:34:17
5.168 330.171 1733.659 06:34:18
5.228 151.098 1031.707 06:34:19
5.192 272.683 1625.854 06:34:20
5.208 198.390 829.756 06:34:21
5.224 149.585 783.415 06:34:22
5.220 163.878 859.024 06:34:23
5.228 149.390 797.073 06:34:24
5.168 335.976 1737.561 06:34:25
5.228 150.293 786.341 06:34:26
5.156 358.171 1742.439 06:34:27
5.224 152.976 798.537 06:34:28
5.228 152.390 797.073 06:34:29
5.224 157.195 832.195 06:34:30
5.224 152.585 797.073 06:34:31
5.196 263.073 1556.098 06:34:32
5.212 149.976 782.439 06:34:33
5.148 406.171 2267.317 06:34:34
5.224 197.390 785.854 06:34:35
5.200 287.780 1322.927 06:34:36
5.228 150.488 1067.805 06:34:37
5.228 149.976 783.902 06:34:38
5.224 164.390 860.000 06:34:39
5.228 149.195 780.976 06:34:40
5.192 266.878 1314.634 06:34:41
5.228 149.390 786.341 06:34:42
5.208 264.463 1416.098 06:34:43
5.228 150.780 784.878 06:34:44
5.228 149.976 783.902 06:34:45
5.224 163.780 857.561 06:34:46
5.228 149.878 784.878 06:34:47
5.220 270.366 1317.073 06:34:48
5.228 149.585 786.341 06:34:49
5.208 293.073 1513.659 06:34:50
5.224 150.390 785.854 06:34:51
5.228 149.976 780.000 06:34:52
5.220 164.195 878.537 06:34:53
5.228 150.098 780.000 06:34:54
5.216 165.976 865.366 06:34:55
5.224 159.585 784.878 06:34:56
5.120 466.146 2562.927 06:34:57
5.228 150.293 783.415 06:34:58
5.224 149.976 787.805 06:34:59
5.224 154.195 806.341 06:35:00
5.204 152.488 803.415 06:35:01
5.220 166.878 869.756 06:35:02
5.228 149.488 789.756 06:35:03
5.180 304.878 1767.317 06:35:04
5.224 154.195 805.854 06:35:05
5.224 150.098 784.878 06:35:06
5.224 164.780 860.000 06:35:07
5.228 150.195 784.878 06:35:08
5.192 325.366 1306.829 06:35:09
5.208 150.195 784.878 06:35:10
5.176 158.780 828.780 06:35:11
5.228 154.390 806.341 06:35:12
5.228 150.195 783.415 06:35:13
5.220 163.878 856.585 06:35:14
5.224 149.488 785.854 06:35:15
5.192 307.659 1301.951 06:35:16
5.228 150.195 780.976 06:35:17
5.140 418.951 2083.415 06:35:18
5.228 150.098 786.341 06:35:19
5.228 150.098 783.415 06:35:20
5.220 163.683 856.585 06:35:21
5.216 172.976 904.878 06:35:22
5.220 192.488 866.341 06:35:23
5.228 150.293 787.317 06:35:24
5.124 480.146 2363.415 06:35:25
5.228 150.195 787.317 06:35:26
5.228 149.976 786.341 06:35:27
5.224 154.293 806.341 06:35:28
5.228 150.195 783.902 06:35:29
5.220 163.780 858.537 06:35:30
5.232 149.976 784.878 06:35:31
5.216 166.683 873.659 06:35:32
5.228 150.390 783.415 06:35:33
5.188 277.366 1685.366 06:35:34
5.228 150.683 784.878 06:35:35
5.228 149.878 784.878 06:35:36
5.224 166.976 874.146 06:35:37
5.220 188.683 907.805 06:35:38
5.156 324.366 1756.585 06:35:39
5.228 150.195 783.902 06:35:40
5.196 212.488 1076.585 06:35:41
5.224 156.878 876.098 06:35:42
5.228 152.878 795.122 06:35:43
5.224 163.878 856.585 06:35:44
5.228 150.195 780.000 06:35:45
5.220 165.585 863.902 06:35:46
5.228 150.195 784.878 06:35:47
5.224 149.878 823.902 06:35:48
5.224 154.390 807.805 06:35:49
5.224 150.488 786.341 06:35:50
5.224 164.683 860.000 06:35:51
5.228 150.195 783.902 06:35:52
5.172 331.659 1706.341 06:35:53
5.208 151.488 781.463 06:35:54
5.204 270.268 794.634 06:35:55
5.228 154.293 806.341 06:35:56
5.224 207.976 780.000 06:35:57
5.216 163.780 856.585 06:35:58
5.228 149.976 784.878 06:35:59
5.216 371.976 879.024 06:36:00
5.228 150.976 783.902 06:36:01
5.224 151.976 803.415 06:36:02
5.224 154.195 802.439 06:36:03
5.224 149.878 784.878 06:36:04
5.220 163.878 855.122 06:36:05
5.228 149.878 781.463 06:36:06
5.220 167.585 874.146 06:36:07
5.228 150.488 784.878 06:36:09
5.192 206.268 1070.244 06:36:10
5.224 152.878 797.561 06:36:11
5.224 152.683 796.098 06:36:12
5.220 170.585 870.244 06:36:13
5.224 153.683 796.098 06:36:14
5.192 273.171 1392.195 06:36:15
5.224 150.098 783.415 06:36:16
5.192 277.171 1226.829 06:36:17
5.228 149.683 786.341 06:36:18
5.224 149.878 783.902 06:36:19
5.220 163.878 857.561 06:36:20
5.224 149.976 780.000 06:36:21
5.220 166.293 871.220 06:36:22
5.228 149.390 781.463 06:36:23
5.156 380.463 1928.780 06:36:24
5.228 150.390 791.220 06:36:25
5.228 149.976 780.976 06:36:26
5.224 163.976 856.585 06:36:27
5.228 150.195 784.878 06:36:28
5.192 253.780 1300.488 06:36:29
5.228 149.585 783.415 06:36:30
5.120 497.756 2509.756 06:36:31
5.228 150.488 784.878 06:36:32
5.224 149.976 779.024 06:36:33
5.220 165.780 863.902 06:36:34
5.224 152.390 794.634 06:36:35
5.220 168.976 882.439 06:36:36
5.224 152.488 796.098 06:36:37
5.120 494.756 2603.902 06:36:38
5.224 150.293 783.415 06:36:39
5.228 149.878 780.000 06:36:40
5.224 157.878 823.902 06:36:41
5.228 149.683 785.854 06:36:42
5.224 163.780 860.976 06:36:43
5.224 149.878 783.415 06:36:44
5.112 492.561 2484.878 06:36:45
5.228 150.293 786.341 06:36:46
5.196 207.878 791.220 06:36:47
5.224 163.683 855.122 06:36:48
5.228 150.390 785.854 06:36:49
5.224 165.780 865.366 06:36:50
5.224 152.780 798.537 06:36:51
5.148 423.268 2177.073 06:36:52
5.228 152.780 799.024 06:36:53
5.204 216.390 1116.585 06:36:54
5.224 156.585 817.561 06:36:55
5.224 150.195 786.341 06:36:56
5.220 163.878 859.024 06:36:57
5.224 149.878 783.902 06:36:58
5.220 167.390 871.220 06:36:59
5.228 151.585 792.195 06:37:00
5.160 167.195 1390.732 06:37:01
5.220 156.390 816.585 06:37:02
5.224 152.390 798.537 06:37:03
5.220 165.976 865.366 06:37:04
5.224 152.585 796.098 06:37:05
5.220 164.683 861.463 06:37:06
5.228 150.878 787.805 06:37:07
5.224 150.195 784.878 06:37:08
5.228 152.683 798.537 06:37:09
5.208 230.780 832.683 06:37:10
5.220 166.488 867.317 06:37:11
5.228 152.488 798.537 06:37:12
5.120 485.244 2503.415 06:37:13
5.224 149.098 783.902 06:37:14
5.228 150.098 784.878 06:37:15
5.224 154.195 806.341 06:37:16
5.228 215.171 1141.951 06:37:17
5.220 164.390 858.537 06:37:18
5.224 149.976 783.902 06:37:19
5.220 167.293 872.195 06:37:20
5.224 150.488 785.854 06:37:21
5.132 504.049 2472.195 06:37:22
5.228 150.293 786.341 06:37:23
5.228 150.390 785.854 06:37:24
5.224 154.195 807.805 06:37:25
5.224 156.683 820.000 06:37:26
5.220 165.976 865.366 06:37:27
5.224 150.195 784.878 06:37:28
5.152 405.268 2085.854 06:37:29
5.228 149.976 784.878 06:37:30
5.224 163.195 850.244 06:37:31
5.224 163.390 854.146 06:37:32
5.228 151.683 1101.951 06:37:33
5.220 163.683 858.537 06:37:34
5.208 204.073 1062.927 06:37:35
5.224 166.683 950.244 06:37:36
5.224 149.390 786.341 06:37:37
5.172 338.463 1822.439 06:37:38
5.228 150.293 784.878 06:37:39
5.228 149.683 783.415 06:37:40
5.220 163.390 854.146 06:37:41
5.224 157.390 817.561 06:37:42
5.220 166.293 864.878 06:37:43
5.228 150.195 784.878 06:37:44
5.108 475.146 2516.585 06:37:45
5.224 150.293 785.854 06:37:46
5.228 150.098 785.854 06:37:47
5.228 154.488 806.341 06:37:48
5.224 163.585 852.683 06:37:49
5.224 163.878 856.098 06:37:50
5.220 168.878 881.463 06:37:51
5.120 484.561 2503.415 06:37:52
5.224 149.585 784.878 06:37:53
5.228 150.195 784.878 06:37:54
5.228 154.195 803.415 06:37:55
5.228 150.098 784.878 06:37:56
5.220 163.683 855.122 06:37:57
5.224 157.073 822.439 06:37:58
5.224 165.878 1214.146 06:37:59
5.228 150.195 786.341 06:38:00
5.176 276.463 1413.659 06:38:01
5.224 155.293 805.854 06:38:02
5.220 163.780 855.122 06:38:03
5.212 164.195 856.098 06:38:04
5.208 200.488 1046.829 06:38:05
5.212 167.585 868.780 06:38:06
5.224 151.098 793.659 06:38:07
5.180 371.756 1879.024 06:38:08
5.228 152.488 793.659 06:38:09
5.228 152.390 796.098 06:38:10
5.224 167.195 865.366 06:38:11
5.224 152.390 792.195 06:38:12
5.216 169.293 883.902 06:38:13
5.220 158.976 830.244 06:38:14
5.120 543.951 2625.366 06:38:15
5.224 153.878 804.878 06:38:16
5.228 150.195 783.415 06:38:18
5.224 154.073 805.854 06:38:19
5.228 149.585 784.878 06:38:20
5.224 164.073 856.098 06:38:21
5.216 184.293 960.488 06:38:22
5.220 179.488 2134.634 06:38:23
5.212 202.683 1056.585 06:38:24
5.196 312.976 1400.488 06:38:25
5.228 150.390 785.854 06:38:26
5.228 150.098 785.854 06:38:27
5.224 163.780 854.146 06:38:28
5.224 155.585 814.634 06:38:29
5.220 250.366 1394.634 06:38:30
5.220 163.390 852.683 06:38:31
5.120 398.268 2131.707 06:38:32
5.224 154.073 803.902 06:38:33
5.228 149.878 783.415 06:38:34
5.224 154.293 806.341 06:38:35
5.224 149.488 783.902 06:38:36
5.220 165.390 859.024 06:38:37
5.220 164.293 857.561 06:38:38
5.124 462.756 2165.366 06:38:39
5.196 473.146 2507.805 06:38:40
5.224 149.390 783.415 06:38:41
5.224 154.488 806.341 06:38:42
5.224 151.195 791.220 06:38:43
5.224 163.683 859.024 06:38:44
5.224 163.073 852.683 06:38:45
5.172 253.073 1323.415 06:38:46
5.200 179.195 818.537 06:38:47
5.224 209.488 1117.561 06:38:48
5.220 160.976 1145.366 06:38:49
5.228 150.195 783.415 06:38:50
5.224 163.780 858.537 06:38:51
5.228 150.195 785.854 06:38:52
5.144 364.976 1302.927 06:38:53
5.224 151.878 872.195 06:38:54
5.140 224.585 1181.463 06:38:55
5.208 218.683 1130.732 06:38:56
5.224 154.488 816.098 06:38:57
5.220 164.488 855.122 06:38:58
5.228 149.976 786.341 06:38:59
5.220 166.293 867.805 06:39:00
5.220 164.878 860.976 06:39:01
5.196 248.585 1292.195 06:39:02
5.224 154.878 807.317 06:39:03
5.228 149.976 781.463 06:39:04
5.224 182.585 852.683 06:39:05
5.228 149.585 783.415 06:39:06
5.168 326.976 1277.073 06:39:07
5.228 207.585 1061.951 06:39:08
5.152 330.878 2005.366 06:39:09
5.224 150.195 786.341 06:39:10
5.204 223.488 1226.829 06:39:11
5.220 164.488 860.000 06:39:12
5.228 149.780 789.756 06:39:13
5.212 165.878 866.341 06:39:14
5.228 152.585 797.073 06:39:15
5.152 386.366 1924.390 06:39:16
5.224 152.683 798.537 06:39:17
5.224 166.390 869.756 06:39:18
5.228 153.293 798.537 06:39:19
5.228 149.976 787.317 06:39:20
5.204 225.268 1164.390 06:39:21
5.228 159.780 785.854 06:39:22
5.224 178.585 867.317 06:39:23
5.228 149.976 782.439 06:39:24
5.224 166.683 1006.341 06:39:25
5.224 151.878 797.561 06:39:26
5.164 274.073 1418.049 06:39:27
5.196 218.878 1203.415 06:39:28
5.220 152.683 797.073 06:39:29
5.220 319.366 1308.293 06:39:30
5.228 150.098 784.878 06:39:31
5.124 460.854 1719.024 06:39:32
5.216 183.683 1000.000 06:39:33
5.196 264.171 2031.707 06:39:34
5.228 150.098 786.341 06:39:35
5.228 152.195 795.122 06:39:36
5.224 157.195 822.439 06:39:37
5.228 152.878 797.073 06:39:38
5.168 342.659 1811.220 06:39:39
5.228 152.488 795.122 06:39:40
5.152 347.268 1787.805 06:39:41
5.224 152.488 798.537 06:39:42
5.168 334.976 1726.341 06:39:43
5.224 152.976 798.537 06:39:44
5.228 152.390 796.098 06:39:45
5.224 155.073 807.805 06:39:46
5.224 149.976 780.976 06:39:47
5.220 164.488 860.000 06:39:48
5.216 233.488 961.463 06:39:49
5.196 247.171 1284.390 06:39:50
5.228 150.293 787.317 06:39:51
5.220 151.585 783.415 06:39:52
5.228 154.390 806.341 06:39:53
5.216 181.390 944.878 06:39:54
5.192 166.293 868.780 06:39:55
5.228 150.098 784.878 06:39:56
5.116 415.854 2172.195 06:39:57
5.228 150.878 784.878 06:39:58
5.228 149.878 783.902 06:39:59
5.216 359.366 820.976 06:40:00
5.220 156.390 822.439 06:40:01
5.224 164.585 852.683 06:40:02
5.228 159.293 792.683 06:40:03
5.188 281.878 1466.829 06:40:04
5.224 149.488 787.805 06:40:05
5.204 215.488 1069.268 06:40:06
5.228 154.195 807.805 06:40:07
5.228 152.293 796.098 06:40:08
5.220 167.585 868.780 06:40:09
5.224 149.878 786.341 06:40:10
5.192 263.780 1280.976 06:40:11
5.228 150.488 784.878 06:40:12
5.180 472.366 2393.659 06:40:13
5.228 152.683 797.073 06:40:14
5.228 152.390 796.098 06:40:15
5.224 166.488 871.220 06:40:16
5.224 152.390 796.098 06:40:17
5.220 170.585 891.707 06:40:18
5.228 153.098 797.073 06:40:19
5.116 493.244 2539.024 06:40:20
5.228 150.293 783.415 06:40:21
5.228 150.098 783.415 06:40:22
5.228 154.195 805.854 06:40:23
5.228 150.585 787.317 06:40:24
5.224 166.585 870.244 06:40:25
5.228 150.195 784.878 06:40:26
5.120 482.659 2368.780 06:40:28
5.224 150.195 786.341 06:40:29
5.228 150.293 783.902 06:40:30
5.220 163.878 858.537 06:40:31
5.228 150.098 785.854 06:40:32
5.224 164.878 856.585 06:40:33
5.228 150.098 784.878 06:40:34
5.220 168.073 876.098 06:40:35
5.228 150.293 785.854 06:40:36
5.192 267.268 1387.317 06:40:37
5.224 154.488 807.317 06:40:38
5.228 149.976 781.463 06:40:39
5.224 163.585 859.024 06:40:40
5.220 150.098 780.976 06:40:41
5.196 253.780 1528.780 06:40:42
5.212 152.585 799.024 06:40:43
5.168 276.171 1473.171 06:40:44
5.224 156.488 818.537 06:40:45
5.216 184.390 936.098 06:40:46
5.224 162.878 855.122 06:40:47
5.224 150.488 783.902 06:40:48
5.176 263.073 1327.317 06:40:49
5.228 150.585 903.902 06:40:50
5.188 259.976 1397.073 06:40:51
5.224 154.585 807.805 06:40:52
5.228 150.098 780.976 06:40:53
5.224 164.683 853.659 06:40:54
5.224 150.293 786.341 06:40:55
5.220 165.878 873.659 06:40:56
5.228 150.390 785.854 06:40:57
5.192 250.683 1278.537 06:40:58
5.224 152.488 797.073 06:40:59
5.224 152.390 794.634 06:41:00
5.216 175.390 902.927 06:41:01
5.224 150.488 783.902 06:41:02
5.220 166.390 866.341 06:41:03
5.228 150.098 783.415 06:41:04
5.120 499.146 2528.780 06:41:05
5.224 154.073 805.854 06:41:06
5.228 150.195 783.415 06:41:07
5.220 163.780 853.659 06:41:08
5.228 150.098 780.976 06:41:09
5.220 166.780 866.341 06:41:10
5.228 149.585 784.878 06:41:11
5.120 476.561 2466.341 06:41:12
5.228 150.585 786.341 06:41:13
5.228 150.293 786.341 06:41:14
5.220 200.293 859.024 06:41:15
5.228 149.780 784.878 06:41:16
5.220 166.073 870.244 06:41:17
5.228 159.390 781.463 06:41:18
5.116 486.561 2482.439 06:41:19
5.224 150.390 785.854 06:41:20
5.228 149.976 780.000 06:41:21
5.224 153.683 807.805 06:41:22
5.228 149.585 783.902 06:41:23
5.220 170.585 872.195 06:41:24
5.228 152.390 797.073 06:41:25
5.168 296.683 1304.390 06:41:26
5.228 152.683 797.561 06:41:27
5.172 315.561 1605.854 06:41:28
5.228 149.780 783.415 06:41:29
5.228 149.976 782.439 06:41:30
5.224 164.073 858.537 06:41:31
5.228 150.098 882.439 06:41:32
5.212 165.073 860.976 06:41:33
5.224 150.098 785.854 06:41:34
5.120 500.951 2442.439 06:41:35
5.228 149.976 785.854 06:41:36
5.224 149.683 783.902 06:41:37
5.220 157.073 820.976 06:41:38
5.224 149.390 780.976 06:41:39
5.220 165.683 870.244 06:41:40
5.224 150.098 783.902 06:41:41
5.120 499.463 2555.122 06:41:42
5.228 150.195 784.878 06:41:43
5.224 149.878 783.415 06:41:44
5.220 164.683 854.146 06:41:45
5.228 150.195 801.463 06:41:46
5.224 163.878 860.000 06:41:47
5.224 150.098 784.878 06:41:48
5.124 486.049 2485.854 06:41:49
5.224 154.073 804.878 06:41:50
5.208 202.976 1058.049 06:41:51
5.224 154.488 807.805 06:41:52
5.228 150.195 784.878 06:41:53
5.220 163.976 856.098 06:41:54
5.228 150.195 777.561 06:41:55
5.220 167.195 876.098 06:41:56
5.228 167.293 784.878 06:41:57
5.160 312.976 1854.146 06:41:58
5.228 154.976 810.244 06:41:59
5.228 149.780 782.439 06:42:00
5.220 163.390 854.146 06:42:01
5.228 150.976 788.780 06:42:02
5.220 169.073 880.976 06:42:03
5.224 152.390 797.073 06:42:04
5.204 220.780 1147.805 06:42:05
5.224 152.683 798.537 06:42:06
5.192 245.878 1294.146 06:42:07
5.224 163.585 853.659 06:42:08
5.224 150.488 783.902 06:42:09
5.196 252.585 1304.390 06:42:10
5.228 149.683 782.439 06:42:11
5.204 306.366 1592.195 06:42:12
5.224 152.488 797.073 06:42:13
5.224 159.780 834.634 06:42:14
5.224 157.683 823.415 06:42:15
5.228 152.488 795.122 06:42:16
5.220 160.780 837.561 06:42:17
5.228 152.488 797.073 06:42:18
5.140 461.756 2409.756 06:42:19
5.224 154.073 803.902 06:42:20
5.196 204.780 1203.415 06:42:21
5.212 190.585 1052.683 06:42:22
5.212 203.780 1185.854 06:42:23
5.220 165.195 866.341 06:42:24
5.228 151.878 791.220 06:42:25
5.224 165.780 867.317 06:42:26
5.228 151.488 788.780 06:42:27
5.144 395.561 2152.195 06:42:28
5.224 154.073 803.902 06:42:29
5.224 156.683 820.976 06:42:30
5.220 163.488 855.122 06:42:31
5.224 149.976 783.415 06:42:32
5.224 157.293 820.976 06:42:33
5.228 163.195 852.683 06:42:34
5.124 477.366 2459.024 06:42:35
5.228 152.488 797.073 06:42:36
5.224 153.390 801.463 06:42:37
5.228 150.293 786.341 06:42:38
5.208 214.390 1121.951 06:42:39
5.228 150.683 789.756 06:42:40
5.224 150.098 781.463 06:42:41
5.192 256.366 1306.829 06:42:42
5.228 150.488 786.341 06:42:43
5.120 481.463 2463.415 06:42:44
5.224 152.585 797.073 06:42:45
5.220 158.976 829.756 06:42:46
5.224 170.488 866.341 06:42:47
5.224 152.488 797.073 06:42:48
5.112 510.341 2630.244 06:42:49
5.228 150.488 783.415 06:42:50
5.152 391.561 2010.732 06:42:51
5.228 150.195 787.317 06:42:52
5.224 151.683 792.683 06:42:53
5.224 154.488 806.341 06:42:54
5.208 248.171 1300.976 06:42:55
5.220 168.780 880.000 06:42:56
5.224 152.488 796.098 06:42:58
5.200 251.878 1278.049 06:42:59
5.224 150.390 787.805 06:43:00
5.220 151.488 791.220 06:43:01
5.224 149.878 800.976 06:43:02
5.228 154.195 805.854 06:43:03
5.224 167.390 873.659 06:43:04
5.228 150.195 783.902 06:43:05
5.168 382.561 1950.244 06:43:06
5.228 150.293 780.976 06:43:07
5.176 293.366 1533.171 06:43:08
5.228 153.585 785.854 06:43:09
5.224 151.293 792.683 06:43:10
5.224 163.293 853.659 06:43:11
5.212 201.073 1051.220 06:43:12
5.220 164.293 1579.512 06:43:13
5.228 150.098 780.000 06:43:14
5.224 164.073 859.024 06:43:15
5.224 149.488 786.341 06:43:16
5.208 198.683 1269.268 06:43:17
5.224 150.488 783.415 06:43:18
5.224 156.390 818.537 06:43:19
5.224 163.585 859.024 06:43:20
5.228 150.488 832.683 06:43:21
5.224 167.488 877.561 06:43:22
5.228 152.390 796.098 06:43:23
5.112 505.341 2585.366 06:43:24
5.224 152.780 798.537 06:43:25
5.228 152.195 796.098 06:43:26
5.220 163.585 856.585 06:43:27
5.204 227.268 1181.951 06:43:28
5.220 165.878 865.366 06:43:29
5.228 150.585 783.902 06:43:30
5.164 341.366 2472.683 06:43:31
5.224 149.976 785.854 06:43:32
5.224 163.878 980.488 06:43:33
5.220 163.780 855.122 06:43:34
5.212 208.878 1228.293 06:43:35
5.224 163.683 858.537 06:43:36
5.208 208.073 1112.683 06:43:37
5.220 166.488 873.659 06:43:38
5.228 152.976 795.122 06:43:39
5.152 358.366 1794.146 06:43:40
5.228 152.585 797.073 06:43:41
5.208 205.780 1085.366 06:43:42
5.228 155.878 815.122 06:43:43
5.208 202.293 1030.244 06:43:44
5.228 150.780 787.805 06:43:45
5.224 150.098 784.878 06:43:46
5.196 249.976 1294.146 06:43:47
5.228 150.390 786.341 06:43:48
5.148 362.976 2081.951 06:43:49
5.224 155.073 810.244 06:43:50
5.224 153.976 804.878 06:43:51
5.224 163.683 853.659 06:43:52
5.228 150.585 782.439 06:43:53
5.192 251.488 1325.366 06:43:54
5.228 150.293 953.659 06:43:55
5.188 238.488 1194.634 06:43:56
5.224 150.293 785.854 06:43:57
5.224 156.585 818.537 06:43:58
5.224 156.780 819.024 06:43:59
5.208 234.268 1146.341 06:44:00
5.168 331.463 2070.732 06:44:01
5.224 151.878 792.195 06:44:02
5.124 415.854 2173.171 06:44:03
5.228 150.195 786.341 06:44:04
5.212 163.780 1474.634 06:44:05
5.228 150.195 783.902 06:44:06
5.204 287.366 1098.049 06:44:07
5.224 164.390 854.146 06:44:08
5.224 149.878 784.878 06:44:09
5.220 165.293 856.585 06:44:10
5.228 149.488 785.854 06:44:11
5.220 164.195 856.585 06:44:12
5.224 163.976 856.585 06:44:13
5.224 165.488 864.878 06:44:14
5.220 163.390 856.585 06:44:15
5.164 337.171 1733.659 06:44:16
5.220 165.780 867.317 06:44:17
5.228 150.195 786.341 06:44:18
5.172 336.073 1721.463 06:44:19
5.224 149.488 783.415 06:44:20
5.144 250.171 1294.146 06:44:21
5.224 150.585 785.854 06:44:22
5.220 163.878 852.683 06:44:23
5.224 149.683 787.805 06:44:24
5.228 149.488 784.878 06:44:25
5.224 152.098 797.073 06:44:26
5.228 150.390 785.854 06:44:27
5.164 337.659 1798.049 06:44:28
5.224 150.098 783.902 06:44:29
5.164 338.976 1731.707 06:44:30
5.228 152.488 797.073 06:44:31
5.188 251.780 1314.634 06:44:32
5.228 156.683 819.024 06:44:33
5.224 152.390 797.073 06:44:34
5.220 156.390 816.585 06:44:35
5.228 150.195 784.878 06:44:36
5.220 179.976 858.537 06:44:37
5.228 150.098 785.854 06:44:38
5.196 265.976 1305.854 06:44:39
5.228 150.195 1115.610 06:44:40
5.204 226.390 946.341 06:44:41
5.224 154.976 896.098 06:44:42
5.224 149.878 781.463 06:44:43
5.220 165.390 863.415 06:44:44
5.228 150.098 784.878 06:44:45
5.120 500.561 2510.244 06:44:46
5.228 150.390 783.415 06:44:47
5.192 255.366 1325.854 06:44:48
5.224 150.293 783.415 06:44:49
5.228 149.488 785.854 06:44:50
5.220 165.683 921.463 06:44:51
5.228 150.098 783.415 06:44:52
5.196 251.366 1290.732 06:44:53
5.224 150.195 784.878 06:44:54
5.224 164.976 950.244 06:44:55
5.228 149.683 784.878 06:44:56
5.228 150.098 783.415 06:44:57
5.220 163.878 854.146 06:44:58
5.228 149.878 783.902 06:44:59
5.216 263.268 1632.195 06:45:00
5.224 153.878 803.902 06:45:01
5.196 246.780 1274.146 06:45:02
5.228 152.585 798.537 06:45:03
5.224 153.585 795.122 06:45:04
5.216 191.293 995.122 06:45:05
5.224 149.878 780.000 06:45:06
5.224 164.780 860.976 06:45:07
5.228 152.488 797.073 06:45:08
5.144 414.268 1759.024 06:45:09
5.224 152.683 797.073 06:45:10
5.176 276.073 1466.829 06:45:11
5.224 153.683 806.341 06:45:12
5.224 150.195 781.463 06:45:13
5.220 164.585 856.098 06:45:14
5.228 149.976 783.415 06:45:15
5.224 166.293 872.195 06:45:16
5.224 150.390 783.415 06:45:17
5.192 287.878 1292.195 06:45:18
5.228 150.098 787.805 06:45:19
5.224 149.683 783.415 06:45:20
5.224 163.878 852.683 06:45:21
5.224 150.098 786.341 06:45:22
5.200 255.780 1314.634 06:45:23
5.228 151.488 801.463 06:45:25
5.120 333.878 1871.220 06:45:26
5.228 152.780 798.537 06:45:27
5.224 152.195 795.122 06:45:28
5.224 156.488 819.024 06:45:29
5.224 152.293 795.122 06:45:30
5.216 166.488 868.780 06:45:31
5.224 150.098 783.902 06:45:32
5.116 509.854 2612.683 06:45:33
5.224 150.293 784.878 06:45:34
5.228 150.098 786.341 06:45:35
5.220 163.488 854.146 06:45:36
5.224 149.976 785.854 06:45:37
5.224 164.195 855.122 06:45:38
5.228 150.293 783.415 06:45:39
5.112 513.951 2444.878 06:45:40
5.224 149.488 784.878 06:45:41
5.228 149.098 779.024 06:45:42
5.228 150.488 786.341 06:45:43
5.228 149.390 784.878 06:45:44
5.220 163.683 855.122 06:45:45
5.224 149.390 784.878 06:45:46
5.144 404.171 2306.829 06:45:47
5.228 150.195 780.976 06:45:48
5.224 150.878 1022.927 06:45:49
5.220 154.293 806.341 06:45:50
5.228 149.293 784.878 06:45:51
5.224 163.878 856.098 06:45:52
5.224 150.098 784.878 06:45:53
5.124 492.659 2520.976 06:45:54
5.228 150.293 786.341 06:45:55
5.180 253.976 1301.951 06:45:56
5.224 157.293 823.415 06:45:57
5.224 152.390 795.122 06:45:58
5.224 166.195 867.805 06:45:59
5.224 152.683 795.122 06:46:00
5.140 414.951 2133.171 06:46:01
5.224 152.585 797.561 06:46:02
5.180 288.976 1446.829 06:46:03
5.228 151.293 791.220 06:46:04
5.220 150.780 789.756 06:46:05
5.224 163.780 854.146 06:46:06
5.228 150.195 783.415 06:46:07
5.160 330.171 1293.171 06:46:08
5.224 198.976 784.878 06:46:09
5.164 340.171 1720.000 06:46:10
5.228 150.878 787.805 06:46:11
5.224 149.195 783.902 06:46:12
5.224 163.683 859.024 06:46:13
5.228 150.195 780.976 06:46:14
5.220 168.878 880.976 06:46:15
5.224 152.488 797.073 06:46:16
5.164 338.561 1736.585 06:46:17
5.228 150.195 786.341 06:46:18
5.228 149.878 783.902 06:46:19
5.220 163.976 853.659 06:46:20
5.228 150.098 784.878 06:46:21
5.220 165.878 863.415 06:46:22
5.228 150.098 788.780 06:46:23
5.112 502.561 2571.220 06:46:24
5.228 150.098 784.878 06:46:25
5.228 150.585 875.122 06:46:26
5.224 156.878 816.585 06:46:27
5.228 152.878 795.122 06:46:28
5.220 166.976 867.805 06:46:29
5.224 152.293 795.122 06:46:30
5.216 170.390 889.756 06:46:31
5.224 150.195 784.878 06:46:32
5.224 151.488 791.220 06:46:33
5.228 154.195 806.341 06:46:34
5.228 150.293 777.073 06:46:35
5.224 163.683 858.537 06:46:36
5.228 150.195 785.854 06:46:37
5.196 251.488 874.146 06:46:38
5.228 150.293 785.854 06:46:39
5.208 205.488 1056.585 06:46:40
5.228 150.488 783.415 06:46:41
5.224 149.878 783.415 06:46:42
5.208 196.390 1024.390 06:46:43
5.220 175.195 894.146 06:46:44
5.224 166.488 872.195 06:46:45
5.228 149.488 783.902 06:46:46
5.160 358.171 1863.902 06:46:47
5.220 150.488 782.439 06:46:48
5.224 154.195 778.537 06:46:49
5.224 163.585 854.146 06:46:50
5.228 149.878 784.878 06:46:51
5.204 223.683 1167.805 06:46:52
5.228 149.585 784.878 06:46:53
5.228 149.976 781.463 06:46:54
5.224 154.488 806.341 06:46:55
5.224 149.488 783.415 06:46:56
5.220 163.878 861.463 06:46:57
5.224 150.195 781.463 06:46:58
5.116 444.854 2556.585 06:46:59
5.228 152.488 1074.146 06:47:00
5.192 278.073 1364.390 06:47:01
5.224 186.585 831.220 06:47:02
5.224 149.976 785.854 06:47:03
5.224 163.585 856.098 06:47:04
5.228 150.878 787.805 06:47:05
5.220 166.780 872.195 06:47:06
5.224 149.488 784.878 06:47:07
5.140 422.049 2169.268 06:47:08
5.228 150.293 784.878 06:47:09
5.228 150.098 780.000 06:47:10
5.204 249.171 849.756 06:47:11
5.212 198.488 783.415 06:47:12
5.160 360.854 2147.317 06:47:13
5.224 149.780 787.317 06:47:14
5.132 485.049 2489.756 06:47:15
5.224 150.390 784.878 06:47:16
5.224 150.098 784.878 06:47:17
5.224 154.585 807.317 06:47:18
5.228 150.195 782.439 06:47:19
5.220 166.073 870.244 06:47:20
5.228 160.683 840.000 06:47:21
5.120 488.146 2407.317 06:47:22
5.228 150.390 786.341 06:47:23
5.228 148.976 784.878 06:47:24
5.224 154.390 807.805 06:47:25
5.228 150.976 786.341 06:47:26
5.220 163.585 856.585 06:47:27
5.228 150.098 784.878 06:47:28
5.196 213.171 877.561 06:47:29
5.216 182.780 999.024 06:47:30
5.212 201.585 1046.341 06:47:31
5.228 150.585 786.341 06:47:32
5.228 149.878 784.878 06:47:33
5.220 165.976 873.659 06:47:34
5.224 152.488 797.073 06:47:35
5.220 166.293 869.756 06:47:36
5.224 150.098 780.976 06:47:37
5.156 443.659 2210.732 06:47:38
5.224 150.293 789.756 06:47:39
5.228 150.585 787.805 06:47:40
5.224 154.390 807.317 06:47:41
5.224 150.390 783.902 06:47:42
5.224 173.488 870.244 06:47:43
5.228 150.098 784.878 06:47:44
5.116 470.049 2410.244 06:47:45
5.228 150.195 782.439 06:47:46
5.228 150.098 783.415 06:47:47
5.228 157.878 819.024 06:47:48
5.228 149.585 784.878 06:47:49
5.192 334.976 1820.488 06:47:50
5.224 152.488 797.561 06:47:51
5.168 306.683 1278.537 06:47:52
5.224 152.488 798.537 06:47:53
5.204 215.073 1121.951 06:47:54
5.224 156.585 818.537 06:47:55
5.228 152.780 800.000 06:47:56
5.224 163.780 858.537 06:47:57
5.228 150.098 777.073 06:47:59
5.212 164.976 863.902 06:48:00
5.208 218.390 1072.683 06:48:01
5.168 334.756 1722.439 06:48:02
5.228 150.390 783.415 06:48:03
5.228 150.098 782.439 06:48:04
5.216 154.390 807.317 06:48:05
5.224 150.390 780.976 06:48:06
5.220 165.585 866.341 06:48:07
5.228 150.976 787.317 06:48:08
5.164 337.366 2220.976 06:48:09
5.224 149.098 779.024 06:48:10
5.188 333.073 1730.244 06:48:11
5.224 150.488 786.341 06:48:12
5.224 149.976 783.415 06:48:13
5.224 164.390 853.659 06:48:14
5.228 150.683 784.878 06:48:15
5.224 166.488 867.805 06:48:16
5.228 150.293 783.902 06:48:17
5.120 476.244 2550.244 06:48:18
5.224 150.683 786.341 06:48:19
5.224 149.976 783.415 06:48:20
5.224 163.780 858.537 06:48:21
5.228 150.195 785.854 06:48:22
5.220 166.195 863.902 06:48:23
5.228 150.195 784.878 06:48:24
5.132 446.366 2100.488 06:48:25
5.224 150.293 786.341 06:48:26
5.224 150.098 782.439 06:48:27
5.224 157.073 819.024 06:48:28
5.228 149.780 780.000 06:48:29
5.220 166.780 868.780 06:48:30
5.228 152.488 796.098 06:48:31
5.124 470.951 2460.000 06:48:32
5.224 150.293 785.854 06:48:33
5.224 150.098 783.415 06:48:34
5.224 164.073 856.585 06:48:35
5.228 160.878 780.000 06:48:36
5.220 163.878 859.024 06:48:37
5.224 149.683 782.439 06:48:38
5.220 198.780 872.195 06:48:39
5.228 150.098 783.902 06:48:40
5.204 217.268 1523.415 06:48:41
5.224 150.585 783.415 06:48:42
5.228 149.683 781.463 06:48:43
5.224 163.976 856.585 06:48:44
5.224 159.073 831.220 06:48:45
5.220 164.585 863.415 06:48:46
5.224 150.293 781.463 06:48:47
5.176 450.659 2511.220 06:48:48
5.228 150.390 786.341 06:48:49
5.228 150.098 779.024 06:48:50
5.224 154.683 807.317 06:48:51
5.228 150.098 783.902 06:48:52
5.212 166.293 867.805 06:48:53
5.224 150.098 784.878 06:48:54
5.128 469.756 2481.463 06:48:55
5.228 150.195 786.341 06:48:56
5.224 149.976 780.000 06:48:57
5.220 164.683 857.561 06:48:58
5.228 150.293 783.902 06:48:59
5.224 165.488 1002.439 06:49:00
5.228 150.976 793.659 06:49:01
5.116 494.463 2581.463 06:49:02
5.228 151.098 789.756 06:49:03
5.228 151.390 791.220 06:49:04
5.220 165.390 863.902 06:49:05
5.224 152.390 797.073 06:49:06
5.212 207.683 1081.463 06:49:07
5.224 149.976 783.902 06:49:08
5.168 437.366 1757.561 06:49:09
5.224 150.195 784.878 06:49:10
5.136 484.463 2179.512 06:49:11
5.224 150.390 784.878 06:49:12
5.224 149.780 783.415 06:49:13
5.224 164.073 852.683 06:49:14
5.224 150.195 784.878 06:49:15
5.176 249.780 1289.268 06:49:16
5.228 152.293 793.659 06:49:17
5.164 383.171 1979.024 06:49:18
5.224 152.585 797.073 06:49:19
5.224 152.780 797.073 06:49:20
5.224 162.976 852.683 06:49:21
5.224 149.780 783.415 06:49:22
5.220 176.976 860.976 06:49:23
5.228 150.098 780.976 06:49:24
5.112 494.561 2516.585 06:49:25
5.228 150.488 786.341 06:49:26
5.224 149.878 779.024 06:49:27
5.220 161.390 843.902 06:49:28
5.228 150.195 784.878 06:49:29
5.220 163.976 860.000 06:49:30
5.224 150.195 785.854 06:49:31
5.132 489.049 2448.780 06:49:32
5.228 149.488 785.854 06:49:33
5.228 211.585 1099.024 06:49:34
5.228 154.293 806.341 06:49:35
5.228 149.976 783.902 06:49:36
5.224 163.585 857.561 06:49:37
5.228 149.293 784.878 06:49:38
5.176 167.780 874.146 06:49:39
5.224 150.195 784.878 06:49:40
5.184 255.976 1338.537 06:49:41
5.228 152.488 799.024 06:49:42
5.224 152.585 797.073 06:49:43
5.220 166.488 867.317 06:49:44
5.228 152.390 797.073 06:49:45
5.192 169.780 900.976 06:49:46
5.228 152.780 795.122 06:49:47
5.156 388.073 1863.902 06:49:48
5.228 154.073 805.854 06:49:49
5.228 149.780 784.878 06:49:50
5.224 164.683 854.146 06:49:51
5.228 148.683 784.878 06:49:52
5.224 166.780 866.341 06:49:53
5.224 150.098 784.878 06:49:54
5.124 461.756 2329.756 06:49:55
5.224 150.098 785.854 06:49:56
5.228 149.878 784.878 06:49:57
5.220 164.195 856.585 06:49:58
5.228 150.195 784.878 06:49:59
5.176 262.268 1361.951 06:50:00
5.228 150.390 783.415 06:50:01
5.164 411.171 1854.146 06:50:02
5.224 150.098 784.878 06:50:03
5.224 149.878 783.902 06:50:04
5.228 154.293 803.415 06:50:05
5.228 150.098 783.902 06:50:06
5.220 164.073 859.024 06:50:07
5.224 150.098 784.878 06:50:08
5.112 421.951 2280.000 06:50:09
5.228 150.098 790.244 06:50:10
5.228 149.976 780.000 06:50:11
5.224 154.195 808.780 06:50:12
5.220 150.293 783.415 06:50:13
5.220 176.390 856.585 06:50:14
5.228 149.780 783.902 06:50:15
5.140 424.171 2180.488 06:50:16
5.228 150.195 786.341 06:50:17
5.156 389.171 1878.049 06:50:18
5.224 150.293 786.341 06:50:19
5.224 149.683 783.902 06:50:20
5.220 163.683 856.098 06:50:21
5.228 149.488 783.415 06:50:23
5.212 166.976 1108.293 06:50:24
5.228 151.195 787.805 06:50:25
5.180 348.878 1268.293 06:50:26
5.224 150.293 785.854 06:50:27
5.228 173.488 782.439 06:50:28
5.224 154.488 807.317 06:50:29
5.224 157.390 822.439 06:50:30
5.220 165.585 864.878 06:50:31
5.224 149.683 785.854 06:50:32
5.108 467.659 2341.951 06:50:33
5.224 150.585 782.439 06:50:34
5.144 409.366 2085.366 06:50:35
5.224 150.390 785.854 06:50:36
5.228 149.683 783.415 06:50:37
5.224 163.780 856.098 06:50:38
5.228 150.390 780.000 06:50:39
5.224 165.878 868.780 06:50:40
5.224 150.098 784.878 06:50:41
5.120 483.049 2473.659 06:50:42
5.224 150.293 784.878 06:50:43
5.228 149.976 784.878 06:50:44
5.220 165.488 819.024 06:50:45
5.224 152.293 794.634 06:50:46
5.220 168.878 881.463 06:50:47
5.224 152.780 795.122 06:50:48
5.100 544.439 2638.049 06:50:49
5.220 154.390 806.341 06:50:50
5.224 157.878 824.878 06:50:51
5.220 163.683 859.024 06:50:52
5.228 149.976 787.805 06:50:53
5.172 251.683 1305.854 06:50:54
5.228 150.390 786.341 06:50:55
5.176 324.268 1672.195 06:50:56
5.224 152.195 793.659 06:50:57
5.224 152.488 795.122 06:50:58
5.224 166.073 871.220 06:50:59
5.228 152.488 797.073 06:51:00
5.220 170.488 887.317 06:51:01
5.224 151.878 793.659 06:51:02
5.144 402.951 2431.220 06:51:03
5.228 150.683 787.805 06:51:04
5.228 150.098 780.976 06:51:05
5.224 156.585 807.317 06:51:06
5.228 150.585 786.341 06:51:07
5.200 167.878 876.098 06:51:08
5.228 150.195 784.878 06:51:09
5.140 425.561 2304.878 06:51:10
5.228 150.293 785.854 06:51:11
5.212 199.293 1035.610 06:51:12
5.224 154.073 809.756 06:51:13
5.228 149.976 780.976 06:51:14
5.224 164.073 860.000 06:51:15
5.228 150.098 784.878 06:51:16
5.220 168.780 873.659 06:51:17
5.228 149.878 787.317 06:51:18
5.140 422.268 2155.610 06:51:19
5.212 178.585 980.488 06:51:20
5.228 150.195 783.902 06:51:21
5.224 154.390 805.854 06:51:22
5.228 150.195 782.439 06:51:23
5.224 163.585 860.000 06:51:24
5.228 150.098 784.878 06:51:25
5.140 482.366 2472.195 06:51:26
5.228 201.878 797.073 06:51:27
5.208 201.171 1080.000 06:51:28
5.224 157.195 816.585 06:51:29
5.228 155.073 797.073 06:51:30
5.224 164.683 855.122 06:51:31
5.228 150.780 802.439 06:51:32
5.220 166.976 866.341 06:51:33
5.224 149.780 787.317 06:51:34
5.140 435.756 2162.927 06:51:35
5.224 150.390 786.341 06:51:36
5.224 149.878 784.878 06:51:37
5.228 156.878 875.122 06:51:38
5.228 149.878 784.878 06:51:39
5.224 166.195 865.366 06:51:40
5.228 150.390 783.902 06:51:41
5.116 497.244 2507.805 06:51:42
5.228 151.488 791.220 06:51:43
5.224 150.976 788.780 06:51:44
5.224 152.683 798.537 06:51:45
5.224 152.390 797.073 06:51:46
5.224 166.390 870.244 06:51:47
5.228 150.195 784.878 06:51:48
5.220 166.780 868.780 06:51:49
5.216 185.585 967.805 06:51:50
5.192 290.976 1510.732 06:51:51
5.228 150.390 785.854 06:51:52
5.228 149.488 785.854 06:51:53
5.220 163.878 861.463 06:51:54
5.228 150.195 792.195 06:51:55
5.224 167.195 873.659 06:51:56
5.224 150.098 784.878 06:51:57
5.140 412.854 2275.610 06:51:58
5.228 150.488 785.854 06:51:59
5.228 150.683 793.659 06:52:00
5.220 169.878 855.122 06:52:01
5.224 150.195 784.878 06:52:02
5.220 176.488 921.463 06:52:03
5.228 150.390 786.341 06:52:04
5.172 343.976 1727.317 06:52:05
5.228 150.390 786.341 06:52:06
5.224 149.976 783.902 06:52:07
5.220 163.976 852.195 06:52:08
5.228 150.098 784.878 06:52:09
5.164 333.756 1706.341 06:52:10
5.208 152.683 832.683 06:52:11
5.160 378.756 1323.415 06:52:12
5.228 152.585 797.073 06:52:13
5.228 152.293 795.122 06:52:14
5.228 156.585 819.024 06:52:15
5.228 152.390 792.683 06:52:16
5.224 166.780 863.902 06:52:17
5.228 149.976 784.878 06:52:18
5.128 406.561 2133.171 06:52:19
5.228 150.098 783.902 06:52:20
5.224 149.390 782.439 06:52:21
5.224 154.293 806.341 06:52:22
5.228 149.878 780.976 06:52:23
5.220 164.195 857.561 06:52:24
5.228 150.585 797.073 06:52:25
5.220 167.683 878.537 06:52:26
5.224 150.195 872.195 06:52:27
5.228 214.268 1080.000 06:52:28
5.228 150.293 785.854 06:52:29
5.228 149.878 783.415 06:52:30
5.220 163.976 856.585 06:52:31
5.228 149.780 784.878 06:52:32
5.168 340.659 1306.829 06:52:33
5.224 152.585 797.073 06:52:34
5.200 273.268 846.341 06:52:35
5.228 152.780 798.537 06:52:36
5.224 152.390 797.073 06:52:37
5.220 166.683 870.244 06:52:38
5.224 152.293 797.073 06:52:39
5.192 279.073 1297.073 06:52:40
5.224 150.098 832.195 06:52:41
5.200 359.561 1777.561 06:52:42
5.224 154.585 1123.902 06:52:43
5.204 227.171 1400.488 06:52:44
5.224 153.976 808.780 06:52:45
5.228 149.976 785.854 06:52:46
5.168 327.171 2082.927 06:52:47
5.224 150.195 1074.146 06:52:48
5.108 474.146 2335.122 06:52:49
5.228 150.293 784.878 06:52:50
5.228 149.878 783.415 06:52:51
5.216 163.195 852.195 06:52:52
5.224 149.780 784.878 06:52:54
5.212 184.073 865.366 06:52:55
5.224 150.195 784.878 06:52:56
5.116 456.463 2373.659 06:52:57
5.224 152.585 798.537 06:52:58
5.204 227.780 1247.805 06:52:59
5.220 165.976 871.220 06:53:00
5.224 152.488 797.073 06:53:01
5.192 262.780 1309.268 06:53:02
5.228 149.390 783.415 06:53:03
5.164 412.268 2120.488 06:53:04
5.224 150.390 784.878 06:53:05
5.224 163.073 854.146 06:53:06
5.228 150.488 786.341 06:53:07
5.228 174.976 792.683 06:53:08
5.224 154.073 806.341 06:53:09
5.228 149.488 786.341 06:53:10
5.124 421.561 2136.585 06:53:11
5.228 150.390 781.463 06:53:12
5.172 275.073 1336.098 06:53:13
5.228 165.488 806.341 06:53:14
5.212 209.976 1044.390 06:53:15
5.220 163.780 855.122 06:53:16
5.228 150.195 783.902 06:53:17
5.196 165.585 1031.220 06:53:18
5.224 149.976 783.902 06:53:19
5.168 393.073 2190.732 06:53:20
5.228 154.073 803.902 06:53:21
5.224 166.976 850.244 06:53:22
5.228 150.585 789.756 06:53:23
5.224 150.098 783.902 06:53:24
5.220 163.780 855.122 06:53:25
5.228 149.976 784.878 06:53:26
5.220 165.585 870.244 06:53:27
5.220 174.293 934.146 06:53:28
5.200 205.268 1048.780 06:53:29
5.224 150.488 786.341 06:53:30
5.220 157.390 819.024 06:53:31
5.224 163.390 856.098 06:53:32
5.224 150.098 784.878 06:53:33
5.204 221.268 1139.512 06:53:34
5.228 149.976 784.878 06:53:35
5.124 347.976 1750.244 06:53:36
5.224 152.390 796.098 06:53:37
5.208 204.293 1081.463 06:53:38
5.224 165.780 786.341 06:53:39
5.228 149.878 783.415 06:53:40
5.220 164.683 856.098 06:53:41
5.228 149.585 783.415 06:53:42
5.140 394.561 1720.000 06:53:43
5.224 150.293 784.878 06:53:44
5.184 217.683 1439.512 06:53:45
5.224 154.390 806.341 06:53:46
5.172 214.585 1117.561 06:53:47
5.220 163.195 856.585 06:53:48
5.224 150.195 783.902 06:53:49
5.220 165.293 858.537 06:53:50
5.228 149.683 784.878 06:53:51
5.132 499.756 2531.220 06:53:52
5.228 150.293 785.854 06:53:53
5.224 157.073 818.537 06:53:54
5.220 163.293 899.024 06:53:55
5.228 150.195 784.878 06:53:56
5.188 270.171 873.659 06:53:57
5.224 149.780 784.878 06:53:58
5.156 405.561 1832.683 06:53:59
5.224 154.195 804.878 06:54:00
5.228 152.488 909.756 06:54:01
5.220 154.390 807.805 06:54:02
5.208 218.780 1142.927 06:54:03
5.220 171.585 864.878 06:54:04
5.224 150.195 787.317 06:54:05
5.196 166.195 864.878 06:54:06
5.228 149.976 785.854 06:54:07
5.228 149.878 784.878 06:54:08
5.224 154.195 804.878 06:54:09
5.224 154.195 804.878 06:54:10
5.220 163.585 854.146 06:54:11
5.224 149.390 784.878 06:54:12
5.208 166.976 870.244 06:54:13
5.224 150.293 784.878 06:54:14
5.196 214.780 1115.122 06:54:15
5.228 150.390 782.439 06:54:16
5.220 151.488 791.220 06:54:17
5.224 164.585 861.463 06:54:18
5.200 237.976 1173.171 06:54:19
5.196 264.366 1442.439 06:54:20
5.228 169.293 782.439 06:54:21
5.172 337.268 1901.463 06:54:22
5.224 150.293 783.415 06:54:23
5.228 150.683 780.976 06:54:24
5.224 155.585 812.683 06:54:25
5.224 155.488 813.659 06:54:26
5.220 164.195 853.659 06:54:27
5.224 149.488 784.878 06:54:28
5.160 279.073 1448.293 06:54:29
5.228 149.878 783.415 06:54:30
5.228 149.878 783.415 06:54:31
5.228 150.488 786.341 06:54:32
5.228 158.780 783.415 06:54:33
5.220 165.073 865.366 06:54:34
5.204 219.780 1142.927 06:54:35
5.168 425.951 2096.585 06:54:36
5.224 149.878 780.000 06:54:37
5.176 306.683 1567.317 06:54:38
5.228 150.195 785.854 06:54:39
5.224 149.293 784.878 06:54:40
5.224 163.683 872.683 06:54:41
5.224 153.976 803.902 06:54:42
5.224 166.073 867.317 06:54:43
5.224 150.293 785.854 06:54:44
5.112 432.268 2217.073 06:54:45
5.224 154.683 797.561 06:54:46
5.228 152.585 797.073 06:54:47
5.220 166.073 866.341 06:54:48
5.224 156.780 817.561 06:54:49
5.220 165.780 868.780 06:54:50
5.224 149.976 780.000 06:54:51
5.120 503.756 2525.366 06:54:52
5.228 150.293 784.878 06:54:53
5.228 149.195 784.878 06:54:54
5.228 150.390 785.854 06:54:55
5.228 151.585 792.195 06:54:56
5.220 163.683 856.585 06:54:57
5.196 164.195 857.561 06:54:58
5.220 166.585 867.317 06:54:59
5.220 150.098 960.488 06:55:00
5.188 277.683 1416.098 06:55:01
5.224 154.195 808.780 06:55:02
5.228 151.098 784.878 06:55:03
5.224 163.683 856.098 06:55:04
5.208 201.293 1058.049 06:55:05
5.144 412.171 2118.537 06:55:06
5.208 214.683 1118.049 06:55:07
5.140 338.878 1750.244 06:55:08
5.224 156.488 815.122 06:55:09
5.224 153.098 800.976 06:55:10
5.220 163.488 854.146 06:55:11
5.228 150.293 784.878 06:55:12
5.188 249.073 1696.585 06:55:13
5.220 157.073 1137.073 06:55:14
5.152 379.463 1904.390 06:55:15
5.228 150.195 785.854 06:55:16
5.228 162.073 1054.146 06:55:17
5.196 195.780 862.439 06:55:18
5.212 150.293 786.341 06:55:20
5.212 188.976 984.878 06:55:21
5.192 251.366 1305.366 06:55:22
5.220 208.171 1319.512 06:55:23
5.196 215.976 1070.244 06:55:24
5.228 149.780 786.341 06:55:25
5.224 150.293 783.415 06:55:26
5.220 163.195 852.683 06:55:27
5.220 167.878 872.195 06:55:28
5.224 152.683 797.561 06:55:29
5.220 224.780 883.902 06:55:30
5.224 160.073 831.220 06:55:31
5.208 207.390 1129.268 06:55:32
5.224 150.293 836.585 06:55:33
5.228 149.878 786.341 06:55:34
5.220 164.488 856.585 06:55:35
5.228 150.293 784.878 06:55:36
5.192 166.585 1031.707 06:55:37
5.220 155.585 808.780 06:55:38
5.220 230.683 1185.854 06:55:39
5.208 203.976 1057.561 06:55:40
5.228 149.976 786.341 06:55:41
5.220 163.585 858.537 06:55:42
5.224 150.293 785.854 06:55:43
5.224 166.683 869.756 06:55:44
5.224 149.780 786.341 06:55:45
5.124 476.951 2418.537 06:55:46
5.224 156.878 855.122 06:55:47
5.228 149.976 783.902 06:55:48
5.224 150.488 786.341 06:55:49
5.224 166.293 864.878 06:55:50
5.220 166.390 871.220 06:55:51
5.224 154.293 805.854 06:55:52
5.136 483.561 2472.195 06:55:53
5.224 157.390 822.439 06:55:54
5.224 157.488 820.976 06:55:55
5.224 149.683 784.878 06:55:56
5.224 150.098 784.878 06:55:57
5.224 165.878 866.341 06:55:58
5.224 150.098 784.878 06:55:59
5.168 400.854 1762.439 06:56:00
5.228 150.488 786.341 06:56:01
5.124 464.244 2473.659 06:56:02
5.208 215.488 1119.512 06:56:03
5.228 148.976 779.024 06:56:04
5.224 154.488 806.341 06:56:05
5.228 149.488 786.341 06:56:06
5.220 163.683 856.098 06:56:07
5.228 150.293 784.878 06:56:08
5.172 255.073 1307.317 06:56:09
5.224 154.195 806.341 06:56:10
5.208 296.683 1517.561 06:56:11
5.224 150.390 785.854 06:56:12
5.224 149.195 779.024 06:56:13
5.220 163.683 855.122 06:56:14
5.228 149.390 787.805 06:56:15
5.220 175.293 869.756 06:56:16
5.228 150.488 785.854 06:56:17
5.144 378.171 2474.634 06:56:18
5.164 225.878 1196.585 06:56:19
5.224 150.488 784.878 06:56:20
5.220 163.488 859.024 06:56:21
5.220 152.390 797.561 06:56:22
5.216 166.878 867.317 06:56:23
5.224 162.293 797.073 06:56:24
5.164 254.585 1318.537 06:56:25
5.204 219.488 1141.951 06:56:26
5.200 216.585 1127.805 06:56:27
5.224 154.293 806.341 06:56:28
5.228 150.293 785.854 06:56:29
5.220 163.683 859.024 06:56:30
5.224 150.098 785.854 06:56:31
5.176 288.073 1278.537 06:56:32
5.224 150.195 781.463 06:56:33
5.224 149.878 783.415 06:56:34
5.220 157.195 982.439 06:56:35
5.228 149.585 783.415 06:56:36
5.220 166.293 865.366 06:56:37
5.228 150.098 784.878 06:56:38
5.124 496.951 2540.976 06:56:39
5.224 150.195 784.878 06:56:40
5.228 149.976 784.878 06:56:41
5.224 150.878 787.805 06:56:42
5.228 151.098 781.463 06:56:43
5.220 164.976 860.000 06:56:44
5.228 150.293 784.878 06:56:45
5.176 280.780 872.683 06:56:46
5.228 151.683 796.098 06:56:47
5.188 270.683 1443.415 06:56:48
5.224 153.098 799.024 06:56:49
5.224 152.390 796.098 06:56:50
5.212 168.585 882.439 06:56:51
5.224 152.293 797.561 06:56:52
5.192 273.780 1498.537 06:56:53
5.228 150.585 785.854 06:56:54
5.192 224.976 856.585 06:56:55
5.224 150.195 784.878 06:56:56
5.228 149.878 783.902 06:56:57
5.220 163.780 856.585 06:56:58
5.224 150.098 784.878 06:56:59
5.188 250.366 1309.756 06:57:00
5.228 151.390 789.756 06:57:01
5.192 477.951 2458.537 06:57:02
5.228 150.293 786.341 06:57:03
5.224 149.585 783.415 06:57:04
5.224 178.976 808.780 06:57:05
5.228 149.293 784.878 06:57:06
5.220 166.293 864.878 06:57:07
5.228 150.098 783.415 06:57:08
5.120 469.659 2401.463 06:57:09
5.224 149.976 784.878 06:57:10
5.228 149.488 783.415 06:57:11
5.224 154.195 806.341 06:57:12
5.228 149.878 784.878 06:57:13
5.220 164.488 859.024 06:57:14
5.228 149.976 783.902 06:57:15
5.120 487.341 2578.537 06:57:16
5.224 152.488 797.561 06:57:17
5.228 149.878 783.415 06:57:18
5.224 154.293 806.341 06:57:19
5.228 150.488 783.415 06:57:20
5.216 164.585 856.585 06:57:21
5.228 150.098 784.878 06:57:22
5.144 424.756 2184.878 06:57:23
5.224 150.390 785.854 06:57:24
5.228 149.976 780.976 06:57:25
5.220 163.780 853.659 06:57:26
5.228 150.195 784.878 06:57:27
5.224 165.073 863.415 06:57:28
5.224 150.293 781.463 06:57:29
5.160 361.463 1845.366 06:57:30
5.228 154.195 803.902 06:57:31
5.220 152.390 783.415 06:57:32
5.212 199.976 1062.927 06:57:33
5.228 149.878 783.902 06:57:34
5.220 166.488 864.878 06:57:35
5.224 150.293 785.854 06:57:36
5.164 341.073 1760.000 06:57:37
5.224 150.390 785.854 06:57:38
5.228 149.098 779.024 06:57:39
5.224 163.488 854.146 06:57:40
5.228 149.976 783.415 06:57:41
5.224 165.073 860.000 06:57:42
5.228 150.780 784.878 06:57:43
5.180 272.976 1404.878 06:57:44
5.228 150.293 786.341 06:57:45
5.224 150.390 791.220 06:57:46
5.220 163.780 856.585 06:57:47
5.216 181.171 949.268 06:57:48
5.180 266.366 1369.268 06:57:49
5.224 150.195 784.878 06:57:50
5.180 252.878 1309.268 06:57:51
5.228 149.585 781.463 06:57:52
5.224 150.098 784.878 06:57:53
5.224 164.390 858.537 06:57:54
5.228 152.390 797.073 06:57:55
5.192 254.878 1300.976 06:57:56
5.224 152.488 792.195 06:57:57
5.132 461.463 2572.683 06:57:58
5.224 152.585 795.122 06:57:59
5.160 363.756 807.805 06:58:00
5.220 164.780 857.561 06:58:01
5.228 164.073 791.220 06:58:03
5.172 245.683 1276.585 06:58:04
5.204 164.073 857.561 06:58:05
5.192 216.390 1126.341 06:58:06
5.228 150.683 786.341 06:58:07
5.220 159.488 784.878 06:58:08
5.220 164.683 856.585 06:58:09
5.228 150.195 783.415 06:58:10
5.120 502.561 2449.756 06:58:11
5.224 150.195 785.854 06:58:12
5.228 151.195 920.000 06:58:13
5.224 154.293 806.341 06:58:14
5.224 152.195 796.098 06:58:15
5.220 166.878 866.341 06:58:16
5.228 152.293 796.098 06:58:17
5.220 170.878 885.366 06:58:18
5.224 152.488 797.073 06:58:19
5.224 150.098 784.878 06:58:20
5.224 152.390 797.073 06:58:21
5.228 152.390 796.098 06:58:22
5.220 166.488 871.220 06:58:23
5.224 152.488 797.073 06:58:24
5.128 419.049 2158.049 06:58:25
5.224 152.585 798.537 06:58:26
5.196 219.171 1438.049 06:58:27
5.228 152.390 797.073 06:58:28
5.228 151.780 796.098 06:58:29
5.224 167.073 935.122 06:58:30
5.228 153.098 800.000 06:58:31
5.116 410.951 2105.854 06:58:32
5.228 150.390 785.854 06:58:33
5.228 149.195 783.902 06:58:34
5.224 154.390 805.854 06:58:35
5.228 149.976 780.000 06:58:36
5.220 164.585 859.024 06:58:37
5.224 150.195 784.878 06:58:38
5.124 493.561 2456.098 06:58:39
5.228 150.195 784.878 06:58:40
5.224 166.195 783.902 06:58:41
5.224 154.293 806.341 06:58:42
5.224 152.293 795.122 06:58:43
5.220 166.488 868.780 06:58:44
5.224 152.585 797.561 06:58:45
5.120 483.561 2472.195 06:58:46
5.224 153.585 800.000 06:58:47
5.224 152.976 798.537 06:58:48
5.224 163.976 855.122 06:58:49
5.224 157.390 821.463 06:58:50
5.188 251.073 1338.537 06:58:51
5.224 150.195 784.878 06:58:52
5.196 219.073 1747.805 06:58:53
5.228 152.780 797.073 06:58:54
5.224 150.195 784.878 06:58:55
5.224 163.585 854.146 06:58:56
5.228 149.390 780.000 06:58:57
5.220 166.780 872.683 06:58:58
5.228 150.195 784.878 06:58:59
5.144 411.854 2035.610 06:59:00
5.224 150.488 786.341 06:59:01
5.228 149.878 784.878 06:59:02
5.220 164.488 860.000 06:59:03
5.224 150.098 783.415 06:59:04
5.220 166.585 867.805 06:59:05
5.228 149.488 784.878 06:59:06
5.192 264.585 1322.927 06:59:07
5.228 150.098 787.317 06:59:08
5.224 149.878 783.415 06:59:09
5.208 193.976 1066.341 06:59:10
5.228 150.195 784.878 06:59:11
5.124 486.146 2590.244 06:59:12
5.224 149.683 786.341 06:59:13
5.224 153.195 820.976 06:59:14
5.224 163.390 852.683 06:59:15
5.228 149.488 780.976 06:59:16
5.144 341.878 1540.976 06:59:17
5.228 150.195 784.878 06:59:18
5.140 449.366 2162.927 06:59:19
5.228 150.390 786.341 06:59:20
5.224 149.976 783.902 06:59:21
5.220 163.683 854.146 06:59:22
5.224 149.976 783.902 06:59:23
5.196 247.585 1284.390 06:59:24
5.204 149.976 783.902 06:59:25
5.152 389.951 2007.805 06:59:26
5.228 151.878 784.878 06:59:27
5.224 149.878 780.000 06:59:28
5.224 164.293 854.146 06:59:29
5.228 149.585 781.463 06:59:30
5.196 262.780 1364.390 06:59:31
5.224 153.195 797.073 06:59:32
5.152 379.268 2018.049 06:59:33
5.228 152.683 793.659 06:59:34
5.228 152.195 795.122 06:59:35
5.220 163.780 857.561 06:59:36
5.228 150.098 783.415 06:59:37
5.192 275.073 1488.780 06:59:38
5.224 152.780 1086.829 06:59:39
5.176 298.878 1627.317 06:59:40
5.224 154.780 807.805 06:59:41
5.224 154.293 971.220 06:59:42
5.220 194.976 873.659 06:59:43
5.224 149.976 782.439 06:59:44
5.220 165.976 867.317 06:59:45
5.228 150.488 786.341 06:59:46
5.216 165.585 867.317 06:59:47
5.228 150.293 784.878 06:59:48
5.228 149.780 783.415 06:59:49
5.224 164.390 859.024 06:59:50
5.216 171.585 895.122 06:59:51
5.220 164.195 857.561 06:59:52
5.224 149.976 783.902 06:59:53
5.140 417.366 2149.268 06:59:54
5.228 150.293 784.878 06:59:55
5.172 209.976 1093.171 06:59:56
5.216 153.976 807.317 06:59:57
5.228 150.098 782.439 06:59:58
5.216 163.488 853.659 06:59:59
5.228 150.098 783.415 07:00:00
5.164 346.171 1787.805 07:00:01
5.224 152.878 798.537 07:00:02
5.168 331.073 1707.317 07:00:03
5.224 152.780 797.561 07:00:04
5.224 152.195 796.098 07:00:05
5.224 166.390 868.780 07:00:06
5.228 150.390 783.902 07:00:07
5.220 164.293 856.098 07:00:08
5.224 150.195 784.878 07:00:09
5.140 414.268 2129.268 07:00:10
5.224 149.878 783.415 07:00:11
5.204 256.585 1070.732 07:00:12
5.224 156.780 817.561 07:00:13
5.224 152.683 797.073 07:00:14
5.220 165.878 867.317 07:00:15
5.224 152.293 804.878 07:00:16
5.220 404.854 1309.756 07:00:17
5.228 150.488 784.878 07:00:18
5.128 452.268 2441.463 07:00:19
5.228 150.390 786.341 07:00:20
5.228 149.780 781.463 07:00:21
5.220 164.073 856.585 07:00:22
5.228 150.195 784.878 07:00:23
5.220 164.073 856.585 07:00:24
5.224 149.976 781.463 07:00:25
5.192 251.488 1318.049 07:00:26
5.220 169.683 792.683 07:00:27
5.224 152.390 803.415 07:00:28
5.224 156.683 818.537 07:00:29
5.224 201.683 797.073 07:00:30
5.224 172.585 868.780 07:00:31
5.228 153.293 807.317 07:00:32
5.116 492.854 1979.024 07:00:33
5.224 149.488 784.878 07:00:34
5.224 151.585 792.683 07:00:35
5.228 159.976 786.341 07:00:36
5.224 150.195 784.878 07:00:37
5.224 164.073 856.585 07:00:38
5.224 150.293 784.878 07:00:39
5.120 482.659 2471.220 07:00:40
5.228 150.195 784.878 07:00:41
5.224 149.390 780.000 07:00:42
5.224 150.488 786.341 07:00:43
5.228 153.195 783.902 07:00:44
5.224 164.073 860.000 07:00:45
5.228 149.976 784.878 07:00:46
5.124 424.951 2574.146 07:00:47
5.224 153.976 801.463 07:00:48
5.224 149.293 783.415 07:00:49
5.220 166.195 866.341 07:00:50
5.228 152.390 795.122 07:00:51
5.168 294.073 1526.341 07:00:52
5.228 152.488 797.073 07:00:53
5.176 342.463 1772.683 07:00:54
5.228 152.780 795.122 07:00:55
5.228 152.390 797.073 07:00:57
5.220 163.585 859.024 07:00:58
5.224 149.976 832.683 07:00:59
5.116 494.146 2548.780 07:01:00
5.208 204.976 1067.805 07:01:01
5.224 151.585 791.220 07:01:02
5.228 150.878 791.220 07:01:03
5.228 150.390 786.341 07:01:04
5.224 164.293 858.537 07:01:05
5.228 150.293 785.854 07:01:06
5.116 500.341 2560.000 07:01:07
5.228 150.293 784.878 07:01:08
5.180 294.878 1286.829 07:01:09
5.228 150.488 786.341 07:01:10
5.220 149.878 783.415 07:01:11
5.220 163.878 860.000 07:01:12
5.216 182.390 1014.146 07:01:13
5.196 251.366 1305.854 07:01:14
5.224 150.585 784.878 07:01:15
5.192 251.585 1280.976 07:01:16
5.228 211.585 786.341 07:01:17
5.212 238.268 822.439 07:01:18
5.228 150.390 888.780 07:01:19
5.228 150.098 783.415 07:01:20
5.216 207.878 1905.366 07:01:21
5.228 150.098 781.463 07:01:22
5.160 426.756 1767.805 07:01:23
5.228 150.390 785.854 07:01:24
5.124 247.780 1287.805 07:01:25
5.228 150.098 785.854 07:01:26
5.228 149.976 783.902 07:01:27
5.220 164.585 859.024 07:01:28
5.228 149.780 783.415 07:01:29
5.220 166.976 869.756 07:01:30
5.224 149.780 784.878 07:01:31
5.196 247.780 1289.268 07:01:32
5.228 150.195 783.415 07:01:33
5.228 150.293 783.415 07:01:34
5.224 154.293 809.756 07:01:35
5.228 150.195 782.439 07:01:36
5.168 328.659 1727.317 07:01:37
5.228 150.585 1075.610 07:01:38
5.148 501.146 2100.488 07:01:39
5.228 149.878 784.878 07:01:40
5.224 149.780 781.463 07:01:41
5.224 163.293 852.683 07:01:42
5.228 149.683 782.439 07:01:43
5.220 164.683 856.585 07:01:44
5.228 150.098 784.878 07:01:45
5.120 504.341 2359.512 07:01:46
5.228 150.293 784.878 07:01:47
5.224 150.098 784.878 07:01:48
5.224 164.073 856.585 07:01:49
5.224 150.098 783.902 07:01:50
5.216 165.585 866.341 07:01:51
5.224 152.390 796.098 07:01:52
5.112 487.659 2495.122 07:01:53
5.228 149.976 783.902 07:01:54
5.224 149.976 783.902 07:01:55
5.220 156.878 819.024 07:01:56
5.224 149.976 784.878 07:01:57
5.224 165.976 864.878 07:01:58
5.228 150.098 784.878 07:01:59
5.172 336.976 1741.463 07:02:00
5.224 150.195 784.878 07:02:01
5.180 354.561 1831.220 07:02:02
5.220 154.390 840.976 07:02:03
5.228 149.195 783.415 07:02:04
5.224 164.195 860.000 07:02:05
5.228 149.390 780.976 07:02:06
5.196 250.073 1289.268 07:02:07
5.228 190.878 784.878 07:02:08
5.120 536.561 2502.439 07:02:09
5.228 150.293 780.000 07:02:10
5.228 149.976 777.073 07:02:11
5.224 163.073 853.659 07:02:12
5.228 149.780 782.439 07:02:13
5.228 149.683 782.439 07:02:14
5.196 254.683 1314.146 07:02:15
5.228 149.780 781.463 07:02:16
5.224 163.195 851.220 07:02:17
5.224 150.195 781.463 07:02:18
