5.224 162.500 848.293 01:49:56
5.172 314.585 1618.049 01:49:57
5.224 163.000 855.122 01:49:58
5.228 195.293 1017.073 01:49:59
5.228 149.598 966.585 01:50:00
5.228 147.390 771.707 01:50:01
5.224 161.000 842.683 01:50:02
5.224 147.293 768.537 01:50:03
5.220 161.098 841.707 01:50:04
5.224 149.500 784.878 01:50:05
5.124 486.463 2429.756 01:50:06
5.228 150.098 787.805 01:50:07
5.224 150.195 779.024 01:50:08
5.228 163.073 806.341 01:50:09
5.228 149.976 780.000 01:50:10
5.220 161.073 842.439 01:50:11
5.228 147.683 770.244 01:50:12
5.128 447.049 2471.220 01:50:13
5.228 147.488 772.683 01:50:14
5.228 146.878 768.293 01:50:15
5.224 150.976 794.634 01:50:16
5.228 150.195 784.878 01:50:17
5.220 163.488 853.659 01:50:18
5.224 149.976 783.415 01:50:19
5.196 486.756 2273.171 01:50:20
5.224 153.976 803.902 01:50:21
5.228 150.195 783.415 01:50:22
5.224 151.780 796.098 01:50:23
5.228 146.976 772.683 01:50:24
5.220 161.073 842.439 01:50:25
5.228 147.098 768.293 01:50:26
5.220 178.488 857.561 01:50:27
5.224 147.390 772.683 01:50:28
5.176 254.488 1413.171 01:50:29
5.228 147.195 780.000 01:50:30
5.224 147.293 771.220 01:50:31
5.224 160.683 840.000 01:50:32
5.228 147.878 771.220 01:50:33
5.220 162.878 848.780 01:50:34
5.228 147.976 772.683 01:50:35
5.132 458.659 2503.415 01:50:36
5.228 147.976 772.683 01:50:37
5.228 147.098 771.220 01:50:38
5.220 160.780 1110.732 01:50:39
5.228 147.878 772.683 01:50:40
5.212 197.293 1055.122 01:50:41
5.228 148.390 772.195 01:50:42
5.124 485.366 2492.195 01:50:43
5.228 148.293 774.634 01:50:44
5.228 254.878 1119.512 01:50:45
5.212 174.195 899.024 01:50:46
5.228 148.195 772.683 01:50:47
5.224 161.073 840.976 01:50:48
5.228 147.683 772.683 01:50:49
5.120 490.561 2516.098 01:50:50
5.228 147.098 768.293 01:50:51
5.212 198.293 1033.171 01:50:52
5.228 151.780 795.122 01:50:53
5.228 147.780 772.683 01:50:54
5.228 161.390 843.902 01:50:55
5.212 177.878 949.268 01:50:56
5.224 162.878 852.683 01:50:58
5.224 150.195 784.878 01:50:59
5.212 201.293 1042.439 01:51:00
5.208 149.878 787.317 01:51:01
5.228 150.293 784.878 01:51:02
5.224 163.878 852.683 01:51:03
5.228 147.878 768.780 01:51:04
5.168 343.561 1736.585 01:51:05
5.228 205.268 775.122 01:51:06
5.132 346.976 2099.512 01:51:07
5.228 148.878 772.683 01:51:08
5.228 147.878 800.976 01:51:09
5.224 151.293 792.195 01:51:10
5.228 147.683 770.244 01:51:11
5.224 161.780 844.878 01:51:12
5.224 148.098 776.098 01:51:13
5.124 508.854 2600.000 01:51:14
5.228 151.976 793.659 01:51:15
5.228 147.683 772.683 01:51:16
5.224 151.878 793.659 01:51:17
5.228 147.878 772.683 01:51:18
5.228 161.780 842.439 01:51:19
5.228 147.390 772.195 01:51:20
5.132 461.756 2383.415 01:51:21
5.228 147.878 772.683 01:51:22
5.228 147.585 768.293 01:51:23
5.224 160.878 841.463 01:51:24
5.228 146.976 769.756 01:51:25
5.220 163.878 857.561 01:51:26
5.228 149.585 784.878 01:51:27
5.116 470.659 2468.780 01:51:28
5.228 150.293 783.902 01:51:29
5.224 149.293 783.902 01:51:30
5.220 163.390 856.098 01:51:31
5.228 147.390 768.780 01:51:32
5.196 355.463 2125.854 01:51:33
5.228 147.780 774.634 01:51:34
5.180 302.561 1319.512 01:51:35
5.228 147.878 774.634 01:51:36
5.228 147.293 772.683 01:51:37
5.220 160.683 843.902 01:51:38
5.228 147.683 774.634 01:51:39
5.224 163.390 849.756 01:51:40
5.228 147.683 768.780 01:51:41
5.200 274.976 1789.268 01:51:42
5.228 147.976 772.683 01:51:43
5.220 169.976 936.098 01:51:44
5.224 160.683 840.976 01:51:45
5.228 147.098 770.244 01:51:46
5.220 281.463 1350.732 01:51:47
5.228 147.585 772.195 01:51:48
5.144 393.659 2026.829 01:51:49
5.224 148.390 776.098 01:51:50
5.228 147.390 769.756 01:51:51
5.224 160.293 842.439 01:51:52
5.224 146.976 768.293 01:51:53
5.224 162.390 841.463 01:51:54
5.228 147.683 774.634 01:51:55
5.116 485.756 2215.610 01:51:56
5.224 147.780 772.683 01:51:57
5.228 147.683 772.195 01:51:58
5.228 160.683 839.024 01:51:59
5.228 147.585 772.195 01:52:00
5.220 162.683 856.585 01:52:01
5.224 148.195 772.683 01:52:02
5.116 504.561 2565.366 01:52:03
5.228 147.293 785.854 01:52:04
5.228 146.878 776.098 01:52:05
5.220 162.293 844.878 01:52:06
5.228 147.780 776.098 01:52:07
5.220 163.073 852.683 01:52:08
5.228 147.195 769.756 01:52:09
5.148 468.756 2507.805 01:52:10
5.228 147.976 772.683 01:52:11
5.228 147.585 770.244 01:52:12
5.224 160.390 845.366 01:52:13
5.228 147.683 768.293 01:52:14
5.200 194.780 1060.000 01:52:15
5.228 147.878 772.683 01:52:16
5.144 386.561 1842.439 01:52:17
5.228 148.098 776.098 01:52:18
5.224 146.976 768.780 01:52:19
5.224 161.585 842.439 01:52:20
5.228 147.780 772.683 01:52:21
5.224 164.073 846.341 01:52:22
5.228 147.976 772.683 01:52:23
5.152 380.976 1970.244 01:52:24
5.224 151.780 793.659 01:52:25
5.224 147.878 772.195 01:52:26
5.224 151.683 793.659 01:52:27
5.228 146.976 772.683 01:52:28
5.224 161.195 841.463 01:52:29
5.216 179.488 944.878 01:52:30
5.120 489.341 2596.585 01:52:31
5.228 151.683 819.024 01:52:32
5.208 198.878 1034.146 01:52:33
5.224 151.976 793.659 01:52:34
5.224 147.683 768.780 01:52:35
5.224 174.780 795.122 01:52:36
5.224 147.683 777.561 01:52:37
5.220 195.073 919.024 01:52:38
5.228 147.683 770.244 01:52:39
5.204 294.073 1174.634 01:52:40
5.228 147.488 770.244 01:52:41
5.224 147.878 773.659 01:52:42
5.224 161.073 836.098 01:52:43
5.228 146.976 772.683 01:52:44
5.196 337.659 1284.390 01:52:45
5.208 147.976 772.683 01:52:46
5.196 223.878 1182.927 01:52:47
5.228 147.976 772.683 01:52:48
5.228 147.585 768.293 01:52:49
5.228 148.098 774.634 01:52:50
5.228 147.585 771.220 01:52:51
5.228 161.073 840.976 01:52:52
5.224 147.976 774.634 01:52:53
5.220 163.195 852.683 01:52:54
5.228 147.390 769.756 01:52:55
5.172 364.854 2061.951 01:52:56
5.228 147.878 768.293 01:52:57
5.228 147.683 774.634 01:52:58
5.224 160.878 843.415 01:52:59
5.224 149.195 781.463 01:53:00
5.220 161.780 844.878 01:53:02
5.228 148.976 774.634 01:53:03
5.120 476.463 2061.951 01:53:04
5.228 148.195 779.024 01:53:05
5.228 147.683 771.220 01:53:06
5.228 151.878 793.659 01:53:07
5.228 147.878 774.634 01:53:08
5.220 161.878 842.439 01:53:09
5.228 148.585 771.220 01:53:10
5.220 162.390 844.878 01:53:11
5.224 147.878 772.683 01:53:12
5.228 147.878 772.195 01:53:13
5.224 151.976 793.659 01:53:14
5.232 147.585 769.756 01:53:15
5.224 161.195 843.902 01:53:16
5.228 147.683 776.098 01:53:17
5.196 163.683 1018.049 01:53:18
5.228 147.878 771.220 01:53:19
5.228 148.683 1106.341 01:53:20
5.228 151.976 792.195 01:53:21
5.228 147.390 773.659 01:53:22
5.220 163.293 852.683 01:53:23
5.228 149.780 784.878 01:53:24
5.164 361.073 1860.488 01:53:25
5.228 150.390 784.878 01:53:26
5.128 399.073 2051.707 01:53:27
5.228 147.195 768.780 01:53:28
5.228 147.878 769.756 01:53:29
5.224 161.073 841.463 01:53:30
5.228 147.390 772.683 01:53:31
5.220 161.390 844.878 01:53:32
5.224 147.878 770.244 01:53:33
5.144 418.561 2145.854 01:53:34
5.224 150.195 786.341 01:53:35
5.228 150.293 783.902 01:53:36
5.228 156.390 815.122 01:53:37
5.220 150.293 784.878 01:53:38
5.220 163.780 857.561 01:53:39
5.228 165.683 769.756 01:53:40
5.196 260.585 1357.073 01:53:41
5.228 148.976 772.683 01:53:42
5.164 269.585 1415.610 01:53:43
5.224 151.878 792.683 01:53:44
5.228 148.098 772.683 01:53:45
5.220 163.780 884.878 01:53:46
5.224 150.293 781.463 01:53:47
5.192 270.976 1766.341 01:53:48
5.228 150.098 787.805 01:53:49
5.124 419.756 2158.049 01:53:50
5.224 147.195 769.756 01:53:51
5.228 147.780 772.683 01:53:52
5.224 161.390 843.415 01:53:53
5.228 147.293 769.756 01:53:54
5.224 171.195 846.341 01:53:55
5.228 148.585 772.683 01:53:56
5.120 487.146 2505.366 01:53:57
5.228 147.976 768.780 01:53:58
5.228 147.585 772.683 01:53:59
5.224 152.098 793.659 01:54:00
5.228 151.878 797.073 01:54:01
5.224 161.073 850.244 01:54:02
5.228 148.293 772.683 01:54:03
5.220 161.488 845.366 01:54:04
5.224 147.878 774.634 01:54:05
5.188 268.268 1393.659 01:54:06
5.224 151.878 793.659 01:54:07
5.224 146.976 777.073 01:54:08
5.220 161.683 841.463 01:54:09
5.224 203.780 772.683 01:54:10
5.224 163.390 853.659 01:54:11
5.224 148.098 773.659 01:54:12
5.192 293.561 1789.268 01:54:13
5.224 150.390 773.659 01:54:14
5.228 147.976 770.244 01:54:15
5.224 160.878 844.878 01:54:16
5.228 147.293 768.780 01:54:17
5.224 161.488 842.439 01:54:18
5.228 148.098 772.683 01:54:19
5.124 491.244 2571.220 01:54:20
5.224 147.976 772.683 01:54:21
5.224 147.195 772.195 01:54:22
5.228 151.390 793.659 01:54:23
5.228 148.780 774.634 01:54:24
5.224 161.878 841.463 01:54:25
5.232 148.098 771.220 01:54:26
5.208 162.976 855.122 01:54:27
5.228 147.098 769.756 01:54:28
5.168 327.878 1690.244 01:54:29
5.228 148.098 773.659 01:54:30
5.224 148.195 772.683 01:54:31
5.220 163.780 853.659 01:54:32
5.224 150.293 784.878 01:54:33
5.192 328.878 1344.390 01:54:34
5.224 150.488 784.878 01:54:35
5.164 309.976 1742.927 01:54:36
5.228 152.195 793.659 01:54:37
5.228 147.098 771.220 01:54:38
5.220 161.073 842.439 01:54:39
5.228 147.488 800.976 01:54:40
5.168 407.366 1851.220 01:54:41
5.228 147.390 772.683 01:54:42
5.168 346.463 1663.902 01:54:43
5.224 151.976 794.634 01:54:44
5.228 147.878 769.756 01:54:45
5.220 161.195 840.976 01:54:46
5.228 147.098 768.293 01:54:47
5.224 161.780 847.805 01:54:48
5.228 148.195 773.659 01:54:49
5.228 146.976 774.634 01:54:50
5.224 174.683 793.659 01:54:51
5.228 147.098 773.659 01:54:52
5.224 163.780 852.683 01:54:53
5.228 147.976 777.561 01:54:54
5.224 163.585 854.146 01:54:55
5.228 147.585 769.756 01:54:56
5.228 155.878 1067.805 01:54:57
5.228 147.683 771.220 01:54:58
5.228 147.780 773.659 01:54:59
5.224 162.780 856.098 01:55:00
5.224 147.488 774.634 01:55:01
5.196 162.878 846.341 01:55:03
5.228 147.878 772.683 01:55:04
5.228 147.878 772.683 01:55:05
5.228 151.976 797.073 01:55:06
5.228 148.098 772.683 01:55:07
5.224 163.780 844.878 01:55:08
5.228 147.683 774.634 01:55:09
5.224 162.683 853.659 01:55:10
5.224 150.390 784.878 01:55:11
5.228 150.390 786.341 01:55:12
5.228 154.293 806.341 01:55:13
5.228 150.293 784.878 01:55:14
5.220 163.683 854.146 01:55:15
5.228 148.098 773.659 01:55:16
5.196 163.073 854.146 01:55:17
5.224 147.976 772.683 01:55:18
5.228 148.098 772.195 01:55:19
5.220 160.976 839.024 01:55:20
5.224 148.293 773.659 01:55:21
5.220 162.073 841.463 01:55:22
5.228 148.195 773.659 01:55:23
5.196 163.683 849.756 01:55:24
5.224 147.585 774.634 01:55:25
5.228 149.195 772.683 01:55:26
5.224 160.976 842.439 01:55:27
5.224 147.976 784.878 01:55:28
5.220 161.488 840.976 01:55:29
5.224 147.488 772.195 01:55:30
5.200 164.195 855.122 01:55:31
5.228 150.293 786.341 01:55:32
5.228 152.098 796.098 01:55:33
5.224 154.390 805.854 01:55:34
5.228 149.683 783.902 01:55:35
5.224 161.073 843.902 01:55:36
5.212 149.293 781.463 01:55:37
5.224 163.073 852.683 01:55:38
5.228 149.585 779.024 01:55:39
5.192 246.073 1284.390 01:55:40
5.228 147.195 773.659 01:55:41
5.228 147.585 772.195 01:55:42
5.224 161.683 844.878 01:55:43
5.228 147.878 769.756 01:55:44
5.208 185.171 853.659 01:55:45
5.224 155.293 812.195 01:55:46
5.172 332.268 1690.244 01:55:47
5.224 147.878 773.659 01:55:48
5.228 147.195 769.756 01:55:49
5.220 171.073 892.683 01:55:50
5.228 147.683 771.220 01:55:51
5.224 204.976 1070.732 01:55:52
5.224 147.195 773.659 01:55:53
5.116 485.463 2487.317 01:55:54
5.224 149.683 783.902 01:55:55
5.224 149.585 783.415 01:55:56
5.212 192.171 957.561 01:55:57
5.228 147.878 772.683 01:55:58
5.224 161.390 843.902 01:55:59
5.228 147.780 772.683 01:56:00
5.120 502.341 2580.488 01:56:01
5.224 147.585 773.659 01:56:02
5.228 157.488 772.195 01:56:03
5.224 170.780 840.000 01:56:04
5.228 148.780 806.341 01:56:05
5.220 164.293 853.659 01:56:06
5.228 150.293 787.317 01:56:07
5.120 482.146 2583.902 01:56:08
5.228 150.195 783.415 01:56:09
5.208 199.293 1062.927 01:56:10
5.224 150.488 793.659 01:56:11
5.212 185.073 936.098 01:56:12
5.228 161.195 841.463 01:56:13
5.228 148.098 774.634 01:56:14
5.224 161.878 847.317 01:56:15
5.228 150.098 785.854 01:56:16
5.224 156.780 819.024 01:56:17
5.224 154.195 804.878 01:56:18
5.224 149.976 784.878 01:56:19
5.224 154.390 806.341 01:56:20
5.224 149.780 825.366 01:56:21
5.224 162.683 851.220 01:56:22
5.228 147.390 768.780 01:56:23
5.120 408.561 2120.976 01:56:24
5.212 147.976 777.561 01:56:25
5.208 149.585 781.463 01:56:26
5.228 147.293 768.293 01:56:27
5.228 147.683 772.195 01:56:28
5.224 160.976 843.902 01:56:29
5.228 148.098 772.683 01:56:30
5.224 163.585 850.244 01:56:31
5.228 147.878 772.683 01:56:32
5.120 480.561 2461.463 01:56:33
5.224 148.390 772.683 01:56:34
5.228 147.585 772.195 01:56:35
5.224 160.780 843.902 01:56:36
5.228 147.195 772.683 01:56:37
5.220 162.780 841.463 01:56:38
5.228 147.878 774.634 01:56:39
5.116 503.463 2583.902 01:56:40
5.228 148.098 774.634 01:56:41
5.228 147.780 771.220 01:56:42
5.228 160.878 840.000 01:56:43
5.228 147.976 773.659 01:56:44
5.224 161.390 844.878 01:56:45
5.228 147.780 772.683 01:56:46
5.132 487.756 2412.683 01:56:47
5.224 151.488 792.683 01:56:48
5.228 147.878 820.976 01:56:49
5.224 161.390 843.902 01:56:50
5.224 147.780 772.683 01:56:51
5.224 161.293 842.439 01:56:52
5.228 147.878 772.683 01:56:53
5.152 384.561 2000.488 01:56:54
5.228 147.195 774.634 01:56:55
5.228 147.293 772.683 01:56:56
5.224 160.976 840.976 01:56:57
5.228 147.683 772.683 01:56:58
5.224 161.585 840.976 01:56:59
5.228 147.293 769.756 01:57:00
5.120 490.244 2491.220 01:57:01
5.228 149.390 787.317 01:57:02
5.228 151.195 787.805 01:57:03
5.228 155.195 806.341 01:57:04
5.224 151.585 784.878 01:57:05
5.224 161.585 848.780 01:57:06
5.228 147.390 774.634 01:57:07
5.144 355.171 2118.537 01:57:09
5.220 186.683 775.122 01:57:10
5.204 245.878 777.073 01:57:11
5.216 151.683 790.244 01:57:12
5.228 147.780 772.195 01:57:13
5.224 161.878 841.463 01:57:14
5.212 147.293 770.244 01:57:15
5.220 163.488 857.561 01:57:16
5.228 147.878 774.634 01:57:17
5.228 149.098 781.463 01:57:18
5.224 154.293 807.317 01:57:19
5.228 150.098 780.976 01:57:20
5.212 187.293 968.780 01:57:21
5.224 147.976 772.195 01:57:22
5.224 163.976 852.683 01:57:23
5.228 148.195 772.683 01:57:24
5.228 149.390 780.976 01:57:25
5.224 151.878 795.122 01:57:26
5.228 147.878 768.293 01:57:27
5.220 162.976 842.439 01:57:28
5.232 147.780 783.902 01:57:29
5.224 163.488 852.683 01:57:30
5.224 148.098 772.683 01:57:31
5.208 235.585 1149.268 01:57:32
5.228 147.293 772.683 01:57:33
5.228 147.390 769.756 01:57:34
5.220 161.488 840.976 01:57:35
5.228 146.976 768.293 01:57:36
5.220 164.073 858.537 01:57:37
5.228 147.780 1014.146 01:57:38
5.124 465.854 2506.341 01:57:39
5.228 147.195 772.195 01:57:40
5.228 147.878 772.683 01:57:41
5.224 161.293 840.000 01:57:42
5.228 147.585 771.220 01:57:43
5.224 161.683 840.976 01:57:44
5.228 147.878 770.244 01:57:45
5.200 248.366 861.463 01:57:46
5.228 147.390 773.659 01:57:47
5.224 147.585 772.683 01:57:48
5.220 154.293 805.854 01:57:49
5.228 149.488 783.415 01:57:50
5.224 161.195 841.463 01:57:51
5.228 147.293 773.659 01:57:52
5.120 476.146 2116.585 01:57:53
5.228 147.780 772.683 01:57:54
5.228 147.976 772.195 01:57:55
5.224 161.195 843.902 01:57:56
5.228 148.488 783.415 01:57:57
5.224 161.293 841.463 01:57:58
5.228 147.098 772.195 01:57:59
5.144 487.049 2512.195 01:58:00
5.228 148.098 772.683 01:58:01
5.192 201.488 1130.732 01:58:02
5.228 152.390 793.659 01:58:03
5.228 148.390 772.683 01:58:04
5.224 161.780 844.878 01:58:05
5.228 147.585 772.683 01:58:06
5.224 163.073 851.220 01:58:07
5.228 147.878 772.683 01:58:08
5.192 332.878 1688.780 01:58:09
5.224 159.878 772.683 01:58:10
5.228 147.488 771.220 01:58:11
5.224 161.195 837.561 01:58:12
5.228 160.293 771.220 01:58:13
5.220 161.195 845.366 01:58:14
5.228 147.976 772.683 01:58:15
5.180 367.659 1563.902 01:58:16
5.228 147.878 777.073 01:58:17
5.224 152.098 793.659 01:58:18
5.224 150.293 787.317 01:58:19
5.228 150.195 781.463 01:58:20
5.224 161.195 841.463 01:58:21
5.228 147.780 772.683 01:58:22
5.212 163.293 995.610 01:58:23
5.228 148.098 772.683 01:58:24
5.200 224.585 1309.756 01:58:25
5.224 151.878 793.659 01:58:26
5.228 147.780 772.195 01:58:27
5.220 160.976 841.463 01:58:28
5.228 147.780 772.683 01:58:29
5.224 162.976 855.122 01:58:30
5.220 184.780 933.659 01:58:31
5.128 487.561 2520.000 01:58:32
5.224 148.195 775.122 01:58:33
5.228 148.098 772.683 01:58:34
5.224 163.195 852.683 01:58:35
5.228 150.195 784.878 01:58:36
5.220 163.585 861.463 01:58:37
5.224 150.293 786.341 01:58:38
5.196 253.683 1322.927 01:58:39
5.224 149.683 786.341 01:58:40
5.192 264.780 1337.073 01:58:41
5.224 147.390 769.756 01:58:42
5.228 147.878 772.683 01:58:43
5.224 161.683 842.439 01:58:44
5.220 147.976 772.683 01:58:45
5.188 163.073 852.683 01:58:46
5.220 180.171 1035.122 01:58:47
5.192 203.976 1046.341 01:58:48
5.228 151.976 793.659 01:58:49
5.228 147.585 771.220 01:58:50
5.220 161.683 842.439 01:58:51
5.228 147.878 772.683 01:58:52
5.224 162.293 842.439 01:58:53
5.224 149.976 782.439 01:58:54
5.212 203.585 1061.463 01:58:55
5.224 153.976 805.854 01:58:56
5.228 150.098 783.415 01:58:57
5.220 163.390 852.195 01:58:58
5.228 147.780 771.220 01:58:59
5.168 368.976 1820.000 01:59:00
5.224 148.683 778.537 01:59:01
5.156 377.463 1921.951 01:59:02
5.228 148.878 777.561 01:59:03
5.228 148.390 776.098 01:59:04
5.224 151.293 797.561 01:59:05
5.228 147.976 773.659 01:59:06
5.224 161.293 841.463 01:59:07
5.228 147.976 771.220 01:59:09
5.208 166.976 852.683 01:59:10
5.228 148.780 784.878 01:59:11
5.196 259.366 1338.049 01:59:12
5.228 150.390 786.341 01:59:13
5.228 150.195 783.415 01:59:14
5.224 163.293 852.683 01:59:15
5.228 147.683 772.195 01:59:16
5.224 161.585 844.878 01:59:17
5.228 147.098 769.756 01:59:18
5.116 498.561 2522.439 01:59:19
5.228 148.098 770.244 01:59:20
5.228 147.683 772.683 01:59:21
5.224 154.293 806.341 01:59:22
5.224 150.195 784.878 01:59:23
5.224 163.390 860.000 01:59:24
5.228 147.488 769.756 01:59:25
5.124 488.561 2454.634 01:59:26
5.228 151.780 794.634 01:59:27
5.228 146.976 771.220 01:59:28
5.228 151.878 793.659 01:59:29
5.228 148.195 775.122 01:59:30
5.220 161.073 844.878 01:59:31
5.228 147.390 772.683 01:59:32
5.220 162.293 1507.317 01:59:33
5.228 149.293 776.098 01:59:34
5.228 147.390 769.756 01:59:35
5.228 151.976 790.244 01:59:36
5.228 147.098 772.195 01:59:37
5.220 161.976 840.976 01:59:38
5.224 147.683 772.195 01:59:39
5.196 246.268 1354.634 01:59:40
5.228 148.098 772.683 01:59:41
5.176 306.976 1625.854 01:59:42
5.228 148.293 775.122 01:59:43
5.228 147.878 772.195 01:59:44
5.220 161.073 873.659 01:59:45
5.228 147.878 772.195 01:59:46
5.224 162.976 851.220 01:59:47
5.228 147.878 772.683 01:59:48
5.124 492.854 2464.878 01:59:49
5.224 150.293 786.341 01:59:50
5.228 147.878 772.683 01:59:51
5.228 148.293 774.634 01:59:52
5.228 147.878 772.683 01:59:53
5.220 161.293 844.878 01:59:54
5.228 147.878 772.683 01:59:55
5.224 288.878 1652.683 01:59:56
5.224 154.073 805.854 01:59:57
5.184 272.171 1585.854 01:59:58
5.228 149.585 786.341 01:59:59
5.228 150.878 780.976 02:00:00
5.220 162.585 847.317 02:00:01
5.228 148.293 789.756 02:00:02
5.220 163.878 850.244 02:00:03
5.228 147.878 769.756 02:00:04
5.128 464.756 2334.634 02:00:05
5.224 147.293 769.756 02:00:06
5.228 148.293 774.634 02:00:07
5.228 152.390 794.634 02:00:08
5.228 160.683 772.683 02:00:09
5.224 160.976 841.463 02:00:10
5.228 148.293 774.634 02:00:11
5.120 491.561 2502.439 02:00:12
5.228 150.293 783.415 02:00:13
5.228 150.098 783.902 02:00:14
5.220 163.073 1200.488 02:00:15
5.200 150.293 783.902 02:00:16
5.224 163.488 857.561 02:00:17
5.228 148.098 773.659 02:00:18
5.120 413.756 2157.073 02:00:19
5.228 148.585 773.659 02:00:20
5.224 147.585 1315.610 02:00:21
5.228 148.488 774.634 02:00:22
5.220 147.780 774.634 02:00:23
5.220 161.585 842.439 02:00:24
5.228 150.195 781.463 02:00:25
5.156 253.976 1295.610 02:00:26
5.228 150.780 787.317 02:00:27
5.176 309.561 1594.634 02:00:28
5.220 182.293 972.683 02:00:29
5.228 147.195 768.293 02:00:30
5.220 163.780 855.122 02:00:31
5.228 149.976 784.878 02:00:32
5.180 331.878 2011.707 02:00:33
5.224 169.195 786.341 02:00:34
5.176 307.659 1610.244 02:00:35
5.228 148.098 774.634 02:00:36
5.228 147.488 772.683 02:00:37
5.224 161.195 840.976 02:00:38
5.228 147.585 772.683 02:00:39
5.188 355.659 2061.463 02:00:40
5.228 148.293 769.756 02:00:41
5.192 252.683 1523.415 02:00:42
5.228 147.488 774.634 02:00:43
5.228 147.683 768.293 02:00:44
5.224 161.780 846.341 02:00:45
5.228 147.780 773.659 02:00:46
5.220 163.878 873.659 02:00:47
5.224 150.585 784.878 02:00:48
5.224 152.098 795.122 02:00:49
5.224 154.488 807.805 02:00:50
5.224 150.585 783.902 02:00:51
5.220 166.585 868.780 02:00:52
5.224 147.390 771.220 02:00:53
5.148 407.463 2096.585 02:00:54
5.228 150.683 786.341 02:00:55
5.228 150.293 784.878 02:00:56
5.224 163.488 853.659 02:00:57
5.228 150.878 784.878 02:00:58
5.224 164.780 856.585 02:00:59
5.228 255.976 786.341 02:01:00
5.124 488.561 2576.098 02:01:01
5.228 147.976 774.634 02:01:02
5.228 147.780 774.634 02:01:03
5.220 161.293 840.000 02:01:04
5.228 147.976 776.098 02:01:05
5.220 161.488 843.415 02:01:06
5.224 149.488 777.561 02:01:07
5.124 461.561 2510.244 02:01:08
5.224 152.098 794.634 02:01:09
5.224 148.390 774.634 02:01:10
5.224 161.683 840.976 02:01:11
5.228 147.195 770.244 02:01:12
5.220 163.073 851.220 02:01:13
5.228 148.293 770.244 02:01:15
5.160 486.756 2344.878 02:01:16
5.228 147.195 775.122 02:01:17
5.228 147.780 772.683 02:01:18
5.224 160.976 840.000 02:01:19
5.228 147.098 773.659 02:01:20
5.220 163.073 847.805 02:01:21
5.228 147.780 770.244 02:01:22
5.224 151.878 960.000 02:01:23
5.216 182.585 962.927 02:01:24
5.228 148.195 774.634 02:01:25
5.224 162.073 841.463 02:01:26
5.228 148.195 772.195 02:01:27
5.196 332.366 1992.683 02:01:28
5.228 147.976 773.659 02:01:29
5.196 252.488 1320.488 02:01:30
5.228 147.585 775.122 02:01:31
5.228 148.098 775.122 02:01:32
5.224 161.488 843.902 02:01:33
5.228 147.976 771.220 02:01:34
5.220 163.878 852.195 02:01:35
5.228 148.098 776.098 02:01:36
5.212 204.585 1109.268 02:01:37
5.224 152.293 793.659 02:01:38
5.216 188.390 982.439 02:01:39
5.228 148.780 776.098 02:01:40
5.224 148.098 774.634 02:01:41
5.224 163.390 856.098 02:01:42
5.228 147.976 774.634 02:01:43
5.140 436.146 2125.366 02:01:44
5.228 151.976 795.122 02:01:45
5.228 147.878 773.659 02:01:46
5.228 151.976 795.122 02:01:47
5.228 147.976 773.659 02:01:48
5.224 162.780 851.220 02:01:49
5.228 147.488 770.244 02:01:50
5.132 411.561 2112.195 02:01:51
5.228 148.195 774.634 02:01:52
5.196 206.268 1074.146 02:01:53
5.228 150.488 789.756 02:01:54
5.228 150.293 786.341 02:01:55
5.220 163.585 857.561 02:01:56
5.228 150.390 785.854 02:01:57
5.196 244.268 867.317 02:01:58
5.228 148.195 773.659 02:01:59
5.120 476.756 2476.098 02:02:00
5.152 354.073 1658.537 02:02:01
5.228 148.390 828.780 02:02:02
5.228 152.683 800.000 02:02:03
5.228 147.780 772.683 02:02:04
5.224 161.878 843.415 02:02:05
5.216 180.293 924.878 02:02:06
5.120 478.561 2123.415 02:02:07
5.228 147.878 774.634 02:02:08
5.228 148.098 772.683 02:02:09
5.228 151.585 793.659 02:02:10
5.228 147.488 772.683 02:02:11
5.224 160.976 844.878 02:02:12
5.224 148.098 775.122 02:02:13
5.220 346.878 1305.854 02:02:14
5.228 147.878 774.634 02:02:15
5.204 271.683 1419.512 02:02:16
5.212 180.390 902.927 02:02:17
5.228 156.878 771.220 02:02:18
5.224 161.878 852.683 02:02:19
5.228 147.878 770.244 02:02:20
5.220 163.878 852.195 02:02:21
5.228 147.878 771.220 02:02:22
5.128 457.049 2551.220 02:02:23
5.228 147.976 774.634 02:02:24
5.228 147.780 772.195 02:02:25
5.224 161.585 842.439 02:02:26
5.228 147.780 772.683 02:02:27
5.224 161.195 844.878 02:02:28
5.228 147.780 772.683 02:02:29
5.220 163.683 854.146 02:02:30
5.224 149.780 784.878 02:02:31
5.208 201.976 1083.902 02:02:32
5.224 154.195 806.341 02:02:33
5.228 149.976 784.878 02:02:34
5.224 163.293 853.659 02:02:35
5.228 150.293 783.902 02:02:36
5.156 253.366 1305.854 02:02:37
5.228 147.293 773.659 02:02:38
5.160 369.073 2213.171 02:02:39
5.228 149.390 777.561 02:02:40
5.228 149.390 779.024 02:02:41
5.224 162.780 844.878 02:02:42
5.224 147.683 772.195 02:02:43
5.224 161.073 845.366 02:02:44
5.228 147.683 772.683 02:02:45
5.120 384.463 1711.220 02:02:46
5.224 151.585 794.634 02:02:47
5.224 148.098 772.683 02:02:48
5.224 160.195 842.439 02:02:49
5.228 147.585 772.195 02:02:50
5.224 161.293 842.439 02:02:51
5.228 148.098 772.683 02:02:52
5.120 455.854 2457.561 02:02:53
5.228 147.195 769.756 02:02:54
5.212 203.073 1057.561 02:02:55
5.228 166.390 793.659 02:02:56
5.228 150.195 876.585 02:02:57
5.224 170.195 843.902 02:02:58
5.228 150.098 832.195 02:02:59
5.168 254.488 1305.366 02:03:00
5.228 150.195 786.341 02:03:01
5.224 156.390 818.537 02:03:02
5.224 163.195 852.683 02:03:03
5.228 146.976 771.220 02:03:04
5.220 160.878 881.463 02:03:05
5.228 147.878 771.220 02:03:06
5.224 162.878 843.902 02:03:07
5.224 151.585 792.683 02:03:08
5.224 149.195 776.098 02:03:09
5.228 151.488 792.195 02:03:10
5.208 197.976 1020.488 02:03:11
5.224 160.780 839.024 02:03:12
5.228 147.780 772.195 02:03:13
5.208 262.073 1286.829 02:03:14
5.224 149.390 786.341 02:03:15
5.208 311.780 1329.268 02:03:16
5.228 149.976 785.854 02:03:17
5.224 156.488 816.098 02:03:18
5.224 160.878 836.098 02:03:19
5.228 147.488 767.317 02:03:21
5.224 161.390 842.439 02:03:22
5.228 152.293 798.537 02:03:23
5.116 491.561 2528.780 02:03:24
5.228 147.976 1046.829 02:03:25
5.228 148.098 773.659 02:03:26
5.224 161.293 841.463 02:03:27
5.228 148.488 777.561 02:03:28
5.220 168.976 843.415 02:03:29
5.224 147.195 771.220 02:03:30
5.192 251.488 847.317 02:03:31
5.228 146.976 772.195 02:03:32
5.228 149.098 778.537 02:03:33
5.224 154.073 805.854 02:03:34
5.228 150.195 783.415 02:03:35
5.220 163.585 857.561 02:03:36
5.228 150.390 783.415 02:03:37
5.220 166.878 867.317 02:03:38
5.224 150.488 784.878 02:03:39
5.224 152.098 793.659 02:03:40
5.224 151.976 794.634 02:03:41
5.224 147.488 771.220 02:03:42
5.220 160.780 841.463 02:03:43
5.228 147.683 772.195 02:03:44
5.112 481.561 2471.220 02:03:45
5.228 148.488 769.756 02:03:46
5.224 147.585 774.634 02:03:47
5.224 151.878 792.683 02:03:48
5.224 147.488 771.220 02:03:49
5.216 200.073 1095.122 02:03:50
5.232 147.488 771.220 02:03:51
5.228 153.098 837.561 02:03:52
5.220 150.098 784.878 02:03:53
5.228 149.976 780.000 02:03:54
5.224 163.195 852.683 02:03:55
5.228 151.780 794.634 02:03:56
5.220 162.293 950.244 02:03:57
5.228 147.878 768.780 02:03:58
5.228 147.878 771.220 02:03:59
5.220 277.878 804.878 02:04:00
5.228 146.976 773.659 02:04:01
5.228 160.976 842.439 02:04:02
5.228 150.098 786.341 02:04:03
5.220 165.780 860.000 02:04:04
5.228 147.293 768.780 02:04:05
5.228 146.780 771.220 02:04:06
5.220 161.073 842.439 02:04:07
5.224 147.976 772.195 02:04:08
5.220 162.195 841.463 02:04:09
5.224 147.976 772.683 02:04:10
5.196 248.683 1380.488 02:04:11
5.228 147.390 771.220 02:04:12
5.148 439.561 1697.561 02:04:13
5.228 148.098 773.659 02:04:14
5.228 147.585 772.195 02:04:15
5.220 161.683 846.341 02:04:16
5.228 147.878 773.659 02:04:17
5.188 163.488 856.098 02:04:18
5.228 148.195 774.634 02:04:19
5.152 392.561 2163.415 02:04:20
5.228 150.390 784.878 02:04:21
5.224 149.585 784.878 02:04:22
5.224 164.488 863.415 02:04:23
5.228 150.293 783.902 02:04:24
5.224 165.683 871.220 02:04:25
5.228 147.780 772.683 02:04:26
5.148 425.268 2065.366 02:04:27
5.228 147.976 771.220 02:04:28
5.228 147.585 774.634 02:04:29
5.224 160.780 840.000 02:04:30
5.224 147.293 767.317 02:04:31
5.220 161.195 843.902 02:04:32
5.228 147.976 773.659 02:04:33
5.196 247.488 1941.463 02:04:34
5.220 180.976 812.683 02:04:35
5.224 148.098 774.634 02:04:36
5.224 152.098 795.122 02:04:37
5.228 147.293 768.780 02:04:38
5.224 161.683 843.902 02:04:39
5.228 147.780 772.683 02:04:40
5.208 298.878 1557.073 02:04:41
5.228 151.683 792.195 02:04:42
5.208 202.780 1055.122 02:04:43
5.228 150.585 787.317 02:04:44
5.228 149.976 783.415 02:04:45
5.224 163.293 852.683 02:04:46
5.228 147.878 772.195 02:04:47
5.188 268.366 1288.293 02:04:48
5.224 148.195 772.683 02:04:49
5.156 339.878 1735.122 02:04:50
5.228 148.098 774.634 02:04:51
5.228 147.585 772.683 02:04:52
5.228 154.293 806.341 02:04:53
5.228 150.390 838.537 02:04:54
5.220 165.488 868.780 02:04:55
5.224 150.585 778.537 02:04:56
5.124 476.366 2628.780 02:04:57
5.228 149.585 786.341 02:04:59
5.228 149.488 779.024 02:05:00
5.224 151.683 793.659 02:05:01
5.228 147.390 770.244 02:05:02
5.224 161.195 841.463 02:05:03
5.224 147.195 769.756 02:05:04
5.220 175.976 855.122 02:05:05
5.228 150.195 784.878 02:05:06
5.196 338.073 1722.927 02:05:07
5.224 150.780 781.463 02:05:08
5.228 149.976 784.878 02:05:09
5.220 162.976 856.585 02:05:10
5.228 147.780 770.244 02:05:11
5.224 161.878 846.341 02:05:12
5.228 147.098 773.659 02:05:13
5.148 483.146 2492.683 02:05:14
5.228 147.780 773.659 02:05:15
5.228 146.878 769.756 02:05:16
5.224 151.683 793.659 02:05:17
5.228 148.293 772.683 02:05:18
5.224 161.780 840.976 02:05:19
5.228 147.780 769.756 02:05:20
5.192 248.683 1349.268 02:05:21
5.228 147.780 822.439 02:05:22
5.128 423.659 2152.195 02:05:23
5.228 148.098 773.659 02:05:24
5.228 147.683 772.683 02:05:25
5.220 160.780 840.976 02:05:26
5.228 147.878 769.756 02:05:27
5.220 161.683 841.463 02:05:28
5.228 147.390 769.756 02:05:29
5.144 408.463 1700.976 02:05:30
5.228 148.585 776.098 02:05:31
5.228 147.293 772.683 02:05:32
5.228 151.683 793.659 02:05:33
5.228 147.293 771.220 02:05:34
5.224 161.293 840.976 02:05:35
5.224 147.098 768.780 02:05:36
5.172 322.659 1627.805 02:05:37
5.224 147.390 771.220 02:05:38
5.160 358.366 1896.585 02:05:39
5.228 148.195 776.098 02:05:40
5.228 147.780 770.244 02:05:41
5.220 163.293 852.195 02:05:42
5.228 150.195 784.878 02:05:43
5.220 163.878 855.122 02:05:44
5.228 150.293 784.878 02:05:45
5.116 501.341 2496.098 02:05:46
5.228 147.488 771.220 02:05:47
5.224 149.585 780.976 02:05:48
5.224 152.390 796.098 02:05:49
5.224 147.878 772.683 02:05:50
5.220 161.195 841.463 02:05:51
5.228 147.878 772.683 02:05:52
5.220 164.073 856.585 02:05:53
5.228 148.098 774.634 02:05:54
5.188 285.683 1311.707 02:05:55
5.224 152.195 798.537 02:05:56
5.228 147.976 773.659 02:05:57
5.220 161.390 846.341 02:05:58
5.228 147.293 1032.683 02:05:59
5.220 163.195 853.659 02:06:00
5.228 148.683 771.220 02:06:01
5.160 393.854 1934.146 02:06:02
5.228 148.293 773.659 02:06:03
5.228 147.976 777.561 02:06:04
5.220 161.878 842.439 02:06:05
5.228 147.683 769.756 02:06:06
5.196 162.780 853.659 02:06:07
5.228 147.878 773.659 02:06:08
5.116 485.561 2486.341 02:06:09
5.228 149.488 783.415 02:06:10
5.228 150.780 787.805 02:06:11
5.228 151.390 793.659 02:06:12
5.228 147.293 768.780 02:06:13
5.224 161.780 841.463 02:06:14
5.228 147.976 774.634 02:06:15
5.220 214.390 854.146 02:06:16
5.228 148.098 773.659 02:06:17
5.180 273.171 1457.073 02:06:18
5.228 149.585 783.415 02:06:19
5.224 147.293 770.244 02:06:20
5.224 160.878 840.000 02:06:21
5.228 147.390 769.756 02:06:22
5.224 163.780 904.878 02:06:23
5.228 147.390 771.220 02:06:24
5.120 473.951 2415.122 02:06:25
5.228 147.976 773.659 02:06:26
5.228 147.195 772.683 02:06:27
5.224 154.293 806.341 02:06:28
5.212 177.195 957.561 02:06:29
5.220 161.293 841.463 02:06:30
5.228 147.976 773.659 02:06:31
5.172 369.659 1718.537 02:06:32
5.228 147.585 774.634 02:06:33
5.228 147.585 771.220 02:06:34
5.224 160.488 841.463 02:06:35
5.228 147.878 772.683 02:06:36
5.224 160.976 844.878 02:06:37
5.228 147.976 772.683 02:06:38
5.188 164.780 861.463 02:06:39
5.224 147.878 772.683 02:06:40
5.224 206.171 1060.000 02:06:41
5.224 148.976 779.024 02:06:42
5.228 147.780 768.780 02:06:43
5.224 161.293 840.000 02:06:44
5.228 148.293 769.756 02:06:45
5.192 249.878 1351.707 02:06:46
5.224 147.585 772.683 02:06:47
5.208 162.195 848.780 02:06:48
5.228 148.976 776.098 02:06:49
5.228 147.585 771.220 02:06:50
5.224 151.976 794.634 02:06:51
5.228 147.293 769.756 02:06:52
5.188 274.073 1300.976 02:06:53
5.228 147.780 772.683 02:06:54
5.168 326.780 1560.000 02:06:55
5.228 147.878 772.683 02:06:56
5.224 152.098 792.195 02:06:57
5.224 149.976 1041.463 02:06:58
5.228 149.293 783.415 02:06:59
5.220 165.585 855.122 02:07:00
5.224 150.293 791.220 02:07:01
5.220 196.293 2085.366 02:07:02
5.228 148.780 777.073 02:07:03
5.192 253.073 1499.512 02:07:04
5.228 148.293 774.634 02:07:05
5.228 147.780 772.683 02:07:06
5.224 169.390 842.439 02:07:07
5.228 147.976 772.683 02:07:08
5.224 163.195 856.098 02:07:09
5.228 147.976 773.659 02:07:10
5.120 489.244 2537.561 02:07:11
5.228 148.195 775.122 02:07:12
5.228 147.683 769.756 02:07:13
5.228 156.780 805.854 02:07:14
5.228 150.195 787.317 02:07:15
5.224 163.390 854.146 02:07:17
5.228 150.585 785.854 02:07:18
5.220 166.585 873.659 02:07:19
5.224 150.293 781.463 02:07:20
5.160 353.878 2314.634 02:07:21
5.228 151.976 791.220 02:07:22
5.228 147.585 775.122 02:07:23
5.220 160.976 846.341 02:07:24
5.224 147.780 772.683 02:07:25
5.228 161.976 844.878 02:07:26
5.224 147.390 774.634 02:07:27
5.120 452.659 2143.415 02:07:28
5.228 148.293 772.683 02:07:29
5.228 147.293 771.220 02:07:30
5.224 151.976 794.634 02:07:31
5.228 147.878 772.683 02:07:32
5.224 161.585 841.463 02:07:33
5.228 147.293 774.634 02:07:34
5.184 251.780 1359.512 02:07:35
5.228 204.390 774.634 02:07:36
5.208 258.463 1035.122 02:07:37
5.228 148.195 776.098 02:07:38
5.228 148.098 771.220 02:07:39
5.224 162.073 840.976 02:07:40
5.228 147.878 772.683 02:07:41
5.224 163.585 857.561 02:07:42
5.228 147.098 772.683 02:07:43
5.132 493.756 2551.707 02:07:44
5.228 152.098 793.659 02:07:45
5.228 147.780 775.122 02:07:46
5.224 161.073 840.000 02:07:47
5.224 149.098 781.463 02:07:48
5.168 162.976 852.195 02:07:49
5.228 147.585 768.780 02:07:50
5.140 411.659 2118.049 02:07:51
5.232 149.683 780.976 02:07:52
5.228 147.780 772.683 02:07:53
5.220 161.293 841.463 02:07:54
5.228 147.878 772.683 02:07:55
5.220 161.293 842.439 02:07:56
5.228 147.683 771.220 02:07:57
5.220 164.195 853.659 02:07:58
5.228 148.195 774.634 02:07:59
5.208 202.171 1185.854 02:08:00
5.212 204.171 1069.268 02:08:01
5.228 147.390 775.122 02:08:02
5.224 165.976 855.122 02:08:03
5.228 149.488 783.902 02:08:04
5.192 250.268 1438.537 02:08:05
5.220 200.585 940.488 02:08:06
5.152 361.268 2022.927 02:08:07
5.228 150.683 786.341 02:08:08
5.228 150.195 784.878 02:08:09
5.220 163.976 856.098 02:08:10
5.228 150.293 779.024 02:08:11
5.220 161.683 844.878 02:08:12
5.224 148.098 774.634 02:08:13
5.116 483.463 2475.122 02:08:14
5.228 148.195 775.122 02:08:15
5.228 148.195 771.220 02:08:16
5.212 217.683 1077.561 02:08:17
5.232 147.976 773.659 02:08:18
5.224 161.878 843.902 02:08:19
5.228 147.293 769.756 02:08:20
5.124 478.951 2524.878 02:08:21
5.224 147.488 776.098 02:08:22
5.212 203.683 1033.171 02:08:23
5.228 151.976 794.634 02:08:24
5.228 148.195 772.683 02:08:25
5.224 163.683 853.659 02:08:26
5.228 150.488 784.878 02:08:27
5.220 166.390 938.537 02:08:28
5.228 150.488 783.415 02:08:29
5.204 228.171 1185.366 02:08:30
5.228 150.488 782.439 02:08:31
5.224 147.878 774.634 02:08:32
5.220 161.293 845.366 02:08:33
5.228 147.390 773.659 02:08:34
5.212 163.585 853.659 02:08:35
5.224 147.976 772.683 02:08:36
5.112 425.659 2188.293 02:08:37
5.224 147.976 772.683 02:08:38
5.216 250.366 1071.707 02:08:39
5.228 147.390 887.805 02:08:40
5.228 147.976 773.659 02:08:41
5.220 162.293 846.341 02:08:42
5.228 147.293 774.634 02:08:43
5.224 162.488 850.244 02:08:44
5.228 147.488 776.098 02:08:45
5.208 212.268 1105.366 02:08:46
5.228 147.488 774.634 02:08:47
5.228 147.878 769.756 02:08:48
5.220 163.488 852.683 02:08:49
5.224 149.683 782.439 02:08:50
5.212 186.073 869.756 02:08:51
5.228 150.390 786.341 02:08:52
5.116 474.244 2421.463 02:08:53
5.228 154.878 808.780 02:08:54
5.228 148.195 768.780 02:08:55
5.224 160.878 847.317 02:08:56
5.228 147.878 776.098 02:08:57
5.224 174.488 843.415 02:08:58
5.224 148.195 773.659 02:08:59
5.156 461.463 2510.244 02:09:00
5.228 148.098 779.024 02:09:01
5.228 147.878 772.683 02:09:02
5.220 161.195 843.415 02:09:03
5.232 147.195 782.439 02:09:04
5.212 196.683 955.122 02:09:05
5.224 148.098 773.659 02:09:06
5.172 486.659 2460.976 02:09:07
5.228 148.878 773.659 02:09:08
5.212 199.780 1060.000 02:09:09
5.228 152.098 795.122 02:09:10
5.228 147.488 771.220 02:09:11
5.228 155.195 901.463 02:09:12
5.228 147.878 772.683 02:09:13
5.172 263.073 1310.732 02:09:14
5.228 147.293 769.756 02:09:15
5.204 156.976 819.024 02:09:16
5.228 148.098 773.659 02:09:17
5.228 147.878 772.683 02:09:18
5.220 160.878 841.463 02:09:19
5.224 147.780 772.683 02:09:20
5.216 161.585 842.439 02:09:21
5.228 148.098 772.683 02:09:22
5.128 406.756 2154.146 02:09:23
5.228 147.390 771.220 02:09:24
5.228 244.171 1070.732 02:09:25
5.224 151.878 793.659 02:09:26
5.228 147.780 772.683 02:09:27
5.224 161.073 843.415 02:09:28
5.228 147.293 769.756 02:09:29
5.200 248.878 1326.829 02:09:30
5.208 147.195 769.756 02:09:31
5.148 413.854 2053.171 02:09:32
5.228 148.293 771.220 02:09:33
5.228 147.780 768.780 02:09:34
5.216 202.488 1055.122 02:09:36
5.228 147.098 772.683 02:09:37
5.220 163.195 852.195 02:09:38
5.228 147.878 771.220 02:09:39
5.144 412.049 1696.098 02:09:40
5.228 147.976 772.683 02:09:41
5.228 151.293 791.220 02:09:42
5.220 163.878 852.683 02:09:43
5.224 150.488 786.341 02:09:44
5.220 164.293 1018.049 02:09:45
5.208 150.195 783.415 02:09:46
5.148 487.244 2517.561 02:09:47
5.224 148.585 772.683 02:09:48
5.228 149.683 774.634 02:09:49
5.224 152.098 796.098 02:09:50
5.228 147.878 772.683 02:09:51
5.220 163.878 856.585 02:09:52
5.228 150.195 783.902 02:09:53
5.224 167.488 875.122 02:09:54
5.224 150.683 786.341 02:09:55
5.184 276.976 1435.610 02:09:56
5.228 148.390 774.634 02:09:57
5.228 147.293 771.220 02:09:58
5.224 160.780 842.439 02:09:59
5.224 148.098 772.683 02:10:00
5.224 182.293 857.561 02:10:01
5.228 148.390 772.683 02:10:02
5.164 356.561 1796.585 02:10:03
5.228 148.293 780.000 02:10:04
5.224 147.878 772.683 02:10:05
5.224 161.073 840.976 02:10:06
5.228 147.293 769.756 02:10:07
5.220 162.073 843.415 02:10:08
5.224 147.878 772.683 02:10:09
5.116 480.854 2569.756 02:10:10
5.228 147.683 769.756 02:10:11
5.224 147.780 771.220 02:10:12
5.228 147.488 774.634 02:10:13
5.228 147.293 769.756 02:10:14
5.224 161.390 843.902 02:10:15
5.228 147.683 769.756 02:10:16
5.196 247.780 1278.537 02:10:17
5.228 148.195 797.073 02:10:18
5.172 436.366 2500.000 02:10:19
5.220 148.293 772.195 02:10:20
5.228 147.098 769.756 02:10:21
5.220 161.780 844.878 02:10:22
5.224 147.683 770.244 02:10:23
5.216 162.293 843.902 02:10:24
5.228 147.293 774.634 02:10:25
5.120 476.244 2448.780 02:10:26
5.224 148.098 772.683 02:10:27
5.224 147.585 772.683 02:10:28
5.224 161.780 842.439 02:10:29
5.228 147.878 770.244 02:10:30
5.224 162.976 851.220 02:10:31
5.228 147.976 773.659 02:10:32
5.120 507.463 2598.537 02:10:33
5.224 148.293 773.659 02:10:34
5.228 147.878 773.659 02:10:35
5.228 152.098 795.122 02:10:36
5.228 148.098 774.634 02:10:37
5.224 163.780 856.098 02:10:38
5.228 150.780 786.341 02:10:39
5.140 394.073 1299.512 02:10:40
5.228 150.390 784.878 02:10:41
5.228 150.195 780.976 02:10:42
5.228 154.293 806.341 02:10:43
5.228 147.878 776.098 02:10:44
5.224 161.780 840.976 02:10:45
5.228 147.780 772.683 02:10:46
5.220 163.488 855.122 02:10:47
5.228 148.195 774.634 02:10:48
5.228 149.390 780.976 02:10:49
5.228 148.878 778.537 02:10:50
5.228 147.780 772.683 02:10:51
5.212 195.171 1070.244 02:10:52
5.228 147.683 769.756 02:10:53
5.224 162.293 847.317 02:10:54
5.228 150.195 781.463 02:10:55
5.224 149.878 783.415 02:10:56
5.228 151.976 793.659 02:10:57
5.228 147.878 772.683 02:10:58
5.220 161.073 844.878 02:10:59
5.224 155.390 812.195 02:11:00
5.224 161.780 855.122 02:11:01
5.228 149.390 796.098 02:11:02
5.212 205.073 1059.024 02:11:03
5.228 156.195 806.341 02:11:04
5.228 149.976 783.415 02:11:05
5.220 164.073 853.659 02:11:06
5.216 178.293 945.366 02:11:07
5.220 162.780 1300.976 02:11:08
5.224 147.878 772.683 02:11:09
5.180 301.073 1601.463 02:11:10
5.228 147.098 773.659 02:11:11
5.228 147.098 768.780 02:11:12
5.220 163.976 852.195 02:11:13
5.228 150.098 784.878 02:11:14
5.220 166.293 925.366 02:11:15
5.224 150.195 787.805 02:11:16
5.168 335.073 1727.805 02:11:17
5.228 147.293 770.244 02:11:18
5.224 147.780 773.659 02:11:19
5.228 151.683 793.659 02:11:20
5.228 148.390 767.317 02:11:21
5.220 160.683 844.878 02:11:22
5.228 147.878 772.683 02:11:23
5.196 257.268 1289.756 02:11:24
5.220 147.878 772.683 02:11:25
5.120 481.756 2269.756 02:11:26
5.228 151.683 794.634 02:11:27
5.228 147.683 771.220 02:11:28
5.220 163.195 856.098 02:11:29
5.228 150.098 784.878 02:11:30
5.224 164.390 860.000 02:11:31
5.228 150.195 780.976 02:11:32
5.116 474.244 2416.098 02:11:33
5.224 153.878 804.878 02:11:34
5.224 149.878 782.439 02:11:35
5.224 160.585 840.976 02:11:36
5.228 146.390 771.220 02:11:37
5.212 199.585 998.049 02:11:38
5.228 146.976 768.293 02:11:39
5.220 163.488 912.683 02:11:40
5.228 150.780 787.805 02:11:41
5.212 214.878 1074.146 02:11:42
5.232 147.976 771.220 02:11:43
5.228 147.195 772.683 02:11:44
5.224 160.976 845.366 02:11:45
5.228 147.976 772.683 02:11:46
5.220 203.878 929.268 02:11:47
5.228 147.878 769.756 02:11:48
5.184 257.366 1155.122 02:11:49
5.228 147.976 773.659 02:11:50
5.228 147.585 772.195 02:11:51
5.220 160.976 840.976 02:11:52
5.228 146.878 774.634 02:11:53
5.220 162.878 851.220 02:11:54
5.228 147.293 774.634 02:11:55
5.144 419.659 2127.317 02:11:57
5.228 148.098 772.683 02:11:58
5.228 147.098 768.293 02:11:59
5.224 155.780 812.683 02:12:00
5.224 150.488 786.341 02:12:01
5.220 163.780 863.415 02:12:02
5.228 149.585 789.756 02:12:03
5.172 212.878 1033.171 02:12:04
5.228 151.878 792.195 02:12:05
5.196 236.488 2114.634 02:12:06
5.224 151.195 793.659 02:12:07
5.228 147.488 773.659 02:12:08
5.220 184.390 1052.683 02:12:09
5.228 147.976 770.244 02:12:10
5.136 328.659 1717.561 02:12:11
5.228 148.098 838.537 02:12:12
5.172 361.756 1678.537 02:12:13
5.228 147.585 773.659 02:12:14
5.228 147.976 772.683 02:12:15
5.228 151.293 795.122 02:12:16
5.228 147.878 775.122 02:12:17
5.220 161.195 842.439 02:12:18
5.228 147.878 772.683 02:12:19
5.192 164.976 850.244 02:12:20
5.216 180.683 943.902 02:12:21
5.192 255.366 1320.976 02:12:22
5.228 148.195 771.220 02:12:23
5.228 148.390 772.683 02:12:24
5.220 162.488 872.683 02:12:25
5.228 147.780 772.683 02:12:26
5.220 163.293 852.683 02:12:27
5.224 148.098 773.659 02:12:28
5.120 457.756 2093.171 02:12:29
5.224 151.976 794.634 02:12:30
5.228 147.976 772.683 02:12:31
5.224 161.390 839.024 02:12:32
5.228 147.976 773.659 02:12:33
5.224 176.585 841.463 02:12:34
5.228 146.976 772.683 02:12:35
5.224 163.585 849.756 02:12:36
5.228 147.585 770.244 02:12:37
5.232 147.293 772.683 02:12:38
5.224 161.683 839.024 02:12:39
5.228 147.390 766.341 02:12:40
5.220 161.073 843.902 02:12:41
5.228 147.780 770.244 02:12:42
5.224 161.585 844.878 02:12:43
5.224 147.976 777.073 02:12:44
5.228 146.780 772.195 02:12:45
5.220 182.780 982.439 02:12:46
5.228 148.878 769.756 02:12:47
5.220 161.073 844.878 02:12:48
5.228 147.780 772.195 02:12:49
5.172 328.780 1719.024 02:12:50
5.228 150.390 786.341 02:12:51
5.228 149.878 780.976 02:12:52
5.228 154.488 807.317 02:12:53
5.228 150.195 833.659 02:12:54
5.220 163.976 852.683 02:12:55
5.228 148.390 774.634 02:12:56
5.124 465.463 2239.512 02:12:57
5.224 148.195 775.122 02:12:58
5.228 147.585 772.195 02:12:59
5.224 160.683 843.415 02:13:00
5.228 147.683 772.683 02:13:01
5.220 163.585 852.683 02:13:02
5.228 147.878 772.195 02:13:03
5.124 489.463 2550.244 02:13:04
5.224 151.976 792.195 02:13:05
5.228 147.585 770.244 02:13:06
5.224 161.073 841.463 02:13:07
5.212 160.780 772.683 02:13:08
5.220 161.073 843.415 02:13:09
5.228 147.878 772.683 02:13:10
5.124 453.463 2414.634 02:13:11
5.232 148.098 774.634 02:13:12
5.228 147.878 774.634 02:13:13
5.228 151.390 791.220 02:13:14
5.228 147.390 772.195 02:13:15
5.224 161.488 841.463 02:13:16
5.228 147.976 772.683 02:13:17
5.196 455.146 2503.415 02:13:18
5.228 150.098 786.341 02:13:19
5.224 149.976 782.439 02:13:20
5.224 149.488 784.878 02:13:21
5.232 147.683 772.683 02:13:22
5.220 160.683 840.000 02:13:23
5.228 150.488 786.341 02:13:24
5.140 344.976 1781.463 02:13:25
5.224 150.098 892.683 02:13:26
5.180 299.073 1691.220 02:13:27
5.228 151.878 791.220 02:13:28
5.228 146.976 768.293 02:13:29
5.224 161.585 840.976 02:13:30
5.228 147.878 773.659 02:13:31
5.196 163.293 854.146 02:13:32
5.228 146.878 769.756 02:13:33
5.160 422.366 2079.512 02:13:34
5.228 147.195 816.585 02:13:35
5.228 147.098 768.780 02:13:36
5.224 161.780 838.537 02:13:37
5.228 147.488 768.293 02:13:38
5.224 167.390 852.195 02:13:39
5.228 147.098 769.756 02:13:40
5.144 459.049 2396.098 02:13:41
5.228 151.098 792.683 02:13:42
5.224 147.683 769.756 02:13:43
5.228 151.976 796.098 02:13:44
5.224 147.585 768.293 02:13:45
5.220 161.073 843.902 02:13:46
5.228 148.098 774.634 02:13:47
5.120 493.951 2555.122 02:13:48
5.228 148.390 776.098 02:13:49
5.224 147.683 773.659 02:13:50
5.228 148.098 774.634 02:13:51
5.228 147.878 772.195 02:13:52
5.224 161.073 843.902 02:13:53
5.228 147.585 771.220 02:13:54
5.192 249.366 1318.049 02:13:55
5.228 147.488 771.220 02:13:56
5.208 217.073 1335.610 02:13:57
5.228 149.293 777.073 02:13:58
5.228 147.780 773.659 02:13:59
5.224 151.780 797.073 02:14:00
5.224 147.098 768.780 02:14:01
5.224 163.585 852.683 02:14:02
5.224 148.195 772.683 02:14:04
5.172 333.463 1717.561 02:14:05
5.224 156.878 774.634 02:14:06
5.208 199.073 1055.610 02:14:07
5.228 151.976 794.634 02:14:08
5.228 147.683 772.195 02:14:09
5.220 161.390 838.537 02:14:10
5.228 148.293 774.634 02:14:11
5.224 163.293 852.683 02:14:12
5.224 148.195 770.244 02:14:13
5.164 386.463 1901.951 02:14:14
5.228 152.390 797.073 02:14:15
5.228 147.195 772.683 02:14:16
5.220 161.073 841.463 02:14:17
5.228 147.488 769.756 02:14:18
5.172 324.976 860.976 02:14:19
5.228 147.683 769.756 02:14:20
5.204 149.878 780.976 02:14:21
5.224 152.098 795.122 02:14:22
5.224 147.390 770.244 02:14:23
5.224 161.293 845.366 02:14:24
5.220 157.878 824.878 02:14:25
5.224 161.878 847.805 02:14:26
5.228 148.293 774.634 02:14:27
5.216 179.683 962.927 02:14:28
5.228 152.293 796.098 02:14:29
5.224 149.195 779.024 02:14:30
5.220 161.780 842.439 02:14:31
5.228 148.098 774.634 02:14:32
5.224 162.195 850.244 02:14:33
5.228 147.976 773.659 02:14:34
5.224 152.293 825.366 02:14:35
5.228 149.780 775.122 02:14:36
5.228 147.976 773.659 02:14:37
5.220 161.488 843.415 02:14:38
5.224 148.390 774.634 02:14:39
5.220 164.073 853.659 02:14:40
5.228 148.293 775.122 02:14:41
5.220 263.683 1115.122 02:14:42
5.220 179.585 945.366 02:14:43
5.228 147.976 773.659 02:14:44
5.220 164.878 854.146 02:14:45
5.228 150.585 783.415 02:14:46
5.168 341.878 1700.976 02:14:47
5.220 149.878 786.341 02:14:48
5.144 416.756 2107.805 02:14:49
5.224 150.488 786.341 02:14:50
5.228 147.878 773.659 02:14:51
5.228 152.683 795.122 02:14:52
5.228 148.098 774.634 02:14:53
5.224 161.780 844.878 02:14:54
5.228 147.585 772.683 02:14:55
5.224 180.293 856.585 02:14:56
5.224 147.683 777.073 02:14:57
5.196 215.780 1545.854 02:14:58
5.228 148.293 771.220 02:14:59
5.228 148.195 773.659 02:15:00
5.224 162.585 847.805 02:15:01
5.224 151.878 787.805 02:15:02
5.220 166.293 1363.415 02:15:03
5.224 150.683 787.805 02:15:04
5.140 439.366 2462.439 02:15:05
5.228 150.585 787.317 02:15:06
5.228 148.488 813.659 02:15:07
5.224 161.293 852.195 02:15:08
5.228 148.098 773.659 02:15:09
5.224 161.976 844.878 02:15:10
5.228 148.390 768.293 02:15:11
5.120 470.854 2491.220 02:15:12
5.224 150.780 787.805 02:15:13
5.228 150.585 787.805 02:15:14
5.220 163.878 852.683 02:15:15
5.228 150.585 787.317 02:15:16
5.220 163.976 856.585 02:15:17
5.224 150.585 786.341 02:15:18
5.212 163.073 850.244 02:15:19
5.228 147.683 771.220 02:15:20
5.224 148.195 776.098 02:15:21
5.228 152.293 795.122 02:15:22
5.228 148.488 775.122 02:15:23
5.224 161.195 839.024 02:15:24
5.228 147.976 775.122 02:15:25
5.220 162.585 849.756 02:15:26
5.220 165.780 773.659 02:15:27
5.228 152.293 796.098 02:15:28
5.228 152.488 797.073 02:15:29
5.228 149.878 787.805 02:15:30
5.224 161.780 843.902 02:15:31
5.228 148.683 776.098 02:15:32
5.220 165.488 858.537 02:15:33
5.228 148.293 776.098 02:15:34
5.200 261.268 1076.585 02:15:35
5.228 148.293 773.659 02:15:36
5.228 147.683 771.220 02:15:37
5.224 161.585 843.902 02:15:38
5.228 148.098 773.659 02:15:39
5.160 433.171 2042.927 02:15:40
5.228 147.976 772.683 02:15:41
5.196 256.683 1726.341 02:15:42
5.228 148.585 777.561 02:15:43
5.228 147.683 776.098 02:15:44
5.224 162.073 846.341 02:15:45
5.228 149.976 783.902 02:15:46
5.192 260.585 1301.951 02:15:47
5.224 147.585 775.122 02:15:48
5.208 203.878 1046.829 02:15:49
5.228 148.683 777.073 02:15:50
5.228 149.780 776.098 02:15:51
5.220 161.585 843.902 02:15:52
5.224 148.293 774.634 02:15:53
5.164 247.780 1287.805 02:15:54
5.224 171.976 772.683 02:15:55
5.176 245.073 2025.854 02:15:56
5.228 152.293 794.634 02:15:57
5.228 148.293 771.220 02:15:58
5.220 161.780 838.537 02:15:59
5.228 148.390 807.805 02:16:00
5.224 162.293 852.683 02:16:01
5.228 148.390 776.098 02:16:02
5.112 498.756 2633.659 02:16:03
5.228 148.878 779.024 02:16:04
5.228 148.585 776.098 02:16:05
5.228 152.780 797.073 02:16:06
5.228 148.293 772.683 02:16:07
5.224 161.683 844.878 02:16:08
5.228 148.683 778.537 02:16:09
5.196 259.976 1303.415 02:16:10
5.224 149.098 772.683 02:16:11
5.212 202.780 839.024 02:16:12
5.224 152.585 793.659 02:16:13
5.228 148.195 772.683 02:16:14
5.224 161.878 844.878 02:16:16
5.228 148.390 774.634 02:16:17
5.220 249.366 1322.927 02:16:18
5.228 148.585 776.098 02:16:19
5.144 247.366 1290.732 02:16:20
5.228 151.878 796.098 02:16:21
5.228 148.098 771.220 02:16:22
5.224 164.195 854.146 02:16:23
5.228 150.780 787.805 02:16:24
5.220 164.293 861.463 02:16:25
5.224 149.683 788.780 02:16:26
5.120 484.659 2499.024 02:16:27
5.228 150.780 789.756 02:16:28
5.228 148.293 775.122 02:16:29
5.228 152.488 798.537 02:16:30
5.228 148.488 777.073 02:16:31
5.212 193.293 1096.585 02:16:32
5.228 147.976 779.024 02:16:33
5.172 337.976 1565.854 02:16:34
5.224 150.976 920.488 02:16:35
5.128 455.146 2512.195 02:16:36
5.224 153.098 788.780 02:16:37
5.228 162.195 787.805 02:16:38
5.228 155.585 810.244 02:16:39
5.228 150.878 788.780 02:16:40
5.220 164.195 856.585 02:16:41
5.228 148.878 777.561 02:16:42
5.168 495.659 2415.122 02:16:43
5.228 148.683 772.683 02:16:44
5.228 148.488 772.683 02:16:45
5.224 148.293 780.976 02:16:46
5.228 147.780 777.073 02:16:47
5.224 161.683 849.756 02:16:48
5.228 149.195 774.634 02:16:49
5.116 490.341 2508.780 02:16:50
5.224 149.293 775.122 02:16:51
5.228 149.195 780.000 02:16:52
5.224 155.073 810.244 02:16:53
5.224 150.976 787.805 02:16:54
5.220 164.390 856.585 02:16:55
5.228 150.878 783.902 02:16:56
5.148 254.683 1322.927 02:16:57
5.228 150.878 789.756 02:16:58
5.228 150.585 786.341 02:16:59
5.224 152.683 797.073 02:17:00
5.224 148.780 780.976 02:17:01
5.220 161.585 849.756 02:17:02
5.228 148.683 776.098 02:17:03
5.196 290.073 1318.537 02:17:04
5.208 148.780 777.073 02:17:05
5.208 149.976 780.000 02:17:06
5.228 152.488 798.537 02:17:07
5.228 148.488 777.561 02:17:08
5.224 161.976 846.341 02:17:09
5.228 148.390 777.561 02:17:10
5.192 248.976 1534.634 02:17:11
5.228 148.585 775.122 02:17:12
5.176 285.073 1449.756 02:17:13
5.228 148.780 776.098 02:17:14
5.228 148.878 776.098 02:17:15
5.220 164.195 856.585 02:17:16
5.224 150.878 788.780 02:17:17
5.220 167.488 1065.366 02:17:18
5.224 150.878 788.780 02:17:19
5.120 476.756 2560.000 02:17:20
5.224 150.585 784.878 02:17:21
5.216 181.488 954.146 02:17:22
5.224 152.780 798.537 02:17:23
5.228 148.098 774.634 02:17:24
5.224 161.878 847.317 02:17:25
5.224 148.878 777.561 02:17:26
5.220 163.878 856.585 02:17:27
5.224 151.098 787.317 02:17:28
5.192 261.976 1336.098 02:17:29
5.224 160.976 790.244 02:17:30
5.228 151.195 788.780 02:17:31
5.220 164.488 858.537 02:17:32
5.228 148.585 777.073 02:17:33
5.220 163.780 853.659 02:17:34
5.224 148.488 772.195 02:17:35
5.144 411.756 2143.415 02:17:36
5.228 148.585 776.098 02:17:37
5.224 148.780 777.561 02:17:38
5.224 162.073 843.902 02:17:39
5.228 148.585 777.561 02:17:40
5.220 162.488 846.341 02:17:41
5.228 148.098 773.659 02:17:42
5.220 165.390 867.317 02:17:43
5.224 149.683 783.902 02:17:44
5.184 286.878 1448.293 02:17:45
5.224 152.683 797.073 02:17:46
5.228 148.683 777.561 02:17:47
5.224 161.976 843.902 02:17:48
5.228 147.878 777.561 02:17:49
5.204 177.073 923.902 02:17:50
5.224 170.878 791.220 02:17:51
5.220 240.780 1250.244 02:17:52
5.228 148.293 777.073 02:17:53
5.228 148.585 776.098 02:17:54
5.228 152.976 801.463 02:17:55
5.224 151.098 791.220 02:17:56
5.224 164.878 862.439 02:17:57
5.228 151.098 788.780 02:17:58
5.192 254.073 1301.951 02:17:59
5.224 152.390 795.122 02:18:00
5.192 271.366 1168.293 02:18:01
5.228 150.195 779.024 02:18:02
5.228 147.780 782.439 02:18:03
5.224 161.683 844.878 02:18:04
5.224 148.390 778.537 02:18:05
5.164 441.463 1370.732 02:18:06
5.228 148.780 777.561 02:18:07
5.192 253.268 1507.317 02:18:08
5.224 152.683 798.537 02:18:09
5.228 148.585 776.098 02:18:10
5.220 161.585 844.878 02:18:11
5.224 151.195 790.244 02:18:12
5.220 177.780 869.756 02:18:13
5.228 150.976 839.024 02:18:14
5.116 481.049 2446.341 02:18:15
5.228 148.878 778.537 02:18:16
5.228 147.780 772.195 02:18:17
5.228 152.585 797.561 02:18:18
5.228 148.683 777.073 02:18:19
5.220 161.976 846.341 02:18:20
5.228 148.683 777.561 02:18:21
5.220 179.073 856.585 02:18:22
5.224 147.488 771.220 02:18:23
5.180 304.780 1553.659 02:18:24
5.228 148.878 778.537 02:18:25
5.224 147.976 772.683 02:18:26
5.220 162.976 853.659 02:18:27
5.228 149.293 785.854 02:18:28
5.208 163.293 852.683 02:18:29
5.224 152.976 800.000 02:18:30
5.128 401.171 2487.805 02:18:31
5.224 152.976 800.000 02:18:32
5.228 148.780 777.073 02:18:33
5.228 152.780 798.537 02:18:34
5.228 147.976 774.634 02:18:35
5.220 161.878 845.366 02:18:36
5.228 151.195 788.780 02:18:37
5.192 268.780 1395.610 02:18:38
5.224 151.098 785.854 02:18:39
5.184 202.878 1055.122 02:18:41
5.228 155.195 809.756 02:18:42
5.228 150.780 789.756 02:18:43
5.220 161.878 846.341 02:18:44
5.228 148.780 777.073 02:18:45
5.224 186.073 859.024 02:18:46
5.228 147.976 776.098 02:18:47
5.116 486.146 2488.780 02:18:48
5.228 148.878 778.537 02:18:49
5.228 148.585 777.561 02:18:50
5.224 162.488 848.780 02:18:51
5.228 148.195 777.561 02:18:52
5.224 162.390 853.659 02:18:53
5.228 148.683 777.561 02:18:54
5.124 489.463 2489.756 02:18:55
5.228 148.878 778.537 02:18:56
5.208 199.976 1042.439 02:18:57
5.224 152.488 798.537 02:18:58
5.228 148.780 777.561 02:18:59
5.224 196.878 1027.805 02:19:00
5.228 168.293 867.805 02:19:01
5.224 164.585 856.585 02:19:02
5.228 149.878 782.439 02:19:03
5.200 244.878 1272.195 02:19:04
5.216 178.195 941.463 02:19:05
5.224 148.683 783.415 02:19:06
5.224 153.098 799.024 02:19:07
5.228 148.878 777.561 02:19:08
5.220 185.293 872.683 02:19:09
5.224 148.780 776.098 02:19:10
5.140 412.463 2154.634 02:19:11
5.224 148.976 779.024 02:19:12
5.224 148.488 776.098 02:19:13
5.224 152.683 798.537 02:19:14
5.228 148.098 774.634 02:19:15
5.220 162.195 850.244 02:19:16
5.224 149.390 777.073 02:19:17
5.196 164.683 858.537 02:19:18
5.228 149.195 774.634 02:19:19
5.192 316.780 1574.634 02:19:20
5.228 148.293 779.024 02:19:21
5.228 148.585 771.220 02:19:22
5.224 162.683 846.341 02:19:23
5.228 147.976 775.122 02:19:24
5.164 293.878 1520.976 02:19:25
5.224 151.195 800.000 02:19:26
5.172 343.976 1772.683 02:19:27
5.224 155.195 810.244 02:19:28
5.228 151.098 792.683 02:19:29
5.220 164.878 861.463 02:19:30
5.228 148.195 774.634 02:19:31
5.220 164.293 956.098 02:19:32
5.224 148.976 778.537 02:19:33
5.164 359.268 1828.780 02:19:34
5.228 152.878 798.537 02:19:35
5.228 148.585 776.098 02:19:36
5.220 162.390 846.341 02:19:37
5.224 147.976 778.537 02:19:38
5.224 163.073 849.756 02:19:39
5.228 148.878 777.561 02:19:40
5.120 487.463 2440.000 02:19:41
5.228 148.878 778.537 02:19:42
5.224 148.488 777.073 02:19:43
5.224 174.390 798.537 02:19:44
5.228 148.683 777.561 02:19:45
5.224 161.976 845.366 02:19:46
5.228 149.488 786.341 02:19:47
5.120 426.049 2134.634 02:19:48
5.228 148.293 778.537 02:19:49
5.180 226.073 1175.610 02:19:50
5.228 149.585 781.463 02:19:51
5.228 148.585 777.073 02:19:52
5.224 161.976 846.341 02:19:53
5.228 148.098 823.415 02:19:54
5.220 164.073 852.683 02:19:55
5.228 148.683 774.634 02:19:56
5.196 229.268 1169.268 02:19:57
5.228 152.878 798.537 02:19:58
5.228 148.098 807.317 02:19:59
5.220 162.780 846.341 02:20:00
5.224 148.976 777.561 02:20:01
5.192 260.585 1489.756 02:20:02
5.216 148.976 780.000 02:20:03
5.192 164.683 853.659 02:20:04
5.228 149.488 780.976 02:20:05
5.156 481.659 2466.341 02:20:06
5.228 148.585 776.098 02:20:07
5.228 150.488 786.341 02:20:08
5.220 162.293 846.341 02:20:09
5.228 148.976 779.024 02:20:10
5.116 490.659 2457.561 02:20:11
5.228 148.390 775.122 02:20:12
5.224 181.585 946.341 02:20:13
5.228 148.976 774.634 02:20:14
5.212 209.976 813.659 02:20:15
5.228 148.683 994.146 02:20:16
5.228 148.878 777.561 02:20:17
5.192 195.171 1019.024 02:20:18
5.228 148.878 775.122 02:20:19
5.168 391.073 1910.244 02:20:20
5.212 183.585 972.683 02:20:21
5.224 162.976 851.220 02:20:22
5.228 149.195 780.000 02:20:23
5.228 148.683 777.561 02:20:24
5.224 153.195 800.000 02:20:25
5.228 148.780 777.561 02:20:26
5.216 163.195 852.195 02:20:27
5.228 148.293 777.561 02:20:28
5.124 460.854 2399.512 02:20:29
5.228 148.976 779.024 02:20:30
5.180 251.488 1309.756 02:20:31
5.220 152.683 798.537 02:20:32
5.228 148.683 777.561 02:20:33
5.220 162.293 844.878 02:20:34
5.224 148.780 778.537 02:20:35
5.196 164.683 857.561 02:20:36
5.228 148.976 779.024 02:20:37
5.120 502.756 2449.756 02:20:38
5.224 151.585 792.683 02:20:39
5.224 151.195 792.195 02:20:40
5.220 164.293 858.537 02:20:41
5.228 148.878 777.561 02:20:42
5.220 162.683 850.244 02:20:43
5.228 148.878 777.561 02:20:44
5.124 491.659 2466.341 02:20:45
5.232 148.976 777.561 02:20:46
5.228 148.878 779.024 02:20:47
5.220 162.195 844.878 02:20:48
5.228 150.878 1059.024 02:20:49
5.196 166.976 872.683 02:20:50
5.228 151.878 791.220 02:20:51
5.128 476.854 2463.902 02:20:52
5.224 153.098 825.366 02:20:53
5.224 148.878 777.073 02:20:54
5.224 171.780 813.659 02:20:55
5.224 151.195 789.756 02:20:56
5.220 165.780 860.000 02:20:57
5.228 166.780 790.244 02:20:58
5.120 494.341 2531.220 02:20:59
5.228 152.585 840.976 02:21:00
5.208 205.488 1384.390 02:21:01
5.216 197.878 1031.220 02:21:02
5.228 148.585 778.537 02:21:03
5.220 173.585 855.122 02:21:04
5.228 148.976 778.537 02:21:05
5.144 406.756 2308.780 02:21:06
5.220 152.780 800.000 02:21:07
5.208 199.488 1040.488 02:21:08
5.224 150.878 779.024 02:21:09
5.228 148.098 776.098 02:21:10
5.220 168.585 849.756 02:21:11
5.228 148.098 775.122 02:21:12
5.224 163.488 933.659 02:21:13
5.228 148.488 776.098 02:21:14
5.224 155.488 811.220 02:21:15
5.228 152.878 799.024 02:21:17
5.228 148.780 777.561 02:21:18
5.224 155.585 812.683 02:21:19
5.224 151.195 789.756 02:21:20
5.144 421.756 1565.854 02:21:21
5.216 151.293 797.073 02:21:22
5.160 335.976 1736.585 02:21:23
5.224 149.098 775.122 02:21:24
5.196 265.780 1056.585 02:21:25
5.224 153.098 799.024 02:21:26
5.228 149.098 777.561 02:21:27
5.224 162.488 847.317 02:21:28
5.228 149.098 779.024 02:21:29
5.224 164.585 860.000 02:21:30
5.228 149.098 776.098 02:21:31
5.204 229.585 1178.049 02:21:32
5.224 152.976 800.000 02:21:33
5.228 148.683 779.024 02:21:34
5.224 161.780 846.341 02:21:35
5.228 148.976 777.561 02:21:36
5.224 162.976 861.463 02:21:37
5.224 149.195 777.561 02:21:38
5.124 477.854 2448.780 02:21:39
5.228 148.293 1052.683 02:21:40
5.196 207.585 1072.683 02:21:41
5.228 149.195 776.098 02:21:42
5.228 148.098 777.561 02:21:43
5.224 162.390 847.805 02:21:44
5.224 148.195 780.976 02:21:45
5.192 329.878 1309.756 02:21:46
5.228 149.780 783.415 02:21:47
5.176 303.683 1729.756 02:21:48
5.228 152.780 798.537 02:21:49
5.228 148.098 774.634 02:21:50
5.220 164.488 862.439 02:21:51
5.228 151.195 790.244 02:21:52
5.220 164.780 860.976 02:21:53
5.220 151.293 790.244 02:21:54
5.120 502.854 2530.244 02:21:55
5.228 148.780 777.561 02:21:56
5.224 150.195 786.341 02:21:57
5.224 162.780 844.878 02:21:58
5.224 149.293 780.000 02:21:59
5.212 194.976 1029.268 02:22:00
5.224 150.098 786.341 02:22:01
5.116 491.463 2509.756 02:22:02
5.228 154.073 796.098 02:22:03
5.228 152.293 795.122 02:22:04
5.224 162.073 846.341 02:22:05
5.228 149.098 779.024 02:22:06
5.224 162.293 847.805 02:22:07
5.220 160.976 836.098 02:22:08
5.192 256.683 1302.927 02:22:09
5.224 151.195 789.756 02:22:10
5.208 247.780 1286.829 02:22:11
5.224 154.780 807.805 02:22:12
5.228 151.098 790.244 02:22:13
5.220 162.195 846.341 02:22:14
5.228 148.878 778.537 02:22:15
5.212 182.390 952.683 02:22:16
5.228 148.976 777.561 02:22:17
5.140 437.366 2240.976 02:22:18
5.224 153.293 798.537 02:22:19
5.232 148.878 777.073 02:22:20
5.228 153.195 800.000 02:22:21
5.228 148.098 780.000 02:22:22
5.220 162.073 848.780 02:22:23
5.228 148.293 780.976 02:22:24
5.220 163.488 1396.098 02:22:25
5.224 148.976 777.561 02:22:26
5.224 147.976 774.634 02:22:27
5.228 202.293 780.976 02:22:28
5.224 148.780 775.122 02:22:29
5.212 192.073 1052.683 02:22:30
5.228 148.878 779.024 02:22:31
5.224 164.195 859.024 02:22:32
5.228 148.976 776.098 02:22:33
5.148 403.561 2111.707 02:22:34
5.228 149.293 776.098 02:22:35
5.224 149.585 777.561 02:22:36
5.224 162.683 844.878 02:22:37
5.228 148.293 778.537 02:22:38
5.224 164.073 856.585 02:22:39
5.228 148.390 780.000 02:22:40
5.144 420.463 2165.366 02:22:41
5.228 148.976 779.024 02:22:42
5.228 148.780 774.634 02:22:43
5.220 161.976 847.317 02:22:44
5.228 148.390 776.098 02:22:45
5.220 162.976 850.244 02:22:46
5.224 148.780 779.024 02:22:47
5.124 480.463 2488.780 02:22:48
5.224 148.976 779.024 02:22:49
5.228 151.293 787.317 02:22:50
5.228 155.488 812.195 02:22:51
5.228 151.098 790.244 02:22:52
5.220 165.390 860.000 02:22:53
5.228 151.195 791.220 02:22:54
5.220 164.073 851.220 02:22:55
5.224 152.878 798.537 02:22:56
5.204 224.683 1175.610 02:22:57
5.224 149.098 778.537 02:22:58
5.228 148.878 773.659 02:22:59
5.212 400.561 1044.390 02:23:00
5.224 148.585 780.000 02:23:01
5.192 248.073 1384.878 02:23:02
5.224 149.098 779.024 02:23:03
5.204 221.878 1151.707 02:23:04
5.224 152.780 800.000 02:23:05
5.228 148.683 777.073 02:23:06
5.224 152.976 798.537 02:23:07
5.224 149.195 777.561 02:23:08
5.224 164.293 856.585 02:23:09
5.228 149.098 777.561 02:23:10
5.116 492.951 2537.561 02:23:11
5.224 152.878 800.000 02:23:12
5.208 211.976 1109.268 02:23:13
5.224 161.780 845.366 02:23:14
5.224 148.878 779.024 02:23:15
5.224 162.780 849.756 02:23:16
5.228 148.878 777.561 02:23:17
5.220 164.293 858.537 02:23:18
5.228 148.976 779.024 02:23:19
5.204 224.171 1162.927 02:23:20
5.224 149.098 779.024 02:23:21
5.224 149.098 773.659 02:23:22
5.220 164.683 858.537 02:23:23
5.228 151.195 793.659 02:23:24
5.220 167.195 862.439 02:23:25
5.224 151.098 791.220 02:23:26
5.156 382.171 1990.732 02:23:27
5.228 149.780 782.439 02:23:28
5.196 417.268 2054.146 02:23:29
5.228 149.585 777.561 02:23:30
5.228 148.976 777.561 02:23:31
5.220 162.683 846.341 02:23:32
5.228 149.098 779.024 02:23:33
5.220 164.780 857.561 02:23:34
5.228 148.878 772.683 02:23:35
5.192 243.585 1709.756 02:23:36
5.228 148.976 779.024 02:23:37
5.224 148.683 777.561 02:23:39
5.224 149.488 779.024 02:23:40
5.228 148.878 777.073 02:23:41
5.220 163.073 849.756 02:23:42
5.224 148.976 777.561 02:23:43
5.224 163.488 855.122 02:23:44
5.228 148.976 776.098 02:23:45
5.168 345.659 2130.732 02:23:46
5.228 148.585 778.537 02:23:47
5.228 149.390 779.024 02:23:48
5.220 162.195 849.756 02:23:49
5.216 148.976 778.537 02:23:50
5.212 164.976 861.463 02:23:51
5.224 149.098 776.098 02:23:52
5.120 471.561 2132.195 02:23:53
5.228 149.585 778.537 02:23:54
5.228 148.293 774.634 02:23:55
5.220 153.195 800.000 02:23:56
5.228 148.976 778.537 02:23:57
5.224 163.073 852.195 02:23:58
5.228 148.195 780.976 02:23:59
5.116 497.341 2551.707 02:24:00
5.224 152.976 800.000 02:24:01
5.228 149.195 780.000 02:24:02
5.224 154.976 810.244 02:24:03
5.224 151.488 792.195 02:24:04
5.220 165.195 863.902 02:24:05
5.224 151.878 791.220 02:24:06
5.144 335.976 1744.878 02:24:07
5.228 151.488 792.195 02:24:08
5.228 151.390 790.244 02:24:09
5.224 153.098 798.537 02:24:10
5.228 147.585 771.220 02:24:11
5.220 162.293 847.805 02:24:12
5.228 149.488 778.537 02:24:13
5.220 164.683 860.000 02:24:14
5.220 153.195 798.537 02:24:15
5.212 221.073 1055.610 02:24:16
5.224 152.976 800.000 02:24:17
5.228 149.195 777.561 02:24:18
5.220 162.683 850.244 02:24:19
5.228 151.488 791.220 02:24:20
5.220 167.878 874.146 02:24:21
5.228 149.293 780.000 02:24:22
5.160 293.878 1505.854 02:24:23
5.208 166.488 787.805 02:24:24
5.228 148.976 778.537 02:24:25
5.224 162.683 846.341 02:24:26
5.228 148.878 779.024 02:24:27
5.224 175.390 853.659 02:24:28
5.228 148.976 779.024 02:24:29
5.116 494.244 2570.244 02:24:30
5.228 151.488 792.195 02:24:31
5.228 149.098 777.561 02:24:32
5.224 153.195 800.000 02:24:33
5.228 148.878 779.024 02:24:34
5.220 163.293 848.780 02:24:35
5.224 149.195 777.561 02:24:36
5.224 251.366 860.000 02:24:37
5.224 149.098 780.000 02:24:38
5.212 199.390 1035.610 02:24:39
5.228 149.488 780.976 02:24:40
5.224 148.098 777.561 02:24:41
5.212 200.780 1001.463 02:24:42
5.228 148.683 779.024 02:24:43
5.192 254.683 1474.634 02:24:44
5.228 149.195 779.024 02:24:45
5.140 425.171 2103.415 02:24:46
5.228 148.878 779.024 02:24:47
5.228 149.098 778.537 02:24:48
5.224 153.098 800.000 02:24:49
5.228 149.098 779.024 02:24:50
5.220 162.293 892.683 02:24:51
5.228 149.098 777.073 02:24:52
5.172 281.268 1300.488 02:24:53
5.228 148.585 777.561 02:24:54
5.196 150.390 992.683 02:24:55
5.224 148.293 782.439 02:24:56
5.224 191.390 952.683 02:24:57
5.220 167.780 850.244 02:24:58
5.228 149.293 780.000 02:24:59
5.196 344.561 1782.927 02:25:00
5.224 204.585 780.000 02:25:01
5.120 413.951 2129.268 02:25:02
5.224 148.780 777.561 02:25:03
5.224 150.098 782.439 02:25:04
5.220 164.585 859.024 02:25:05
5.228 151.878 793.659 02:25:06
5.224 165.488 863.902 02:25:07
5.228 153.488 800.976 02:25:08
5.116 500.049 2512.683 02:25:09
5.224 151.488 792.195 02:25:10
5.228 148.878 776.098 02:25:11
5.224 161.976 847.317 02:25:12
5.228 148.293 775.122 02:25:13
5.220 162.878 849.756 02:25:14
5.224 148.585 779.024 02:25:15
5.220 164.585 1148.293 02:25:16
5.228 149.390 780.000 02:25:17
5.228 148.976 779.024 02:25:18
5.224 153.098 800.000 02:25:19
5.228 148.780 777.561 02:25:20
5.224 162.390 850.244 02:25:21
5.228 148.976 774.634 02:25:22
5.220 162.976 850.244 02:25:23
5.224 158.683 828.780 02:25:24
5.224 148.293 774.634 02:25:25
5.228 153.098 800.000 02:25:26
5.224 148.976 779.024 02:25:27
5.224 162.390 847.805 02:25:28
5.228 149.780 779.024 02:25:29
5.192 343.878 1785.366 02:25:30
5.228 149.098 778.537 02:25:31
5.228 148.780 777.561 02:25:32
5.228 153.195 800.000 02:25:33
5.228 149.293 779.024 02:25:34
5.220 162.390 851.220 02:25:35
5.224 148.878 779.024 02:25:36
5.220 218.780 2244.878 02:25:37
5.228 149.195 776.098 02:25:38
5.172 271.976 1529.756 02:25:39
5.228 148.390 780.000 02:25:40
5.224 149.293 779.024 02:25:41
5.212 162.488 844.878 02:25:42
5.228 149.098 781.463 02:25:43
5.168 295.073 2174.146 02:25:44
5.228 163.293 779.024 02:25:45
5.164 347.976 1692.683 02:25:46
5.224 152.878 800.000 02:25:47
5.224 148.390 779.024 02:25:48
5.220 163.293 847.317 02:25:49
5.228 158.195 779.024 02:25:50
5.188 282.366 1667.805 02:25:51
5.228 151.488 830.244 02:25:52
5.220 157.390 822.439 02:25:53
5.228 151.488 792.683 02:25:54
5.228 150.585 789.756 02:25:55
5.224 166.195 867.317 02:25:56
5.224 148.976 777.561 02:25:58
5.192 251.780 1323.415 02:25:59
5.228 148.976 780.000 02:26:00
5.180 331.878 1716.585 02:26:01
5.224 150.098 784.878 02:26:02
5.228 149.195 781.463 02:26:03
5.224 163.073 852.195 02:26:04
5.228 149.098 779.024 02:26:05
5.220 164.195 861.463 02:26:06
5.228 149.098 779.024 02:26:07
5.116 480.244 2481.463 02:26:08
5.228 149.390 780.976 02:26:09
5.208 197.585 1031.220 02:26:10
5.224 149.195 780.976 02:26:11
5.228 148.878 779.024 02:26:12
5.224 162.976 847.805 02:26:13
5.228 148.878 778.537 02:26:14
5.220 164.293 858.537 02:26:15
5.228 149.195 777.561 02:26:16
5.196 249.683 1288.293 02:26:17
5.228 149.293 779.024 02:26:18
5.228 149.195 779.024 02:26:19
5.224 155.293 801.463 02:26:20
5.216 160.683 839.024 02:26:21
5.220 165.293 938.537 02:26:22
5.228 151.293 791.220 02:26:23
5.120 413.951 2137.073 02:26:24
5.224 151.976 790.244 02:26:25
5.228 256.683 1123.902 02:26:26
5.224 153.195 798.537 02:26:27
5.228 149.390 779.024 02:26:28
5.224 162.780 847.805 02:26:29
5.228 148.293 778.537 02:26:30
5.196 292.171 1313.171 02:26:31
5.208 150.390 785.854 02:26:32
5.172 300.780 1583.415 02:26:33
5.228 148.878 780.000 02:26:34
5.228 148.780 777.561 02:26:35
5.224 162.390 847.805 02:26:36
5.228 149.293 781.463 02:26:37
5.220 172.073 856.585 02:26:38
5.228 149.098 776.098 02:26:39
5.116 493.951 2524.878 02:26:40
5.228 149.390 780.000 02:26:41
5.228 148.878 779.024 02:26:42
5.224 153.098 801.463 02:26:43
5.228 149.780 781.463 02:26:44
5.212 198.585 1080.000 02:26:45
5.228 149.293 780.976 02:26:46
5.220 164.073 856.585 02:26:47
5.228 148.488 777.561 02:26:48
5.228 148.976 775.122 02:26:49
5.224 155.390 812.195 02:26:50
5.228 149.098 777.561 02:26:51
5.224 164.390 858.537 02:26:52
5.228 150.683 786.341 02:26:53
5.196 255.878 1353.171 02:26:54
5.228 149.098 781.463 02:26:55
5.196 255.585 1449.756 02:26:56
5.228 153.195 800.000 02:26:57
5.224 148.976 775.122 02:26:58
5.220 162.390 846.341 02:26:59
5.228 148.488 779.024 02:27:00
5.196 250.268 1302.927 02:27:01
5.228 152.780 792.195 02:27:02
5.184 309.463 1418.537 02:27:03
5.224 155.390 812.683 02:27:04
5.228 151.488 790.244 02:27:05
5.220 164.488 863.415 02:27:06
5.228 149.293 780.000 02:27:07
5.144 327.780 1404.878 02:27:08
5.224 148.976 779.024 02:27:09
5.176 307.073 1761.463 02:27:10
5.228 149.293 779.024 02:27:11
5.224 148.976 779.024 02:27:12
5.220 162.293 851.220 02:27:13
5.228 148.293 779.024 02:27:14
5.220 164.195 857.561 02:27:15
5.220 149.293 780.976 02:27:16
5.144 418.049 2149.268 02:27:17
5.228 149.098 777.561 02:27:18
5.228 148.293 779.024 02:27:19
5.224 153.195 800.976 02:27:20
5.228 149.098 776.098 02:27:21
5.224 163.195 849.756 02:27:22
5.228 149.195 779.024 02:27:23
5.224 379.268 1303.415 02:27:24
5.228 149.293 784.878 02:27:25
5.196 254.488 1420.000 02:27:26
5.224 153.195 799.024 02:27:27
5.224 148.488 780.000 02:27:28
5.220 162.195 982.927 02:27:29
5.228 149.098 779.024 02:27:30
5.220 162.878 848.780 02:27:31
5.224 148.878 780.976 02:27:32
5.120 493.561 2464.878 02:27:33
5.224 153.098 800.000 02:27:34
5.224 148.878 777.561 02:27:35
5.224 155.683 812.683 02:27:36
5.224 151.390 792.683 02:27:37
5.220 164.195 861.463 02:27:38
5.228 151.488 791.220 02:27:39
5.220 180.683 871.220 02:27:40
5.228 151.390 791.220 02:27:41
5.228 151.390 837.561 02:27:42
5.224 153.293 800.976 02:27:43
5.228 148.780 777.561 02:27:44
5.220 162.683 854.146 02:27:45
5.228 148.683 779.024 02:27:46
5.112 521.049 2632.683 02:27:47
5.228 151.585 789.756 02:27:48
5.228 151.293 790.244 02:27:49
5.224 165.976 861.463 02:27:50
5.228 150.683 790.244 02:27:51
5.220 163.585 854.146 02:27:52
5.228 149.098 776.098 02:27:53
5.144 411.659 2284.878 02:27:54
5.224 152.878 798.537 02:27:55
5.208 199.683 1040.000 02:27:56
5.224 153.293 799.024 02:27:57
5.228 149.293 779.024 02:27:58
5.224 162.683 852.683 02:27:59
5.224 154.780 808.780 02:28:00
5.220 168.683 882.439 02:28:01
5.228 151.585 792.683 02:28:02
5.200 228.073 1223.415 02:28:03
5.228 151.683 791.220 02:28:04
5.228 151.780 789.756 02:28:05
5.224 162.683 852.195 02:28:06
5.212 180.488 962.439 02:28:07
5.208 205.073 1060.000 02:28:08
5.228 149.098 776.098 02:28:09
5.168 343.366 1772.683 02:28:10
5.224 155.390 814.634 02:28:11
5.228 256.976 1333.171 02:28:12
5.228 153.098 800.000 02:28:13
5.224 148.878 778.537 02:28:14
5.224 162.488 848.780 02:28:15
5.228 148.780 776.098 02:28:16
5.224 163.293 852.683 02:28:17
5.216 181.488 946.341 02:28:18
5.144 356.756 1268.293 02:28:19
5.224 149.293 780.976 02:28:20
5.228 149.098 779.024 02:28:21
5.224 161.293 847.317 02:28:22
5.224 149.098 779.024 02:28:23
5.220 164.293 860.976 02:28:24
5.224 150.585 789.756 02:28:25
5.124 462.049 2367.317 02:28:26
5.228 150.780 787.805 02:28:27
5.224 150.585 785.854 02:28:28
5.228 163.683 854.146 02:28:29
5.228 149.293 783.415 02:28:31
5.220 162.488 853.659 02:28:32
5.228 149.098 776.098 02:28:33
5.216 165.073 862.439 02:28:34
5.228 148.976 781.463 02:28:35
5.212 220.585 1144.390 02:28:36
5.224 151.780 792.195 02:28:37
5.228 151.488 789.756 02:28:38
5.224 164.585 859.024 02:28:39
5.224 151.488 792.195 02:28:40
5.168 264.463 1369.268 02:28:41
5.224 152.878 798.537 02:28:42
5.212 257.366 1336.098 02:28:43
5.228 148.293 777.073 02:28:44
5.224 149.195 779.024 02:28:45
5.224 162.878 844.878 02:28:46
5.228 149.098 780.976 02:28:47
5.224 150.098 833.659 02:28:48
5.188 230.171 1318.537 02:28:49
5.228 148.976 779.024 02:28:50
5.228 164.976 862.439 02:28:51
5.212 190.390 991.707 02:28:52
