5.224 164.598 859.268 09:00:07
5.196 251.390 1291.463 09:00:08
5.220 163.890 856.098 09:00:09
5.228 150.195 786.341 09:00:10
5.216 175.598 945.610 09:00:11
5.116 482.366 2571.707 09:00:12
5.224 150.195 784.878 09:00:13
5.228 149.878 783.902 09:00:14
5.220 166.683 868.780 09:00:15
5.224 152.293 796.098 09:00:16
5.172 332.073 2105.854 09:00:17
5.228 150.390 786.341 09:00:18
5.144 364.463 2099.512 09:00:19
5.228 150.585 787.317 09:00:20
5.228 150.195 786.341 09:00:21
5.220 164.780 857.561 09:00:22
5.228 149.585 784.878 09:00:23
5.208 185.488 859.024 09:00:24
5.224 151.488 779.024 09:00:25
5.140 339.561 1740.488 09:00:26
5.228 150.488 785.854 09:00:27
5.220 150.293 784.878 09:00:28
5.220 157.585 822.439 09:00:29
5.224 150.195 786.341 09:00:30
5.140 429.951 2094.146 09:00:31
5.224 150.390 785.854 09:00:32
5.168 422.561 1966.341 09:00:33
5.228 150.390 786.341 09:00:34
5.228 149.976 784.878 09:00:35
5.228 154.976 809.756 09:00:36
5.228 150.293 785.854 09:00:37
5.220 165.585 860.976 09:00:38
5.228 150.390 786.341 09:00:39
5.116 511.146 2407.317 09:00:40
5.224 150.683 790.244 09:00:41
5.228 150.683 791.220 09:00:42
5.224 167.390 869.756 09:00:43
5.224 152.780 798.537 09:00:44
5.192 354.268 1848.780 09:00:45
5.228 152.976 798.537 09:00:46
5.184 234.073 813.659 09:00:47
5.224 154.683 807.317 09:00:48
5.228 150.098 784.878 09:00:49
5.220 165.390 863.415 09:00:50
5.228 150.488 786.341 09:00:51
5.128 483.244 2567.805 09:00:52
5.228 150.488 787.805 09:00:53
5.224 151.878 856.585 09:00:54
5.224 154.878 808.780 09:00:55
5.208 204.683 1070.244 09:00:56
5.220 167.073 874.146 09:00:57
5.228 150.488 786.341 09:00:58
5.156 387.268 1880.488 09:00:59
5.228 150.098 787.317 09:01:00
5.220 308.561 1354.634 09:01:01
5.228 150.878 787.805 09:01:02
5.224 154.976 847.805 09:01:03
5.168 250.366 1267.805 09:01:04
5.224 152.878 800.000 09:01:05
5.156 349.976 1916.585 09:01:06
5.224 152.976 799.024 09:01:07
5.148 225.585 1194.634 09:01:08
5.220 167.195 875.122 09:01:09
5.224 166.878 836.098 09:01:10
5.184 279.463 1611.220 09:01:11
5.208 200.976 1568.780 09:01:12
5.168 356.976 2089.756 09:01:13
5.228 150.488 787.317 09:01:14
5.212 204.683 1075.122 09:01:15
5.224 154.585 807.805 09:01:16
5.224 207.390 1174.634 09:01:17
5.220 171.488 859.024 09:01:18
5.224 154.585 807.317 09:01:19
5.116 485.756 2403.415 09:01:20
5.224 209.585 811.220 09:01:21
5.180 305.561 1465.854 09:01:22
5.228 150.683 787.805 09:01:23
5.224 157.976 889.756 09:01:24
5.224 164.976 860.000 09:01:25
5.224 151.976 794.634 09:01:26
5.192 302.561 2372.683 09:01:27
5.208 217.976 1139.512 09:01:28
5.128 424.171 2223.415 09:01:29
5.228 150.488 787.317 09:01:30
5.224 151.976 795.122 09:01:31
5.224 155.390 807.317 09:01:32
5.200 258.171 1059.024 09:01:33
5.224 157.976 1293.171 09:01:34
5.228 154.683 807.317 09:01:36
5.156 392.268 1981.951 09:01:37
5.228 150.195 787.317 09:01:38
5.224 163.878 854.146 09:01:39
5.224 163.976 860.000 09:01:40
5.224 163.878 856.098 09:01:41
5.220 166.390 872.195 09:01:42
5.228 155.585 810.244 09:01:43
5.116 498.146 2277.073 09:01:44
5.208 257.585 1458.537 09:01:45
5.208 221.488 1651.220 09:01:46
5.220 166.293 867.317 09:01:47
5.228 151.293 787.805 09:01:48
5.160 333.073 1764.878 09:01:49
5.224 154.488 808.780 09:01:50
5.140 531.756 2097.073 09:01:51
5.228 154.780 808.780 09:01:52
5.212 198.073 1059.024 09:01:53
5.228 154.683 808.780 09:01:54
5.224 150.683 787.805 09:01:55
5.224 164.390 863.902 09:01:56
5.228 157.780 825.366 09:01:57
5.140 423.659 2192.195 09:01:58
5.228 152.293 797.073 09:01:59
5.228 150.293 787.805 09:02:00
5.212 237.878 1088.780 09:02:01
5.208 205.390 1176.585 09:02:02
5.220 166.073 855.122 09:02:03
5.220 165.073 865.366 09:02:04
5.196 264.683 1319.512 09:02:05
5.200 227.268 1168.293 09:02:06
5.196 319.561 1529.756 09:02:07
5.224 164.683 823.902 09:02:08
5.224 157.195 820.976 09:02:09
5.224 163.976 876.098 09:02:10
5.224 150.488 786.341 09:02:11
5.220 166.878 867.317 09:02:12
5.224 157.488 820.976 09:02:13
5.140 487.951 2089.268 09:02:14
5.228 150.878 788.780 09:02:15
5.224 151.976 796.098 09:02:16
5.204 325.463 1130.244 09:02:17
5.208 205.171 1052.683 09:02:18
5.220 207.878 800.976 09:02:19
5.220 236.585 867.317 09:02:20
5.220 185.683 887.317 09:02:21
5.200 216.585 1278.537 09:02:22
5.172 303.683 1577.073 09:02:23
5.220 160.780 1044.390 09:02:24
5.224 160.195 832.683 09:02:25
5.220 167.878 870.244 09:02:26
5.224 152.683 801.463 09:02:27
5.216 169.780 881.463 09:02:28
5.224 154.585 1201.463 09:02:29
5.112 514.659 2518.537 09:02:30
5.228 150.976 787.317 09:02:31
5.224 150.585 790.244 09:02:32
5.224 154.683 810.244 09:02:33
5.220 164.195 857.561 09:02:34
5.220 164.488 858.537 09:02:35
5.228 150.976 787.317 09:02:36
5.124 417.951 1707.317 09:02:37
5.220 164.390 858.537 09:02:38
5.196 215.390 1110.244 09:02:39
5.224 153.293 800.976 09:02:40
5.228 161.390 799.024 09:02:41
5.220 167.073 872.683 09:02:42
5.156 228.878 1189.268 09:02:43
5.224 166.683 868.780 09:02:44
5.216 152.293 796.098 09:02:45
5.192 365.976 1275.610 09:02:46
5.192 234.366 1419.512 09:02:47
5.228 150.780 786.341 09:02:48
5.220 165.195 856.585 09:02:49
5.220 163.878 855.122 09:02:50
5.188 336.756 1735.122 09:02:51
5.224 150.878 788.780 09:02:52
5.160 361.976 1864.390 09:02:53
5.208 219.171 1081.463 09:02:54
5.220 165.488 867.317 09:02:55
5.224 164.073 1011.707 09:02:56
5.196 251.683 1308.293 09:02:57
5.220 165.878 868.780 09:02:58
5.200 224.878 1166.829 09:02:59
5.188 495.341 2528.780 09:03:00
5.220 157.780 820.976 09:03:01
5.168 308.561 1137.073 09:03:02
5.224 150.488 782.439 09:03:03
5.228 152.585 797.561 09:03:04
5.220 163.976 857.561 09:03:05
5.188 297.976 1313.171 09:03:06
5.220 167.293 962.439 09:03:07
5.208 240.780 796.098 09:03:08
5.172 343.756 1729.756 09:03:09
5.208 204.780 1062.927 09:03:10
5.204 221.390 1146.829 09:03:11
5.224 153.488 801.463 09:03:12
5.220 167.195 870.244 09:03:13
5.212 175.293 916.585 09:03:14
5.212 203.780 980.000 09:03:15
5.220 165.878 866.341 09:03:16
5.228 150.195 787.805 09:03:17
5.208 214.171 1119.512 09:03:18
5.224 150.683 783.902 09:03:19
5.216 168.390 858.537 09:03:20
5.216 162.585 787.805 09:03:21
5.116 413.268 1712.195 09:03:22
5.228 150.878 787.805 09:03:23
5.224 149.488 787.805 09:03:24
5.204 228.585 1134.146 09:03:25
5.228 150.585 872.195 09:03:26
5.220 265.366 1330.732 09:03:27
5.224 150.683 786.341 09:03:28
5.220 164.976 863.415 09:03:29
5.228 150.780 793.659 09:03:30
5.228 150.293 786.341 09:03:31
5.228 157.585 823.902 09:03:32
5.228 150.585 785.854 09:03:33
5.196 250.878 1199.512 09:03:34
5.228 150.683 787.317 09:03:35
5.120 480.146 2377.561 09:03:36
5.224 161.195 799.024 09:03:37
5.196 227.171 1199.024 09:03:38
5.228 150.976 790.244 09:03:39
5.228 150.585 787.317 09:03:40
5.224 166.683 867.805 09:03:41
5.228 152.878 786.341 09:03:43
5.220 166.878 874.146 09:03:44
5.224 152.195 794.634 09:03:45
5.196 249.585 1702.439 09:03:46
5.228 150.780 788.780 09:03:47
5.224 152.293 791.220 09:03:48
5.224 153.293 800.976 09:03:49
5.224 152.683 800.000 09:03:50
5.216 170.780 891.220 09:03:51
5.228 152.976 798.537 09:03:52
5.128 414.561 2668.780 09:03:53
5.228 153.098 800.976 09:03:54
5.200 238.073 1438.049 09:03:55
5.228 154.683 810.244 09:03:56
5.216 149.976 787.317 09:03:57
5.220 164.390 910.244 09:03:58
5.224 150.488 785.854 09:03:59
5.192 254.780 1298.537 09:04:00
5.224 161.585 1299.512 09:04:01
5.144 420.463 2460.000 09:04:02
5.228 151.780 1070.244 09:04:03
5.212 207.390 1066.829 09:04:04
5.220 155.488 810.244 09:04:05
5.228 149.780 787.805 09:04:06
5.220 166.195 867.805 09:04:07
5.228 150.585 787.317 09:04:08
5.120 335.878 1745.366 09:04:09
5.216 188.171 960.000 09:04:10
5.188 274.780 1700.000 09:04:11
5.228 149.976 789.756 09:04:12
5.228 150.585 787.805 09:04:13
5.228 158.878 823.902 09:04:14
5.228 150.683 786.341 09:04:15
5.220 188.780 869.756 09:04:16
5.228 150.585 787.317 09:04:17
5.116 492.146 2577.561 09:04:18
5.228 150.780 789.756 09:04:19
5.228 150.195 783.902 09:04:20
5.224 155.073 810.244 09:04:21
5.228 150.585 784.878 09:04:22
5.196 254.976 1308.293 09:04:23
5.228 150.585 783.902 09:04:24
5.120 470.951 2582.927 09:04:25
5.228 150.780 787.805 09:04:26
5.176 257.268 1569.756 09:04:27
5.224 158.585 826.341 09:04:28
5.224 150.683 786.341 09:04:29
5.220 164.585 858.537 09:04:30
5.228 150.585 783.415 09:04:31
5.192 166.683 869.756 09:04:32
5.224 150.780 787.317 09:04:33
5.220 181.171 863.415 09:04:34
5.220 150.878 839.024 09:04:35
5.224 150.488 786.341 09:04:36
5.224 155.073 809.756 09:04:37
5.228 150.780 787.317 09:04:38
5.212 464.146 1842.927 09:04:39
5.228 150.293 786.341 09:04:40
5.172 336.561 2087.805 09:04:41
5.224 150.780 786.341 09:04:42
5.200 278.463 1531.220 09:04:43
5.224 150.976 799.024 09:04:44
5.228 150.293 784.878 09:04:45
5.220 164.780 861.463 09:04:46
5.228 150.878 788.780 09:04:47
5.152 353.366 1797.561 09:04:48
5.228 150.976 787.805 09:04:49
5.224 150.585 787.317 09:04:50
5.224 159.976 836.098 09:04:51
5.228 152.780 798.537 09:04:52
5.220 165.195 862.439 09:04:53
5.220 163.195 852.195 09:04:54
5.124 477.659 2477.561 09:04:55
5.224 150.390 784.878 09:04:56
5.224 153.098 1340.976 09:04:57
5.204 157.780 822.439 09:04:58
5.228 152.878 801.463 09:04:59
5.220 169.585 874.146 09:05:00
5.208 202.976 1108.293 09:05:01
5.112 518.049 2545.366 09:05:02
5.224 153.390 803.415 09:05:03
5.220 156.293 1169.268 09:05:04
5.228 158.585 824.878 09:05:05
5.224 152.878 800.000 09:05:06
5.224 167.195 876.098 09:05:07
5.228 150.780 784.878 09:05:08
5.140 422.854 2083.415 09:05:09
5.228 150.585 787.805 09:05:10
5.208 215.585 1340.488 09:05:11
5.224 154.976 808.780 09:05:12
5.228 150.585 786.341 09:05:13
5.220 164.195 857.561 09:05:14
5.228 150.585 785.854 09:05:15
5.116 496.854 2634.146 09:05:16
5.224 150.976 787.805 09:05:17
5.224 150.390 786.341 09:05:18
5.228 150.390 791.220 09:05:19
5.224 150.878 789.756 09:05:20
5.220 186.780 863.415 09:05:21
5.228 150.390 786.341 09:05:22
5.120 472.463 2373.659 09:05:23
5.224 150.878 787.805 09:05:24
5.224 152.976 798.537 09:05:25
5.224 157.390 823.902 09:05:26
5.224 152.976 798.537 09:05:27
5.220 167.073 872.683 09:05:28
5.224 152.976 802.439 09:05:29
5.172 428.756 2100.976 09:05:30
5.224 150.683 787.805 09:05:31
5.224 151.780 1085.366 09:05:32
5.224 151.098 787.317 09:05:33
5.228 150.488 786.341 09:05:34
5.224 165.195 863.902 09:05:35
5.224 150.488 787.317 09:05:36
5.112 511.463 2585.366 09:05:37
5.228 150.780 789.756 09:05:38
5.228 149.976 787.317 09:05:39
5.224 157.683 824.878 09:05:40
5.228 150.878 783.415 09:05:41
5.220 166.293 861.463 09:05:42
5.228 150.585 786.341 09:05:43
5.128 422.268 2173.171 09:05:44
5.228 150.976 786.341 09:05:46
5.212 152.293 795.122 09:05:47
5.228 152.683 803.415 09:05:48
5.224 152.780 798.537 09:05:49
5.204 189.390 890.244 09:05:50
5.228 152.780 798.537 09:05:51
5.112 490.341 2512.683 09:05:52
5.228 150.098 784.878 09:05:53
5.172 322.659 1671.220 09:05:54
5.228 150.976 789.756 09:05:55
5.224 150.293 787.317 09:05:56
5.220 164.585 859.024 09:05:57
5.224 150.585 787.805 09:05:58
5.212 169.390 884.878 09:05:59
5.224 150.683 786.341 09:06:00
5.152 387.268 1999.512 09:06:01
5.228 151.390 789.756 09:06:02
5.224 150.683 787.317 09:06:03
5.224 164.585 858.537 09:06:04
5.224 150.780 787.805 09:06:05
5.220 168.390 876.585 09:06:06
5.216 182.390 885.366 09:06:07
5.224 150.195 787.805 09:06:08
5.220 157.585 823.902 09:06:09
5.224 150.390 784.878 09:06:10
5.220 164.976 859.024 09:06:11
5.224 158.293 832.195 09:06:12
5.124 484.756 2523.902 09:06:13
5.224 150.780 789.756 09:06:14
5.208 208.878 1061.463 09:06:15
5.228 151.098 803.902 09:06:16
5.228 150.098 786.341 09:06:17
5.220 164.780 859.024 09:06:18
5.228 150.195 787.317 09:06:19
5.136 418.171 2440.000 09:06:20
5.228 150.976 788.780 09:06:21
5.192 254.976 1665.366 09:06:22
5.228 150.390 789.756 09:06:23
5.228 149.780 785.854 09:06:24
5.220 164.780 867.317 09:06:25
5.224 150.683 786.341 09:06:26
5.128 478.756 2361.951 09:06:27
5.224 153.098 803.415 09:06:28
5.224 152.488 798.537 09:06:29
5.228 153.390 803.415 09:06:30
5.228 152.683 800.976 09:06:31
5.216 171.293 888.780 09:06:32
5.224 153.098 800.000 09:06:33
5.116 496.146 2547.805 09:06:34
5.224 150.780 787.805 09:06:35
5.228 149.878 784.878 09:06:36
5.224 157.976 823.902 09:06:37
5.228 149.878 787.317 09:06:38
5.124 331.659 1675.122 09:06:39
5.228 150.878 790.244 09:06:40
5.124 415.756 2145.854 09:06:41
5.216 206.171 1013.659 09:06:42
5.224 150.390 785.854 09:06:43
5.220 165.683 1110.732 09:06:44
5.212 150.976 787.805 09:06:45
5.192 386.171 1703.902 09:06:46
5.228 154.390 787.317 09:06:47
5.144 417.049 1537.073 09:06:48
5.228 150.976 789.756 09:06:49
5.228 150.585 785.854 09:06:50
5.220 158.195 827.317 09:06:51
5.224 152.976 800.000 09:06:52
5.220 166.390 866.341 09:06:53
5.228 150.878 837.561 09:06:54
5.120 245.171 1298.537 09:06:55
5.228 150.585 789.756 09:06:56
5.228 150.683 786.341 09:06:57
5.224 157.683 825.366 09:06:58
5.224 151.098 786.341 09:06:59
5.220 165.390 865.366 09:07:00
5.228 165.585 1644.878 09:07:01
5.116 472.463 2582.439 09:07:02
5.228 150.878 789.756 09:07:03
5.228 150.878 784.878 09:07:04
5.224 158.293 827.317 09:07:05
5.224 150.683 787.805 09:07:06
5.144 325.878 2169.756 09:07:07
5.228 149.976 793.659 09:07:08
5.124 486.463 2448.780 09:07:09
5.224 154.878 806.341 09:07:10
5.228 150.683 786.341 09:07:11
5.220 165.195 861.463 09:07:12
5.228 150.683 786.341 09:07:13
5.172 264.683 1040.000 09:07:14
5.228 151.390 792.683 09:07:15
5.112 482.561 2582.927 09:07:16
5.228 151.195 787.805 09:07:17
5.228 150.585 787.805 09:07:18
5.224 165.293 858.537 09:07:19
5.228 150.683 785.854 09:07:20
5.176 170.878 873.659 09:07:21
5.228 149.976 787.805 09:07:22
5.168 369.561 1830.244 09:07:23
5.224 150.683 787.805 09:07:24
5.228 150.683 872.195 09:07:25
5.216 158.488 823.902 09:07:26
5.228 150.780 786.341 09:07:27
5.224 327.659 1594.634 09:07:28
5.228 150.683 788.780 09:07:29
5.128 508.659 2607.317 09:07:30
5.228 151.098 789.756 09:07:31
5.228 150.488 787.317 09:07:32
5.224 165.073 862.439 09:07:33
5.228 150.683 785.854 09:07:34
5.204 166.585 870.244 09:07:35
5.228 150.878 789.756 09:07:36
5.144 489.756 2448.293 09:07:37
5.228 150.585 787.805 09:07:38
5.228 150.098 786.341 09:07:39
5.224 154.976 809.756 09:07:40
5.228 150.098 786.341 09:07:41
5.220 165.585 860.000 09:07:42
5.224 150.585 787.805 09:07:43
5.120 456.463 2376.098 09:07:44
5.228 150.976 787.805 09:07:45
5.200 158.390 796.098 09:07:46
5.228 150.976 789.756 09:07:47
5.228 150.585 786.341 09:07:48
5.224 167.073 873.659 09:07:49
5.224 150.195 787.317 09:07:50
5.116 499.463 2576.585 09:07:52
5.228 150.878 788.780 09:07:53
5.208 201.073 1050.244 09:07:54
5.224 150.878 789.756 09:07:55
5.228 150.488 786.341 09:07:56
5.220 165.585 873.659 09:07:57
5.224 150.683 789.756 09:07:58
5.148 498.341 2158.049 09:07:59
5.224 150.683 787.805 09:08:00
5.208 213.073 1116.585 09:08:01
5.224 150.976 787.805 09:08:02
5.228 150.683 787.805 09:08:03
5.224 152.585 792.195 09:08:04
5.224 150.390 787.805 09:08:05
5.144 252.780 1313.171 09:08:06
5.224 150.585 787.317 09:08:07
5.144 414.561 2130.732 09:08:08
5.224 150.780 788.780 09:08:09
5.212 264.878 1360.488 09:08:10
5.224 150.585 791.220 09:08:11
5.224 150.878 786.341 09:08:12
5.224 175.195 826.341 09:08:13
5.224 150.683 787.805 09:08:14
5.192 251.878 1314.146 09:08:15
5.228 150.976 946.341 09:08:16
5.200 258.073 1269.268 09:08:17
5.224 154.976 810.244 09:08:18
5.228 149.780 786.341 09:08:19
5.224 155.390 812.195 09:08:20
5.228 150.293 787.317 09:08:21
5.140 422.561 2176.098 09:08:22
5.228 150.683 786.341 09:08:23
5.220 164.780 858.537 09:08:24
5.228 153.390 800.976 09:08:25
5.184 279.463 1440.000 09:08:26
5.224 157.390 822.439 09:08:27
5.224 152.976 798.537 09:08:28
5.212 157.293 820.976 09:08:29
5.228 150.780 787.805 09:08:30
5.192 248.488 1292.195 09:08:31
5.224 150.780 786.341 09:08:32
5.220 164.585 863.902 09:08:33
5.224 150.878 788.780 09:08:34
5.228 150.195 786.341 09:08:35
5.228 151.195 787.805 09:08:36
5.228 152.780 799.024 09:08:37
5.220 167.488 878.537 09:08:38
5.228 169.683 801.463 09:08:39
5.180 484.049 2120.488 09:08:40
5.228 153.195 800.000 09:08:41
5.208 208.073 1088.780 09:08:42
5.224 155.390 812.683 09:08:43
5.228 150.976 783.415 09:08:44
5.220 164.878 859.024 09:08:45
5.228 150.683 783.902 09:08:46
5.180 255.488 1316.098 09:08:47
5.228 150.976 784.878 09:08:48
5.228 150.195 787.805 09:08:49
5.228 158.683 822.439 09:08:50
5.228 150.488 785.854 09:08:51
5.224 165.585 863.415 09:08:52
5.224 150.683 787.805 09:08:53
5.120 522.854 2567.805 09:08:54
5.228 150.780 787.317 09:08:55
5.192 275.171 1448.293 09:08:56
5.224 150.976 787.317 09:08:57
5.224 150.683 784.878 09:08:58
5.220 167.585 868.780 09:08:59
5.224 151.195 787.317 09:09:00
5.100 701.537 2504.878 09:09:01
5.228 152.390 787.805 09:09:02
5.196 273.683 1339.512 09:09:03
5.228 150.976 788.780 09:09:04
5.228 151.195 789.756 09:09:05
5.220 167.195 872.195 09:09:06
5.228 162.878 851.220 09:09:07
5.196 251.878 1307.317 09:09:08
5.208 153.195 800.000 09:09:09
5.168 173.488 876.098 09:09:10
5.228 150.780 789.756 09:09:11
5.228 150.585 783.415 09:09:12
5.220 157.780 823.902 09:09:13
5.224 150.390 786.341 09:09:14
5.192 312.366 1605.854 09:09:15
5.224 153.683 1106.341 09:09:16
5.132 474.561 2428.293 09:09:17
5.228 153.098 797.073 09:09:18
5.204 208.390 1106.829 09:09:19
5.220 202.488 825.366 09:09:20
5.228 153.390 799.024 09:09:21
5.220 165.585 860.000 09:09:22
5.228 150.488 783.415 09:09:23
5.112 492.951 2297.561 09:09:24
5.228 150.780 789.756 09:09:25
5.228 150.293 787.317 09:09:26
5.224 160.293 837.561 09:09:27
5.228 152.878 798.537 09:09:28
5.208 170.878 890.244 09:09:29
5.228 153.098 800.000 09:09:30
5.116 492.561 2557.561 09:09:31
5.224 150.878 784.878 09:09:32
5.224 150.585 787.317 09:09:33
5.228 158.195 821.463 09:09:34
5.224 150.488 823.415 09:09:35
5.220 166.585 873.659 09:09:36
5.220 164.195 858.537 09:09:37
5.124 455.854 2347.317 09:09:38
5.220 156.976 821.463 09:09:39
5.220 152.976 981.463 09:09:40
5.224 157.293 818.537 09:09:41
5.228 154.293 832.195 09:09:42
5.220 167.073 868.780 09:09:43
5.228 150.585 788.780 09:09:44
5.128 484.659 2486.341 09:09:45
5.224 150.878 787.805 09:09:46
5.208 205.780 1063.902 09:09:47
5.224 152.390 786.341 09:09:48
5.224 153.098 801.463 09:09:49
5.220 167.488 872.683 09:09:50
5.228 150.683 787.805 09:09:51
5.120 483.244 2255.610 09:09:52
5.228 150.390 789.756 09:09:53
5.228 150.585 787.317 09:09:54
5.228 151.098 789.756 09:09:55
5.228 150.585 781.463 09:09:56
5.220 165.976 863.415 09:09:57
5.224 150.683 787.805 09:09:58
5.132 443.756 2420.000 09:09:59
5.212 171.073 1204.390 09:10:00
5.172 304.976 1778.537 09:10:01
5.228 151.098 788.780 09:10:02
5.224 151.488 791.220 09:10:03
5.224 164.878 861.463 09:10:04
5.228 150.780 786.341 09:10:05
5.136 412.268 1413.659 09:10:06
5.228 150.195 1066.829 09:10:08
5.180 250.878 2353.659 09:10:09
5.228 150.195 787.805 09:10:10
5.220 172.293 924.878 09:10:11
5.220 157.488 823.415 09:10:12
5.228 155.488 800.000 09:10:13
5.220 168.390 874.146 09:10:14
5.228 156.488 800.000 09:10:15
5.196 251.976 1497.073 09:10:16
5.224 150.585 787.805 09:10:17
5.228 150.390 786.341 09:10:18
5.228 158.293 826.341 09:10:19
5.228 151.488 797.073 09:10:20
5.220 176.195 856.585 09:10:21
5.228 150.683 787.317 09:10:22
5.116 509.756 2556.585 09:10:23
5.228 150.683 787.805 09:10:24
5.224 150.293 786.341 09:10:25
5.212 187.488 980.488 09:10:26
5.224 151.098 787.805 09:10:27
5.224 165.073 861.463 09:10:28
5.224 152.976 799.024 09:10:29
5.116 482.463 2410.244 09:10:30
5.228 153.195 800.976 09:10:31
5.228 150.683 786.341 09:10:32
5.220 158.390 828.780 09:10:33
5.224 152.976 799.024 09:10:34
5.220 169.780 883.902 09:10:35
5.224 152.878 800.000 09:10:36
5.116 489.049 2547.805 09:10:37
5.224 152.976 800.000 09:10:38
5.200 278.976 1419.512 09:10:39
5.228 150.976 789.756 09:10:40
5.228 150.488 782.439 09:10:41
5.220 165.073 860.976 09:10:42
5.228 150.585 783.902 09:10:43
5.188 257.073 1682.439 09:10:44
5.228 150.780 787.805 09:10:45
5.188 339.878 1733.659 09:10:46
5.228 150.293 787.317 09:10:47
5.228 150.585 788.780 09:10:48
5.220 164.390 858.537 09:10:49
5.228 152.976 799.024 09:10:50
5.176 336.171 2039.512 09:10:51
5.224 209.171 800.000 09:10:52
5.204 212.488 1108.293 09:10:53
5.224 157.976 823.902 09:10:54
5.220 152.878 847.317 09:10:55
5.220 167.488 868.780 09:10:56
5.224 150.585 787.317 09:10:57
5.124 486.951 2406.341 09:10:58
5.224 151.195 788.780 09:10:59
5.228 149.780 786.341 09:11:00
5.224 165.293 1423.415 09:11:01
5.224 151.293 791.220 09:11:02
5.220 166.878 872.195 09:11:03
5.228 150.976 789.756 09:11:04
5.120 524.756 2686.829 09:11:05
5.228 150.780 787.805 09:11:06
5.192 282.268 1465.854 09:11:07
5.224 150.683 789.756 09:11:08
5.228 150.488 786.341 09:11:09
5.220 164.878 863.902 09:11:10
5.228 150.683 787.805 09:11:11
5.120 494.049 2595.122 09:11:12
5.228 150.780 787.317 09:11:13
5.128 248.366 1303.415 09:11:14
5.228 151.488 791.220 09:11:15
5.224 150.390 784.878 09:11:16
5.224 157.780 824.878 09:11:17
5.224 150.488 787.317 09:11:18
5.220 166.683 872.195 09:11:19
5.228 150.585 815.122 09:11:20
5.196 280.171 1296.585 09:11:21
5.224 150.780 787.805 09:11:22
5.224 150.195 783.902 09:11:23
5.228 157.878 823.415 09:11:24
5.224 150.780 786.341 09:11:25
5.220 176.683 862.439 09:11:26
5.224 150.780 787.317 09:11:27
5.120 441.854 2417.561 09:11:28
5.228 150.780 788.780 09:11:29
5.224 150.293 786.341 09:11:30
5.220 155.073 810.244 09:11:31
5.228 150.780 783.902 09:11:32
5.220 166.976 872.195 09:11:33
5.228 150.488 786.341 09:11:34
5.144 409.561 2511.220 09:11:35
5.228 155.195 787.805 09:11:36
5.208 207.683 1057.561 09:11:37
5.224 150.878 807.317 09:11:38
5.224 150.585 786.341 09:11:39
5.216 164.390 867.317 09:11:40
5.224 150.878 787.317 09:11:41
5.108 516.049 2656.585 09:11:42
5.224 150.780 787.805 09:11:43
5.120 468.049 2499.024 09:11:44
5.228 150.878 787.317 09:11:45
5.228 150.390 786.341 09:11:46
5.220 164.390 857.561 09:11:47
5.228 150.683 785.854 09:11:48
5.108 406.756 2249.756 09:11:49
5.228 150.683 787.317 09:11:50
5.180 254.073 1319.512 09:11:51
5.228 150.683 787.317 09:11:52
5.208 220.976 1076.585 09:11:53
5.224 156.780 861.463 09:11:54
5.228 150.585 786.341 09:11:55
5.220 166.780 869.756 09:11:56
5.228 150.390 787.317 09:11:57
5.144 413.659 2160.488 09:11:58
5.228 150.878 787.317 09:11:59
5.180 319.976 1742.439 09:12:00
5.224 154.780 809.756 09:12:01
5.224 150.390 785.854 09:12:02
5.224 204.390 1030.244 09:12:03
5.224 150.878 787.805 09:12:04
5.220 166.585 873.659 09:12:05
5.228 150.683 787.805 09:12:06
5.192 251.976 1620.000 09:12:07
5.228 161.488 787.805 09:12:08
5.208 201.171 1049.268 09:12:09
5.224 155.073 980.000 09:12:10
5.228 149.976 785.854 09:12:11
5.208 221.683 998.049 09:12:12
5.216 177.195 924.878 09:12:13
5.164 338.561 1746.341 09:12:14
5.224 150.780 789.756 09:12:15
5.144 332.780 1737.561 09:12:16
5.224 151.390 789.756 09:12:17
5.228 150.390 786.341 09:12:19
5.212 151.098 789.756 09:12:20
5.228 150.488 785.854 09:12:21
5.220 166.488 872.683 09:12:22
5.224 150.488 787.805 09:12:23
5.192 253.780 1291.707 09:12:24
5.224 151.098 791.220 09:12:25
5.144 334.366 1733.659 09:12:26
5.228 150.780 787.805 09:12:27
5.228 150.293 787.805 09:12:28
5.220 164.390 858.537 09:12:29
5.228 150.488 783.415 09:12:30
5.220 165.878 867.317 09:12:31
5.228 150.098 787.805 09:12:32
5.224 166.073 867.805 09:12:33
5.228 151.098 787.805 09:12:34
5.228 150.488 787.805 09:12:35
5.224 154.293 810.244 09:12:36
5.228 155.073 786.341 09:12:37
5.220 240.171 942.439 09:12:38
5.224 150.098 787.317 09:12:39
5.116 486.854 2492.683 09:12:40
5.228 150.780 787.805 09:12:41
5.200 311.171 1572.683 09:12:42
5.228 150.976 793.659 09:12:43
5.228 150.098 787.317 09:12:44
5.224 165.073 874.146 09:12:45
5.224 150.780 789.756 09:12:46
5.148 254.268 1295.610 09:12:47
5.224 150.683 787.805 09:12:48
5.176 315.561 1899.024 09:12:49
5.224 150.780 789.756 09:12:50
5.224 150.683 782.439 09:12:51
5.220 164.293 861.463 09:12:52
5.228 150.488 787.317 09:12:53
5.220 399.659 1329.756 09:12:54
5.224 150.683 786.341 09:12:55
5.116 493.561 2271.220 09:12:56
5.224 150.098 787.805 09:12:57
5.224 164.293 857.561 09:12:58
5.224 153.585 801.463 09:12:59
5.224 152.780 798.537 09:13:00
5.220 170.585 1981.951 09:13:01
5.224 152.976 799.024 09:13:02
5.160 419.951 2233.171 09:13:03
5.228 150.585 786.341 09:13:04
5.204 166.585 922.927 09:13:05
5.224 151.195 788.780 09:13:06
5.228 151.195 1087.805 09:13:07
5.228 151.195 789.756 09:13:08
5.228 150.488 783.902 09:13:09
5.200 267.463 873.659 09:13:10
5.224 152.390 794.634 09:13:11
5.212 256.463 1509.756 09:13:12
5.228 150.683 786.341 09:13:13
5.120 482.244 2492.195 09:13:14
5.228 150.878 787.805 09:13:15
5.228 150.878 786.341 09:13:16
5.224 155.073 812.195 09:13:17
5.224 150.585 787.317 09:13:18
5.192 263.878 1319.512 09:13:19
5.228 151.098 784.878 09:13:20
5.140 419.854 1756.585 09:13:21
5.224 155.390 808.780 09:13:22
5.228 152.585 800.000 09:13:23
5.220 154.976 878.537 09:13:24
5.228 159.683 795.122 09:13:25
5.220 164.878 859.024 09:13:26
5.228 149.780 787.805 09:13:27
5.164 359.854 2112.195 09:13:28
5.224 150.195 787.805 09:13:29
5.192 213.878 1497.073 09:13:30
5.228 153.390 802.439 09:13:31
5.224 152.976 797.073 09:13:32
5.220 168.073 876.098 09:13:33
5.228 151.098 787.805 09:13:34
5.124 473.463 2512.195 09:13:35
5.228 150.976 803.902 09:13:36
5.160 303.878 1537.561 09:13:37
5.224 151.585 797.073 09:13:38
5.228 150.780 787.805 09:13:39
5.220 165.195 860.000 09:13:40
5.228 150.683 783.902 09:13:41
5.220 167.390 878.537 09:13:42
5.224 150.780 787.805 09:13:43
5.164 341.268 1849.268 09:13:44
5.228 150.780 784.878 09:13:45
5.228 149.683 786.341 09:13:46
5.224 155.073 807.317 09:13:47
5.224 150.488 789.756 09:13:48
5.220 165.293 865.366 09:13:49
5.224 151.195 787.805 09:13:50
5.148 390.268 2045.854 09:13:51
5.228 154.780 807.805 09:13:52
5.224 188.073 822.439 09:13:53
5.220 164.976 858.537 09:13:54
5.224 150.780 836.098 09:13:55
5.224 167.195 875.122 09:13:56
5.228 150.780 785.854 09:13:57
5.116 464.854 2470.244 09:13:58
5.228 150.780 787.805 09:13:59
5.192 250.268 1337.073 09:14:00
5.228 150.976 789.756 09:14:01
5.228 206.780 1094.146 09:14:02
5.224 165.195 816.098 09:14:03
5.228 151.976 794.634 09:14:04
5.144 333.976 1727.805 09:14:05
5.224 151.780 788.780 09:14:06
5.224 163.976 860.000 09:14:07
5.220 150.976 788.780 09:14:08
5.220 165.073 861.463 09:14:09
5.224 153.390 803.415 09:14:10
5.224 152.976 799.024 09:14:11
5.200 266.463 1369.268 09:14:12
5.224 153.098 799.024 09:14:13
5.192 251.780 1307.317 09:14:14
5.224 150.780 792.683 09:14:15
5.224 165.976 865.366 09:14:16
5.224 150.878 788.780 09:14:17
5.172 308.268 1386.829 09:14:18
5.228 151.195 791.220 09:14:19
5.228 150.390 786.341 09:14:20
5.224 166.293 868.780 09:14:21
5.224 150.585 787.805 09:14:22
5.168 250.683 1301.951 09:14:24
5.224 151.780 791.220 09:14:25
5.220 165.488 860.976 09:14:26
5.224 150.488 788.780 09:14:27
5.224 150.488 787.317 09:14:28
5.220 167.780 823.902 09:14:29
5.228 150.780 783.415 09:14:30
5.172 345.659 1751.707 09:14:31
5.228 150.585 1080.000 09:14:32
5.144 406.951 2099.512 09:14:33
5.228 150.780 787.805 09:14:34
5.228 150.195 782.439 09:14:35
5.228 151.098 789.756 09:14:36
5.228 150.585 783.902 09:14:37
5.220 164.683 860.000 09:14:38
5.228 150.780 786.341 09:14:39
5.168 332.366 1720.000 09:14:40
5.228 150.195 787.317 09:14:41
5.228 149.780 786.341 09:14:42
5.224 157.780 825.366 09:14:43
5.228 150.390 785.854 09:14:44
5.220 165.488 861.463 09:14:45
5.224 150.585 786.341 09:14:46
5.116 488.951 2690.244 09:14:47
5.224 150.780 787.317 09:14:48
5.184 276.976 1103.902 09:14:49
5.224 153.390 802.439 09:14:50
5.224 152.780 797.561 09:14:51
5.188 334.561 1345.854 09:14:52
5.224 152.976 799.024 09:14:53
5.108 489.244 2556.585 09:14:54
5.228 150.780 787.317 09:14:55
5.180 293.976 1526.341 09:14:56
5.228 150.976 787.805 09:14:57
5.224 150.195 783.415 09:14:58
5.228 155.683 896.585 09:14:59
5.224 150.585 787.317 09:15:00
5.112 388.561 2012.683 09:15:01
5.224 150.976 791.220 09:15:02
5.192 253.488 1306.829 09:15:03
5.228 150.780 789.756 09:15:04
5.176 338.976 1677.561 09:15:05
5.228 152.195 792.195 09:15:06
5.228 150.683 789.756 09:15:07
5.220 166.488 871.220 09:15:08
5.228 149.878 784.878 09:15:09
5.172 369.756 1735.122 09:15:10
5.228 151.098 783.415 09:15:11
5.224 164.585 863.902 09:15:12
5.224 151.098 787.805 09:15:13
5.228 150.390 786.341 09:15:14
5.224 153.878 803.415 09:15:15
5.224 152.390 794.634 09:15:16
5.168 409.854 2147.317 09:15:17
5.228 150.780 783.415 09:15:18
5.124 454.756 2094.634 09:15:19
5.228 150.780 787.805 09:15:20
5.192 258.073 1340.976 09:15:21
5.224 151.488 792.195 09:15:22
5.228 150.683 787.805 09:15:23
5.220 165.488 863.902 09:15:24
5.228 150.780 787.805 09:15:25
5.136 405.463 1727.317 09:15:26
5.228 150.683 783.902 09:15:27
5.224 223.073 1415.610 09:15:28
5.228 150.878 787.805 09:15:29
5.224 150.488 784.878 09:15:30
5.220 165.195 860.976 09:15:31
5.228 150.585 787.317 09:15:32
5.216 166.780 869.756 09:15:33
5.228 150.780 815.122 09:15:34
5.196 252.366 1309.268 09:15:35
5.224 153.195 800.000 09:15:36
5.224 152.683 798.537 09:15:37
5.224 156.976 822.439 09:15:38
5.228 152.780 800.000 09:15:39
5.220 167.488 872.683 09:15:40
5.228 150.585 787.317 09:15:41
5.128 462.366 2429.756 09:15:42
5.228 150.780 783.902 09:15:43
5.192 306.171 1587.317 09:15:44
5.224 150.098 784.878 09:15:45
5.228 149.780 782.439 09:15:46
5.220 181.488 946.341 09:15:47
5.224 150.585 787.317 09:15:48
5.156 318.780 1789.268 09:15:49
5.224 150.780 787.805 09:15:50
5.172 303.073 1786.341 09:15:51
5.224 150.098 787.805 09:15:52
5.224 150.488 786.341 09:15:53
5.224 164.585 936.585 09:15:54
5.228 150.488 786.341 09:15:55
5.116 414.268 1344.390 09:15:56
5.228 150.976 787.317 09:15:57
5.132 445.049 2161.951 09:15:58
5.228 150.195 787.805 09:15:59
5.224 150.683 789.756 09:16:00
5.224 158.683 825.366 09:16:01
5.228 149.780 786.341 09:16:02
5.224 165.488 866.341 09:16:03
5.228 152.195 793.659 09:16:04
5.132 506.756 2506.341 09:16:05
5.224 150.976 790.244 09:16:06
5.220 151.683 1094.146 09:16:07
5.228 150.976 789.756 09:16:08
5.224 150.488 786.341 09:16:09
5.224 165.293 863.415 09:16:10
5.224 150.585 786.341 09:16:11
5.144 333.561 1723.902 09:16:12
5.224 150.683 787.805 09:16:13
5.132 248.268 1301.951 09:16:14
5.228 153.195 800.976 09:16:15
5.224 152.780 797.073 09:16:16
5.224 158.073 846.341 09:16:17
5.228 151.780 787.317 09:16:18
5.192 254.171 1302.927 09:16:19
5.228 178.976 787.805 09:16:20
5.168 330.561 1815.122 09:16:21
5.228 150.780 787.805 09:16:22
5.224 150.390 786.341 09:16:23
5.220 165.073 856.585 09:16:24
5.228 150.585 784.878 09:16:25
5.168 351.366 1832.683 09:16:26
5.224 150.683 783.902 09:16:27
5.140 400.951 2053.171 09:16:28
5.224 150.780 789.756 09:16:30
5.228 150.293 780.976 09:16:31
5.228 155.073 809.756 09:16:32
5.228 150.780 786.341 09:16:33
5.220 165.390 866.341 09:16:34
5.228 150.878 783.902 09:16:35
5.120 496.463 2485.854 09:16:36
5.228 150.976 787.805 09:16:37
5.228 150.098 786.341 09:16:38
5.224 164.073 810.244 09:16:39
5.224 150.585 787.317 09:16:40
5.220 167.195 1017.561 09:16:41
5.228 150.683 786.341 09:16:42
5.112 504.951 2576.098 09:16:43
5.224 150.780 787.805 09:16:44
5.224 150.683 787.805 09:16:45
5.224 154.780 812.195 09:16:46
5.228 150.585 787.317 09:16:47
5.220 166.683 870.244 09:16:48
5.228 150.585 787.317 09:16:49
5.140 425.951 2189.268 09:16:50
5.228 151.098 789.756 09:16:51
5.228 150.488 787.317 09:16:52
5.224 158.073 825.366 09:16:53
5.224 151.585 792.195 09:16:54
5.124 332.976 1720.976 09:16:55
5.224 150.488 786.341 09:16:56
5.144 409.756 2105.854 09:16:57
5.228 150.976 788.780 09:16:58
5.228 150.390 784.878 09:16:59
5.224 157.976 827.805 09:17:00
5.224 155.390 807.317 09:17:01
5.144 387.951 1619.024 09:17:02
5.228 150.683 789.756 09:17:03
5.120 502.049 2591.707 09:17:04
5.228 153.293 800.000 09:17:05
5.224 154.976 951.220 09:17:06
5.220 167.488 872.195 09:17:07
5.228 153.293 799.024 09:17:08
5.140 341.878 1776.098 09:17:09
5.228 150.683 788.780 09:17:10
5.164 346.463 1752.683 09:17:11
5.224 150.488 782.439 09:17:12
5.208 251.683 1989.268 09:17:13
5.224 157.390 820.000 09:17:14
5.228 153.098 801.463 09:17:15
5.220 167.780 875.122 09:17:16
5.224 152.976 800.000 09:17:17
5.140 425.463 2268.293 09:17:18
5.224 154.488 803.415 09:17:19
5.216 166.390 865.366 09:17:20
5.228 150.878 789.756 09:17:21
5.228 149.683 786.341 09:17:22
5.220 164.585 860.000 09:17:23
5.228 150.683 786.341 09:17:24
5.220 254.171 2460.976 09:17:25
5.224 150.878 788.780 09:17:26
5.208 267.878 1556.098 09:17:27
5.224 154.780 810.244 09:17:28
5.204 229.780 1883.902 09:17:29
5.220 164.585 860.000 09:17:30
5.228 149.976 787.317 09:17:31
5.220 167.780 872.195 09:17:32
5.224 150.585 787.317 09:17:33
5.164 335.073 1734.146 09:17:34
5.220 151.098 788.780 09:17:35
5.224 153.976 807.317 09:17:36
5.224 165.195 858.537 09:17:37
5.228 150.585 787.317 09:17:38
5.220 165.488 866.341 09:17:39
5.228 150.585 787.317 09:17:40
5.172 407.366 2169.268 09:17:41
5.224 160.293 784.878 09:17:42
5.228 150.195 840.976 09:17:43
5.224 164.293 856.585 09:17:44
5.224 158.073 823.902 09:17:45
5.220 166.585 868.780 09:17:46
5.228 150.780 785.854 09:17:47
5.108 500.463 2558.537 09:17:48
5.224 151.195 784.878 09:17:49
5.224 163.585 859.024 09:17:50
5.220 164.878 858.537 09:17:51
5.224 163.878 856.585 09:17:52
5.216 167.683 874.146 09:17:53
5.224 150.585 786.341 09:17:54
5.160 296.171 1533.659 09:17:55
5.228 151.195 791.220 09:17:56
5.120 521.341 2559.024 09:17:57
5.220 176.585 874.146 09:17:58
5.212 188.390 968.780 09:17:59
5.220 166.488 1006.829 09:18:00
5.212 409.463 1057.561 09:18:01
5.140 426.049 2197.073 09:18:02
5.224 150.878 787.805 09:18:03
5.220 164.878 856.098 09:18:04
5.228 151.098 786.341 09:18:05
5.228 150.390 788.780 09:18:06
5.224 150.878 789.756 09:18:07
5.224 163.585 857.561 09:18:08
5.220 169.488 887.317 09:18:09
5.224 154.390 803.415 09:18:10
5.164 329.976 2021.951 09:18:11
5.228 153.195 801.463 09:18:12
5.180 312.171 1604.878 09:18:13
5.228 150.976 785.854 09:18:14
5.224 150.780 787.317 09:18:15
5.220 164.878 861.463 09:18:16
5.204 228.171 1122.927 09:18:17
5.220 167.976 871.220 09:18:18
5.224 150.488 787.805 09:18:19
5.184 277.585 1436.098 09:18:20
5.228 150.976 787.805 09:18:21
5.228 150.488 786.341 09:18:22
5.224 151.195 789.756 09:18:23
5.224 154.488 807.317 09:18:24
5.220 166.780 868.780 09:18:25
5.228 150.976 787.805 09:18:26
5.120 470.561 2614.146 09:18:27
5.228 150.878 788.780 09:18:28
5.168 367.268 1457.561 09:18:29
5.208 188.976 985.366 09:18:30
5.224 153.098 800.000 09:18:31
5.224 166.878 867.317 09:18:32
5.220 159.878 835.122 09:18:33
5.220 167.780 873.659 09:18:34
5.224 150.976 788.780 09:18:35
5.160 361.073 1844.390 09:18:36
5.228 150.976 789.756 09:18:37
5.220 163.878 857.561 09:18:38
5.220 165.488 863.415 09:18:39
5.228 152.488 796.098 09:18:40
5.192 172.195 1135.122 09:18:41
5.184 272.878 1151.707 09:18:42
5.140 363.561 1751.707 09:18:43
5.228 157.585 820.976 09:18:44
5.220 167.195 869.756 09:18:46
5.220 167.488 875.122 09:18:47
5.224 150.780 787.805 09:18:48
5.220 167.293 1559.512 09:18:49
5.212 205.878 1078.049 09:18:50
5.140 429.756 2207.317 09:18:51
5.224 154.780 807.805 09:18:52
5.228 150.683 788.780 09:18:53
5.224 157.780 823.902 09:18:54
5.224 150.780 787.805 09:18:55
5.220 171.390 1274.634 09:18:56
5.224 154.780 810.244 09:18:57
5.144 532.951 2502.439 09:18:58
5.228 150.683 787.805 09:18:59
5.200 203.585 1393.171 09:19:00
5.224 154.585 807.317 09:19:01
5.228 150.780 787.805 09:19:02
5.220 164.780 858.537 09:19:03
5.228 152.585 796.098 09:19:04
5.220 167.390 876.585 09:19:05
5.212 213.585 1140.488 09:19:06
5.164 322.659 1652.195 09:19:07
5.228 153.585 800.976 09:19:08
5.224 163.976 860.000 09:19:09
5.220 164.585 858.537 09:19:10
5.228 150.878 789.756 09:19:11
5.192 262.171 1361.951 09:19:12
5.224 154.780 994.146 09:19:13
5.144 430.171 2098.049 09:19:14
5.228 151.098 788.780 09:19:15
5.228 150.780 787.805 09:19:16
5.220 164.293 857.561 09:19:17
5.224 164.195 855.122 09:19:18
5.192 250.780 1314.634 09:19:19
5.228 152.390 798.537 09:19:20
5.144 495.244 2598.537 09:19:21
5.196 247.878 1350.732 09:19:22
5.228 150.780 786.341 09:19:23
5.220 164.293 861.463 09:19:24
5.224 150.780 787.805 09:19:25
5.220 165.073 863.415 09:19:26
5.220 163.976 856.098 09:19:27
5.132 485.756 2385.854 09:19:28
5.228 151.098 1057.561 09:19:29
5.184 205.073 1077.561 09:19:30
5.216 172.683 905.366 09:19:31
5.220 172.683 941.463 09:19:32
5.220 164.293 859.024 09:19:33
5.228 150.683 787.317 09:19:34
5.220 166.293 923.902 09:19:35
5.224 166.585 870.244 09:19:36
5.120 491.463 2465.854 09:19:37
5.216 162.976 836.585 09:19:38
5.228 153.293 799.024 09:19:39
5.220 167.073 872.195 09:19:40
5.224 153.098 800.000 09:19:41
5.196 254.488 1320.488 09:19:42
5.224 150.976 789.756 09:19:43
5.120 491.049 2115.610 09:19:44
5.196 252.683 1051.707 09:19:45
5.228 150.585 784.878 09:19:46
5.192 312.976 1298.537 09:19:47
5.224 150.585 791.220 09:19:48
5.220 165.780 861.463 09:19:49
5.228 150.976 786.341 09:19:50
5.120 483.049 2471.220 09:19:51
5.228 150.390 789.756 09:19:52
5.224 149.976 787.317 09:19:53
5.220 164.488 860.000 09:19:54
5.224 150.780 787.805 09:19:55
5.220 166.390 869.756 09:19:56
5.228 150.098 787.805 09:19:57
5.104 501.854 2547.317 09:19:58
5.224 150.098 793.659 09:19:59
5.224 157.780 896.098 09:20:00
5.224 150.585 792.195 09:20:01
5.228 151.780 792.195 09:20:02
5.224 165.976 864.878 09:20:03
5.224 150.780 787.805 09:20:04
5.216 167.390 874.146 09:20:05
5.228 150.878 788.780 09:20:06
5.204 237.073 1135.122 09:20:07
5.224 153.390 801.463 09:20:08
5.228 152.976 799.024 09:20:09
5.220 166.878 876.098 09:20:10
5.228 154.073 799.024 09:20:11
5.220 167.780 876.585 09:20:12
5.224 153.195 800.000 09:20:13
5.144 336.659 1720.000 09:20:14
5.224 150.878 787.805 09:20:15
5.224 158.195 826.341 09:20:16
5.224 164.390 858.537 09:20:17
5.228 150.488 786.341 09:20:18
5.220 166.976 872.195 09:20:19
5.228 150.878 787.805 09:20:20
5.144 344.073 1717.561 09:20:21
5.228 151.293 982.439 09:20:22
5.212 163.780 859.024 09:20:23
5.228 150.585 789.756 09:20:24
5.228 151.976 795.122 09:20:25
5.224 165.390 858.537 09:20:26
5.216 150.976 786.341 09:20:27
5.192 326.976 1344.878 09:20:28
5.228 154.585 787.805 09:20:29
5.152 461.463 2142.927 09:20:30
5.224 150.195 789.756 09:20:31
5.224 157.195 821.463 09:20:32
5.220 164.488 856.585 09:20:33
5.224 150.585 787.805 09:20:34
5.192 253.976 1322.927 09:20:35
5.228 150.488 828.780 09:20:36
5.116 504.463 2492.195 09:20:37
5.228 153.293 801.463 09:20:38
5.224 170.073 811.220 09:20:39
5.220 167.073 872.195 09:20:40
5.208 208.976 1088.780 09:20:41
5.172 255.488 1323.415 09:20:42
5.228 150.098 783.902 09:20:43
5.196 218.780 1137.073 09:20:44
5.228 150.976 788.780 09:20:45
5.224 154.585 807.317 09:20:46
5.220 165.488 863.415 09:20:47
5.224 161.195 822.439 09:20:48
5.120 490.146 2556.585 09:20:49
5.228 150.976 789.756 09:20:50
5.204 202.976 1176.585 09:20:51
5.228 154.878 808.780 09:20:52
5.224 151.098 792.195 09:20:53
5.220 164.683 863.902 09:20:54
5.220 165.878 911.707 09:20:55
5.220 173.585 868.780 09:20:56
5.200 217.780 1241.951 09:20:57
5.160 277.366 1428.293 09:20:58
5.224 151.488 788.780 09:20:59
5.208 213.780 1173.171 09:21:00
5.220 166.585 861.463 09:21:01
5.228 150.683 787.805 09:21:02
5.220 166.390 863.902 09:21:03
5.224 155.073 813.659 09:21:04
5.172 374.171 1738.537 09:21:05
5.228 151.293 789.756 09:21:06
5.228 154.488 807.317 09:21:07
5.220 164.293 863.415 09:21:08
5.224 150.683 787.805 09:21:09
5.220 167.073 872.683 09:21:11
5.220 166.293 1105.366 09:21:12
5.128 413.268 2222.439 09:21:13
5.208 215.683 1123.902 09:21:14
5.220 164.073 858.537 09:21:15
5.228 150.878 787.805 09:21:16
5.220 164.390 859.024 09:21:17
5.228 151.390 786.341 09:21:18
5.220 163.488 856.098 09:21:19
5.192 256.073 1703.902 09:21:20
5.220 164.195 856.585 09:21:21
5.120 496.463 2149.268 09:21:22
5.224 151.098 789.756 09:21:23
5.228 150.780 787.317 09:21:24
5.224 247.683 1291.707 09:21:25
5.224 158.780 829.756 09:21:26
5.220 196.683 1026.829 09:21:27
5.224 153.488 801.463 09:21:28
5.164 404.171 2484.878 09:21:29
5.208 201.073 1046.829 09:21:30
5.228 150.585 787.317 09:21:31
5.228 150.293 784.878 09:21:32
5.220 165.390 862.439 09:21:33
5.220 164.585 860.000 09:21:34
5.192 228.488 861.463 09:21:35
5.220 167.976 875.122 09:21:36
5.224 154.780 808.780 09:21:37
5.184 298.561 1808.780 09:21:38
5.228 154.683 808.780 09:21:39
5.224 150.780 787.805 09:21:40
5.220 164.780 860.976 09:21:41
5.224 152.488 797.073 09:21:42
5.200 166.976 872.683 09:21:43
5.200 206.878 1072.683 09:21:44
5.128 504.756 2461.463 09:21:45
5.224 185.683 827.805 09:21:46
5.228 150.780 787.317 09:21:47
5.224 154.780 808.780 09:21:48
5.216 163.878 856.585 09:21:49
5.192 387.854 1734.146 09:21:50
5.204 241.683 1338.537 09:21:51
5.164 395.951 2181.951 09:21:52
5.196 260.683 871.220 09:21:53
5.192 204.780 1066.829 09:21:54
5.208 207.488 1153.171 09:21:55
5.224 152.976 800.000 09:21:56
5.220 166.976 871.220 09:21:57
5.228 155.390 801.463 09:21:58
5.220 169.073 1196.585 09:21:59
5.204 219.976 1123.902 09:22:00
5.116 385.366 2123.415 09:22:01
5.228 157.780 823.902 09:22:02
5.228 151.293 788.780 09:22:03
5.224 164.585 866.341 09:22:04
5.228 150.780 787.805 09:22:05
5.220 166.390 872.195 09:22:06
5.216 157.293 826.341 09:22:07
5.120 477.244 2541.463 09:22:08
5.224 152.585 797.073 09:22:09
5.228 150.488 787.317 09:22:10
5.208 217.683 1115.122 09:22:11
5.224 163.585 855.122 09:22:12
5.224 164.878 862.439 09:22:13
5.216 165.488 863.902 09:22:14
5.140 437.951 1734.146 09:22:15
5.208 202.073 1054.146 09:22:16
5.228 150.195 786.341 09:22:17
5.228 155.780 812.195 09:22:18
5.228 150.780 787.317 09:22:19
5.216 164.585 862.439 09:22:20
5.228 154.780 807.317 09:22:21
5.172 253.488 1299.512 09:22:22
5.224 154.780 810.244 09:22:23
5.196 296.561 1318.537 09:22:24
5.228 152.195 794.634 09:22:25
5.224 155.585 810.244 09:22:26
5.220 165.878 872.195 09:22:27
5.224 152.293 795.122 09:22:28
5.224 167.293 1528.293 09:22:29
5.228 150.683 789.756 09:22:30
5.188 338.366 1720.000 09:22:31
5.204 257.683 1175.610 09:22:32
5.224 150.293 786.341 09:22:33
5.220 164.390 860.000 09:22:34
5.228 150.488 787.317 09:22:35
5.168 338.268 1717.561 09:22:36
5.224 150.878 787.317 09:22:37
5.168 491.049 2206.829 09:22:38
5.200 208.390 1077.561 09:22:39
5.228 150.488 786.341 09:22:40
5.224 155.195 811.220 09:22:41
5.224 150.976 786.341 09:22:42
5.224 165.390 865.366 09:22:43
5.228 150.683 787.805 09:22:44
5.120 485.561 2567.317 09:22:45
5.224 162.390 789.756 09:22:46
5.224 150.976 787.317 09:22:47
5.224 155.073 809.756 09:22:48
5.224 150.488 785.854 09:22:49
5.224 167.780 876.098 09:22:50
5.228 150.780 787.805 09:22:51
5.168 430.659 2213.659 09:22:52
5.228 150.293 785.854 09:22:53
5.224 150.390 785.854 09:22:54
5.224 157.780 823.902 09:22:55
5.224 150.683 786.341 09:22:56
5.220 165.585 863.902 09:22:57
5.228 150.585 786.341 09:22:58
5.140 422.171 2165.854 09:22:59
5.228 151.488 792.195 09:23:00
5.224 150.585 827.805 09:23:01
5.228 157.780 823.902 09:23:02
5.224 150.878 790.244 09:23:03
5.220 165.073 867.317 09:23:04
5.228 150.488 786.341 09:23:05
5.168 335.561 1309.756 09:23:06
5.228 150.780 787.317 09:23:07
5.208 218.585 1354.634 09:23:08
5.228 151.098 787.805 09:23:09
5.228 150.293 786.341 09:23:10
5.220 164.780 863.902 09:23:11
5.224 150.780 788.780 09:23:12
5.120 449.951 1369.756 09:23:13
5.224 150.683 788.780 09:23:14
5.128 445.854 2567.805 09:23:15
5.224 150.780 789.756 09:23:16
5.228 150.585 783.415 09:23:17
5.228 179.293 861.463 09:23:18
5.228 149.780 787.317 09:23:19
5.220 167.073 876.098 09:23:20
5.228 150.878 789.756 09:23:21
5.136 492.463 2602.927 09:23:22
5.228 150.683 787.805 09:23:23
5.228 150.976 792.683 09:23:24
5.220 166.780 872.683 09:23:25
5.228 149.780 787.317 09:23:26
5.220 167.390 877.561 09:23:27
5.228 150.195 788.780 09:23:28
5.148 408.366 2130.732 09:23:29
5.228 150.976 787.805 09:23:30
5.228 150.390 786.341 09:23:31
5.220 165.195 860.000 09:23:32
5.224 150.780 783.415 09:23:33
5.220 168.293 878.537 09:23:34
5.228 150.488 787.317 09:23:35
5.160 354.878 1901.463 09:23:37
5.220 154.780 809.756 09:23:38
5.228 150.390 786.341 09:23:39
5.220 164.390 859.024 09:23:40
5.228 150.683 787.317 09:23:41
5.220 166.585 870.244 09:23:42
5.228 150.780 783.902 09:23:43
5.196 249.268 2066.829 09:23:44
5.228 150.878 787.805 09:23:45
5.228 150.683 782.439 09:23:46
5.224 164.585 859.024 09:23:47
5.224 149.878 787.317 09:23:48
5.160 254.268 1326.829 09:23:49
5.224 150.683 786.341 09:23:50
5.156 369.976 1981.463 09:23:51
5.216 189.585 966.829 09:23:52
5.228 150.390 784.878 09:23:53
5.220 201.585 859.024 09:23:54
5.228 150.293 783.902 09:23:55
5.144 337.976 1367.317 09:23:56
5.228 206.976 787.805 09:23:57
5.176 256.976 1333.171 09:23:58
5.228 150.976 789.756 09:23:59
5.228 149.780 783.415 09:24:00
5.220 164.585 859.024 09:24:01
5.224 151.390 791.220 09:24:02
5.220 169.073 880.000 09:24:03
5.228 150.683 788.780 09:24:04
5.160 375.756 1960.488 09:24:05
5.228 150.976 789.756 09:24:06
5.224 150.585 792.195 09:24:07
5.228 157.878 823.902 09:24:08
5.228 151.098 787.805 09:24:09
5.220 222.488 1777.561 09:24:10
5.224 154.293 787.805 09:24:11
5.132 500.659 2553.659 09:24:12
5.224 150.293 790.244 09:24:13
5.228 149.780 786.341 09:24:14
5.224 158.683 825.366 09:24:15
5.228 150.780 783.902 09:24:16
5.220 166.683 865.366 09:24:17
5.228 150.585 786.341 09:24:18
5.104 496.854 2574.146 09:24:19
5.228 150.780 784.878 09:24:20
5.228 150.585 786.341 09:24:21
5.224 155.585 811.220 09:24:22
5.224 150.683 787.805 09:24:23
5.220 165.683 934.146 09:24:24
5.224 149.878 786.341 09:24:25
5.112 453.463 2403.415 09:24:26
5.228 150.878 787.805 09:24:27
5.228 253.976 1101.951 09:24:28
5.228 158.488 789.756 09:24:29
5.228 150.585 786.341 09:24:30
5.220 165.390 860.000 09:24:31
5.224 150.488 787.317 09:24:32
5.136 496.659 2455.122 09:24:33
5.228 151.683 788.780 09:24:34
5.228 150.488 787.317 09:24:35
5.224 154.976 808.780 09:24:36
5.224 150.683 786.341 09:24:37
5.220 164.585 860.976 09:24:38
5.228 150.683 786.341 09:24:39
5.112 488.561 2467.317 09:24:40
5.224 150.780 790.244 09:24:41
5.168 349.268 1921.463 09:24:42
5.224 154.878 812.195 09:24:43
5.228 150.488 786.341 09:24:44
5.224 163.780 861.463 09:24:45
5.224 150.780 786.341 09:24:46
5.116 501.341 2556.098 09:24:47
5.228 150.585 783.415 09:24:48
5.144 421.854 2169.756 09:24:49
5.228 150.976 788.780 09:24:50
5.224 149.780 783.415 09:24:51
5.228 150.780 787.805 09:24:52
5.228 150.683 787.805 09:24:53
5.220 166.073 867.805 09:24:54
5.228 151.098 788.780 09:24:55
5.220 164.878 863.415 09:24:56
5.228 150.683 787.805 09:24:57
5.204 230.268 1197.073 09:24:58
5.224 155.293 807.805 09:24:59
5.228 152.780 798.537 09:25:00
5.136 488.659 2527.317 09:25:01
5.224 154.878 808.780 09:25:02
5.136 347.878 1957.561 09:25:03
5.228 150.098 784.878 09:25:04
5.220 164.488 859.024 09:25:05
5.228 150.488 785.854 09:25:06
5.224 150.585 787.317 09:25:07
5.224 155.073 810.244 09:25:08
5.228 150.195 783.415 09:25:09
5.220 166.073 872.195 09:25:10
5.228 150.683 789.756 09:25:11
5.160 333.073 1725.366 09:25:12
5.228 150.878 786.341 09:25:13
5.140 420.171 2193.171 09:25:14
5.228 151.098 789.756 09:25:15
5.224 150.683 786.341 09:25:16
5.188 260.171 1184.390 09:25:17
5.224 150.683 804.878 09:25:18
5.120 405.073 2079.512 09:25:19
5.228 150.683 787.805 09:25:20
5.220 283.976 1379.512 09:25:21
5.228 150.780 787.805 09:25:22
5.228 150.488 785.854 09:25:23
5.224 164.293 865.366 09:25:24
5.224 150.585 787.317 09:25:25
5.220 166.780 870.244 09:25:26
5.228 150.585 786.341 09:25:27
5.120 412.854 2476.585 09:25:28
5.224 150.780 787.805 09:25:29
5.224 152.293 947.805 09:25:30
5.228 153.293 801.463 09:25:31
5.224 151.780 793.659 09:25:32
5.208 190.073 991.220 09:25:33
5.224 150.585 786.341 09:25:34
5.116 350.659 1815.122 09:25:35
5.228 150.683 788.780 09:25:36
5.116 487.756 2493.659 09:25:37
5.224 153.098 800.000 09:25:38
5.228 152.878 799.024 09:25:39
5.220 166.683 870.244 09:25:40
5.224 152.878 799.024 09:25:41
5.224 167.293 872.195 09:25:42
5.224 150.390 785.854 09:25:43
5.144 414.366 2125.366 09:25:44
5.224 150.878 787.805 09:25:45
5.228 150.683 787.317 09:25:46
5.224 157.976 825.366 09:25:47
5.228 150.488 786.341 09:25:48
5.220 166.073 875.122 09:25:49
5.228 150.780 782.439 09:25:50
5.140 426.171 2204.878 09:25:51
5.228 151.195 789.756 09:25:52
5.228 150.878 784.878 09:25:53
5.220 164.976 858.537 09:25:54
5.228 150.488 787.317 09:25:55
5.196 255.488 1325.366 09:25:56
5.224 150.878 788.780 09:25:57
5.172 338.268 1749.756 09:25:58
5.228 150.683 787.317 09:25:59
5.212 204.780 1066.341 09:26:00
5.228 151.098 789.756 09:26:01
5.224 150.976 789.756 09:26:02
5.144 278.780 2196.098 09:26:03
5.224 151.098 789.756 09:26:04
5.152 409.268 1748.780 09:26:05
5.228 150.683 790.244 09:26:06
5.220 164.878 856.585 09:26:07
5.228 151.195 783.902 09:26:09
5.216 176.195 916.585 09:26:10
5.212 190.683 994.146 09:26:11
5.228 150.488 786.341 09:26:12
5.120 500.341 2569.756 09:26:13
5.228 150.488 786.341 09:26:14
5.140 475.049 2436.098 09:26:15
5.212 150.878 787.805 09:26:16
5.204 152.293 914.146 09:26:17
5.228 153.488 801.463 09:26:18
5.224 152.878 798.537 09:26:19
5.216 166.293 867.805 09:26:20
5.228 152.390 795.122 09:26:21
5.200 253.488 1316.098 09:26:22
5.224 150.585 787.317 09:26:23
5.168 331.561 1717.561 09:26:24
5.228 150.780 786.341 09:26:25
5.228 149.878 789.756 09:26:26
5.224 164.585 856.585 09:26:27
5.228 150.488 786.341 09:26:28
5.220 166.488 863.902 09:26:29
5.228 150.780 787.805 09:26:30
5.168 362.171 1870.244 09:26:31
5.228 151.390 791.220 09:26:32
5.224 150.976 789.756 09:26:33
5.208 202.585 1054.146 09:26:34
5.224 149.780 783.415 09:26:35
5.220 168.683 860.000 09:26:36
5.228 151.098 787.805 09:26:37
5.196 167.195 1104.390 09:26:38
5.224 150.780 787.805 09:26:39
5.208 152.976 800.000 09:26:40
5.224 163.878 835.122 09:26:41
5.228 149.976 786.341 09:26:42
5.220 165.878 862.439 09:26:43
5.224 150.488 786.341 09:26:44
5.208 200.780 1066.829 09:26:45
5.224 152.780 797.561 09:26:46
5.200 226.976 1180.488 09:26:47
5.224 164.585 858.537 09:26:48
5.228 150.878 783.415 09:26:49
5.220 165.073 860.976 09:26:50
5.228 150.488 784.878 09:26:51
5.224 166.488 864.878 09:26:52
5.224 150.585 783.415 09:26:53
5.224 158.488 826.341 09:26:54
5.224 151.293 789.756 09:26:55
5.228 165.585 786.341 09:26:56
5.224 159.390 832.683 09:26:57
5.228 150.195 784.878 09:26:58
5.120 483.049 2471.220 09:26:59
5.224 152.780 798.537 09:27:00
5.220 167.073 872.195 09:27:01
5.224 150.976 788.780 09:27:02
5.228 150.976 787.805 09:27:03
5.220 158.488 827.805 09:27:04
5.228 150.585 787.805 09:27:05
5.196 295.463 1531.220 09:27:06
5.224 150.585 786.341 09:27:07
5.124 483.463 2532.683 09:27:08
5.224 150.780 787.317 09:27:09
5.212 204.878 1546.341 09:27:10
5.224 150.585 788.780 09:27:11
5.228 150.976 789.756 09:27:12
5.220 164.878 858.537 09:27:13
5.228 149.780 786.341 09:27:14
5.120 474.951 2456.098 09:27:15
5.228 151.293 787.805 09:27:16
5.144 466.244 2137.073 09:27:17
5.228 151.683 791.220 09:27:18
5.232 150.390 786.341 09:27:19
5.224 157.683 823.902 09:27:20
5.228 150.585 786.341 09:27:21
5.208 167.195 870.244 09:27:22
5.228 152.878 800.000 09:27:23
5.172 354.756 1510.732 09:27:24
5.228 153.195 800.000 09:27:25
5.228 150.585 786.341 09:27:26
5.224 151.098 788.780 09:27:27
5.228 150.488 785.854 09:27:28
5.220 165.073 863.415 09:27:29
5.228 150.390 786.341 09:27:30
5.168 332.463 2058.049 09:27:31
5.228 150.098 785.854 09:27:32
5.200 202.390 1438.537 09:27:33
5.228 157.780 823.415 09:27:34
5.224 150.976 783.415 09:27:35
5.220 164.585 860.000 09:27:36
5.228 150.683 787.805 09:27:37
5.140 370.976 2157.073 09:27:38
5.224 150.683 786.341 09:27:39
5.196 255.488 1326.829 09:27:40
5.228 152.683 790.244 09:27:41
5.228 151.878 793.659 09:27:42
5.220 165.976 866.341 09:27:43
5.228 151.780 792.683 09:27:44
5.224 212.683 1110.244 09:27:45
5.228 152.976 799.024 09:27:46
5.160 423.268 2220.488 09:27:47
5.228 153.390 802.439 09:27:48
5.224 152.878 800.976 09:27:49
5.220 166.878 872.683 09:27:50
5.212 186.390 971.707 09:27:51
5.124 323.171 2268.780 09:27:52
5.228 150.683 787.805 09:27:53
5.144 452.756 2327.317 09:27:54
5.224 154.780 808.780 09:27:55
5.224 150.585 783.902 09:27:56
5.220 164.390 863.415 09:27:57
5.228 152.683 798.537 09:27:58
5.220 170.390 890.244 09:27:59
5.224 152.976 800.000 09:28:00
5.180 337.073 1739.024 09:28:01
5.228 150.780 787.805 09:28:02
5.228 150.488 786.341 09:28:03
5.220 165.073 856.585 09:28:04
5.224 150.488 799.024 09:28:05
5.172 254.585 1332.195 09:28:06
5.224 150.683 1026.829 09:28:07
5.172 314.268 1673.659 09:28:08
5.224 150.878 789.756 09:28:09
5.228 150.390 785.854 09:28:10
5.220 164.390 862.439 09:28:11
5.228 150.683 787.317 09:28:12
5.224 167.195 864.878 09:28:13
5.224 150.780 787.805 09:28:14
5.144 373.268 1929.268 09:28:15
5.228 150.293 784.878 09:28:16
5.224 150.390 786.341 09:28:17
5.220 165.073 859.024 09:28:18
5.224 150.585 787.805 09:28:19
5.220 167.585 875.122 09:28:20
5.228 150.683 787.805 09:28:21
5.140 487.756 2495.122 09:28:22
5.224 150.976 789.756 09:28:23
5.228 150.488 785.854 09:28:24
5.224 156.976 823.902 09:28:25
5.224 150.878 786.341 09:28:26
5.168 335.976 1719.024 09:28:27
5.224 150.488 816.585 09:28:28
5.124 488.854 2503.415 09:28:29
5.228 150.878 787.805 09:28:30
5.228 150.585 786.341 09:28:31
5.224 164.976 863.415 09:28:32
5.228 150.293 786.341 09:28:33
5.220 166.878 875.122 09:28:34
5.228 150.585 784.878 09:28:35
5.140 382.659 1975.122 09:28:36
5.224 150.780 787.805 09:28:37
5.228 149.976 786.341 09:28:38
5.228 154.780 808.780 09:28:39
5.228 150.488 786.341 09:28:40
5.176 254.878 1323.415 09:28:41
5.228 150.585 787.317 09:28:42
5.160 317.268 1644.878 09:28:43
5.228 150.488 787.805 09:28:44
5.228 159.683 834.634 09:28:45
5.224 157.976 825.366 09:28:46
5.228 150.390 786.341 09:28:47
5.220 165.488 863.902 09:28:48
5.228 150.976 781.463 09:28:49
5.144 435.756 2151.707 09:28:50
5.228 150.780 787.805 09:28:51
5.192 309.976 1605.854 09:28:52
5.228 151.293 791.220 09:28:53
5.224 150.390 785.854 09:28:54
5.220 164.683 860.000 09:28:55
5.224 150.488 782.439 09:28:56
5.196 311.171 1307.317 09:28:57
5.224 150.780 787.805 09:28:58
5.112 474.659 2436.098 09:28:59
5.224 150.878 788.780 09:29:00
5.228 150.878 788.780 09:29:01
5.224 164.683 860.000 09:29:02
5.228 151.585 839.024 09:29:03
5.156 267.780 1332.195 09:29:04
5.228 150.683 784.878 09:29:05
5.156 361.073 1855.610 09:29:06
5.220 166.073 850.244 09:29:07
5.224 150.488 786.341 09:29:08
5.224 164.488 863.415 09:29:09
5.224 150.683 786.341 09:29:10
5.220 166.488 873.659 09:29:12
5.228 150.488 785.854 09:29:13
5.172 335.756 1720.000 09:29:14
5.224 157.293 819.024 09:29:15
5.228 150.585 782.439 09:29:16
5.220 164.293 1048.780 09:29:17
5.224 150.585 783.415 09:29:18
5.192 276.171 1364.878 09:29:19
5.228 150.878 1086.829 09:29:20
5.132 474.244 2462.439 09:29:21
5.224 155.585 808.780 09:29:22
5.216 178.488 966.341 09:29:23
5.224 157.683 820.976 09:29:24
5.228 150.195 789.756 09:29:25
5.220 165.878 864.878 09:29:26
5.228 150.780 788.780 09:29:27
5.124 486.049 2384.878 09:29:28
5.224 152.195 797.073 09:29:29
5.224 156.976 787.317 09:29:30
5.224 158.390 828.780 09:29:31
5.224 150.585 786.341 09:29:32
5.188 215.585 864.878 09:29:33
5.228 151.098 786.341 09:29:34
5.120 497.951 2482.439 09:29:35
5.228 150.683 787.805 09:29:36
5.228 150.585 787.805 09:29:37
5.224 155.073 815.122 09:29:38
5.224 149.976 787.317 09:29:39
5.208 167.683 870.244 09:29:40
5.228 150.780 787.805 09:29:41
5.128 504.244 2580.000 09:29:42
5.228 150.683 787.805 09:29:43
5.224 150.488 782.439 09:29:44
5.224 157.780 824.878 09:29:45
5.228 150.390 786.341 09:29:46
5.220 169.390 883.902 09:29:47
5.228 152.976 799.024 09:29:48
5.120 411.951 2114.146 09:29:49
5.228 151.585 792.195 09:29:50
5.228 150.390 783.415 09:29:51
5.224 167.073 874.146 09:29:52
5.228 153.585 796.098 09:29:53
5.220 170.878 887.805 09:29:54
5.224 154.683 800.000 09:29:55
5.164 359.073 1871.220 09:29:56
5.224 153.390 801.463 09:29:57
5.224 152.390 797.073 09:29:58
5.224 164.585 859.024 09:29:59
5.224 150.683 787.805 09:30:00
5.120 485.146 2483.902 09:30:01
5.228 150.585 787.317 09:30:02
5.176 418.561 2099.024 09:30:03
5.224 150.683 787.805 09:30:04
5.224 150.390 784.878 09:30:05
5.220 165.293 858.537 09:30:06
5.224 150.390 788.780 09:30:07
5.220 166.878 1201.463 09:30:08
5.228 151.098 808.780 09:30:09
5.228 150.293 785.854 09:30:10
5.224 150.976 787.805 09:30:11
5.228 150.488 836.098 09:30:12
5.220 164.878 863.902 09:30:13
5.228 150.585 787.317 09:30:14
5.120 484.854 2417.561 09:30:15
5.224 150.683 789.756 09:30:16
5.228 150.195 785.854 09:30:17
5.228 151.098 787.805 09:30:18
5.228 150.293 786.341 09:30:19
5.220 164.390 860.000 09:30:20
5.224 149.878 783.415 09:30:21
5.128 496.463 2543.902 09:30:22
5.228 150.780 787.805 09:30:23
5.208 204.171 1062.927 09:30:24
5.228 150.390 786.341 09:30:25
5.224 150.488 785.854 09:30:26
5.224 164.293 862.439 09:30:27
5.224 152.780 797.561 09:30:28
5.188 331.463 1317.073 09:30:29
5.224 164.976 878.537 09:30:30
5.108 510.341 2387.317 09:30:31
5.228 152.976 886.341 09:30:32
5.224 152.683 798.537 09:30:33
5.224 165.073 857.561 09:30:34
5.224 159.976 783.415 09:30:35
5.192 251.073 1381.951 09:30:36
5.228 150.780 786.341 09:30:37
5.140 432.463 2287.317 09:30:38
5.228 150.878 788.780 09:30:39
5.228 152.390 800.000 09:30:40
5.220 167.488 872.195 09:30:41
5.224 152.976 800.000 09:30:42
5.188 282.463 1767.317 09:30:43
5.228 150.195 787.317 09:30:44
5.188 272.366 1413.659 09:30:45
5.224 150.390 787.805 09:30:46
5.224 150.780 786.341 09:30:47
5.216 165.073 863.902 09:30:48
5.224 150.585 787.805 09:30:49
5.140 414.659 2509.756 09:30:50
5.228 150.585 787.317 09:30:51
5.164 331.561 1716.098 09:30:52
5.228 150.780 784.878 09:30:53
5.212 188.390 986.341 09:30:54
5.220 165.073 859.024 09:30:55
5.228 150.488 786.341 09:30:56
5.220 167.976 875.122 09:30:57
5.228 150.683 789.756 09:30:58
5.192 248.585 1294.146 09:30:59
5.224 150.878 784.878 09:31:00
5.192 170.293 804.878 09:31:01
5.224 155.878 822.439 09:31:02
5.228 151.488 787.317 09:31:03
5.188 251.780 1309.756 09:31:04
5.228 150.878 786.341 09:31:05
5.168 331.268 1707.805 09:31:06
5.228 150.195 789.756 09:31:07
5.228 150.390 786.341 09:31:08
5.224 157.488 825.366 09:31:09
5.228 150.488 789.756 09:31:10
5.216 166.683 872.195 09:31:11
5.228 151.098 787.317 09:31:12
5.120 494.341 2534.146 09:31:13
5.228 150.780 787.805 09:31:14
5.212 201.878 1050.244 09:31:15
5.228 151.585 792.683 09:31:16
5.224 150.488 783.415 09:31:17
5.220 164.585 860.000 09:31:18
5.228 149.780 786.341 09:31:19
5.220 167.976 877.561 09:31:20
5.224 149.585 785.854 09:31:21
5.204 263.585 1122.927 09:31:22
5.224 150.976 785.854 09:31:23
5.228 150.488 786.341 09:31:24
5.220 172.073 899.024 09:31:25
5.224 150.683 787.805 09:31:26
5.184 256.585 1329.268 09:31:27
5.224 150.683 787.317 09:31:28
5.204 215.683 1121.951 09:31:29
5.224 150.780 788.780 09:31:30
5.204 231.171 795.122 09:31:31
5.220 224.488 856.585 09:31:32
5.224 150.585 788.780 09:31:33
5.220 166.683 872.195 09:31:34
5.228 149.878 783.415 09:31:35
5.196 253.073 1289.268 09:31:36
5.228 150.780 787.805 09:31:37
5.224 154.878 870.244 09:31:38
5.224 165.073 855.122 09:31:39
5.224 160.488 784.878 09:31:40
5.192 252.268 1312.195 09:31:41
5.228 150.585 786.341 09:31:42
5.156 262.171 1360.976 09:31:43
5.224 150.293 786.341 09:31:44
5.224 165.488 864.878 09:31:45
5.224 150.780 788.780 09:31:46
5.224 152.390 793.659 09:31:47
5.212 165.195 865.366 09:31:48
5.224 152.878 792.195 09:31:49
5.168 355.976 2075.610 09:31:50
5.224 153.195 799.024 09:31:51
5.168 336.073 1463.415 09:31:52
5.228 153.098 800.000 09:31:53
5.224 151.098 791.220 09:31:54
5.216 173.585 940.000 09:31:55
5.228 150.585 786.341 09:31:56
5.220 181.073 871.220 09:31:57
5.228 150.488 783.415 09:31:59
5.116 501.756 2166.829 09:32:00
5.212 204.390 1055.122 09:32:01
5.224 158.780 829.756 09:32:02
5.228 152.098 794.634 09:32:03
5.224 167.195 874.146 09:32:04
5.220 166.195 867.317 09:32:05
5.224 153.098 800.000 09:32:06
5.140 428.366 2203.415 09:32:07
5.224 153.098 798.537 09:32:08
5.224 159.293 834.634 09:32:09
5.224 153.878 801.463 09:32:10
5.216 188.073 966.341 09:32:11
5.224 160.878 824.878 09:32:12
5.228 149.878 787.317 09:32:13
5.220 167.780 878.537 09:32:14
5.224 150.390 787.317 09:32:15
5.172 332.976 1727.317 09:32:16
5.228 150.878 786.341 09:32:17
5.200 378.561 1951.707 09:32:18
5.220 164.293 857.561 09:32:19
5.228 150.683 787.317 09:32:20
5.192 251.171 1304.390 09:32:21
5.228 151.390 791.220 09:32:22
5.112 487.146 2524.878 09:32:23
5.228 150.390 785.854 09:32:24
5.228 154.390 806.341 09:32:25
5.220 157.976 828.780 09:32:26
5.224 150.390 784.878 09:32:27
5.192 260.878 1517.561 09:32:28
5.228 150.878 788.780 09:32:29
5.116 482.756 2475.122 09:32:30
5.228 154.683 808.780 09:32:31
5.228 173.195 904.878 09:32:32
5.228 154.488 807.805 09:32:33
5.212 201.488 1049.268 09:32:34
5.224 166.683 871.220 09:32:35
5.228 150.585 787.317 09:32:36
5.124 486.561 2492.683 09:32:37
5.220 153.195 800.000 09:32:38
5.224 169.585 885.366 09:32:39
5.224 166.780 870.244 09:32:40
5.224 165.976 834.634 09:32:41
5.216 167.683 882.439 09:32:42
5.224 150.585 786.341 09:32:43
5.148 420.854 2174.146 09:32:44
5.228 150.976 783.902 09:32:45
5.192 265.463 1338.537 09:32:46
5.220 175.976 922.439 09:32:47
5.216 185.390 967.805 09:32:48
5.224 164.585 860.000 09:32:49
5.224 149.878 784.878 09:32:50
5.152 392.854 2023.415 09:32:51
5.228 150.683 787.805 09:32:52
5.180 295.073 1528.293 09:32:53
5.228 155.390 812.195 09:32:54
5.220 165.780 865.366 09:32:55
5.224 164.780 860.000 09:32:56
5.228 152.293 796.098 09:32:57
5.220 165.585 862.439 09:32:58
5.224 149.976 787.317 09:32:59
5.220 164.976 865.366 09:33:00
5.212 268.171 1396.098 09:33:01
5.212 150.585 787.317 09:33:02
5.204 238.268 1240.976 09:33:03
5.224 160.195 835.122 09:33:04
5.224 164.780 863.902 09:33:05
5.224 150.976 836.098 09:33:06
5.160 391.073 1915.122 09:33:07
5.216 164.585 786.341 09:33:08
5.136 451.463 2480.976 09:33:09
5.228 154.585 807.317 09:33:10
5.224 152.293 795.122 09:33:11
5.220 164.390 863.415 09:33:12
5.208 205.585 1060.000 09:33:13
5.220 165.585 867.317 09:33:14
5.224 153.195 800.000 09:33:15
5.116 503.341 2558.537 09:33:16
5.224 150.390 788.780 09:33:17
5.228 150.098 787.805 09:33:18
5.228 154.976 811.220 09:33:19
5.224 157.976 820.976 09:33:20
5.220 165.293 863.415 09:33:21
5.228 150.683 787.805 09:33:22
5.140 417.049 1742.439 09:33:23
5.228 150.878 786.341 09:33:24
5.220 164.488 856.585 09:33:25
5.220 164.683 858.537 09:33:26
5.224 179.293 857.561 09:33:27
5.220 165.683 860.976 09:33:28
5.228 150.780 787.805 09:33:29
5.196 214.780 1121.951 09:33:30
5.228 150.780 789.756 09:33:31
5.184 290.976 1498.537 09:33:32
5.224 164.195 860.000 09:33:33
5.208 204.585 1061.463 09:33:34
5.220 164.683 860.000 09:33:35
5.224 263.780 1087.805 09:33:36
5.192 261.976 1326.829 09:33:37
5.224 150.976 787.805 09:33:38
5.140 432.854 2205.854 09:33:39
5.228 149.976 788.780 09:33:40
5.212 200.976 1046.829 09:33:41
5.228 151.390 791.220 09:33:42
5.224 157.293 821.463 09:33:43
5.220 166.585 874.146 09:33:44
5.228 150.780 786.341 09:33:45
5.116 478.366 2527.805 09:33:46
5.224 153.195 800.000 09:33:47
5.172 338.268 1320.976 09:33:48
5.224 157.878 824.878 09:33:49
5.224 159.585 833.659 09:33:50
5.220 167.195 872.683 09:33:51
5.224 153.098 799.024 09:33:52
5.196 169.488 880.976 09:33:53
5.228 150.683 787.805 09:33:54
5.196 248.780 1296.585 09:33:55
5.224 150.976 784.878 09:33:56
5.216 158.293 826.341 09:33:57
5.224 154.976 891.220 09:33:58
5.148 361.561 1119.512 09:33:59
5.224 167.195 870.244 09:34:00
5.228 150.780 836.098 09:34:01
5.120 449.366 2294.634 09:34:02
5.224 153.293 802.439 09:34:03
5.176 306.780 1624.878 09:34:04
5.228 153.195 802.439 09:34:05
5.220 166.195 867.805 09:34:06
5.220 168.780 878.537 09:34:07
5.228 153.293 800.976 09:34:08
5.220 167.073 867.317 09:34:09
5.224 150.195 787.805 09:34:10
5.220 164.976 861.463 09:34:11
5.224 150.976 787.805 09:34:12
5.224 150.780 787.317 09:34:13
5.224 154.976 809.756 09:34:14
5.228 154.976 809.756 09:34:15
5.220 248.976 1299.512 09:34:16
5.228 150.488 783.902 09:34:17
5.128 459.561 2357.073 09:34:18
5.224 150.488 783.902 09:34:19
5.224 163.976 855.122 09:34:20
5.224 165.488 856.098 09:34:21
5.216 151.878 797.561 09:34:22
5.220 165.195 865.366 09:34:23
5.228 152.488 797.561 09:34:24
5.168 336.659 1734.146 09:34:25
5.228 150.683 787.805 09:34:26
5.172 432.049 2213.659 09:34:27
5.228 150.878 787.805 09:34:28
5.228 150.585 787.317 09:34:29
5.220 164.293 859.024 09:34:30
5.224 154.683 810.244 09:34:31
5.208 202.683 1057.561 09:34:32
5.224 150.878 788.780 09:34:33
5.172 294.780 1524.878 09:34:34
5.224 150.780 787.805 09:34:35
5.228 150.585 787.317 09:34:36
5.224 164.488 859.024 09:34:37
5.216 247.171 936.585 09:34:38
5.192 264.878 1374.634 09:34:39
5.208 204.780 1116.585 09:34:40
5.176 343.976 2036.585 09:34:41
5.224 150.976 808.780 09:34:42
5.220 163.976 857.561 09:34:43
5.224 155.293 810.244 09:34:44
5.224 164.488 857.561 09:34:45
5.168 481.756 1932.683 09:34:46
5.228 150.780 784.878 09:34:47
5.140 330.463 1742.439 09:34:49
5.228 150.098 784.878 09:34:50
5.224 150.780 786.341 09:34:51
5.224 155.073 810.244 09:34:52
5.228 152.585 797.073 09:34:53
5.168 332.976 1299.512 09:34:54
5.208 207.488 1060.000 09:34:55
5.136 486.366 2159.512 09:34:56
5.228 150.780 787.805 09:34:57
5.200 229.488 1193.171 09:34:58
5.224 150.976 789.756 09:34:59
5.228 150.683 787.317 09:35:00
5.228 161.390 834.634 09:35:01
5.224 157.488 822.439 09:35:02
5.120 360.854 1718.537 09:35:03
5.224 150.780 788.780 09:35:04
5.192 300.878 1720.000 09:35:05
5.224 151.683 792.195 09:35:06
5.224 149.390 1057.561 09:35:07
5.228 151.293 789.756 09:35:08
5.208 208.390 989.268 09:35:09
5.212 213.976 1445.854 09:35:10
5.208 213.073 1078.049 09:35:11
5.168 335.659 2073.171 09:35:12
5.224 150.780 787.805 09:35:13
5.168 335.659 1737.561 09:35:14
5.228 155.073 810.244 09:35:15
5.228 151.098 789.756 09:35:16
5.228 155.195 810.244 09:35:17
5.224 157.780 824.878 09:35:18
5.216 397.366 1385.854 09:35:19
5.228 153.293 800.000 09:35:20
5.188 251.878 1315.610 09:35:21
5.228 150.488 787.805 09:35:22
5.224 151.195 786.341 09:35:23
5.224 154.878 809.756 09:35:24
5.220 178.390 869.756 09:35:25
5.220 166.585 863.902 09:35:26
5.208 205.878 1072.683 09:35:27
5.128 502.463 2572.683 09:35:28
5.224 151.098 789.756 09:35:29
5.204 215.073 1070.732 09:35:30
5.228 150.878 788.780 09:35:31
5.228 150.098 783.902 09:35:32
5.220 164.293 864.878 09:35:33
5.228 155.073 808.780 09:35:34
5.184 339.366 1384.878 09:35:35
5.224 150.976 787.805 09:35:36
5.152 366.463 1901.463 09:35:37
5.228 154.780 809.756 09:35:38
5.228 150.780 787.805 09:35:39
5.220 164.683 858.537 09:35:40
5.220 165.293 867.317 09:35:41
5.220 167.585 1040.488 09:35:42
5.208 202.390 1055.122 09:35:43
5.168 308.780 1603.415 09:35:44
5.228 150.878 788.780 09:35:45
5.228 150.878 787.805 09:35:46
5.224 155.073 810.244 09:35:47
5.224 150.780 787.805 09:35:48
5.164 328.659 1700.000 09:35:49
5.200 155.073 808.780 09:35:50
5.116 514.341 2418.537 09:35:51
5.224 151.293 787.805 09:35:52
5.228 150.488 783.415 09:35:53
5.220 164.976 858.537 09:35:54
5.228 150.780 788.780 09:35:55
5.152 279.073 1468.780 09:35:56
5.224 152.683 797.073 09:35:57
5.136 406.073 2140.488 09:35:58
5.196 205.488 1063.902 09:35:59
5.228 150.683 787.805 09:36:00
5.224 164.585 862.439 09:36:01
5.228 150.976 787.805 09:36:02
5.196 251.488 2450.244 09:36:03
5.220 215.585 860.000 09:36:04
5.184 279.683 1320.488 09:36:05
5.208 204.878 1062.927 09:36:06
5.228 150.488 784.878 09:36:07
5.224 155.683 810.244 09:36:08
5.224 150.780 787.805 09:36:09
5.196 267.585 1294.634 09:36:10
5.228 150.780 1074.146 09:36:11
5.116 480.756 2184.390 09:36:12
5.224 155.683 813.659 09:36:13
5.224 150.585 787.805 09:36:14
5.224 154.878 810.244 09:36:15
5.228 150.195 785.854 09:36:16
5.220 165.293 858.537 09:36:17
5.228 150.683 784.878 09:36:18
5.124 482.854 2488.780 09:36:19
5.228 150.683 789.756 09:36:20
5.212 199.171 1085.366 09:36:21
5.208 212.585 1127.805 09:36:22
5.224 149.878 787.805 09:36:23
5.220 167.488 874.146 09:36:24
5.228 155.390 816.098 09:36:25
5.196 254.878 1381.951 09:36:26
5.228 152.488 795.122 09:36:27
5.160 398.659 2052.195 09:36:28
5.220 159.683 834.634 09:36:29
5.228 152.195 796.098 09:36:30
5.220 167.488 872.195 09:36:31
5.228 152.976 800.000 09:36:32
5.168 329.366 2035.610 09:36:33
5.224 150.878 1099.024 09:36:34
5.172 363.854 1753.659 09:36:35
5.220 171.293 800.000 09:36:36
5.212 206.683 1080.488 09:36:37
5.208 201.171 1044.390 09:36:38
5.224 150.585 787.805 09:36:39
5.220 164.878 863.902 09:36:40
5.224 150.780 787.805 09:36:41
5.144 426.854 2089.756 09:36:42
5.228 160.293 788.780 09:36:43
5.116 485.049 2236.098 09:36:44
5.220 165.195 856.098 09:36:45
5.224 150.683 787.805 09:36:46
5.224 155.585 810.244 09:36:47
5.228 150.585 788.780 09:36:48
5.220 165.073 861.463 09:36:49
5.224 152.780 798.537 09:36:50
5.220 166.585 869.756 09:36:51
5.224 157.488 823.902 09:36:52
5.196 218.171 1088.780 09:36:53
5.224 155.073 810.244 09:36:54
5.228 150.390 785.854 09:36:55
5.220 166.976 872.195 09:36:56
5.216 181.976 949.268 09:36:57
5.132 456.463 2448.780 09:36:58
5.228 152.098 797.073 09:36:59
5.164 364.463 1877.561 09:37:00
5.152 388.659 1306.829 09:37:01
5.228 151.488 785.854 09:37:02
5.220 164.390 862.439 09:37:03
5.224 150.878 787.805 09:37:04
5.220 166.878 875.122 09:37:05
5.224 150.488 789.756 09:37:06
5.196 251.366 1736.585 09:37:07
5.224 164.878 903.902 09:37:08
5.224 150.195 786.341 09:37:09
5.220 163.585 856.098 09:37:10
5.224 150.683 787.317 09:37:11
5.220 164.683 861.463 09:37:12
5.224 164.488 854.146 09:37:13
5.148 435.171 2435.122 09:37:14
5.224 151.195 789.756 09:37:15
5.208 203.585 1075.122 09:37:16
5.196 215.171 1135.610 09:37:17
5.224 150.585 787.317 09:37:18
5.224 164.293 863.415 09:37:19
5.224 151.098 787.805 09:37:20
5.168 345.756 1726.341 09:37:21
5.228 150.878 788.780 09:37:22
5.160 361.976 1890.244 09:37:23
5.220 153.195 800.976 09:37:24
5.228 150.976 788.780 09:37:25
5.196 157.195 820.976 09:37:26
5.228 150.683 787.317 09:37:27
5.184 251.268 1308.293 09:37:28
5.228 150.683 787.805 09:37:29
5.136 493.756 2680.488 09:37:30
5.228 163.683 789.756 09:37:31
5.224 149.976 789.756 09:37:32
5.220 157.683 823.415 09:37:33
5.228 152.976 800.000 09:37:34
5.220 170.073 888.780 09:37:35
5.228 153.098 800.000 09:37:36
5.112 486.756 2490.244 09:37:37
5.224 150.878 788.780 09:37:38
5.224 150.585 786.341 09:37:39
5.224 155.195 811.220 09:37:40
5.228 150.683 786.341 09:37:41
5.220 165.585 863.902 09:37:42
5.228 150.780 787.805 09:37:43
5.124 496.341 2537.561 09:37:44
5.224 153.390 801.463 09:37:45
5.180 294.463 1525.854 09:37:46
5.224 153.390 801.463 09:37:47
5.224 155.585 813.659 09:37:48
5.224 167.878 875.122 09:37:49
5.228 150.683 787.805 09:37:50
5.116 472.244 2417.561 09:37:51
5.228 150.683 788.780 09:37:52
5.216 155.195 810.244 09:37:54
5.228 151.683 792.195 09:37:55
5.228 150.585 786.341 09:37:56
5.224 164.488 863.415 09:37:57
5.228 150.780 786.341 09:37:58
5.216 192.488 1036.585 09:37:59
5.228 150.683 786.341 09:38:00
5.220 166.878 868.780 09:38:01
5.224 155.780 814.634 09:38:02
5.228 150.683 787.805 09:38:03
5.228 152.488 797.073 09:38:04
5.224 150.878 787.805 09:38:05
5.192 254.976 1523.902 09:38:06
5.224 150.195 786.341 09:38:07
5.168 251.268 1314.634 09:38:08
5.228 154.390 784.878 09:38:09
5.116 484.244 2085.854 09:38:10
5.224 150.878 789.756 09:38:11
5.224 150.976 787.805 09:38:12
5.220 160.488 835.122 09:38:13
5.224 152.780 798.537 09:38:14
5.224 167.390 876.585 09:38:15
5.216 190.780 994.146 09:38:16
5.152 351.878 1817.561 09:38:17
5.224 153.195 800.000 09:38:18
5.228 152.780 798.537 09:38:19
5.228 151.195 787.805 09:38:20
5.224 150.585 787.317 09:38:21
5.220 164.780 863.415 09:38:22
5.224 151.878 791.220 09:38:23
5.156 401.561 2437.073 09:38:24
5.224 151.293 786.341 09:38:25
5.180 302.268 1563.415 09:38:26
5.228 150.976 789.756 09:38:27
5.224 150.293 785.854 09:38:28
5.224 164.585 860.000 09:38:29
5.228 150.683 786.341 09:38:30
5.196 167.683 877.561 09:38:31
5.228 150.585 787.805 09:38:32
5.140 463.659 2585.366 09:38:33
5.224 150.976 792.683 09:38:34
5.228 150.585 784.878 09:38:35
5.220 164.585 860.976 09:38:36
5.224 150.683 787.317 09:38:37
5.140 333.561 1739.024 09:38:38
5.224 150.878 787.317 09:38:39
5.116 457.854 2426.341 09:38:40
5.228 150.293 790.244 09:38:41
5.228 149.683 787.805 09:38:42
5.224 165.073 858.537 09:38:43
5.228 150.585 787.317 09:38:44
5.220 169.976 1093.171 09:38:45
5.224 152.976 799.024 09:38:46
5.224 170.195 891.220 09:38:47
5.220 162.976 801.463 09:38:48
5.228 153.195 798.537 09:38:49
5.224 164.683 863.902 09:38:50
5.228 150.488 787.805 09:38:51
5.220 167.195 872.683 09:38:52
5.228 150.683 788.780 09:38:53
5.108 495.951 2610.244 09:38:54
5.216 183.683 958.049 09:38:55
5.228 155.390 782.439 09:38:56
5.220 164.073 857.561 09:38:57
5.228 150.293 786.341 09:38:58
5.224 163.878 856.098 09:38:59
5.164 340.073 1728.780 09:39:00
5.224 150.293 787.805 09:39:01
5.228 150.098 787.317 09:39:02
5.224 150.098 784.878 09:39:03
5.220 164.390 860.000 09:39:04
