5.224 161.293 841.220 10:57:19
5.192 249.890 1298.293 10:57:20
5.224 163.598 853.902 10:57:21
5.224 150.390 786.829 10:57:22
5.224 164.000 812.927 10:57:23
5.124 455.659 2480.976 10:57:24
5.224 153.293 800.976 10:57:25
5.224 152.780 797.073 10:57:26
5.220 167.073 872.683 10:57:27
5.224 153.488 800.976 10:57:28
5.112 498.341 2458.537 10:57:29
5.224 152.780 798.537 10:57:30
5.208 267.683 1498.537 10:57:31
5.228 157.488 788.780 10:57:32
5.228 150.195 784.878 10:57:33
5.224 212.878 925.366 10:57:34
5.228 149.976 786.341 10:57:35
5.116 455.463 2464.878 10:57:36
5.228 150.390 783.415 10:57:37
5.192 276.268 1323.415 10:57:38
5.224 150.780 787.805 10:57:39
5.228 150.488 786.341 10:57:40
5.220 166.683 860.000 10:57:41
5.224 152.585 797.073 10:57:42
5.116 501.659 2549.756 10:57:43
5.228 150.585 787.317 10:57:44
5.228 150.293 785.854 10:57:45
5.224 157.390 825.366 10:57:46
5.228 150.390 783.902 10:57:47
5.168 456.756 2107.805 10:57:48
5.224 150.488 787.317 10:57:49
5.168 362.756 1682.439 10:57:50
5.224 150.683 788.780 10:57:51
5.212 204.171 1050.244 10:57:52
5.220 163.488 808.780 10:57:53
5.216 190.073 951.220 10:57:54
5.192 403.561 1325.366 10:57:55
5.228 150.390 789.756 10:57:56
5.132 468.463 2104.390 10:57:57
5.224 150.683 820.976 10:57:58
5.220 163.390 876.098 10:57:59
5.228 151.195 787.805 10:58:00
5.228 152.098 797.073 10:58:01
5.220 172.780 820.976 10:58:02
5.228 150.585 786.341 10:58:03
5.128 416.268 2175.610 10:58:04
5.224 150.585 787.805 10:58:05
5.160 395.463 1942.927 10:58:06
5.228 151.293 787.805 10:58:07
5.208 202.683 1145.366 10:58:08
5.224 164.390 861.463 10:58:09
5.228 152.878 798.537 10:58:10
5.220 167.488 873.659 10:58:11
5.228 152.878 801.463 10:58:12
5.192 253.171 1302.927 10:58:13
5.224 152.976 800.976 10:58:14
5.196 271.878 2513.659 10:58:15
5.224 150.780 787.805 10:58:16
5.224 150.488 786.341 10:58:17
5.224 170.488 791.220 10:58:18
5.224 150.488 786.341 10:58:19
5.160 255.073 1334.634 10:58:20
5.228 150.683 787.317 10:58:21
5.144 417.659 2126.829 10:58:22
5.212 150.780 789.756 10:58:23
5.116 352.073 2457.073 10:58:24
5.220 164.390 861.463 10:58:26
5.228 150.390 783.415 10:58:27
5.200 166.976 869.756 10:58:28
5.224 150.390 786.341 10:58:29
5.144 457.854 2096.585 10:58:30
5.224 150.683 787.317 10:58:31
5.224 164.683 1269.756 10:58:32
5.228 150.780 787.317 10:58:33
5.228 150.488 790.244 10:58:34
5.224 151.293 787.805 10:58:35
5.228 159.780 784.878 10:58:36
5.224 166.488 869.756 10:58:37
5.228 150.195 786.341 10:58:38
5.124 419.659 2139.512 10:58:39
5.208 150.390 787.805 10:58:40
5.192 258.366 1347.317 10:58:41
5.224 151.098 787.805 10:58:42
5.228 150.488 786.341 10:58:43
5.220 165.195 860.000 10:58:44
5.228 150.390 786.341 10:58:45
5.112 361.366 1926.829 10:58:46
5.224 150.488 792.195 10:58:47
5.184 215.488 1475.610 10:58:48
5.228 151.585 792.195 10:58:49
5.224 150.488 786.341 10:58:50
5.220 164.683 860.000 10:58:51
5.224 150.488 786.341 10:58:52
5.112 476.146 2437.561 10:58:53
5.224 150.780 787.317 10:58:54
5.156 384.756 1968.293 10:58:55
5.216 182.171 944.878 10:58:56
5.228 150.488 781.463 10:58:57
5.224 164.390 859.024 10:58:58
5.228 150.293 783.902 10:58:59
5.220 168.488 873.659 10:59:00
5.228 154.683 808.780 10:59:01
5.120 401.659 2020.488 10:59:02
5.224 150.780 792.195 10:59:03
5.212 200.683 1051.707 10:59:04
5.228 151.195 792.683 10:59:05
5.228 150.195 786.341 10:59:06
5.200 232.683 1210.732 10:59:07
5.224 150.390 787.317 10:59:08
5.140 440.659 2656.585 10:59:09
5.228 150.488 786.341 10:59:10
5.220 170.293 1063.902 10:59:11
5.228 151.195 787.805 10:59:12
5.228 150.488 786.341 10:59:13
5.224 157.585 823.902 10:59:14
5.228 150.293 786.341 10:59:15
5.220 167.780 871.220 10:59:16
5.228 150.390 783.902 10:59:17
5.144 500.561 2455.122 10:59:18
5.224 150.878 1035.610 10:59:19
5.184 257.366 1373.659 10:59:20
5.224 150.878 789.756 10:59:21
5.228 150.683 785.854 10:59:22
5.220 164.195 859.024 10:59:23
5.224 150.488 788.780 10:59:24
5.192 169.195 880.976 10:59:25
5.224 150.585 786.341 10:59:26
5.128 477.244 2503.415 10:59:27
5.228 150.976 787.805 10:59:28
5.228 150.390 784.878 10:59:29
5.224 165.390 855.122 10:59:30
5.228 150.390 786.341 10:59:31
5.156 377.854 1926.829 10:59:32
5.224 150.683 787.317 10:59:33
5.224 159.293 794.634 10:59:34
5.220 165.195 863.415 10:59:35
5.228 150.293 784.878 10:59:36
5.120 475.244 2499.024 10:59:37
5.228 150.780 787.805 10:59:38
5.188 253.780 1322.927 10:59:39
5.224 150.878 787.805 10:59:40
5.224 150.390 787.805 10:59:41
5.220 165.780 860.976 10:59:42
5.228 151.098 787.317 10:59:43
5.112 501.146 2539.024 10:59:44
5.228 157.073 785.854 10:59:45
5.172 337.366 1995.610 10:59:46
5.224 182.488 789.756 10:59:47
5.228 150.293 786.341 10:59:48
5.224 176.488 860.000 10:59:49
5.228 150.488 786.341 10:59:50
5.120 487.244 2550.244 10:59:51
5.220 150.683 787.317 10:59:52
5.128 478.854 2453.659 10:59:53
5.228 151.098 787.317 10:59:54
5.228 150.195 789.756 10:59:55
5.224 158.683 824.878 10:59:56
5.232 150.293 784.878 10:59:57
5.220 168.780 1023.902 10:59:58
5.228 150.585 786.341 10:59:59
5.116 491.561 2512.195 11:00:00
5.224 151.683 789.756 11:00:01
5.228 150.293 784.878 11:00:02
5.216 187.780 985.366 11:00:03
5.224 150.488 784.878 11:00:04
5.220 169.683 883.902 11:00:05
5.228 153.390 800.976 11:00:06
5.156 265.268 1353.171 11:00:07
5.228 152.878 803.415 11:00:08
5.172 253.683 1413.171 11:00:09
5.224 150.976 788.780 11:00:10
5.228 150.390 783.902 11:00:11
5.220 165.073 860.000 11:00:12
5.228 150.878 784.878 11:00:13
5.192 251.488 1310.732 11:00:14
5.224 150.585 786.341 11:00:15
5.164 372.854 2504.878 11:00:16
5.224 150.780 787.805 11:00:17
5.228 150.390 786.341 11:00:18
5.216 164.976 860.000 11:00:19
5.228 149.878 838.537 11:00:20
5.220 166.878 874.146 11:00:21
5.224 153.098 800.000 11:00:22
5.136 335.366 1894.146 11:00:23
5.224 153.098 800.976 11:00:24
5.224 152.878 800.976 11:00:25
5.224 160.293 835.122 11:00:26
5.228 152.585 797.561 11:00:27
5.220 165.683 861.463 11:00:28
5.224 150.488 783.415 11:00:29
5.120 506.756 2507.317 11:00:30
5.228 150.683 787.805 11:00:31
5.212 200.073 1073.171 11:00:32
5.212 183.171 936.098 11:00:33
5.224 150.488 783.902 11:00:34
5.220 180.390 864.878 11:00:35
5.224 150.585 786.341 11:00:37
5.124 484.366 2513.659 11:00:38
5.228 151.098 787.317 11:00:39
5.164 356.463 2024.390 11:00:40
5.224 150.098 787.805 11:00:41
5.228 150.585 784.878 11:00:42
5.220 164.683 860.000 11:00:43
5.228 150.293 786.341 11:00:44
5.112 346.561 1737.561 11:00:45
5.228 150.488 789.756 11:00:46
5.140 415.659 2121.951 11:00:47
5.224 150.780 787.805 11:00:48
5.224 150.780 787.317 11:00:49
5.224 158.585 828.780 11:00:50
5.228 150.195 783.415 11:00:51
5.124 508.659 2602.439 11:00:52
5.216 150.683 787.805 11:00:53
5.172 390.268 2065.854 11:00:54
5.224 157.195 827.317 11:00:55
5.212 274.073 1110.244 11:00:56
5.224 158.195 827.317 11:00:57
5.224 150.488 786.341 11:00:58
5.124 508.146 2573.659 11:00:59
5.224 156.390 797.073 11:01:00
5.072 408.951 1827.805 11:01:01
5.228 153.293 800.976 11:01:02
5.224 160.195 836.585 11:01:03
5.220 168.073 879.024 11:01:04
5.228 153.390 800.000 11:01:05
5.224 166.390 867.317 11:01:06
5.228 151.683 792.683 11:01:07
5.196 249.073 1292.195 11:01:08
5.228 150.195 789.756 11:01:09
5.212 214.268 1024.390 11:01:10
5.220 164.195 857.561 11:01:11
5.204 212.878 1106.829 11:01:12
5.220 167.390 869.756 11:01:13
5.224 150.780 789.756 11:01:14
5.124 466.756 2107.805 11:01:15
5.208 150.780 789.756 11:01:16
5.184 252.878 872.683 11:01:17
5.224 156.195 891.707 11:01:18
5.200 226.488 1191.707 11:01:19
5.224 151.390 791.220 11:01:20
5.224 150.683 786.341 11:01:21
5.220 166.683 1066.341 11:01:22
5.220 150.780 788.780 11:01:23
5.196 249.073 1295.610 11:01:24
5.228 150.780 787.805 11:01:25
5.220 166.488 872.195 11:01:26
5.224 165.073 857.561 11:01:27
5.164 336.073 1721.463 11:01:28
5.220 167.293 870.244 11:01:29
5.228 150.585 787.317 11:01:30
5.144 410.561 2081.951 11:01:31
5.228 151.683 790.244 11:01:32
5.184 248.268 1298.537 11:01:33
5.224 150.878 786.341 11:01:34
5.220 165.195 862.439 11:01:35
5.228 151.098 791.220 11:01:36
5.228 150.585 787.317 11:01:37
5.164 316.463 1183.902 11:01:38
5.220 166.683 872.195 11:01:39
5.192 276.463 1383.415 11:01:40
5.216 184.293 974.146 11:01:41
5.116 406.561 2182.927 11:01:42
5.220 153.780 789.756 11:01:43
5.180 264.463 1321.951 11:01:44
5.228 151.098 788.780 11:01:45
5.224 150.585 786.341 11:01:46
5.220 166.780 869.756 11:01:47
5.224 151.293 785.854 11:01:48
5.188 255.171 1520.000 11:01:49
5.224 206.488 1079.024 11:01:50
5.196 238.780 1241.951 11:01:51
5.224 151.098 788.780 11:01:52
5.224 150.488 787.805 11:01:53
5.220 169.976 883.902 11:01:54
5.224 152.976 798.537 11:01:55
5.120 441.854 2394.634 11:01:56
5.212 176.195 922.927 11:01:57
5.164 369.976 1887.805 11:01:58
5.224 164.293 856.585 11:01:59
5.228 150.293 786.341 11:02:00
5.224 158.073 827.317 11:02:01
5.228 150.878 788.780 11:02:02
5.220 167.976 877.561 11:02:03
5.224 150.585 791.220 11:02:04
5.140 425.366 2153.171 11:02:05
5.228 150.780 787.317 11:02:06
5.176 327.878 1802.439 11:02:07
5.224 150.683 787.805 11:02:08
5.224 150.293 784.878 11:02:09
5.220 166.390 867.805 11:02:10
5.228 150.585 787.805 11:02:11
5.160 335.073 2018.049 11:02:12
5.224 150.488 783.902 11:02:13
5.196 166.780 874.146 11:02:14
5.224 150.780 791.220 11:02:15
5.228 150.390 786.341 11:02:16
5.224 164.585 859.024 11:02:17
5.224 150.488 787.317 11:02:18
5.220 169.390 899.024 11:02:19
5.224 150.585 829.756 11:02:20
5.132 460.756 1784.878 11:02:21
5.224 153.293 800.000 11:02:22
5.224 152.780 797.561 11:02:23
5.224 153.390 801.463 11:02:24
5.224 152.976 798.537 11:02:25
5.192 257.878 1396.098 11:02:26
5.228 152.976 798.537 11:02:27
5.128 516.244 2551.707 11:02:28
5.228 150.780 787.805 11:02:29
5.228 150.390 786.341 11:02:30
5.224 157.878 824.878 11:02:31
5.228 150.585 783.415 11:02:32
5.220 167.390 875.122 11:02:33
5.224 150.585 786.341 11:02:34
5.144 442.659 2109.756 11:02:35
5.224 152.390 795.122 11:02:36
5.224 151.976 794.634 11:02:37
5.220 164.585 856.098 11:02:38
5.228 150.780 786.341 11:02:39
5.220 165.293 862.439 11:02:40
5.232 150.780 789.756 11:02:41
5.120 489.951 2601.463 11:02:42
5.228 150.780 787.805 11:02:43
5.228 150.293 786.341 11:02:45
5.224 157.780 827.805 11:02:46
5.228 150.488 787.805 11:02:47
5.180 255.976 1748.780 11:02:48
5.228 150.683 787.805 11:02:49
5.156 366.659 2432.683 11:02:50
5.228 151.293 791.220 11:02:51
5.228 150.195 782.439 11:02:52
5.228 151.293 787.805 11:02:53
5.228 150.488 787.317 11:02:54
5.192 262.878 1308.293 11:02:55
5.228 164.293 787.805 11:02:56
5.152 366.659 1703.902 11:02:57
5.228 150.780 787.317 11:02:58
5.168 320.561 1801.463 11:02:59
5.228 151.098 789.756 11:03:00
5.220 156.073 816.585 11:03:01
5.220 168.585 876.585 11:03:02
5.224 154.073 798.537 11:03:03
5.220 167.683 876.098 11:03:04
5.228 161.976 804.878 11:03:05
5.120 533.439 2521.463 11:03:06
5.228 151.585 800.976 11:03:07
5.224 150.293 787.317 11:03:08
5.220 165.780 865.366 11:03:09
5.224 150.390 786.341 11:03:10
5.112 496.561 2530.244 11:03:11
5.228 150.780 786.341 11:03:12
5.112 481.659 2604.878 11:03:13
5.228 150.878 787.805 11:03:14
5.228 150.488 785.854 11:03:15
5.220 164.878 859.024 11:03:16
5.228 150.488 786.341 11:03:17
5.216 167.683 879.024 11:03:18
5.224 150.488 784.878 11:03:19
5.132 457.049 2301.951 11:03:20
5.228 150.780 789.756 11:03:21
5.228 150.293 784.878 11:03:22
5.220 158.878 827.317 11:03:23
5.224 152.683 798.537 11:03:24
5.144 257.463 1354.634 11:03:25
5.224 153.683 796.098 11:03:26
5.164 408.854 1756.098 11:03:27
5.224 153.585 800.000 11:03:28
5.204 212.780 1109.268 11:03:29
5.224 157.683 827.805 11:03:30
5.228 150.488 785.854 11:03:31
5.220 166.683 865.366 11:03:32
5.224 150.488 788.780 11:03:33
5.120 503.854 2602.927 11:03:34
5.224 151.098 787.805 11:03:35
5.196 247.488 1285.854 11:03:36
5.228 150.878 787.805 11:03:37
5.224 150.293 823.415 11:03:38
5.220 165.073 861.463 11:03:39
5.228 158.976 789.756 11:03:40
5.216 171.780 894.146 11:03:41
5.228 153.293 800.000 11:03:42
5.124 482.366 2508.780 11:03:43
5.224 153.195 801.463 11:03:44
5.184 292.561 1546.341 11:03:45
5.220 193.976 964.878 11:03:46
5.228 150.683 787.805 11:03:47
5.192 272.683 875.122 11:03:48
5.228 150.780 784.878 11:03:49
5.116 502.049 2570.244 11:03:50
5.224 150.780 787.805 11:03:51
5.224 150.390 786.341 11:03:52
5.228 177.293 790.244 11:03:53
5.224 150.585 786.341 11:03:54
5.220 167.293 924.878 11:03:55
5.228 150.683 787.805 11:03:56
5.196 247.268 2146.829 11:03:57
5.224 150.878 787.805 11:03:58
5.196 250.268 1300.488 11:03:59
5.224 151.098 789.756 11:04:00
5.228 150.585 787.317 11:04:01
5.220 166.878 871.220 11:04:02
5.228 150.780 786.341 11:04:03
5.120 445.146 2145.854 11:04:04
5.228 150.878 788.780 11:04:05
5.120 494.463 2559.024 11:04:06
5.224 151.195 789.756 11:04:07
5.224 150.488 789.756 11:04:08
5.220 162.073 828.780 11:04:09
5.224 149.976 832.683 11:04:10
5.224 253.488 872.195 11:04:11
5.224 150.683 787.805 11:04:12
5.120 497.341 2481.463 11:04:13
5.224 150.878 788.780 11:04:14
5.228 150.293 787.317 11:04:15
5.212 197.073 986.829 11:04:16
5.228 150.683 786.341 11:04:17
5.220 167.683 876.585 11:04:18
5.228 150.780 787.805 11:04:19
5.124 514.439 2169.756 11:04:20
5.228 151.195 788.780 11:04:21
5.228 150.488 784.878 11:04:22
5.220 164.390 860.976 11:04:23
5.224 150.390 786.341 11:04:24
5.140 494.463 2427.317 11:04:25
5.224 150.585 787.317 11:04:26
5.120 434.951 2319.512 11:04:27
5.224 151.585 792.195 11:04:28
5.228 150.488 783.415 11:04:29
5.220 164.780 859.024 11:04:30
5.228 150.585 786.341 11:04:31
5.212 168.073 880.976 11:04:32
5.228 149.878 787.317 11:04:33
5.116 469.049 2129.268 11:04:34
5.224 150.293 787.805 11:04:35
5.228 150.780 786.341 11:04:36
5.224 158.195 825.366 11:04:37
5.224 150.976 790.244 11:04:38
5.220 209.488 875.122 11:04:39
5.228 150.780 786.341 11:04:40
5.176 325.659 1835.610 11:04:41
5.220 150.780 792.195 11:04:42
5.212 205.780 1063.902 11:04:43
5.224 164.390 863.415 11:04:44
5.224 150.293 785.854 11:04:45
5.220 167.390 876.098 11:04:46
5.228 150.585 786.341 11:04:47
5.228 152.488 1069.268 11:04:48
5.228 151.098 789.756 11:04:49
5.224 163.878 930.244 11:04:50
5.224 164.780 860.000 11:04:51
5.216 187.683 979.024 11:04:52
5.120 487.756 2497.561 11:04:53
5.224 150.683 787.805 11:04:54
5.184 306.976 1541.951 11:04:55
5.228 151.098 788.780 11:04:56
5.228 152.098 796.098 11:04:58
5.224 164.780 861.463 11:04:59
5.204 239.171 1155.610 11:05:00
5.120 448.146 1908.780 11:05:01
5.224 157.293 823.415 11:05:02
5.160 359.171 1915.122 11:05:03
5.228 154.195 807.805 11:05:04
5.228 152.683 796.098 11:05:05
5.220 166.195 857.561 11:05:06
5.228 155.878 808.780 11:05:07
5.192 262.878 1325.366 11:05:08
5.228 150.780 787.805 11:05:09
5.148 435.171 2183.415 11:05:10
5.224 150.780 788.780 11:05:11
5.228 150.390 842.439 11:05:12
5.224 157.780 827.317 11:05:13
5.224 179.293 787.317 11:05:14
5.192 248.171 1036.585 11:05:15
5.200 226.171 1213.171 11:05:16
5.216 167.073 1580.000 11:05:17
5.228 150.585 787.317 11:05:18
5.220 163.976 853.659 11:05:19
5.224 155.073 808.780 11:05:20
5.228 150.683 786.341 11:05:21
5.220 167.195 873.659 11:05:22
5.220 163.683 854.146 11:05:23
5.132 490.463 2509.756 11:05:24
5.228 150.488 786.341 11:05:25
5.228 150.390 785.854 11:05:26
5.224 157.585 889.756 11:05:27
5.224 163.585 854.146 11:05:28
5.216 167.585 868.780 11:05:29
5.224 150.780 787.805 11:05:30
5.124 490.561 2466.341 11:05:31
5.224 157.780 823.415 11:05:32
5.224 150.488 786.341 11:05:33
5.224 154.488 812.195 11:05:34
5.228 150.390 786.341 11:05:35
5.224 165.585 863.902 11:05:36
5.228 150.488 787.805 11:05:37
5.116 485.951 2507.317 11:05:38
5.208 203.585 1064.390 11:05:39
5.204 207.268 1265.854 11:05:40
5.228 153.293 1341.951 11:05:41
5.224 150.293 785.854 11:05:42
5.220 164.293 860.000 11:05:43
5.224 150.585 786.341 11:05:44
5.180 264.073 878.537 11:05:45
5.220 163.976 853.659 11:05:46
5.204 219.683 1115.122 11:05:47
5.224 157.488 826.341 11:05:48
5.224 149.976 785.854 11:05:49
5.220 164.976 863.415 11:05:50
5.228 150.585 786.341 11:05:51
5.116 495.854 2539.024 11:05:52
5.224 151.585 787.805 11:05:53
5.188 264.585 1740.488 11:05:54
5.224 151.098 788.780 11:05:55
5.224 150.390 787.805 11:05:56
5.220 164.780 861.463 11:05:57
5.228 150.390 786.341 11:05:58
5.192 254.878 1338.537 11:05:59
5.228 150.585 787.805 11:06:00
5.180 289.878 1523.415 11:06:01
5.228 150.878 788.780 11:06:02
5.224 150.390 786.341 11:06:03
5.220 175.878 918.537 11:06:04
5.228 150.585 789.756 11:06:05
5.192 234.366 873.659 11:06:06
5.224 150.683 787.805 11:06:07
5.128 470.366 2380.000 11:06:08
5.224 150.878 1007.805 11:06:09
5.200 240.073 1170.732 11:06:10
5.224 159.073 838.537 11:06:11
5.224 152.976 797.073 11:06:12
5.224 170.293 883.902 11:06:13
5.228 152.780 802.439 11:06:14
5.140 463.366 2050.244 11:06:15
5.224 169.976 784.878 11:06:16
5.192 238.878 1477.561 11:06:17
5.228 151.293 787.805 11:06:18
5.224 150.195 784.878 11:06:19
5.224 164.488 939.024 11:06:20
5.224 150.488 786.341 11:06:21
5.220 328.561 1473.659 11:06:22
5.224 150.585 789.756 11:06:23
5.196 251.171 1498.537 11:06:24
5.212 193.976 961.463 11:06:25
5.224 150.195 785.854 11:06:26
5.224 157.976 823.415 11:06:27
5.228 150.195 786.341 11:06:28
5.180 268.073 1323.415 11:06:29
5.224 150.195 786.341 11:06:30
5.140 418.268 2380.000 11:06:31
5.224 150.780 787.805 11:06:32
5.204 318.073 1957.561 11:06:33
5.224 168.585 823.415 11:06:34
5.228 150.488 787.805 11:06:35
5.220 164.683 856.585 11:06:36
5.228 150.585 786.341 11:06:37
5.112 452.951 2189.268 11:06:38
5.228 150.683 787.805 11:06:39
5.188 279.878 1433.171 11:06:40
5.224 150.683 788.780 11:06:41
5.224 151.195 785.854 11:06:42
5.224 164.585 858.537 11:06:43
5.224 150.585 786.341 11:06:44
5.220 168.390 873.659 11:06:45
5.228 150.098 787.317 11:06:46
5.168 298.780 1780.488 11:06:47
5.228 150.878 787.805 11:06:48
5.220 152.195 793.659 11:06:49
5.224 167.073 872.195 11:06:50
5.216 174.780 910.244 11:06:51
5.120 490.341 2570.244 11:06:52
5.224 180.390 787.317 11:06:53
5.188 260.171 1414.634 11:06:54
5.224 154.780 808.780 11:06:55
5.200 227.390 1192.683 11:06:56
5.220 160.073 838.537 11:06:57
5.224 153.293 799.024 11:06:58
5.220 170.878 893.659 11:06:59
5.224 150.390 785.854 11:07:00
5.148 472.146 2125.366 11:07:01
5.224 150.683 786.341 11:07:02
5.204 224.780 1241.951 11:07:03
5.220 164.488 858.537 11:07:04
5.224 150.488 786.341 11:07:05
5.220 166.683 868.780 11:07:06
5.228 149.878 786.341 11:07:07
5.116 413.463 1735.122 11:07:08
5.224 150.195 787.317 11:07:10
5.220 180.390 865.366 11:07:11
5.220 172.195 863.902 11:07:12
5.204 294.683 1571.220 11:07:13
5.224 155.195 813.659 11:07:14
5.228 150.293 786.341 11:07:15
5.164 369.171 1922.927 11:07:16
5.224 151.488 791.220 11:07:17
5.196 334.878 1946.341 11:07:18
5.220 164.585 860.000 11:07:19
5.220 181.878 867.805 11:07:20
5.216 164.488 860.000 11:07:21
5.220 281.268 1235.610 11:07:22
5.220 165.073 862.439 11:07:23
5.224 150.488 786.341 11:07:24
5.148 430.561 1677.561 11:07:25
5.228 150.683 787.805 11:07:26
5.192 241.171 1314.634 11:07:27
5.224 157.293 820.000 11:07:28
5.220 185.390 873.659 11:07:29
5.216 168.293 872.683 11:07:30
5.228 152.780 798.537 11:07:31
5.172 349.073 2005.854 11:07:32
5.228 152.098 785.854 11:07:33
5.220 165.585 1012.683 11:07:34
5.224 167.683 856.098 11:07:35
5.164 286.683 1297.073 11:07:36
5.224 165.073 861.463 11:07:37
5.228 177.780 1158.049 11:07:38
5.220 164.976 860.000 11:07:39
5.224 150.098 786.341 11:07:40
5.220 165.390 867.317 11:07:41
5.228 150.585 787.317 11:07:42
5.220 165.878 863.415 11:07:43
5.224 164.073 855.122 11:07:44
5.196 251.488 1307.317 11:07:45
5.224 175.073 859.024 11:07:46
5.228 149.683 784.878 11:07:47
5.204 225.780 1194.146 11:07:48
5.224 150.390 786.341 11:07:49
5.192 196.780 868.780 11:07:50
5.224 150.195 790.244 11:07:51
5.220 165.585 863.902 11:07:52
5.224 150.488 783.415 11:07:53
5.228 149.976 784.878 11:07:54
5.192 264.073 1335.610 11:07:55
5.228 152.683 797.561 11:07:56
5.156 352.073 1874.146 11:07:57
5.212 225.585 958.049 11:07:58
5.196 258.780 1602.439 11:07:59
5.224 153.098 808.780 11:08:00
5.224 156.780 816.098 11:08:01
5.224 157.488 820.976 11:08:02
5.228 154.780 804.878 11:08:03
5.220 170.976 896.098 11:08:04
5.224 154.073 798.537 11:08:05
5.192 249.268 1300.488 11:08:06
5.228 150.780 787.317 11:08:07
5.156 365.561 1971.707 11:08:08
5.224 160.780 787.805 11:08:09
5.224 149.683 780.976 11:08:10
5.224 166.390 867.317 11:08:11
5.228 150.195 785.854 11:08:12
5.136 492.561 2240.488 11:08:13
5.228 150.488 785.854 11:08:14
5.116 496.341 2368.780 11:08:15
5.224 153.488 799.024 11:08:16
5.224 153.293 798.537 11:08:17
5.220 166.585 872.195 11:08:18
5.228 152.683 798.537 11:08:19
5.180 169.976 891.220 11:08:20
5.228 153.098 797.561 11:08:21
5.140 425.171 2246.829 11:08:22
5.224 150.683 787.805 11:08:23
5.228 149.976 784.878 11:08:24
5.224 151.585 789.756 11:08:25
5.228 149.976 786.341 11:08:26
5.188 263.878 1580.000 11:08:27
5.224 150.488 783.415 11:08:28
5.160 280.780 1531.220 11:08:29
5.228 150.780 789.756 11:08:30
5.204 212.171 1144.390 11:08:31
5.224 151.098 788.780 11:08:32
5.216 181.976 980.000 11:08:33
5.176 320.780 1838.049 11:08:34
5.224 151.098 787.317 11:08:35
5.144 385.561 1954.146 11:08:36
5.228 150.683 787.805 11:08:37
5.164 264.683 1309.268 11:08:38
5.228 150.878 788.780 11:08:39
5.228 190.073 1142.927 11:08:40
5.224 157.488 822.439 11:08:41
5.228 154.073 810.244 11:08:42
5.192 264.366 1312.195 11:08:43
5.224 150.585 783.902 11:08:44
5.192 260.268 1345.854 11:08:45
5.228 150.780 785.854 11:08:46
5.140 528.561 2700.000 11:08:47
5.220 172.293 982.927 11:08:48
5.224 150.683 786.341 11:08:49
5.168 334.756 1839.024 11:08:50
5.228 150.488 787.317 11:08:51
5.192 329.780 1705.366 11:08:52
5.224 153.098 800.000 11:08:53
5.168 306.976 1588.780 11:08:54
5.224 150.878 787.805 11:08:55
5.228 150.098 786.341 11:08:56
5.220 165.073 860.000 11:08:57
5.228 150.585 786.341 11:08:58
5.144 358.756 1612.195 11:08:59
5.228 150.976 783.415 11:09:00
5.224 221.268 1130.732 11:09:01
5.224 158.293 823.902 11:09:02
5.228 150.195 785.854 11:09:03
5.224 166.585 880.976 11:09:04
5.228 149.878 787.805 11:09:05
5.152 397.268 2184.878 11:09:06
5.228 150.976 788.780 11:09:07
5.228 150.390 783.902 11:09:08
5.220 165.073 860.976 11:09:09
5.224 150.390 786.341 11:09:10
5.124 477.756 2448.293 11:09:11
5.220 164.195 858.537 11:09:12
5.200 254.366 1144.390 11:09:13
5.224 157.683 823.902 11:09:14
5.224 150.683 786.341 11:09:15
5.220 167.293 873.659 11:09:16
5.228 151.878 793.659 11:09:17
5.120 474.756 2493.659 11:09:18
5.216 173.195 911.707 11:09:19
5.228 150.390 784.878 11:09:20
5.224 157.585 823.902 11:09:21
5.228 150.488 787.805 11:09:22
5.220 166.780 872.195 11:09:24
5.228 150.390 787.805 11:09:25
5.116 488.049 2458.537 11:09:26
5.228 154.780 807.805 11:09:27
5.228 150.780 786.341 11:09:28
5.220 164.390 859.024 11:09:29
5.224 150.390 785.854 11:09:30
5.164 258.073 1340.488 11:09:31
5.224 161.195 842.439 11:09:32
5.128 406.073 2470.244 11:09:33
5.224 153.098 800.976 11:09:34
5.228 152.780 798.537 11:09:35
5.228 158.488 824.878 11:09:36
5.228 150.488 786.341 11:09:37
5.192 413.854 1781.463 11:09:38
5.224 150.683 787.805 11:09:39
5.180 309.268 1895.122 11:09:40
5.204 184.683 1015.122 11:09:41
5.180 282.073 1495.122 11:09:42
5.228 150.976 788.780 11:09:43
5.228 149.195 786.341 11:09:44
5.220 160.390 836.098 11:09:45
5.228 150.195 783.415 11:09:46
5.112 482.951 2415.122 11:09:47
5.228 151.293 788.780 11:09:48
5.196 248.878 1300.488 11:09:49
5.228 150.585 789.756 11:09:50
5.228 150.390 786.341 11:09:51
5.220 158.976 830.244 11:09:52
5.228 150.683 787.317 11:09:53
5.112 485.049 2424.878 11:09:54
5.228 151.098 786.341 11:09:55
5.144 416.366 2122.927 11:09:56
5.228 150.098 787.805 11:09:57
5.176 272.585 1793.659 11:09:58
5.224 151.488 790.244 11:09:59
5.228 163.293 785.854 11:10:00
5.220 184.976 873.659 11:10:01
5.224 153.195 800.000 11:10:02
5.188 257.780 1325.854 11:10:03
5.224 152.976 798.537 11:10:04
5.132 487.146 2487.317 11:10:05
5.224 153.488 800.976 11:10:06
5.228 151.683 792.683 11:10:07
5.224 190.073 910.244 11:10:08
5.228 150.976 788.780 11:10:09
5.220 167.195 878.537 11:10:10
5.228 150.683 784.878 11:10:11
5.144 419.659 1747.805 11:10:12
5.228 151.098 790.244 11:10:13
5.224 150.488 787.317 11:10:14
5.224 157.780 823.902 11:10:15
5.228 150.488 786.341 11:10:16
5.216 166.976 1380.488 11:10:17
5.224 150.976 791.220 11:10:18
5.120 467.463 2474.634 11:10:19
5.228 150.683 787.805 11:10:20
5.224 150.390 787.317 11:10:21
5.220 160.073 835.122 11:10:22
5.224 152.878 798.537 11:10:23
5.160 340.073 1497.561 11:10:24
5.228 152.878 800.000 11:10:25
5.128 491.756 2608.780 11:10:26
5.224 152.976 800.000 11:10:27
5.228 152.780 798.537 11:10:28
5.220 165.073 863.415 11:10:29
5.228 149.683 785.854 11:10:30
5.220 167.488 873.659 11:10:31
5.228 150.683 786.341 11:10:32
5.124 457.049 2389.756 11:10:33
5.224 150.780 787.805 11:10:34
5.228 150.195 785.854 11:10:35
5.228 157.585 823.902 11:10:36
5.228 150.780 785.854 11:10:37
5.220 167.195 869.756 11:10:38
5.224 150.683 784.878 11:10:39
5.128 475.463 2424.878 11:10:40
5.228 150.683 811.220 11:10:41
5.216 200.780 883.902 11:10:42
5.224 157.976 825.366 11:10:43
5.228 150.293 786.341 11:10:44
5.220 165.683 861.463 11:10:45
5.228 152.683 798.537 11:10:46
5.124 480.659 2469.756 11:10:47
5.224 150.585 787.805 11:10:48
5.224 152.293 792.683 11:10:49
5.220 155.780 813.659 11:10:50
5.224 150.488 787.805 11:10:51
5.188 410.049 1796.098 11:10:52
5.224 150.683 787.317 11:10:53
5.116 493.951 2767.805 11:10:54
5.228 150.780 787.805 11:10:55
5.212 224.073 1164.390 11:10:56
5.224 158.488 827.805 11:10:57
5.228 150.390 786.341 11:10:58
5.196 196.878 873.659 11:10:59
5.228 150.488 787.317 11:11:00
5.168 213.268 880.000 11:11:01
5.224 151.488 789.756 11:11:02
5.224 158.683 819.024 11:11:03
5.224 157.683 830.244 11:11:04
5.228 150.390 786.341 11:11:05
5.220 167.390 869.756 11:11:06
5.224 150.780 787.317 11:11:07
5.124 481.854 2447.317 11:11:08
5.224 203.683 956.098 11:11:09
5.148 345.976 1833.659 11:11:10
5.228 160.073 789.756 11:11:11
5.204 223.976 1234.634 11:11:12
5.208 203.390 1121.463 11:11:13
5.228 150.390 786.341 11:11:14
5.200 166.878 868.780 11:11:15
5.224 152.683 787.805 11:11:16
5.220 165.780 863.902 11:11:17
5.228 150.976 788.780 11:11:18
5.208 217.268 1099.024 11:11:19
5.228 150.976 789.756 11:11:20
5.228 150.488 789.756 11:11:21
5.212 157.195 820.976 11:11:22
5.224 151.098 787.805 11:11:23
5.168 342.878 2511.220 11:11:24
5.228 150.976 787.805 11:11:25
5.120 488.146 2512.683 11:11:26
5.216 155.780 812.195 11:11:27
5.220 165.780 1141.463 11:11:28
5.220 167.976 876.098 11:11:29
5.224 152.976 800.000 11:11:30
5.172 182.171 885.366 11:11:31
5.228 152.390 801.463 11:11:32
5.128 457.951 2428.293 11:11:33
5.220 172.585 860.000 11:11:34
5.224 259.585 1469.756 11:11:35
5.224 152.976 799.024 11:11:36
5.204 205.780 1137.073 11:11:38
5.228 152.780 798.537 11:11:39
5.220 150.683 787.805 11:11:40
5.224 165.195 863.902 11:11:41
5.224 150.098 788.780 11:11:42
5.220 166.585 869.756 11:11:43
5.216 184.878 1115.122 11:11:44
5.184 276.073 1490.732 11:11:45
5.224 158.293 824.878 11:11:46
5.224 150.683 783.415 11:11:47
5.224 160.390 833.659 11:11:48
5.224 150.780 786.341 11:11:49
5.128 431.659 2041.463 11:11:50
5.220 150.976 788.780 11:11:51
5.156 358.366 1851.707 11:11:52
5.224 152.780 798.537 11:11:53
5.228 150.488 786.341 11:11:54
5.180 339.463 1196.585 11:11:55
5.228 150.585 787.317 11:11:56
5.220 167.073 874.146 11:11:57
5.216 167.488 867.805 11:11:58
5.140 421.854 2607.317 11:11:59
5.228 153.390 801.463 11:12:00
5.224 151.780 788.780 11:12:01
5.224 159.585 833.659 11:12:02
5.228 150.585 783.415 11:12:03
5.196 249.268 1329.756 11:12:04
5.224 150.585 787.805 11:12:05
5.144 472.854 2489.756 11:12:06
5.228 150.878 787.805 11:12:07
5.228 150.390 786.341 11:12:08
5.224 158.585 823.902 11:12:09
5.224 150.780 787.317 11:12:10
5.212 252.585 1339.512 11:12:11
5.224 151.390 790.244 11:12:12
5.116 500.854 2571.707 11:12:13
5.228 153.293 800.000 11:12:14
5.224 152.976 873.659 11:12:15
5.212 178.195 968.780 11:12:16
5.224 150.780 787.317 11:12:17
5.220 167.293 872.195 11:12:18
5.228 150.780 784.878 11:12:19
5.116 476.244 2519.024 11:12:20
5.228 160.195 787.805 11:12:21
5.228 150.488 787.317 11:12:22
5.224 151.293 787.317 11:12:23
5.228 150.878 787.317 11:12:24
5.168 348.756 1636.098 11:12:25
5.228 196.390 788.780 11:12:26
5.124 440.561 2198.049 11:12:27
5.224 150.780 787.805 11:12:28
5.140 419.561 2160.976 11:12:29
5.228 150.195 792.195 11:12:30
5.224 149.878 785.854 11:12:31
5.224 157.976 827.317 11:12:32
5.228 150.390 786.341 11:12:33
5.116 432.659 2159.512 11:12:34
5.224 150.683 787.317 11:12:35
5.120 482.366 2450.244 11:12:36
5.228 151.098 790.244 11:12:37
5.228 150.585 786.341 11:12:38
5.228 156.390 814.634 11:12:39
5.228 150.683 786.341 11:12:40
5.220 165.390 859.024 11:12:41
5.228 150.976 789.756 11:12:42
5.220 165.488 864.878 11:12:43
5.228 152.683 797.073 11:12:44
5.228 150.390 786.341 11:12:45
5.224 157.293 911.707 11:12:46
5.228 150.683 788.780 11:12:47
5.224 167.195 872.195 11:12:48
5.228 150.683 789.756 11:12:49
5.124 339.561 1658.537 11:12:50
5.228 151.195 789.756 11:12:51
5.200 233.488 1214.146 11:12:52
5.224 180.073 812.195 11:12:53
5.224 150.683 787.317 11:12:54
5.116 482.561 2254.634 11:12:55
5.228 150.683 789.756 11:12:56
5.196 249.878 1300.488 11:12:57
5.224 150.195 788.780 11:12:58
5.224 158.293 1127.805 11:12:59
5.228 154.976 809.756 11:13:00
5.228 151.976 794.634 11:13:01
5.196 168.585 880.976 11:13:02
5.228 150.683 788.780 11:13:03
5.144 392.171 2254.634 11:13:04
5.228 150.683 784.878 11:13:05
5.140 379.561 1728.780 11:13:06
5.224 150.780 788.780 11:13:07
5.228 150.585 786.341 11:13:08
5.224 157.878 828.780 11:13:09
5.220 151.195 787.317 11:13:10
5.216 197.976 865.366 11:13:11
5.228 159.780 786.341 11:13:12
5.192 253.488 1305.854 11:13:13
5.224 153.293 801.463 11:13:14
5.176 366.463 1656.098 11:13:15
5.220 166.878 870.244 11:13:16
5.228 152.878 805.854 11:13:17
5.220 164.976 861.463 11:13:18
5.228 150.976 787.317 11:13:19
5.168 408.756 1749.756 11:13:20
5.228 150.976 788.780 11:13:21
5.128 477.659 2543.902 11:13:22
5.220 164.878 858.537 11:13:23
5.228 150.488 786.341 11:13:24
5.228 158.195 823.902 11:13:25
5.228 153.488 799.024 11:13:26
5.192 256.683 1464.390 11:13:27
5.228 153.195 801.463 11:13:28
5.140 447.463 2348.780 11:13:29
5.224 150.976 793.659 11:13:30
5.192 259.683 1315.610 11:13:31
5.228 151.098 789.756 11:13:32
5.228 150.585 784.878 11:13:33
5.220 164.195 860.000 11:13:34
5.224 150.098 786.341 11:13:35
5.172 329.976 1722.927 11:13:36
5.224 150.683 786.341 11:13:37
5.136 433.366 2166.829 11:13:38
5.224 150.878 789.756 11:13:39
5.228 150.488 785.854 11:13:40
5.224 158.073 824.878 11:13:41
5.224 150.585 783.902 11:13:42
5.196 252.268 1322.927 11:13:43
5.224 150.780 1012.683 11:13:44
5.116 493.049 2399.512 11:13:45
5.224 151.195 788.780 11:13:46
5.228 150.488 784.878 11:13:47
5.216 186.976 913.659 11:13:48
5.228 149.878 785.854 11:13:49
5.220 167.488 874.146 11:13:50
5.224 150.780 787.805 11:13:51
5.124 504.244 2581.463 11:13:52
5.228 153.585 789.756 11:13:53
5.224 150.098 786.341 11:13:54
5.220 164.683 860.976 11:13:55
5.224 150.780 787.805 11:13:56
5.220 168.073 873.659 11:13:57
5.224 150.683 787.805 11:13:58
5.120 514.244 2605.366 11:13:59
5.220 151.195 788.780 11:14:00
5.224 150.195 787.317 11:14:01
5.216 165.390 867.317 11:14:03
5.228 151.585 792.683 11:14:04
5.192 168.293 1017.561 11:14:05
5.228 150.780 787.317 11:14:06
5.144 503.244 2464.878 11:14:07
5.224 151.098 791.220 11:14:08
5.228 150.488 786.341 11:14:09
5.220 164.683 860.000 11:14:10
5.224 150.976 786.341 11:14:11
5.220 168.293 876.585 11:14:12
5.228 150.976 791.220 11:14:13
5.132 468.146 2523.415 11:14:14
5.228 150.976 788.780 11:14:15
5.228 150.780 786.341 11:14:16
5.220 165.488 863.415 11:14:17
5.228 150.585 786.341 11:14:18
5.224 167.585 879.024 11:14:19
5.220 150.585 787.805 11:14:20
5.120 503.463 2317.561 11:14:21
5.228 150.585 788.780 11:14:22
5.228 150.488 786.341 11:14:23
5.224 165.073 861.463 11:14:24
5.212 182.293 979.024 11:14:25
5.220 166.293 866.341 11:14:26
5.228 150.683 788.780 11:14:27
5.144 421.171 2154.146 11:14:28
5.224 150.878 788.780 11:14:29
5.228 149.780 784.878 11:14:30
5.224 157.585 827.317 11:14:31
5.224 150.683 787.317 11:14:32
5.220 167.976 873.659 11:14:33
5.224 150.585 787.805 11:14:34
5.156 336.463 1710.244 11:14:35
5.228 150.780 787.805 11:14:36
5.224 150.293 786.341 11:14:37
5.224 157.585 823.902 11:14:38
5.228 150.683 786.341 11:14:39
5.224 165.293 863.415 11:14:40
5.224 150.878 788.780 11:14:41
5.140 425.854 2187.317 11:14:42
5.228 150.878 788.780 11:14:43
5.228 150.878 788.780 11:14:44
5.224 157.585 827.317 11:14:45
5.228 150.780 784.878 11:14:46
5.220 167.488 872.195 11:14:47
5.224 150.683 787.805 11:14:48
5.120 497.463 2154.146 11:14:49
5.228 150.878 787.805 11:14:50
5.224 150.390 800.976 11:14:51
5.224 158.073 825.366 11:14:52
5.228 150.585 795.122 11:14:53
5.220 165.293 863.415 11:14:54
5.224 150.878 788.780 11:14:55
5.120 461.463 2425.854 11:14:56
5.228 150.683 824.878 11:14:57
5.224 150.780 786.341 11:14:58
5.224 157.780 828.780 11:14:59
5.208 202.293 1012.683 11:15:00
5.220 247.268 880.976 11:15:01
5.228 151.098 788.780 11:15:02
5.156 342.073 2026.829 11:15:03
5.224 152.390 797.073 11:15:04
5.228 150.683 787.805 11:15:05
5.220 166.195 870.244 11:15:06
5.224 199.585 796.098 11:15:07
5.120 474.951 2490.244 11:15:08
5.228 151.390 788.780 11:15:09
5.172 346.463 1563.902 11:15:10
5.224 153.098 789.756 11:15:11
5.224 150.585 787.317 11:15:12
5.220 165.073 866.341 11:15:13
5.228 150.585 787.317 11:15:14
5.120 487.146 2577.561 11:15:15
5.228 150.976 788.780 11:15:16
5.200 220.585 1106.341 11:15:17
5.228 151.195 789.756 11:15:18
5.224 150.098 788.780 11:15:19
5.220 165.195 863.902 11:15:20
5.228 150.878 787.805 11:15:21
5.124 507.049 2611.707 11:15:22
5.228 151.098 789.756 11:15:23
5.188 218.585 1137.073 11:15:24
5.228 150.976 789.756 11:15:25
5.224 150.488 786.341 11:15:26
5.220 166.976 870.244 11:15:27
5.228 150.780 787.317 11:15:28
5.132 488.561 2461.463 11:15:29
5.224 150.878 787.805 11:15:30
5.216 204.073 960.488 11:15:31
5.220 165.488 860.000 11:15:32
5.224 150.585 786.341 11:15:33
5.212 167.293 1046.829 11:15:34
5.228 150.780 787.805 11:15:35
5.148 369.854 1906.829 11:15:36
5.228 150.976 788.780 11:15:37
5.228 150.585 787.317 11:15:38
5.220 174.195 910.244 11:15:39
5.224 153.098 853.659 11:15:40
5.192 252.488 1293.171 11:15:41
5.220 207.488 792.683 11:15:42
5.124 457.561 2136.585 11:15:43
5.228 150.585 788.780 11:15:44
5.228 150.488 783.902 11:15:45
5.224 196.293 790.244 11:15:46
5.216 189.585 945.366 11:15:47
5.216 166.878 872.195 11:15:48
5.224 150.683 787.805 11:15:49
5.144 419.659 2158.537 11:15:50
5.228 151.098 789.756 11:15:51
5.196 206.488 1073.171 11:15:52
5.224 152.390 789.756 11:15:53
5.228 150.683 787.317 11:15:54
5.224 165.073 860.976 11:15:55
5.224 153.488 801.463 11:15:56
5.120 497.463 2503.902 11:15:57
5.228 153.098 800.000 11:15:58
5.140 415.561 2161.951 11:15:59
5.224 153.585 801.463 11:16:00
5.228 155.390 811.220 11:16:01
5.224 165.390 863.902 11:16:02
5.228 150.683 787.805 11:16:03
5.220 168.976 880.976 11:16:04
5.224 152.195 788.780 11:16:05
5.140 417.659 2437.561 11:16:06
5.220 165.293 863.415 11:16:07
5.228 151.195 786.341 11:16:08
5.220 165.488 860.976 11:16:09
5.224 150.976 787.805 11:16:10
5.224 168.195 877.561 11:16:11
5.228 150.195 784.878 11:16:12
5.112 487.854 2500.000 11:16:13
5.224 154.780 808.780 11:16:14
5.228 150.683 787.317 11:16:15
5.224 158.780 832.683 11:16:16
5.228 150.780 788.780 11:16:17
5.208 180.488 2244.390 11:16:18
5.224 155.195 809.756 11:16:19
5.112 489.244 2541.463 11:16:20
5.224 153.293 800.976 11:16:21
5.216 184.780 928.780 11:16:22
5.212 193.878 1043.902 11:16:23
5.224 151.780 795.122 11:16:24
5.144 372.659 1926.341 11:16:25
5.224 151.098 789.756 11:16:26
5.168 278.171 1440.000 11:16:27
5.220 165.878 861.463 11:16:28
5.228 150.683 787.805 11:16:29
5.224 165.390 863.415 11:16:30
5.228 150.976 783.902 11:16:31
5.220 166.585 868.780 11:16:32
5.224 150.780 786.341 11:16:34
5.220 250.171 1715.122 11:16:35
5.224 151.098 788.780 11:16:36
5.228 153.195 800.000 11:16:37
5.224 153.098 803.902 11:16:38
5.228 152.878 798.537 11:16:39
5.168 270.585 1325.366 11:16:40
5.228 153.780 797.073 11:16:41
5.220 265.585 1384.878 11:16:42
5.228 151.098 789.756 11:16:43
5.160 365.073 1872.683 11:16:44
5.216 182.976 920.488 11:16:45
5.228 150.780 787.805 11:16:46
5.184 262.878 874.146 11:16:47
5.228 153.195 799.024 11:16:48
5.220 170.878 886.341 11:16:49
5.228 153.293 801.463 11:16:50
5.156 498.146 2548.780 11:16:51
5.220 151.195 790.244 11:16:52
5.228 151.585 791.220 11:16:53
5.224 157.976 829.756 11:16:54
5.228 153.293 800.000 11:16:55
5.112 506.341 2646.341 11:16:56
5.228 151.293 789.756 11:16:57
5.168 351.073 1715.122 11:16:58
5.224 154.390 789.756 11:16:59
5.228 150.585 784.878 11:17:00
5.228 152.878 792.195 11:17:01
5.224 151.098 789.756 11:17:02
5.220 167.195 870.244 11:17:03
5.224 151.780 793.659 11:17:04
5.152 411.268 2082.927 11:17:05
5.228 151.098 888.780 11:17:06
5.168 403.756 1746.341 11:17:07
5.224 152.195 796.098 11:17:08
5.224 150.878 787.317 11:17:09
5.220 165.878 863.902 11:17:10
5.204 240.585 1250.244 11:17:11
5.148 411.756 2058.049 11:17:12
5.228 151.195 788.780 11:17:13
5.180 310.171 1362.927 11:17:14
5.224 153.976 802.439 11:17:15
5.228 153.878 799.024 11:17:16
5.220 165.780 860.000 11:17:17
5.228 150.878 786.341 11:17:18
5.220 167.293 870.244 11:17:19
5.228 150.878 787.805 11:17:20
5.188 246.171 874.146 11:17:21
5.228 151.293 788.780 11:17:22
5.224 157.488 1077.561 11:17:23
5.228 151.976 836.098 11:17:24
5.228 150.780 787.805 11:17:25
5.220 166.195 863.902 11:17:26
5.228 150.878 787.805 11:17:27
5.208 166.683 873.659 11:17:28
5.228 151.293 784.878 11:17:29
5.168 334.659 1726.341 11:17:30
5.220 151.098 789.756 11:17:31
5.228 149.976 789.756 11:17:32
5.224 158.488 826.341 11:17:33
5.224 150.780 787.805 11:17:34
5.184 257.878 1207.805 11:17:35
5.228 150.780 787.317 11:17:36
5.176 250.488 1304.390 11:17:37
5.228 150.976 788.780 11:17:38
5.228 150.293 783.415 11:17:39
5.224 158.195 827.805 11:17:40
5.228 150.488 786.341 11:17:41
5.192 251.878 1722.927 11:17:42
5.228 150.780 789.756 11:17:43
5.112 484.146 2337.073 11:17:44
5.228 150.878 789.756 11:17:45
5.228 150.488 787.317 11:17:46
5.220 167.976 873.659 11:17:47
5.228 153.976 801.463 11:17:48
5.152 258.585 1733.659 11:17:49
5.224 153.293 800.976 11:17:50
5.124 419.854 2158.049 11:17:51
5.228 153.390 801.463 11:17:52
5.224 153.683 801.463 11:17:53
5.220 165.073 862.439 11:17:54
5.224 150.780 786.341 11:17:55
5.188 257.366 1320.976 11:17:56
5.224 150.780 787.805 11:17:57
5.148 347.268 1724.878 11:17:58
5.224 150.976 788.780 11:17:59
5.228 150.780 786.341 11:18:00
5.220 164.585 864.878 11:18:01
5.216 191.390 970.244 11:18:02
5.144 269.585 1316.098 11:18:03
5.228 150.780 787.805 11:18:04
5.128 470.146 2503.415 11:18:05
5.224 151.585 785.854 11:18:06
5.224 152.293 794.634 11:18:07
5.224 158.195 828.780 11:18:08
5.224 150.976 787.805 11:18:09
5.168 481.366 1755.122 11:18:10
5.224 150.878 788.780 11:18:11
5.156 364.854 1964.390 11:18:12
5.224 150.976 788.780 11:18:13
5.228 150.878 787.317 11:18:14
5.224 155.293 811.220 11:18:15
5.224 151.098 787.317 11:18:16
5.192 167.780 876.098 11:18:17
5.228 150.780 789.756 11:18:18
5.120 505.146 2630.244 11:18:19
5.228 150.878 787.805 11:18:20
5.188 332.976 1449.756 11:18:21
5.224 151.195 790.244 11:18:22
5.224 151.098 790.244 11:18:23
5.220 165.976 864.878 11:18:24
5.224 150.098 787.805 11:18:25
5.116 335.561 1334.146 11:18:26
5.224 150.780 787.805 11:18:27
5.140 496.561 2571.707 11:18:28
5.224 153.390 803.415 11:18:29
5.228 150.488 787.805 11:18:30
5.220 165.488 862.439 11:18:31
5.228 150.976 788.780 11:18:32
5.192 299.268 1553.659 11:18:33
5.224 190.976 998.049 11:18:34
5.120 501.659 2568.780 11:18:35
5.224 150.780 787.805 11:18:36
5.224 150.780 784.878 11:18:37
5.224 151.585 793.659 11:18:38
5.228 150.878 787.805 11:18:39
5.220 167.390 872.683 11:18:40
5.224 151.585 787.805 11:18:41
5.140 504.463 2488.780 11:18:42
5.212 188.878 1011.707 11:18:43
5.208 201.171 1048.780 11:18:44
5.228 154.293 791.220 11:18:45
5.228 150.683 787.805 11:18:46
5.224 165.488 863.902 11:18:47
5.228 150.976 788.780 11:18:48
5.140 401.659 2460.976 11:18:49
5.228 151.195 790.244 11:18:50
5.208 206.488 1072.683 11:18:51
5.224 157.976 825.366 11:18:52
5.228 150.488 784.878 11:18:53
5.164 346.463 2054.146 11:18:54
5.208 150.195 787.805 11:18:56
5.124 474.463 2583.902 11:18:57
5.228 151.098 819.024 11:18:58
5.212 213.268 962.927 11:18:59
5.224 158.073 1194.146 11:19:00
5.208 150.195 788.780 11:19:01
5.220 166.073 869.756 11:19:02
5.224 151.976 788.780 11:19:03
5.144 430.366 2160.488 11:19:04
5.228 151.976 791.220 11:19:05
5.228 152.293 798.537 11:19:06
5.220 165.585 859.024 11:19:07
5.208 204.976 1150.732 11:19:08
5.168 337.268 1617.073 11:19:09
5.224 155.073 809.756 11:19:10
5.168 452.854 2077.073 11:19:11
5.224 153.390 803.415 11:19:12
5.228 153.293 802.439 11:19:13
5.220 161.195 840.000 11:19:14
5.224 157.780 823.415 11:19:15
5.220 167.195 875.122 11:19:16
5.228 150.878 787.805 11:19:17
5.124 491.951 2550.244 11:19:18
5.224 157.878 824.878 11:19:19
5.228 150.976 789.756 11:19:20
5.224 158.293 826.341 11:19:21
5.224 156.976 820.976 11:19:22
5.224 167.488 960.000 11:19:23
5.212 223.488 1075.122 11:19:24
5.140 394.463 2375.122 11:19:25
5.224 150.878 787.805 11:19:26
5.228 150.683 787.805 11:19:27
5.224 151.488 790.244 11:19:28
5.220 164.976 860.000 11:19:29
5.208 218.073 874.146 11:19:30
5.224 157.976 828.780 11:19:31
5.144 423.756 2480.976 11:19:32
5.224 150.976 840.000 11:19:33
5.208 261.463 1046.341 11:19:34
5.216 183.293 946.341 11:19:35
5.224 150.780 787.805 11:19:36
5.220 165.195 864.878 11:19:37
5.220 166.488 871.220 11:19:38
5.132 488.341 2502.439 11:19:39
5.196 218.488 1138.049 11:19:40
5.188 359.463 1761.463 11:19:41
5.220 155.073 816.098 11:19:42
5.224 150.683 789.756 11:19:43
5.220 165.585 866.341 11:19:44
5.224 150.976 787.805 11:19:45
5.192 255.268 1319.512 11:19:46
5.220 164.488 1240.976 11:19:47
5.180 320.171 1382.439 11:19:48
5.228 151.098 789.756 11:19:49
5.224 152.585 788.780 11:19:50
5.216 164.683 863.415 11:19:51
5.224 165.073 856.585 11:19:52
5.220 168.780 880.976 11:19:53
5.228 151.683 791.220 11:19:54
5.172 335.171 1726.341 11:19:55
5.200 227.488 1181.463 11:19:56
5.228 153.390 800.976 11:19:57
5.220 167.073 874.146 11:19:58
5.220 153.390 800.976 11:19:59
5.220 170.390 888.780 11:20:00
5.156 162.585 797.073 11:20:01
5.140 475.561 2121.951 11:20:02
5.228 165.976 811.220 11:20:03
5.224 150.683 785.854 11:20:04
5.224 160.488 824.878 11:20:05
5.224 151.878 787.805 11:20:06
5.168 280.463 1301.951 11:20:07
5.224 150.976 789.756 11:20:08
5.124 482.561 2557.561 11:20:09
5.228 151.488 789.756 11:20:10
5.224 150.683 787.805 11:20:11
5.220 164.878 860.000 11:20:12
5.228 150.683 789.756 11:20:13
5.148 353.976 2148.293 11:20:14
5.224 150.585 788.780 11:20:15
5.168 332.561 2020.488 11:20:16
5.224 150.976 789.756 11:20:17
5.224 150.683 787.317 11:20:18
5.220 165.390 860.000 11:20:19
5.228 150.585 787.805 11:20:20
5.220 166.976 866.341 11:20:21
5.228 150.585 788.780 11:20:22
5.196 251.171 1304.390 11:20:23
5.224 150.488 786.341 11:20:24
5.204 212.878 1107.805 11:20:25
5.224 158.683 831.220 11:20:26
5.228 153.195 799.024 11:20:27
5.192 256.463 1334.146 11:20:28
5.228 153.195 827.317 11:20:29
5.160 351.659 1651.220 11:20:30
5.228 151.098 789.756 11:20:31
5.224 154.683 807.805 11:20:32
5.224 157.976 823.902 11:20:33
5.228 150.585 788.780 11:20:34
5.224 166.780 869.756 11:20:35
5.228 150.878 787.805 11:20:36
5.144 427.463 2197.073 11:20:37
5.228 150.878 787.805 11:20:38
5.140 421.951 2169.268 11:20:39
5.224 151.683 789.756 11:20:40
5.200 301.366 1577.561 11:20:41
5.220 165.585 864.878 11:20:42
5.224 150.878 788.780 11:20:43
5.220 167.293 873.659 11:20:44
5.224 151.098 789.756 11:20:45
5.144 494.146 2389.756 11:20:46
5.228 150.976 791.220 11:20:47
5.220 155.073 898.537 11:20:48
5.224 151.390 791.220 11:20:49
5.228 151.098 789.756 11:20:50
5.220 213.268 1106.829 11:20:51
5.228 149.683 791.220 11:20:52
5.172 250.976 1375.610 11:20:53
5.228 151.293 789.756 11:20:54
5.208 205.878 1053.171 11:20:55
5.224 157.878 821.463 11:20:56
5.192 215.878 1249.268 11:20:57
5.196 167.683 874.146 11:20:58
5.228 152.293 788.780 11:20:59
5.144 438.561 2071.707 11:21:00
5.228 149.780 788.780 11:21:01
5.204 217.171 1154.146 11:21:02
5.228 151.293 794.634 11:21:03
5.224 157.878 827.317 11:21:04
5.220 165.293 864.878 11:21:05
5.228 150.780 787.805 11:21:06
5.192 256.585 1301.951 11:21:07
5.224 150.780 787.805 11:21:08
5.180 390.171 2082.927 11:21:09
5.228 153.293 806.341 11:21:10
5.224 155.390 813.659 11:21:11
5.212 211.073 1040.000 11:21:12
5.204 225.683 1169.268 11:21:13
5.196 253.976 1318.049 11:21:14
5.228 150.780 1081.951 11:21:15
5.168 264.683 1394.634 11:21:16
5.228 153.195 797.561 11:21:17
5.224 150.683 788.780 11:21:18
5.220 159.488 832.683 11:21:19
5.216 157.488 822.439 11:21:20
5.196 249.780 1298.049 11:21:21
5.228 151.585 788.780 11:21:22
5.180 280.366 1135.122 11:21:23
5.224 156.780 858.537 11:21:24
5.120 248.073 1304.390 11:21:25
5.220 164.780 860.000 11:21:27
5.228 166.585 796.098 11:21:28
5.192 167.585 872.683 11:21:29
5.204 214.585 1131.707 11:21:30
5.124 474.951 2354.634 11:21:31
5.228 150.780 781.463 11:21:32
5.220 165.073 864.878 11:21:33
5.228 151.976 793.659 11:21:34
5.228 150.878 795.122 11:21:35
5.228 151.293 790.244 11:21:36
5.224 156.878 819.024 11:21:37
5.220 167.293 873.659 11:21:38
5.228 150.976 789.756 11:21:39
5.192 322.780 1667.317 11:21:40
5.228 150.488 786.341 11:21:41
5.164 362.171 1990.244 11:21:42
5.228 151.293 791.220 11:21:43
5.224 152.488 798.537 11:21:44
5.212 164.878 863.415 11:21:45
5.208 226.073 1060.488 11:21:46
5.164 257.463 1309.268 11:21:47
5.224 150.878 788.780 11:21:48
5.220 166.073 863.415 11:21:49
5.228 151.098 787.317 11:21:50
5.224 150.488 786.341 11:21:51
5.220 157.976 825.366 11:21:52
5.224 154.976 809.756 11:21:53
5.192 256.073 1857.561 11:21:54
5.224 152.976 800.000 11:21:55
5.112 474.561 2532.195 11:21:56
5.224 153.293 801.463 11:21:57
5.224 153.098 801.463 11:21:58
5.224 151.293 795.122 11:21:59
5.220 152.390 797.073 11:22:00
5.164 366.854 1617.073 11:22:01
5.204 213.683 1114.146 11:22:02
5.120 501.244 2453.659 11:22:03
5.216 184.878 1003.902 11:22:04
5.212 268.683 1396.098 11:22:05
5.224 165.683 859.024 11:22:06
5.220 164.195 864.878 11:22:07
5.220 165.073 858.537 11:22:08
5.224 154.780 813.659 11:22:09
5.176 169.195 880.976 11:22:10
5.228 150.683 788.780 11:22:11
5.120 467.756 2463.902 11:22:12
5.224 158.195 827.317 11:22:13
5.228 151.098 788.780 11:22:14
5.224 157.976 826.341 11:22:15
5.224 164.683 894.146 11:22:16
5.216 167.073 871.220 11:22:17
5.192 475.366 2342.439 11:22:18
5.144 419.171 2073.171 11:22:19
5.224 150.976 787.317 11:22:20
5.224 150.585 787.805 11:22:21
5.224 155.390 812.195 11:22:22
5.220 165.073 861.463 11:22:23
5.208 165.390 863.415 11:22:24
5.192 252.366 1309.268 11:22:25
5.120 492.146 2520.000 11:22:26
5.228 151.195 792.195 11:22:27
5.228 150.976 787.805 11:22:28
5.228 151.293 790.244 11:22:29
5.220 164.293 856.585 11:22:30
5.220 165.073 863.415 11:22:31
5.220 165.683 865.366 11:22:32
5.120 476.049 2468.780 11:22:33
5.224 158.195 823.902 11:22:34
5.216 182.585 961.463 11:22:35
5.228 155.195 812.195 11:22:36
5.224 150.976 789.756 11:22:37
5.220 165.390 866.341 11:22:38
5.224 164.293 861.463 11:22:39
5.140 365.171 2152.195 11:22:40
5.220 152.976 812.195 11:22:41
5.180 284.268 1428.293 11:22:42
5.188 269.268 1095.122 11:22:43
5.228 150.098 787.805 11:22:44
5.220 165.878 866.341 11:22:45
5.228 150.488 786.341 11:22:46
5.124 493.561 2524.878 11:22:47
5.220 164.585 860.000 11:22:48
5.180 290.780 1523.902 11:22:49
5.224 158.195 827.317 11:22:50
5.228 150.976 786.341 11:22:51
5.220 164.780 863.415 11:22:52
5.224 150.683 787.805 11:22:53
5.140 333.561 1316.098 11:22:54
5.224 164.488 863.415 11:22:55
5.140 415.171 2151.707 11:22:56
5.224 156.878 819.024 11:22:57
5.228 150.976 787.317 11:22:58
5.208 253.488 1086.341 11:22:59
5.224 150.293 786.341 11:23:00
5.220 165.878 869.756 11:23:01
5.220 164.976 859.024 11:23:02
5.168 384.951 1740.488 11:23:03
5.228 151.195 789.756 11:23:04
5.188 285.171 1495.122 11:23:05
5.216 246.780 984.878 11:23:06
5.212 177.683 979.024 11:23:07
5.220 165.780 863.415 11:23:08
5.228 151.683 793.659 11:23:09
5.220 273.976 1366.829 11:23:10
5.228 151.098 789.756 11:23:11
5.156 415.268 2392.195 11:23:12
5.228 151.683 792.683 11:23:13
5.228 150.780 788.780 11:23:14
5.220 158.073 824.878 11:23:15
5.224 150.878 838.537 11:23:16
5.212 167.488 873.659 11:23:17
5.228 151.488 789.756 11:23:18
5.116 426.756 2082.927 11:23:19
5.224 150.585 791.220 11:23:20
5.228 150.195 791.220 11:23:21
5.224 158.878 827.317 11:23:22
5.228 150.293 786.341 11:23:23
5.220 178.976 1198.049 11:23:24
5.228 150.976 789.756 11:23:25
5.120 521.341 2752.683 11:23:26
5.224 151.195 790.244 11:23:27
5.224 150.976 788.780 11:23:28
5.228 158.195 827.317 11:23:29
5.224 150.780 787.805 11:23:30
5.220 167.683 946.341 11:23:31
5.228 150.878 788.780 11:23:32
5.140 470.561 2411.220 11:23:33
5.224 151.195 789.756 11:23:34
5.228 150.878 787.805 11:23:35
5.228 153.780 803.415 11:23:36
5.224 150.878 789.756 11:23:37
5.220 165.878 867.317 11:23:38
5.224 150.780 787.317 11:23:39
5.116 500.561 2560.976 11:23:40
5.224 153.390 801.463 11:23:41
5.192 286.683 1493.171 11:23:42
5.224 154.195 803.415 11:23:43
5.220 153.195 800.000 11:23:44
5.220 171.073 888.780 11:23:45
5.228 153.390 801.463 11:23:46
5.220 262.366 1347.317 11:23:47
5.228 151.195 790.244 11:23:48
5.164 335.756 1782.927 11:23:49
5.224 151.390 793.659 11:23:50
5.228 150.098 786.341 11:23:51
5.220 167.976 873.659 11:23:52
5.224 150.976 787.317 11:23:53
5.128 457.659 2420.976 11:23:55
5.228 151.195 789.756 11:23:56
5.224 257.878 1418.049 11:23:57
5.228 151.195 790.244 11:23:58
5.228 150.976 789.756 11:23:59
5.224 158.976 830.244 11:24:00
5.208 204.488 1065.366 11:24:01
5.116 507.659 2597.561 11:24:02
5.224 150.878 787.805 11:24:03
5.144 398.463 2034.634 11:24:04
5.224 151.390 792.195 11:24:05
5.224 151.585 787.805 11:24:06
5.220 164.878 866.341 11:24:07
5.224 150.683 788.780 11:24:08
5.152 346.561 1328.293 11:24:09
5.224 153.488 800.976 11:24:10
5.140 485.854 2560.000 11:24:11
5.228 152.976 802.439 11:24:12
5.220 182.878 937.561 11:24:13
5.220 165.390 862.439 11:24:14
5.228 150.780 788.780 11:24:15
5.192 168.683 879.024 11:24:16
5.224 150.390 787.805 11:24:17
5.140 334.659 2472.683 11:24:18
5.228 151.195 790.244 11:24:19
5.228 150.488 784.878 11:24:20
5.224 158.195 826.341 11:24:21
5.228 150.878 789.756 11:24:22
5.220 168.073 874.146 11:24:23
5.224 150.878 787.805 11:24:24
5.124 480.463 2437.073 11:24:25
5.224 150.780 789.756 11:24:26
5.228 150.683 786.341 11:24:27
5.220 166.293 867.805 11:24:28
5.228 150.683 836.585 11:24:29
5.220 168.780 1310.732 11:24:30
5.228 150.976 790.244 11:24:31
5.144 412.756 2309.756 11:24:32
5.228 151.195 789.756 11:24:33
5.228 151.780 792.683 11:24:34
5.220 165.780 861.463 11:24:35
5.228 151.098 905.366 11:24:36
5.168 331.073 1316.098 11:24:37
5.224 151.098 789.756 11:24:38
5.120 483.756 2521.463 11:24:39
5.224 151.293 791.220 11:24:40
5.224 150.780 788.780 11:24:41
5.220 165.195 868.780 11:24:42
5.228 151.293 791.220 11:24:43
5.188 282.463 1131.707 11:24:44
5.228 153.585 802.439 11:24:45
5.152 387.756 1983.902 11:24:46
5.224 153.683 807.805 11:24:47
5.220 153.293 801.463 11:24:48
5.216 165.195 863.415 11:24:49
5.228 152.780 789.756 11:24:50
5.112 493.049 2509.756 11:24:51
5.224 150.780 787.805 11:24:52
5.180 292.073 1513.171 11:24:53
5.224 151.390 791.220 11:24:54
5.228 150.683 787.317 11:24:55
5.224 158.976 831.220 11:24:56
5.224 150.878 788.780 11:24:57
5.136 425.561 2188.293 11:24:58
5.216 188.585 1006.829 11:24:59
5.168 345.878 1772.683 11:25:00
5.184 350.878 1703.902 11:25:01
5.216 152.780 798.537 11:25:02
5.224 151.780 792.195 11:25:03
5.228 150.780 787.805 11:25:04
5.196 262.171 1314.146 11:25:05
5.228 151.195 789.756 11:25:06
5.208 168.878 881.463 11:25:07
5.228 150.390 790.244 11:25:08
5.120 489.659 2472.683 11:25:09
5.228 151.585 791.220 11:25:10
5.228 150.976 786.341 11:25:11
5.220 165.976 859.024 11:25:12
5.224 150.878 789.756 11:25:13
5.164 252.585 1318.049 11:25:14
5.224 150.390 789.756 11:25:15
5.124 489.951 2536.098 11:25:16
5.224 151.293 791.220 11:25:17
5.228 152.683 788.780 11:25:18
5.224 158.073 830.244 11:25:19
5.228 150.976 790.244 11:25:20
5.188 251.268 1745.366 11:25:21
5.228 150.976 789.756 11:25:22
5.120 474.366 2503.415 11:25:23
5.224 163.683 854.146 11:25:24
5.224 150.878 787.805 11:25:25
5.228 158.195 826.341 11:25:26
5.228 151.293 791.220 11:25:27
5.220 167.585 871.220 11:25:28
5.228 151.195 789.756 11:25:29
5.120 469.561 2499.024 11:25:30
5.208 151.390 789.756 11:25:31
5.228 165.073 1080.488 11:25:32
5.224 163.390 812.195 11:25:33
5.224 150.585 789.756 11:25:34
5.200 198.976 1022.439 11:25:35
5.228 159.293 787.805 11:25:36
5.116 495.854 2536.585 11:25:37
5.224 151.195 790.244 11:25:38
5.228 152.780 798.537 11:25:39
5.224 158.293 827.317 11:25:40
5.228 150.976 788.780 11:25:41
5.192 249.585 1354.634 11:25:42
5.228 151.098 789.756 11:25:43
5.116 530.561 2573.659 11:25:44
5.224 153.780 801.463 11:25:45
5.224 153.293 801.463 11:25:46
5.224 161.073 839.024 11:25:47
5.224 153.878 801.463 11:25:48
5.220 167.488 878.537 11:25:49
5.224 150.976 788.780 11:25:50
5.120 498.659 2551.220 11:25:51
5.224 151.293 790.244 11:25:52
5.228 150.878 787.805 11:25:53
5.220 170.878 891.707 11:25:54
5.228 151.195 791.220 11:25:55
5.220 167.488 873.659 11:25:56
5.224 151.098 790.244 11:25:57
5.148 409.073 2153.171 11:25:58
5.228 151.195 789.756 11:25:59
5.176 255.073 1324.390 11:26:00
5.224 262.683 1369.268 11:26:01
5.224 151.780 793.659 11:26:02
5.220 165.976 866.341 11:26:03
5.224 151.098 788.780 11:26:04
5.168 337.268 1688.780 11:26:05
5.216 175.488 950.244 11:26:06
5.148 404.073 1292.195 11:26:07
5.228 151.390 792.195 11:26:08
5.224 151.488 792.683 11:26:09
5.224 158.976 831.220 11:26:10
5.224 150.976 789.756 11:26:11
5.188 254.171 1375.610 11:26:12
5.228 151.098 788.780 11:26:13
5.208 255.268 1313.171 11:26:14
5.228 151.780 790.244 11:26:15
5.212 207.073 1051.220 11:26:16
5.228 151.683 792.195 11:26:17
5.228 151.098 787.805 11:26:18
5.224 167.073 876.098 11:26:19
5.228 151.098 839.024 11:26:20
5.196 250.780 1309.268 11:26:21
5.224 151.195 789.756 11:26:22
5.136 415.171 1760.488 11:26:23
5.224 151.390 791.220 11:26:24
5.228 150.878 789.756 11:26:25
5.220 160.780 840.976 11:26:26
5.224 150.780 787.805 11:26:27
5.144 425.049 2186.829 11:26:28
5.228 150.976 789.756 11:26:29
5.196 255.878 1319.512 11:26:30
5.224 151.195 789.756 11:26:31
5.228 150.976 788.780 11:26:32
5.228 151.585 789.756 11:26:33
5.224 150.780 787.805 11:26:34
5.224 165.585 867.805 11:26:35
5.228 150.976 791.220 11:26:37
5.192 252.488 1314.146 11:26:38
5.228 151.195 784.878 11:26:39
5.228 150.683 788.780 11:26:40
5.224 158.390 825.366 11:26:41
5.224 150.976 784.878 11:26:42
5.196 339.073 1523.415 11:26:43
5.228 151.098 791.220 11:26:44
5.140 414.171 2163.415 11:26:45
5.228 151.195 788.780 11:26:46
5.228 150.780 786.341 11:26:47
5.224 165.683 862.439 11:26:48
5.228 150.976 791.220 11:26:49
5.196 264.463 1318.049 11:26:50
5.228 151.098 790.244 11:26:51
5.224 167.293 873.659 11:26:52
5.224 151.976 794.634 11:26:53
5.212 202.390 1081.463 11:26:54
5.220 160.780 843.415 11:26:55
5.224 153.293 801.463 11:26:56
5.220 170.293 891.707 11:26:57
5.228 153.293 800.976 11:26:58
5.156 410.561 2109.756 11:26:59
5.224 151.293 791.220 11:27:00
5.220 365.463 1882.927 11:27:01
5.228 151.585 791.220 11:27:02
5.228 150.780 788.780 11:27:03
5.192 256.171 1329.756 11:27:04
5.224 150.976 791.220 11:27:05
5.168 435.561 2156.098 11:27:06
5.228 151.683 789.756 11:27:07
5.192 256.171 1325.366 11:27:08
5.228 151.390 791.220 11:27:09
5.208 215.878 1049.268 11:27:10
5.224 158.488 827.805 11:27:11
5.220 150.976 788.780 11:27:12
5.220 168.683 877.561 11:27:13
5.224 151.488 790.244 11:27:14
5.124 492.049 2528.780 11:27:15
5.228 151.098 789.756 11:27:16
5.200 225.268 1171.707 11:27:17
5.224 151.585 794.634 11:27:18
5.228 150.878 788.780 11:27:19
5.224 160.390 841.463 11:27:20
5.228 151.098 788.780 11:27:21
5.164 420.854 2168.293 11:27:22
5.228 153.390 801.463 11:27:23
5.156 354.659 1831.707 11:27:24
5.224 153.390 801.463 11:27:25
5.204 222.268 1131.707 11:27:26
5.224 158.073 817.561 11:27:27
5.224 153.390 801.463 11:27:28
5.224 165.585 863.415 11:27:29
5.224 151.098 790.244 11:27:30
5.124 497.049 2443.415 11:27:31
5.224 151.098 790.244 11:27:32
5.200 245.366 1294.146 11:27:33
5.228 151.195 790.244 11:27:34
5.224 150.683 789.756 11:27:35
5.228 158.683 832.195 11:27:36
5.224 151.098 784.878 11:27:37
5.220 166.390 868.780 11:27:38
5.228 151.195 792.195 11:27:39
5.192 252.268 1311.707 11:27:40
5.228 151.195 790.244 11:27:41
5.228 150.780 787.805 11:27:42
5.228 151.585 791.220 11:27:43
5.228 151.293 787.805 11:27:44
5.164 404.756 1633.659 11:27:45
5.228 150.878 788.780 11:27:46
5.220 166.683 874.146 11:27:47
5.228 150.976 789.756 11:27:48
5.136 436.561 2258.049 11:27:49
5.228 151.780 792.195 11:27:50
5.224 151.098 789.756 11:27:51
5.224 159.390 832.195 11:27:52
5.228 151.098 789.756 11:27:53
5.140 402.854 2080.488 11:27:54
5.228 160.780 839.024 11:27:55
5.220 167.073 867.805 11:27:56
5.228 151.488 791.220 11:27:57
5.228 150.488 787.805 11:27:58
5.224 151.195 792.195 11:27:59
5.224 150.878 787.805 11:28:00
5.172 460.146 1762.439 11:28:01
5.224 153.390 808.780 11:28:02
5.164 350.171 2138.049 11:28:03
5.224 154.878 801.463 11:28:04
5.184 280.585 1606.341 11:28:05
5.228 151.390 792.683 11:28:06
5.228 150.878 791.220 11:28:07
5.224 167.073 878.537 11:28:08
5.228 150.976 789.756 11:28:09
5.136 413.171 2286.829 11:28:10
5.220 182.293 944.878 11:28:11
5.160 303.878 1763.902 11:28:12
5.224 151.390 792.195 11:28:13
5.228 150.780 787.805 11:28:14
5.224 164.780 860.976 11:28:15
5.224 150.976 787.805 11:28:16
5.200 168.585 876.098 11:28:17
5.224 151.098 791.220 11:28:18
5.108 493.244 2621.463 11:28:19
5.228 151.098 789.756 11:28:20
5.228 150.976 788.780 11:28:21
5.220 158.293 827.317 11:28:22
5.224 151.098 789.756 11:28:23
5.168 392.854 1407.317 11:28:24
5.228 151.195 789.756 11:28:25
5.120 491.854 2133.171 11:28:26
5.228 150.585 789.756 11:28:27
5.228 150.780 787.805 11:28:28
5.224 153.780 807.317 11:28:29
5.224 154.073 800.000 11:28:30
5.180 201.390 1051.220 11:28:31
5.224 151.195 791.220 11:28:32
5.192 388.171 1289.756 11:28:33
5.224 151.390 791.220 11:28:34
5.212 206.488 1075.610 11:28:35
5.224 150.976 789.756 11:28:36
5.224 151.098 789.756 11:28:37
5.220 167.878 876.098 11:28:38
5.228 150.585 787.805 11:28:39
5.116 520.049 2467.805 11:28:40
5.228 151.293 789.756 11:28:41
5.212 202.683 1632.195 11:28:42
5.220 164.780 860.000 11:28:43
5.228 150.683 791.220 11:28:44
5.224 159.293 832.195 11:28:45
5.224 150.390 787.805 11:28:46
5.168 333.878 1316.098 11:28:47
5.228 206.683 792.195 11:28:48
5.152 354.268 1692.195 11:28:49
5.224 150.976 790.244 11:28:50
5.228 150.683 787.805 11:28:51
5.224 158.488 831.220 11:28:52
5.228 150.976 788.780 11:28:53
5.220 167.073 872.195 11:28:54
5.220 152.585 798.537 11:28:55
5.168 481.244 2168.293 11:28:56
5.228 150.683 787.805 11:28:57
5.228 150.878 789.756 11:28:58
5.220 165.683 864.878 11:28:59
5.228 153.195 800.000 11:29:00
5.196 305.780 1587.317 11:29:01
5.224 156.390 812.683 11:29:02
5.116 423.049 2202.927 11:29:03
5.224 153.390 798.537 11:29:04
5.224 153.195 800.000 11:29:05
5.224 158.390 829.756 11:29:06
5.228 150.878 788.780 11:29:07
5.140 456.951 2344.878 11:29:08
5.224 151.195 789.756 11:29:09
5.168 251.073 1314.146 11:29:10
5.228 151.293 791.220 11:29:11
5.228 150.878 787.805 11:29:12
5.212 199.585 1040.488 11:29:13
5.228 151.098 789.756 11:29:14
5.220 168.683 880.976 11:29:15
5.224 151.976 787.805 11:29:16
5.196 341.073 1568.780 11:29:17
5.228 151.195 796.098 11:29:18
5.228 150.976 787.805 11:29:19
5.224 151.585 792.195 11:29:20
5.228 151.195 787.805 11:29:22
5.200 167.878 876.585 11:29:23
5.224 153.488 802.439 11:29:24
5.164 358.854 1851.707 11:29:25
5.228 155.390 812.195 11:29:26
5.180 279.171 1447.317 11:29:27
5.224 156.073 815.122 11:29:28
5.224 150.976 789.756 11:29:29
5.220 166.878 871.220 11:29:30
5.224 151.195 790.244 11:29:31
5.116 496.463 2540.000 11:29:32
5.224 151.878 793.659 11:29:33
5.228 223.390 1160.488 11:29:34
5.224 158.073 887.805 11:29:35
5.228 150.976 789.756 11:29:36
5.220 165.293 863.902 11:29:37
5.228 151.390 790.244 11:29:38
5.108 510.049 2475.122 11:29:39
5.224 151.585 791.220 11:29:40
5.200 242.585 1055.610 11:29:41
5.224 158.488 851.220 11:29:42
5.224 153.293 801.463 11:29:43
5.204 197.073 1026.341 11:29:44
5.224 151.780 793.659 11:29:45
5.112 505.951 2586.341 11:29:46
5.224 153.683 802.439 11:29:47
5.224 153.585 801.463 11:29:48
5.220 161.585 836.585 11:29:49
5.228 150.585 784.878 11:29:50
5.192 170.585 865.366 11:29:51
5.224 150.488 786.341 11:29:52
5.116 482.244 2472.683 11:29:53
5.228 151.390 791.220 11:29:54
5.212 201.683 1051.220 11:29:55
5.220 165.390 864.878 11:29:56
5.228 151.098 788.780 11:29:57
5.192 255.585 1330.732 11:29:58
5.228 153.488 801.463 11:29:59
5.188 309.268 1569.756 11:30:00
5.224 155.976 813.659 11:30:01
5.220 169.683 883.902 11:30:02
5.224 153.780 804.878 11:30:03
5.224 153.293 801.463 11:30:04
5.208 219.268 1082.927 11:30:05
5.224 151.098 790.244 11:30:06
5.124 488.341 2191.707 11:30:07
5.228 151.293 789.756 11:30:08
5.144 253.976 1325.854 11:30:09
5.220 185.683 972.683 11:30:10
5.208 202.390 1059.024 11:30:11
5.220 157.878 823.902 11:30:12
5.228 150.878 788.780 11:30:13
5.196 168.390 880.976 11:30:14
5.224 151.293 787.805 11:30:15
5.196 250.683 1462.439 11:30:16
5.228 151.390 791.220 11:30:17
5.224 157.683 825.366 11:30:18
5.224 151.390 791.220 11:30:19
5.228 150.780 789.756 11:30:20
5.220 167.780 876.098 11:30:21
5.224 150.976 789.756 11:30:22
5.124 464.854 2385.854 11:30:23
5.224 151.293 791.220 11:30:24
5.184 266.366 1382.439 11:30:25
5.224 152.878 799.024 11:30:26
5.224 152.098 794.634 11:30:27
5.220 165.976 863.415 11:30:28
5.224 150.878 790.244 11:30:29
5.124 500.951 2536.098 11:30:30
5.228 150.878 787.317 11:30:31
5.228 150.976 787.805 11:30:32
5.224 158.293 826.341 11:30:33
5.224 158.390 823.902 11:30:34
5.220 164.878 863.902 11:30:35
5.224 151.195 787.805 11:30:36
5.120 490.659 2553.659 11:30:37
5.228 151.293 791.220 11:30:38
5.204 191.073 797.561 11:30:39
5.224 151.585 792.195 11:30:40
5.228 218.390 1137.073 11:30:41
5.220 167.976 865.366 11:30:42
5.224 151.195 789.756 11:30:43
5.112 496.659 2555.122 11:30:44
5.228 151.098 789.756 11:30:45
5.220 164.585 854.146 11:30:46
5.224 155.293 811.220 11:30:47
5.224 151.098 790.244 11:30:48
5.220 167.390 1190.244 11:30:49
5.204 216.780 870.244 11:30:50
5.144 461.561 2466.341 11:30:51
5.224 155.585 810.244 11:30:52
5.208 208.683 1065.366 11:30:53
5.224 155.683 811.220 11:30:54
5.224 151.098 785.854 11:30:55
5.200 199.780 1539.512 11:30:56
5.224 155.195 1089.268 11:30:57
5.116 476.146 2591.707 11:30:58
5.220 182.585 788.780 11:30:59
5.220 157.780 825.366 11:31:00
5.228 151.293 791.220 11:31:01
5.224 164.780 859.024 11:31:02
5.228 159.293 835.122 11:31:03
5.224 155.073 809.756 11:31:04
5.124 424.049 2573.659 11:31:05
5.204 202.878 1055.610 11:31:06
5.196 246.171 1105.366 11:31:07
5.228 151.585 792.195 11:31:08
5.228 152.976 797.561 11:31:09
5.224 167.195 872.683 11:31:10
5.228 150.878 789.756 11:31:11
5.220 196.878 872.195 11:31:12
5.224 155.585 811.220 11:31:13
5.148 432.171 2313.171 11:31:14
5.224 151.195 791.220 11:31:15
5.224 158.390 827.317 11:31:16
5.220 165.488 860.000 11:31:17
5.228 150.976 790.244 11:31:18
5.220 181.293 875.122 11:31:19
5.224 154.780 803.415 11:31:20
5.136 502.659 2513.659 11:31:21
5.192 259.878 1431.220 11:31:22
5.224 152.780 797.561 11:31:23
5.224 151.488 792.195 11:31:24
5.172 259.463 1303.415 11:31:25
5.224 167.683 880.000 11:31:26
5.224 153.488 803.902 11:31:27
5.136 486.561 2529.756 11:31:28
5.220 161.195 839.024 11:31:29
5.172 317.171 1650.244 11:31:30
5.224 155.195 812.195 11:31:31
5.212 165.195 858.537 11:31:32
5.224 151.585 793.659 11:31:33
5.228 151.195 791.220 11:31:34
5.204 236.878 1231.707 11:31:35
5.220 160.585 839.024 11:31:36
5.168 333.659 1717.561 11:31:37
5.208 217.585 1133.171 11:31:38
5.228 152.683 797.561 11:31:39
5.224 151.488 792.195 11:31:40
5.212 205.585 1066.341 11:31:41
5.220 164.976 861.463 11:31:42
5.228 151.488 791.220 11:31:43
5.112 496.049 2540.000 11:31:44
5.224 155.976 815.122 11:31:45
5.208 204.585 1065.366 11:31:46
5.228 151.780 792.683 11:31:47
5.220 180.390 791.220 11:31:48
5.224 178.195 866.341 11:31:49
5.224 151.293 790.244 11:31:50
5.168 359.561 1750.244 11:31:51
5.224 155.390 812.195 11:31:52
5.168 334.659 1727.805 11:31:53
5.220 164.780 859.024 11:31:54
5.224 152.780 853.659 11:31:55
5.220 167.585 875.122 11:31:56
5.208 207.073 1079.024 11:31:57
5.220 175.878 904.878 11:31:58
5.224 154.976 792.683 11:31:59
5.192 312.463 1798.049 11:32:00
5.204 269.268 1516.098 11:32:01
5.224 154.683 807.805 11:32:02
5.224 155.293 811.220 11:32:03
5.224 155.683 818.537 11:32:04
5.192 257.366 1305.366 11:32:05
5.224 151.390 791.220 11:32:06
5.164 371.756 1319.512 11:32:07
5.224 155.390 814.634 11:32:08
5.136 473.659 2103.415 11:32:09
5.220 166.585 863.902 11:32:10
5.224 157.073 818.537 11:32:11
5.224 158.195 827.317 11:32:12
5.204 206.488 1217.073 11:32:13
5.220 169.878 887.317 11:32:14
5.228 155.878 814.634 11:32:15
5.144 491.854 2518.537 11:32:16
5.204 214.268 1145.366 11:32:17
5.224 164.390 857.561 11:32:18
5.224 165.585 862.439 11:32:20
5.224 157.780 827.805 11:32:21
5.192 250.585 1307.317 11:32:22
5.220 165.293 859.024 11:32:23
5.140 469.366 2418.537 11:32:24
5.224 156.073 814.634 11:32:25
5.172 295.683 1531.220 11:32:26
5.228 156.488 817.561 11:32:27
5.224 153.293 800.000 11:32:28
5.216 184.976 964.878 11:32:29
5.208 217.683 1049.268 11:32:30
5.220 168.780 870.244 11:32:31
5.224 152.976 798.537 11:32:32
5.168 395.561 1286.829 11:32:33
5.204 206.976 1072.683 11:32:34
5.228 150.878 789.756 11:32:35
5.224 155.488 812.195 11:32:36
5.220 157.683 828.780 11:32:37
5.220 177.488 873.659 11:32:38
5.228 152.488 791.220 11:32:39
5.168 419.268 1867.805 11:32:40
5.224 158.488 825.366 11:32:41
5.204 225.171 1170.244 11:32:42
5.224 153.683 801.463 11:32:43
5.224 169.390 816.585 11:32:44
5.220 167.683 876.098 11:32:45
5.204 220.976 1481.951 11:32:46
5.220 171.073 891.220 11:32:47
5.228 153.488 813.659 11:32:48
5.180 299.561 1530.732 11:32:49
5.224 152.780 798.537 11:32:50
5.228 151.098 789.756 11:32:51
5.224 155.683 813.659 11:32:52
5.204 219.585 1125.366 11:32:53
5.168 332.171 1992.683 11:32:54
5.228 220.878 856.585 11:32:55
5.156 425.561 2365.854 11:32:56
5.216 156.195 822.439 11:32:57
5.196 291.268 1561.463 11:32:58
5.216 163.878 863.902 11:32:59
5.212 210.878 980.488 11:33:00
5.220 180.780 872.195 11:33:01
5.224 151.293 790.244 11:33:02
5.172 336.366 1738.537 11:33:03
5.204 227.878 1238.049 11:33:04
5.200 229.073 1161.463 11:33:05
5.192 260.366 1084.390 11:33:06
5.228 151.488 792.683 11:33:07
5.224 158.878 828.780 11:33:08
5.228 155.780 810.244 11:33:09
5.216 167.488 876.098 11:33:10
5.224 151.683 983.902 11:33:11
5.144 417.561 2206.829 11:33:12
5.224 158.488 827.805 11:33:13
5.204 205.683 1080.000 11:33:14
5.220 155.390 817.561 11:33:15
5.228 152.683 798.537 11:33:16
5.220 165.585 867.317 11:33:17
5.208 205.878 1075.122 11:33:18
5.156 373.073 1325.366 11:33:19
5.204 232.366 1206.829 11:33:20
5.188 251.366 1309.268 11:33:21
5.204 152.976 798.537 11:33:22
5.228 151.195 790.244 11:33:23
5.224 155.390 812.195 11:33:24
5.224 158.683 824.878 11:33:25
5.220 182.171 872.195 11:33:26
5.228 151.293 791.220 11:33:27
5.168 381.463 1968.293 11:33:28
5.224 159.195 832.195 11:33:29
5.224 165.390 863.902 11:33:30
5.216 191.976 1000.488 11:33:31
5.224 151.683 791.220 11:33:32
5.224 156.488 817.561 11:33:33
5.224 158.195 826.341 11:33:34
5.220 168.293 879.024 11:33:35
5.204 206.268 1074.146 11:33:36
5.184 255.171 1325.366 11:33:37
5.224 151.293 791.220 11:33:38
5.176 254.366 1656.585 11:33:39
5.224 151.488 840.976 11:33:40
5.176 210.073 1093.171 11:33:41
5.220 168.976 881.463 11:33:42
5.228 153.390 801.463 11:33:43
5.144 472.854 2428.780 11:33:44
5.224 158.585 823.902 11:33:45
5.192 261.780 1344.390 11:33:46
5.224 151.683 791.220 11:33:47
5.228 151.390 790.244 11:33:48
5.224 155.488 812.683 11:33:49
5.224 157.293 821.463 11:33:50
5.204 167.390 872.195 11:33:51
5.220 164.390 860.000 11:33:52
5.192 250.073 1302.927 11:33:53
5.224 151.293 792.195 11:33:54
5.184 269.268 1384.390 11:33:55
5.224 151.683 791.220 11:33:56
5.216 188.073 882.927 11:33:57
5.220 183.780 875.122 11:33:58
5.200 210.073 1102.927 11:33:59
5.184 280.780 1474.634 11:34:00
5.228 153.585 804.878 11:34:01
5.140 423.366 2210.732 11:34:02
5.220 164.878 863.902 11:34:03
5.220 164.976 868.780 11:34:04
5.220 165.683 864.878 11:34:05
5.172 334.463 1799.024 11:34:06
5.216 187.683 984.878 11:34:07
5.224 151.098 788.780 11:34:08
5.224 157.683 988.780 11:34:09
5.228 151.195 788.780 11:34:10
5.196 248.976 1294.146 11:34:11
5.220 164.976 861.463 11:34:12
5.220 164.780 860.976 11:34:13
5.220 165.488 863.902 11:34:14
5.228 151.098 793.659 11:34:15
5.224 151.488 791.220 11:34:16
5.228 151.098 789.756 11:34:17
5.220 167.195 876.585 11:34:18
5.216 173.780 862.439 11:34:19
5.196 267.878 1332.195 11:34:20
5.220 167.488 872.683 11:34:21
5.196 252.488 1307.317 11:34:22
5.164 376.561 1497.073 11:34:23
5.224 151.488 789.756 11:34:24
5.224 165.293 858.537 11:34:25
5.120 481.659 2398.537 11:34:26
5.220 164.780 861.463 11:34:27
5.224 150.878 790.244 11:34:28
5.200 231.780 1205.366 11:34:29
5.224 151.293 791.220 11:34:30
5.220 165.390 863.415 11:34:31
5.228 151.195 789.756 11:34:32
5.136 415.659 2136.585 11:34:33
5.228 151.390 792.195 11:34:34
5.208 262.780 1480.000 11:34:35
5.224 151.878 792.683 11:34:36
5.228 150.976 787.805 11:34:37
5.188 278.780 1318.049 11:34:38
5.220 150.976 788.780 11:34:39
5.196 266.366 1307.317 11:34:40
5.228 150.976 792.195 11:34:41
5.140 432.366 2233.659 11:34:42
5.224 151.488 791.220 11:34:43
5.224 150.780 789.756 11:34:44
5.220 167.293 871.220 11:34:45
5.228 150.976 788.780 11:34:46
5.220 168.293 1203.415 11:34:47
5.228 150.976 788.780 11:34:48
5.196 260.683 1354.634 11:34:49
5.224 151.195 789.756 11:34:50
5.228 150.780 787.805 11:34:51
5.220 166.195 867.317 11:34:52
5.228 150.780 787.805 11:34:53
5.156 406.756 2097.073 11:34:54
5.224 164.878 860.976 11:34:55
5.204 224.683 1168.293 11:34:56
5.220 175.780 916.585 11:34:57
5.224 151.195 789.756 11:34:58
5.200 225.683 1197.073 11:34:59
5.228 151.390 791.220 11:35:00
5.196 248.683 1292.195 11:35:01
5.224 151.293 791.220 11:35:02
5.220 166.073 867.317 11:35:03
5.224 151.683 792.683 11:35:04
5.204 226.585 1098.049 11:35:05
5.220 173.195 891.220 11:35:06
5.224 154.073 805.854 11:35:07
5.128 496.854 2267.317 11:35:08
5.220 168.488 891.707 11:35:09
5.216 167.585 878.537 11:35:10
5.220 165.976 860.976 11:35:11
5.220 164.878 860.976 11:35:12
5.220 215.683 1125.366 11:35:13
5.224 150.878 787.805 11:35:14
5.192 191.683 999.024 11:35:15
5.228 151.390 790.244 11:35:16
5.192 247.683 1285.854 11:35:18
5.224 164.878 860.976 11:35:19
5.172 330.780 1711.220 11:35:20
5.216 249.585 1302.927 11:35:21
5.192 206.976 1078.049 11:35:22
5.160 334.073 1725.366 11:35:23
5.228 166.683 818.537 11:35:24
5.220 166.488 867.805 11:35:25
5.220 164.683 860.976 11:35:26
5.196 252.780 1297.073 11:35:27
5.172 343.463 1719.024 11:35:28
5.156 386.268 1988.293 11:35:29
5.168 354.171 1766.341 11:35:30
5.224 155.390 810.244 11:35:31
5.224 156.976 819.024 11:35:32
5.220 165.390 860.976 11:35:33
5.220 166.780 875.122 11:35:34
5.220 166.683 867.317 11:35:35
5.188 249.585 1431.220 11:35:36
5.116 485.561 2562.927 11:35:37
5.224 155.073 809.756 11:35:38
5.224 155.073 810.244 11:35:39
5.224 155.195 812.195 11:35:40
5.216 167.293 863.902 11:35:41
5.220 165.195 862.439 11:35:42
5.220 198.293 872.195 11:35:43
5.120 483.854 2447.317 11:35:44
5.220 153.098 798.537 11:35:45
5.228 151.488 791.220 11:35:46
5.212 189.878 1008.780 11:35:47
5.220 164.683 863.902 11:35:48
5.220 164.976 861.463 11:35:49
5.216 165.073 862.439 11:35:50
5.116 483.561 2338.537 11:35:51
5.204 214.488 1197.073 11:35:52
5.228 156.488 816.585 11:35:53
5.220 164.683 860.000 11:35:54
5.224 164.976 861.463 11:35:55
5.220 165.195 865.366 11:35:56
5.220 167.293 868.780 11:35:57
5.120 250.780 1322.927 11:35:58
5.120 484.659 2563.902 11:35:59
5.224 151.195 790.244 11:36:00
5.228 156.195 812.195 11:36:01
5.228 156.390 816.585 11:36:02
5.224 165.195 862.439 11:36:03
5.224 165.976 866.341 11:36:04
5.140 466.366 2388.293 11:36:05
5.196 166.390 867.317 11:36:06
5.224 150.390 789.756 11:36:07
5.204 221.780 1155.122 11:36:08
5.228 151.098 791.220 11:36:09
5.220 171.780 897.561 11:36:10
5.220 164.390 859.024 11:36:11
5.224 150.976 789.756 11:36:12
5.224 150.976 788.780 11:36:13
5.208 207.878 1065.366 11:36:14
5.236 126.780 667.317 11:36:15
5.224 150.878 787.805 11:36:16
5.220 164.390 859.024 11:36:17
