5.224 166.695 869.512 20:36:28
5.196 265.488 1375.122 20:36:29
5.220 163.793 855.610 20:36:30
5.220 150.793 786.829 20:36:31
5.212 182.793 821.707 20:36:32
5.224 148.793 774.390 20:36:33
5.224 162.390 845.610 20:36:34
5.228 151.195 789.268 20:36:35
5.220 171.988 850.000 20:36:36
5.228 148.793 775.366 20:36:37
5.220 162.793 846.829 20:36:38
5.228 149.293 778.049 20:36:39
5.228 148.098 775.610 20:36:40
5.224 149.098 778.780 20:36:41
5.228 148.793 775.610 20:36:42
5.220 162.598 846.098 20:36:43
5.228 148.793 776.341 20:36:44
5.220 162.195 846.829 20:36:45
5.228 149.000 778.537 20:36:46
5.156 337.585 1809.024 20:36:47
5.228 148.890 774.390 20:36:48
5.228 148.695 778.780 20:36:49
5.224 162.598 845.122 20:36:50
5.228 148.890 778.537 20:36:51
5.224 162.098 846.098 20:36:52
5.224 148.793 778.049 20:36:53
5.164 377.585 2014.878 20:36:54
5.224 149.695 787.317 20:36:55
5.224 149.098 776.829 20:36:56
5.220 161.890 884.634 20:36:57
5.224 157.793 777.317 20:36:58
5.224 162.000 927.561 20:36:59
5.228 148.890 777.317 20:37:00
5.204 156.500 818.049 20:37:01
5.228 151.195 795.610 20:37:02
5.224 148.000 777.317 20:37:03
5.228 162.195 844.390 20:37:04
5.228 148.793 773.659 20:37:05
5.220 162.695 850.488 20:37:06
5.224 149.000 778.049 20:37:07
5.220 165.793 864.878 20:37:08
5.224 151.098 790.488 20:37:09
5.224 150.890 789.268 20:37:10
5.224 151.293 790.732 20:37:11
5.232 151.195 789.268 20:37:12
5.224 162.000 849.268 20:37:13
5.228 149.098 776.341 20:37:14
5.224 162.500 940.244 20:37:15
5.228 148.390 775.366 20:37:16
5.228 147.890 778.049 20:37:17
5.220 161.793 849.512 20:37:18
5.228 148.293 778.049 20:37:19
5.220 161.598 848.293 20:37:21
5.228 148.293 774.390 20:37:22
5.168 341.171 1758.537 20:37:23
5.228 161.683 776.098 20:37:24
5.208 254.585 1260.488 20:37:25
5.224 153.098 801.463 20:37:26
5.224 148.488 774.634 20:37:27
5.220 161.878 850.244 20:37:28
5.228 148.585 777.561 20:37:29
5.220 164.585 855.122 20:37:30
5.228 147.878 777.561 20:37:31
5.188 282.561 1323.415 20:37:32
5.228 148.683 777.561 20:37:33
5.224 148.683 776.098 20:37:34
5.224 246.683 845.366 20:37:35
5.228 148.683 775.122 20:37:36
5.220 163.488 850.244 20:37:37
5.228 148.098 777.561 20:37:38
5.224 182.171 865.366 20:37:39
5.228 148.780 779.024 20:37:40
5.228 148.488 777.073 20:37:41
5.228 149.098 778.537 20:37:42
5.228 148.488 777.073 20:37:43
5.224 162.488 843.415 20:37:44
5.224 148.098 777.561 20:37:45
5.224 163.195 847.317 20:37:46
5.228 147.976 812.683 20:37:47
5.228 148.585 777.561 20:37:48
5.228 148.098 777.073 20:37:49
5.224 148.683 774.634 20:37:50
5.220 164.195 858.537 20:37:51
5.224 151.098 786.341 20:37:52
5.224 166.293 870.244 20:37:53
5.224 150.390 791.220 20:37:54
5.176 317.073 1581.463 20:37:55
5.228 148.780 776.098 20:37:56
5.228 149.390 776.098 20:37:57
5.220 162.293 844.878 20:37:58
5.224 148.585 777.561 20:37:59
5.224 162.878 856.098 20:38:00
5.224 163.293 800.000 20:38:01
5.220 163.585 878.537 20:38:02
5.228 148.098 829.756 20:38:03
5.224 148.585 781.463 20:38:04
5.220 162.488 844.878 20:38:05
5.228 148.683 775.122 20:38:06
5.220 162.073 848.780 20:38:07
5.224 148.780 780.000 20:38:08
5.144 353.268 1714.146 20:38:09
5.228 184.171 777.073 20:38:10
5.204 204.073 1423.415 20:38:11
5.224 148.976 777.561 20:38:12
5.224 148.878 777.561 20:38:13
5.220 161.683 849.756 20:38:14
5.228 148.585 777.561 20:38:15
5.224 161.780 846.341 20:38:16
5.228 148.293 779.024 20:38:17
5.124 461.366 2260.976 20:38:18
5.228 148.488 779.024 20:38:19
5.224 148.976 777.073 20:38:20
5.220 162.073 913.659 20:38:21
5.228 151.098 789.756 20:38:22
5.220 163.683 859.024 20:38:23
5.228 150.878 788.780 20:38:24
5.220 167.390 896.585 20:38:25
5.224 150.098 784.878 20:38:26
5.228 150.098 820.976 20:38:27
5.228 148.683 779.024 20:38:28
5.228 148.585 777.561 20:38:29
5.220 161.878 847.805 20:38:30
5.224 149.098 777.561 20:38:31
5.220 164.390 934.146 20:38:32
5.228 147.976 777.561 20:38:33
5.180 262.463 1329.756 20:38:34
5.224 150.585 790.244 20:38:35
5.228 148.585 777.561 20:38:36
5.224 161.585 846.341 20:38:37
5.224 148.293 778.537 20:38:38
5.224 161.976 845.366 20:38:39
5.228 148.390 777.561 20:38:40
5.156 400.854 2109.756 20:38:41
5.224 149.195 774.634 20:38:42
5.228 148.195 777.073 20:38:43
5.220 161.488 847.805 20:38:44
5.228 148.878 777.561 20:38:45
5.220 161.878 847.805 20:38:46
5.224 148.390 777.561 20:38:47
5.220 162.683 849.756 20:38:48
5.228 148.878 827.805 20:38:49
5.224 148.488 775.122 20:38:50
5.228 148.976 779.024 20:38:51
5.228 148.683 780.976 20:38:52
5.220 162.073 844.878 20:38:53
5.228 148.585 777.561 20:38:54
5.192 249.976 1611.220 20:38:55
5.208 149.195 777.073 20:38:56
5.212 150.195 876.098 20:38:57
5.228 148.585 774.634 20:38:58
5.228 148.683 777.561 20:38:59
5.220 164.293 853.659 20:39:00
5.224 153.976 798.537 20:39:01
5.220 164.293 857.561 20:39:02
5.228 148.098 780.976 20:39:03
5.188 333.366 1727.805 20:39:04
5.224 148.976 780.000 20:39:05
5.224 148.780 776.098 20:39:06
5.224 161.878 844.878 20:39:07
5.228 148.683 801.463 20:39:08
5.224 162.780 847.805 20:39:09
5.228 147.976 774.634 20:39:10
5.176 300.268 1535.122 20:39:11
5.228 151.488 787.317 20:39:12
5.228 151.195 789.756 20:39:13
5.224 164.878 860.976 20:39:14
5.224 150.976 789.756 20:39:15
5.224 161.878 846.341 20:39:16
5.224 148.878 777.561 20:39:17
5.220 268.268 860.976 20:39:18
5.224 151.098 790.244 20:39:19
5.228 150.878 789.756 20:39:21
5.220 164.195 860.976 20:39:22
5.224 150.878 788.780 20:39:23
5.220 163.976 858.537 20:39:24
5.224 148.683 777.561 20:39:25
5.220 162.585 852.683 20:39:26
5.228 148.390 770.244 20:39:27
5.228 148.488 772.683 20:39:28
5.224 162.390 844.878 20:39:29
5.228 147.976 776.098 20:39:30
5.220 163.293 845.366 20:39:31
5.228 148.683 772.683 20:39:32
5.196 262.683 1288.293 20:39:33
5.224 204.976 777.561 20:39:34
5.208 221.073 780.976 20:39:35
5.228 149.195 779.024 20:39:36
5.224 148.098 777.073 20:39:37
5.224 162.073 844.878 20:39:38
5.228 148.585 779.024 20:39:39
5.224 162.390 846.341 20:39:40
5.228 148.780 773.659 20:39:41
5.164 321.463 1671.220 20:39:42
5.228 148.585 772.683 20:39:43
5.228 148.585 772.683 20:39:44
5.220 162.195 844.878 20:39:45
5.224 148.683 772.683 20:39:46
5.220 162.073 847.805 20:39:47
5.224 148.878 776.098 20:39:48
5.172 300.171 1565.854 20:39:49
5.228 149.098 777.561 20:39:50
5.228 148.585 774.634 20:39:51
5.220 161.976 848.780 20:39:52
5.228 148.878 778.537 20:39:53
5.224 161.780 844.878 20:39:54
5.228 148.683 777.073 20:39:55
5.220 164.488 846.341 20:39:56
5.228 151.585 788.780 20:39:57
5.228 150.878 785.854 20:39:58
5.224 164.195 859.024 20:39:59
5.184 153.976 804.878 20:40:00
5.220 166.488 862.439 20:40:01
5.224 151.390 789.756 20:40:02
5.196 252.488 1306.829 20:40:03
5.228 148.780 776.098 20:40:04
5.228 147.878 783.415 20:40:05
5.224 162.683 848.780 20:40:06
5.228 148.878 779.024 20:40:07
5.220 209.683 849.756 20:40:08
5.228 148.780 778.537 20:40:09
5.120 481.146 2432.195 20:40:10
5.224 148.780 777.073 20:40:11
5.228 148.976 777.073 20:40:12
5.224 161.780 847.805 20:40:13
5.224 148.390 777.073 20:40:14
5.220 162.780 844.878 20:40:15
5.228 158.488 774.634 20:40:16
5.220 162.293 885.366 20:40:17
5.224 148.780 778.537 20:40:18
5.228 148.780 774.634 20:40:19
5.224 149.098 780.976 20:40:20
5.228 148.878 774.634 20:40:21
5.224 161.878 845.366 20:40:22
5.224 148.585 777.561 20:40:23
5.208 163.683 856.098 20:40:24
5.220 150.195 786.341 20:40:25
5.184 279.073 1494.634 20:40:26
5.224 150.098 786.341 20:40:27
5.224 152.878 803.415 20:40:28
5.220 164.195 860.000 20:40:29
5.228 150.683 791.220 20:40:30
5.220 164.878 858.537 20:40:31
5.228 148.488 777.561 20:40:32
5.124 484.561 1786.341 20:40:33
5.224 149.293 778.537 20:40:34
5.228 148.390 777.561 20:40:35
5.220 162.390 844.878 20:40:36
5.224 147.878 777.561 20:40:37
5.220 161.976 844.878 20:40:38
5.228 148.098 777.561 20:40:39
5.220 162.976 852.683 20:40:40
5.228 148.683 779.024 20:40:41
5.228 148.878 777.073 20:40:42
5.228 162.585 844.878 20:40:43
5.224 148.878 780.976 20:40:44
5.224 162.195 850.244 20:40:45
5.228 149.098 778.537 20:40:46
5.224 162.780 849.756 20:40:47
5.228 148.780 777.561 20:40:48
5.228 148.585 777.561 20:40:49
5.220 161.780 844.878 20:40:50
5.228 148.683 777.073 20:40:51
5.212 189.585 1031.707 20:40:52
5.228 148.683 777.561 20:40:53
5.216 162.073 849.756 20:40:54
5.228 148.878 777.561 20:40:55
5.228 148.098 777.561 20:40:56
5.224 148.488 779.024 20:40:57
5.228 148.585 829.756 20:40:58
5.224 161.780 927.317 20:40:59
5.160 148.976 775.122 20:41:00
5.220 162.976 860.000 20:41:01
5.228 150.390 789.756 20:41:02
5.172 328.561 1647.805 20:41:03
5.224 151.390 790.244 20:41:04
5.228 151.195 787.805 20:41:05
5.220 164.780 860.976 20:41:06
5.224 151.098 790.244 20:41:07
5.224 161.780 849.756 20:41:08
5.232 148.780 776.098 20:41:09
5.224 150.098 783.415 20:41:10
5.228 148.976 777.561 20:41:11
5.228 162.195 776.098 20:41:12
5.220 163.390 853.659 20:41:13
5.228 147.976 779.024 20:41:14
5.196 245.366 1274.634 20:41:15
5.228 148.683 779.024 20:41:16
5.184 293.366 1520.000 20:41:17
5.220 161.878 907.805 20:41:18
5.224 150.098 772.683 20:41:19
5.220 162.073 845.366 20:41:20
5.228 147.976 777.073 20:41:21
5.224 163.293 855.122 20:41:23
5.228 151.585 777.561 20:41:24
5.192 249.780 1297.073 20:41:25
5.228 148.683 779.024 20:41:26
5.228 148.585 772.683 20:41:27
5.228 151.195 790.244 20:41:28
5.228 147.976 772.683 20:41:29
5.224 162.073 844.878 20:41:30
5.228 159.390 777.561 20:41:31
5.184 214.488 1107.805 20:41:32
5.228 148.683 774.634 20:41:33
5.228 148.780 777.561 20:41:34
5.220 161.585 844.878 20:41:35
5.228 148.488 772.683 20:41:36
5.224 161.683 842.439 20:41:37
5.228 148.780 778.537 20:41:38
5.220 161.390 844.878 20:41:39
5.228 149.683 781.463 20:41:40
5.152 388.561 2425.854 20:41:41
5.224 151.098 788.780 20:41:42
5.224 150.878 784.878 20:41:43
5.224 161.780 844.878 20:41:44
5.220 148.780 777.561 20:41:45
5.220 170.195 845.366 20:41:46
5.228 148.780 774.634 20:41:47
5.192 247.976 1284.390 20:41:48
5.228 150.976 790.244 20:41:49
5.228 150.976 789.756 20:41:50
5.228 151.293 789.756 20:41:51
5.224 151.488 786.341 20:41:52
5.224 164.976 856.585 20:41:53
5.228 147.878 774.634 20:41:54
5.144 335.976 1714.146 20:41:55
5.228 149.195 774.634 20:41:56
5.208 213.390 1403.415 20:41:57
5.224 148.780 779.024 20:41:58
5.224 147.780 772.683 20:41:59
5.220 164.976 856.098 20:42:00
5.228 149.488 781.463 20:42:01
5.192 479.049 1724.878 20:42:02
5.224 149.293 815.122 20:42:03
5.192 209.171 1066.341 20:42:04
5.228 149.195 781.463 20:42:05
5.228 149.098 781.463 20:42:06
5.224 162.195 846.341 20:42:07
5.228 148.878 778.537 20:42:08
5.224 164.073 859.024 20:42:09
5.224 149.390 781.463 20:42:10
5.188 274.585 1557.561 20:42:11
5.228 148.976 776.098 20:42:12
5.228 148.585 774.634 20:42:13
5.224 162.195 847.317 20:42:14
5.228 150.878 787.805 20:42:15
5.220 164.585 861.463 20:42:16
5.228 148.780 777.561 20:42:17
5.176 296.073 1578.537 20:42:18
5.228 148.390 777.561 20:42:19
5.228 148.780 773.659 20:42:20
5.220 163.488 853.659 20:42:21
5.224 150.390 784.878 20:42:22
5.220 163.878 854.146 20:42:23
5.224 148.585 777.561 20:42:24
5.220 163.780 1059.024 20:42:25
5.224 148.976 778.537 20:42:26
5.224 148.585 812.195 20:42:27
5.228 148.683 891.220 20:42:28
5.224 147.488 777.073 20:42:29
5.220 161.780 846.341 20:42:30
5.228 148.488 773.659 20:42:31
5.224 162.585 849.756 20:42:32
5.228 148.976 777.561 20:42:33
5.224 155.878 811.220 20:42:34
5.224 148.976 777.561 20:42:35
5.228 148.683 777.073 20:42:36
5.224 161.683 844.878 20:42:37
5.228 148.585 777.561 20:42:38
5.220 162.878 1693.659 20:42:39
5.224 150.976 790.244 20:42:40
5.224 151.293 1356.098 20:42:41
5.228 148.390 783.415 20:42:42
5.224 147.878 778.537 20:42:43
5.220 162.683 844.878 20:42:44
5.224 148.780 780.976 20:42:45
5.224 163.976 850.244 20:42:46
5.228 148.976 777.073 20:42:47
5.176 271.171 1391.707 20:42:48
5.220 161.780 845.366 20:42:49
5.228 147.195 769.756 20:42:50
5.224 162.683 849.756 20:42:51
5.224 148.293 774.634 20:42:52
5.220 161.976 843.902 20:42:53
5.228 148.488 776.098 20:42:54
5.164 326.976 1708.780 20:42:55
5.228 148.780 775.122 20:42:56
5.228 147.976 777.561 20:42:57
5.224 161.585 844.878 20:42:58
5.228 148.878 777.561 20:42:59
5.224 162.780 1353.171 20:43:00
5.228 149.585 778.537 20:43:01
5.220 163.390 855.122 20:43:02
5.228 149.293 773.659 20:43:03
5.228 148.780 777.073 20:43:04
5.228 148.878 778.537 20:43:05
5.224 148.878 772.683 20:43:06
5.224 168.293 847.317 20:43:07
5.228 156.293 777.073 20:43:08
5.220 168.195 953.659 20:43:09
5.224 152.780 806.341 20:43:10
5.224 150.488 784.878 20:43:11
5.228 151.488 789.756 20:43:12
5.224 150.585 791.220 20:43:13
5.220 164.195 852.683 20:43:14
5.228 148.585 777.561 20:43:15
5.176 475.366 1731.707 20:43:16
5.228 147.878 774.634 20:43:17
5.220 150.293 1215.610 20:43:18
5.228 147.976 774.634 20:43:19
5.228 148.780 778.537 20:43:20
5.224 162.683 845.366 20:43:21
5.228 148.195 777.073 20:43:22
5.220 163.683 925.366 20:43:23
5.228 148.683 774.634 20:43:24
5.176 292.683 1513.659 20:43:26
5.224 148.488 777.561 20:43:27
5.208 182.073 914.146 20:43:28
5.220 161.878 847.317 20:43:29
5.224 150.195 789.756 20:43:30
5.220 164.976 862.439 20:43:31
5.228 150.976 789.756 20:43:32
5.176 303.073 1590.244 20:43:33
5.224 150.390 790.244 20:43:34
5.228 150.878 789.756 20:43:35
5.224 164.976 858.537 20:43:36
5.228 148.585 777.073 20:43:37
5.220 162.878 847.317 20:43:38
5.228 148.780 774.634 20:43:39
5.224 162.976 846.341 20:43:40
5.228 151.488 774.634 20:43:41
5.224 147.488 777.561 20:43:42
5.228 149.293 778.537 20:43:43
5.224 148.780 777.561 20:43:44
5.224 162.683 846.341 20:43:45
5.228 148.488 776.098 20:43:46
5.220 163.488 849.756 20:43:47
5.228 148.780 774.634 20:43:48
5.228 148.293 776.098 20:43:49
5.224 161.878 844.878 20:43:50
5.224 149.098 779.024 20:43:51
5.220 161.878 844.878 20:43:52
5.228 148.195 774.634 20:43:53
5.220 162.585 849.756 20:43:54
5.224 147.878 777.561 20:43:55
5.228 157.878 777.073 20:43:56
5.228 149.293 779.024 20:43:57
5.228 148.878 776.098 20:43:58
5.224 161.878 846.341 20:43:59
5.224 150.585 1303.415 20:44:00
5.224 162.195 847.317 20:44:01
5.228 148.098 783.415 20:44:02
5.228 148.683 777.561 20:44:03
5.224 149.585 772.683 20:44:04
5.228 148.195 777.073 20:44:05
5.220 162.073 844.878 20:44:06
5.228 149.390 775.122 20:44:07
5.224 195.878 857.561 20:44:08
5.228 148.098 781.463 20:44:09
5.168 329.463 1740.000 20:44:10
5.228 148.878 777.561 20:44:11
5.228 148.390 777.073 20:44:12
5.220 161.878 844.878 20:44:13
5.228 148.683 773.659 20:44:14
5.220 162.293 850.244 20:44:15
5.228 148.293 774.634 20:44:16
5.224 163.488 846.341 20:44:17
5.228 149.098 777.561 20:44:18
5.228 148.488 777.073 20:44:19
5.228 148.195 778.537 20:44:20
5.224 147.976 776.098 20:44:21
5.220 161.780 844.878 20:44:22
5.228 147.976 773.659 20:44:23
5.220 162.780 850.244 20:44:24
5.224 150.976 789.756 20:44:25
5.176 305.366 1776.098 20:44:26
5.224 151.195 789.756 20:44:27
5.216 153.293 800.000 20:44:28
5.224 164.073 856.585 20:44:29
5.228 150.878 789.756 20:44:30
5.220 164.976 864.878 20:44:31
5.228 148.585 777.561 20:44:32
5.220 162.293 849.756 20:44:33
5.228 148.585 776.098 20:44:34
5.224 149.488 777.561 20:44:35
5.228 148.683 777.561 20:44:36
5.228 148.585 776.098 20:44:37
5.220 162.293 849.756 20:44:38
5.224 148.683 775.122 20:44:39
5.204 162.878 847.317 20:44:40
5.224 148.585 773.659 20:44:41
5.180 298.780 1563.902 20:44:42
5.224 148.098 777.073 20:44:43
5.224 148.780 777.073 20:44:44
5.220 162.878 852.683 20:44:45
5.224 148.878 778.537 20:44:46
5.220 162.390 845.366 20:44:47
5.224 147.976 774.634 20:44:48
5.132 495.561 2511.220 20:44:49
5.228 151.098 786.341 20:44:50
5.228 150.780 787.805 20:44:51
5.220 164.293 858.537 20:44:52
5.224 150.293 784.878 20:44:53
5.212 199.073 1026.829 20:44:54
5.228 148.683 777.561 20:44:55
5.224 163.390 847.317 20:44:56
5.228 148.585 773.659 20:44:57
5.228 148.098 777.561 20:44:58
5.224 161.683 844.878 20:44:59
5.228 151.390 817.561 20:45:00
5.224 163.390 845.366 20:45:01
5.228 148.098 780.976 20:45:02
5.220 161.976 856.585 20:45:03
5.228 148.780 777.561 20:45:04
5.228 148.878 773.659 20:45:05
5.228 148.976 777.073 20:45:06
5.228 148.683 779.024 20:45:07
5.224 162.683 846.341 20:45:08
5.228 148.878 777.073 20:45:09
5.164 406.463 1298.049 20:45:10
5.224 148.293 777.073 20:45:11
5.228 148.585 772.683 20:45:12
5.220 160.976 843.902 20:45:13
5.228 148.488 777.073 20:45:14
5.224 161.976 844.878 20:45:15
5.228 167.390 779.024 20:45:16
5.176 172.976 857.561 20:45:17
5.228 148.390 777.561 20:45:18
5.196 282.976 1400.488 20:45:19
5.228 148.683 779.024 20:45:20
5.228 148.780 777.073 20:45:21
5.224 161.585 847.805 20:45:22
5.224 148.098 774.634 20:45:24
5.220 161.878 843.902 20:45:25
5.228 148.488 776.098 20:45:26
5.148 383.171 1945.366 20:45:27
5.228 148.683 775.122 20:45:28
5.224 148.390 776.098 20:45:29
5.220 161.976 840.976 20:45:30
5.228 149.195 780.000 20:45:31
5.220 161.976 850.244 20:45:32
5.228 147.976 772.683 20:45:33
5.196 246.585 964.878 20:45:34
5.228 148.780 777.561 20:45:35
5.228 148.585 813.659 20:45:36
5.224 161.878 843.902 20:45:37
5.228 147.976 780.976 20:45:38
5.224 162.585 844.878 20:45:39
5.228 148.683 785.854 20:45:40
5.192 251.683 1718.537 20:45:41
5.224 148.878 777.561 20:45:42
5.208 267.976 1314.146 20:45:43
5.228 151.195 789.756 20:45:44
5.224 151.195 789.756 20:45:45
5.224 163.976 860.000 20:45:46
5.224 151.098 785.854 20:45:47
5.224 172.683 863.415 20:45:48
5.220 150.878 777.561 20:45:49
5.176 347.756 1796.098 20:45:50
5.228 149.098 779.024 20:45:51
5.228 148.780 777.073 20:45:52
5.224 161.488 844.878 20:45:53
5.224 147.780 779.024 20:45:54
5.224 161.683 851.220 20:45:55
5.208 150.293 784.878 20:45:56
5.224 162.073 847.317 20:45:57
5.228 148.780 774.634 20:45:58
5.228 148.293 777.073 20:45:59
5.212 150.878 1076.585 20:46:00
5.224 149.585 785.854 20:46:01
5.224 161.780 847.805 20:46:02
5.228 149.195 777.561 20:46:03
5.216 164.195 861.463 20:46:04
5.228 147.976 776.098 20:46:05
5.200 295.976 1408.293 20:46:06
5.224 149.976 832.195 20:46:07
5.228 148.390 776.098 20:46:08
5.224 162.293 847.805 20:46:09
5.228 149.390 777.561 20:46:10
5.220 163.585 856.585 20:46:11
5.224 148.780 772.683 20:46:12
5.180 335.756 1768.780 20:46:13
5.228 148.780 772.683 20:46:14
5.224 151.098 784.878 20:46:15
5.228 151.488 790.244 20:46:16
5.228 150.976 792.195 20:46:17
5.224 164.390 860.976 20:46:18
5.224 150.878 787.805 20:46:19
5.220 164.488 860.000 20:46:20
5.228 148.098 777.561 20:46:21
5.224 148.683 776.098 20:46:22
5.224 161.683 844.878 20:46:23
5.224 148.488 777.561 20:46:24
5.224 161.488 842.439 20:46:25
5.224 148.780 777.073 20:46:26
5.124 243.780 1353.171 20:46:27
5.224 149.585 780.976 20:46:28
5.204 214.171 1085.366 20:46:29
5.216 148.293 779.024 20:46:30
5.224 148.683 776.098 20:46:31
5.220 161.780 844.878 20:46:32
5.224 148.098 771.220 20:46:33
5.172 328.073 1855.122 20:46:34
5.228 148.683 825.366 20:46:35
5.228 178.683 1240.976 20:46:36
5.224 149.390 775.122 20:46:37
5.224 148.585 775.122 20:46:38
5.224 161.780 849.756 20:46:39
5.228 147.878 777.561 20:46:40
5.220 164.195 858.537 20:46:41
5.228 148.683 777.073 20:46:42
5.172 320.268 1798.049 20:46:43
5.224 149.098 777.561 20:46:44
5.208 150.293 784.878 20:46:45
5.224 163.683 852.683 20:46:46
5.228 148.585 772.683 20:46:47
5.220 165.585 853.659 20:46:48
5.224 147.878 772.195 20:46:49
5.176 299.463 1583.902 20:46:50
5.228 148.878 777.561 20:46:51
5.224 148.976 777.561 20:46:52
5.220 161.585 847.805 20:46:53
5.228 149.195 777.073 20:46:54
5.224 162.195 846.341 20:46:55
5.228 148.683 778.537 20:46:56
5.176 297.171 1801.463 20:46:57
5.228 148.780 776.098 20:46:58
5.228 148.488 776.098 20:46:59
5.224 378.366 850.244 20:47:00
5.224 150.976 789.756 20:47:01
5.220 164.195 856.585 20:47:02
5.228 150.976 795.122 20:47:03
5.140 499.659 2564.878 20:47:04
5.224 150.390 790.244 20:47:05
5.228 151.878 787.805 20:47:06
5.228 150.878 790.244 20:47:07
5.224 148.585 777.073 20:47:08
5.220 163.585 847.317 20:47:09
5.228 147.878 777.073 20:47:10
5.220 164.390 854.146 20:47:11
5.228 150.293 784.878 20:47:12
5.228 147.878 777.561 20:47:13
5.224 148.683 773.659 20:47:14
5.224 149.976 816.585 20:47:15
5.220 174.488 846.341 20:47:16
5.224 148.488 820.976 20:47:17
5.224 162.683 845.366 20:47:18
5.228 148.780 776.098 20:47:19
5.172 329.268 1886.829 20:47:20
5.224 148.195 779.024 20:47:21
5.228 148.585 776.098 20:47:22
5.220 161.585 843.902 20:47:23
5.228 148.878 776.098 20:47:25
5.220 162.683 844.878 20:47:26
5.224 148.585 779.024 20:47:27
5.164 328.366 1708.780 20:47:28
5.228 148.585 780.000 20:47:29
5.220 156.073 787.805 20:47:30
5.220 161.683 843.415 20:47:31
5.224 148.585 777.073 20:47:32
5.220 161.780 844.878 20:47:33
5.220 148.878 840.000 20:47:34
5.224 162.488 852.683 20:47:35
5.224 148.683 777.073 20:47:36
5.228 148.488 772.683 20:47:37
5.228 149.098 777.073 20:47:38
5.228 148.488 776.098 20:47:39
5.220 161.780 844.878 20:47:40
5.224 148.780 776.098 20:47:41
5.224 161.878 848.780 20:47:42
5.216 185.878 951.220 20:47:43
5.228 148.585 774.634 20:47:44
5.228 148.878 781.463 20:47:45
5.224 148.780 777.073 20:47:46
5.220 162.073 848.780 20:47:47
5.224 151.098 790.244 20:47:48
5.224 164.878 906.341 20:47:49
5.224 151.488 788.780 20:47:50
5.188 275.780 1397.073 20:47:51
5.224 150.488 787.317 20:47:52
5.224 151.098 787.317 20:47:53
5.220 164.683 860.000 20:47:54
5.228 148.585 772.195 20:47:55
5.224 186.878 843.415 20:47:56
5.224 148.585 779.024 20:47:57
5.124 410.366 2073.171 20:47:58
5.228 148.585 777.561 20:47:59
5.224 151.098 784.878 20:48:00
5.224 162.488 844.878 20:48:01
5.228 149.976 779.024 20:48:02
5.220 161.976 846.341 20:48:03
5.224 148.683 780.000 20:48:04
5.124 472.463 2115.610 20:48:05
5.228 148.683 771.220 20:48:06
5.224 148.390 777.073 20:48:07
5.228 148.683 777.073 20:48:08
5.224 148.098 778.537 20:48:09
5.220 163.073 844.878 20:48:10
5.228 148.683 777.073 20:48:11
5.224 162.195 848.780 20:48:12
5.224 148.780 777.561 20:48:13
5.224 148.585 776.098 20:48:14
5.228 148.780 779.024 20:48:15
5.220 148.488 777.073 20:48:16
5.224 162.976 893.659 20:48:17
5.232 148.585 776.098 20:48:18
5.224 162.780 846.341 20:48:19
5.224 148.878 777.561 20:48:20
5.224 148.390 776.098 20:48:21
5.228 149.098 775.122 20:48:22
5.228 148.488 777.561 20:48:23
5.224 161.683 852.195 20:48:24
5.228 149.683 783.415 20:48:25
5.224 163.293 853.659 20:48:26
5.228 149.585 784.878 20:48:27
5.180 337.366 1353.171 20:48:28
5.228 148.585 777.561 20:48:29
5.228 148.195 777.561 20:48:30
5.220 162.390 844.878 20:48:31
5.224 148.585 774.634 20:48:32
5.220 162.195 845.366 20:48:33
5.224 148.390 777.561 20:48:34
5.220 163.195 849.756 20:48:35
5.228 148.585 777.561 20:48:36
5.224 148.878 776.098 20:48:37
5.220 162.293 847.317 20:48:38
5.224 148.585 774.634 20:48:39
5.224 161.976 843.415 20:48:40
5.228 148.683 772.683 20:48:41
5.212 162.683 854.146 20:48:42
5.228 148.585 773.659 20:48:43
5.224 148.488 786.341 20:48:44
5.220 164.195 855.122 20:48:45
5.228 151.098 789.756 20:48:46
5.224 165.390 859.024 20:48:47
5.228 150.293 789.756 20:48:48
5.220 165.585 863.902 20:48:49
5.224 153.195 791.220 20:48:50
5.228 150.780 788.780 20:48:51
5.224 150.976 789.756 20:48:52
5.228 148.293 775.122 20:48:53
5.224 161.488 847.317 20:48:54
5.216 174.780 898.537 20:48:55
5.192 163.390 856.585 20:48:56
5.228 148.585 777.561 20:48:57
5.144 406.659 2065.854 20:48:58
5.220 151.195 774.634 20:48:59
5.224 152.878 1863.902 20:49:00
5.220 164.683 880.976 20:49:01
5.228 150.976 788.780 20:49:02
5.220 165.073 863.415 20:49:03
5.224 150.976 787.805 20:49:04
5.144 417.463 2530.244 20:49:05
5.228 148.683 778.537 20:49:06
5.228 148.585 777.561 20:49:07
5.224 161.878 776.098 20:49:08
5.228 148.098 772.683 20:49:09
5.224 161.780 844.878 20:49:10
5.216 175.073 819.024 20:49:11
5.224 162.293 850.244 20:49:12
5.228 148.585 777.073 20:49:13
5.228 147.683 777.073 20:49:14
5.220 161.683 843.902 20:49:15
5.228 148.585 776.098 20:49:16
5.224 161.780 844.878 20:49:17
5.228 148.390 776.098 20:49:18
5.220 162.293 846.341 20:49:19
5.228 148.390 776.098 20:49:20
5.224 148.585 772.683 20:49:21
5.220 180.878 942.927 20:49:23
5.228 151.780 776.098 20:49:24
5.224 162.195 860.976 20:49:25
5.228 148.390 777.073 20:49:26
5.220 162.878 846.341 20:49:27
5.228 147.976 777.073 20:49:28
5.228 148.390 775.122 20:49:29
5.228 148.683 777.561 20:49:30
5.224 148.585 776.098 20:49:31
5.224 161.780 845.366 20:49:32
5.228 148.780 772.683 20:49:33
5.220 162.390 846.341 20:49:34
5.228 148.195 776.098 20:49:35
5.228 148.585 777.561 20:49:36
5.228 149.488 776.098 20:49:37
5.228 147.683 776.098 20:49:38
5.224 161.683 844.878 20:49:39
5.228 148.293 777.561 20:49:40
5.220 164.390 853.659 20:49:41
5.228 148.585 777.561 20:49:42
5.168 333.756 1694.146 20:49:43
5.228 147.976 777.073 20:49:44
5.228 148.780 776.098 20:49:45
5.224 161.780 844.878 20:49:46
5.228 147.683 776.098 20:49:47
5.220 163.585 855.122 20:49:48
5.224 148.098 777.073 20:49:49
5.168 325.073 1681.463 20:49:50
5.232 157.878 824.878 20:49:51
5.228 148.585 777.073 20:49:52
5.224 162.390 847.805 20:49:53
5.228 148.390 776.098 20:49:54
5.220 161.390 844.878 20:49:55
5.228 148.585 776.098 20:49:56
5.208 162.585 852.683 20:49:57
5.228 148.683 777.073 20:49:58
5.228 147.976 776.098 20:49:59
5.216 163.878 1016.585 20:50:00
5.228 149.390 781.463 20:50:01
5.224 161.585 847.317 20:50:02
5.224 150.976 796.098 20:50:03
5.224 164.585 860.000 20:50:04
5.224 150.878 787.805 20:50:05
5.228 152.195 783.902 20:50:06
5.228 151.195 790.244 20:50:07
5.224 151.098 797.073 20:50:08
5.220 164.293 860.976 20:50:09
5.228 148.390 777.561 20:50:10
5.220 174.195 849.756 20:50:11
5.224 148.585 776.098 20:50:12
5.180 302.561 1580.000 20:50:13
5.228 148.683 777.073 20:50:14
5.224 147.780 772.683 20:50:15
5.224 161.585 843.902 20:50:16
5.228 148.488 774.634 20:50:17
5.220 162.293 846.341 20:50:18
5.228 148.683 772.683 20:50:19
5.176 318.366 1573.659 20:50:20
5.228 148.585 777.561 20:50:21
5.224 147.976 777.073 20:50:22
5.220 162.390 844.878 20:50:23
5.224 148.976 776.098 20:50:24
5.216 161.878 849.756 20:50:25
5.228 148.488 945.366 20:50:26
5.164 327.073 1705.366 20:50:27
5.228 151.293 791.220 20:50:28
5.228 148.585 777.073 20:50:29
5.224 162.293 848.780 20:50:30
5.228 147.878 772.683 20:50:31
5.224 161.683 845.366 20:50:32
5.228 148.683 775.122 20:50:33
5.224 162.195 851.220 20:50:34
5.228 148.878 777.561 20:50:35
5.228 148.780 777.073 20:50:36
5.228 148.683 780.976 20:50:37
5.224 148.683 776.098 20:50:38
5.224 161.585 847.317 20:50:39
5.228 149.488 779.024 20:50:40
5.220 174.585 1138.049 20:50:41
5.228 151.293 789.756 20:50:42
5.224 157.073 820.000 20:50:43
5.224 152.293 793.659 20:50:44
5.224 150.976 787.805 20:50:45
5.220 164.780 859.024 20:50:46
5.224 151.390 792.683 20:50:47
5.200 166.878 984.878 20:50:48
5.228 148.488 777.073 20:50:49
5.176 302.073 1597.561 20:50:50
5.228 148.780 777.561 20:50:51
5.228 148.780 776.098 20:50:52
5.220 161.683 843.902 20:50:53
5.228 148.585 777.073 20:50:54
5.220 161.878 846.341 20:50:55
5.224 148.488 777.561 20:50:56
5.148 329.171 1679.024 20:50:57
5.228 148.585 772.683 20:50:58
5.224 148.098 776.098 20:50:59
5.224 161.488 848.780 20:51:00
5.224 150.098 1055.122 20:51:01
5.220 163.293 856.098 20:51:02
5.228 157.780 780.976 20:51:03
5.220 164.585 912.683 20:51:04
5.228 148.780 772.195 20:51:05
5.228 148.585 774.634 20:51:06
5.228 151.195 788.780 20:51:07
5.228 150.293 787.805 20:51:08
5.220 161.878 847.317 20:51:09
5.224 148.780 777.561 20:51:10
5.220 163.878 1638.537 20:51:11
5.224 147.878 776.098 20:51:12
5.164 321.659 1706.341 20:51:13
5.228 148.780 776.098 20:51:14
5.228 148.683 777.561 20:51:15
5.224 161.878 848.780 20:51:16
5.228 148.390 777.561 20:51:17
5.220 161.976 844.878 20:51:18
5.228 149.976 777.073 20:51:19
5.216 163.293 848.780 20:51:20
5.228 148.585 772.683 20:51:21
5.228 148.683 776.098 20:51:22
5.220 161.195 843.415 20:51:23
5.228 148.683 772.195 20:51:24
5.224 163.390 852.683 20:51:25
5.228 150.780 792.195 20:51:27
5.164 404.268 1284.390 20:51:28
5.224 150.293 788.780 20:51:29
5.208 278.366 1404.878 20:51:30
5.220 164.585 858.537 20:51:31
5.228 148.585 777.073 20:51:32
5.220 161.683 846.341 20:51:33
5.228 148.488 779.024 20:51:34
5.224 161.976 843.415 20:51:35
5.228 148.585 774.634 20:51:36
5.164 355.756 1837.561 20:51:37
5.228 148.585 773.659 20:51:38
5.228 148.585 776.098 20:51:39
5.224 161.683 843.902 20:51:40
5.228 148.585 776.098 20:51:41
5.220 161.780 848.780 20:51:42
5.228 150.878 788.780 20:51:43
5.168 320.780 1540.000 20:51:44
5.228 148.585 777.561 20:51:45
5.228 148.488 776.098 20:51:46
5.224 163.073 843.902 20:51:47
5.228 148.488 777.073 20:51:48
5.220 166.073 842.439 20:51:49
5.228 148.585 776.098 20:51:50
5.220 177.488 927.317 20:51:51
5.228 148.878 778.537 20:51:52
5.228 148.488 776.098 20:51:53
5.228 148.683 777.561 20:51:54
5.224 148.683 777.073 20:51:55
5.220 161.780 847.805 20:51:56
5.228 148.780 777.073 20:51:57
5.224 161.878 845.366 20:51:58
5.228 147.976 777.561 20:51:59
5.224 150.390 1424.390 20:52:00
5.228 148.780 777.561 20:52:01
5.228 147.976 777.561 20:52:02
5.220 161.780 848.780 20:52:03
5.228 148.878 777.073 20:52:04
5.188 248.268 1377.073 20:52:05
5.224 148.585 779.024 20:52:06
5.192 199.878 1496.098 20:52:07
5.228 148.780 777.073 20:52:08
5.228 147.780 777.561 20:52:09
5.220 161.585 847.805 20:52:10
5.224 156.073 773.659 20:52:11
5.220 161.976 845.366 20:52:12
5.228 148.780 777.561 20:52:13
5.136 467.049 2384.878 20:52:14
5.224 148.683 777.073 20:52:15
5.224 150.780 787.317 20:52:16
5.220 164.585 858.537 20:52:17
5.224 150.195 787.805 20:52:18
5.220 164.488 860.000 20:52:19
5.224 150.585 788.780 20:52:20
5.220 164.585 859.024 20:52:21
5.228 148.585 779.024 20:52:22
5.228 148.488 777.073 20:52:23
5.228 148.780 780.000 20:52:24
5.228 148.683 1050.244 20:52:25
5.224 162.390 853.659 20:52:26
5.228 148.780 772.683 20:52:27
5.216 164.073 856.585 20:52:28
5.228 160.293 774.634 20:52:29
5.180 236.488 1406.829 20:52:30
5.228 148.585 777.073 20:52:31
5.228 148.683 776.098 20:52:32
5.224 161.976 846.341 20:52:33
5.228 148.976 774.634 20:52:34
5.224 161.976 849.756 20:52:35
5.228 147.878 779.024 20:52:36
5.160 447.561 2118.049 20:52:37
5.228 154.488 777.073 20:52:38
5.224 148.488 777.073 20:52:39
5.220 161.683 843.902 20:52:40
5.228 149.195 777.561 20:52:41
5.220 162.488 847.317 20:52:42
5.228 148.585 777.561 20:52:43
5.152 328.561 1809.268 20:52:44
5.228 148.683 776.098 20:52:45
5.228 148.390 776.098 20:52:46
5.224 162.390 847.317 20:52:47
5.224 148.780 777.073 20:52:48
5.216 169.293 844.878 20:52:49
5.224 148.585 792.195 20:52:50
5.152 379.073 1862.927 20:52:51
5.228 148.488 777.073 20:52:52
5.224 149.098 777.561 20:52:53
5.224 162.390 1146.341 20:52:54
5.224 152.390 797.073 20:52:55
5.224 161.780 845.366 20:52:56
5.228 148.488 774.634 20:52:57
5.224 163.878 845.366 20:52:58
5.228 147.976 777.073 20:52:59
5.228 148.390 776.098 20:53:00
5.228 148.780 770.244 20:53:01
5.228 147.976 780.976 20:53:02
5.220 162.293 849.756 20:53:03
5.228 148.195 776.098 20:53:04
5.224 163.780 1317.073 20:53:05
5.224 150.585 788.780 20:53:06
5.228 150.976 784.878 20:53:07
5.228 151.195 789.756 20:53:08
5.228 151.976 796.098 20:53:09
5.220 164.585 860.000 20:53:10
5.224 150.585 863.415 20:53:11
5.216 193.683 976.098 20:53:12
5.228 233.171 787.805 20:53:13
5.152 490.049 2293.659 20:53:14
5.228 148.683 777.561 20:53:15
5.228 148.488 776.098 20:53:16
5.224 161.780 843.902 20:53:17
5.224 151.878 791.220 20:53:18
5.220 164.293 861.463 20:53:19
5.224 150.878 788.780 20:53:20
5.220 164.293 856.098 20:53:21
5.224 148.976 772.683 20:53:22
5.228 148.585 776.098 20:53:23
5.220 176.780 777.561 20:53:24
5.228 148.585 783.415 20:53:25
5.220 161.976 847.805 20:53:27
5.228 147.878 776.098 20:53:28
5.220 161.976 847.317 20:53:29
5.228 148.488 777.561 20:53:30
5.228 147.976 768.780 20:53:31
5.224 151.098 790.244 20:53:32
5.228 150.683 787.805 20:53:33
5.220 164.293 859.024 20:53:34
5.224 150.878 829.756 20:53:35
5.220 166.390 868.780 20:53:36
5.228 150.878 787.805 20:53:37
5.176 307.073 1588.293 20:53:38
5.224 150.195 773.659 20:53:39
5.228 147.780 777.561 20:53:40
5.224 161.683 839.024 20:53:41
5.224 148.585 776.098 20:53:42
5.212 185.488 987.805 20:53:43
5.224 148.195 777.073 20:53:44
5.196 247.073 1302.927 20:53:45
5.224 148.585 777.561 20:53:46
5.228 148.488 773.659 20:53:47
5.224 191.683 998.049 20:53:48
5.228 148.488 776.098 20:53:49
5.220 161.878 843.902 20:53:50
5.228 148.585 777.561 20:53:51
5.220 162.390 847.805 20:53:52
5.228 148.585 777.073 20:53:53
5.224 148.585 776.098 20:53:54
5.228 148.878 779.024 20:53:55
5.228 148.585 777.561 20:53:56
5.224 163.878 864.878 20:53:57
5.228 151.293 787.805 20:53:58
5.224 163.683 854.146 20:53:59
5.224 148.585 777.073 20:54:00
5.172 277.463 1787.805 20:54:01
5.224 162.585 843.415 20:54:02
5.228 149.780 777.561 20:54:03
5.220 161.780 851.220 20:54:04
5.224 149.780 782.439 20:54:05
5.224 161.585 846.341 20:54:06
5.228 148.585 772.683 20:54:07
5.224 162.488 851.220 20:54:08
5.228 148.780 777.561 20:54:09
5.228 151.585 776.098 20:54:10
5.228 148.878 778.537 20:54:11
5.228 147.878 773.659 20:54:12
5.220 161.585 844.878 20:54:13
5.228 148.488 777.073 20:54:14
5.220 187.878 854.146 20:54:15
5.228 148.293 777.561 20:54:16
5.228 150.098 784.878 20:54:17
5.224 148.195 778.537 20:54:18
5.228 148.780 776.098 20:54:19
5.224 162.488 847.805 20:54:20
5.224 147.878 776.098 20:54:21
5.224 162.073 846.341 20:54:22
5.228 147.976 777.073 20:54:23
5.124 494.341 2127.317 20:54:24
5.224 148.390 777.073 20:54:25
5.228 148.488 776.098 20:54:26
5.224 163.878 857.561 20:54:27
5.224 151.098 789.756 20:54:28
5.212 195.073 1004.878 20:54:29
5.228 148.878 777.073 20:54:30
5.220 161.976 844.878 20:54:31
5.228 148.585 778.537 20:54:32
5.224 148.683 776.098 20:54:33
5.228 148.585 779.024 20:54:34
5.224 148.683 815.122 20:54:35
5.224 163.073 845.366 20:54:36
5.224 147.683 777.073 20:54:37
5.224 163.488 853.659 20:54:38
5.228 148.780 773.659 20:54:39
5.164 358.976 1853.659 20:54:40
5.228 148.585 778.537 20:54:41
5.228 148.683 772.683 20:54:42
5.224 162.195 843.902 20:54:43
5.224 149.488 777.561 20:54:44
5.224 162.390 844.878 20:54:45
5.224 148.683 780.000 20:54:46
5.172 383.659 1729.756 20:54:47
5.228 148.780 778.537 20:54:48
5.228 147.878 777.561 20:54:49
5.224 161.585 843.415 20:54:50
5.228 148.585 777.073 20:54:51
5.224 161.976 845.366 20:54:52
5.228 148.585 777.073 20:54:53
5.220 163.390 852.683 20:54:54
5.224 148.488 777.073 20:54:55
5.228 148.585 777.073 20:54:56
5.224 161.683 843.902 20:54:57
5.228 148.585 776.098 20:54:58
5.212 194.293 1052.683 20:54:59
5.228 148.683 779.024 20:55:00
5.196 249.073 1265.854 20:55:01
5.224 148.488 773.659 20:55:02
5.228 148.390 774.634 20:55:03
5.208 182.683 841.463 20:55:04
5.224 152.683 785.854 20:55:05
5.224 161.585 847.805 20:55:06
5.228 148.098 777.073 20:55:07
5.220 162.390 847.317 20:55:08
5.228 148.488 777.561 20:55:09
5.180 303.561 1604.878 20:55:10
5.224 148.878 777.561 20:55:11
5.228 147.488 777.561 20:55:12
5.224 161.585 844.878 20:55:13
5.216 175.780 815.122 20:55:14
5.224 161.976 848.780 20:55:15
5.228 148.683 772.683 20:55:16
5.220 174.293 846.341 20:55:17
5.224 149.585 772.683 20:55:18
5.228 152.293 779.024 20:55:19
5.228 157.780 777.073 20:55:20
5.228 148.585 776.098 20:55:21
5.220 161.585 845.366 20:55:22
5.228 149.293 776.098 20:55:23
5.184 267.976 1129.268 20:55:24
5.224 147.878 772.683 20:55:25
5.212 199.976 1446.829 20:55:26
5.228 148.293 774.634 20:55:27
5.224 148.585 772.683 20:55:28
5.224 161.780 842.439 20:55:29
5.224 148.585 775.122 20:55:30
5.220 163.585 852.683 20:55:31
5.224 147.976 769.756 20:55:32
5.124 411.366 2134.634 20:55:33
5.216 232.780 1012.683 20:55:35
5.228 148.585 777.073 20:55:36
5.224 161.683 844.878 20:55:37
5.228 147.780 777.561 20:55:38
5.220 162.073 844.878 20:55:39
5.224 148.585 783.902 20:55:40
5.220 162.488 846.341 20:55:41
5.228 148.683 776.098 20:55:42
5.228 148.293 777.073 20:55:43
5.228 148.683 779.024 20:55:44
5.224 148.293 777.073 20:55:45
5.220 162.683 845.366 20:55:46
5.228 148.585 776.098 20:55:47
5.196 250.585 1278.049 20:55:48
5.228 148.683 777.073 20:55:49
5.228 221.390 1149.268 20:55:50
5.216 171.195 905.366 20:55:51
5.228 147.878 776.098 20:55:52
5.224 162.390 843.902 20:55:53
5.228 148.585 772.683 20:55:54
5.220 162.683 844.878 20:55:55
5.228 147.976 776.098 20:55:56
5.140 418.951 2383.415 20:55:57
5.224 148.683 779.024 20:55:58
5.228 149.195 777.073 20:55:59
5.224 161.683 849.756 20:56:00
5.224 152.293 797.073 20:56:01
5.224 161.878 848.780 20:56:02
5.228 147.976 780.000 20:56:03
5.220 162.585 843.415 20:56:04
5.228 148.390 777.073 20:56:05
5.224 158.390 777.561 20:56:06
5.220 176.976 774.634 20:56:07
5.224 148.488 800.000 20:56:08
5.224 164.976 856.585 20:56:09
5.228 150.976 786.341 20:56:10
5.220 166.683 869.756 20:56:11
5.224 152.488 797.073 20:56:12
5.176 341.463 1590.244 20:56:13
5.228 150.878 789.756 20:56:14
5.228 150.780 788.780 20:56:15
5.220 164.293 856.098 20:56:16
5.228 147.878 776.098 20:56:17
5.224 161.780 845.366 20:56:18
5.228 148.878 774.634 20:56:19
5.220 162.488 849.756 20:56:20
5.224 147.878 774.634 20:56:21
5.228 147.878 774.634 20:56:22
5.220 164.195 861.463 20:56:23
5.224 151.390 785.854 20:56:24
5.220 164.293 856.098 20:56:25
5.228 149.488 770.244 20:56:26
5.188 385.171 1814.146 20:56:27
5.228 204.780 774.634 20:56:28
5.208 286.780 1097.561 20:56:29
5.228 148.683 777.561 20:56:30
5.224 148.488 776.098 20:56:31
5.224 162.585 843.415 20:56:32
5.228 148.293 780.976 20:56:33
5.224 161.976 846.341 20:56:34
5.228 148.878 776.098 20:56:35
5.152 369.171 1957.561 20:56:36
5.228 147.976 777.561 20:56:37
5.228 148.683 773.659 20:56:38
5.220 161.585 843.415 20:56:39
5.228 148.488 776.098 20:56:40
5.220 161.780 844.878 20:56:41
5.228 148.098 777.073 20:56:42
5.220 162.073 850.244 20:56:43
5.228 148.683 777.561 20:56:44
5.224 147.488 777.073 20:56:45
5.228 148.878 777.073 20:56:46
5.224 148.488 777.561 20:56:47
5.220 161.780 843.415 20:56:48
5.228 148.780 777.073 20:56:49
5.152 335.463 1734.146 20:56:50
5.228 148.878 778.537 20:56:51
5.196 256.976 1210.732 20:56:52
5.228 147.976 779.024 20:56:53
5.228 148.390 777.073 20:56:54
5.220 163.293 860.000 20:56:55
5.228 154.073 780.976 20:56:56
5.220 171.683 843.902 20:56:57
5.228 148.683 774.634 20:56:58
5.224 162.878 856.098 20:56:59
5.224 148.195 1856.585 20:57:00
5.224 147.976 777.073 20:57:01
5.228 149.293 780.000 20:57:02
5.228 148.780 779.024 20:57:03
5.224 162.585 850.244 20:57:04
5.228 148.585 781.463 20:57:05
5.192 249.073 1292.195 20:57:06
5.224 151.195 789.756 20:57:07
5.200 211.780 798.537 20:57:08
5.224 151.195 786.341 20:57:09
5.224 150.976 789.756 20:57:10
5.224 164.976 861.463 20:57:11
5.228 150.976 791.220 20:57:12
5.220 163.488 856.585 20:57:13
5.224 148.585 773.659 20:57:14
5.176 298.073 1576.098 20:57:15
5.224 148.488 774.634 20:57:16
5.228 147.878 774.634 20:57:17
5.220 162.488 843.902 20:57:18
5.224 148.878 776.098 20:57:19
5.224 161.683 844.878 20:57:20
5.224 148.585 777.561 20:57:21
5.220 162.195 843.902 20:57:22
5.228 148.488 775.122 20:57:23
5.228 147.976 776.098 20:57:24
5.228 148.878 777.561 20:57:25
5.220 148.878 773.659 20:57:26
5.224 162.195 844.878 20:57:27
5.224 147.976 777.073 20:57:28
5.172 313.073 1374.634 20:57:29
5.228 176.683 777.561 20:57:30
5.212 217.683 1560.976 20:57:31
5.228 151.098 788.780 20:57:32
5.224 150.683 788.780 20:57:33
5.224 164.780 857.561 20:57:34
5.224 151.293 787.805 20:57:35
5.212 205.390 1061.463 20:57:36
5.228 148.683 777.073 20:57:37
5.116 498.463 2012.683 20:57:38
5.228 151.098 790.244 20:57:40
5.224 150.488 786.341 20:57:41
5.220 162.293 847.805 20:57:42
5.228 148.585 777.073 20:57:43
5.216 162.683 844.878 20:57:44
5.228 148.488 779.024 20:57:45
5.224 161.976 847.317 20:57:46
5.228 148.488 777.561 20:57:47
5.228 148.293 774.634 20:57:48
5.228 148.780 776.098 20:57:49
5.208 205.878 1063.902 20:57:50
5.220 161.488 844.878 20:57:51
5.224 148.585 775.122 20:57:52
5.220 163.073 845.366 20:57:53
5.228 151.098 789.756 20:57:54
5.228 150.878 789.756 20:57:55
5.224 151.390 788.780 20:57:56
5.228 150.878 787.805 20:57:57
5.224 169.073 858.537 20:57:58
5.224 154.195 787.805 20:57:59
5.224 163.488 853.659 20:58:00
5.224 152.878 797.561 20:58:01
5.144 424.659 2127.317 20:58:02
5.228 148.976 778.537 20:58:03
5.228 149.195 781.463 20:58:04
5.220 161.780 847.317 20:58:05
5.228 149.683 777.073 20:58:06
5.212 226.073 1032.683 20:58:07
5.228 148.683 777.073 20:58:08
5.224 162.195 847.317 20:58:09
5.228 148.683 777.561 20:58:10
5.228 148.585 777.073 20:58:11
5.228 151.098 790.244 20:58:12
5.228 150.780 787.317 20:58:13
5.220 164.293 855.122 20:58:14
5.224 150.878 789.756 20:58:15
5.220 164.585 859.024 20:58:16
5.228 150.683 786.341 20:58:17
5.168 335.878 1722.927 20:58:18
5.228 148.780 777.073 20:58:19
5.228 148.585 776.098 20:58:20
5.224 161.073 847.805 20:58:21
5.224 148.585 776.098 20:58:22
5.220 161.780 841.463 20:58:23
5.228 148.293 774.634 20:58:24
5.220 163.390 852.683 20:58:25
5.224 148.683 777.561 20:58:26
5.228 148.488 772.683 20:58:27
5.220 161.585 843.415 20:58:28
5.224 180.683 780.976 20:58:29
5.224 162.195 846.341 20:58:30
5.228 148.683 777.561 20:58:31
5.224 162.293 844.878 20:58:32
5.228 148.585 820.976 20:58:33
5.228 148.585 777.073 20:58:34
5.228 148.585 777.561 20:58:35
5.224 148.780 772.683 20:58:36
5.224 161.780 846.341 20:58:37
5.224 148.390 773.659 20:58:38
5.172 277.585 859.024 20:58:39
5.228 148.585 777.073 20:58:40
5.208 245.585 1175.610 20:58:41
5.228 148.683 777.073 20:58:42
5.224 148.488 777.073 20:58:43
5.220 165.390 843.415 20:58:44
5.228 148.293 772.195 20:58:45
5.220 163.585 1203.415 20:58:46
5.224 152.976 787.805 20:58:47
5.228 152.878 798.537 20:58:48
5.220 164.488 856.585 20:58:49
5.224 150.390 786.341 20:58:50
5.220 163.976 856.098 20:58:51
5.228 150.780 787.805 20:58:52
5.188 183.293 952.683 20:58:53
5.216 203.073 1061.463 20:58:54
5.212 205.073 1188.293 20:58:55
5.228 149.195 777.561 20:58:56
5.228 150.780 776.098 20:58:57
5.220 164.683 856.585 20:58:58
5.228 150.878 805.854 20:58:59
5.220 314.171 863.902 20:59:00
5.224 151.098 789.756 20:59:01
5.140 424.366 2086.829 20:59:02
5.228 150.976 788.780 20:59:03
5.228 150.098 796.098 20:59:04
5.224 148.683 779.024 20:59:05
5.228 148.585 777.561 20:59:06
5.220 162.390 843.902 20:59:07
5.228 148.780 773.659 20:59:08
5.224 162.878 846.341 20:59:09
5.224 147.488 777.561 20:59:10
5.228 148.098 773.659 20:59:11
5.228 148.098 777.561 20:59:12
5.228 147.976 776.098 20:59:13
5.220 162.293 872.683 20:59:14
5.228 148.585 773.659 20:59:15
5.224 163.585 852.195 20:59:16
5.228 148.488 774.634 20:59:17
5.168 330.463 1860.000 20:59:18
5.224 148.683 777.073 20:59:19
5.228 149.293 778.537 20:59:20
5.220 161.683 840.976 20:59:21
5.224 147.878 776.098 20:59:22
5.220 162.585 850.244 20:59:23
5.228 148.390 777.561 20:59:24
5.224 162.195 847.805 20:59:25
5.228 147.976 775.122 20:59:26
5.228 148.488 777.073 20:59:27
5.224 148.780 777.073 20:59:28
5.228 149.683 772.683 20:59:29
5.220 162.073 843.902 20:59:30
5.228 148.585 777.073 20:59:31
5.224 161.976 846.341 20:59:32
5.228 148.683 778.537 20:59:33
5.228 148.488 776.098 20:59:34
5.228 148.780 776.098 20:59:35
5.228 148.488 777.561 20:59:36
5.224 161.390 846.341 20:59:37
5.228 148.488 777.073 20:59:38
5.220 163.878 850.244 20:59:39
5.228 148.683 777.561 20:59:40
5.136 478.049 2443.415 20:59:41
5.228 148.683 772.683 20:59:42
5.228 148.780 779.024 20:59:43
5.224 162.293 842.439 20:59:44
5.228 148.488 777.073 20:59:45
5.224 161.683 847.317 20:59:46
5.224 148.585 773.659 20:59:47
5.156 375.561 1956.585 20:59:48
5.224 148.683 777.073 20:59:50
5.228 148.390 777.073 20:59:51
5.224 148.780 774.634 20:59:52
5.228 148.488 776.098 20:59:53
5.220 162.488 848.780 20:59:54
5.228 148.488 777.073 20:59:55
5.224 162.488 841.463 20:59:56
5.224 147.585 778.537 20:59:57
5.224 148.195 776.098 20:59:58
5.224 148.585 777.073 20:59:59
5.228 148.683 776.098 21:00:00
5.220 281.878 1396.098 21:00:01
5.228 162.488 777.073 21:00:02
5.220 163.780 854.146 21:00:03
5.228 148.488 780.976 21:00:04
5.228 148.488 774.634 21:00:05
5.224 161.780 848.780 21:00:06
5.228 153.488 777.073 21:00:07
5.220 162.293 844.878 21:00:08
5.228 148.098 777.073 21:00:09
5.220 162.585 844.878 21:00:10
5.228 148.195 776.098 21:00:11
5.224 148.488 777.561 21:00:12
5.228 148.683 777.561 21:00:13
5.228 148.683 774.634 21:00:14
5.224 162.585 845.366 21:00:15
5.228 148.683 777.073 21:00:16
5.220 162.073 847.317 21:00:17
5.228 148.585 777.561 21:00:18
5.176 299.976 1559.512 21:00:19
5.228 148.390 774.634 21:00:20
5.228 148.488 777.073 21:00:21
5.224 162.878 843.415 21:00:22
5.228 148.098 777.073 21:00:23
5.224 162.390 882.439 21:00:24
5.224 148.780 776.098 21:00:25
5.220 162.585 847.805 21:00:26
5.228 148.195 772.683 21:00:27
5.228 148.683 777.561 21:00:28
5.228 148.780 781.463 21:00:29
5.228 148.585 772.683 21:00:30
5.224 162.585 844.878 21:00:31
5.228 148.683 773.659 21:00:32
5.220 163.488 936.098 21:00:33
5.228 148.683 777.073 21:00:34
5.180 302.268 1785.366 21:00:35
5.228 148.780 777.561 21:00:36
5.224 148.585 776.098 21:00:37
5.224 161.585 847.805 21:00:38
5.228 148.683 776.098 21:00:39
5.224 170.195 844.878 21:00:40
5.228 147.878 777.073 21:00:41
5.220 161.878 885.366 21:00:42
5.228 148.585 777.073 21:00:43
5.228 148.195 775.122 21:00:44
5.224 147.878 779.024 21:00:45
5.224 148.683 776.098 21:00:46
5.220 161.976 847.805 21:00:47
5.224 148.585 776.098 21:00:48
5.216 187.073 851.220 21:00:49
5.224 148.488 777.561 21:00:50
5.224 148.488 776.098 21:00:51
5.228 159.780 791.220 21:00:52
5.228 150.683 788.780 21:00:53
5.212 203.585 1046.341 21:00:54
5.228 148.488 778.537 21:00:55
5.192 345.463 1634.634 21:00:56
5.228 150.293 789.756 21:00:57
5.192 207.585 1112.683 21:00:58
5.228 150.390 789.756 21:00:59
5.220 152.976 798.537 21:01:00
5.220 164.683 860.000 21:01:01
5.224 149.976 798.537 21:01:02
5.216 164.293 1022.927 21:01:03
5.228 148.683 781.463 21:01:04
5.140 419.049 2156.098 21:01:05
5.224 161.488 843.902 21:01:06
5.228 148.488 777.073 21:01:07
5.224 161.780 844.878 21:01:08
5.228 149.390 780.976 21:01:09
5.220 164.683 856.585 21:01:10
5.228 150.878 790.244 21:01:11
5.224 165.878 864.878 21:01:12
5.224 150.976 789.756 21:01:13
5.228 150.780 787.805 21:01:14
5.220 165.488 855.122 21:01:15
5.224 151.098 788.780 21:01:16
5.224 161.780 845.366 21:01:17
5.228 148.293 776.098 21:01:18
5.148 329.366 1827.805 21:01:19
5.228 198.488 859.024 21:01:20
5.204 243.976 1329.756 21:01:21
5.224 149.390 777.073 21:01:22
5.228 148.293 777.073 21:01:23
5.208 189.683 940.488 21:01:24
5.228 148.488 776.098 21:01:25
5.224 161.293 843.902 21:01:26
5.228 148.098 776.098 21:01:27
5.140 463.854 2422.439 21:01:28
5.224 148.683 774.634 21:01:29
5.228 148.390 777.073 21:01:30
5.224 161.585 847.805 21:01:31
5.224 147.878 777.073 21:01:32
5.220 161.488 847.805 21:01:33
5.224 148.098 776.098 21:01:34
5.216 161.976 855.122 21:01:35
5.224 150.195 783.415 21:01:36
5.224 148.488 795.122 21:01:37
5.216 182.780 988.780 21:01:38
5.228 148.488 776.098 21:01:39
5.224 162.390 848.780 21:01:40
5.228 150.098 775.122 21:01:41
5.220 164.195 967.805 21:01:42
5.228 148.878 775.122 21:01:43
5.176 417.561 2137.073 21:01:44
5.224 148.585 772.683 21:01:45
5.228 148.878 777.561 21:01:46
5.220 162.195 843.902 21:01:47
5.224 148.390 777.561 21:01:48
5.208 196.390 1022.927 21:01:49
5.228 148.585 772.683 21:01:50
5.196 334.171 1736.585 21:01:51
5.212 155.488 812.195 21:01:53
5.224 148.098 773.659 21:01:54
5.228 148.780 792.683 21:01:55
5.228 148.390 769.756 21:01:56
5.224 161.195 847.317 21:01:57
5.224 148.488 776.098 21:01:58
5.224 169.488 844.878 21:01:59
5.228 149.488 777.073 21:02:00
5.228 152.390 863.902 21:02:01
5.228 148.683 789.756 21:02:02
5.228 149.195 777.561 21:02:03
5.220 161.488 842.439 21:02:04
5.224 147.780 777.561 21:02:05
5.220 164.390 853.659 21:02:06
5.228 147.683 776.098 21:02:07
5.160 356.463 1846.341 21:02:08
5.224 149.098 777.073 21:02:09
5.228 149.098 776.098 21:02:10
5.224 162.293 843.415 21:02:11
5.224 148.683 779.024 21:02:12
5.224 161.488 847.805 21:02:13
5.228 147.878 779.024 21:02:14
5.220 161.976 845.366 21:02:15
5.228 148.780 776.098 21:02:16
5.228 152.195 777.073 21:02:17
5.224 155.976 777.561 21:02:18
5.228 148.780 777.073 21:02:19
5.208 187.683 943.902 21:02:20
5.224 148.585 776.098 21:02:21
5.168 251.171 1404.390 21:02:22
5.228 148.878 777.561 21:02:23
5.212 234.366 1042.927 21:02:24
5.224 147.780 777.073 21:02:25
5.228 147.780 776.098 21:02:26
5.216 162.878 844.878 21:02:27
5.228 148.293 777.073 21:02:28
5.224 162.488 843.415 21:02:29
5.224 148.585 777.561 21:02:30
5.140 464.366 2100.488 21:02:31
5.228 149.878 777.073 21:02:32
5.228 148.878 776.098 21:02:33
5.220 161.390 843.415 21:02:34
5.228 148.488 777.073 21:02:35
5.224 161.390 847.805 21:02:36
5.228 148.585 777.561 21:02:37
5.224 161.878 847.317 21:02:38
5.228 148.780 776.098 21:02:39
5.228 147.780 776.098 21:02:40
5.228 149.195 779.024 21:02:41
5.228 148.488 777.561 21:02:42
5.220 162.488 847.317 21:02:43
5.224 148.585 776.098 21:02:44
5.220 161.073 845.366 21:02:45
5.228 148.585 777.073 21:02:46
5.160 340.171 1694.146 21:02:47
5.228 150.976 789.756 21:02:48
5.228 150.780 787.805 21:02:49
5.220 164.195 860.976 21:02:50
5.224 148.098 779.024 21:02:51
5.220 162.073 845.366 21:02:52
5.228 149.098 776.098 21:02:53
5.220 162.780 852.683 21:02:54
5.224 148.683 777.073 21:02:55
5.224 148.390 776.098 21:02:56
5.228 148.098 777.073 21:02:57
5.228 147.878 775.122 21:02:58
5.220 161.683 849.756 21:02:59
5.228 148.780 777.561 21:03:00
5.220 163.585 846.341 21:03:01
5.224 154.585 775.122 21:03:02
5.224 148.683 828.780 21:03:03
5.220 162.878 922.927 21:03:04
5.228 148.878 787.317 21:03:05
5.224 161.976 843.415 21:03:06
5.228 150.878 787.805 21:03:07
5.220 164.585 858.537 21:03:08
5.224 150.878 788.780 21:03:09
5.180 315.659 2102.927 21:03:10
5.224 152.195 795.122 21:03:11
5.220 151.098 790.244 21:03:12
5.224 161.780 844.878 21:03:13
5.224 148.195 777.073 21:03:14
5.220 162.390 851.220 21:03:15
5.224 148.683 777.561 21:03:16
5.220 161.976 859.024 21:03:17
5.224 161.073 777.561 21:03:18
5.228 147.976 776.098 21:03:19
5.224 147.976 777.561 21:03:20
5.228 148.488 774.634 21:03:21
5.220 161.780 847.805 21:03:22
5.228 148.293 775.122 21:03:23
5.220 164.195 855.122 21:03:24
5.228 148.293 777.073 21:03:25
5.176 300.976 1586.341 21:03:26
5.224 148.098 777.561 21:03:27
5.228 148.293 777.073 21:03:28
5.220 162.488 843.415 21:03:29
5.228 147.585 777.073 21:03:30
5.224 162.488 840.000 21:03:31
5.224 147.976 776.098 21:03:32
5.224 161.976 988.780 21:03:33
5.228 148.585 772.683 21:03:34
5.228 148.390 778.537 21:03:35
5.228 148.780 772.683 21:03:36
5.228 148.390 772.683 21:03:37
5.220 164.683 843.902 21:03:38
5.228 148.293 776.098 21:03:39
5.204 163.780 854.146 21:03:40
5.228 148.390 776.098 21:03:41
5.208 239.976 1259.512 21:03:42
5.220 163.976 860.000 21:03:43
5.228 150.878 787.805 21:03:44
5.224 164.488 856.585 21:03:45
5.228 153.195 789.756 21:03:46
5.220 164.390 856.585 21:03:47
5.228 150.878 788.780 21:03:48
5.144 413.171 2123.415 21:03:49
5.224 148.683 777.561 21:03:50
5.228 148.390 776.098 21:03:51
5.224 162.488 847.805 21:03:52
5.228 148.390 772.683 21:03:53
5.224 161.878 843.415 21:03:55
5.228 148.488 777.073 21:03:56
5.224 162.195 847.805 21:03:57
5.224 150.976 791.220 21:03:58
5.224 151.488 791.220 21:03:59
5.228 150.976 787.805 21:04:00
5.224 156.780 820.000 21:04:01
5.220 164.293 857.561 21:04:02
5.224 151.390 788.780 21:04:03
5.220 164.293 860.000 21:04:04
5.228 149.585 781.463 21:04:05
5.188 278.878 1375.610 21:04:06
5.228 148.098 776.098 21:04:07
5.228 148.390 772.683 21:04:08
5.224 162.195 844.878 21:04:09
5.228 148.098 776.098 21:04:10
5.220 162.683 843.902 21:04:11
5.228 149.195 777.073 21:04:12
5.220 162.390 1005.366 21:04:13
5.224 147.780 777.561 21:04:14
5.224 148.878 776.098 21:04:15
5.228 148.098 777.561 21:04:16
5.228 148.488 776.098 21:04:17
5.220 161.780 845.366 21:04:18
5.224 148.488 780.976 21:04:19
5.180 248.488 1757.561 21:04:20
5.228 148.488 777.073 21:04:21
5.228 178.780 1112.683 21:04:22
5.228 148.683 777.561 21:04:23
5.224 150.780 787.317 21:04:24
5.220 164.195 855.122 21:04:25
5.224 150.878 786.341 21:04:26
5.212 196.780 1066.829 21:04:27
5.224 147.976 776.098 21:04:28
5.144 424.463 2157.073 21:04:29
5.228 148.195 777.561 21:04:30
5.224 148.683 776.098 21:04:31
5.224 162.390 1096.585 21:04:32
5.224 148.488 776.098 21:04:33
5.224 161.683 849.756 21:04:34
5.228 147.878 777.073 21:04:35
5.224 162.293 847.805 21:04:36
5.228 148.780 772.683 21:04:37
5.228 147.780 777.561 21:04:38
5.224 148.683 778.537 21:04:39
5.228 148.585 776.098 21:04:40
5.224 161.488 847.317 21:04:41
5.224 148.683 778.537 21:04:42
5.216 161.683 967.805 21:04:43
5.220 148.585 777.073 21:04:44
5.172 306.463 1580.976 21:04:45
5.228 148.780 797.073 21:04:46
5.228 148.878 780.976 21:04:47
5.220 161.390 845.366 21:04:48
5.212 148.488 776.098 21:04:49
5.224 162.878 851.220 21:04:50
5.224 155.878 815.122 21:04:51
5.220 162.390 847.805 21:04:52
5.224 148.585 777.073 21:04:53
5.228 148.488 776.098 21:04:54
5.224 148.878 777.561 21:04:55
5.228 148.488 776.098 21:04:56
5.220 161.683 844.878 21:04:57
5.228 148.488 772.683 21:04:58
5.196 252.171 1665.366 21:04:59
5.228 204.976 775.122 21:05:00
5.180 273.683 1603.415 21:05:01
5.224 148.780 777.073 21:05:02
5.228 148.195 776.098 21:05:03
5.224 162.488 851.220 21:05:04
5.224 148.293 776.098 21:05:05
5.220 162.488 846.341 21:05:06
5.228 148.488 774.634 21:05:07
5.224 162.878 849.756 21:05:08
5.228 148.976 772.683 21:05:09
5.228 148.780 776.098 21:05:10
5.196 197.293 789.756 21:05:11
5.228 148.585 776.098 21:05:12
5.220 161.488 844.878 21:05:13
5.228 148.585 776.098 21:05:14
5.220 162.073 849.756 21:05:15
5.228 149.098 777.561 21:05:16
5.224 148.683 775.122 21:05:17
5.228 148.683 774.634 21:05:18
5.228 148.488 776.098 21:05:19
5.224 161.488 847.317 21:05:20
5.224 148.488 776.098 21:05:21
5.164 327.268 1751.707 21:05:22
5.228 157.585 773.659 21:05:23
5.196 215.878 1226.829 21:05:24
5.228 148.488 807.317 21:05:25
5.224 148.585 774.634 21:05:26
5.220 161.780 844.878 21:05:27
5.224 149.293 779.024 21:05:28
5.220 163.293 849.756 21:05:29
5.228 148.488 773.659 21:05:30
5.160 491.659 1727.317 21:05:31
5.224 150.976 787.805 21:05:32
5.224 148.780 777.073 21:05:33
5.228 149.390 779.024 21:05:34
5.224 148.683 774.634 21:05:35
5.220 161.780 846.341 21:05:36
5.228 149.488 780.000 21:05:37
5.220 365.854 1318.049 21:05:38
5.224 150.976 787.805 21:05:39
5.200 254.171 1384.878 21:05:40
5.228 150.780 789.756 21:05:41
5.228 150.780 788.780 21:05:42
5.224 163.488 847.805 21:05:43
5.224 148.488 777.561 21:05:44
5.224 161.976 845.366 21:05:45
5.228 148.488 777.073 21:05:46
5.152 345.756 1696.098 21:05:47
5.220 161.976 843.902 21:05:48
5.228 148.585 777.073 21:05:49
5.224 160.780 841.463 21:05:50
5.228 148.585 772.683 21:05:51
5.220 162.585 844.878 21:05:52
5.228 148.488 776.098 21:05:53
5.220 165.976 860.000 21:05:54
5.228 150.780 791.220 21:05:55
5.224 150.780 789.756 21:05:56
5.224 164.780 858.537 21:05:58
5.224 160.976 788.780 21:05:59
5.220 169.683 849.756 21:06:00
5.228 150.195 817.561 21:06:01
5.172 316.976 1645.854 21:06:02
5.228 148.585 779.024 21:06:03
5.224 236.171 1178.049 21:06:04
5.224 161.195 844.878 21:06:05
5.224 148.488 771.220 21:06:06
5.220 161.878 843.415 21:06:07
5.228 148.488 777.561 21:06:08
5.224 161.976 848.780 21:06:09
5.228 148.585 777.561 21:06:10
5.164 478.659 2552.683 21:06:11
5.228 148.780 776.098 21:06:12
5.228 148.683 777.561 21:06:13
5.224 162.293 844.878 21:06:14
5.228 148.293 776.098 21:06:15
5.224 161.683 843.415 21:06:16
5.228 148.683 773.659 21:06:17
5.220 162.488 846.341 21:06:18
5.228 147.878 777.561 21:06:19
5.228 147.780 776.098 21:06:20
5.224 148.683 772.683 21:06:21
5.228 148.390 776.098 21:06:22
5.220 162.488 847.317 21:06:23
5.228 148.878 777.561 21:06:24
5.220 161.585 846.341 21:06:25
5.228 148.585 820.000 21:06:26
5.132 414.366 2356.098 21:06:27
5.228 147.976 779.024 21:06:28
5.228 148.390 777.561 21:06:29
5.224 162.585 844.878 21:06:30
5.224 148.683 777.073 21:06:31
5.224 161.976 844.878 21:06:32
5.228 148.878 776.098 21:06:33
5.220 161.976 850.244 21:06:34
5.228 148.390 778.537 21:06:35
5.228 148.293 776.098 21:06:36
5.224 148.780 779.024 21:06:37
5.228 148.488 775.122 21:06:38
5.220 162.488 844.878 21:06:39
5.228 224.073 953.659 21:06:40
5.224 167.293 868.780 21:06:41
5.228 150.878 787.805 21:06:42
5.164 338.171 1989.268 21:06:43
5.224 150.878 788.780 21:06:44
5.228 150.878 787.805 21:06:45
5.224 163.878 860.000 21:06:46
5.228 148.488 775.122 21:06:47
5.220 163.878 855.122 21:06:48
5.224 148.390 776.098 21:06:49
5.116 490.146 2507.805 21:06:50
5.224 148.488 776.098 21:06:51
5.228 148.390 777.073 21:06:52
5.224 161.488 900.000 21:06:53
5.224 150.098 786.341 21:06:54
5.220 277.976 853.659 21:06:55
5.228 148.976 771.220 21:06:56
5.220 162.293 847.317 21:06:57
5.224 150.585 784.878 21:06:58
5.228 148.488 772.195 21:06:59
5.220 161.488 843.902 21:07:00
5.228 149.878 783.415 21:07:01
5.220 161.683 844.878 21:07:02
5.228 149.098 776.098 21:07:03
5.212 190.171 1020.000 21:07:04
5.228 151.098 789.756 21:07:05
5.192 259.976 1572.683 21:07:06
5.224 151.098 788.780 21:07:07
5.224 150.878 788.780 21:07:08
5.224 186.390 846.341 21:07:09
5.228 148.683 772.683 21:07:10
5.224 162.488 841.463 21:07:11
5.228 147.976 777.073 21:07:12
5.220 162.780 851.220 21:07:13
5.228 148.488 777.073 21:07:14
5.224 148.585 776.098 21:07:15
5.220 161.683 846.341 21:07:16
5.224 148.585 772.195 21:07:17
5.220 164.293 860.000 21:07:18
5.228 150.878 789.756 21:07:19
5.164 253.268 1380.976 21:07:20
5.228 150.976 788.780 21:07:21
5.176 268.463 1333.171 21:07:22
5.228 150.976 790.244 21:07:23
5.228 150.878 787.805 21:07:24
5.224 163.976 861.463 21:07:25
5.228 148.390 777.561 21:07:26
5.224 162.195 843.902 21:07:27
5.224 148.878 777.561 21:07:28
5.220 165.195 858.537 21:07:29
5.228 148.585 771.220 21:07:30
5.228 148.488 852.683 21:07:31
5.220 161.780 843.902 21:07:32
5.224 148.878 776.098 21:07:33
5.212 196.780 1036.585 21:07:34
5.224 148.683 778.537 21:07:35
5.220 162.488 852.195 21:07:36
5.224 148.683 777.073 21:07:37
5.224 148.488 777.073 21:07:38
5.228 148.780 773.659 21:07:39
5.228 148.488 776.098 21:07:40
5.224 161.683 847.317 21:07:41
5.224 147.976 776.098 21:07:42
5.224 162.585 843.902 21:07:43
5.224 148.195 777.073 21:07:44
5.176 302.268 1553.659 21:07:45
5.228 147.780 776.098 21:07:46
5.228 156.488 777.073 21:07:47
5.220 244.268 856.585 21:07:48
5.228 149.195 780.000 21:07:49
5.224 161.976 849.756 21:07:50
5.228 148.585 776.098 21:07:51
5.220 163.390 852.683 21:07:52
5.228 148.780 777.561 21:07:53
5.224 148.585 777.561 21:07:54
5.228 148.683 779.024 21:07:55
5.224 148.488 777.561 21:07:56
5.224 161.585 844.878 21:07:58
5.228 150.878 786.341 21:07:59
5.168 337.073 1577.561 21:08:00
5.224 212.268 800.000 21:08:01
5.192 223.976 1369.756 21:08:02
5.224 150.976 787.805 21:08:03
5.228 150.878 787.805 21:08:04
5.212 200.073 1014.146 21:08:05
5.224 149.293 779.024 21:08:06
5.224 162.683 849.756 21:08:07
5.228 148.585 779.024 21:08:08
5.196 247.976 1314.634 21:08:09
5.228 148.683 777.073 21:08:10
5.228 151.195 789.756 21:08:11
5.224 163.780 858.537 21:08:12
5.224 150.780 787.805 21:08:13
5.220 164.195 856.585 21:08:14
5.228 150.780 784.878 21:08:15
5.224 161.878 854.146 21:08:16
5.228 148.293 777.561 21:08:17
5.224 148.976 775.122 21:08:18
5.228 149.098 777.073 21:08:19
5.228 148.585 777.073 21:08:20
5.224 162.488 844.878 21:08:21
5.228 148.390 777.561 21:08:22
5.220 164.073 844.878 21:08:23
5.228 147.780 777.561 21:08:24
5.172 469.366 2422.439 21:08:25
5.228 148.585 776.098 21:08:26
5.224 148.780 772.195 21:08:27
5.224 161.683 847.805 21:08:28
5.224 148.585 777.561 21:08:29
5.220 162.073 847.805 21:08:30
5.224 148.780 776.098 21:08:31
5.224 161.488 846.341 21:08:32
5.228 148.683 774.634 21:08:33
5.228 156.195 776.098 21:08:34
5.216 157.976 780.976 21:08:35
5.224 148.585 779.024 21:08:36
5.220 162.195 845.366 21:08:37
5.228 148.585 776.098 21:08:38
5.224 163.780 845.366 21:08:39
5.228 148.585 777.073 21:08:40
5.168 305.171 1520.000 21:08:41
5.228 148.585 774.634 21:08:42
5.228 148.195 777.073 21:08:43
5.220 161.683 843.902 21:08:44
5.228 148.878 775.122 21:08:45
5.224 162.488 845.366 21:08:46
5.228 148.488 774.634 21:08:47
5.176 339.073 1800.488 21:08:48
5.228 149.195 777.561 21:08:49
5.228 147.878 772.683 21:08:50
5.220 162.390 847.805 21:08:51
5.228 147.878 772.683 21:08:52
5.224 162.390 847.805 21:08:53
5.228 148.683 777.073 21:08:54
5.224 162.195 846.341 21:08:55
5.228 147.976 777.073 21:08:56
5.228 148.488 775.122 21:08:57
5.224 148.585 777.561 21:08:58
5.224 148.878 774.634 21:08:59
5.220 164.390 854.146 21:09:00
5.228 147.976 780.976 21:09:01
5.220 177.976 853.659 21:09:02
5.228 152.683 788.780 21:09:03
5.176 307.463 1684.878 21:09:04
5.228 150.878 790.244 21:09:05
5.228 148.585 776.098 21:09:06
5.224 161.780 843.902 21:09:07
5.228 147.780 777.073 21:09:08
5.224 162.195 844.878 21:09:09
5.228 148.683 777.073 21:09:10
5.220 162.683 860.000 21:09:11
5.228 149.195 813.659 21:09:12
5.228 148.585 774.634 21:09:13
5.224 161.488 976.098 21:09:14
5.228 148.878 777.073 21:09:15
5.212 191.976 903.902 21:09:16
5.228 150.780 789.756 21:09:17
5.220 165.195 878.537 21:09:18
5.224 151.293 790.244 21:09:19
5.228 150.878 787.805 21:09:20
5.224 148.585 777.073 21:09:21
5.224 148.488 777.073 21:09:22
5.228 162.488 845.366 21:09:23
5.224 148.585 775.122 21:09:24
5.220 163.195 847.805 21:09:25
5.228 148.488 777.561 21:09:26
5.136 405.951 2130.732 21:09:27
5.224 148.488 823.902 21:09:28
5.228 148.488 777.561 21:09:29
5.228 164.585 840.976 21:09:30
5.228 148.780 780.000 21:09:31
5.220 162.585 844.878 21:09:32
5.228 148.585 777.561 21:09:33
5.220 161.976 846.341 21:09:34
5.228 148.878 777.561 21:09:35
5.228 147.878 777.561 21:09:36
5.224 148.878 777.073 21:09:37
5.224 148.488 771.220 21:09:38
5.224 162.488 849.756 21:09:39
5.224 148.488 777.561 21:09:40
5.224 163.780 854.146 21:09:41
5.228 147.780 776.098 21:09:42
5.172 332.268 1711.220 21:09:43
5.228 148.683 775.122 21:09:44
5.228 148.878 776.098 21:09:45
5.224 161.780 845.366 21:09:46
5.228 148.488 772.195 21:09:47
5.220 163.195 986.829 21:09:48
5.228 148.780 776.098 21:09:49
5.168 387.756 2028.293 21:09:50
5.228 157.073 777.073 21:09:51
5.228 148.390 821.463 21:09:52
5.220 162.195 844.878 21:09:53
5.228 148.293 771.220 21:09:54
5.220 162.780 847.317 21:09:55
5.224 148.293 777.073 21:09:56
5.224 162.073 849.756 21:09:57
5.228 148.585 776.098 21:09:58
5.228 148.390 773.659 21:10:00
5.208 202.976 1055.610 21:10:01
5.228 148.780 773.659 21:10:02
5.224 162.488 846.341 21:10:03
5.228 147.878 776.098 21:10:04
5.224 163.390 854.146 21:10:05
5.228 148.585 777.561 21:10:06
5.176 307.561 1565.854 21:10:07
5.212 184.488 951.220 21:10:08
5.224 147.976 779.024 21:10:09
5.224 162.073 844.878 21:10:10
5.228 148.683 772.683 21:10:11
5.220 162.195 844.878 21:10:12
5.228 148.293 776.098 21:10:13
5.224 162.195 844.878 21:10:14
5.228 147.976 777.073 21:10:15
5.228 148.098 776.098 21:10:16
5.228 147.976 777.561 21:10:17
5.228 148.780 776.098 21:10:18
5.220 161.780 845.366 21:10:19
5.224 149.195 783.415 21:10:20
5.220 163.976 855.122 21:10:21
5.228 147.683 776.098 21:10:22
5.164 298.268 1575.122 21:10:23
5.228 148.585 776.098 21:10:24
5.228 148.098 777.073 21:10:25
5.224 161.488 844.878 21:10:26
5.228 150.976 789.756 21:10:27
5.220 170.683 856.585 21:10:28
5.228 148.585 777.561 21:10:29
5.224 162.585 851.220 21:10:30
5.224 148.780 776.098 21:10:31
5.224 148.683 777.073 21:10:32
5.228 147.878 774.634 21:10:33
5.224 148.488 774.634 21:10:34
5.208 194.976 985.366 21:10:35
5.228 148.585 772.683 21:10:36
5.168 341.878 1746.341 21:10:37
5.228 148.683 776.098 21:10:38
5.220 171.390 1237.073 21:10:39
5.228 151.390 785.854 21:10:40
5.224 150.780 788.780 21:10:41
5.220 172.976 843.902 21:10:42
5.228 148.390 777.073 21:10:43
5.224 162.073 852.195 21:10:44
5.228 148.585 773.659 21:10:45
5.120 485.756 2075.610 21:10:46
5.228 148.585 772.683 21:10:47
5.228 147.780 776.098 21:10:48
5.216 162.390 843.902 21:10:49
5.228 149.390 780.976 21:10:50
5.224 162.585 846.341 21:10:51
5.224 148.390 776.098 21:10:52
5.116 472.049 2418.537 21:10:53
5.224 148.780 777.561 21:10:54
5.228 148.585 776.098 21:10:55
5.228 148.878 773.659 21:10:56
5.224 148.878 776.098 21:10:57
5.220 161.780 844.878 21:10:58
5.228 148.293 780.000 21:10:59
5.220 162.683 847.317 21:11:00
5.224 148.585 781.463 21:11:01
5.224 147.976 778.537 21:11:02
5.228 147.976 780.976 21:11:03
5.224 148.488 776.098 21:11:04
5.220 162.390 846.341 21:11:05
5.224 148.585 772.195 21:11:06
5.224 162.488 905.366 21:11:07
5.228 148.488 777.561 21:11:08
5.168 321.366 1696.098 21:11:09
5.228 148.683 777.073 21:11:10
5.228 147.293 777.073 21:11:11
5.224 161.780 842.439 21:11:12
5.228 148.488 777.073 21:11:13
5.212 192.683 1051.707 21:11:14
5.228 148.780 774.634 21:11:15
5.224 162.195 846.341 21:11:16
5.228 148.488 772.683 21:11:17
5.228 147.683 776.098 21:11:18
5.224 149.195 774.634 21:11:19
5.228 148.683 777.073 21:11:20
5.208 194.488 1028.780 21:11:21
5.228 147.976 777.073 21:11:22
5.220 163.780 962.927 21:11:23
5.228 148.585 773.659 21:11:24
5.188 266.976 1335.610 21:11:25
5.208 175.073 911.707 21:11:26
5.228 148.488 777.073 21:11:27
5.224 161.878 843.902 21:11:28
5.228 148.585 777.073 21:11:29
5.220 161.780 843.415 21:11:30
5.228 148.585 776.098 21:11:31
5.220 162.488 849.756 21:11:32
5.228 148.390 777.561 21:11:33
5.224 147.683 776.098 21:11:34
5.224 158.878 784.878 21:11:35
5.228 149.195 807.317 21:11:36
5.220 166.878 865.366 21:11:37
5.224 150.683 788.780 21:11:38
5.192 266.683 2434.634 21:11:39
5.212 150.976 788.780 21:11:40
5.200 150.488 784.878 21:11:41
5.220 161.488 844.878 21:11:42
5.228 148.488 776.098 21:11:43
5.220 161.390 847.317 21:11:44
5.228 148.488 776.098 21:11:45
5.220 161.683 845.366 21:11:46
5.228 148.878 774.634 21:11:47
5.204 155.976 813.659 21:11:48
5.228 148.098 775.122 21:11:49
5.224 149.780 783.415 21:11:50
5.220 161.390 846.341 21:11:51
5.228 148.683 775.122 21:11:52
5.224 161.976 843.415 21:11:53
5.228 148.585 776.098 21:11:54
5.192 246.073 1667.805 21:11:55
5.224 148.585 772.683 21:11:56
5.200 150.098 783.415 21:11:57
5.228 148.098 776.098 21:11:58
5.224 149.293 780.976 21:11:59
5.224 178.878 859.024 21:12:00
5.228 148.585 782.439 21:12:02
5.196 238.585 856.098 21:12:03
5.224 148.585 776.098 21:12:04
5.208 203.073 1497.073 21:12:05
5.224 148.488 773.659 21:12:06
5.228 148.488 775.122 21:12:07
5.220 161.780 847.805 21:12:08
5.224 148.293 777.073 21:12:09
5.220 161.878 843.902 21:12:10
5.228 149.390 777.073 21:12:11
5.140 419.049 2150.732 21:12:12
5.228 148.683 777.561 21:12:13
5.228 149.195 773.659 21:12:14
5.220 162.293 869.756 21:12:15
5.228 148.683 777.073 21:12:16
5.224 161.683 847.805 21:12:17
5.228 148.488 784.878 21:12:18
5.220 162.585 851.220 21:12:19
5.228 148.683 773.659 21:12:20
5.228 148.390 775.122 21:12:21
5.228 150.878 792.683 21:12:22
5.228 150.585 787.317 21:12:23
5.224 164.780 856.585 21:12:24
5.224 150.683 788.780 21:12:25
5.220 166.780 873.659 21:12:26
5.228 151.098 781.463 21:12:27
5.176 306.171 1574.634 21:12:28
5.228 179.976 784.878 21:12:29
5.224 148.488 776.098 21:12:30
5.224 161.585 844.878 21:12:31
5.228 148.585 776.098 21:12:32
5.220 161.780 1250.244 21:12:33
5.228 148.585 777.073 21:12:34
5.228 162.976 847.805 21:12:35
5.228 148.683 776.098 21:12:36
5.224 147.780 776.098 21:12:37
5.224 147.878 772.683 21:12:38
5.228 148.585 777.561 21:12:39
5.224 161.878 848.780 21:12:40
5.224 150.780 784.878 21:12:41
5.220 166.878 870.244 21:12:42
5.228 148.585 776.098 21:12:43
5.200 260.073 1070.732 21:12:44
5.228 149.585 786.341 21:12:45
5.228 147.683 774.634 21:12:46
5.220 162.073 844.878 21:12:47
5.228 148.585 776.098 21:12:48
5.224 162.488 848.780 21:12:49
5.224 148.585 777.073 21:12:50
5.124 465.756 2068.293 21:12:51
5.220 161.293 841.463 21:12:52
5.228 148.390 775.122 21:12:53
5.224 162.390 847.805 21:12:54
5.228 147.683 776.098 21:12:55
5.220 161.878 843.415 21:12:56
5.228 149.195 780.000 21:12:57
5.220 163.073 843.902 21:12:58
5.224 147.976 813.659 21:12:59
5.224 156.878 786.341 21:13:00
5.224 163.390 855.122 21:13:01
5.228 150.683 786.341 21:13:02
5.220 164.878 860.976 21:13:03
5.224 150.780 796.098 21:13:04
5.192 245.488 902.927 21:13:05
5.228 150.976 784.878 21:13:06
5.228 153.195 798.537 21:13:07
5.228 148.780 777.073 21:13:08
5.228 147.976 772.683 21:13:09
5.224 162.585 844.878 21:13:10
5.228 148.585 777.073 21:13:11
5.220 161.780 844.878 21:13:12
5.228 150.683 787.805 21:13:13
5.144 407.951 2170.732 21:13:14
5.224 150.293 787.805 21:13:15
5.228 150.780 787.805 21:13:16
5.220 164.488 862.439 21:13:17
5.224 148.488 775.122 21:13:18
5.224 161.488 845.366 21:13:19
5.224 147.976 777.073 21:13:20
5.192 286.683 853.659 21:13:21
5.228 148.098 776.098 21:13:22
5.228 150.098 784.878 21:13:23
5.224 150.293 787.805 21:13:24
5.224 150.878 787.805 21:13:25
5.220 164.585 856.098 21:13:26
5.228 150.878 789.756 21:13:27
5.224 167.293 1029.268 21:13:28
5.228 148.488 777.073 21:13:29
5.136 493.049 2486.341 21:13:30
5.228 148.683 777.561 21:13:31
5.228 148.780 779.024 21:13:32
5.228 176.585 778.537 21:13:33
5.224 148.878 777.561 21:13:34
5.224 161.683 870.244 21:13:35
5.228 148.585 776.098 21:13:36
5.220 161.780 844.878 21:13:37
5.224 148.585 777.073 21:13:38
5.228 147.780 777.561 21:13:39
5.228 147.976 777.073 21:13:40
5.228 148.585 777.561 21:13:41
5.220 162.488 845.366 21:13:42
5.228 148.780 774.634 21:13:43
5.224 161.976 843.902 21:13:44
5.224 150.976 790.244 21:13:45
5.224 150.878 787.805 21:13:46
5.228 150.976 788.780 21:13:47
5.228 148.878 776.098 21:13:48
5.224 171.878 847.805 21:13:49
5.228 154.585 778.537 21:13:50
5.220 162.195 923.902 21:13:51
5.224 147.878 825.366 21:13:52
5.224 148.585 772.683 21:13:53
5.228 148.098 777.073 21:13:54
5.228 149.098 776.098 21:13:55
5.220 161.780 844.878 21:13:56
5.224 148.683 780.000 21:13:57
5.220 164.073 853.659 21:13:58
5.228 148.683 773.659 21:14:00
5.180 317.780 2895.610 21:14:01
5.228 160.390 806.341 21:14:02
5.228 148.585 777.561 21:14:03
5.224 161.780 847.805 21:14:04
5.224 151.780 798.537 21:14:05
5.224 213.488 856.585 21:14:06
5.224 151.098 787.805 21:14:07
5.220 165.195 1034.146 21:14:08
5.228 150.878 788.780 21:14:09
5.224 150.195 787.317 21:14:10
5.224 152.683 784.878 21:14:11
5.228 150.976 783.415 21:14:12
5.220 162.293 847.317 21:14:13
5.228 148.780 777.073 21:14:14
5.168 328.976 1709.756 21:14:15
5.228 147.976 947.317 21:14:16
5.204 271.585 1105.366 21:14:17
5.228 148.585 781.463 21:14:18
5.224 148.683 775.122 21:14:19
5.224 161.878 848.780 21:14:20
5.228 148.488 775.122 21:14:21
5.224 161.585 853.659 21:14:22
5.228 148.488 774.634 21:14:23
5.160 367.073 1920.000 21:14:24
5.228 148.585 777.561 21:14:25
5.228 148.390 777.073 21:14:26
5.224 161.683 843.902 21:14:27
5.228 151.195 780.976 21:14:28
5.216 194.683 1128.293 21:14:29
5.228 148.780 781.463 21:14:30
5.220 164.390 852.195 21:14:31
5.224 150.780 788.780 21:14:32
5.228 150.878 787.317 21:14:33
5.228 151.195 792.195 21:14:34
5.228 148.390 776.098 21:14:35
5.220 161.195 844.878 21:14:36
5.228 147.976 775.122 21:14:37
5.212 161.878 843.902 21:14:38
5.228 148.488 776.098 21:14:39
5.176 304.683 1567.317 21:14:40
5.228 151.195 791.220 21:14:41
5.224 150.780 783.415 21:14:42
5.220 164.293 856.585 21:14:43
5.224 151.976 787.805 21:14:44
5.224 163.488 844.878 21:14:45
5.224 156.683 777.561 21:14:46
5.180 314.659 1696.098 21:14:47
5.228 148.585 777.073 21:14:48
5.228 147.585 776.098 21:14:49
5.224 148.195 778.537 21:14:50
5.228 148.585 776.098 21:14:51
5.228 161.683 847.317 21:14:52
5.228 149.195 772.683 21:14:53
5.220 217.976 856.585 21:14:54
5.228 148.683 776.098 21:14:55
5.208 204.293 1115.610 21:14:56
5.228 148.585 777.561 21:14:57
5.228 148.390 772.195 21:14:58
5.224 161.488 846.341 21:14:59
5.228 148.585 776.098 21:15:00
5.220 163.390 849.756 21:15:01
5.228 150.878 788.780 21:15:02
5.120 413.366 2380.976 21:15:03
5.228 151.488 793.659 21:15:04
5.216 179.073 933.659 21:15:05
5.220 161.585 849.756 21:15:06
5.228 148.390 776.098 21:15:07
5.220 161.585 843.415 21:15:08
5.228 148.585 780.000 21:15:09
5.220 161.878 845.366 21:15:10
5.224 148.585 772.683 21:15:11
5.224 147.976 776.098 21:15:12
5.224 164.195 856.585 21:15:13
5.224 151.195 788.780 21:15:14
5.224 148.488 772.683 21:15:15
5.224 148.585 772.683 21:15:16
5.224 149.976 900.000 21:15:17
5.208 227.073 1203.415 21:15:18
5.232 124.585 653.659 21:15:19
5.228 149.098 780.000 21:15:20
5.224 161.585 846.341 21:15:21
