5.224 161.890 845.122 16:42:39
5.196 246.988 1292.439 16:42:40
5.220 160.500 838.293 16:42:41
5.224 147.890 772.927 16:42:42
5.228 147.695 771.951 16:42:43
5.228 151.500 790.732 16:42:44
5.228 147.695 770.488 16:42:45
5.228 147.793 775.366 16:42:46
5.228 147.500 771.707 16:42:47
5.224 147.098 767.561 16:42:48
5.224 161.598 835.610 16:42:49
5.228 147.390 769.756 16:42:50
5.224 147.098 771.220 16:42:51
5.212 146.293 770.488 16:42:52
5.228 146.793 771.951 16:42:53
5.228 147.500 770.488 16:42:54
5.228 147.598 771.220 16:42:55
5.228 147.890 776.829 16:42:56
5.228 150.293 770.488 16:42:57
5.224 149.098 778.537 16:42:58
5.228 147.293 766.829 16:42:59
5.160 148.195 775.366 16:43:00
5.228 147.098 769.268 16:43:01
5.228 147.500 768.780 16:43:02
5.228 147.390 771.220 16:43:03
5.228 146.890 775.366 16:43:04
5.228 149.098 933.902 16:43:05
5.228 149.793 782.927 16:43:06
5.228 151.695 792.927 16:43:07
5.224 150.098 783.659 16:43:08
5.220 149.695 783.171 16:43:09
5.224 149.098 784.146 16:43:10
5.228 149.390 783.171 16:43:11
5.220 149.890 784.146 16:43:12
5.228 147.390 766.585 16:43:13
5.224 163.195 807.561 16:43:14
5.228 147.793 771.707 16:43:15
5.228 147.793 771.707 16:43:16
5.228 147.598 770.488 16:43:17
5.228 147.500 769.756 16:43:18
5.228 147.598 770.488 16:43:19
5.228 146.890 771.707 16:43:20
5.224 160.695 836.829 16:43:21
5.228 147.500 768.537 16:43:22
5.228 147.598 774.390 16:43:23
5.228 147.598 771.220 16:43:24
5.228 147.695 771.220 16:43:25
5.228 147.598 771.707 16:43:26
5.224 147.500 771.220 16:43:27
5.228 147.598 768.537 16:43:28
5.224 146.890 766.829 16:43:29
5.208 211.695 1193.171 16:43:30
5.228 147.598 771.220 16:43:31
5.228 147.500 771.220 16:43:32
5.228 147.598 768.780 16:43:33
5.228 147.890 771.707 16:43:34
5.228 147.500 771.707 16:43:35
5.228 147.000 766.585 16:43:36
5.224 154.793 857.561 16:43:37
5.228 147.195 769.756 16:43:38
5.228 147.695 771.707 16:43:39
5.228 157.098 768.049 16:43:40
5.228 147.793 911.220 16:43:41
5.228 147.500 769.756 16:43:42
5.228 147.695 770.488 16:43:43
5.224 153.890 802.439 16:43:44
5.228 147.695 771.951 16:43:45
5.228 147.500 770.000 16:43:46
5.228 147.500 771.707 16:43:47
5.228 146.500 772.927 16:43:48
5.228 147.793 771.707 16:43:49
5.228 147.598 771.707 16:43:50
5.212 216.988 1130.976 16:43:51
5.228 150.195 784.146 16:43:52
5.208 213.195 1226.829 16:43:53
5.224 150.000 780.000 16:43:54
5.228 149.793 783.659 16:43:55
5.224 146.793 768.049 16:43:56
5.228 147.098 771.220 16:43:57
5.228 149.293 780.732 16:43:58
5.228 146.890 856.341 16:43:59
5.228 333.988 779.756 16:44:00
5.224 147.695 772.927 16:44:01
5.228 149.500 784.878 16:44:02
5.228 148.098 772.439 16:44:03
5.228 147.793 771.707 16:44:04
5.228 147.890 771.951 16:44:05
5.228 149.890 782.439 16:44:06
5.200 300.585 1166.829 16:44:07
5.228 150.195 783.415 16:44:08
5.224 149.293 780.976 16:44:09
5.224 149.878 783.902 16:44:10
5.228 149.878 783.415 16:44:11
5.228 149.293 783.415 16:44:12
5.228 147.878 772.683 16:44:13
5.224 166.390 803.902 16:44:14
5.228 147.488 818.537 16:44:15
5.228 148.195 769.756 16:44:16
5.228 148.293 772.195 16:44:17
5.228 147.488 771.220 16:44:18
5.224 148.098 770.244 16:44:19
5.228 147.585 772.195 16:44:20
5.224 161.976 846.341 16:44:21
5.228 147.293 770.244 16:44:22
5.184 197.976 1040.000 16:44:23
5.228 146.585 768.780 16:44:24
5.228 147.488 769.756 16:44:25
5.224 147.488 771.220 16:44:26
5.228 147.390 768.293 16:44:27
5.228 147.488 768.780 16:44:28
5.228 147.585 767.317 16:44:29
5.224 151.390 795.122 16:44:31
5.228 146.976 769.756 16:44:32
5.228 147.488 769.756 16:44:33
5.228 147.390 767.317 16:44:34
5.224 147.488 767.317 16:44:35
5.220 160.488 836.585 16:44:36
5.228 147.878 770.244 16:44:37
5.228 210.171 1040.488 16:44:38
5.224 147.293 771.220 16:44:39
5.228 147.293 771.220 16:44:40
5.228 147.585 772.683 16:44:41
5.224 148.780 773.659 16:44:42
5.224 146.976 771.220 16:44:43
5.228 147.293 767.317 16:44:44
5.228 146.976 771.220 16:44:45
5.228 147.683 776.098 16:44:46
5.208 210.683 1150.244 16:44:47
5.228 147.976 770.244 16:44:48
5.228 147.585 770.244 16:44:49
5.228 147.390 770.244 16:44:50
5.228 147.488 770.244 16:44:51
5.224 151.195 770.244 16:44:52
5.228 147.683 772.683 16:44:53
5.228 151.488 792.195 16:44:54
5.228 147.585 771.220 16:44:55
5.228 146.780 772.195 16:44:56
5.228 147.488 767.317 16:44:57
5.228 147.488 771.220 16:44:58
5.228 149.976 783.415 16:44:59
5.160 150.098 783.415 16:45:00
5.228 180.976 820.976 16:45:01
5.224 149.390 784.878 16:45:02
5.208 204.073 1051.707 16:45:03
5.228 149.976 784.878 16:45:04
5.224 149.780 782.439 16:45:05
5.228 147.780 772.683 16:45:06
5.224 147.390 772.195 16:45:07
5.228 147.683 768.293 16:45:08
5.228 147.488 772.683 16:45:09
5.224 154.195 808.780 16:45:10
5.228 157.195 771.220 16:45:11
5.228 147.585 771.220 16:45:12
5.228 146.976 772.683 16:45:13
5.228 147.195 771.220 16:45:14
5.224 147.585 772.683 16:45:15
5.228 147.488 772.683 16:45:16
5.228 151.780 787.805 16:45:17
5.228 147.488 770.244 16:45:18
5.224 146.683 767.317 16:45:19
5.232 149.585 768.293 16:45:20
5.228 147.488 771.220 16:45:21
5.228 147.488 771.220 16:45:22
5.232 146.878 768.293 16:45:23
5.228 147.488 772.683 16:45:24
5.228 147.683 768.780 16:45:25
5.204 200.976 1059.024 16:45:26
5.224 147.293 769.756 16:45:27
5.228 150.878 769.756 16:45:28
5.228 146.683 798.537 16:45:29
5.228 147.390 770.244 16:45:30
5.224 146.878 776.098 16:45:31
5.228 149.585 782.439 16:45:32
5.224 156.073 819.024 16:45:33
5.228 149.683 785.854 16:45:34
5.228 149.683 782.439 16:45:35
5.224 149.683 783.415 16:45:36
5.228 149.780 778.537 16:45:37
5.220 163.195 853.659 16:45:38
5.228 147.293 765.854 16:45:39
5.204 213.073 1416.098 16:45:40
5.216 146.780 767.317 16:45:41
5.196 148.293 1073.171 16:45:42
5.208 146.878 771.220 16:45:43
5.228 147.488 771.220 16:45:44
5.224 147.488 767.317 16:45:45
5.228 147.585 771.220 16:45:46
5.228 149.293 779.024 16:45:47
5.224 147.390 769.756 16:45:48
5.212 197.683 1030.244 16:45:49
5.228 146.390 764.878 16:45:50
5.228 147.488 771.220 16:45:51
5.220 160.390 837.561 16:45:52
5.228 147.098 768.780 16:45:53
5.220 160.585 839.024 16:45:54
5.228 146.195 767.317 16:45:55
5.224 151.488 792.683 16:45:56
5.228 147.585 771.220 16:45:57
5.224 147.195 768.780 16:45:58
5.224 147.390 768.293 16:45:59
5.164 149.098 776.098 16:46:00
5.228 158.585 783.902 16:46:01
5.228 151.780 792.195 16:46:02
5.224 152.585 793.659 16:46:03
5.224 149.683 780.000 16:46:04
5.200 226.488 1274.146 16:46:05
5.228 149.878 783.415 16:46:06
5.224 146.878 772.195 16:46:07
5.228 147.390 771.220 16:46:08
5.224 147.585 770.244 16:46:09
5.224 147.488 767.317 16:46:10
5.228 147.293 775.122 16:46:11
5.220 160.585 839.024 16:46:12
5.228 148.293 774.634 16:46:13
5.228 147.488 764.878 16:46:14
5.228 147.098 768.293 16:46:15
5.228 147.390 767.317 16:46:16
5.228 147.585 770.244 16:46:17
5.228 146.683 768.293 16:46:18
5.228 149.195 776.098 16:46:19
5.228 147.683 772.195 16:46:20
5.228 148.585 779.024 16:46:21
5.228 147.098 768.293 16:46:22
5.228 147.780 772.683 16:46:23
5.228 146.878 768.780 16:46:24
5.228 147.488 769.756 16:46:25
5.228 147.683 768.293 16:46:26
5.228 149.780 778.537 16:46:27
5.224 171.585 814.634 16:46:29
5.228 149.683 781.463 16:46:30
5.228 150.098 784.878 16:46:31
5.224 146.683 769.756 16:46:32
5.224 146.683 772.195 16:46:33
5.224 160.683 837.561 16:46:34
5.228 147.488 768.293 16:46:35
5.224 151.976 1131.707 16:46:36
5.228 146.780 771.220 16:46:37
5.224 147.585 769.756 16:46:38
5.228 147.488 768.293 16:46:39
5.228 147.780 769.756 16:46:40
5.228 147.585 771.220 16:46:41
5.228 149.098 772.683 16:46:42
5.220 160.293 840.000 16:46:43
5.228 146.293 772.683 16:46:44
5.208 206.488 1102.927 16:46:45
5.228 149.293 770.244 16:46:46
5.228 147.390 771.220 16:46:47
5.224 160.293 837.561 16:46:48
5.228 147.780 769.756 16:46:49
5.220 182.073 970.244 16:46:50
5.228 147.780 771.220 16:46:51
5.224 151.780 792.195 16:46:52
5.228 147.098 768.780 16:46:53
5.228 147.195 769.756 16:46:54
5.228 147.098 770.244 16:46:55
5.228 147.390 767.317 16:46:56
5.224 161.293 839.024 16:46:57
5.228 147.585 770.244 16:46:58
5.224 151.780 792.683 16:46:59
5.228 146.780 768.293 16:47:00
5.228 147.098 771.220 16:47:01
5.224 146.780 771.220 16:47:02
5.228 147.390 772.195 16:47:03
5.228 147.488 768.293 16:47:04
5.228 147.293 771.220 16:47:05
5.208 251.585 1026.829 16:47:06
5.208 147.780 768.293 16:47:07
5.208 148.488 780.000 16:47:08
5.228 146.878 768.293 16:47:09
5.224 147.488 771.220 16:47:10
5.224 147.488 766.341 16:47:11
5.228 147.390 770.244 16:47:12
5.228 147.878 771.220 16:47:13
5.228 147.390 771.220 16:47:14
5.200 232.585 1147.805 16:47:15
5.228 146.780 823.415 16:47:16
5.228 147.293 772.195 16:47:17
5.224 160.195 838.537 16:47:18
5.228 146.683 771.220 16:47:19
5.228 146.488 768.780 16:47:20
5.228 147.488 769.756 16:47:21
5.224 154.073 868.780 16:47:22
5.228 146.976 771.220 16:47:23
5.228 147.683 770.244 16:47:24
5.220 160.390 838.537 16:47:25
5.228 147.390 770.244 16:47:26
5.228 147.488 768.293 16:47:27
5.228 147.293 771.220 16:47:28
5.228 149.098 775.122 16:47:29
5.228 147.780 769.756 16:47:30
5.208 197.073 1097.561 16:47:31
5.228 147.488 769.756 16:47:32
5.228 147.488 769.756 16:47:33
5.228 147.390 772.195 16:47:34
5.224 149.878 783.415 16:47:35
5.224 149.390 783.415 16:47:36
5.228 152.195 783.415 16:47:37
5.224 153.683 807.317 16:47:38
5.224 149.878 780.000 16:47:39
5.228 149.683 779.024 16:47:40
5.224 148.098 771.220 16:47:41
5.228 147.585 770.244 16:47:42
5.224 146.878 768.293 16:47:43
5.228 148.195 772.683 16:47:44
5.220 148.585 778.537 16:47:45
5.228 147.488 771.220 16:47:46
5.192 240.073 1112.683 16:47:47
5.228 147.585 769.756 16:47:48
5.228 146.780 768.293 16:47:49
5.228 147.488 772.195 16:47:50
5.228 147.585 771.220 16:47:51
5.228 147.390 777.073 16:47:52
5.228 147.293 768.293 16:47:53
5.220 153.780 807.317 16:47:54
5.228 149.585 769.756 16:47:55
5.228 147.488 779.024 16:47:56
5.224 147.585 772.195 16:47:57
5.228 147.195 766.341 16:47:58
5.228 146.780 772.195 16:47:59
5.228 146.878 772.195 16:48:00
5.228 147.585 772.195 16:48:01
5.228 147.390 768.780 16:48:02
5.204 252.976 1159.512 16:48:03
5.224 147.878 769.756 16:48:04
5.228 147.585 766.341 16:48:05
5.220 163.390 851.220 16:48:06
5.228 149.585 783.902 16:48:07
5.220 163.390 849.756 16:48:08
5.224 149.780 782.439 16:48:09
5.224 156.488 822.439 16:48:10
5.224 149.780 780.976 16:48:11
5.228 150.585 783.415 16:48:12
5.224 150.390 781.463 16:48:13
5.228 147.683 770.244 16:48:14
5.228 147.488 768.293 16:48:15
5.228 147.585 770.244 16:48:16
5.212 251.683 1044.390 16:48:17
5.216 147.195 772.683 16:48:18
5.208 148.878 779.024 16:48:19
5.228 147.683 767.317 16:48:20
5.228 147.195 768.780 16:48:21
5.228 146.683 772.195 16:48:22
5.228 147.098 768.293 16:48:23
5.228 149.390 772.683 16:48:25
5.228 146.878 805.854 16:48:26
5.180 415.756 1588.293 16:48:27
5.228 146.976 769.756 16:48:28
5.224 147.293 771.220 16:48:29
5.224 160.488 837.561 16:48:30
5.228 147.195 769.756 16:48:31
5.228 146.683 771.220 16:48:32
5.228 147.293 769.756 16:48:33
5.208 255.585 1068.780 16:48:34
5.220 149.195 783.415 16:48:35
5.200 151.976 840.000 16:48:36
5.228 147.488 1039.024 16:48:37
5.224 146.488 774.634 16:48:38
5.224 146.780 771.220 16:48:39
5.228 147.098 769.756 16:48:40
5.228 149.098 781.463 16:48:41
5.228 147.488 819.024 16:48:42
5.228 148.780 777.561 16:48:43
5.224 147.488 767.317 16:48:44
5.228 147.683 771.220 16:48:45
5.228 148.780 770.244 16:48:46
5.228 147.488 769.756 16:48:47
5.224 151.683 790.244 16:48:48
5.228 147.488 770.244 16:48:49
5.228 154.195 804.878 16:48:50
5.228 147.293 770.244 16:48:51
5.224 147.780 769.756 16:48:52
5.228 147.878 770.244 16:48:53
5.228 147.585 767.317 16:48:54
5.228 147.488 770.244 16:48:55
5.220 147.293 767.317 16:48:56
5.228 186.976 795.122 16:48:57
5.228 147.683 772.195 16:48:58
5.228 148.683 779.024 16:48:59
5.228 148.390 768.293 16:49:00
5.228 147.488 769.756 16:49:01
5.228 146.976 772.683 16:49:02
5.228 147.293 765.854 16:49:03
5.224 147.390 772.195 16:49:04
5.228 147.878 769.756 16:49:05
5.208 202.293 1064.390 16:49:06
5.224 147.098 768.293 16:49:07
5.228 146.488 770.244 16:49:08
5.228 147.488 768.780 16:49:09
5.228 147.390 768.293 16:49:10
5.228 147.878 771.220 16:49:11
5.228 148.390 771.220 16:49:12
5.228 151.488 788.780 16:49:13
5.228 147.488 770.244 16:49:14
5.228 147.293 771.220 16:49:15
5.228 147.390 770.244 16:49:16
5.228 147.293 767.317 16:49:17
5.228 147.878 848.780 16:49:18
5.228 147.488 771.220 16:49:19
5.224 154.073 805.854 16:49:20
5.228 147.390 770.244 16:49:21
5.228 147.098 771.220 16:49:22
5.228 147.878 768.293 16:49:23
5.228 147.683 771.220 16:49:24
5.224 160.488 836.585 16:49:25
5.228 147.390 770.244 16:49:26
5.228 154.073 807.805 16:49:27
5.228 146.293 768.293 16:49:28
5.228 147.293 769.756 16:49:29
5.228 147.488 772.195 16:49:30
5.224 146.585 770.244 16:49:31
5.228 147.585 766.341 16:49:32
5.228 147.585 770.244 16:49:33
5.196 250.683 1333.171 16:49:34
5.228 147.098 768.293 16:49:35
5.228 148.976 777.561 16:49:36
5.224 162.878 854.146 16:49:37
5.228 148.976 781.463 16:49:38
5.228 149.878 781.463 16:49:39
5.228 149.780 783.415 16:49:40
5.220 162.780 850.244 16:49:41
5.228 147.488 768.780 16:49:42
5.228 147.195 767.317 16:49:43
5.228 147.585 767.317 16:49:44
5.228 147.390 771.220 16:49:45
5.228 147.488 771.220 16:49:46
5.224 147.488 769.756 16:49:47
5.224 162.585 845.366 16:49:48
5.228 148.976 782.439 16:49:49
5.208 215.780 1074.146 16:49:50
5.224 149.683 782.439 16:49:51
5.228 149.780 781.463 16:49:52
5.228 149.683 781.463 16:49:53
5.228 148.878 782.439 16:49:54
5.220 162.878 850.244 16:49:55
5.228 146.683 767.317 16:49:56
5.220 160.390 837.561 16:49:57
5.228 147.585 771.220 16:49:58
5.228 147.098 769.756 16:49:59
5.212 149.293 779.024 16:50:00
5.224 147.683 772.683 16:50:01
5.216 162.585 821.463 16:50:02
5.224 148.390 771.220 16:50:03
5.224 150.878 787.805 16:50:04
5.228 147.195 775.122 16:50:05
5.228 147.683 771.220 16:50:06
5.228 146.780 772.683 16:50:07
5.228 146.878 772.683 16:50:08
5.228 147.976 771.220 16:50:09
5.228 150.098 780.976 16:50:10
5.228 149.390 783.415 16:50:11
5.224 155.195 783.415 16:50:12
5.224 157.780 860.000 16:50:13
5.224 149.878 783.415 16:50:14
5.224 150.390 783.415 16:50:15
5.224 146.976 770.244 16:50:16
5.228 147.488 772.683 16:50:18
5.224 160.585 837.561 16:50:19
5.228 147.293 770.244 16:50:20
5.228 151.585 791.220 16:50:21
5.224 147.488 767.317 16:50:22
5.224 154.976 807.805 16:50:23
5.228 147.585 770.244 16:50:24
5.228 147.195 771.220 16:50:25
5.220 161.195 837.561 16:50:26
5.228 147.390 772.683 16:50:27
5.216 149.293 779.024 16:50:28
5.224 147.780 770.244 16:50:29
5.180 204.976 1056.585 16:50:30
5.228 149.976 783.415 16:50:31
5.228 149.780 784.878 16:50:32
5.228 147.488 766.341 16:50:33
5.224 147.585 768.780 16:50:34
5.220 147.098 769.756 16:50:35
5.228 147.488 772.195 16:50:36
5.228 151.488 790.244 16:50:37
5.228 147.585 771.220 16:50:38
5.228 147.488 770.244 16:50:39
5.228 147.488 771.220 16:50:40
5.228 147.683 770.244 16:50:41
5.224 160.488 837.561 16:50:42
5.228 147.293 769.756 16:50:43
5.228 147.878 772.683 16:50:44
5.228 147.488 771.220 16:50:45
5.212 212.171 1061.951 16:50:46
5.224 147.488 771.220 16:50:47
5.228 147.488 769.756 16:50:48
5.224 162.780 850.244 16:50:49
5.228 147.390 770.244 16:50:50
5.228 147.390 770.244 16:50:51
5.228 146.976 767.317 16:50:52
5.224 151.780 792.683 16:50:53
5.228 146.780 767.317 16:50:54
5.228 147.390 771.220 16:50:55
5.220 160.390 840.000 16:50:56
5.228 147.293 769.756 16:50:57
5.228 147.098 766.341 16:50:58
5.224 147.293 769.756 16:50:59
5.208 374.659 3084.878 16:51:00
5.228 146.878 769.756 16:51:01
5.228 147.488 769.756 16:51:02
5.228 147.780 771.220 16:51:03
5.228 147.488 768.780 16:51:04
5.224 151.390 791.220 16:51:05
5.228 147.488 769.756 16:51:06
5.228 151.585 791.220 16:51:07
5.228 148.390 1076.585 16:51:08
5.228 146.878 767.317 16:51:09
5.228 147.488 771.220 16:51:10
5.228 147.195 771.220 16:51:11
5.228 146.976 772.683 16:51:12
5.228 147.976 771.220 16:51:13
5.228 149.390 772.195 16:51:14
5.228 147.585 772.683 16:51:15
5.204 205.390 1061.951 16:51:16
5.224 149.585 780.976 16:51:17
5.228 149.976 782.439 16:51:18
5.228 149.878 783.415 16:51:19
5.224 149.976 782.439 16:51:20
5.224 149.878 781.463 16:51:21
5.228 147.488 771.220 16:51:22
5.224 151.488 898.537 16:51:23
5.228 146.976 771.220 16:51:24
5.228 147.488 1051.220 16:51:25
5.208 157.585 771.220 16:51:26
5.228 146.585 819.024 16:51:27
5.228 146.878 770.244 16:51:28
5.220 167.878 828.780 16:51:29
5.224 151.878 792.195 16:51:30
5.224 148.195 783.415 16:51:31
5.192 206.390 1250.732 16:51:32
5.224 149.098 782.439 16:51:33
5.224 149.683 784.878 16:51:34
5.228 149.098 771.220 16:51:35
5.228 147.195 769.756 16:51:36
5.224 147.488 771.220 16:51:37
5.224 147.098 766.341 16:51:38
5.224 154.293 805.854 16:51:39
5.228 146.976 767.317 16:51:40
5.228 147.293 766.341 16:51:41
5.228 147.488 775.122 16:51:42
5.228 146.976 769.756 16:51:43
5.224 147.488 768.293 16:51:44
5.228 146.683 771.220 16:51:45
5.224 151.390 787.805 16:51:46
5.228 147.878 769.756 16:51:47
5.228 147.585 768.780 16:51:48
5.228 147.390 771.220 16:51:49
5.228 147.098 768.780 16:51:50
5.232 167.780 877.561 16:51:51
5.228 146.780 773.659 16:51:52
5.228 147.585 772.683 16:51:53
5.228 147.780 777.073 16:51:54
5.224 154.488 807.317 16:51:55
5.228 147.683 768.780 16:51:56
5.224 147.488 770.244 16:51:57
5.228 151.683 769.756 16:51:58
5.228 147.683 798.537 16:51:59
5.208 210.976 786.341 16:52:00
5.228 147.488 772.195 16:52:01
5.224 152.976 1063.902 16:52:02
5.228 147.195 768.780 16:52:03
5.228 147.585 771.220 16:52:04
5.228 148.390 778.537 16:52:05
5.228 147.390 772.195 16:52:06
5.228 146.878 771.220 16:52:07
5.228 147.195 768.293 16:52:08
5.228 149.098 783.415 16:52:09
5.232 147.293 771.220 16:52:10
5.196 195.585 1055.610 16:52:11
5.228 147.488 767.317 16:52:12
5.224 147.878 772.683 16:52:13
5.228 148.098 772.195 16:52:14
5.228 147.488 770.244 16:52:15
5.224 147.585 1042.927 16:52:17
5.228 147.780 771.220 16:52:18
5.220 161.073 840.976 16:52:19
5.228 147.488 771.220 16:52:20
5.224 147.878 769.756 16:52:21
5.228 146.683 772.195 16:52:22
5.224 147.488 770.244 16:52:23
5.228 147.878 772.195 16:52:24
5.228 146.780 771.220 16:52:25
5.228 148.976 780.000 16:52:26
5.228 147.585 771.220 16:52:27
5.204 211.585 1109.268 16:52:28
5.228 150.488 767.317 16:52:29
5.228 147.098 770.244 16:52:30
5.228 149.195 784.878 16:52:31
5.228 149.878 780.976 16:52:32
5.224 149.878 783.415 16:52:33
5.228 149.878 782.439 16:52:34
5.224 157.390 818.537 16:52:35
5.224 149.293 783.415 16:52:36
5.228 149.780 781.463 16:52:37
5.224 160.878 838.537 16:52:38
5.228 147.488 770.244 16:52:39
5.228 147.390 771.220 16:52:40
5.228 146.976 766.341 16:52:41
5.228 151.976 792.683 16:52:42
5.228 147.683 771.220 16:52:43
5.228 146.878 768.780 16:52:44
5.228 146.976 772.195 16:52:45
5.228 147.488 770.244 16:52:46
5.228 147.780 772.195 16:52:47
5.228 147.488 771.220 16:52:48
5.228 149.195 780.976 16:52:49
5.228 147.585 771.220 16:52:50
5.208 200.073 1115.610 16:52:51
5.228 147.585 771.220 16:52:52
5.224 147.585 771.220 16:52:53
5.228 147.293 769.756 16:52:54
5.228 147.683 770.244 16:52:55
5.228 147.585 772.195 16:52:56
5.228 147.488 770.244 16:52:57
5.208 209.585 1413.171 16:52:58
5.224 149.878 783.415 16:52:59
5.188 151.195 784.878 16:53:00
5.228 149.683 788.780 16:53:01
5.228 150.976 785.854 16:53:02
5.224 150.098 783.415 16:53:03
5.228 147.585 769.756 16:53:04
5.224 154.780 803.902 16:53:05
5.228 148.098 772.195 16:53:06
5.228 146.780 772.683 16:53:07
5.224 148.878 767.317 16:53:08
5.228 154.293 776.098 16:53:09
5.224 160.390 837.561 16:53:10
5.228 147.098 818.537 16:53:11
5.224 151.585 792.683 16:53:12
5.228 147.390 769.756 16:53:13
5.228 146.878 771.220 16:53:14
5.228 146.195 769.756 16:53:15
5.228 147.293 766.341 16:53:16
5.224 160.780 837.561 16:53:17
5.228 147.195 769.756 16:53:18
5.228 147.683 771.220 16:53:19
5.228 146.976 771.220 16:53:20
5.212 251.366 1574.634 16:53:21
5.228 147.488 767.317 16:53:22
5.228 147.488 769.756 16:53:23
5.224 159.878 840.000 16:53:24
5.228 146.780 770.244 16:53:25
5.224 161.488 837.561 16:53:26
5.228 147.293 768.780 16:53:27
5.224 154.390 813.659 16:53:28
5.228 147.585 771.220 16:53:29
5.228 147.585 771.220 16:53:30
5.228 146.780 770.244 16:53:31
5.228 147.293 767.317 16:53:32
5.228 147.976 771.220 16:53:33
5.228 147.585 771.220 16:53:34
5.228 149.488 776.098 16:53:35
5.224 146.780 768.293 16:53:36
5.176 246.878 1050.244 16:53:37
5.228 147.683 770.244 16:53:38
5.228 147.390 769.756 16:53:39
5.224 160.585 836.098 16:53:40
5.224 147.585 770.244 16:53:41
5.224 146.976 772.195 16:53:42
5.228 147.585 771.220 16:53:43
5.224 154.683 902.439 16:53:44
5.228 147.585 771.220 16:53:45
5.228 147.683 771.220 16:53:46
5.228 147.390 771.220 16:53:47
5.228 147.390 779.024 16:53:48
5.220 160.976 837.561 16:53:49
5.228 146.780 767.317 16:53:50
5.192 247.366 840.000 16:53:51
5.228 146.976 767.317 16:53:52
5.228 147.585 770.244 16:53:53
5.228 147.390 772.683 16:53:54
5.228 146.780 819.024 16:53:55
5.228 146.585 772.683 16:53:56
5.228 147.683 771.220 16:53:57
5.228 151.878 791.220 16:53:58
5.228 147.878 771.220 16:53:59
5.228 147.585 771.220 16:54:00
5.228 149.780 783.415 16:54:01
5.224 151.780 798.537 16:54:02
5.228 149.780 783.902 16:54:03
5.228 150.098 779.024 16:54:04
5.220 149.976 784.878 16:54:05
5.228 149.878 792.195 16:54:06
5.208 205.390 1088.780 16:54:07
5.224 147.390 913.659 16:54:08
5.224 147.098 772.195 16:54:09
5.224 147.488 768.780 16:54:10
5.228 146.683 772.195 16:54:11
5.224 146.976 769.756 16:54:12
5.228 147.585 771.220 16:54:14
5.224 151.098 787.805 16:54:15
5.228 147.293 772.683 16:54:16
5.228 147.390 769.756 16:54:17
5.228 147.488 769.756 16:54:18
5.228 146.976 769.756 16:54:19
5.228 147.390 771.220 16:54:20
5.220 147.683 1068.780 16:54:21
5.204 213.976 1164.390 16:54:22
5.228 146.390 1035.122 16:54:23
5.212 206.585 1150.732 16:54:24
5.224 147.585 769.756 16:54:25
5.228 146.878 784.878 16:54:26
5.228 147.683 769.756 16:54:27
5.228 147.585 771.220 16:54:28
5.224 147.195 771.220 16:54:29
5.228 147.585 767.317 16:54:30
5.224 154.073 804.878 16:54:31
5.224 147.683 773.659 16:54:32
5.224 154.683 772.195 16:54:33
5.224 160.976 838.537 16:54:34
5.228 147.390 816.585 16:54:35
5.220 165.585 852.195 16:54:36
5.224 149.976 783.902 16:54:37
5.224 157.293 817.561 16:54:38
5.224 149.976 783.902 16:54:39
5.228 149.780 779.024 16:54:40
5.228 149.878 784.878 16:54:41
5.224 149.683 783.415 16:54:42
5.224 161.073 843.902 16:54:43
5.228 146.976 773.659 16:54:44
5.228 149.195 779.024 16:54:45
5.228 146.780 768.293 16:54:46
5.208 198.585 1026.829 16:54:47
5.228 147.488 771.220 16:54:48
5.228 147.585 771.220 16:54:49
5.228 146.878 767.317 16:54:50
5.228 147.585 771.220 16:54:51
5.224 162.390 843.415 16:54:52
5.228 147.390 771.220 16:54:53
5.212 199.390 1127.805 16:54:54
5.228 146.976 775.122 16:54:55
5.228 146.878 771.220 16:54:56
5.228 147.878 771.220 16:54:57
5.228 147.488 768.293 16:54:58
5.228 146.195 766.341 16:54:59
5.228 146.976 772.195 16:55:00
5.224 152.488 792.195 16:55:01
5.228 147.878 771.220 16:55:02
5.228 147.585 771.220 16:55:03
5.228 147.585 769.756 16:55:04
5.228 147.585 771.220 16:55:05
5.224 161.195 837.561 16:55:06
5.224 147.390 770.244 16:55:07
5.228 149.195 774.634 16:55:08
5.228 146.780 772.195 16:55:09
5.188 198.976 1049.268 16:55:10
5.228 147.585 772.683 16:55:11
5.228 146.585 769.756 16:55:12
5.228 147.488 771.220 16:55:13
5.224 147.683 767.317 16:55:14
5.228 147.488 772.195 16:55:15
5.224 147.390 770.244 16:55:16
5.224 166.683 804.878 16:55:17
5.224 147.488 818.537 16:55:18
5.228 147.390 771.220 16:55:19
5.228 147.293 768.780 16:55:20
5.224 149.878 779.024 16:55:21
5.228 149.683 783.415 16:55:22
5.224 149.195 782.439 16:55:23
5.224 153.780 803.415 16:55:24
5.220 147.488 769.756 16:55:25
5.228 147.683 772.195 16:55:26
5.228 147.585 772.195 16:55:27
5.228 146.878 842.439 16:55:28
5.228 148.976 885.366 16:55:29
5.224 147.488 768.293 16:55:30
5.228 147.390 769.756 16:55:31
5.228 146.780 767.317 16:55:32
5.224 153.878 804.878 16:55:33
5.228 147.488 768.293 16:55:34
5.228 146.780 772.195 16:55:35
5.228 146.780 768.293 16:55:36
5.224 148.293 769.756 16:55:37
5.224 147.098 769.756 16:55:38
5.224 147.390 768.293 16:55:39
5.228 151.878 793.659 16:55:40
5.224 146.976 771.220 16:55:41
5.228 148.293 777.561 16:55:42
5.228 147.390 766.341 16:55:43
5.228 147.878 772.683 16:55:44
5.228 146.780 771.220 16:55:45
5.224 146.780 770.244 16:55:46
5.224 162.683 843.902 16:55:47
5.228 147.683 770.244 16:55:48
5.212 203.390 1299.512 16:55:49
5.228 148.293 778.537 16:55:50
5.228 147.488 771.220 16:55:51
5.224 162.976 851.220 16:55:52
5.228 147.390 769.756 16:55:53
5.228 172.976 771.220 16:55:54
5.228 147.098 771.220 16:55:55
5.228 154.195 801.463 16:55:56
5.224 147.488 770.244 16:55:57
5.228 147.390 768.293 16:55:58
5.228 147.585 770.244 16:55:59
5.228 147.976 771.220 16:56:00
5.228 146.683 802.439 16:56:01
5.228 149.098 779.024 16:56:02
5.228 151.098 780.000 16:56:03
5.228 147.976 775.122 16:56:04
5.224 148.878 779.024 16:56:05
5.224 147.585 770.244 16:56:06
5.228 147.293 770.244 16:56:07
5.220 160.195 837.561 16:56:08
5.228 146.878 769.756 16:56:09
5.228 148.976 780.000 16:56:11
5.228 147.585 768.293 16:56:12
5.200 201.585 1039.024 16:56:13
5.224 161.293 838.537 16:56:14
5.224 147.390 766.341 16:56:15
5.228 147.585 772.195 16:56:16
5.228 150.683 777.561 16:56:17
5.220 162.683 854.146 16:56:18
5.224 149.683 783.415 16:56:19
5.220 162.878 853.659 16:56:20
5.228 147.390 770.244 16:56:21
5.228 147.585 770.244 16:56:22
5.228 147.488 771.220 16:56:23
5.228 149.878 783.415 16:56:24
5.224 163.293 849.756 16:56:25
5.224 149.780 783.415 16:56:26
5.212 194.293 795.122 16:56:27
5.228 147.585 771.220 16:56:28
5.220 148.390 774.634 16:56:29
5.224 147.683 771.220 16:56:30
5.228 147.390 770.244 16:56:31
5.228 147.683 768.293 16:56:32
5.228 147.683 768.293 16:56:33
5.228 149.098 771.220 16:56:34
5.228 147.390 771.220 16:56:35
5.228 146.683 777.073 16:56:36
5.228 150.390 783.415 16:56:37
5.228 149.780 779.024 16:56:38
5.228 147.390 772.195 16:56:39
5.224 147.488 772.683 16:56:40
5.228 155.976 772.195 16:56:41
5.228 147.585 771.220 16:56:42
5.208 210.683 1244.390 16:56:43
5.228 149.976 785.854 16:56:44
5.228 149.780 780.000 16:56:45
5.228 146.878 769.756 16:56:46
5.228 147.488 767.317 16:56:47
5.228 146.390 772.195 16:56:48
5.228 147.683 771.220 16:56:49
5.228 151.488 812.195 16:56:50
5.224 149.780 783.415 16:56:51
5.228 149.195 783.415 16:56:52
5.224 147.976 773.659 16:56:53
5.228 147.878 767.317 16:56:54
5.224 147.585 772.195 16:56:55
5.228 147.390 769.756 16:56:56
5.224 149.585 775.122 16:56:57
5.228 146.780 766.341 16:56:58
5.212 201.390 1051.220 16:56:59
5.228 147.585 768.293 16:57:00
5.228 146.293 771.220 16:57:01
5.228 147.780 772.195 16:57:02
5.228 148.585 774.634 16:57:03
5.224 146.780 776.098 16:57:04
5.228 148.293 767.317 16:57:05
5.228 154.293 805.854 16:57:06
5.228 146.976 768.780 16:57:07
5.228 147.780 768.780 16:57:08
5.228 147.585 773.659 16:57:09
5.228 148.780 786.341 16:57:10
5.228 147.488 772.683 16:57:11
5.224 147.293 765.854 16:57:12
5.228 206.976 792.195 16:57:13
5.224 146.780 767.317 16:57:14
5.228 150.683 771.220 16:57:15
5.224 147.585 772.195 16:57:16
5.228 146.878 835.122 16:57:17
5.228 147.585 768.293 16:57:18
5.228 147.488 771.220 16:57:19
5.224 148.976 778.537 16:57:20
5.224 147.098 771.220 16:57:21
5.208 214.976 1045.366 16:57:22
5.228 147.780 771.220 16:57:23
5.224 146.878 772.683 16:57:24
5.228 147.780 769.756 16:57:25
5.228 147.293 768.293 16:57:26
5.228 146.976 767.317 16:57:27
5.228 147.488 771.220 16:57:28
5.224 166.073 790.244 16:57:29
5.228 149.878 780.000 16:57:30
5.224 149.878 781.463 16:57:31
5.228 150.390 782.439 16:57:32
5.228 149.878 783.415 16:57:33
5.228 150.098 783.415 16:57:34
5.228 150.098 780.976 16:57:35
5.224 155.976 812.195 16:57:36
5.228 147.293 766.341 16:57:37
5.212 197.293 1031.707 16:57:38
5.228 147.488 767.317 16:57:39
5.224 147.488 771.220 16:57:40
5.228 147.195 768.293 16:57:41
5.228 147.293 769.756 16:57:42
5.224 160.878 840.000 16:57:43
5.228 147.195 772.683 16:57:44
5.228 151.488 792.683 16:57:45
5.224 147.488 769.756 16:57:46
5.224 147.390 768.293 16:57:47
5.228 154.585 772.195 16:57:48
5.228 147.683 771.220 16:57:49
5.224 160.683 839.024 16:57:50
5.228 148.098 769.756 16:57:51
5.220 148.976 779.024 16:57:52
5.228 147.390 770.244 16:57:53
5.208 201.293 1053.171 16:57:54
5.228 147.488 769.756 16:57:55
5.228 146.780 772.683 16:57:56
5.220 160.488 846.341 16:57:57
5.228 147.390 769.756 16:57:58
5.228 147.488 770.244 16:57:59
5.228 147.488 769.756 16:58:00
5.220 151.683 792.195 16:58:01
5.228 148.683 782.439 16:58:02
5.228 146.585 769.756 16:58:03
5.228 146.098 770.244 16:58:04
5.228 147.585 769.756 16:58:05
5.228 146.878 769.756 16:58:06
5.228 146.780 771.220 16:58:07
5.228 148.585 857.561 16:58:09
5.220 175.390 793.659 16:58:10
5.204 212.585 1106.341 16:58:11
5.224 147.390 769.756 16:58:12
5.228 147.585 770.244 16:58:13
5.224 160.585 836.098 16:58:14
5.224 147.683 770.244 16:58:15
5.228 147.488 772.195 16:58:16
5.228 148.683 770.244 16:58:17
5.224 154.195 805.854 16:58:18
5.228 147.488 768.780 16:58:19
5.228 147.098 771.220 16:58:20
5.224 146.683 767.317 16:58:21
5.228 149.098 767.317 16:58:22
5.224 157.293 822.439 16:58:23
5.224 147.585 780.976 16:58:24
5.224 151.585 792.195 16:58:25
5.224 147.488 767.317 16:58:26
5.224 146.780 770.244 16:58:27
5.228 147.488 772.195 16:58:28
5.228 147.488 769.756 16:58:29
5.224 146.976 768.780 16:58:30
5.228 147.585 771.220 16:58:31
5.228 160.780 780.976 16:58:32
5.228 147.585 767.317 16:58:33
5.212 203.073 1042.927 16:58:34
5.228 146.293 772.683 16:58:35
5.228 147.293 771.220 16:58:36
5.228 147.293 771.220 16:58:37
5.224 147.390 771.220 16:58:38
5.228 147.488 767.317 16:58:39
5.228 147.585 770.244 16:58:40
5.224 154.073 856.585 16:58:41
5.228 147.683 770.244 16:58:42
5.228 147.293 767.317 16:58:43
5.228 147.878 772.195 16:58:44
5.228 147.585 771.220 16:58:45
5.220 159.878 836.098 16:58:46
5.228 146.683 767.317 16:58:47
5.220 161.195 837.561 16:58:48
5.228 146.878 766.341 16:58:49
5.228 147.195 772.195 16:58:50
5.228 146.878 768.293 16:58:51
5.228 147.390 770.244 16:58:52
5.228 146.780 768.293 16:58:53
5.228 147.878 769.756 16:58:54
5.224 148.976 775.122 16:58:55
5.228 147.488 769.756 16:58:56
5.212 198.073 1082.927 16:58:57
5.228 146.780 771.220 16:58:58
5.228 146.585 769.756 16:58:59
5.224 357.878 771.220 16:59:00
5.228 146.878 768.780 16:59:01
5.224 156.780 768.293 16:59:02
5.228 146.878 819.024 16:59:03
5.224 151.488 790.244 16:59:04
5.228 146.780 768.293 16:59:05
5.224 147.390 769.756 16:59:06
5.228 146.683 769.756 16:59:07
5.228 147.488 772.683 16:59:08
5.228 147.293 769.756 16:59:09
5.228 146.780 771.220 16:59:10
5.228 149.585 779.024 16:59:11
5.228 147.585 771.220 16:59:12
5.212 199.780 1056.585 16:59:13
5.228 147.585 770.244 16:59:14
5.228 147.683 769.756 16:59:15
5.228 146.976 767.317 16:59:16
5.228 147.683 795.122 16:59:17
5.228 192.073 990.244 16:59:18
5.228 146.976 768.780 16:59:19
5.224 154.195 808.780 16:59:20
5.228 147.488 770.244 16:59:21
5.228 147.293 771.220 16:59:22
5.228 147.585 769.756 16:59:23
5.228 147.585 767.317 16:59:24
5.224 147.488 766.341 16:59:25
5.228 147.390 772.683 16:59:26
5.224 151.488 791.220 16:59:27
5.228 146.683 767.317 16:59:28
5.224 147.488 774.634 16:59:29
5.228 146.780 771.220 16:59:30
5.224 147.293 770.244 16:59:31
5.228 147.585 769.756 16:59:32
5.224 147.976 771.220 16:59:33
5.228 146.878 771.220 16:59:34
5.228 147.585 768.293 16:59:35
5.224 154.585 806.341 16:59:36
5.228 147.683 771.220 16:59:37
5.224 147.585 770.244 16:59:38
5.220 160.390 837.561 16:59:39
5.228 146.976 770.244 16:59:40
5.216 184.171 936.098 16:59:41
5.224 156.780 772.195 16:59:42
5.208 198.171 1165.366 16:59:43
5.224 149.585 783.902 16:59:44
5.224 149.488 784.878 16:59:45
5.224 150.293 780.000 16:59:46
5.228 146.976 766.341 16:59:47
5.228 147.683 771.220 16:59:48
5.228 147.585 771.220 16:59:49
5.216 154.390 806.341 16:59:50
5.228 147.585 771.220 16:59:51
5.228 147.488 771.220 16:59:52
5.228 148.098 772.683 16:59:53
5.224 147.683 771.220 16:59:54
5.224 147.683 771.220 16:59:55
5.228 147.878 770.244 16:59:56
5.204 221.683 1114.146 16:59:57
5.228 146.878 768.780 16:59:58
5.228 147.780 1135.610 16:59:59
5.224 147.195 769.756 17:00:00
5.228 147.488 770.244 17:00:01
5.228 149.293 779.024 17:00:02
5.224 148.488 775.122 17:00:03
5.228 147.098 776.098 17:00:05
5.228 148.098 772.683 17:00:06
5.224 153.976 803.902 17:00:07
5.228 147.293 770.244 17:00:08
5.228 146.683 1051.220 17:00:09
5.224 146.878 771.220 17:00:10
5.224 147.488 766.341 17:00:11
5.224 147.585 769.756 17:00:12
5.228 154.293 770.244 17:00:13
5.228 149.098 831.220 17:00:14
5.228 146.878 771.220 17:00:15
5.228 152.780 771.220 17:00:16
5.228 147.683 771.220 17:00:17
5.228 147.780 771.220 17:00:18
5.228 147.390 772.195 17:00:19
5.228 147.488 770.244 17:00:20
5.224 160.195 839.024 17:00:21
5.228 147.293 766.341 17:00:22
5.196 377.171 1894.146 17:00:23
5.224 148.488 773.659 17:00:24
5.228 147.488 770.244 17:00:25
5.228 147.683 767.317 17:00:26
5.228 147.195 769.756 17:00:27
5.216 179.195 969.268 17:00:28
5.228 146.390 766.341 17:00:29
5.224 147.488 1040.000 17:00:30
5.228 146.585 767.317 17:00:31
5.228 147.293 772.683 17:00:32
5.228 147.585 770.244 17:00:33
5.224 147.488 767.317 17:00:34
5.220 160.683 837.561 17:00:35
5.228 147.293 769.756 17:00:36
5.228 149.293 843.902 17:00:37
5.228 149.780 784.878 17:00:38
5.208 200.585 1046.829 17:00:39
5.228 149.683 779.024 17:00:40
5.224 149.878 783.415 17:00:41
5.228 149.878 783.415 17:00:42
5.228 149.976 781.463 17:00:43
5.228 149.585 779.024 17:00:44
5.228 146.683 767.317 17:00:45
5.228 150.878 791.220 17:00:46
5.228 147.585 771.220 17:00:47
5.228 146.585 771.220 17:00:48
5.228 147.683 771.220 17:00:49
5.228 147.780 769.756 17:00:50
5.224 147.683 772.683 17:00:51
5.216 190.293 949.268 17:00:52
5.228 154.073 852.195 17:00:53
5.228 156.683 770.244 17:00:54
5.228 147.390 766.341 17:00:55
5.228 147.683 771.220 17:00:56
5.228 147.488 772.683 17:00:57
5.228 146.976 772.195 17:00:58
5.224 147.195 772.683 17:00:59
5.224 153.878 792.683 17:01:00
5.232 147.488 772.683 17:01:01
5.228 146.780 768.293 17:01:02
5.228 147.195 767.317 17:01:03
5.228 147.488 770.244 17:01:04
5.228 146.878 772.683 17:01:05
5.228 148.390 774.634 17:01:06
5.224 148.976 777.073 17:01:07
5.228 147.195 768.293 17:01:08
5.208 203.976 1081.951 17:01:09
5.228 147.683 771.220 17:01:10
5.224 146.976 772.195 17:01:11
5.228 146.878 777.561 17:01:12
5.224 147.390 776.098 17:01:13
5.228 147.195 771.220 17:01:14
5.228 147.293 772.195 17:01:15
5.224 162.390 803.902 17:01:16
5.228 150.878 782.439 17:01:17
5.224 149.878 783.415 17:01:18
5.228 151.098 796.098 17:01:19
5.232 149.098 783.415 17:01:20
5.228 149.390 783.415 17:01:21
5.232 149.780 780.000 17:01:22
5.220 151.878 793.659 17:01:23
5.228 146.976 769.756 17:01:24
5.212 214.390 1046.341 17:01:25
5.224 146.878 776.098 17:01:26
5.228 147.293 769.756 17:01:27
5.228 147.488 767.317 17:01:28
5.228 146.780 768.780 17:01:29
5.228 146.976 772.683 17:01:30
5.220 148.390 775.122 17:01:31
5.220 165.780 804.878 17:01:32
5.228 147.488 810.244 17:01:33
5.228 146.683 769.756 17:01:34
5.228 147.293 771.220 17:01:35
5.228 146.976 768.780 17:01:36
5.228 146.195 768.293 17:01:37
5.228 146.585 771.220 17:01:38
5.228 148.976 775.122 17:01:39
5.228 147.195 769.756 17:01:40
5.208 248.268 1458.537 17:01:41
5.228 146.585 771.220 17:01:42
5.228 147.780 770.244 17:01:43
5.228 149.683 780.976 17:01:44
5.228 149.878 782.439 17:01:45
5.228 147.878 769.756 17:01:46
5.228 147.683 769.756 17:01:47
5.168 340.171 1734.146 17:01:48
5.228 146.878 767.317 17:01:49
5.228 146.585 767.317 17:01:50
5.232 147.488 769.756 17:01:51
5.228 147.390 770.244 17:01:52
5.228 147.098 768.780 17:01:53
5.232 146.780 772.195 17:01:54
5.228 153.976 804.878 17:01:55
5.224 147.390 767.317 17:01:56
5.228 147.488 769.756 17:01:57
5.228 147.585 773.659 17:01:58
5.228 146.683 768.780 17:01:59
5.228 147.488 768.780 17:02:00
5.228 147.585 771.220 17:02:02
5.224 156.293 812.195 17:02:03
5.228 146.780 768.780 17:02:04
5.228 147.683 771.220 17:02:05
5.228 148.390 776.098 17:02:06
5.228 147.878 766.341 17:02:07
5.228 147.585 771.220 17:02:08
5.228 147.488 771.220 17:02:09
5.224 161.293 836.585 17:02:10
5.228 147.293 770.244 17:02:11
5.224 147.195 770.244 17:02:12
5.228 147.390 770.244 17:02:13
5.224 147.293 771.220 17:02:14
5.228 147.390 766.341 17:02:15
5.228 147.098 770.244 17:02:16
5.224 147.488 769.756 17:02:17
5.228 147.195 772.195 17:02:18
5.200 203.073 1298.537 17:02:19
5.224 146.683 765.854 17:02:20
5.228 147.390 770.244 17:02:21
5.228 149.878 783.415 17:02:22
5.224 149.488 783.415 17:02:23
5.228 149.195 779.024 17:02:24
5.228 146.683 766.341 17:02:25
5.224 154.293 806.341 17:02:26
5.224 147.585 772.683 17:02:27
5.228 147.293 767.317 17:02:28
5.228 147.390 769.756 17:02:29
5.228 147.585 769.756 17:02:30
5.224 160.293 840.976 17:02:31
5.228 148.098 773.659 17:02:32
5.224 161.073 837.561 17:02:33
5.224 147.390 767.317 17:02:34
5.200 227.073 1152.683 17:02:35
5.224 147.488 769.756 17:02:36
5.228 147.293 769.756 17:02:37
5.228 147.390 767.317 17:02:38
5.228 147.683 771.220 17:02:39
5.228 147.683 769.756 17:02:40
5.228 146.780 769.756 17:02:41
5.224 153.976 803.902 17:02:42
5.228 147.683 771.220 17:02:43
5.228 147.293 768.293 17:02:44
5.228 147.390 769.756 17:02:45
5.228 147.585 776.098 17:02:46
5.224 160.390 837.561 17:02:47
5.228 146.976 770.244 17:02:48
5.220 161.683 844.878 17:02:49
5.228 147.585 771.220 17:02:50
5.196 203.780 1051.220 17:02:51
5.228 147.780 772.195 17:02:52
5.228 147.293 769.756 17:02:53
5.228 147.488 771.220 17:02:54
5.228 147.390 767.317 17:02:55
5.224 147.293 774.634 17:02:56
5.228 146.780 772.195 17:02:57
5.228 154.195 805.854 17:02:58
5.228 147.585 768.780 17:02:59
5.228 147.098 771.220 17:03:00
5.228 147.390 766.341 17:03:01
5.224 147.293 772.683 17:03:02
5.228 147.683 770.244 17:03:03
5.224 147.488 1053.171 17:03:04
5.204 228.976 1049.268 17:03:05
5.228 151.585 769.756 17:03:06
5.228 147.195 767.317 17:03:07
5.228 149.780 857.561 17:03:08
5.228 149.976 782.439 17:03:09
5.228 149.878 783.415 17:03:10
5.224 149.585 783.415 17:03:11
5.224 151.780 792.195 17:03:12
5.224 149.780 779.024 17:03:13
5.200 202.171 1067.805 17:03:14
5.224 146.683 766.341 17:03:15
5.228 156.390 767.317 17:03:16
5.224 175.488 840.976 17:03:17
5.228 147.390 775.122 17:03:18
5.228 147.390 766.341 17:03:19
5.228 147.683 766.341 17:03:20
5.228 151.780 845.366 17:03:21
5.224 147.390 771.220 17:03:22
5.228 147.488 768.293 17:03:23
5.228 147.293 770.244 17:03:24
5.228 147.780 770.244 17:03:25
5.224 160.390 838.537 17:03:26
5.228 147.293 769.756 17:03:27
5.228 147.488 771.220 17:03:28
5.228 147.390 770.244 17:03:29
5.224 161.293 875.122 17:03:30
5.224 146.488 768.780 17:03:31
5.228 147.293 773.659 17:03:32
5.224 160.195 841.463 17:03:33
5.224 147.195 769.756 17:03:34
5.232 145.780 769.756 17:03:35
5.228 147.293 768.780 17:03:36
5.204 184.390 783.415 17:03:37
5.228 146.585 769.756 17:03:38
5.228 205.073 1034.146 17:03:39
5.232 146.780 767.317 17:03:40
5.228 146.683 767.317 17:03:41
5.228 147.293 771.220 17:03:42
5.228 147.390 768.293 17:03:43
5.220 149.293 782.439 17:03:44
5.228 147.585 768.293 17:03:45
5.228 148.878 780.000 17:03:46
5.224 147.878 771.220 17:03:47
5.228 147.488 771.220 17:03:48
5.228 147.390 772.683 17:03:49
5.228 146.780 770.244 17:03:50
5.224 147.098 768.780 17:03:51
5.228 147.585 769.756 17:03:52
5.212 345.756 1782.927 17:03:53
5.224 147.390 770.244 17:03:54
5.224 147.195 770.244 17:03:55
5.228 148.293 769.756 17:03:56
5.224 147.195 768.293 17:03:57
5.228 147.780 770.244 17:03:59
5.228 146.683 773.659 17:04:00
5.224 154.073 808.780 17:04:01
5.224 147.195 769.756 17:04:02
5.228 148.293 779.024 17:04:03
5.228 146.976 771.220 17:04:04
5.228 147.293 770.244 17:04:05
5.228 150.878 783.415 17:04:06
5.224 149.976 784.878 17:04:07
5.228 148.878 779.024 17:04:08
5.228 147.488 771.220 17:04:09
5.196 197.488 1119.512 17:04:10
5.228 147.683 769.756 17:04:11
5.228 147.488 769.756 17:04:12
5.224 160.683 837.561 17:04:13
5.228 146.780 764.878 17:04:14
5.224 147.488 771.220 17:04:15
5.228 147.390 771.220 17:04:16
5.204 209.073 1099.512 17:04:17
5.228 146.878 769.756 17:04:18
5.228 146.585 767.317 17:04:19
5.228 148.390 770.244 17:04:20
5.228 160.195 771.220 17:04:21
5.208 147.488 767.317 17:04:22
5.228 146.878 768.293 17:04:23
5.228 151.390 791.220 17:04:24
5.228 147.780 772.195 17:04:25
5.228 146.683 771.220 17:04:26
5.228 150.878 790.244 17:04:27
5.228 149.683 783.415 17:04:28
5.228 149.488 783.415 17:04:29
5.228 149.683 779.024 17:04:30
5.220 165.488 861.463 17:04:31
5.228 148.976 783.415 17:04:32
5.208 205.073 1123.902 17:04:33
5.228 147.488 775.122 17:04:34
5.228 147.488 770.244 17:04:35
5.228 147.098 767.317 17:04:36
5.224 146.780 767.317 17:04:37
5.216 173.293 916.098 17:04:38
5.228 146.976 767.317 17:04:39
5.224 170.976 792.683 17:04:40
5.228 156.293 763.902 17:04:41
5.228 147.293 818.537 17:04:42
5.228 147.293 768.293 17:04:43
5.228 147.390 771.220 17:04:44
5.228 149.976 783.415 17:04:45
5.228 149.488 783.415 17:04:46
5.228 153.683 803.415 17:04:47
5.228 149.585 781.463 17:04:48
5.228 149.780 782.439 17:04:49
5.228 149.488 783.415 17:04:50
5.228 149.780 778.537 17:04:51
5.224 147.488 771.220 17:04:52
5.228 146.780 767.317 17:04:53
5.228 147.878 771.220 17:04:54
5.228 147.390 769.756 17:04:55
5.228 204.780 1302.927 17:04:56
5.228 147.585 771.220 17:04:57
5.228 146.098 766.341 17:04:58
5.228 147.683 767.317 17:04:59
5.228 248.073 771.220 17:05:00
5.220 161.976 852.683 17:05:01
5.228 147.390 769.756 17:05:02
5.224 205.268 1031.707 17:05:03
5.228 148.390 767.317 17:05:04
5.228 147.488 771.220 17:05:05
5.216 149.976 797.073 17:05:06
5.228 149.585 783.415 17:05:07
5.220 168.073 919.024 17:05:08
5.228 147.585 772.195 17:05:09
5.224 154.073 803.902 17:05:10
5.228 147.293 768.293 17:05:11
5.224 147.293 767.317 17:05:12
5.228 150.098 784.878 17:05:13
5.228 149.976 783.415 17:05:14
5.228 149.878 783.415 17:05:15
5.228 149.683 780.000 17:05:16
5.172 206.488 1061.951 17:05:17
5.228 147.488 768.293 17:05:18
5.224 147.488 795.122 17:05:19
5.228 147.390 770.244 17:05:20
5.228 147.390 769.756 17:05:21
5.228 147.488 772.195 17:05:22
5.228 147.780 769.756 17:05:23
5.228 146.878 767.317 17:05:24
5.228 147.585 772.195 17:05:25
5.224 154.073 803.902 17:05:26
5.224 147.488 770.244 17:05:27
5.228 147.098 770.244 17:05:28
5.228 147.098 767.317 17:05:29
5.228 147.293 770.244 17:05:30
5.220 160.293 839.024 17:05:31
5.228 147.683 769.756 17:05:32
5.224 151.976 791.220 17:05:33
5.228 147.488 771.220 17:05:34
5.228 147.293 770.244 17:05:35
5.228 147.488 769.756 17:05:36
5.224 147.293 771.220 17:05:37
5.228 146.780 770.244 17:05:38
5.228 147.390 769.756 17:05:39
5.224 149.293 779.024 17:05:40
5.228 147.878 768.780 17:05:41
5.212 250.171 1034.146 17:05:42
5.228 147.780 770.244 17:05:43
5.228 149.098 781.463 17:05:44
5.228 149.683 779.024 17:05:45
5.228 149.585 778.537 17:05:46
5.224 163.976 853.659 17:05:47
5.228 146.585 769.756 17:05:48
5.220 154.780 804.878 17:05:49
5.228 147.488 768.293 17:05:50
5.228 146.683 772.683 17:05:51
5.228 153.195 769.756 17:05:52
5.228 146.585 1066.829 17:05:53
5.212 147.683 769.756 17:05:55
5.228 147.293 766.341 17:05:56
5.224 154.585 790.244 17:05:57
5.228 147.683 771.220 17:05:58
5.224 147.293 770.244 17:05:59
5.228 148.878 787.317 17:06:00
5.228 147.780 773.659 17:06:01
5.228 147.488 767.317 17:06:02
5.224 148.293 779.024 17:06:03
5.228 149.390 779.024 17:06:04
5.228 147.293 772.195 17:06:05
5.212 203.171 1063.902 17:06:06
5.224 149.585 784.878 17:06:07
5.228 149.780 786.341 17:06:08
5.228 149.780 779.024 17:06:09
5.228 149.683 779.024 17:06:10
5.228 146.683 771.220 17:06:11
5.228 147.390 769.756 17:06:12
5.228 151.293 791.220 17:06:13
5.216 181.293 929.268 17:06:14
5.224 147.878 771.220 17:06:15
5.228 147.488 771.220 17:06:16
5.228 147.098 769.756 17:06:17
5.228 147.293 768.293 17:06:18
5.224 154.390 768.780 17:06:19
5.220 147.390 768.780 17:06:20
5.228 146.683 768.780 17:06:21
5.212 203.780 1303.415 17:06:22
5.228 147.098 769.756 17:06:23
5.228 146.683 771.220 17:06:24
5.228 149.976 781.463 17:06:25
5.228 149.195 784.878 17:06:26
5.228 149.585 778.537 17:06:27
5.228 150.293 782.439 17:06:28
5.228 151.390 792.195 17:06:29
5.228 147.293 767.317 17:06:30
5.228 147.293 769.756 17:06:31
5.228 147.488 766.341 17:06:32
5.228 147.780 771.220 17:06:33
5.228 147.488 772.195 17:06:34
5.228 147.488 771.220 17:06:35
5.228 148.293 774.634 17:06:36
5.228 147.488 771.220 17:06:37
5.204 200.780 1036.585 17:06:38
5.228 147.195 769.756 17:06:39
5.228 147.390 769.756 17:06:40
5.228 147.390 769.756 17:06:41
5.228 146.585 768.293 17:06:42
5.228 147.195 772.683 17:06:43
5.228 147.293 768.780 17:06:44
5.208 153.683 802.439 17:06:45
5.228 147.293 768.293 17:06:46
5.228 147.878 769.756 17:06:47
5.228 147.195 765.854 17:06:48
5.216 186.073 940.000 17:06:49
5.228 147.293 769.756 17:06:50
5.228 146.878 766.341 17:06:51
5.228 151.293 791.220 17:06:52
5.228 147.390 771.220 17:06:53
5.228 146.390 765.854 17:06:54
5.228 147.488 770.244 17:06:55
5.228 147.293 769.756 17:06:56
5.224 146.780 766.341 17:06:57
5.228 147.585 767.317 17:06:58
5.228 148.976 775.122 17:06:59
5.228 159.878 779.024 17:07:00
5.212 242.268 1042.439 17:07:01
5.228 148.390 771.220 17:07:02
5.228 147.488 770.244 17:07:03
5.220 146.683 770.244 17:07:04
5.228 153.585 766.341 17:07:05
5.228 147.488 794.634 17:07:06
5.228 147.293 768.780 17:07:07
5.228 154.293 803.902 17:07:08
5.228 148.878 777.561 17:07:09
5.228 147.488 772.683 17:07:10
5.228 147.390 769.756 17:07:11
5.228 147.390 771.220 17:07:12
5.228 147.390 769.756 17:07:13
5.228 147.585 771.220 17:07:14
5.220 160.390 837.561 17:07:15
5.228 146.585 766.341 17:07:16
5.228 147.488 771.220 17:07:17
5.228 149.683 843.415 17:07:18
5.228 150.195 783.415 17:07:19
5.228 149.683 783.902 17:07:20
5.224 148.976 788.780 17:07:21
5.224 149.390 783.415 17:07:22
5.224 149.585 781.463 17:07:23
5.212 186.683 987.805 17:07:24
5.228 147.098 767.317 17:07:25
5.224 147.195 770.244 17:07:26
5.228 147.098 768.780 17:07:27
5.224 147.293 768.293 17:07:28
5.228 147.585 771.220 17:07:29
5.224 147.098 770.244 17:07:30
5.200 151.195 793.659 17:07:31
5.224 149.293 781.463 17:07:32
5.224 151.683 1082.927 17:07:33
5.228 147.488 771.220 17:07:34
5.228 146.683 768.293 17:07:35
5.228 147.390 769.756 17:07:36
5.228 147.878 767.317 17:07:37
5.228 147.390 770.244 17:07:38
5.228 147.293 769.756 17:07:39
5.212 198.683 1040.000 17:07:40
5.224 147.488 769.756 17:07:41
5.228 146.585 767.317 17:07:42
5.224 147.390 769.756 17:07:43
5.224 147.390 768.293 17:07:44
5.224 146.585 768.780 17:07:45
5.228 155.488 768.780 17:07:46
5.228 153.976 804.878 17:07:47
5.228 147.195 769.756 17:07:48
5.228 146.976 766.341 17:07:49
5.228 149.098 782.439 17:07:50
5.224 149.878 783.415 17:07:52
5.224 149.780 783.415 17:07:53
5.228 149.683 781.463 17:07:54
5.212 201.390 1117.561 17:07:55
5.208 148.488 783.415 17:07:56
5.212 151.195 792.195 17:07:57
5.224 149.683 782.439 17:07:58
5.228 146.878 768.293 17:07:59
5.228 150.488 1779.024 17:08:00
5.224 146.878 769.756 17:08:01
5.232 147.878 776.098 17:08:02
5.224 148.585 781.463 17:08:03
5.212 199.390 1048.780 17:08:04
5.228 147.098 769.756 17:08:05
5.228 147.195 771.220 17:08:06
5.228 147.488 774.634 17:08:07
5.228 146.683 769.756 17:08:08
5.224 147.293 767.317 17:08:09
5.228 147.195 767.317 17:08:10
5.228 153.976 803.902 17:08:11
5.228 147.293 769.756 17:08:12
5.228 146.585 765.854 17:08:13
5.228 146.585 767.317 17:08:14
5.228 146.878 770.244 17:08:15
5.228 147.293 766.341 17:08:16
5.224 147.390 769.756 17:08:17
5.224 160.390 839.024 17:08:18
5.228 147.390 765.854 17:08:19
5.224 148.780 781.463 17:08:20
5.228 149.488 783.902 17:08:21
5.228 150.585 796.098 17:08:22
5.224 149.585 774.634 17:08:23
5.228 150.098 783.415 17:08:24
5.224 150.585 789.756 17:08:25
5.228 146.390 764.878 17:08:26
5.228 147.098 768.780 17:08:27
5.228 146.683 769.756 17:08:28
5.228 147.293 768.780 17:08:29
5.228 147.488 770.244 17:08:30
5.228 146.683 765.854 17:08:31
5.228 147.293 770.244 17:08:32
5.228 147.195 769.756 17:08:33
5.204 222.268 1152.683 17:08:34
5.224 147.293 770.244 17:08:35
5.224 146.683 770.244 17:08:36
5.220 162.780 849.756 17:08:37
5.228 149.585 781.463 17:08:38
5.224 149.585 780.976 17:08:39
5.228 149.488 777.561 17:08:40
5.224 153.683 803.902 17:08:41
5.224 149.683 785.854 17:08:42
5.224 150.098 780.976 17:08:43
5.228 149.780 783.415 17:08:44
5.224 147.098 768.780 17:08:45
5.228 146.878 768.780 17:08:46
5.228 199.293 772.683 17:08:47
5.228 163.878 778.537 17:08:48
5.224 147.293 769.756 17:08:49
5.212 197.073 1026.829 17:08:50
5.228 147.293 770.244 17:08:51
5.228 147.293 769.756 17:08:52
5.224 159.976 836.098 17:08:53
5.228 147.878 772.683 17:08:54
5.224 148.976 777.561 17:08:55
5.228 147.390 768.293 17:08:56
5.200 220.390 1281.951 17:08:57
5.224 147.195 768.780 17:08:58
5.224 149.683 780.000 17:08:59
5.228 151.585 800.976 17:09:00
5.220 162.976 851.220 17:09:01
5.224 149.780 789.756 17:09:02
5.228 149.195 782.439 17:09:03
5.224 157.976 803.415 17:09:04
5.228 149.195 779.024 17:09:05
5.228 149.683 784.878 17:09:06
5.228 146.780 764.878 17:09:07
5.224 147.390 770.244 17:09:08
5.228 147.293 770.244 17:09:09
5.228 147.293 769.756 17:09:10
5.220 162.780 855.122 17:09:11
5.228 149.878 785.854 17:09:12
5.228 149.293 780.976 17:09:13
5.228 149.585 787.805 17:09:14
5.228 149.390 777.073 17:09:15
5.224 149.878 783.415 17:09:16
5.228 147.098 768.780 17:09:17
5.224 149.195 777.561 17:09:18
5.228 147.293 769.756 17:09:19
5.200 269.268 1060.488 17:09:20
5.228 147.585 770.244 17:09:21
5.228 146.780 770.244 17:09:22
5.228 146.488 769.756 17:09:23
5.228 147.293 768.293 17:09:24
5.228 149.195 776.098 17:09:25
5.232 156.195 768.293 17:09:26
5.192 204.683 1070.732 17:09:27
5.228 147.488 766.341 17:09:28
5.228 146.585 772.195 17:09:29
5.228 147.098 767.317 17:09:30
5.228 146.780 771.220 17:09:31
5.224 147.488 767.317 17:09:32
5.224 147.780 769.756 17:09:33
5.228 153.878 804.878 17:09:34
5.228 146.683 766.341 17:09:35
5.228 146.683 767.317 17:09:36
5.228 147.390 767.317 17:09:37
5.228 147.293 769.756 17:09:38
5.228 147.683 769.756 17:09:39
5.228 147.585 769.756 17:09:40
5.220 160.293 837.561 17:09:41
5.228 147.293 766.341 17:09:42
5.228 147.293 769.756 17:09:43
5.228 147.293 767.317 17:09:44
5.224 147.585 769.756 17:09:45
5.228 147.780 769.756 17:09:46
5.224 146.976 771.220 17:09:47
5.228 148.976 778.537 17:09:48
5.228 146.780 767.317 17:09:49
5.204 223.488 1161.951 17:09:50
5.228 147.293 769.756 17:09:51
5.228 146.878 769.756 17:09:52
5.228 147.293 767.317 17:09:53
5.224 147.683 770.244 17:09:55
5.224 146.585 770.244 17:09:56
5.224 147.293 770.244 17:09:57
5.224 166.390 807.317 17:09:58
5.228 147.293 769.756 17:09:59
5.228 202.976 1888.780 17:10:00
5.224 162.293 837.561 17:10:01
5.228 147.195 769.756 17:10:02
5.228 149.683 783.415 17:10:03
5.228 148.976 780.000 17:10:04
5.224 154.976 803.902 17:10:05
5.228 149.293 787.317 17:10:06
5.228 151.780 794.634 17:10:07
5.224 150.780 782.439 17:10:08
5.224 147.293 769.756 17:10:09
5.228 146.976 769.756 17:10:10
5.228 147.683 768.293 17:10:11
5.228 147.488 772.195 17:10:12
5.228 148.195 771.220 17:10:13
5.188 209.878 1096.585 17:10:14
5.228 147.488 770.244 17:10:15
5.228 147.293 769.756 17:10:16
5.228 146.780 771.220 17:10:17
5.228 147.098 769.756 17:10:18
5.228 147.683 772.195 17:10:19
5.228 147.293 769.756 17:10:20
5.228 154.683 802.439 17:10:21
5.228 149.585 780.000 17:10:22
5.228 149.585 784.878 17:10:23
5.228 148.098 770.244 17:10:24
5.220 147.195 767.317 17:10:25
5.224 147.683 770.244 17:10:26
5.228 147.488 769.756 17:10:27
5.220 161.683 846.341 17:10:28
5.228 147.293 769.756 17:10:29
5.208 215.171 1393.659 17:10:30
5.228 147.683 769.756 17:10:31
5.228 147.098 767.317 17:10:32
5.228 146.683 769.756 17:10:33
5.228 147.683 766.341 17:10:34
5.228 147.195 767.317 17:10:35
5.228 147.098 771.220 17:10:36
5.228 151.488 792.195 17:10:37
5.228 147.390 770.244 17:10:38
5.228 147.098 765.854 17:10:39
5.228 147.390 823.902 17:10:40
5.228 146.683 773.659 17:10:41
5.224 147.293 769.756 17:10:42
5.224 147.976 771.220 17:10:43
5.224 160.488 839.024 17:10:44
5.228 146.780 769.756 17:10:45
5.224 148.195 768.780 17:10:46
5.224 147.195 765.854 17:10:47
5.228 147.488 769.756 17:10:48
5.220 160.976 837.561 17:10:49
5.228 147.195 769.756 17:10:50
5.228 147.878 769.756 17:10:51
5.228 147.390 770.244 17:10:52
5.212 197.683 1030.244 17:10:53
5.224 147.390 770.244 17:10:54
5.228 147.390 771.220 17:10:55
5.224 147.390 769.756 17:10:56
5.228 147.195 770.244 17:10:57
5.220 160.976 837.561 17:10:58
5.228 147.195 765.854 17:10:59
5.192 203.171 1036.585 17:11:00
5.228 150.976 783.902 17:11:01
5.228 151.390 781.463 17:11:02
5.228 149.585 783.415 17:11:03
5.228 146.878 771.220 17:11:04
5.224 147.488 774.634 17:11:05
5.224 147.488 770.244 17:11:06
5.228 153.878 804.878 17:11:07
5.228 147.293 770.244 17:11:08
5.228 147.293 769.756 17:11:09
5.228 146.683 771.220 17:11:10
5.228 147.488 770.244 17:11:11
5.228 147.390 769.756 17:11:12
5.228 147.293 768.780 17:11:13
5.224 149.293 779.024 17:11:14
5.228 146.878 771.220 17:11:15
5.212 198.171 1026.341 17:11:16
5.232 147.585 770.244 17:11:17
5.228 147.585 769.756 17:11:18
5.228 146.683 763.902 17:11:19
5.228 148.098 777.073 17:11:20
5.228 147.293 770.244 17:11:21
5.228 146.780 767.317 17:11:22
5.224 153.976 1101.463 17:11:23
5.228 147.683 770.244 17:11:24
5.224 146.683 771.220 17:11:25
5.228 147.195 771.220 17:11:26
5.228 147.293 769.756 17:11:27
5.228 147.488 770.244 17:11:28
5.228 147.293 767.317 17:11:29
5.224 153.683 804.878 17:11:30
5.228 149.098 783.415 17:11:31
5.228 149.976 782.439 17:11:32
5.224 149.683 783.415 17:11:33
5.228 147.488 771.220 17:11:34
5.228 147.683 772.683 17:11:35
5.228 147.390 768.293 17:11:36
5.224 160.878 837.561 17:11:37
5.228 147.585 771.220 17:11:38
5.212 200.171 1052.683 17:11:39
5.228 147.195 769.756 17:11:40
5.228 147.976 768.293 17:11:41
5.224 147.780 769.756 17:11:42
5.228 146.683 768.780 17:11:43
5.224 147.488 772.195 17:11:44
5.228 147.195 770.244 17:11:45
5.220 160.683 839.024 17:11:46
5.228 148.195 768.293 17:11:47
5.224 146.585 768.293 17:11:48
5.228 146.683 772.683 17:11:50
5.224 146.976 782.439 17:11:51
5.224 160.390 837.561 17:11:52
5.228 146.683 767.317 17:11:53
5.224 148.390 780.976 17:11:54
5.228 146.878 771.220 17:11:55
5.228 148.878 777.073 17:11:56
5.224 147.488 767.317 17:11:57
5.228 147.098 765.854 17:11:58
5.224 146.683 768.780 17:11:59
5.228 166.683 780.976 17:12:00
5.224 153.878 803.902 17:12:01
5.228 148.098 776.098 17:12:02
5.228 147.293 767.317 17:12:03
5.228 147.683 772.195 17:12:04
5.228 147.390 767.317 17:12:05
5.224 146.585 767.317 17:12:06
5.228 147.488 772.683 17:12:07
5.228 149.195 779.024 17:12:08
5.228 146.976 770.244 17:12:09
5.204 220.585 1144.390 17:12:10
5.224 147.488 772.683 17:12:11
5.228 147.293 767.317 17:12:12
5.228 147.293 771.220 17:12:13
5.224 146.683 768.780 17:12:14
5.224 147.780 771.220 17:12:15
5.228 147.390 768.780 17:12:16
5.228 151.293 791.220 17:12:17
5.224 160.878 799.024 17:12:18
5.228 147.195 769.756 17:12:19
5.224 160.073 837.561 17:12:20
5.228 147.293 769.756 17:12:21
5.224 149.488 783.415 17:12:22
5.228 149.780 781.463 17:12:23
5.192 289.976 861.463 17:12:24
5.228 149.878 781.463 17:12:25
5.224 151.390 791.220 17:12:26
5.228 149.683 781.463 17:12:27
5.232 149.780 778.537 17:12:28
5.228 147.488 771.220 17:12:29
5.228 147.488 769.756 17:12:30
5.228 147.293 766.341 17:12:31
5.224 146.683 771.220 17:12:32
5.212 199.390 1059.024 17:12:33
5.228 147.098 797.561 17:12:34
5.228 146.976 765.854 17:12:35
5.224 147.098 768.293 17:12:36
5.228 147.390 768.780 17:12:37
5.228 146.683 769.756 17:12:38
5.228 147.293 769.756 17:12:39
5.228 150.780 787.317 17:12:40
5.228 147.293 768.293 17:12:41
5.228 147.098 770.244 17:12:42
5.228 147.390 769.756 17:12:43
5.228 147.195 768.780 17:12:44
5.228 147.195 767.317 17:12:45
5.228 148.293 768.293 17:12:46
5.220 160.878 844.878 17:12:47
5.228 147.293 765.854 17:12:48
5.224 147.293 769.756 17:12:49
5.224 147.390 771.220 17:12:50
5.228 147.585 770.244 17:12:51
5.220 162.683 852.683 17:12:52
5.228 149.878 783.415 17:12:53
5.224 149.585 783.415 17:12:54
5.228 148.878 782.439 17:12:55
5.224 156.488 819.024 17:12:56
5.228 149.878 782.439 17:12:57
5.224 149.976 782.439 17:12:58
5.228 149.878 782.439 17:12:59
5.228 155.195 1884.390 17:13:00
5.228 147.585 774.634 17:13:01
5.228 146.683 768.293 17:13:02
5.224 150.683 791.220 17:13:03
5.224 146.878 767.317 17:13:04
5.228 147.195 769.756 17:13:05
5.228 147.878 771.220 17:13:06
5.224 147.585 768.780 17:13:07
5.228 146.878 771.220 17:13:08
5.228 147.195 771.220 17:13:09
5.228 148.878 776.098 17:13:10
5.228 147.293 769.756 17:13:11
5.204 210.878 1095.122 17:13:12
5.228 146.878 767.317 17:13:13
5.228 147.293 771.220 17:13:14
5.228 147.098 768.293 17:13:15
5.228 147.293 770.244 17:13:16
5.228 147.293 768.293 17:13:17
5.224 147.293 769.756 17:13:18
5.224 151.390 791.220 17:13:19
5.228 147.098 769.756 17:13:20
5.228 147.293 771.220 17:13:21
5.228 147.390 770.244 17:13:22
5.224 147.390 768.780 17:13:23
5.228 148.976 781.463 17:13:24
5.228 149.488 782.439 17:13:25
5.228 149.293 779.024 17:13:26
5.228 147.390 767.317 17:13:27
5.224 148.683 778.537 17:13:28
5.228 147.293 769.756 17:13:29
5.228 147.390 769.756 17:13:30
5.228 149.488 782.439 17:13:31
5.228 149.780 782.439 17:13:32
5.228 149.585 783.415 17:13:33
5.224 149.585 781.463 17:13:34
5.224 155.683 820.000 17:13:35
5.228 146.878 771.220 17:13:36
5.228 147.293 767.317 17:13:37
5.224 147.293 768.780 17:13:38
5.228 146.683 768.293 17:13:39
5.224 153.976 768.780 17:13:40
5.228 147.098 766.341 17:13:41
5.228 153.683 801.463 17:13:42
5.228 149.683 783.415 17:13:43
5.228 149.585 778.537 17:13:44
5.228 148.976 781.463 17:13:46
5.228 149.585 781.463 17:13:47
5.228 147.293 769.756 17:13:48
5.228 146.488 769.756 17:13:49
5.228 148.976 779.024 17:13:50
5.228 155.073 810.244 17:13:51
5.200 202.073 1052.683 17:13:52
5.228 147.195 768.780 17:13:53
5.228 147.195 769.756 17:13:54
5.228 146.683 766.341 17:13:55
5.228 146.976 767.317 17:13:56
5.228 147.488 770.244 17:13:57
5.228 147.488 770.244 17:13:58
5.224 160.488 837.561 17:13:59
5.228 371.756 779.024 17:14:00
5.224 151.098 789.756 17:14:01
5.228 147.488 771.220 17:14:02
5.228 147.585 771.220 17:14:03
5.224 160.390 837.561 17:14:04
5.228 147.195 767.317 17:14:05
5.228 151.195 790.244 17:14:06
5.224 148.390 769.756 17:14:07
5.228 147.390 775.122 17:14:08
5.228 149.585 781.463 17:14:09
5.228 149.195 777.561 17:14:10
5.228 148.976 783.415 17:14:11
5.228 146.683 768.293 17:14:12
5.228 147.293 766.341 17:14:13
5.228 147.390 769.756 17:14:14
5.192 294.780 1022.927 17:14:15
5.228 146.683 767.317 17:14:16
5.228 147.195 768.780 17:14:17
5.228 147.390 771.220 17:14:18
5.228 147.195 766.341 17:14:19
5.224 160.878 836.585 17:14:20
5.228 147.195 766.341 17:14:21
5.224 153.976 805.854 17:14:22
5.228 147.098 771.220 17:14:23
5.220 147.976 770.244 17:14:24
5.228 152.780 772.683 17:14:25
5.228 146.780 801.463 17:14:26
5.228 147.390 767.317 17:14:27
5.228 148.293 765.854 17:14:28
5.228 148.976 896.585 17:14:29
5.228 147.293 769.756 17:14:30
5.212 198.780 1035.610 17:14:31
5.228 147.293 771.220 17:14:32
5.228 147.488 769.756 17:14:33
5.220 160.073 838.537 17:14:34
5.224 147.195 772.683 17:14:35
5.228 148.976 773.659 17:14:36
5.224 146.585 767.317 17:14:37
5.204 220.488 1150.732 17:14:38
5.228 147.195 766.341 17:14:39
5.224 146.585 767.317 17:14:40
5.228 147.098 1066.341 17:14:41
5.212 146.390 768.293 17:14:42
5.228 147.390 771.220 17:14:43
5.228 165.195 768.293 17:14:44
5.228 182.293 792.195 17:14:45
5.228 147.293 766.341 17:14:46
5.228 146.780 771.220 17:14:47
5.228 147.390 772.195 17:14:48
5.228 147.195 769.756 17:14:49
5.228 147.390 770.244 17:14:50
5.228 148.488 774.634 17:14:51
5.224 160.195 837.561 17:14:52
5.228 146.683 767.317 17:14:53
5.228 156.293 769.756 17:14:54
5.228 148.878 832.683 17:14:55
5.228 149.780 774.634 17:14:56
5.228 146.780 767.317 17:14:57
5.228 147.585 769.756 17:14:58
5.212 153.878 803.902 17:14:59
5.220 148.976 1534.634 17:15:00
5.216 148.098 781.463 17:15:01
5.228 147.293 771.220 17:15:02
5.224 148.098 770.244 17:15:03
5.224 160.073 839.024 17:15:04
5.228 147.293 774.634 17:15:05
5.224 161.488 844.878 17:15:06
5.228 147.293 764.878 17:15:07
5.228 147.195 768.780 17:15:08
5.224 146.780 766.341 17:15:09
5.224 147.488 770.244 17:15:10
5.228 147.683 769.756 17:15:11
5.228 146.976 767.317 17:15:12
5.224 148.488 776.098 17:15:13
5.228 146.683 767.317 17:15:14
5.212 201.585 1031.220 17:15:15
5.228 147.488 771.220 17:15:16
5.228 146.683 769.756 17:15:17
5.228 147.585 767.317 17:15:18
5.228 147.488 771.220 17:15:19
5.228 161.976 838.537 17:15:20
5.228 146.390 766.341 17:15:21
5.224 160.683 839.024 17:15:22
5.228 147.488 771.220 17:15:23
5.228 147.488 772.195 17:15:24
5.228 147.195 769.756 17:15:25
5.224 147.293 770.244 17:15:26
5.228 149.683 777.561 17:15:27
5.228 149.683 777.561 17:15:28
5.228 153.878 803.902 17:15:29
5.224 156.488 817.561 17:15:30
5.228 149.488 781.463 17:15:31
5.228 146.878 770.244 17:15:32
5.228 147.293 769.756 17:15:33
5.228 147.293 772.195 17:15:34
5.224 147.390 772.195 17:15:35
5.220 159.780 836.098 17:15:36
5.228 147.098 762.439 17:15:37
5.228 154.390 805.854 17:15:38
5.228 147.195 771.220 17:15:39
5.224 146.878 769.756 17:15:40
5.220 160.390 836.098 17:15:41
5.228 146.390 768.780 17:15:42
5.224 149.683 784.878 17:15:43
5.228 149.293 782.439 17:15:44
5.224 153.585 823.415 17:15:45
5.228 149.683 789.756 17:15:46
5.228 147.293 768.293 17:15:47
5.228 147.390 770.244 17:15:49
5.224 147.585 771.220 17:15:50
5.228 147.780 769.756 17:15:51
5.228 147.585 770.244 17:15:52
5.192 277.268 1438.537 17:15:53
5.228 145.976 763.415 17:15:54
5.228 147.293 770.244 17:15:55
5.228 147.683 770.244 17:15:56
5.228 147.390 770.244 17:15:57
5.228 147.390 767.317 17:15:58
5.228 147.293 771.220 17:15:59
5.228 150.390 1391.707 17:16:00
5.228 151.488 790.244 17:16:01
5.204 220.488 1147.805 17:16:02
5.228 147.293 769.756 17:16:03
5.228 147.878 766.341 17:16:04
5.228 146.585 768.780 17:16:05
5.228 147.098 771.220 17:16:06
5.228 147.488 770.244 17:16:07
5.228 146.878 767.317 17:16:08
5.228 156.878 817.561 17:16:09
5.228 150.098 781.463 17:16:10
5.228 149.976 783.415 17:16:11
5.224 150.585 783.415 17:16:12
5.228 147.098 769.756 17:16:13
5.228 146.878 772.683 17:16:14
5.224 147.488 767.317 17:16:15
5.212 201.488 1088.780 17:16:16
5.224 147.195 1064.390 17:16:17
5.192 235.268 860.000 17:16:18
5.228 147.780 772.683 17:16:19
5.228 146.780 770.244 17:16:20
5.224 147.488 771.220 17:16:21
5.232 147.585 771.220 17:16:22
5.224 151.390 816.585 17:16:23
5.224 147.293 762.439 17:16:24
5.208 199.585 1116.585 17:16:25
5.224 146.878 768.780 17:16:26
5.228 147.585 771.220 17:16:27
5.228 148.390 769.756 17:16:28
5.228 147.293 769.756 17:16:29
5.228 147.488 770.244 17:16:30
5.228 146.585 768.293 17:16:31
5.220 160.195 840.000 17:16:32
5.228 146.780 769.756 17:16:33
5.228 147.195 768.780 17:16:34
5.224 147.293 769.756 17:16:35
5.228 149.488 781.463 17:16:36
5.228 149.780 783.415 17:16:37
5.228 149.488 783.415 17:16:38
5.228 151.585 792.683 17:16:39
5.224 149.683 783.415 17:16:40
5.196 205.878 1045.366 17:16:41
5.224 146.683 819.024 17:16:42
5.228 146.585 767.317 17:16:43
5.228 147.683 771.220 17:16:44
5.228 147.390 769.756 17:16:45
5.224 148.293 777.561 17:16:46
5.228 148.098 771.220 17:16:47
5.224 151.683 791.220 17:16:48
5.228 146.878 766.341 17:16:49
5.224 147.390 769.756 17:16:50
5.228 147.488 771.220 17:16:51
5.228 147.195 769.756 17:16:52
5.228 147.390 771.220 17:16:53
5.228 147.293 771.220 17:16:54
5.228 148.683 778.537 17:16:55
5.228 146.585 768.293 17:16:56
5.212 197.073 1025.366 17:16:57
5.228 147.293 768.293 17:16:58
5.228 147.293 769.756 17:16:59
5.220 163.073 856.585 17:17:00
5.224 147.293 772.195 17:17:01
5.228 147.683 771.220 17:17:02
5.224 147.293 770.244 17:17:03
5.228 153.878 805.854 17:17:04
5.224 147.976 771.220 17:17:05
5.228 147.585 769.756 17:17:06
5.228 147.390 770.244 17:17:07
5.224 146.390 771.220 17:17:08
5.228 147.585 770.244 17:17:09
5.228 147.195 767.317 17:17:10
5.208 148.878 862.439 17:17:11
5.224 149.683 787.317 17:17:12
5.224 156.488 779.024 17:17:13
5.228 147.293 795.122 17:17:14
5.228 147.390 766.341 17:17:15
5.228 147.488 771.220 17:17:16
5.228 146.195 771.220 17:17:17
5.196 244.268 1280.488 17:17:18
5.220 147.488 768.293 17:17:19
5.200 148.390 777.561 17:17:20
5.228 147.293 769.756 17:17:21
5.228 147.293 770.244 17:17:22
5.220 160.488 837.561 17:17:23
5.228 147.780 769.756 17:17:24
5.224 147.585 771.220 17:17:25
5.228 146.780 771.220 17:17:26
5.208 214.878 1160.488 17:17:27
5.228 146.585 770.244 17:17:28
5.228 149.585 781.463 17:17:29
5.228 149.780 781.463 17:17:30
5.228 148.195 782.439 17:17:31
5.224 163.585 853.659 17:17:32
5.220 149.195 781.463 17:17:33
5.224 153.780 1076.585 17:17:34
5.228 147.098 771.220 17:17:35
5.224 146.976 768.293 17:17:36
5.228 146.878 771.220 17:17:37
5.228 147.293 771.220 17:17:38
5.228 147.098 768.293 17:17:39
5.228 147.488 766.341 17:17:40
5.220 162.878 849.756 17:17:41
5.224 149.488 838.537 17:17:42
5.224 154.073 1163.902 17:17:43
5.212 147.683 770.244 17:17:44
5.224 147.780 771.220 17:17:45
5.228 150.195 768.293 17:17:46
5.224 147.195 768.293 17:17:48
5.228 147.585 771.220 17:17:49
5.224 147.488 772.195 17:17:50
5.220 157.073 790.244 17:17:51
5.228 148.098 774.634 17:17:52
5.228 147.585 771.220 17:17:53
5.228 147.488 772.195 17:17:54
5.228 146.878 768.293 17:17:55
5.228 148.683 772.195 17:17:56
5.228 146.683 769.756 17:17:57
5.228 149.293 781.463 17:17:58
5.228 147.780 770.244 17:17:59
5.212 202.683 1045.366 17:18:00
5.228 148.585 771.220 17:18:01
5.228 147.976 774.634 17:18:02
5.224 147.293 772.683 17:18:03
5.228 147.976 774.634 17:18:04
5.212 179.585 835.122 17:18:05
5.228 149.976 779.024 17:18:06
5.220 162.878 850.244 17:18:07
5.224 149.195 781.463 17:18:08
5.224 149.488 778.537 17:18:09
5.228 149.683 781.463 17:18:10
5.224 149.683 783.902 17:18:11
5.228 146.780 771.220 17:18:12
5.228 147.390 769.756 17:18:13
5.224 153.878 803.902 17:18:14
5.228 146.878 771.220 17:18:15
5.228 146.976 771.220 17:18:16
5.228 147.488 769.756 17:18:17
5.224 147.293 770.244 17:18:18
5.224 160.390 838.537 17:18:19
5.228 146.780 765.854 17:18:20
5.228 147.390 771.220 17:18:21
5.228 147.195 771.220 17:18:22
5.224 153.878 858.537 17:18:23
5.228 146.976 772.683 17:18:24
5.232 146.683 767.317 17:18:25
5.224 160.390 847.317 17:18:26
5.224 147.293 768.780 17:18:27
5.224 146.976 766.341 17:18:28
5.228 146.683 765.854 17:18:29
5.228 154.390 801.463 17:18:30
5.224 147.195 770.244 17:18:31
5.228 204.073 1051.707 17:18:32
5.228 149.780 806.341 17:18:33
5.228 148.976 779.024 17:18:34
5.228 147.585 770.244 17:18:35
5.228 147.390 768.293 17:18:36
5.216 147.683 772.195 17:18:37
5.228 147.488 768.293 17:18:38
5.208 239.878 1108.293 17:18:39
5.224 147.585 773.659 17:18:40
5.228 146.878 771.220 17:18:41
5.220 147.683 771.220 17:18:42
5.228 146.390 767.317 17:18:43
5.228 148.976 779.024 17:18:44
5.228 147.585 768.780 17:18:45
5.224 156.488 816.585 17:18:46
5.228 150.195 781.463 17:18:47
5.228 149.780 783.415 17:18:48
5.228 159.390 783.415 17:18:49
5.224 149.878 783.415 17:18:50
5.224 147.488 771.220 17:18:51
5.228 147.878 772.683 17:18:52
5.228 153.585 803.902 17:18:53
5.228 147.488 769.756 17:18:54
5.228 146.976 770.244 17:18:55
5.232 146.780 767.317 17:18:56
5.228 147.293 771.220 17:18:57
5.228 147.878 771.220 17:18:58
5.228 147.293 769.756 17:18:59
5.224 153.098 1855.610 17:19:00
5.228 147.683 771.220 17:19:01
5.228 148.390 773.659 17:19:02
5.228 147.878 779.024 17:19:03
5.224 147.488 774.634 17:19:04
5.228 146.683 766.341 17:19:05
5.224 147.488 769.756 17:19:06
5.228 151.390 790.244 17:19:07
5.228 147.390 765.854 17:19:08
5.228 147.878 771.220 17:19:09
5.228 149.098 783.415 17:19:10
5.228 149.293 783.415 17:19:11
5.224 149.976 778.537 17:19:12
5.228 149.585 792.683 17:19:13
5.224 153.780 803.415 17:19:14
5.228 147.390 769.756 17:19:15
5.228 147.390 774.634 17:19:16
5.224 147.293 771.220 17:19:17
5.228 146.976 769.756 17:19:18
5.228 147.488 770.244 17:19:19
5.224 146.780 767.317 17:19:20
5.228 148.585 780.976 17:19:21
5.228 147.293 768.293 17:19:22
5.200 214.171 1045.366 17:19:23
5.228 149.878 781.463 17:19:24
5.224 153.585 783.415 17:19:25
5.228 147.488 805.854 17:19:26
5.224 147.488 768.780 17:19:27
5.224 147.780 773.659 17:19:28
5.228 147.780 767.317 17:19:29
5.224 156.390 820.000 17:19:30
5.228 151.585 797.073 17:19:31
5.224 151.878 792.195 17:19:32
5.228 148.780 776.098 17:19:33
5.224 148.780 777.561 17:19:34
5.228 149.585 783.415 17:19:35
5.228 151.293 793.659 17:19:36
5.228 152.098 792.195 17:19:37
5.228 149.585 780.000 17:19:39
5.200 223.585 1159.024 17:19:40
5.228 147.683 771.220 17:19:41
5.228 147.390 769.756 17:19:42
5.228 147.488 771.220 17:19:43
5.228 146.585 768.293 17:19:44
5.224 147.683 768.293 17:19:45
5.224 147.488 771.220 17:19:46
5.228 153.488 807.317 17:19:47
5.228 147.683 771.220 17:19:48
5.228 147.585 769.756 17:19:49
5.228 147.195 769.756 17:19:50
5.228 147.585 768.293 17:19:51
5.220 160.683 836.585 17:19:52
5.228 146.780 767.317 17:19:53
5.224 160.683 837.561 17:19:54
5.228 147.683 769.756 17:19:55
5.224 155.976 815.122 17:19:56
5.228 147.488 771.220 17:19:57
5.224 146.780 772.683 17:19:58
5.216 160.585 841.463 17:19:59
5.228 148.780 775.122 17:20:00
5.224 151.293 845.366 17:20:01
5.228 147.390 773.659 17:20:02
5.224 154.195 810.244 17:20:03
5.228 147.293 772.683 17:20:04
5.228 147.390 767.317 17:20:05
5.228 147.293 771.220 17:20:06
5.228 146.878 764.878 17:20:07
5.224 148.976 782.439 17:20:08
5.224 149.683 780.000 17:20:09
5.208 203.683 1069.268 17:20:10
5.228 147.195 769.756 17:20:11
5.228 235.171 1061.951 17:20:12
5.228 147.683 770.244 17:20:13
5.228 147.683 769.756 17:20:14
5.228 146.293 768.780 17:20:15
5.224 147.293 769.756 17:20:16
5.224 161.780 847.805 17:20:17
5.228 147.488 771.220 17:20:18
5.212 198.293 1031.707 17:20:19
5.228 146.976 767.317 17:20:20
5.228 146.878 771.220 17:20:21
5.228 147.390 772.195 17:20:22
5.228 155.780 812.683 17:20:23
5.224 147.390 768.293 17:20:24
5.228 146.780 771.220 17:20:25
5.224 160.390 1032.683 17:20:26
5.228 147.098 769.756 17:20:27
5.224 147.488 774.634 17:20:28
5.228 146.683 773.659 17:20:29
5.228 199.488 771.220 17:20:30
5.224 147.195 767.317 17:20:31
5.228 146.585 767.317 17:20:32
5.224 160.780 844.878 17:20:33
5.228 147.488 768.293 17:20:34
5.228 148.585 780.000 17:20:35
5.224 149.878 807.805 17:20:36
5.228 148.293 782.439 17:20:37
5.228 149.780 783.415 17:20:38
5.228 149.780 781.463 17:20:39
5.228 150.098 783.415 17:20:40
5.228 149.683 783.902 17:20:41
5.228 156.390 818.537 17:20:42
5.228 156.878 770.244 17:20:43
5.228 147.390 819.024 17:20:44
5.228 147.488 772.683 17:20:45
5.228 147.195 771.220 17:20:46
5.228 147.585 771.220 17:20:47
5.228 147.293 767.317 17:20:48
5.224 148.585 779.024 17:20:49
5.220 147.195 767.317 17:20:50
5.212 226.780 1050.244 17:20:51
5.228 147.488 769.756 17:20:52
5.228 147.195 767.317 17:20:53
5.228 147.585 768.293 17:20:54
5.228 147.293 769.756 17:20:55
5.228 147.683 771.220 17:20:56
5.216 174.878 936.098 17:20:57
5.220 160.390 838.537 17:20:58
5.228 147.488 770.244 17:20:59
5.228 150.098 776.098 17:21:00
5.228 146.878 768.293 17:21:01
5.228 146.683 766.341 17:21:02
5.228 147.585 769.756 17:21:03
5.228 147.878 770.244 17:21:04
5.224 154.488 807.805 17:21:05
5.224 146.683 769.756 17:21:06
5.228 155.293 770.244 17:21:07
5.228 147.390 770.244 17:21:08
5.224 147.488 767.317 17:21:09
5.224 159.878 840.976 17:21:10
5.228 147.293 770.244 17:21:11
5.228 162.488 768.293 17:21:12
5.228 148.293 768.780 17:21:13
5.228 147.195 766.341 17:21:14
5.228 147.683 769.756 17:21:15
5.228 146.878 776.098 17:21:16
5.228 146.683 769.756 17:21:17
5.228 146.585 766.341 17:21:18
5.220 149.098 778.537 17:21:19
5.228 147.488 769.756 17:21:20
5.208 224.585 1042.927 17:21:21
5.228 147.293 769.756 17:21:22
5.228 159.293 837.561 17:21:23
5.224 161.195 836.585 17:21:24
5.224 157.976 772.195 17:21:25
5.228 147.098 768.780 17:21:26
