5.220 156.500 818.049 05:05:13
5.192 245.988 1272.683 05:05:14
5.220 162.890 850.488 05:05:15
5.228 153.598 802.439 05:05:16
5.228 149.598 781.707 05:05:17
5.124 474.244 2365.854 05:05:18
5.228 148.976 780.000 05:05:19
5.224 149.488 782.439 05:05:20
5.220 163.073 850.244 05:05:21
5.228 148.780 781.463 05:05:22
5.140 396.561 2016.585 05:05:23
5.228 152.293 948.780 05:05:24
5.164 332.366 1930.732 05:05:25
5.228 161.878 819.024 05:05:26
5.224 151.976 840.976 05:05:27
5.220 166.390 863.902 05:05:28
5.212 176.195 981.463 05:05:29
5.188 252.073 1567.317 05:05:30
5.228 176.390 788.780 05:05:31
5.184 306.073 1756.098 05:05:32
5.224 216.683 811.220 05:05:33
5.228 151.098 789.756 05:05:34
5.220 164.293 850.244 05:05:35
5.224 151.780 795.122 05:05:36
5.124 349.073 1806.829 05:05:37
5.224 152.098 795.122 05:05:38
5.152 399.073 1880.488 05:05:39
5.228 149.878 781.463 05:05:40
5.228 148.878 781.463 05:05:41
5.220 153.878 803.902 05:05:42
5.224 149.488 780.976 05:05:43
5.220 163.390 852.683 05:05:44
5.228 149.585 784.878 05:05:45
5.148 331.463 1731.220 05:05:46
5.208 149.780 783.415 05:05:47
5.204 150.780 792.195 05:05:48
5.228 153.878 804.878 05:05:49
5.228 149.585 779.024 05:05:50
5.224 163.293 851.220 05:05:51
5.228 149.683 781.463 05:05:52
5.196 228.976 1006.829 05:05:53
5.228 150.098 784.878 05:05:54
5.228 151.390 1059.024 05:05:55
5.224 149.878 780.976 05:05:56
5.228 151.390 782.439 05:05:57
5.220 163.195 853.659 05:05:58
5.228 150.195 784.878 05:05:59
5.220 165.683 867.317 05:06:00
5.228 170.195 780.000 05:06:01
5.180 388.951 1974.146 05:06:02
5.224 149.976 780.976 05:06:03
5.228 150.780 797.561 05:06:04
5.224 165.585 870.244 05:06:05
5.224 152.390 834.634 05:06:06
5.196 262.683 1155.610 05:06:07
5.228 152.293 795.122 05:06:08
5.176 304.878 1822.927 05:06:09
5.224 150.195 783.415 05:06:10
5.228 149.780 782.439 05:06:11
5.220 163.390 852.683 05:06:12
5.224 149.585 783.415 05:06:13
5.160 265.585 1445.854 05:06:14
5.228 149.683 783.415 05:06:15
5.144 358.073 2171.707 05:06:16
5.228 149.878 783.902 05:06:17
5.228 149.683 781.463 05:06:18
5.228 153.976 805.854 05:06:19
5.224 149.390 782.439 05:06:20
5.224 163.683 855.122 05:06:21
5.228 149.683 783.415 05:06:22
5.108 484.366 2367.317 05:06:23
5.224 149.878 790.244 05:06:24
5.216 182.780 949.268 05:06:25
5.228 153.098 871.220 05:06:26
5.224 148.878 782.439 05:06:27
5.220 163.293 852.683 05:06:28
5.228 149.780 783.415 05:06:29
5.220 165.683 865.366 05:06:30
5.224 152.390 795.122 05:06:31
5.168 341.073 2030.244 05:06:32
5.224 154.293 806.341 05:06:33
5.224 152.098 794.634 05:06:34
5.220 165.878 867.805 05:06:35
5.228 152.195 795.122 05:06:36
5.220 165.488 865.366 05:06:37
5.224 149.098 779.024 05:06:38
5.120 418.951 2354.634 05:06:39
5.212 179.683 954.146 05:06:40
5.224 149.683 780.976 05:06:41
5.224 156.683 818.537 05:06:42
5.228 152.293 794.634 05:06:43
5.220 165.878 868.780 05:06:44
5.224 152.098 794.634 05:06:45
5.112 479.854 2444.878 05:06:46
5.224 149.780 783.902 05:06:47
5.224 151.976 794.634 05:06:48
5.220 166.195 864.878 05:06:49
5.228 153.195 797.561 05:06:50
5.220 169.293 882.439 05:06:51
5.228 151.780 792.683 05:06:52
5.148 397.171 2044.390 05:06:53
5.228 157.585 783.902 05:06:54
5.228 149.878 783.415 05:06:55
5.220 163.195 853.659 05:06:56
5.224 149.098 782.439 05:06:57
5.196 296.683 1534.634 05:06:58
5.224 150.390 786.341 05:07:00
5.196 302.073 1572.683 05:07:01
5.224 149.878 780.976 05:07:02
5.228 149.878 786.341 05:07:03
5.220 163.073 852.683 05:07:04
5.228 149.878 784.878 05:07:05
5.164 254.585 1346.829 05:07:06
5.224 149.976 782.439 05:07:07
5.144 484.049 2496.098 05:07:08
5.228 150.390 806.341 05:07:09
5.228 149.098 783.415 05:07:10
5.220 163.585 852.683 05:07:11
5.224 152.390 795.122 05:07:12
5.216 165.585 869.756 05:07:13
5.228 152.195 795.122 05:07:14
5.148 477.244 1305.854 05:07:15
5.228 152.293 797.073 05:07:16
5.200 162.585 804.878 05:07:17
5.228 153.976 804.878 05:07:18
5.224 149.098 782.439 05:07:19
5.224 163.683 853.659 05:07:20
5.228 149.683 784.878 05:07:21
5.124 502.756 2572.683 05:07:22
5.228 152.390 792.195 05:07:23
5.228 152.390 793.659 05:07:24
5.224 156.073 819.024 05:07:25
5.224 151.976 792.195 05:07:26
5.224 163.488 853.659 05:07:27
5.224 151.976 795.122 05:07:28
5.216 168.073 872.195 05:07:29
5.224 161.683 796.098 05:07:30
5.224 152.683 843.415 05:07:31
5.220 156.976 819.024 05:07:32
5.228 152.098 794.634 05:07:33
5.216 163.976 853.659 05:07:34
5.224 149.976 783.902 05:07:35
5.196 254.073 1298.049 05:07:36
5.216 184.976 956.098 05:07:37
5.208 205.073 1095.610 05:07:38
5.228 153.976 803.902 05:07:39
5.228 150.293 783.415 05:07:40
5.220 163.293 853.659 05:07:41
5.228 149.780 781.463 05:07:42
5.192 388.463 1269.268 05:07:43
5.224 153.780 803.415 05:07:44
5.184 312.073 1378.537 05:07:45
5.224 152.195 797.073 05:07:46
5.228 152.098 795.122 05:07:47
5.220 166.390 866.341 05:07:48
5.228 151.976 792.683 05:07:49
5.220 164.195 911.707 05:07:50
5.228 149.293 783.415 05:07:51
5.156 388.854 1959.024 05:07:52
5.224 163.195 855.122 05:07:53
5.224 149.488 785.854 05:07:54
5.224 163.585 856.098 05:07:55
5.228 149.195 783.415 05:07:56
5.220 166.585 865.366 05:07:57
5.228 150.195 784.878 05:07:58
5.152 404.854 1909.268 05:07:59
5.228 149.488 783.902 05:08:00
5.228 151.293 781.463 05:08:01
5.220 163.976 855.122 05:08:02
5.224 149.976 782.439 05:08:03
5.220 166.488 863.902 05:08:04
5.228 149.585 783.902 05:08:05
5.124 504.854 2527.805 05:08:06
5.216 185.171 938.537 05:08:07
5.224 149.780 781.463 05:08:08
5.228 150.293 783.415 05:08:09
5.224 149.976 783.415 05:08:10
5.220 163.585 856.098 05:08:11
5.224 149.780 784.878 05:08:12
5.216 373.756 1314.634 05:08:13
5.232 149.878 783.902 05:08:14
5.196 291.268 1761.463 05:08:15
5.224 153.976 803.902 05:08:16
5.224 149.878 783.415 05:08:17
5.224 163.293 856.098 05:08:18
5.228 149.878 780.976 05:08:19
5.220 167.878 872.195 05:08:20
5.228 149.878 784.878 05:08:21
5.204 268.171 1082.927 05:08:22
5.224 156.390 817.561 05:08:23
5.224 152.293 794.634 05:08:24
5.224 165.780 865.366 05:08:25
5.224 152.488 795.122 05:08:26
5.196 170.390 888.780 05:08:27
5.224 153.878 803.902 05:08:28
5.204 223.878 1163.902 05:08:29
5.228 154.073 806.341 05:08:30
5.224 149.683 783.415 05:08:31
5.220 163.293 882.439 05:08:32
5.228 149.878 783.902 05:08:33
5.220 166.293 867.317 05:08:34
5.228 149.585 783.902 05:08:35
5.184 223.073 1198.049 05:08:36
5.228 197.976 861.463 05:08:37
5.228 149.878 785.854 05:08:38
5.220 163.585 852.195 05:08:39
5.228 152.098 794.634 05:08:40
5.216 174.976 907.805 05:08:41
5.228 151.488 794.634 05:08:42
5.116 446.659 2186.829 05:08:43
5.228 150.098 783.902 05:08:44
5.224 154.195 804.878 05:08:45
5.224 154.976 816.585 05:08:46
5.224 150.098 783.902 05:08:47
5.220 163.683 853.659 05:08:48
5.228 149.293 781.463 05:08:49
5.220 165.780 865.366 05:08:50
5.228 149.878 780.000 05:08:51
5.160 249.878 1297.073 05:08:52
5.216 182.878 956.098 05:08:53
5.192 213.780 1113.171 05:08:54
5.220 154.488 803.902 05:08:55
5.228 149.098 780.000 05:08:56
5.220 165.585 863.902 05:08:57
5.232 149.878 782.439 05:08:58
5.144 416.756 2112.195 05:08:59
5.228 150.098 787.317 05:09:00
5.200 225.390 1171.707 05:09:01
5.228 153.878 797.073 05:09:02
5.228 153.098 796.098 05:09:03
5.224 156.488 819.024 05:09:05
5.224 151.195 793.659 05:09:06
5.220 168.780 879.024 05:09:07
5.224 152.293 796.098 05:09:08
5.168 346.976 1744.878 05:09:09
5.228 150.293 784.878 05:09:10
5.224 151.293 987.805 05:09:11
5.200 257.073 1318.049 05:09:12
5.228 150.098 784.878 05:09:13
5.220 163.488 853.659 05:09:14
5.216 184.780 955.122 05:09:15
5.224 165.976 867.805 05:09:16
5.228 149.976 783.902 05:09:17
5.180 360.268 1860.488 05:09:18
5.228 150.098 784.878 05:09:19
5.224 149.878 784.878 05:09:20
5.224 163.195 853.659 05:09:21
5.224 149.878 783.415 05:09:22
5.164 263.878 1309.268 05:09:23
5.228 150.098 783.415 05:09:24
5.120 455.463 2397.561 05:09:25
5.228 150.098 784.878 05:09:26
5.224 148.976 781.463 05:09:27
5.224 150.195 784.878 05:09:28
5.228 149.098 783.415 05:09:29
5.220 164.976 932.683 05:09:30
5.228 149.976 781.463 05:09:31
5.216 166.073 1301.951 05:09:32
5.228 149.976 784.878 05:09:33
5.208 245.073 1065.366 05:09:34
5.228 153.780 810.244 05:09:35
5.224 149.878 783.415 05:09:36
5.220 163.293 856.098 05:09:37
5.228 150.488 786.341 05:09:38
5.224 165.488 860.000 05:09:39
5.224 149.878 783.415 05:09:40
5.228 149.293 781.463 05:09:41
5.224 153.878 803.902 05:09:42
5.228 150.390 783.415 05:09:43
5.224 163.878 856.585 05:09:44
5.228 149.488 907.317 05:09:45
5.220 167.293 868.780 05:09:46
5.228 150.293 783.902 05:09:47
5.180 258.585 1613.659 05:09:48
5.228 153.878 805.854 05:09:49
5.228 149.878 783.415 05:09:50
5.220 164.195 852.683 05:09:51
5.228 149.683 783.415 05:09:52
5.212 179.780 937.561 05:09:53
5.224 158.780 829.756 05:09:54
5.140 345.756 1330.732 05:09:55
5.224 152.390 796.098 05:09:56
5.224 152.195 794.634 05:09:57
5.224 156.293 816.585 05:09:58
5.224 149.976 780.976 05:09:59
5.220 163.585 853.659 05:10:00
5.228 355.659 797.073 05:10:01
5.144 495.463 2499.024 05:10:02
5.224 150.098 788.780 05:10:03
5.224 159.878 782.439 05:10:04
5.228 153.293 823.902 05:10:05
5.228 149.683 783.902 05:10:06
5.224 163.878 856.098 05:10:07
5.224 150.488 792.195 05:10:08
5.220 166.073 864.878 05:10:09
5.228 150.585 784.878 05:10:10
5.208 205.390 1138.049 05:10:11
5.224 156.488 817.561 05:10:12
5.224 152.098 794.634 05:10:13
5.220 165.780 868.780 05:10:14
5.224 152.195 797.073 05:10:15
5.220 169.390 882.439 05:10:16
5.228 149.976 780.976 05:10:17
5.212 258.780 1504.878 05:10:18
5.228 150.488 784.878 05:10:19
5.224 149.683 783.415 05:10:20
5.212 195.171 1095.122 05:10:21
5.228 149.976 784.878 05:10:22
5.220 165.585 971.707 05:10:23
5.224 152.390 795.122 05:10:24
5.224 152.098 794.634 05:10:25
5.224 156.390 816.585 05:10:26
5.224 152.195 794.634 05:10:27
5.220 165.878 863.902 05:10:28
5.228 149.780 783.902 05:10:29
5.220 166.293 868.780 05:10:30
5.224 149.780 784.878 05:10:31
5.228 151.293 789.756 05:10:32
5.228 154.073 803.902 05:10:33
5.228 149.780 783.415 05:10:34
5.220 163.683 852.683 05:10:35
5.224 149.780 783.415 05:10:36
5.220 165.293 1692.683 05:10:37
5.228 150.098 784.878 05:10:38
5.228 151.488 1238.049 05:10:39
5.224 152.488 799.024 05:10:40
5.228 152.585 793.659 05:10:41
5.220 166.390 865.366 05:10:42
5.224 152.098 796.098 05:10:43
5.220 174.293 904.878 05:10:44
5.228 152.293 797.073 05:10:45
5.188 262.268 1444.390 05:10:46
5.224 149.780 784.878 05:10:47
5.224 149.585 785.854 05:10:48
5.220 163.585 856.098 05:10:49
5.224 149.878 784.878 05:10:50
5.220 179.585 868.780 05:10:51
5.228 149.293 832.195 05:10:52
5.192 253.488 1301.951 05:10:53
5.228 149.390 785.854 05:10:54
5.224 149.976 784.878 05:10:55
5.224 153.976 836.098 05:10:56
5.228 162.195 784.878 05:10:57
5.224 165.195 863.902 05:10:58
5.224 150.098 781.463 05:10:59
5.140 500.049 2568.780 05:11:00
5.228 149.976 783.902 05:11:01
5.224 150.683 781.463 05:11:02
5.224 163.780 856.098 05:11:03
5.228 150.098 783.415 05:11:04
5.168 335.073 1280.488 05:11:05
5.224 150.098 780.000 05:11:06
5.160 320.659 1771.707 05:11:07
5.224 153.976 803.902 05:11:08
5.228 149.293 781.463 05:11:10
5.220 163.780 856.585 05:11:11
5.228 149.390 783.415 05:11:12
5.220 201.073 940.000 05:11:13
5.228 152.488 796.098 05:11:14
5.168 478.951 2481.463 05:11:15
5.220 152.488 797.073 05:11:16
5.228 154.293 806.341 05:11:17
5.220 165.683 868.780 05:11:18
5.228 153.878 806.341 05:11:19
5.160 251.976 1316.098 05:11:20
5.228 151.293 791.220 05:11:21
5.128 453.659 2359.512 05:11:22
5.220 187.171 960.488 05:11:23
5.224 149.878 781.463 05:11:24
5.228 154.195 805.854 05:11:25
5.224 149.976 782.439 05:11:26
5.220 164.390 854.146 05:11:27
5.228 149.878 784.878 05:11:28
5.120 417.854 1969.268 05:11:29
5.224 150.293 783.902 05:11:30
5.224 149.878 782.439 05:11:31
5.224 154.683 805.854 05:11:32
5.224 150.098 783.415 05:11:33
5.220 165.293 894.146 05:11:34
5.224 151.585 783.415 05:11:35
5.108 435.463 2480.976 05:11:36
5.224 152.683 797.073 05:11:37
5.228 152.098 792.195 05:11:38
5.220 156.390 817.561 05:11:39
5.224 152.195 796.098 05:11:40
5.220 219.585 880.976 05:11:41
5.228 152.390 803.415 05:11:42
5.116 519.659 2448.780 05:11:43
5.228 154.488 1010.244 05:11:44
5.220 149.878 778.537 05:11:45
5.220 163.390 922.439 05:11:46
5.228 149.098 782.439 05:11:47
5.160 385.463 1731.707 05:11:48
5.228 149.878 783.415 05:11:49
5.148 370.976 1736.098 05:11:50
5.224 150.195 784.878 05:11:51
5.224 153.098 782.439 05:11:52
5.224 153.488 801.463 05:11:53
5.228 149.976 783.415 05:11:54
5.224 165.780 863.415 05:11:55
5.228 149.878 784.878 05:11:56
5.112 503.049 2452.195 05:11:57
5.228 149.585 784.878 05:11:58
5.228 149.878 780.000 05:11:59
5.220 163.976 856.098 05:12:00
5.224 152.195 792.683 05:12:01
5.220 163.780 852.195 05:12:02
5.228 149.195 777.561 05:12:03
5.112 487.756 2089.268 05:12:04
5.224 149.585 780.976 05:12:05
5.228 150.976 786.341 05:12:06
5.228 148.878 780.976 05:12:07
5.228 148.976 780.000 05:12:08
5.220 162.878 847.805 05:12:09
5.228 149.683 779.024 05:12:10
5.192 276.976 1286.829 05:12:11
5.220 151.683 791.220 05:12:12
5.164 339.073 1754.146 05:12:13
5.224 149.390 781.463 05:12:14
5.228 148.683 782.439 05:12:15
5.224 162.683 847.805 05:12:16
5.228 149.488 781.463 05:12:17
5.192 418.756 1728.780 05:12:18
5.224 149.780 783.415 05:12:19
5.196 254.683 1521.951 05:12:20
5.228 148.976 780.976 05:12:21
5.224 149.878 779.024 05:12:22
5.224 162.683 851.220 05:12:23
5.228 158.390 778.537 05:12:24
5.176 261.976 1312.195 05:12:25
5.224 149.293 1041.463 05:12:26
5.204 218.073 1079.024 05:12:27
5.228 149.390 779.024 05:12:28
5.216 175.585 927.805 05:12:29
5.224 162.585 851.220 05:12:30
5.228 149.098 779.024 05:12:31
5.220 165.293 863.415 05:12:32
5.228 148.780 780.976 05:12:33
5.196 256.268 1323.415 05:12:34
5.224 152.098 792.683 05:12:35
5.220 151.195 792.195 05:12:36
5.224 165.780 867.317 05:12:37
5.228 151.683 787.805 05:12:38
5.168 215.488 1591.220 05:12:39
5.224 151.488 791.220 05:12:40
5.184 260.073 1363.415 05:12:41
5.224 154.073 809.756 05:12:42
5.228 149.780 783.415 05:12:43
5.220 163.195 856.585 05:12:44
5.228 149.780 783.415 05:12:45
5.180 276.780 1368.293 05:12:46
5.228 150.585 784.878 05:12:47
5.180 355.561 1883.902 05:12:48
5.228 154.195 804.878 05:12:49
5.228 149.878 779.024 05:12:50
5.220 163.293 855.122 05:12:51
5.228 149.683 783.415 05:12:52
5.224 192.073 867.317 05:12:53
5.228 149.390 780.000 05:12:54
5.140 415.366 2554.146 05:12:55
5.224 152.390 796.098 05:12:56
5.220 216.878 1394.634 05:12:57
5.224 151.683 797.073 05:12:58
5.224 152.195 794.634 05:12:59
5.220 166.683 872.195 05:13:00
5.228 153.390 800.000 05:13:01
5.216 165.195 867.805 05:13:02
5.228 149.976 784.878 05:13:03
5.108 518.854 2673.659 05:13:04
5.224 149.976 783.415 05:13:05
5.224 148.976 783.415 05:13:06
5.220 166.293 866.341 05:13:07
5.228 152.195 797.073 05:13:08
5.168 253.268 1316.098 05:13:10
5.208 149.976 783.415 05:13:11
5.164 358.463 2105.854 05:13:12
5.220 153.878 804.878 05:13:13
5.228 150.390 780.976 05:13:14
5.224 164.488 912.683 05:13:15
5.228 149.780 783.415 05:13:16
5.188 253.268 1350.732 05:13:17
5.228 178.878 784.878 05:13:18
5.160 352.366 1996.585 05:13:19
5.228 149.976 784.878 05:13:20
5.228 149.780 782.439 05:13:21
5.224 163.683 852.683 05:13:22
5.228 149.780 783.415 05:13:23
5.220 165.585 860.000 05:13:24
5.228 149.976 784.878 05:13:25
5.224 149.098 784.878 05:13:26
5.228 153.976 804.878 05:13:27
5.228 149.878 783.415 05:13:28
5.220 163.195 849.756 05:13:29
5.224 150.195 783.415 05:13:30
5.120 498.244 2519.024 05:13:31
5.224 149.585 786.341 05:13:32
5.224 149.585 780.976 05:13:33
5.220 163.293 852.683 05:13:34
5.224 149.976 780.976 05:13:35
5.220 165.780 1297.073 05:13:36
5.228 149.585 783.902 05:13:37
5.140 481.756 2114.634 05:13:38
5.228 150.098 786.341 05:13:39
5.228 149.683 782.439 05:13:40
5.224 154.195 804.878 05:13:41
5.224 148.878 783.415 05:13:42
5.220 165.683 860.976 05:13:43
5.228 149.878 784.878 05:13:44
5.124 419.951 2464.878 05:13:45
5.228 150.195 783.415 05:13:46
5.228 149.780 782.439 05:13:47
5.220 163.073 851.220 05:13:48
5.228 149.195 783.415 05:13:49
5.220 163.683 854.146 05:13:50
5.216 184.293 954.146 05:13:51
5.140 422.951 2150.732 05:13:52
5.224 149.780 783.415 05:13:53
5.228 149.585 781.463 05:13:54
5.224 163.073 854.146 05:13:55
5.228 149.780 783.415 05:13:56
5.224 163.293 857.561 05:13:57
5.224 149.780 783.415 05:13:58
5.224 165.780 1070.244 05:13:59
5.228 152.293 797.073 05:14:00
5.196 209.585 1075.122 05:14:01
5.224 152.488 798.537 05:14:02
5.228 152.195 797.073 05:14:03
5.220 165.976 865.366 05:14:04
5.228 149.780 783.415 05:14:05
5.188 277.683 1498.537 05:14:06
5.224 206.683 783.415 05:14:07
5.160 331.780 1858.049 05:14:08
5.228 150.195 784.878 05:14:09
5.228 149.683 781.463 05:14:10
5.220 163.585 852.683 05:14:11
5.224 149.780 793.659 05:14:12
5.224 165.683 863.902 05:14:13
5.228 150.293 783.415 05:14:14
5.116 482.463 2494.634 05:14:15
5.228 150.098 780.976 05:14:16
5.228 152.488 795.122 05:14:17
5.220 164.780 864.878 05:14:18
5.228 152.390 794.634 05:14:19
5.216 168.585 882.439 05:14:20
5.228 152.390 795.122 05:14:21
5.116 484.561 2381.951 05:14:22
5.228 152.390 797.073 05:14:23
5.228 152.195 789.756 05:14:24
5.220 166.293 863.415 05:14:25
5.224 152.390 796.098 05:14:26
5.216 163.780 854.146 05:14:27
5.228 155.073 783.415 05:14:28
5.120 492.854 2487.317 05:14:29
5.228 150.098 780.976 05:14:30
5.228 150.098 781.463 05:14:31
5.224 163.293 854.146 05:14:32
5.228 149.878 783.415 05:14:33
5.224 164.073 852.683 05:14:34
5.228 150.098 779.024 05:14:35
5.192 248.366 1310.732 05:14:36
5.220 149.976 783.902 05:14:37
5.188 269.683 1375.610 05:14:38
5.228 150.195 781.463 05:14:39
5.224 149.878 781.463 05:14:40
5.220 164.195 856.098 05:14:41
5.228 155.073 816.098 05:14:42
5.192 329.659 1318.537 05:14:43
5.228 149.780 781.463 05:14:44
5.116 417.756 2459.024 05:14:45
5.228 152.488 797.073 05:14:46
5.224 151.878 793.659 05:14:47
5.220 165.585 863.902 05:14:48
5.228 152.098 794.634 05:14:49
5.220 168.585 883.902 05:14:50
5.224 152.390 1094.146 05:14:51
5.116 518.439 2594.146 05:14:52
5.156 387.854 1889.268 05:14:53
5.208 160.585 839.024 05:14:54
5.208 222.390 1214.146 05:14:55
5.224 153.878 820.976 05:14:56
5.228 149.585 780.000 05:14:57
5.220 163.585 852.683 05:14:58
5.224 149.878 783.902 05:14:59
5.168 362.463 1304.390 05:15:00
5.224 154.073 803.902 05:15:01
5.228 149.878 778.537 05:15:02
5.220 156.293 816.585 05:15:03
5.228 151.976 796.098 05:15:04
5.220 166.390 865.366 05:15:05
5.228 152.195 796.098 05:15:06
5.220 169.195 981.463 05:15:07
5.216 217.268 1000.488 05:15:08
5.192 252.683 1328.293 05:15:09
5.228 149.390 783.902 05:15:10
5.228 149.488 781.463 05:15:11
5.224 163.293 852.683 05:15:12
5.228 149.390 782.439 05:15:13
5.220 165.780 867.317 05:15:14
5.224 150.780 789.756 05:15:15
5.120 521.049 2582.927 05:15:17
5.228 150.098 783.902 05:15:18
5.224 149.780 781.463 05:15:19
5.228 154.195 808.780 05:15:20
5.228 149.780 783.902 05:15:21
5.220 165.585 863.415 05:15:22
5.224 149.293 783.415 05:15:23
5.120 483.951 2472.195 05:15:24
5.228 149.976 785.854 05:15:25
5.228 149.098 781.463 05:15:26
5.228 154.195 804.878 05:15:27
5.228 149.195 783.902 05:15:28
5.220 163.683 857.561 05:15:29
5.228 149.780 783.415 05:15:30
5.120 483.756 2525.366 05:15:31
5.228 150.293 784.878 05:15:32
5.224 149.878 782.439 05:15:33
5.228 149.878 786.341 05:15:34
5.224 149.976 784.878 05:15:35
5.220 166.293 864.878 05:15:36
5.228 152.293 795.122 05:15:37
5.192 251.683 1300.488 05:15:38
5.216 152.293 797.561 05:15:39
5.176 309.366 1546.341 05:15:40
5.228 149.878 783.902 05:15:41
5.224 149.098 838.537 05:15:42
5.224 163.390 852.683 05:15:43
5.228 149.488 781.463 05:15:44
5.160 308.171 1552.195 05:15:45
5.228 149.878 781.463 05:15:46
5.196 262.366 1080.000 05:15:47
5.228 150.683 784.878 05:15:48
5.224 149.683 781.463 05:15:49
5.224 163.073 853.659 05:15:50
5.228 149.878 783.902 05:15:51
5.196 330.659 2239.512 05:15:52
5.224 152.293 800.000 05:15:53
5.200 238.171 1332.195 05:15:54
5.224 156.683 816.098 05:15:55
5.224 152.585 793.659 05:15:56
5.220 165.780 865.366 05:15:57
5.224 152.293 795.122 05:15:58
5.220 167.293 1683.902 05:15:59
5.224 153.683 803.415 05:16:00
5.172 268.366 1396.098 05:16:01
5.224 154.195 805.854 05:16:02
5.224 150.293 785.854 05:16:03
5.220 163.878 852.683 05:16:04
5.224 149.976 781.463 05:16:05
5.220 165.488 1545.854 05:16:06
5.228 149.976 781.463 05:16:07
5.164 300.073 1573.659 05:16:08
5.228 150.195 783.902 05:16:09
5.228 149.585 779.024 05:16:10
5.224 163.293 853.659 05:16:11
5.228 149.195 780.000 05:16:12
5.220 166.073 865.366 05:16:13
5.224 149.976 783.415 05:16:14
5.116 501.463 2513.659 05:16:15
5.228 152.390 796.098 05:16:16
5.224 152.098 795.122 05:16:17
5.220 166.073 864.878 05:16:18
5.228 152.293 863.902 05:16:19
5.220 168.585 883.902 05:16:20
5.224 152.195 794.634 05:16:21
5.128 458.854 2523.415 05:16:22
5.224 153.683 803.415 05:16:23
5.220 149.683 781.463 05:16:24
5.220 163.195 852.195 05:16:25
5.224 149.683 781.463 05:16:26
5.220 165.488 868.780 05:16:27
5.228 149.780 783.415 05:16:28
5.124 415.049 2519.024 05:16:29
5.228 150.098 784.878 05:16:30
5.228 149.098 781.463 05:16:31
5.220 163.488 851.220 05:16:32
5.224 149.878 782.439 05:16:33
5.224 163.390 867.317 05:16:34
5.228 149.098 783.415 05:16:35
5.192 290.463 2526.341 05:16:36
5.228 149.683 783.415 05:16:37
5.180 264.268 1367.317 05:16:38
5.228 150.098 784.878 05:16:39
5.216 161.293 843.415 05:16:40
5.220 163.073 854.146 05:16:41
5.228 150.683 782.439 05:16:42
5.224 166.488 863.415 05:16:43
5.228 149.390 783.415 05:16:44
5.140 416.268 2174.146 05:16:45
5.224 150.195 784.878 05:16:46
5.228 148.878 782.439 05:16:47
5.220 162.976 848.780 05:16:48
5.228 149.780 783.415 05:16:49
5.220 164.683 860.000 05:16:50
5.228 149.780 783.415 05:16:51
5.120 465.463 2533.659 05:16:52
5.228 150.293 783.415 05:16:53
5.220 149.780 783.415 05:16:54
5.220 163.585 850.244 05:16:55
5.228 149.390 782.439 05:16:56
5.220 163.293 856.585 05:16:57
5.224 149.585 781.463 05:16:58
5.192 249.171 1309.268 05:16:59
5.224 159.195 803.415 05:17:00
5.152 354.659 1821.463 05:17:01
5.228 150.098 780.976 05:17:02
5.224 149.293 783.415 05:17:03
5.220 164.293 852.195 05:17:04
5.228 150.683 787.317 05:17:05
5.156 418.561 1854.146 05:17:06
5.220 204.780 780.000 05:17:07
5.156 380.073 1985.854 05:17:08
5.224 156.488 816.098 05:17:09
5.224 152.976 798.537 05:17:10
5.224 154.195 803.902 05:17:11
5.224 151.390 792.683 05:17:12
5.224 163.488 856.585 05:17:13
5.228 149.780 782.439 05:17:14
5.132 473.463 2420.000 05:17:15
5.228 149.976 784.878 05:17:16
5.224 149.585 784.878 05:17:17
5.228 153.878 804.878 05:17:18
5.228 149.780 780.976 05:17:19
5.224 163.585 858.537 05:17:20
5.228 149.488 783.415 05:17:21
5.124 497.561 2153.171 05:17:22
5.228 151.390 784.878 05:17:24
5.208 219.780 1143.902 05:17:25
5.224 153.878 807.805 05:17:26
5.224 152.390 796.098 05:17:27
5.220 166.390 863.902 05:17:28
5.228 151.976 793.659 05:17:29
5.224 168.585 911.707 05:17:30
5.224 153.683 798.537 05:17:31
5.112 418.463 1875.610 05:17:32
5.224 151.488 793.659 05:17:33
5.228 149.683 783.902 05:17:34
5.224 163.488 856.098 05:17:35
5.224 150.098 783.415 05:17:36
5.216 187.488 977.561 05:17:37
5.224 149.683 783.902 05:17:38
5.116 483.756 2475.122 05:17:39
5.228 149.976 783.902 05:17:40
5.228 149.878 783.415 05:17:41
5.224 154.073 804.878 05:17:42
5.228 149.293 780.976 05:17:43
5.216 166.976 868.780 05:17:44
5.228 151.780 792.683 05:17:45
5.120 495.463 2448.780 05:17:46
5.224 156.390 816.098 05:17:47
5.228 150.585 778.537 05:17:48
5.220 153.780 804.878 05:17:49
5.228 149.976 783.415 05:17:50
5.216 188.171 982.439 05:17:51
5.228 150.098 784.878 05:17:52
5.120 497.463 2544.878 05:17:53
5.228 149.780 782.439 05:17:54
5.228 149.585 781.463 05:17:55
5.220 163.780 854.146 05:17:56
5.228 149.585 783.415 05:17:57
5.220 163.683 860.000 05:17:58
5.228 149.878 783.902 05:17:59
5.124 471.659 2542.927 05:18:00
5.228 154.683 805.854 05:18:01
5.224 149.683 784.878 05:18:02
5.224 154.585 810.244 05:18:03
5.228 150.976 786.341 05:18:04
5.220 163.488 859.024 05:18:05
5.224 149.683 835.122 05:18:06
5.196 261.976 1284.390 05:18:07
5.224 195.780 783.902 05:18:08
5.176 307.366 1574.634 05:18:09
5.228 149.683 783.902 05:18:10
5.228 149.976 781.463 05:18:11
5.224 163.293 856.098 05:18:12
5.216 186.585 947.805 05:18:13
5.216 178.390 1058.049 05:18:14
5.228 151.390 796.098 05:18:15
5.116 485.366 2326.341 05:18:16
5.224 207.268 796.098 05:18:17
5.228 150.195 781.463 05:18:18
5.224 159.976 807.317 05:18:19
5.228 149.098 781.463 05:18:20
5.224 163.780 858.537 05:18:21
5.228 149.878 780.976 05:18:22
5.140 491.951 2465.854 05:18:23
5.228 150.195 781.463 05:18:24
5.224 149.293 780.976 05:18:25
5.220 162.878 817.561 05:18:26
5.224 151.878 795.122 05:18:27
5.224 166.488 867.805 05:18:28
5.228 152.195 795.122 05:18:29
5.128 423.756 2181.951 05:18:30
5.228 149.976 1062.927 05:18:31
5.196 207.780 1070.244 05:18:32
5.224 153.976 804.878 05:18:33
5.228 149.780 782.439 05:18:34
5.224 163.390 855.122 05:18:35
5.228 149.878 783.415 05:18:36
5.220 165.976 863.902 05:18:37
5.224 149.878 783.415 05:18:38
5.144 372.268 2038.049 05:18:39
5.228 150.195 783.902 05:18:40
5.228 150.098 783.415 05:18:41
5.220 164.293 856.585 05:18:42
5.228 159.073 783.415 05:18:43
5.216 166.780 865.366 05:18:44
5.228 149.293 785.854 05:18:45
5.128 469.366 2518.537 05:18:46
5.224 149.780 784.878 05:18:47
5.216 173.976 945.366 05:18:48
5.224 163.390 854.146 05:18:49
5.228 149.780 782.439 05:18:50
5.168 345.976 1796.585 05:18:51
5.208 149.293 780.000 05:18:52
5.132 433.463 2226.829 05:18:53
5.228 152.098 797.073 05:18:54
5.228 149.780 783.415 05:18:55
5.224 154.488 807.317 05:18:56
5.228 150.195 780.976 05:18:57
5.220 163.195 860.000 05:18:58
5.228 149.488 783.415 05:18:59
5.172 254.976 1372.195 05:19:00
5.220 153.878 803.415 05:19:01
5.224 149.585 785.854 05:19:02
5.224 153.390 803.415 05:19:03
5.228 149.878 786.341 05:19:04
5.224 163.683 853.659 05:19:05
5.228 152.390 793.659 05:19:06
5.208 167.878 884.878 05:19:07
5.224 152.293 792.195 05:19:08
5.188 270.268 1533.659 05:19:09
5.228 152.488 797.073 05:19:10
5.224 151.683 795.122 05:19:11
5.220 163.488 853.659 05:19:12
5.228 149.976 782.439 05:19:13
5.172 258.683 1727.317 05:19:14
5.224 149.878 779.024 05:19:15
5.140 426.366 1855.122 05:19:16
5.224 152.098 783.415 05:19:17
5.228 149.878 783.902 05:19:18
5.208 197.390 1181.951 05:19:19
5.224 149.780 783.415 05:19:20
5.224 163.683 885.366 05:19:21
5.224 149.585 787.805 05:19:22
5.192 259.463 1322.927 05:19:23
5.228 150.098 783.902 05:19:24
5.212 263.463 1384.878 05:19:25
5.228 150.195 783.902 05:19:26
5.228 149.098 784.878 05:19:27
5.224 163.390 849.756 05:19:28
5.228 149.780 779.024 05:19:29
5.196 168.976 1504.878 05:19:30
5.228 155.585 796.098 05:19:31
5.160 384.951 2019.512 05:19:32
5.228 152.390 796.098 05:19:33
5.224 152.098 795.122 05:19:34
5.224 163.390 856.098 05:19:35
5.224 149.780 784.878 05:19:36
5.196 247.073 1329.268 05:19:38
5.228 149.878 784.878 05:19:39
5.168 224.780 1170.244 05:19:40
5.224 153.878 803.415 05:19:41
5.224 149.585 783.415 05:19:42
5.220 164.195 856.585 05:19:43
5.228 149.780 783.415 05:19:44
5.220 166.585 865.366 05:19:45
5.228 149.976 783.415 05:19:46
5.220 165.293 862.439 05:19:47
5.224 150.878 779.024 05:19:48
5.224 149.878 778.537 05:19:49
5.220 163.293 852.683 05:19:50
5.228 149.976 780.976 05:19:51
5.184 332.073 2063.415 05:19:52
5.228 151.390 787.805 05:19:53
5.132 373.171 1931.707 05:19:54
5.224 152.488 797.073 05:19:55
5.220 149.780 783.415 05:19:56
5.228 154.195 806.341 05:19:57
5.228 149.780 823.902 05:19:58
5.220 169.488 853.659 05:19:59
5.228 149.780 783.902 05:20:00
5.112 497.854 2596.585 05:20:01
5.228 150.585 783.902 05:20:02
5.224 149.878 782.439 05:20:03
5.224 154.073 805.854 05:20:04
5.228 149.683 780.000 05:20:05
5.216 164.195 856.585 05:20:06
5.220 150.098 784.878 05:20:07
5.220 167.073 872.683 05:20:08
5.224 149.878 783.415 05:20:09
5.192 309.976 1615.122 05:20:10
5.220 154.780 807.317 05:20:11
5.228 149.780 789.756 05:20:12
5.224 163.195 859.024 05:20:13
5.228 149.976 784.878 05:20:14
5.168 327.463 1283.415 05:20:15
5.228 149.976 783.415 05:20:16
5.132 459.463 2508.780 05:20:17
5.224 152.390 796.098 05:20:18
5.228 151.976 794.634 05:20:19
5.220 165.195 867.805 05:20:20
5.228 152.293 794.634 05:20:21
5.168 402.951 1711.220 05:20:22
5.204 150.098 781.463 05:20:23
5.168 335.463 1971.707 05:20:24
5.224 153.780 803.902 05:20:25
5.216 175.195 916.585 05:20:26
5.212 172.293 896.585 05:20:27
5.228 149.098 783.415 05:20:28
5.220 255.268 855.122 05:20:29
5.224 149.878 783.415 05:20:30
5.120 497.463 2327.317 05:20:31
5.224 149.195 784.878 05:20:32
5.228 149.878 825.366 05:20:33
5.220 162.976 855.122 05:20:34
5.224 149.780 782.439 05:20:35
5.220 163.585 853.659 05:20:36
5.224 149.195 783.415 05:20:37
5.192 252.171 2118.537 05:20:38
5.228 150.195 789.756 05:20:39
5.208 151.488 1403.415 05:20:40
5.224 150.195 781.463 05:20:41
5.228 149.780 783.902 05:20:42
5.224 164.195 857.561 05:20:43
5.224 149.683 781.463 05:20:44
5.220 167.585 875.122 05:20:45
5.228 150.098 784.878 05:20:46
5.196 247.976 1288.293 05:20:47
5.224 150.098 780.976 05:20:48
5.228 149.878 783.415 05:20:49
5.224 154.585 806.341 05:20:50
5.224 150.488 779.024 05:20:51
5.148 487.244 1897.561 05:20:52
5.224 149.976 783.415 05:20:53
5.168 334.073 1732.683 05:20:54
5.224 149.195 783.902 05:20:55
5.212 205.488 1067.805 05:20:56
5.224 152.488 784.878 05:20:57
5.228 150.195 783.415 05:20:58
5.220 165.976 1143.902 05:20:59
5.228 149.878 783.415 05:21:00
5.128 462.049 2112.195 05:21:01
5.228 170.683 783.415 05:21:02
5.216 274.366 1751.220 05:21:03
5.224 149.976 786.341 05:21:04
5.228 148.976 780.976 05:21:05
5.224 165.073 856.585 05:21:06
5.224 149.976 783.415 05:21:07
5.172 249.878 1305.366 05:21:08
5.228 150.098 832.195 05:21:09
5.196 274.073 863.902 05:21:10
5.224 150.098 790.244 05:21:11
5.224 155.878 804.878 05:21:12
5.220 163.195 852.195 05:21:13
5.224 151.878 795.122 05:21:14
5.220 165.976 868.780 05:21:15
5.224 152.390 795.122 05:21:16
5.208 199.976 976.098 05:21:17
5.228 150.098 783.902 05:21:18
5.184 334.561 1780.488 05:21:19
5.224 153.878 805.854 05:21:20
5.228 149.780 783.415 05:21:21
5.220 164.073 853.659 05:21:22
5.228 149.780 785.854 05:21:23
5.152 404.561 2090.732 05:21:24
5.228 149.976 1068.780 05:21:25
5.152 371.268 1749.756 05:21:26
5.224 150.098 783.415 05:21:27
5.224 149.683 783.415 05:21:28
5.224 154.780 806.341 05:21:29
5.224 150.488 782.439 05:21:30
5.224 166.488 864.878 05:21:31
5.228 162.390 785.854 05:21:32
5.124 493.854 2526.341 05:21:33
5.228 149.195 779.024 05:21:34
5.228 149.683 781.463 05:21:35
5.224 154.073 806.341 05:21:36
5.224 152.195 795.122 05:21:37
5.220 169.293 883.902 05:21:38
5.228 152.098 795.122 05:21:39
5.120 496.049 2543.902 05:21:40
5.224 164.073 792.195 05:21:41
5.224 149.683 781.463 05:21:42
5.228 150.195 786.341 05:21:43
5.228 153.098 783.415 05:21:44
5.224 163.683 855.122 05:21:45
5.228 151.488 783.415 05:21:46
5.120 535.756 2474.634 05:21:47
5.228 150.098 784.878 05:21:48
5.224 151.293 791.220 05:21:49
5.228 150.390 785.854 05:21:50
5.228 149.683 781.463 05:21:51
5.224 163.073 852.195 05:21:52
5.228 150.098 782.439 05:21:54
5.144 406.073 2374.634 05:21:55
5.228 149.488 1026.829 05:21:56
5.212 280.073 1762.439 05:21:57
5.200 150.195 784.878 05:21:58
5.228 149.488 783.902 05:21:59
5.220 163.976 856.585 05:22:00
5.228 151.195 796.098 05:22:01
5.220 166.195 868.780 05:22:02
5.228 150.390 786.341 05:22:03
5.168 333.268 1722.439 05:22:04
5.228 149.195 783.415 05:22:05
5.228 149.976 782.439 05:22:06
5.220 163.683 852.683 05:22:07
5.228 149.878 779.024 05:22:08
5.220 165.488 864.878 05:22:09
5.224 149.683 783.415 05:22:10
5.144 400.073 2463.902 05:22:11
5.228 150.195 783.902 05:22:12
5.224 149.488 779.024 05:22:13
5.228 153.878 803.902 05:22:14
5.228 149.780 781.463 05:22:15
5.220 164.488 852.683 05:22:16
5.228 149.780 785.854 05:22:17
5.136 423.561 2183.415 05:22:18
5.212 181.976 950.244 05:22:19
5.212 203.293 1074.146 05:22:20
5.228 150.195 784.878 05:22:21
5.224 149.683 779.024 05:22:22
5.224 164.073 852.683 05:22:23
5.228 149.780 783.415 05:22:24
5.220 164.293 859.024 05:22:25
5.224 149.683 783.415 05:22:26
5.168 247.878 1278.537 05:22:27
5.224 150.098 784.878 05:22:28
5.232 149.780 783.415 05:22:29
5.220 163.585 853.659 05:22:30
5.228 149.780 781.463 05:22:31
5.164 253.268 1433.171 05:22:32
5.228 186.073 782.439 05:22:33
5.168 249.585 1432.195 05:22:34
5.228 149.976 784.878 05:22:35
5.228 149.683 781.463 05:22:36
5.220 163.293 852.195 05:22:37
5.228 149.195 783.415 05:22:38
5.220 165.390 863.415 05:22:39
5.228 149.976 779.024 05:22:40
5.120 489.049 2559.024 05:22:41
5.224 153.585 805.854 05:22:42
5.224 149.780 781.463 05:22:43
5.216 186.976 982.927 05:22:44
5.228 149.780 781.463 05:22:45
5.224 164.488 856.585 05:22:46
5.224 149.683 782.439 05:22:47
5.124 466.756 2391.220 05:22:48
5.228 149.293 780.976 05:22:49
5.228 149.195 783.415 05:22:50
5.228 149.780 784.878 05:22:51
5.228 149.195 783.902 05:22:52
5.224 163.390 856.585 05:22:53
5.228 149.780 783.415 05:22:54
5.220 229.683 866.341 05:22:55
5.228 150.098 780.000 05:22:56
5.172 320.780 1629.756 05:22:57
5.228 150.098 780.976 05:22:58
5.228 149.878 783.415 05:22:59
5.224 163.390 852.683 05:23:00
5.224 152.098 1157.073 05:23:01
5.176 265.780 1640.000 05:23:02
5.224 149.878 783.415 05:23:03
5.160 340.756 1760.488 05:23:04
5.224 153.976 805.854 05:23:05
5.224 149.780 783.415 05:23:06
5.220 163.293 856.098 05:23:07
5.228 149.878 783.415 05:23:08
5.172 403.951 2314.634 05:23:09
5.224 207.780 795.122 05:23:10
5.136 379.561 2042.927 05:23:11
5.224 156.488 816.098 05:23:12
5.224 152.488 792.195 05:23:13
5.220 165.878 867.317 05:23:14
5.224 150.098 781.463 05:23:15
5.140 327.268 1900.000 05:23:16
5.228 150.293 783.902 05:23:17
5.188 257.171 1351.707 05:23:18
5.224 150.098 783.902 05:23:19
5.216 157.585 827.317 05:23:20
5.220 163.293 852.195 05:23:21
5.228 149.878 783.902 05:23:22
5.196 405.561 1321.951 05:23:23
5.228 150.488 784.878 05:23:24
5.192 363.171 1754.146 05:23:25
5.224 150.098 783.902 05:23:26
5.228 149.780 783.415 05:23:27
5.228 150.293 784.878 05:23:28
5.228 149.683 783.902 05:23:29
5.224 163.488 853.659 05:23:30
5.224 149.780 783.415 05:23:31
5.192 475.463 2434.634 05:23:32
5.224 150.195 783.415 05:23:33
5.228 149.878 781.463 05:23:34
5.228 150.098 784.878 05:23:35
5.228 149.878 783.415 05:23:36
5.224 164.488 854.146 05:23:37
5.224 150.390 782.439 05:23:38
5.120 493.244 2457.561 05:23:39
5.228 150.098 783.415 05:23:40
5.228 149.878 781.463 05:23:41
5.224 154.195 806.341 05:23:42
5.224 149.683 782.439 05:23:43
5.224 165.976 866.341 05:23:44
5.228 152.195 794.634 05:23:45
5.220 169.585 882.927 05:23:46
5.224 152.195 796.098 05:23:47
5.172 273.366 1340.976 05:23:48
5.228 150.098 785.854 05:23:49
5.228 149.585 782.439 05:23:50
5.224 163.195 852.195 05:23:51
5.224 149.098 779.024 05:23:52
5.216 312.659 1602.439 05:23:53
5.228 149.976 783.415 05:23:54
5.140 462.463 1960.488 05:23:55
5.220 178.878 906.341 05:23:56
5.228 149.195 782.439 05:23:57
5.224 162.488 854.146 05:23:58
5.220 165.293 866.341 05:23:59
5.220 162.976 1895.122 05:24:00
5.184 272.683 1640.976 05:24:01
5.168 273.171 1418.537 05:24:02
5.228 150.780 783.415 05:24:03
5.224 163.073 852.683 05:24:04
5.224 149.878 780.976 05:24:05
5.220 163.488 852.683 05:24:06
5.220 166.073 863.902 05:24:07
5.140 427.463 2603.902 05:24:08
5.192 262.585 1329.268 05:24:09
5.228 152.195 796.098 05:24:11
5.200 158.293 821.463 05:24:12
5.228 151.683 797.073 05:24:13
5.224 163.073 856.098 05:24:14
5.220 163.683 855.122 05:24:15
5.220 164.293 852.683 05:24:16
5.220 163.878 856.098 05:24:17
5.216 191.073 995.610 05:24:18
5.220 164.293 858.537 05:24:19
5.228 148.976 778.537 05:24:20
5.224 163.293 852.683 05:24:21
5.220 163.488 851.220 05:24:22
5.196 390.366 1313.171 05:24:23
5.220 149.683 784.878 05:24:24
5.188 303.268 1342.927 05:24:25
5.228 155.585 808.780 05:24:26
5.228 153.195 808.780 05:24:27
5.168 335.878 1744.878 05:24:28
5.224 152.293 797.073 05:24:29
5.224 166.585 863.902 05:24:30
5.228 149.976 785.854 05:24:31
5.140 489.146 2480.976 05:24:32
5.216 184.780 938.537 05:24:33
5.228 149.390 783.415 05:24:34
5.188 262.268 1130.244 05:24:35
5.228 149.976 780.976 05:24:36
5.192 262.171 1477.561 05:24:37
5.228 149.976 783.415 05:24:38
5.220 164.390 858.537 05:24:39
5.224 151.585 786.341 05:24:40
5.224 149.683 785.854 05:24:41
5.220 164.878 860.976 05:24:42
5.224 149.098 779.024 05:24:43
5.220 163.488 854.146 05:24:44
5.224 149.976 784.878 05:24:45
5.196 248.878 1304.390 05:24:46
5.228 150.195 784.878 05:24:47
5.192 159.195 784.878 05:24:48
5.228 150.488 826.341 05:24:49
5.224 149.976 784.878 05:24:50
5.224 164.390 852.683 05:24:51
5.228 149.780 780.976 05:24:52
5.124 508.659 2604.878 05:24:53
5.228 150.098 784.878 05:24:54
5.188 272.268 1304.390 05:24:55
5.224 154.195 803.902 05:24:56
5.228 150.293 781.463 05:24:57
5.220 164.195 853.659 05:24:58
5.224 152.098 796.098 05:24:59
5.192 169.488 885.366 05:25:00
5.224 154.488 805.854 05:25:01
5.188 351.268 1754.146 05:25:02
5.228 153.098 802.439 05:25:03
5.228 149.683 783.415 05:25:04
5.224 163.780 854.146 05:25:05
5.224 149.878 780.000 05:25:06
5.196 313.659 2079.512 05:25:07
5.228 161.073 783.415 05:25:08
5.164 339.073 1404.878 05:25:09
5.224 149.976 783.902 05:25:10
5.208 211.390 1138.049 05:25:11
5.224 163.073 851.220 05:25:12
5.228 149.780 781.463 05:25:13
5.220 166.488 1249.268 05:25:14
5.208 149.488 782.439 05:25:15
5.120 503.756 2560.976 05:25:16
5.224 149.976 787.805 05:25:17
5.228 173.488 803.415 05:25:18
5.224 154.195 807.805 05:25:19
5.224 149.780 784.878 05:25:20
5.224 166.293 869.756 05:25:21
5.228 152.390 794.634 05:25:22
5.220 166.780 869.756 05:25:23
5.224 152.488 796.098 05:25:24
5.168 348.366 1735.122 05:25:25
5.224 150.098 836.098 05:25:26
5.208 204.073 1065.366 05:25:27
5.224 163.073 855.122 05:25:28
5.212 182.293 950.244 05:25:29
5.220 163.488 859.024 05:25:30
5.228 149.976 780.000 05:25:31
5.120 461.049 2541.463 05:25:32
5.228 150.195 783.415 05:25:33
5.228 153.683 803.415 05:25:34
5.224 162.488 855.122 05:25:35
5.228 149.683 780.000 05:25:36
5.224 154.293 806.341 05:25:37
5.224 152.195 796.098 05:25:38
5.120 470.463 2497.561 05:25:39
5.228 152.390 791.220 05:25:40
5.228 152.195 794.634 05:25:41
5.224 156.488 818.537 05:25:42
5.212 203.390 1109.268 05:25:43
5.220 163.488 852.683 05:25:44
5.228 149.780 783.415 05:25:45
5.148 406.268 2076.585 05:25:46
5.228 149.878 784.878 05:25:47
5.184 206.780 1063.902 05:25:48
5.224 150.098 784.878 05:25:49
5.224 153.780 803.902 05:25:50
5.224 164.073 856.585 05:25:51
5.228 149.780 783.415 05:25:52
5.224 166.585 869.756 05:25:53
5.224 149.683 782.439 05:25:54
5.180 258.268 1396.098 05:25:55
5.228 150.195 783.902 05:25:56
5.224 149.878 783.415 05:25:57
5.220 163.293 853.659 05:25:58
5.224 154.073 804.878 05:25:59
5.220 164.976 1938.049 05:26:00
5.228 150.195 784.878 05:26:01
5.136 459.561 2353.171 05:26:02
5.228 149.976 783.902 05:26:03
5.224 151.390 791.220 05:26:04
5.224 156.878 819.024 05:26:05
5.204 219.780 1152.683 05:26:06
5.220 165.976 864.878 05:26:07
5.228 207.683 1095.122 05:26:08
5.196 298.463 2506.341 05:26:09
5.224 152.098 797.561 05:26:10
5.196 353.268 2516.098 05:26:11
5.220 162.976 851.220 05:26:12
5.228 150.195 783.415 05:26:13
5.220 163.390 852.683 05:26:14
5.220 156.488 816.585 05:26:15
5.224 174.683 858.537 05:26:16
5.224 150.488 783.415 05:26:17
5.224 156.390 832.683 05:26:18
5.224 153.878 804.878 05:26:19
5.212 203.390 971.220 05:26:20
5.220 162.585 853.659 05:26:21
5.220 150.195 780.976 05:26:22
5.140 366.561 1692.195 05:26:23
5.196 205.585 1289.268 05:26:24
5.176 311.659 1590.244 05:26:25
5.224 149.780 784.878 05:26:26
5.208 203.390 1059.024 05:26:27
5.220 166.195 867.805 05:26:28
5.224 153.098 800.000 05:26:29
5.220 167.683 876.585 05:26:31
5.224 156.488 817.561 05:26:32
5.112 483.561 2460.000 05:26:33
5.224 150.098 783.902 05:26:34
5.228 153.976 803.902 05:26:35
5.224 153.780 803.902 05:26:36
5.228 149.780 783.415 05:26:37
5.220 163.488 853.659 05:26:38
5.224 155.390 812.683 05:26:39
5.220 164.585 864.878 05:26:40
5.212 236.683 1064.390 05:26:41
5.172 243.366 1309.268 05:26:42
5.224 152.293 794.634 05:26:43
5.208 215.390 1121.951 05:26:44
5.220 166.195 863.415 05:26:45
5.228 152.293 796.098 05:26:46
5.220 167.195 871.220 05:26:47
5.204 361.268 1968.293 05:26:48
5.156 400.171 2019.512 05:26:49
5.224 149.878 782.439 05:26:50
5.220 185.976 969.268 05:26:51
5.228 149.683 782.439 05:26:52
5.228 156.073 815.122 05:26:53
5.220 164.293 858.537 05:26:54
5.224 153.780 803.415 05:26:55
5.136 410.049 1734.146 05:26:56
5.224 149.976 783.415 05:26:57
5.204 212.488 1106.341 05:26:58
5.228 149.976 783.902 05:26:59
5.120 357.756 1282.927 05:27:00
5.220 163.585 857.561 05:27:01
5.228 150.098 783.415 05:27:02
5.192 300.878 1563.415 05:27:03
5.208 223.878 1219.024 05:27:04
5.196 247.683 1279.512 05:27:05
5.228 150.780 788.780 05:27:06
5.224 151.585 791.220 05:27:07
5.220 153.488 803.902 05:27:08
5.156 244.171 1439.512 05:27:09
5.220 163.585 856.585 05:27:10
5.224 174.878 855.122 05:27:11
5.220 180.878 868.780 05:27:12
5.228 151.683 825.366 05:27:13
5.196 258.268 1326.829 05:27:14
5.224 153.976 803.902 05:27:15
5.224 153.780 803.415 05:27:16
5.224 164.073 857.561 05:27:17
5.224 149.878 783.902 05:27:18
5.220 163.195 849.756 05:27:19
5.224 157.293 820.976 05:27:20
5.120 412.951 2174.146 05:27:21
5.216 182.878 992.683 05:27:22
5.228 150.488 780.000 05:27:23
5.220 163.195 854.146 05:27:24
5.220 156.488 816.098 05:27:25
5.216 165.780 863.902 05:27:26
5.200 154.683 808.780 05:27:27
5.220 166.683 967.805 05:27:28
5.224 154.390 807.317 05:27:29
5.224 154.195 1087.805 05:27:30
5.224 162.585 855.122 05:27:31
5.228 151.488 791.220 05:27:32
5.220 163.488 853.659 05:27:33
5.212 201.488 1050.244 05:27:34
5.228 164.195 856.585 05:27:35
5.224 156.488 818.537 05:27:36
5.224 149.293 783.902 05:27:37
5.228 149.976 780.976 05:27:38
5.224 149.976 784.878 05:27:39
5.224 163.780 854.146 05:27:40
5.224 153.976 803.902 05:27:41
5.188 411.268 1305.854 05:27:42
5.220 154.585 807.805 05:27:43
5.224 229.976 1086.341 05:27:44
5.200 204.073 1093.171 05:27:45
5.220 163.073 851.220 05:27:46
5.224 178.293 931.220 05:27:47
5.220 162.878 850.244 05:27:48
5.224 163.488 854.146 05:27:49
5.224 163.780 853.659 05:27:50
5.228 151.585 792.195 05:27:51
5.200 224.171 1165.854 05:27:52
5.208 207.171 1110.244 05:27:53
5.228 150.098 784.878 05:27:54
5.228 149.976 783.902 05:27:55
5.220 165.488 864.878 05:27:56
5.228 151.878 790.244 05:27:57
5.148 390.463 2017.073 05:27:58
5.224 155.195 1150.244 05:27:59
5.220 164.976 854.146 05:28:00
5.224 150.585 783.902 05:28:01
5.228 150.683 782.439 05:28:02
5.224 153.878 803.902 05:28:03
5.224 162.878 849.756 05:28:04
5.220 166.488 868.780 05:28:05
5.228 154.073 809.756 05:28:06
5.204 212.488 1126.829 05:28:07
5.224 155.976 818.537 05:28:08
5.204 214.585 1117.561 05:28:09
5.220 163.976 851.220 05:28:10
5.228 150.195 783.415 05:28:11
5.220 165.293 865.366 05:28:12
5.224 179.976 780.976 05:28:13
5.184 339.268 1790.244 05:28:14
5.204 217.780 1135.610 05:28:15
5.224 155.976 816.585 05:28:16
5.224 163.683 852.683 05:28:17
5.224 149.976 779.024 05:28:18
5.220 163.293 853.659 05:28:19
5.224 163.585 853.659 05:28:20
5.220 177.390 855.122 05:28:21
5.224 154.073 803.415 05:28:22
5.212 186.293 1039.024 05:28:23
5.228 149.488 784.878 05:28:24
5.212 210.488 1571.220 05:28:25
5.160 213.268 1117.561 05:28:26
5.224 150.098 783.902 05:28:27
5.216 164.683 860.000 05:28:28
5.216 158.683 828.780 05:28:29
5.164 303.561 1572.195 05:28:30
5.172 383.268 1976.585 05:28:31
5.204 217.171 1126.829 05:28:32
5.224 163.488 806.341 05:28:33
5.220 162.683 849.756 05:28:34
5.116 468.146 2400.976 05:28:35
5.220 162.683 849.756 05:28:36
5.172 249.171 1612.683 05:28:37
5.212 210.878 852.195 05:28:38
5.168 372.659 1734.146 05:28:39
5.224 149.683 784.878 05:28:40
5.140 325.561 1174.146 05:28:41
5.220 151.585 793.659 05:28:42
5.220 162.878 852.195 05:28:43
5.216 163.780 856.585 05:28:44
5.224 149.585 783.415 05:28:45
5.224 164.976 862.439 05:28:46
5.208 213.780 1118.049 05:28:47
5.172 339.976 1624.878 05:28:48
5.228 150.195 781.463 05:28:50
5.228 149.878 780.000 05:28:51
5.220 165.390 860.000 05:28:52
5.220 172.976 851.220 05:28:53
5.128 386.268 1454.634 05:28:54
5.224 206.488 1070.732 05:28:55
5.220 166.390 867.805 05:28:56
5.228 150.195 783.415 05:28:57
5.196 259.976 1048.780 05:28:58
5.228 149.976 785.854 05:28:59
5.224 152.390 796.098 05:29:00
5.220 170.195 887.317 05:29:01
5.216 165.390 865.366 05:29:02
5.216 166.780 870.244 05:29:03
5.220 172.683 864.878 05:29:04
5.168 408.073 1813.659 05:29:05
5.228 150.293 783.902 05:29:06
5.228 150.293 782.439 05:29:07
5.228 150.293 783.415 05:29:08
5.228 150.098 783.902 05:29:09
5.224 163.878 859.024 05:29:10
5.224 150.195 790.244 05:29:11
5.192 252.268 2102.927 05:29:12
5.208 197.683 1034.146 05:29:13
5.208 204.073 1059.024 05:29:14
5.228 150.098 784.878 05:29:15
5.224 149.293 780.000 05:29:16
5.220 162.976 853.659 05:29:17
5.224 149.293 780.976 05:29:18
5.196 323.780 1680.976 05:29:19
5.224 219.390 1145.366 05:29:20
5.176 334.976 1728.780 05:29:21
5.228 149.976 785.854 05:29:22
5.228 149.780 782.439 05:29:23
5.224 153.976 804.878 05:29:24
5.216 184.488 957.561 05:29:25
5.220 164.293 858.537 05:29:26
5.220 154.195 808.780 05:29:27
5.140 365.854 1887.805 05:29:28
5.184 275.073 1425.854 05:29:29
5.196 246.488 1592.195 05:29:30
5.224 156.488 816.585 05:29:31
5.224 165.195 865.366 05:29:32
5.220 163.585 852.683 05:29:33
5.228 149.878 784.878 05:29:34
5.196 165.878 1042.439 05:29:35
5.224 163.683 852.195 05:29:36
5.136 479.951 2579.024 05:29:37
5.224 153.878 805.854 05:29:38
5.224 151.488 791.220 05:29:39
5.224 155.585 808.780 05:29:40
5.220 192.585 856.585 05:29:41
5.220 164.976 861.463 05:29:42
5.224 151.390 792.683 05:29:43
5.220 168.780 881.463 05:29:44
5.208 203.780 1136.585 05:29:45
5.204 220.390 1210.732 05:29:46
5.224 156.976 820.000 05:29:47
5.224 152.293 795.122 05:29:48
5.224 163.293 854.146 05:29:49
5.208 204.976 1044.390 05:29:50
5.224 164.780 860.000 05:29:51
5.224 153.878 803.902 05:29:52
5.164 332.878 1736.585 05:29:53
5.228 149.195 784.878 05:29:54
5.224 149.878 783.902 05:29:55
5.208 173.683 929.268 05:29:56
5.224 150.098 788.780 05:29:57
5.220 163.390 856.098 05:29:58
5.220 163.683 854.146 05:29:59
5.172 280.171 1418.049 05:30:00
5.216 358.756 788.780 05:30:01
5.180 218.878 1111.707 05:30:02
5.220 154.073 801.463 05:30:03
5.228 149.488 783.415 05:30:04
5.216 165.780 869.756 05:30:05
5.224 152.293 795.122 05:30:06
5.220 194.293 885.366 05:30:07
5.224 157.585 821.463 05:30:08
5.144 431.366 2138.537 05:30:09
5.224 152.878 797.073 05:30:10
5.228 149.098 783.415 05:30:11
5.224 163.878 856.098 05:30:12
5.224 163.780 852.195 05:30:13
5.224 164.390 855.122 05:30:14
5.208 202.585 1311.707 05:30:15
5.120 482.756 2441.463 05:30:16
5.228 188.171 978.049 05:30:17
5.224 149.878 782.439 05:30:18
5.228 153.878 803.902 05:30:19
5.228 150.683 787.317 05:30:20
5.220 163.585 852.683 05:30:21
5.212 201.976 966.829 05:30:22
5.212 165.976 866.341 05:30:23
5.220 156.683 919.024 05:30:24
5.200 309.976 1452.195 05:30:25
5.228 153.976 803.902 05:30:26
5.228 149.976 779.024 05:30:27
5.220 165.780 869.756 05:30:28
5.224 152.390 796.098 05:30:29
5.192 252.171 1423.415 05:30:30
5.224 158.073 819.024 05:30:31
5.160 357.366 1875.610 05:30:32
5.224 153.976 804.878 05:30:33
5.228 149.780 780.000 05:30:34
5.224 153.878 804.878 05:30:35
5.228 149.683 781.463 05:30:36
5.220 163.488 854.146 05:30:37
5.228 149.878 785.854 05:30:38
5.220 214.976 1302.927 05:30:39
5.192 226.488 1178.049 05:30:40
5.164 277.268 1438.537 05:30:41
5.224 153.976 804.878 05:30:42
5.228 157.390 783.902 05:30:43
5.220 163.976 856.585 05:30:44
5.228 149.976 783.902 05:30:45
5.220 165.585 863.902 05:30:46
5.220 153.780 806.341 05:30:47
5.140 415.951 2114.634 05:30:48
5.224 156.293 816.585 05:30:49
5.228 152.195 795.122 05:30:50
5.224 166.293 861.463 05:30:51
5.224 152.293 793.659 05:30:52
5.220 166.390 864.878 05:30:53
5.228 151.488 790.244 05:30:54
5.208 216.683 1135.610 05:30:55
5.212 201.293 1051.220 05:30:56
5.228 149.098 783.415 05:30:57
5.224 163.683 852.195 05:30:58
5.224 149.195 781.463 05:30:59
5.220 166.073 867.317 05:31:00
5.224 150.098 784.878 05:31:01
5.124 482.049 2459.024 05:31:02
5.224 163.195 852.683 05:31:03
5.208 207.585 1101.951 05:31:04
5.224 153.976 804.878 05:31:05
5.228 149.488 783.415 05:31:06
5.188 207.390 1314.634 05:31:07
5.224 149.780 784.878 05:31:08
5.196 248.488 1292.195 05:31:09
5.224 154.585 807.805 05:31:10
5.204 232.366 1103.902 05:31:11
5.204 252.585 1454.634 05:31:12
5.224 152.195 795.122 05:31:13
5.220 165.683 866.341 05:31:14
5.224 154.585 797.073 05:31:15
5.220 165.780 867.805 05:31:16
5.228 163.488 854.146 05:31:17
5.192 276.268 1315.610 05:31:18
5.224 156.780 818.537 05:31:19
5.204 200.171 1395.610 05:31:20
5.220 171.293 853.659 05:31:21
5.228 149.878 783.415 05:31:22
5.208 202.878 1038.049 05:31:23
5.228 149.976 783.902 05:31:24
5.168 335.171 1708.780 05:31:25
5.228 151.585 793.659 05:31:26
5.192 165.390 935.122 05:31:27
5.208 208.878 1061.951 05:31:28
5.224 149.878 783.415 05:31:30
5.220 164.073 852.683 05:31:31
5.228 150.098 783.415 05:31:32
5.184 166.683 912.683 05:31:33
5.228 152.488 797.073 05:31:34
5.144 503.341 2578.537 05:31:35
5.220 163.195 900.976 05:31:36
5.228 151.293 791.220 05:31:37
5.224 150.390 785.854 05:31:38
5.228 149.098 784.878 05:31:39
5.224 163.390 849.756 05:31:40
5.228 149.195 783.902 05:31:41
5.224 186.073 860.000 05:31:42
5.228 186.488 807.805 05:31:43
5.164 337.073 1751.707 05:31:44
5.204 212.073 1119.024 05:31:45
5.228 150.098 784.878 05:31:46
5.224 162.878 850.244 05:31:47
5.220 164.293 858.537 05:31:48
5.172 340.366 1759.024 05:31:49
5.220 175.488 863.415 05:31:50
5.176 335.561 1750.244 05:31:51
5.212 201.780 1051.220 05:31:52
5.228 149.585 781.463 05:31:53
5.224 163.780 855.122 05:31:54
5.228 149.878 783.415 05:31:55
5.220 165.585 863.902 05:31:56
5.224 150.195 783.902 05:31:57
5.172 348.268 1985.854 05:31:58
5.228 156.390 816.585 05:31:59
5.228 151.878 793.659 05:32:00
5.220 165.976 866.341 05:32:01
5.224 154.390 806.341 05:32:02
5.220 168.293 884.878 05:32:03
5.224 152.488 797.073 05:32:04
5.196 256.976 1622.439 05:32:05
5.228 150.195 784.878 05:32:06
5.208 204.293 1050.244 05:32:07
5.220 164.878 863.902 05:32:08
5.228 149.293 783.415 05:32:09
5.224 164.390 855.122 05:32:10
5.228 149.780 886.341 05:32:11
5.204 269.780 1611.220 05:32:12
5.228 150.195 781.463 05:32:13
5.200 228.268 1177.073 05:32:14
5.212 187.293 1033.171 05:32:15
5.228 149.195 783.415 05:32:16
5.220 164.390 857.561 05:32:17
5.228 149.976 779.024 05:32:18
5.220 165.293 856.585 05:32:19
5.224 149.878 784.878 05:32:20
5.220 160.780 841.463 05:32:21
5.224 156.293 816.585 05:32:22
5.208 203.171 1058.049 05:32:23
5.224 157.195 820.976 05:32:24
5.224 152.195 796.098 05:32:25
5.204 165.293 861.463 05:32:26
5.228 149.878 783.415 05:32:27
5.208 201.073 1138.049 05:32:28
5.224 153.780 803.415 05:32:29
5.188 272.585 1415.610 05:32:30
5.228 149.488 780.976 05:32:31
5.228 150.683 787.317 05:32:32
5.224 165.878 865.366 05:32:33
5.228 150.098 781.463 05:32:34
5.140 431.659 2188.293 05:32:35
5.224 152.390 797.073 05:32:36
5.220 167.488 875.122 05:32:37
5.228 152.488 797.073 05:32:38
5.188 271.585 1413.171 05:32:39
5.224 153.195 799.024 05:32:40
5.228 152.098 795.122 05:32:41
5.220 194.878 1019.024 05:32:42
5.224 203.390 1060.000 05:32:43
5.220 163.683 853.659 05:32:44
5.228 149.976 784.878 05:32:45
5.220 163.390 851.220 05:32:46
5.228 150.195 786.341 05:32:47
5.228 149.780 779.024 05:32:48
5.224 155.780 816.098 05:32:49
5.224 149.780 782.439 05:32:50
5.116 483.049 2471.220 05:32:51
5.228 149.976 783.902 05:32:52
5.220 163.488 854.146 05:32:53
5.228 150.293 792.683 05:32:54
5.228 149.780 783.415 05:32:55
5.224 154.073 804.878 05:32:56
5.228 149.780 780.976 05:32:57
5.220 165.293 863.902 05:32:58
5.224 149.683 782.439 05:32:59
5.120 466.366 2404.878 05:33:00
5.208 206.585 1075.610 05:33:01
5.124 476.756 2057.073 05:33:02
5.228 150.195 783.902 05:33:03
5.228 152.195 847.317 05:33:04
5.224 166.585 922.927 05:33:05
5.224 152.293 796.098 05:33:06
5.220 169.293 884.878 05:33:07
5.224 152.390 797.073 05:33:08
5.196 286.878 1489.756 05:33:09
5.224 150.195 780.976 05:33:10
5.228 149.683 783.415 05:33:11
5.224 154.195 803.902 05:33:12
5.224 149.976 783.415 05:33:13
5.220 165.195 863.415 05:33:14
5.228 149.780 783.902 05:33:15
5.140 410.366 2232.195 05:33:16
5.224 149.878 780.000 05:33:17
5.228 204.171 1080.000 05:33:18
5.224 150.195 787.317 05:33:19
5.228 149.976 782.439 05:33:20
5.212 196.878 1035.610 05:33:21
5.224 149.585 783.415 05:33:22
5.192 272.366 1320.488 05:33:23
5.224 150.683 783.415 05:33:24
5.160 339.561 1588.293 05:33:25
5.228 150.195 783.902 05:33:26
5.224 152.098 792.683 05:33:27
5.224 165.683 863.902 05:33:28
5.228 152.293 795.122 05:33:29
5.156 352.756 2476.585 05:33:30
5.228 151.976 793.659 05:33:31
5.180 336.463 1672.683 05:33:32
5.224 153.780 804.878 05:33:33
5.228 149.195 789.756 05:33:34
5.220 163.293 855.122 05:33:35
5.228 149.585 781.463 05:33:36
5.196 325.366 1687.805 05:33:37
5.228 150.098 784.878 05:33:38
5.140 331.171 1944.390 05:33:39
5.224 149.976 783.902 05:33:40
5.228 149.878 783.415 05:33:41
5.216 183.073 955.122 05:33:42
5.228 149.488 1052.683 05:33:43
5.196 246.683 854.146 05:33:44
5.228 149.878 885.366 05:33:45
5.116 517.561 2602.439 05:33:46
5.220 150.098 780.976 05:33:47
5.208 264.366 1041.463 05:33:48
5.228 149.585 787.317 05:33:49
5.228 150.195 786.341 05:33:50
5.224 178.976 854.146 05:33:51
5.224 149.293 777.073 05:33:52
5.116 491.244 2515.122 05:33:53
5.220 152.390 797.073 05:33:54
5.140 288.463 1318.049 05:33:55
5.228 152.488 802.439 05:33:56
5.212 183.683 985.366 05:33:57
5.224 164.073 855.122 05:33:58
5.228 148.976 777.073 05:33:59
5.224 166.195 868.780 05:34:00
5.224 149.878 783.415 05:34:01
5.224 164.976 860.000 05:34:02
5.228 150.585 787.317 05:34:03
5.228 149.780 783.415 05:34:04
5.224 149.390 780.976 05:34:05
5.228 149.878 783.415 05:34:06
5.220 164.073 856.585 05:34:07
5.228 149.195 784.878 05:34:08
5.168 365.659 1796.098 05:34:09
5.228 150.098 783.415 05:34:10
5.192 262.073 1498.537 05:34:11
5.228 150.878 783.415 05:34:12
5.228 149.488 783.415 05:34:13
5.224 163.683 859.024 05:34:14
5.224 149.780 816.585 05:34:15
5.220 164.195 858.537 05:34:16
5.228 149.098 785.854 05:34:17
5.124 477.146 2443.415 05:34:18
5.228 149.976 783.415 05:34:19
5.224 149.780 782.439 05:34:20
5.208 154.073 805.854 05:34:22
5.228 149.780 783.415 05:34:23
5.220 163.878 856.098 05:34:24
5.224 149.780 783.415 05:34:25
5.128 485.049 2483.415 05:34:26
5.228 150.098 784.878 05:34:27
5.224 149.780 782.439 05:34:28
5.224 156.293 816.585 05:34:29
5.224 152.293 794.634 05:34:30
5.220 166.585 865.366 05:34:31
5.228 152.488 795.122 05:34:32
5.220 169.780 888.780 05:34:33
5.228 152.293 796.098 05:34:34
5.196 260.366 1494.634 05:34:35
5.224 150.780 786.341 05:34:36
5.228 150.293 783.415 05:34:37
5.220 163.293 852.683 05:34:38
5.228 150.195 784.878 05:34:39
5.148 333.878 1645.854 05:34:40
5.224 150.098 783.415 05:34:41
5.148 335.878 1739.024 05:34:42
5.228 150.293 784.878 05:34:43
5.228 149.683 782.439 05:34:44
5.224 154.390 805.854 05:34:45
5.228 149.683 783.415 05:34:46
5.220 165.488 865.366 05:34:47
5.228 149.976 783.415 05:34:48
5.132 483.854 2621.463 05:34:49
5.228 151.976 783.415 05:34:50
5.228 149.780 782.439 05:34:51
5.224 156.390 814.634 05:34:52
5.224 152.293 795.122 05:34:53
5.220 165.585 868.780 05:34:54
5.228 149.780 781.463 05:34:55
5.144 445.463 2193.659 05:34:56
5.228 149.976 783.902 05:34:57
5.188 205.488 1355.610 05:34:58
5.224 154.390 803.415 05:34:59
5.228 150.390 785.854 05:35:00
5.224 171.878 855.122 05:35:01
5.224 150.195 781.463 05:35:02
5.164 250.268 863.902 05:35:03
5.228 149.390 783.415 05:35:04
5.168 332.659 2505.366 05:35:05
5.228 150.195 785.854 05:35:06
5.224 149.390 783.415 05:35:07
5.220 163.195 856.585 05:35:08
5.224 149.878 783.415 05:35:09
5.220 165.488 865.366 05:35:10
5.228 149.976 783.415 05:35:11
5.144 471.659 2390.732 05:35:12
5.228 149.976 783.902 05:35:13
5.224 149.683 783.415 05:35:14
5.224 163.390 854.146 05:35:15
5.228 149.195 783.415 05:35:16
5.220 165.390 863.415 05:35:17
5.228 149.293 783.415 05:35:18
5.156 395.756 2047.805 05:35:19
5.220 179.585 1011.707 05:35:20
5.192 220.780 1455.610 05:35:21
5.220 163.293 851.220 05:35:22
5.228 149.780 784.878 05:35:23
5.216 165.585 865.366 05:35:24
5.228 150.195 781.463 05:35:25
5.132 476.659 2420.000 05:35:26
5.224 149.293 784.878 05:35:27
5.224 156.585 864.878 05:35:28
5.228 150.585 786.341 05:35:29
5.224 149.780 781.463 05:35:30
5.224 154.683 806.341 05:35:31
5.224 149.780 783.902 05:35:32
5.224 166.488 1305.854 05:35:33
5.228 150.098 779.024 05:35:34
5.192 214.976 1301.951 05:35:35
5.224 154.195 803.902 05:35:36
5.200 207.878 1047.805 05:35:37
5.224 163.195 858.537 05:35:38
5.228 149.098 783.415 05:35:39
5.220 165.195 862.439 05:35:40
5.228 149.976 783.415 05:35:41
5.120 346.171 1294.146 05:35:42
5.228 149.878 784.878 05:35:43
5.220 163.195 852.683 05:35:44
5.228 150.098 783.902 05:35:45
5.224 149.293 783.415 05:35:46
5.224 163.293 852.683 05:35:47
5.224 150.195 782.439 05:35:48
5.220 166.390 866.341 05:35:49
5.228 149.878 783.415 05:35:50
5.184 326.561 1694.146 05:35:51
5.228 149.976 783.902 05:35:52
5.224 149.683 779.024 05:35:53
5.224 163.293 853.659 05:35:54
5.224 149.585 783.415 05:35:55
5.220 193.683 1292.195 05:35:56
5.224 149.878 782.439 05:35:57
5.124 435.659 2129.268 05:35:58
5.228 149.293 783.415 05:35:59
5.228 230.780 1164.390 05:36:00
5.220 163.683 859.024 05:36:01
5.228 150.098 783.415 05:36:02
5.220 166.293 863.902 05:36:03
5.224 150.878 786.341 05:36:04
5.096 556.146 2784.390 05:36:05
5.220 175.293 946.341 05:36:06
5.200 225.488 820.000 05:36:07
5.228 149.683 783.415 05:36:08
5.220 165.195 863.415 05:36:09
5.224 152.293 795.122 05:36:10
5.164 345.366 1783.902 05:36:11
5.224 153.878 813.659 05:36:12
5.228 149.195 783.415 05:36:13
5.224 163.976 852.683 05:36:14
5.224 150.098 780.000 05:36:15
5.128 501.951 2574.146 05:36:16
5.224 149.976 780.000 05:36:17
5.172 308.561 1658.537 05:36:18
5.228 150.585 783.902 05:36:19
5.228 149.098 782.439 05:36:20
5.220 163.585 854.146 05:36:21
5.224 149.780 831.220 05:36:22
5.192 226.585 870.244 05:36:23
5.224 150.293 786.341 05:36:24
5.204 315.268 1480.000 05:36:25
5.228 153.878 803.415 05:36:26
5.228 149.585 781.463 05:36:27
5.220 165.488 863.902 05:36:28
5.228 152.195 796.098 05:36:29
5.164 254.366 1320.488 05:36:30
5.228 149.976 783.902 05:36:31
5.120 483.463 2477.561 05:36:32
5.224 153.780 803.902 05:36:33
5.224 148.878 784.878 05:36:34
5.212 192.780 956.585 05:36:35
5.224 149.683 782.439 05:36:36
5.224 165.195 862.439 05:36:37
5.228 150.293 785.854 05:36:38
5.120 493.756 2527.805 05:36:39
5.228 153.878 804.878 05:36:40
5.228 161.488 786.341 05:36:41
5.224 151.585 793.659 05:36:42
5.228 149.293 782.439 05:36:43
5.220 163.390 855.122 05:36:45
5.228 149.780 783.415 05:36:46
5.120 409.854 2481.463 05:36:47
5.228 150.098 784.878 05:36:48
5.192 256.780 1333.171 05:36:49
5.228 150.293 784.878 05:36:50
5.220 149.585 781.463 05:36:51
5.224 164.195 856.585 05:36:52
5.224 149.683 782.439 05:36:53
5.224 164.878 860.976 05:36:54
5.228 150.098 783.902 05:36:55
5.144 418.463 2134.634 05:36:56
5.228 150.098 780.976 05:36:57
5.224 152.293 795.122 05:36:58
5.220 165.780 863.415 05:36:59
5.228 152.488 794.634 05:37:00
5.220 168.195 878.537 05:37:01
5.228 150.780 789.756 05:37:02
5.120 486.244 2489.756 05:37:03
5.228 149.293 783.415 05:37:04
5.228 149.683 782.439 05:37:05
5.220 163.195 860.000 05:37:06
5.224 149.683 783.415 05:37:07
5.224 250.878 868.780 05:37:08
5.224 152.195 793.659 05:37:09
5.124 437.659 2189.268 05:37:10
5.224 152.293 796.098 05:37:11
5.228 149.878 782.439 05:37:12
5.220 164.390 856.585 05:37:13
5.228 149.585 783.902 05:37:14
5.220 168.488 853.659 05:37:15
5.228 149.585 784.878 05:37:16
5.168 253.366 1329.756 05:37:17
5.228 175.390 784.878 05:37:18
5.192 258.585 1342.927 05:37:19
5.228 150.098 783.902 05:37:20
5.228 149.683 781.463 05:37:21
5.220 163.683 856.098 05:37:22
5.220 149.878 784.878 05:37:23
5.192 247.683 1438.537 05:37:24
5.228 150.098 783.415 05:37:25
5.140 444.268 2113.171 05:37:26
5.224 150.195 784.878 05:37:27
5.228 149.878 783.415 05:37:28
5.220 163.195 852.683 05:37:29
5.224 149.780 783.415 05:37:30
5.224 165.683 867.317 05:37:31
5.228 150.293 784.878 05:37:32
5.144 430.463 2205.854 05:37:33
5.228 150.098 785.854 05:37:34
5.224 150.585 784.878 05:37:35
5.224 154.073 803.902 05:37:36
5.224 152.293 795.122 05:37:37
5.220 166.293 867.805 05:37:38
5.224 152.195 796.098 05:37:39
5.212 169.585 885.366 05:37:40
5.228 152.293 793.659 05:37:41
5.184 266.780 1615.122 05:37:42
5.228 149.488 783.902 05:37:43
5.228 149.585 781.463 05:37:44
5.220 162.878 851.220 05:37:45
5.228 150.098 784.878 05:37:46
5.220 164.780 860.000 05:37:47
5.224 149.976 780.976 05:37:48
5.196 255.683 1568.780 05:37:49
5.224 149.878 783.415 05:37:50
5.228 150.098 783.902 05:37:51
5.220 163.293 852.683 05:37:52
5.220 172.293 898.537 05:37:53
5.172 272.585 1416.098 05:37:54
5.228 149.195 783.902 05:37:55
5.116 480.561 2558.537 05:37:56
5.228 154.195 806.341 05:37:57
5.224 149.683 779.024 05:37:58
5.220 163.195 852.683 05:37:59
5.224 149.098 779.024 05:38:00
5.220 167.780 876.098 05:38:01
5.228 150.976 783.415 05:38:02
5.164 342.073 1869.268 05:38:03
5.228 150.585 788.780 05:38:04
5.228 149.780 781.463 05:38:05
5.220 164.195 856.585 05:38:06
5.224 149.976 783.902 05:38:07
5.220 163.976 854.146 05:38:08
5.228 149.878 781.463 05:38:09
5.168 335.463 1749.756 05:38:10
5.228 149.878 780.000 05:38:11
5.228 149.780 783.415 05:38:12
5.224 153.780 807.317 05:38:13
5.224 150.390 781.463 05:38:14
5.224 163.488 853.659 05:38:15
5.224 151.976 797.561 05:38:16
5.192 166.488 871.220 05:38:17
5.228 149.976 782.439 05:38:18
5.208 209.488 1051.707 05:38:19
5.228 150.098 783.415 05:38:20
5.224 149.780 783.415 05:38:21
5.224 164.073 865.366 05:38:22
5.228 149.683 783.415 05:38:23
5.164 336.171 1734.146 05:38:24
5.224 149.976 783.902 05:38:25
5.196 337.878 1955.610 05:38:26
5.228 149.585 783.415 05:38:27
5.228 149.780 780.976 05:38:28
5.224 154.073 805.854 05:38:29
5.228 149.878 782.439 05:38:30
5.220 164.195 895.122 05:38:31
5.228 149.683 781.463 05:38:32
5.132 355.073 1835.122 05:38:33
5.228 207.585 807.317 05:38:34
5.208 210.780 1101.463 05:38:35
5.220 158.878 829.756 05:38:36
5.228 152.293 795.122 05:38:37
5.224 165.683 864.878 05:38:38
5.228 149.683 782.439 05:38:39
5.192 249.976 1300.488 05:38:40
5.216 150.098 784.878 05:38:41
5.160 336.463 1740.000 05:38:42
5.224 150.293 785.854 05:38:43
5.228 149.780 783.415 05:38:44
5.224 163.073 851.220 05:38:45
5.228 149.780 780.000 05:38:46
5.212 204.390 1025.366 05:38:47
5.228 149.976 783.902 05:38:48
5.208 201.976 1065.366 05:38:49
5.228 150.098 784.878 05:38:50
5.228 149.878 782.439 05:38:51
5.220 164.195 850.244 05:38:52
5.228 149.098 779.024 05:38:53
5.168 325.268 1680.976 05:38:54
5.224 149.976 783.415 05:38:55
5.144 419.171 2305.854 05:38:56
5.228 149.976 783.902 05:38:57
5.224 150.195 784.878 05:38:58
5.224 163.195 857.561 05:38:59
5.160 152.195 796.098 05:39:00
5.208 217.976 856.585 05:39:01
5.224 153.293 797.073 05:39:02
5.192 263.366 1443.415 05:39:03
5.228 149.390 783.902 05:39:04
5.228 149.878 783.902 05:39:05
5.224 153.976 806.341 05:39:06
5.228 149.585 783.415 05:39:07
5.220 168.488 880.976 05:39:08
5.224 153.098 800.976 05:39:09
5.164 253.683 1310.732 05:39:10
5.224 152.488 797.073 05:39:11
5.180 298.683 1545.854 05:39:12
5.224 158.683 827.805 05:39:13
5.228 149.976 783.902 05:39:14
5.220 163.390 853.659 05:39:15
5.228 149.878 779.024 05:39:16
5.220 164.683 859.024 05:39:17
5.228 149.390 782.439 05:39:18
5.188 275.878 1459.512 05:39:19
5.224 149.976 781.463 05:39:20
5.228 149.683 778.537 05:39:21
5.224 163.390 855.122 05:39:22
5.228 149.488 783.902 05:39:23
5.184 255.171 1530.732 05:39:24
5.228 149.390 784.878 05:39:25
5.136 419.659 1939.024 05:39:26
5.224 152.780 797.073 05:39:27
5.224 152.195 795.122 05:39:28
5.224 156.976 819.024 05:39:29
5.228 154.073 804.878 05:39:30
5.220 163.780 856.098 05:39:31
5.224 149.780 782.439 05:39:32
5.116 493.146 2556.585 05:39:33
5.228 150.293 785.854 05:39:34
5.228 149.780 780.000 05:39:35
5.224 153.976 803.902 05:39:36
5.224 150.098 782.439 05:39:37
5.220 163.390 854.146 05:39:38
5.228 149.293 783.415 05:39:39
5.136 420.756 2163.415 05:39:40
5.228 150.195 783.415 05:39:42
5.228 149.585 779.024 05:39:43
5.228 150.195 784.878 05:39:44
5.224 149.683 783.415 05:39:45
5.224 171.683 856.585 05:39:46
5.228 149.976 783.415 05:39:47
5.112 511.146 2461.463 05:39:48
5.224 149.780 785.854 05:39:49
5.228 149.878 781.463 05:39:50
5.228 153.976 804.878 05:39:51
5.228 149.878 783.415 05:39:52
5.224 164.780 857.561 05:39:53
5.224 149.683 782.439 05:39:54
5.220 166.683 871.220 05:39:55
5.228 150.098 782.439 05:39:56
5.172 252.488 1344.390 05:39:57
5.224 150.098 780.976 05:39:58
5.228 149.878 783.415 05:39:59
5.220 165.585 865.366 05:40:00
5.224 252.976 829.756 05:40:01
5.152 335.659 1767.317 05:40:02
5.224 153.390 797.561 05:40:03
5.168 423.171 2066.829 05:40:04
5.228 152.293 796.098 05:40:05
5.224 151.976 794.634 05:40:06
5.224 168.293 868.780 05:40:07
5.224 151.683 795.122 05:40:08
5.220 166.195 867.317 05:40:09
5.224 152.390 796.098 05:40:10
5.128 438.561 2178.049 05:40:11
5.228 151.293 784.878 05:40:12
5.228 149.585 783.902 05:40:13
5.224 153.780 803.902 05:40:14
5.228 149.780 783.415 05:40:15
5.224 162.976 850.244 05:40:16
5.228 149.098 779.024 05:40:17
5.224 166.073 867.317 05:40:18
5.224 150.780 781.463 05:40:19
5.164 328.878 1959.024 05:40:20
5.224 150.098 780.976 05:40:21
5.228 149.878 783.902 05:40:22
5.220 163.293 856.585 05:40:23
5.224 149.683 780.000 05:40:24
5.220 166.488 865.366 05:40:25
5.232 149.293 780.976 05:40:26
5.124 482.049 2470.244 05:40:27
5.224 154.073 804.878 05:40:28
5.228 149.878 783.415 05:40:29
5.224 154.195 804.878 05:40:30
5.224 149.683 782.439 05:40:31
5.220 163.878 852.195 05:40:32
5.228 149.878 784.878 05:40:33
5.116 498.659 2553.659 05:40:34
5.224 149.878 783.902 05:40:35
5.228 149.683 781.463 05:40:36
5.224 154.195 803.902 05:40:37
5.228 149.878 780.000 05:40:38
5.220 165.293 863.415 05:40:39
5.228 149.683 781.463 05:40:40
5.120 500.049 2562.439 05:40:41
5.220 150.488 786.341 05:40:42
5.160 270.683 1734.146 05:40:43
5.228 149.488 784.878 05:40:44
5.228 149.585 783.415 05:40:45
5.224 163.073 851.220 05:40:46
5.228 149.780 782.439 05:40:47
5.220 164.878 867.805 05:40:48
5.224 149.976 784.878 05:40:49
5.140 426.049 2211.707 05:40:50
5.228 152.390 796.098 05:40:51
5.228 152.098 795.122 05:40:52
5.224 156.488 819.024 05:40:53
5.228 151.683 797.561 05:40:54
5.220 165.976 869.756 05:40:55
5.228 152.293 796.098 05:40:56
5.176 409.854 1347.317 05:40:57
5.224 150.195 783.415 05:40:58
5.204 203.878 1332.195 05:40:59
5.212 189.488 960.488 05:41:00
5.224 151.488 786.341 05:41:01
5.224 163.293 856.098 05:41:02
5.228 150.683 787.805 05:41:03
5.220 165.585 863.902 05:41:04
5.224 149.878 783.415 05:41:05
5.160 363.366 1704.878 05:41:06
5.224 153.976 808.780 05:41:07
5.224 150.585 780.976 05:41:08
5.224 154.073 807.317 05:41:09
5.228 149.976 783.902 05:41:10
5.220 163.488 853.659 05:41:11
5.224 149.878 783.415 05:41:12
5.136 423.854 2183.415 05:41:13
5.228 152.293 797.073 05:41:14
5.228 152.098 795.122 05:41:15
5.224 156.488 817.561 05:41:16
5.228 152.195 795.122 05:41:17
5.220 165.683 864.878 05:41:18
5.224 152.098 795.122 05:41:19
5.216 167.878 873.659 05:41:20
5.228 149.488 783.415 05:41:21
5.228 149.780 779.024 05:41:22
5.224 154.073 803.415 05:41:23
5.228 150.098 782.439 05:41:24
5.224 163.878 853.659 05:41:25
5.228 149.098 782.439 05:41:26
5.216 166.073 867.805 05:41:27
5.224 149.976 783.902 05:41:28
5.192 259.585 1312.195 05:41:29
5.228 153.878 803.902 05:41:30
5.228 150.098 781.463 05:41:31
5.220 163.878 853.659 05:41:32
5.228 150.195 784.878 05:41:33
5.220 165.878 870.244 05:41:34
5.224 149.878 783.415 05:41:35
5.164 351.756 1986.829 05:41:36
5.224 153.878 804.878 05:41:37
5.228 149.683 783.415 05:41:38
5.220 162.878 855.122 05:41:39
5.224 149.976 783.415 05:41:40
5.224 166.293 866.341 05:41:41
5.228 151.878 784.878 05:41:42
5.128 477.463 2437.073 05:41:43
5.224 154.073 803.415 05:41:44
5.228 158.878 781.463 05:41:45
5.228 159.390 785.854 05:41:46
5.228 149.780 782.439 05:41:47
5.168 281.683 1989.268 05:41:48
5.224 151.780 795.122 05:41:49
5.184 381.366 1966.341 05:41:50
5.224 152.195 796.098 05:41:51
5.204 220.073 1140.488 05:41:52
5.224 152.195 798.537 05:41:53
5.224 152.878 799.024 05:41:54
5.220 165.683 865.366 05:41:55
5.228 150.098 783.415 05:41:56
5.124 522.146 2539.024 05:41:57
5.228 150.098 783.415 05:41:58
5.224 163.293 850.244 05:41:59
5.228 151.780 792.683 05:42:00
5.224 149.780 782.439 05:42:01
5.224 150.390 785.854 05:42:02
5.228 150.488 786.341 05:42:03
5.220 164.488 863.902 05:42:04
5.224 149.878 779.024 05:42:05
5.220 163.585 855.122 05:42:06
5.228 150.195 783.415 05:42:07
5.184 488.659 2423.902 05:42:08
5.228 150.390 785.854 05:42:09
5.224 149.683 783.415 05:42:10
5.220 165.976 866.341 05:42:11
5.228 149.585 781.463 05:42:12
5.140 418.561 2153.171 05:42:13
5.224 149.683 780.000 05:42:14
5.204 238.585 1185.366 05:42:15
5.220 163.780 856.098 05:42:16
5.224 148.878 777.561 05:42:18
5.224 150.293 784.878 05:42:19
5.228 149.976 783.902 05:42:20
5.220 165.073 950.244 05:42:21
5.224 151.683 792.683 05:42:22
5.188 249.366 1295.610 05:42:23
5.224 149.390 784.878 05:42:24
5.152 384.073 1989.268 05:42:25
5.228 149.488 784.878 05:42:26
5.228 149.293 785.854 05:42:27
5.228 154.073 806.341 05:42:28
5.228 149.878 780.000 05:42:29
5.224 170.683 860.000 05:42:30
5.224 149.976 783.902 05:42:31
5.220 164.780 857.561 05:42:32
5.228 150.683 780.976 05:42:33
5.228 165.488 864.878 05:42:34
5.224 154.073 804.878 05:42:35
5.224 149.683 781.463 05:42:36
5.220 163.390 853.659 05:42:37
5.224 150.585 785.854 05:42:38
5.144 333.878 1737.561 05:42:39
5.228 150.195 779.024 05:42:40
5.228 149.683 781.463 05:42:41
5.220 163.073 860.000 05:42:42
5.228 149.683 829.756 05:42:43
5.224 163.073 856.585 05:42:44
5.224 152.488 795.122 05:42:45
5.220 166.976 869.756 05:42:46
5.224 152.195 796.098 05:42:47
5.204 228.488 1188.293 05:42:48
5.228 149.585 784.878 05:42:49
5.228 149.683 781.463 05:42:50
5.220 163.780 855.122 05:42:51
5.228 149.780 782.439 05:42:52
5.172 396.268 2045.854 05:42:53
5.208 242.683 956.098 05:42:54
5.100 511.341 2681.463 05:42:55
5.224 150.488 783.902 05:42:56
5.224 149.683 781.463 05:42:57
5.224 163.073 853.659 05:42:58
5.228 152.390 795.122 05:42:59
5.216 166.976 862.439 05:43:00
5.224 149.293 783.902 05:43:01
5.112 486.049 2464.878 05:43:02
5.228 149.976 783.902 05:43:03
5.208 204.780 1066.829 05:43:04
5.220 153.976 803.902 05:43:05
5.228 150.195 784.878 05:43:06
5.224 165.390 859.024 05:43:07
5.228 150.585 786.341 05:43:08
5.132 405.854 2528.780 05:43:09
5.228 150.780 787.805 05:43:10
5.204 228.780 1187.805 05:43:11
5.220 164.585 853.659 05:43:12
5.228 149.683 782.439 05:43:13
5.224 165.073 854.146 05:43:14
5.228 149.976 777.561 05:43:15
5.124 329.561 1706.341 05:43:16
5.228 152.293 795.122 05:43:17
5.224 160.293 837.561 05:43:18
5.224 156.488 817.561 05:43:19
5.228 152.390 796.098 05:43:20
5.220 167.293 873.659 05:43:21
5.224 152.098 797.073 05:43:22
5.220 174.878 866.341 05:43:23
5.228 150.878 783.902 05:43:24
5.196 213.878 1214.634 05:43:25
5.228 149.976 785.854 05:43:26
5.212 250.780 1165.854 05:43:27
5.220 162.976 850.244 05:43:28
5.224 150.195 783.902 05:43:29
5.224 163.488 854.146 05:43:30
5.228 152.683 784.878 05:43:31
5.144 407.268 2386.341 05:43:32
5.224 150.293 783.415 05:43:33
5.224 156.488 815.122 05:43:34
5.224 150.195 789.756 05:43:35
5.228 149.683 779.024 05:43:36
5.220 173.585 906.341 05:43:37
5.224 150.488 786.341 05:43:38
5.220 165.585 864.878 05:43:39
5.224 150.488 785.854 05:43:40
5.164 350.171 1811.220 05:43:41
5.224 150.195 784.878 05:43:42
5.208 202.488 1055.122 05:43:43
5.224 163.195 852.195 05:43:44
5.228 149.780 783.415 05:43:45
5.216 165.390 863.415 05:43:46
5.228 149.878 783.415 05:43:47
5.124 413.854 2137.073 05:43:48
5.228 149.878 783.415 05:43:49
5.204 223.878 1165.366 05:43:50
5.224 153.976 803.902 05:43:51
5.228 149.585 783.415 05:43:52
5.220 163.585 891.707 05:43:53
5.224 150.098 782.439 05:43:54
5.168 339.366 1530.732 05:43:55
5.224 149.683 784.878 05:43:56
5.224 153.878 813.659 05:43:57
5.224 149.780 784.878 05:43:58
5.228 149.780 783.415 05:43:59
5.220 163.390 853.659 05:44:00
5.228 149.390 784.878 05:44:01
5.192 246.683 1393.171 05:44:02
5.228 149.585 836.098 05:44:03
5.216 231.780 1321.951 05:44:04
5.228 149.390 780.000 05:44:05
5.224 165.585 864.878 05:44:06
5.220 162.878 852.195 05:44:07
5.228 149.585 782.439 05:44:08
5.220 162.390 847.805 05:44:09
