5.224 162.390 847.561 02:28:58
5.196 250.793 1296.829 02:28:59
5.220 162.390 848.293 02:29:00
5.228 149.098 779.756 02:29:01
5.224 152.793 799.512 02:29:02
5.112 515.146 2522.439 02:29:03
5.224 148.878 778.537 02:29:04
5.228 147.878 778.537 02:29:05
5.220 163.073 851.220 02:29:06
5.228 148.390 778.537 02:29:07
5.176 251.585 1320.488 02:29:08
5.228 148.878 777.073 02:29:09
5.192 271.073 1674.634 02:29:10
5.224 150.976 791.220 02:29:11
5.224 151.195 791.220 02:29:12
5.224 164.585 922.439 02:29:13
5.208 151.293 792.195 02:29:14
5.220 167.878 871.220 02:29:16
5.228 148.878 779.024 02:29:17
5.192 258.683 1336.098 02:29:18
5.228 149.293 781.463 02:29:19
5.228 148.976 780.000 02:29:20
5.224 161.976 847.805 02:29:21
5.228 148.780 780.000 02:29:22
5.192 253.878 1313.171 02:29:23
5.224 149.390 1075.122 02:29:24
5.208 220.171 787.805 02:29:25
5.232 158.488 780.000 02:29:26
5.228 148.878 777.561 02:29:27
5.224 162.195 849.756 02:29:28
5.228 149.098 778.537 02:29:29
5.220 164.878 858.537 02:29:30
5.228 172.780 780.000 02:29:31
5.224 150.488 783.902 02:29:32
5.228 152.878 799.024 02:29:33
5.228 148.780 777.073 02:29:34
5.224 162.390 847.317 02:29:35
5.228 148.585 779.024 02:29:36
5.192 280.073 1308.293 02:29:37
5.224 149.098 775.122 02:29:38
5.180 249.683 1541.951 02:29:39
5.224 155.878 812.195 02:29:40
5.224 151.488 789.756 02:29:41
5.220 164.488 859.024 02:29:42
5.228 151.390 792.195 02:29:43
5.196 257.073 1602.439 02:29:44
5.228 190.488 792.683 02:29:45
5.168 288.561 1493.659 02:29:46
5.228 153.195 797.073 02:29:47
5.228 149.195 780.000 02:29:48
5.224 162.195 849.756 02:29:49
5.228 149.195 779.024 02:29:50
5.220 163.976 853.659 02:29:51
5.228 148.390 775.122 02:29:52
5.228 148.293 774.634 02:29:53
5.224 152.976 800.000 02:29:54
5.224 149.390 778.537 02:29:55
5.224 162.683 847.317 02:29:56
5.224 149.293 778.537 02:29:57
5.224 163.195 851.220 02:29:58
5.228 148.585 780.000 02:29:59
5.224 148.878 775.122 02:30:00
5.228 245.488 857.561 02:30:01
5.228 149.585 778.537 02:30:02
5.212 163.195 927.805 02:30:03
5.228 150.098 780.000 02:30:04
5.172 250.878 1316.098 02:30:05
5.228 149.293 1075.610 02:30:06
5.192 207.171 1068.780 02:30:07
5.228 153.390 800.976 02:30:08
5.228 149.098 777.073 02:30:09
5.220 162.976 853.659 02:30:10
5.228 148.488 780.000 02:30:11
5.124 479.049 2463.902 02:30:12
5.224 152.976 800.000 02:30:13
5.228 147.488 779.024 02:30:14
5.224 162.073 846.341 02:30:15
5.228 148.585 779.024 02:30:16
5.224 162.585 849.756 02:30:17
5.224 148.976 777.073 02:30:18
5.156 342.561 1955.610 02:30:19
5.228 153.098 800.000 02:30:20
5.228 148.390 780.976 02:30:21
5.220 162.976 847.317 02:30:22
5.228 148.976 777.561 02:30:23
5.168 286.366 1780.000 02:30:24
5.228 148.195 779.024 02:30:25
5.192 317.268 1334.146 02:30:26
5.224 149.878 778.537 02:30:27
5.228 148.293 780.000 02:30:28
5.224 162.390 847.317 02:30:29
5.228 148.976 778.537 02:30:30
5.196 332.073 2082.927 02:30:31
5.228 148.976 780.976 02:30:32
5.192 315.268 1404.878 02:30:33
5.224 155.390 813.659 02:30:34
5.224 148.976 779.024 02:30:35
5.224 162.976 847.805 02:30:36
5.228 149.293 780.976 02:30:37
5.192 250.780 1295.610 02:30:38
5.228 179.293 779.024 02:30:39
5.176 306.268 1576.098 02:30:40
5.228 148.585 780.976 02:30:41
5.228 148.293 777.561 02:30:42
5.220 162.780 847.317 02:30:43
5.228 148.780 780.000 02:30:44
5.172 366.463 1688.780 02:30:45
5.212 148.293 775.122 02:30:46
5.200 207.268 1066.829 02:30:47
5.228 152.976 802.439 02:30:48
5.228 148.585 780.000 02:30:49
5.220 177.683 927.805 02:30:50
5.228 149.195 780.000 02:30:51
5.204 164.976 900.000 02:30:52
5.224 148.488 781.463 02:30:53
5.184 207.683 1080.488 02:30:54
5.228 149.293 779.024 02:30:55
5.224 151.195 791.220 02:30:56
5.224 164.878 860.000 02:30:57
5.224 148.390 780.000 02:30:58
5.196 250.976 1357.073 02:30:59
5.224 166.390 1847.805 02:31:00
5.204 253.268 822.439 02:31:01
5.224 149.390 777.561 02:31:02
5.228 150.390 792.683 02:31:03
5.220 162.390 846.341 02:31:04
5.228 149.488 779.024 02:31:05
5.148 250.976 1767.317 02:31:06
5.228 151.585 791.220 02:31:07
5.196 266.976 1551.220 02:31:08
5.232 150.098 780.976 02:31:09
5.224 148.976 778.537 02:31:10
5.224 163.293 850.244 02:31:11
5.228 149.195 778.537 02:31:12
5.196 177.488 859.024 02:31:13
5.228 149.098 776.098 02:31:14
5.188 262.976 1640.976 02:31:15
5.228 149.293 780.000 02:31:16
5.200 204.780 1050.244 02:31:17
5.224 162.195 849.756 02:31:18
5.228 152.780 789.756 02:31:20
5.220 166.878 863.415 02:31:21
5.228 151.488 793.659 02:31:22
5.120 502.463 2532.195 02:31:23
5.228 151.390 792.683 02:31:24
5.224 155.585 813.659 02:31:25
5.220 164.780 863.415 02:31:26
5.224 151.293 791.220 02:31:27
5.224 155.780 816.585 02:31:28
5.228 151.585 791.220 02:31:29
5.196 465.366 2537.561 02:31:30
5.224 149.195 779.024 02:31:31
5.224 150.683 785.854 02:31:32
5.228 153.683 800.976 02:31:33
5.208 233.488 1035.610 02:31:34
5.220 162.293 876.098 02:31:35
5.228 148.976 780.976 02:31:36
5.220 164.488 859.024 02:31:37
5.228 149.488 780.000 02:31:38
5.224 148.293 779.024 02:31:39
5.216 189.488 942.927 02:31:40
5.228 155.293 812.195 02:31:41
5.224 162.585 852.683 02:31:42
5.228 151.488 792.683 02:31:43
5.224 165.683 861.463 02:31:44
5.224 155.585 812.195 02:31:45
5.224 151.488 789.756 02:31:46
5.224 155.585 812.195 02:31:47
5.228 150.976 783.902 02:31:48
5.228 149.780 778.537 02:31:49
5.204 212.780 1108.293 02:31:50
5.172 362.756 1876.585 02:31:51
5.228 148.585 910.244 02:31:52
5.192 263.073 1365.854 02:31:53
5.228 149.098 779.024 02:31:54
5.212 181.780 1082.927 02:31:55
5.200 162.878 847.317 02:31:56
5.228 152.878 795.122 02:31:57
5.224 164.976 863.902 02:31:58
5.224 151.390 786.341 02:31:59
5.216 203.878 876.098 02:32:00
5.228 153.683 808.780 02:32:01
5.184 277.366 1448.780 02:32:02
5.216 151.683 792.195 02:32:03
5.224 152.878 800.000 02:32:04
5.220 162.488 847.805 02:32:05
5.224 155.683 814.634 02:32:06
5.220 164.976 857.561 02:32:07
5.228 148.976 775.122 02:32:08
5.144 415.854 2353.171 02:32:09
5.228 151.683 791.220 02:32:10
5.228 151.488 790.244 02:32:11
5.224 155.585 812.195 02:32:12
5.204 220.268 1254.634 02:32:13
5.220 177.976 847.805 02:32:14
5.228 149.976 786.341 02:32:15
5.212 195.488 1141.951 02:32:16
5.228 200.390 819.024 02:32:17
5.208 216.976 1110.244 02:32:18
5.228 153.098 800.000 02:32:19
5.228 149.390 777.561 02:32:20
5.220 162.488 849.756 02:32:21
5.220 162.073 849.756 02:32:22
5.220 164.195 855.122 02:32:23
5.220 153.098 798.537 02:32:24
5.168 335.659 1728.780 02:32:25
5.228 148.488 780.976 02:32:26
5.220 162.195 851.220 02:32:27
5.220 161.976 847.317 02:32:28
5.224 150.585 787.317 02:32:29
5.220 161.976 850.244 02:32:30
5.208 202.488 1311.707 02:32:31
5.220 164.390 858.537 02:32:32
5.228 148.293 780.000 02:32:33
5.192 247.683 1286.829 02:32:34
5.224 149.293 777.073 02:32:35
5.228 153.195 800.976 02:32:36
5.228 153.585 800.976 02:32:37
5.224 153.098 800.000 02:32:38
5.224 162.976 850.244 02:32:39
5.228 149.098 780.000 02:32:40
5.220 165.585 865.366 02:32:41
5.228 149.195 779.024 02:32:42
5.204 321.463 1904.390 02:32:43
5.228 148.976 780.000 02:32:44
5.208 203.171 1175.610 02:32:45
5.220 165.195 863.902 02:32:46
5.204 222.683 1658.537 02:32:47
5.224 162.488 847.805 02:32:48
5.228 149.098 780.000 02:32:49
5.220 165.293 863.415 02:32:50
5.228 148.488 776.098 02:32:51
5.204 223.488 1162.927 02:32:52
5.228 149.585 781.463 02:32:53
5.224 149.195 779.024 02:32:54
5.220 162.195 847.805 02:32:55
5.228 149.195 779.024 02:32:56
5.228 151.390 794.634 02:32:57
5.224 149.585 779.024 02:32:58
5.132 409.463 2336.098 02:32:59
5.228 150.098 787.805 02:33:00
5.196 250.780 1297.073 02:33:01
5.224 151.683 791.220 02:33:02
5.220 175.976 827.317 02:33:03
5.220 164.780 859.024 02:33:04
5.224 151.488 792.195 02:33:05
5.192 252.585 1150.244 02:33:06
5.228 149.098 780.976 02:33:07
5.168 405.268 2195.610 02:33:08
5.228 148.585 780.976 02:33:09
5.168 343.878 1976.585 02:33:10
5.228 149.488 781.463 02:33:11
5.228 150.780 785.854 02:33:12
5.220 164.780 874.146 02:33:13
5.224 151.488 791.220 02:33:14
5.220 167.293 874.146 02:33:15
5.224 151.488 792.195 02:33:16
5.192 247.976 1602.439 02:33:17
5.224 149.390 777.073 02:33:18
5.228 155.780 816.098 02:33:19
5.224 153.390 802.439 02:33:20
5.228 149.195 780.000 02:33:22
5.220 163.293 852.195 02:33:23
5.228 151.488 788.780 02:33:24
5.220 167.585 872.195 02:33:25
5.228 150.585 792.195 02:33:26
5.148 350.171 2032.683 02:33:27
5.228 155.488 791.220 02:33:28
5.228 150.585 789.756 02:33:29
5.220 158.780 801.463 02:33:30
5.228 148.390 779.024 02:33:31
5.220 162.293 847.805 02:33:32
5.224 148.976 780.000 02:33:33
5.220 163.683 858.537 02:33:34
5.228 149.098 780.976 02:33:35
5.224 166.073 800.976 02:33:36
5.224 153.098 802.439 02:33:37
5.228 148.780 779.024 02:33:38
5.224 162.195 852.195 02:33:39
5.228 149.293 779.024 02:33:40
5.220 167.780 877.561 02:33:41
5.224 151.488 790.244 02:33:42
5.208 307.463 1811.707 02:33:43
5.228 153.293 800.976 02:33:44
5.228 148.976 776.098 02:33:45
5.220 162.488 851.220 02:33:46
5.224 159.976 778.537 02:33:47
5.148 287.780 1329.756 02:33:48
5.228 149.098 779.024 02:33:49
5.224 162.780 852.195 02:33:50
5.228 149.195 778.537 02:33:51
5.116 514.659 2651.220 02:33:52
5.224 149.293 780.976 02:33:53
5.224 162.293 847.805 02:33:54
5.224 149.585 780.976 02:33:55
5.228 148.488 792.195 02:33:56
5.224 163.073 1221.951 02:33:57
5.228 149.098 777.073 02:33:58
5.196 263.878 1533.171 02:33:59
5.224 149.488 781.463 02:34:00
5.192 320.171 1803.902 02:34:01
5.224 150.780 777.073 02:34:02
5.208 212.171 1056.585 02:34:03
5.224 157.488 777.561 02:34:04
5.224 148.488 798.537 02:34:05
5.224 163.073 847.805 02:34:06
5.228 148.976 779.024 02:34:07
5.220 166.488 865.366 02:34:08
5.228 151.683 789.756 02:34:09
5.204 227.390 1368.293 02:34:10
5.224 151.390 792.195 02:34:11
5.228 151.390 791.220 02:34:12
5.220 165.390 925.366 02:34:13
5.228 149.098 780.000 02:34:14
5.220 165.073 861.463 02:34:15
5.228 149.098 774.634 02:34:16
5.124 438.049 2333.659 02:34:17
5.228 149.390 780.976 02:34:18
5.180 217.780 1063.902 02:34:19
5.224 162.073 849.756 02:34:20
5.228 148.390 776.098 02:34:21
5.220 163.195 849.756 02:34:22
5.224 148.976 779.024 02:34:23
5.220 163.780 853.659 02:34:24
5.224 150.976 787.317 02:34:25
5.220 163.878 855.122 02:34:26
5.228 149.195 782.439 02:34:27
5.224 150.585 776.098 02:34:29
5.224 149.780 780.000 02:34:30
5.228 149.390 780.000 02:34:31
5.220 162.585 847.805 02:34:32
5.228 148.780 780.000 02:34:33
5.132 492.854 2532.195 02:34:34
5.228 149.195 780.000 02:34:35
5.184 252.585 2092.195 02:34:36
5.228 153.293 801.463 02:34:37
5.224 149.098 778.537 02:34:38
5.220 161.976 849.756 02:34:39
5.228 149.390 778.537 02:34:40
5.224 165.390 1363.415 02:34:41
5.228 149.195 778.537 02:34:42
5.168 333.268 1654.634 02:34:43
5.224 149.293 779.024 02:34:44
5.220 178.488 1059.024 02:34:45
5.224 162.585 847.317 02:34:46
5.228 148.878 780.976 02:34:47
5.220 162.780 848.780 02:34:48
5.228 152.488 791.220 02:34:49
5.144 332.366 1719.024 02:34:50
5.224 151.585 792.683 02:34:51
5.228 151.488 840.976 02:34:52
5.224 155.683 812.683 02:34:53
5.228 151.390 791.220 02:34:54
5.224 162.488 852.683 02:34:55
5.228 148.488 779.024 02:34:56
5.128 478.049 2490.244 02:34:57
5.228 149.293 780.000 02:34:58
5.228 149.293 778.537 02:34:59
5.224 162.073 849.756 02:35:00
5.228 151.488 1335.610 02:35:01
5.220 162.780 852.683 02:35:02
5.228 148.976 777.073 02:35:03
5.168 251.488 1273.171 02:35:04
5.224 153.390 800.976 02:35:05
5.228 149.195 779.024 02:35:06
5.220 165.293 860.000 02:35:07
5.228 150.878 791.220 02:35:08
5.220 170.488 883.902 02:35:09
5.224 150.976 792.683 02:35:10
5.140 471.659 2565.366 02:35:11
5.228 153.293 801.463 02:35:12
5.228 148.488 779.024 02:35:13
5.220 162.780 851.220 02:35:14
5.228 148.488 780.976 02:35:15
5.224 163.390 856.585 02:35:16
5.228 149.488 775.122 02:35:17
5.116 500.854 2556.098 02:35:18
5.224 153.293 800.000 02:35:19
5.228 148.488 779.024 02:35:20
5.224 162.488 846.341 02:35:21
5.228 148.683 780.976 02:35:22
5.220 162.683 852.195 02:35:23
5.224 149.293 779.024 02:35:24
5.220 165.780 862.439 02:35:25
5.228 148.683 780.976 02:35:26
5.196 333.976 1690.244 02:35:27
5.224 149.293 777.561 02:35:28
5.228 148.976 776.098 02:35:29
5.224 153.390 802.439 02:35:30
5.228 148.488 779.024 02:35:31
5.220 164.683 855.122 02:35:32
5.228 149.293 780.976 02:35:33
5.116 515.146 2500.000 02:35:34
5.224 148.585 780.976 02:35:35
5.228 151.780 792.195 02:35:36
5.220 176.878 870.244 02:35:37
5.224 163.390 801.463 02:35:38
5.204 167.780 887.805 02:35:39
5.224 203.585 802.439 02:35:40
5.148 383.171 2017.073 02:35:41
5.228 153.098 800.000 02:35:42
5.228 149.195 779.024 02:35:43
5.220 162.293 1028.780 02:35:44
5.224 149.098 778.537 02:35:45
5.124 414.171 2080.976 02:35:46
5.228 200.976 780.000 02:35:47
5.192 263.585 1191.707 02:35:48
5.224 153.293 800.000 02:35:49
5.224 149.390 779.024 02:35:50
5.220 163.195 852.195 02:35:51
5.224 149.195 780.000 02:35:52
5.192 251.488 1321.951 02:35:53
5.228 149.098 780.000 02:35:54
5.208 259.585 1208.293 02:35:55
5.224 153.488 801.463 02:35:56
5.228 148.878 780.976 02:35:57
5.220 162.390 852.195 02:35:58
5.224 149.683 780.000 02:35:59
5.220 164.683 859.024 02:36:00
5.228 149.488 780.976 02:36:01
5.148 388.854 2080.488 02:36:02
5.228 149.390 780.000 02:36:03
5.224 149.195 779.024 02:36:04
5.220 162.073 851.220 02:36:05
5.224 149.195 784.878 02:36:06
5.220 174.488 851.220 02:36:07
5.228 149.098 780.000 02:36:08
5.116 491.049 2577.561 02:36:09
5.228 156.195 812.195 02:36:10
5.228 151.585 792.683 02:36:11
5.224 155.585 812.195 02:36:12
5.224 151.878 791.220 02:36:13
5.220 168.073 876.098 02:36:14
5.224 148.683 780.000 02:36:15
5.116 520.854 2699.024 02:36:16
5.224 149.195 781.463 02:36:17
5.228 148.390 779.024 02:36:18
5.220 153.390 801.463 02:36:19
5.224 149.195 776.098 02:36:20
5.224 166.073 863.415 02:36:21
5.224 151.683 791.220 02:36:22
5.128 481.366 2421.463 02:36:23
5.224 155.585 814.634 02:36:24
5.224 153.780 791.220 02:36:25
5.224 154.878 808.780 02:36:26
5.228 150.683 787.317 02:36:27
5.220 163.976 859.024 02:36:28
5.228 148.976 777.561 02:36:29
5.120 364.366 1707.317 02:36:30
5.228 149.585 840.976 02:36:31
5.228 149.195 778.537 02:36:33
5.224 153.390 800.976 02:36:34
5.228 149.098 780.000 02:36:35
5.224 162.878 852.683 02:36:36
5.224 149.293 779.024 02:36:37
5.140 414.171 2508.780 02:36:38
5.228 149.195 786.341 02:36:39
5.208 205.683 1072.683 02:36:40
5.224 153.390 800.000 02:36:41
5.228 148.390 778.537 02:36:42
5.220 163.390 850.244 02:36:43
5.228 149.195 778.537 02:36:44
5.188 488.244 2439.024 02:36:45
5.228 153.098 800.000 02:36:46
5.196 247.976 1305.854 02:36:47
5.224 153.293 801.463 02:36:48
5.224 149.293 778.537 02:36:49
5.220 163.073 851.220 02:36:50
5.228 149.293 780.976 02:36:51
5.120 484.951 2152.195 02:36:52
5.228 148.585 783.415 02:36:53
5.224 156.073 815.122 02:36:54
5.228 153.195 800.000 02:36:55
5.228 150.488 791.220 02:36:56
5.224 165.195 860.976 02:36:57
5.228 151.488 791.220 02:36:58
5.220 167.585 1089.268 02:36:59
5.220 151.585 793.659 02:37:00
5.192 435.049 1313.171 02:37:01
5.228 149.390 1044.390 02:37:02
5.208 149.195 779.024 02:37:03
5.224 153.390 804.878 02:37:04
5.224 152.390 778.537 02:37:05
5.224 162.683 847.805 02:37:06
5.228 149.195 801.463 02:37:07
5.224 164.683 863.415 02:37:08
5.228 149.293 780.000 02:37:09
5.140 421.756 1735.122 02:37:10
5.224 159.293 798.537 02:37:11
5.228 149.293 777.561 02:37:12
5.220 162.488 852.683 02:37:13
5.228 148.390 779.024 02:37:14
5.220 164.780 858.537 02:37:15
5.228 149.293 779.024 02:37:16
5.120 476.756 2379.512 02:37:17
5.224 149.293 777.073 02:37:18
5.228 149.488 780.000 02:37:19
5.220 162.293 851.220 02:37:20
5.228 149.098 777.073 02:37:21
5.220 163.390 849.756 02:37:22
5.220 153.195 792.683 02:37:23
5.136 480.146 2503.415 02:37:24
5.228 149.390 780.000 02:37:25
5.224 149.098 776.098 02:37:26
5.220 162.878 851.220 02:37:27
5.228 148.488 783.415 02:37:28
5.220 165.195 860.000 02:37:29
5.224 151.780 779.024 02:37:30
5.128 481.244 2462.439 02:37:31
5.228 149.293 780.000 02:37:32
5.228 147.878 779.024 02:37:33
5.220 162.390 847.805 02:37:34
5.228 148.683 780.000 02:37:35
5.172 365.976 2378.537 02:37:36
5.228 149.195 782.439 02:37:37
5.164 339.659 1796.585 02:37:38
5.224 153.195 800.000 02:37:39
5.228 149.098 779.024 02:37:40
5.220 163.293 846.341 02:37:41
5.228 149.195 779.024 02:37:42
5.188 265.073 1291.707 02:37:43
5.228 149.195 780.976 02:37:44
5.176 288.073 1757.561 02:37:45
5.228 157.073 801.463 02:37:46
5.228 149.195 780.000 02:37:47
5.224 163.073 847.805 02:37:48
5.228 182.683 792.683 02:37:49
5.184 272.585 863.415 02:37:50
5.228 150.683 787.805 02:37:51
5.144 427.756 2093.171 02:37:52
5.224 153.195 799.024 02:37:53
5.228 149.098 779.024 02:37:54
5.220 162.878 849.756 02:37:55
5.228 149.098 777.073 02:37:56
5.224 163.073 850.244 02:37:57
5.228 149.488 778.537 02:37:58
5.120 493.659 2533.659 02:37:59
5.228 307.780 784.878 02:38:00
5.228 149.195 774.634 02:38:01
5.224 153.390 801.463 02:38:02
5.228 148.878 780.976 02:38:03
5.220 163.293 850.244 02:38:04
5.228 149.293 780.000 02:38:05
5.220 164.976 862.439 02:38:06
5.224 153.683 800.000 02:38:07
5.212 200.585 1215.610 02:38:08
5.224 150.878 789.756 02:38:09
5.228 149.098 779.024 02:38:10
5.224 162.683 852.683 02:38:11
5.224 149.195 776.098 02:38:12
5.192 381.463 1307.317 02:38:13
5.220 151.780 828.780 02:38:14
5.200 228.073 829.756 02:38:15
5.224 151.976 793.659 02:38:16
5.224 151.585 788.780 02:38:17
5.220 163.073 849.756 02:38:18
5.228 149.585 780.976 02:38:19
5.224 163.488 850.244 02:38:20
5.228 149.780 776.098 02:38:21
5.120 512.561 2577.561 02:38:22
5.228 148.780 781.463 02:38:23
5.224 151.488 792.195 02:38:24
5.220 164.780 860.000 02:38:25
5.228 151.098 789.756 02:38:26
5.220 165.390 866.341 02:38:27
5.224 151.683 792.195 02:38:28
5.196 262.073 1317.073 02:38:29
5.228 205.585 780.976 02:38:30
5.188 258.463 1209.268 02:38:31
5.224 162.293 847.317 02:38:32
5.228 149.488 780.000 02:38:33
5.224 161.683 847.317 02:38:34
5.224 149.293 780.976 02:38:35
5.220 164.585 860.976 02:38:36
5.224 148.488 780.976 02:38:37
5.112 487.463 2464.878 02:38:38
5.224 150.098 777.561 02:38:39
5.228 149.293 777.073 02:38:40
5.220 163.390 853.659 02:38:42
5.228 149.195 779.024 02:38:43
5.220 164.976 860.000 02:38:44
5.224 149.585 780.976 02:38:45
5.172 359.073 1802.439 02:38:46
5.228 149.390 777.561 02:38:47
5.228 149.098 776.098 02:38:48
5.208 208.585 1059.024 02:38:49
5.216 191.878 1000.000 02:38:50
5.224 164.780 860.000 02:38:51
5.224 151.585 792.683 02:38:52
5.132 443.366 2109.756 02:38:53
5.224 176.293 793.659 02:38:54
5.224 148.780 780.000 02:38:55
5.228 153.780 803.415 02:38:56
5.228 148.390 780.976 02:38:57
5.220 162.683 848.780 02:38:58
5.228 149.293 780.976 02:38:59
5.224 163.488 852.683 02:39:00
5.228 153.195 800.976 02:39:01
5.228 148.390 783.415 02:39:02
5.228 149.878 781.463 02:39:03
5.228 149.195 787.805 02:39:04
5.220 165.488 867.805 02:39:05
5.224 151.780 792.195 02:39:06
5.220 167.390 1699.024 02:39:07
5.228 151.683 787.805 02:39:08
5.212 261.683 1357.073 02:39:09
5.224 149.293 781.463 02:39:10
5.224 149.293 776.098 02:39:11
5.188 251.976 1309.756 02:39:12
5.228 148.976 777.561 02:39:13
5.220 165.390 1163.902 02:39:14
5.228 149.293 781.463 02:39:15
5.176 311.561 1583.902 02:39:16
5.224 162.488 847.805 02:39:17
5.224 151.585 792.195 02:39:18
5.220 164.976 863.902 02:39:19
5.228 151.293 792.683 02:39:20
5.192 250.976 1291.707 02:39:21
5.224 207.073 789.756 02:39:22
5.176 308.659 1588.293 02:39:23
5.228 149.390 777.561 02:39:24
5.220 171.293 949.268 02:39:25
5.220 162.585 847.317 02:39:26
5.228 148.390 779.024 02:39:27
5.196 230.585 884.878 02:39:28
5.228 149.293 781.463 02:39:29
5.216 150.878 786.341 02:39:30
5.224 149.683 777.561 02:39:31
5.224 149.195 779.024 02:39:32
5.220 164.976 867.805 02:39:33
5.224 151.488 792.683 02:39:34
5.220 167.390 873.659 02:39:35
5.228 150.780 780.976 02:39:36
5.224 149.293 780.000 02:39:37
5.224 149.878 784.878 02:39:38
5.228 149.098 780.000 02:39:39
5.220 162.390 849.756 02:39:40
5.228 149.780 783.415 02:39:41
5.220 162.585 851.220 02:39:42
5.228 149.390 780.000 02:39:43
5.228 149.098 780.000 02:39:44
5.224 153.585 801.463 02:39:45
5.228 149.293 780.976 02:39:46
5.224 162.488 849.756 02:39:47
5.228 149.488 780.976 02:39:48
5.136 420.951 2447.317 02:39:49
5.228 149.195 777.073 02:39:50
5.212 198.878 1034.146 02:39:51
5.228 152.878 799.024 02:39:52
5.224 148.488 776.098 02:39:53
5.220 162.780 849.756 02:39:54
5.228 151.585 792.195 02:39:55
5.220 174.293 860.000 02:39:56
5.228 149.390 777.561 02:39:57
5.176 357.878 1948.293 02:39:58
5.224 149.488 779.024 02:39:59
5.228 356.171 791.220 02:40:00
5.220 164.976 874.146 02:40:01
5.224 151.585 791.220 02:40:02
5.180 256.268 1336.098 02:40:03
5.228 163.780 793.659 02:40:04
5.204 208.171 1097.561 02:40:05
5.224 153.488 800.000 02:40:06
5.228 149.098 779.024 02:40:07
5.224 162.780 851.220 02:40:08
5.228 148.293 780.976 02:40:09
5.220 218.390 860.000 02:40:10
5.228 148.683 780.976 02:40:11
5.228 149.390 774.634 02:40:12
5.224 153.390 801.463 02:40:13
5.224 149.098 776.098 02:40:14
5.220 162.585 852.195 02:40:15
5.224 149.293 780.976 02:40:16
5.220 254.878 1280.976 02:40:17
5.228 153.488 800.000 02:40:18
5.228 151.585 1328.293 02:40:19
5.220 250.171 933.659 02:40:20
5.228 150.780 792.683 02:40:21
5.224 165.073 862.439 02:40:22
5.224 151.585 791.220 02:40:23
5.220 169.976 886.341 02:40:24
5.224 149.293 781.463 02:40:25
5.200 237.366 1157.073 02:40:26
5.224 153.488 801.463 02:40:27
5.228 148.976 779.024 02:40:28
5.224 162.683 849.756 02:40:29
5.228 151.585 792.195 02:40:30
5.212 167.976 880.976 02:40:31
5.224 151.585 795.122 02:40:32
5.172 293.878 1901.951 02:40:33
5.224 152.098 792.195 02:40:34
5.220 151.390 791.220 02:40:35
5.220 162.878 853.659 02:40:36
5.228 148.683 780.976 02:40:37
5.224 164.976 858.537 02:40:38
5.228 148.878 780.976 02:40:39
5.140 448.049 2537.561 02:40:40
5.228 148.683 781.463 02:40:41
5.224 151.585 792.195 02:40:42
5.224 155.683 813.659 02:40:43
5.224 151.488 786.341 02:40:44
5.220 166.878 860.000 02:40:45
5.224 151.488 792.195 02:40:46
5.140 468.366 2512.683 02:40:47
5.228 148.976 780.000 02:40:48
5.204 204.683 1106.829 02:40:49
5.228 148.683 777.073 02:40:50
5.228 149.098 780.976 02:40:51
5.220 163.488 849.756 02:40:52
5.228 148.488 780.976 02:40:53
5.168 248.878 1292.195 02:40:54
5.228 148.683 1158.049 02:40:56
5.184 321.268 1094.146 02:40:57
5.224 150.098 780.976 02:40:58
5.224 148.976 780.976 02:40:59
5.220 155.780 818.537 02:41:00
5.224 151.683 792.195 02:41:01
5.220 173.293 1004.878 02:41:02
5.228 155.390 792.683 02:41:03
5.124 499.756 2530.244 02:41:04
5.224 203.073 781.463 02:41:05
5.200 219.073 1300.976 02:41:06
5.228 149.683 780.000 02:41:07
5.228 148.780 779.024 02:41:08
5.220 162.878 848.780 02:41:09
5.228 149.780 787.317 02:41:10
5.220 164.878 857.561 02:41:11
5.228 149.488 779.024 02:41:12
5.204 211.878 1129.268 02:41:13
5.228 153.293 801.463 02:41:14
5.228 148.976 780.000 02:41:15
5.224 162.293 848.780 02:41:16
5.228 151.585 792.683 02:41:17
5.144 326.463 2437.073 02:41:18
5.228 149.390 780.976 02:41:19
5.172 315.171 1707.805 02:41:20
5.228 153.390 801.463 02:41:21
5.228 148.780 780.000 02:41:22
5.220 163.195 849.756 02:41:23
5.228 149.585 777.073 02:41:24
5.172 293.366 1777.561 02:41:25
5.228 149.195 847.805 02:41:26
5.172 315.171 1780.488 02:41:27
5.220 148.976 781.463 02:41:28
5.224 149.390 780.000 02:41:29
5.224 162.780 849.756 02:41:30
5.228 148.585 780.000 02:41:31
5.196 249.268 1611.220 02:41:32
5.224 151.780 1049.268 02:41:33
5.180 314.463 1624.878 02:41:34
5.224 152.098 792.683 02:41:35
5.228 151.585 792.195 02:41:36
5.220 165.293 861.463 02:41:37
5.228 151.390 792.683 02:41:38
5.220 163.488 851.220 02:41:39
5.228 149.195 779.024 02:41:40
5.148 426.561 2178.049 02:41:41
5.228 153.293 849.756 02:41:42
5.228 149.195 784.878 02:41:43
5.220 163.195 848.780 02:41:44
5.228 148.976 780.976 02:41:45
5.220 162.585 853.659 02:41:46
5.228 148.878 777.561 02:41:47
5.116 473.463 2587.317 02:41:48
5.228 149.293 777.073 02:41:49
5.224 147.976 772.683 02:41:50
5.228 153.195 800.976 02:41:51
5.224 148.976 780.000 02:41:52
5.220 162.488 852.683 02:41:53
5.224 149.293 780.976 02:41:54
5.192 329.463 1765.366 02:41:55
5.228 148.878 780.976 02:41:56
5.172 334.561 1835.610 02:41:57
5.224 153.390 800.000 02:41:58
5.228 149.195 776.098 02:41:59
5.220 162.780 851.220 02:42:00
5.224 153.780 800.000 02:42:01
5.192 168.195 867.317 02:42:02
5.224 149.683 783.415 02:42:03
5.172 318.366 1579.512 02:42:04
5.228 153.390 800.976 02:42:05
5.228 149.293 776.098 02:42:06
5.220 162.585 847.805 02:42:07
5.228 152.976 795.122 02:42:08
5.220 167.683 876.098 02:42:09
5.224 151.683 792.683 02:42:10
5.128 435.171 2381.951 02:42:11
5.224 151.780 795.122 02:42:12
5.228 151.390 787.805 02:42:13
5.224 152.780 802.439 02:42:14
5.228 149.195 780.976 02:42:15
5.220 163.390 851.220 02:42:16
5.228 155.073 780.976 02:42:17
5.120 505.951 2854.146 02:42:18
5.228 151.976 791.220 02:42:19
5.224 151.683 792.195 02:42:20
5.220 165.976 869.756 02:42:21
5.228 151.585 792.195 02:42:22
5.220 162.878 853.659 02:42:23
5.224 150.976 788.780 02:42:24
5.192 166.878 1110.732 02:42:25
5.224 151.683 793.659 02:42:26
5.228 149.293 779.024 02:42:27
5.228 153.293 801.463 02:42:28
5.228 149.098 780.000 02:42:29
5.220 162.683 847.805 02:42:30
5.228 149.293 780.000 02:42:31
5.196 254.585 1314.146 02:42:32
5.228 149.585 779.024 02:42:33
5.216 150.780 787.805 02:42:34
5.224 153.098 801.463 02:42:35
5.228 149.390 780.000 02:42:36
5.216 162.585 846.341 02:42:37
5.224 149.683 780.000 02:42:38
5.188 426.268 2468.780 02:42:39
5.228 153.976 780.976 02:42:40
5.128 479.146 2084.390 02:42:41
5.224 154.195 804.878 02:42:42
5.224 149.098 780.976 02:42:43
5.220 162.780 849.756 02:42:44
5.228 149.390 780.000 02:42:45
5.224 162.780 848.780 02:42:46
5.228 149.390 780.976 02:42:47
5.108 512.146 2536.098 02:42:48
5.228 149.293 780.976 02:42:49
5.228 148.488 781.463 02:42:50
5.224 153.390 801.463 02:42:51
5.228 149.195 782.439 02:42:52
5.212 170.390 892.683 02:42:53
5.228 149.585 780.976 02:42:54
5.128 468.756 2170.732 02:42:55
5.228 180.585 801.463 02:42:56
5.208 206.683 1047.805 02:42:57
5.224 153.390 801.463 02:42:58
5.228 149.293 780.000 02:42:59
5.220 164.683 1335.610 02:43:01
5.224 149.293 785.854 02:43:02
5.220 166.195 865.366 02:43:03
5.228 149.488 781.463 02:43:04
5.192 246.073 1280.976 02:43:05
5.224 149.488 781.463 02:43:06
5.228 149.098 779.024 02:43:07
5.220 163.585 848.780 02:43:08
5.228 148.585 780.976 02:43:09
5.220 163.073 856.098 02:43:10
5.228 148.780 780.976 02:43:11
5.140 470.951 2483.415 02:43:12
5.224 151.683 789.756 02:43:13
5.192 222.585 1580.000 02:43:14
5.228 149.390 776.098 02:43:15
5.228 148.878 779.024 02:43:16
5.220 162.878 847.805 02:43:17
5.228 149.293 781.463 02:43:18
5.216 197.878 1049.268 02:43:19
5.228 148.780 780.976 02:43:20
5.124 480.049 2359.512 02:43:21
5.220 153.098 800.976 02:43:22
5.228 149.976 780.000 02:43:23
5.220 161.976 848.780 02:43:24
5.224 149.098 900.000 02:43:25
5.224 162.976 852.683 02:43:26
5.228 149.390 780.000 02:43:27
5.128 496.049 2597.561 02:43:28
5.224 155.585 815.122 02:43:29
5.228 161.683 776.098 02:43:30
5.216 153.585 803.902 02:43:31
5.228 149.293 780.976 02:43:32
5.220 162.780 852.683 02:43:33
5.224 151.683 792.683 02:43:34
5.148 403.854 1734.146 02:43:35
5.224 149.488 777.561 02:43:36
5.224 149.390 780.000 02:43:37
5.224 153.293 800.976 02:43:38
5.228 148.878 779.024 02:43:39
5.220 165.878 863.415 02:43:40
5.224 152.390 792.683 02:43:41
5.220 165.780 867.805 02:43:42
5.220 171.390 793.659 02:43:43
5.228 151.585 792.195 02:43:44
5.216 179.390 966.341 02:43:45
5.228 148.878 779.024 02:43:46
5.220 163.073 851.220 02:43:47
5.228 147.976 784.878 02:43:48
5.140 491.756 2516.098 02:43:49
5.224 151.683 792.683 02:43:50
5.228 160.390 838.537 02:43:51
5.224 155.585 812.195 02:43:52
5.224 153.780 792.195 02:43:53
5.220 166.585 864.878 02:43:54
5.224 151.098 791.220 02:43:55
5.220 168.073 876.098 02:43:56
5.228 149.390 868.780 02:43:57
5.188 274.780 1081.463 02:43:58
5.228 149.488 783.415 02:43:59
5.228 149.390 781.463 02:44:00
5.224 164.390 852.683 02:44:01
5.228 151.585 792.683 02:44:02
5.220 179.390 868.780 02:44:03
5.228 152.098 792.683 02:44:04
5.200 229.268 1202.927 02:44:05
5.224 171.585 817.561 02:44:06
5.228 151.585 792.195 02:44:07
5.220 163.073 850.244 02:44:08
5.228 149.780 778.537 02:44:09
5.196 251.780 1543.902 02:44:10
5.228 149.195 781.463 02:44:11
5.184 257.073 1126.829 02:44:12
5.224 153.195 801.463 02:44:13
5.228 149.195 780.000 02:44:14
5.220 162.390 847.805 02:44:15
5.228 149.293 779.024 02:44:16
5.216 164.683 860.976 02:44:17
5.224 149.488 781.463 02:44:18
5.124 457.268 2410.244 02:44:19
5.224 187.488 1053.171 02:44:20
5.192 209.073 1115.610 02:44:21
5.208 153.488 861.463 02:44:22
5.224 149.390 778.537 02:44:23
5.224 162.585 852.683 02:44:24
5.224 148.780 781.463 02:44:25
5.164 477.951 2444.878 02:44:26
5.224 149.683 782.439 02:44:27
5.208 199.683 1046.341 02:44:28
5.228 149.585 783.415 02:44:29
5.228 148.585 780.000 02:44:30
5.220 163.488 849.756 02:44:31
5.228 149.293 780.976 02:44:32
5.192 254.171 1319.512 02:44:33
5.228 149.683 782.439 02:44:34
5.168 343.878 1469.756 02:44:35
5.228 149.390 781.463 02:44:36
5.228 148.683 780.000 02:44:37
5.220 162.585 849.756 02:44:38
5.228 149.683 780.000 02:44:39
5.220 163.293 904.878 02:44:40
5.228 149.585 780.976 02:44:41
5.220 164.195 862.439 02:44:42
5.228 148.878 780.976 02:44:43
5.228 149.098 780.976 02:44:44
5.224 153.293 800.976 02:44:45
5.228 149.390 780.000 02:44:46
5.224 162.585 853.659 02:44:47
5.224 148.293 781.463 02:44:48
5.128 475.659 2294.634 02:44:49
5.224 153.390 805.854 02:44:50
5.228 149.488 779.024 02:44:51
5.228 153.293 801.463 02:44:52
5.228 149.195 780.000 02:44:53
5.224 162.780 852.683 02:44:54
5.224 151.098 790.244 02:44:55
5.220 179.976 871.220 02:44:56
5.228 152.098 793.659 02:44:57
5.228 151.488 793.659 02:44:58
5.224 153.293 802.439 02:44:59
5.228 152.098 792.195 02:45:00
5.220 164.073 849.756 02:45:01
5.228 149.976 780.000 02:45:02
5.220 163.878 856.585 02:45:03
5.216 149.780 779.024 02:45:04
5.228 155.976 813.659 02:45:05
5.224 153.390 802.439 02:45:06
5.228 149.098 776.098 02:45:07
5.220 162.390 849.756 02:45:08
5.228 148.780 780.976 02:45:09
5.220 261.585 1298.537 02:45:10
5.228 149.780 780.976 02:45:12
5.224 222.488 1181.951 02:45:13
5.228 150.390 791.220 02:45:14
5.228 149.098 779.024 02:45:15
5.220 163.073 849.756 02:45:16
5.228 148.683 775.122 02:45:17
5.220 197.293 860.000 02:45:18
5.224 151.390 791.220 02:45:19
5.172 325.878 1784.878 02:45:20
5.224 155.683 817.561 02:45:21
5.188 210.268 1074.146 02:45:22
5.224 151.976 794.634 02:45:23
5.228 151.585 792.683 02:45:24
5.212 206.878 1086.341 02:45:25
5.228 148.683 781.463 02:45:26
5.188 409.561 1941.951 02:45:27
5.224 154.780 780.000 02:45:28
5.224 156.073 865.366 02:45:29
5.228 153.293 802.439 02:45:30
5.228 149.390 780.000 02:45:31
5.220 162.780 852.683 02:45:32
5.224 149.293 777.561 02:45:33
5.220 188.780 855.122 02:45:34
5.228 149.488 777.561 02:45:35
5.200 177.293 1035.122 02:45:36
5.228 149.585 780.976 02:45:37
5.228 149.098 776.098 02:45:38
5.224 153.488 801.463 02:45:39
5.228 148.683 780.976 02:45:40
5.220 164.390 860.000 02:45:41
5.224 152.098 792.683 02:45:42
5.140 423.561 2161.951 02:45:43
5.224 151.780 795.122 02:45:44
5.204 215.976 1397.073 02:45:45
5.224 149.780 781.463 02:45:46
5.228 149.098 776.098 02:45:47
5.220 163.073 849.756 02:45:48
5.228 149.195 778.537 02:45:49
5.224 166.073 867.317 02:45:50
5.228 149.293 780.976 02:45:51
5.172 331.976 1722.439 02:45:52
5.228 150.293 787.805 02:45:53
5.228 148.780 780.976 02:45:54
5.204 209.171 966.341 02:45:55
5.228 149.293 779.024 02:45:56
5.220 163.488 849.756 02:45:57
5.228 149.293 777.561 02:45:58
5.144 331.780 1265.854 02:45:59
5.224 148.780 780.976 02:46:00
5.208 204.780 1075.122 02:46:01
5.224 162.878 851.220 02:46:02
5.228 148.683 780.000 02:46:03
5.220 163.195 853.659 02:46:04
5.228 149.488 781.463 02:46:05
5.224 164.780 939.024 02:46:06
5.228 149.390 780.976 02:46:07
5.228 148.390 780.976 02:46:08
5.220 153.780 803.415 02:46:09
5.228 149.488 781.463 02:46:10
5.220 163.073 851.220 02:46:11
5.224 149.293 780.976 02:46:12
5.140 330.976 1709.756 02:46:13
5.224 153.390 800.976 02:46:14
5.224 149.390 780.000 02:46:15
5.224 153.390 801.463 02:46:16
5.228 148.878 781.463 02:46:17
5.220 162.878 851.220 02:46:18
5.224 149.683 782.439 02:46:19
5.132 500.659 2562.927 02:46:20
5.228 149.488 781.463 02:46:21
5.228 148.488 780.000 02:46:22
5.224 155.683 817.561 02:46:23
5.228 151.488 792.195 02:46:24
5.220 165.683 861.463 02:46:25
5.228 149.390 780.976 02:46:26
5.220 164.390 856.098 02:46:27
5.228 149.098 780.976 02:46:28
5.228 149.683 783.902 02:46:29
5.224 163.293 847.805 02:46:30
5.228 149.293 780.976 02:46:31
5.224 163.488 854.146 02:46:32
5.224 149.390 780.000 02:46:33
5.220 165.488 863.415 02:46:34
5.228 149.293 780.976 02:46:35
5.192 250.268 1299.512 02:46:36
5.224 153.293 801.463 02:46:37
5.224 148.780 777.073 02:46:38
5.220 162.488 847.805 02:46:39
5.228 149.293 780.000 02:46:40
5.224 164.878 860.000 02:46:41
5.224 151.683 795.122 02:46:42
5.120 433.463 2190.732 02:46:43
5.224 152.293 793.659 02:46:44
5.224 150.488 792.195 02:46:45
5.228 163.488 856.585 02:46:46
5.228 149.195 780.000 02:46:47
5.224 162.976 850.244 02:46:48
5.228 149.390 781.463 02:46:49
5.120 500.951 2512.195 02:46:50
5.228 148.878 781.463 02:46:51
5.232 149.488 782.439 02:46:52
5.228 153.585 802.439 02:46:53
5.224 149.683 780.976 02:46:54
5.220 163.195 849.756 02:46:55
5.224 149.293 779.024 02:46:56
5.220 163.488 1314.634 02:46:57
5.232 149.293 781.463 02:46:58
5.184 301.463 1517.073 02:46:59
5.220 149.585 781.463 02:47:00
5.224 148.585 780.976 02:47:01
5.224 162.585 849.756 02:47:02
5.228 149.293 781.463 02:47:03
5.192 249.171 1597.073 02:47:04
5.228 148.683 780.976 02:47:05
5.188 259.683 1349.268 02:47:06
5.228 153.683 803.415 02:47:07
5.228 149.293 780.976 02:47:08
5.220 162.683 851.220 02:47:09
5.228 148.878 836.098 02:47:10
5.156 337.976 1595.122 02:47:11
5.228 149.488 781.463 02:47:12
5.128 460.561 2492.683 02:47:13
5.228 149.683 781.463 02:47:14
5.228 148.780 780.976 02:47:15
5.224 153.878 803.415 02:47:16
5.228 149.390 780.000 02:47:17
5.224 162.976 852.683 02:47:18
5.228 149.293 827.805 02:47:19
5.220 165.878 865.366 02:47:20
5.228 151.585 787.805 02:47:21
5.208 203.293 1040.000 02:47:22
5.228 149.488 780.976 02:47:23
5.228 149.488 780.976 02:47:24
5.220 162.976 848.780 02:47:25
5.212 181.976 981.463 02:47:26
5.192 165.390 860.000 02:47:27
5.228 149.488 780.000 02:47:28
5.132 402.659 2427.317 02:47:29
5.224 153.390 800.976 02:47:30
5.224 149.293 780.000 02:47:31
5.228 153.488 805.854 02:47:32
5.224 151.683 792.683 02:47:33
5.220 165.293 862.439 02:47:34
5.228 151.585 793.659 02:47:35
5.224 166.878 867.317 02:47:37
5.224 151.683 793.659 02:47:38
5.224 151.683 791.220 02:47:39
5.224 149.293 781.463 02:47:40
5.228 158.488 780.976 02:47:41
5.220 162.488 846.341 02:47:42
5.228 149.293 780.000 02:47:43
5.224 389.951 1307.317 02:47:44
5.224 149.293 781.463 02:47:45
5.144 426.659 2138.049 02:47:46
5.228 152.585 802.439 02:47:47
5.216 179.780 943.902 02:47:48
5.224 162.976 849.756 02:47:49
5.228 149.293 781.463 02:47:50
5.220 165.780 864.878 02:47:51
5.228 149.488 781.463 02:47:52
5.164 421.756 2165.854 02:47:53
5.228 153.293 801.463 02:47:54
5.228 149.585 780.000 02:47:55
5.224 162.976 849.756 02:47:56
5.228 149.293 780.000 02:47:57
5.224 162.780 855.122 02:47:58
5.224 149.585 781.463 02:47:59
5.220 164.073 856.585 02:48:00
5.228 150.878 787.805 02:48:01
5.228 149.293 776.098 02:48:02
5.224 151.976 794.634 02:48:03
5.224 151.585 796.098 02:48:04
5.220 165.488 868.780 02:48:05
5.220 153.488 803.902 02:48:06
5.192 251.683 1321.951 02:48:07
5.228 149.488 780.976 02:48:08
5.144 427.951 2108.293 02:48:09
5.224 153.390 801.463 02:48:10
5.228 149.488 780.976 02:48:11
5.220 162.780 850.244 02:48:12
5.228 148.585 780.000 02:48:13
5.220 164.683 860.000 02:48:14
5.228 149.390 777.561 02:48:15
5.116 502.463 2463.415 02:48:16
5.224 149.976 777.561 02:48:17
5.228 149.293 779.024 02:48:18
5.220 162.488 847.805 02:48:19
5.228 158.488 780.000 02:48:20
5.224 162.878 875.122 02:48:21
5.228 148.683 783.415 02:48:22
5.168 332.463 1307.317 02:48:23
5.228 149.390 779.024 02:48:24
5.192 150.780 788.780 02:48:25
5.220 149.780 781.463 02:48:26
5.228 148.976 776.098 02:48:27
5.220 165.976 863.415 02:48:28
5.228 151.780 793.659 02:48:29
5.224 167.976 878.537 02:48:30
5.228 149.585 779.024 02:48:31
5.184 295.073 1187.805 02:48:32
5.228 149.683 783.415 02:48:33
5.224 148.585 780.000 02:48:34
5.220 163.293 848.780 02:48:35
5.228 149.195 777.073 02:48:36
5.220 165.195 863.415 02:48:37
5.224 148.585 781.463 02:48:38
5.140 421.268 2140.488 02:48:39
5.228 149.488 780.976 02:48:40
5.228 149.293 780.976 02:48:41
5.228 153.488 800.000 02:48:42
5.228 149.293 780.000 02:48:43
5.220 162.195 849.756 02:48:44
5.224 149.390 779.024 02:48:45
5.180 165.976 863.415 02:48:46
5.228 149.488 777.073 02:48:47
5.184 204.585 1061.951 02:48:48
5.228 149.780 782.439 02:48:49
5.228 148.780 780.000 02:48:50
5.220 163.293 851.220 02:48:51
5.228 149.585 778.537 02:48:52
5.224 163.976 853.659 02:48:53
5.228 149.390 779.024 02:48:54
5.228 156.293 812.683 02:48:55
5.224 153.195 801.463 02:48:56
5.224 149.488 782.439 02:48:57
5.216 162.683 852.683 02:48:58
5.228 151.976 792.683 02:48:59
5.192 254.488 1344.390 02:49:00
5.224 152.780 844.878 02:49:01
5.184 341.171 1418.537 02:49:02
5.224 153.976 804.878 02:49:03
5.212 219.073 1070.732 02:49:04
5.220 162.976 847.805 02:49:05
5.224 149.488 776.098 02:49:06
5.220 164.585 861.463 02:49:07
5.216 181.976 820.000 02:49:08
5.148 364.366 2013.171 02:49:09
5.224 153.293 801.463 02:49:10
5.228 155.878 816.585 02:49:11
5.224 162.293 849.756 02:49:12
5.228 149.390 780.976 02:49:13
5.224 163.390 851.220 02:49:14
5.228 149.293 780.976 02:49:15
5.144 501.049 2616.585 02:49:16
5.228 151.683 792.683 02:49:17
5.220 152.293 792.195 02:49:18
5.224 155.780 813.659 02:49:19
5.204 258.171 1102.927 02:49:20
5.224 165.683 861.463 02:49:21
5.224 150.098 790.244 02:49:22
5.160 249.780 1341.951 02:49:23
5.224 149.488 781.463 02:49:24
5.208 203.976 1215.610 02:49:25
5.228 153.390 803.415 02:49:26
5.224 153.195 801.463 02:49:27
5.224 162.780 849.756 02:49:28
5.228 149.293 780.000 02:49:29
5.224 189.683 866.341 02:49:30
5.228 149.585 779.024 02:49:31
5.156 311.659 1858.049 02:49:32
5.228 149.293 780.976 02:49:33
5.224 150.878 787.317 02:49:34
5.224 153.585 803.415 02:49:35
5.204 222.878 1156.585 02:49:36
5.220 162.683 850.244 02:49:37
5.228 149.390 777.561 02:49:38
5.220 168.488 879.024 02:49:39
5.228 151.585 844.878 02:49:40
5.208 224.683 1081.463 02:49:41
5.220 165.585 863.415 02:49:43
5.224 155.585 812.195 02:49:44
5.220 165.195 861.463 02:49:45
5.228 149.390 780.000 02:49:46
5.220 164.683 863.415 02:49:47
5.228 149.293 784.878 02:49:48
5.208 214.073 1161.951 02:49:49
5.224 153.585 803.415 02:49:50
5.192 248.268 1291.707 02:49:51
5.220 162.585 848.780 02:49:52
5.228 149.585 781.463 02:49:53
5.216 164.976 861.463 02:49:54
5.228 149.293 777.073 02:49:55
5.160 347.073 1772.683 02:49:56
5.228 151.780 794.634 02:49:57
5.228 151.585 792.195 02:49:58
5.220 165.073 862.439 02:49:59
5.224 158.780 829.756 02:50:00
5.224 165.195 863.415 02:50:01
5.228 149.683 780.976 02:50:02
5.116 334.659 1761.463 02:50:03
5.224 149.390 781.463 02:50:04
5.204 201.073 1035.610 02:50:05
5.224 153.976 807.805 02:50:06
5.204 228.585 1185.366 02:50:07
5.220 163.293 1126.341 02:50:08
5.204 220.878 1130.732 02:50:09
5.224 182.073 860.976 02:50:10
5.224 149.390 780.000 02:50:11
5.184 278.171 1421.951 02:50:12
5.228 151.683 794.634 02:50:13
5.224 150.878 792.195 02:50:14
5.220 164.976 864.878 02:50:15
5.224 158.390 829.756 02:50:16
5.224 162.780 850.244 02:50:17
5.228 149.293 780.000 02:50:18
5.168 426.561 2112.195 02:50:19
5.228 149.390 777.073 02:50:20
5.208 210.171 1229.268 02:50:21
5.228 153.585 803.415 02:50:22
5.224 163.878 855.122 02:50:23
5.220 165.073 856.585 02:50:24
5.208 200.683 1045.366 02:50:25
5.176 308.878 1665.366 02:50:26
5.228 149.488 777.073 02:50:27
5.228 153.195 800.976 02:50:28
5.220 163.073 847.317 02:50:29
5.228 148.585 780.000 02:50:30
5.224 153.976 803.415 02:50:31
5.224 163.390 852.683 02:50:32
5.140 418.171 2139.512 02:50:33
5.228 149.390 780.976 02:50:34
5.224 163.073 851.220 02:50:35
5.228 150.390 783.415 02:50:36
5.224 185.780 799.024 02:50:37
5.220 161.976 851.220 02:50:38
5.220 164.488 858.537 02:50:39
5.220 163.780 866.341 02:50:40
5.212 206.073 1067.805 02:50:41
5.180 277.366 1422.439 02:50:42
5.228 148.976 784.878 02:50:43
5.220 162.488 846.341 02:50:44
5.220 162.683 847.805 02:50:45
5.204 186.585 817.561 02:50:46
5.140 329.659 1689.756 02:50:47
5.228 225.585 801.463 02:50:48
5.136 338.073 1742.927 02:50:49
5.228 153.293 800.000 02:50:50
5.228 149.195 780.000 02:50:51
5.216 183.585 957.561 02:50:52
5.224 149.683 780.000 02:50:53
5.224 162.293 847.317 02:50:54
5.224 150.976 789.756 02:50:55
5.224 163.488 853.659 02:50:56
5.204 212.683 1098.049 02:50:57
5.224 149.488 781.463 02:50:58
5.224 153.390 801.463 02:50:59
5.228 149.488 782.439 02:51:00
5.220 164.585 850.244 02:51:01
5.224 156.293 816.098 02:51:02
5.180 252.366 1838.049 02:51:03
5.228 154.293 802.439 02:51:04
5.208 234.366 1600.976 02:51:05
5.224 149.780 781.463 02:51:06
5.224 149.390 779.024 02:51:07
5.220 163.195 849.756 02:51:08
5.220 149.683 781.463 02:51:09
5.220 165.390 863.902 02:51:10
5.208 214.585 1121.463 02:51:11
5.140 427.756 2033.171 02:51:12
5.208 202.780 1054.146 02:51:13
5.224 151.585 792.683 02:51:14
5.220 162.488 847.317 02:51:15
5.228 149.585 780.976 02:51:16
5.224 162.390 848.780 02:51:17
5.220 188.878 900.976 02:51:18
5.120 408.756 2087.805 02:51:19
5.196 227.268 1503.415 02:51:20
5.224 149.976 784.878 02:51:21
5.228 153.488 803.415 02:51:22
5.228 149.488 780.976 02:51:23
5.220 164.195 856.585 02:51:24
5.224 149.488 782.439 02:51:25
5.224 162.683 854.146 02:51:26
5.224 162.488 844.878 02:51:27
5.228 148.878 779.024 02:51:28
5.220 156.390 819.024 02:51:29
5.228 149.390 782.439 02:51:30
5.220 162.390 851.220 02:51:31
5.224 148.976 780.976 02:51:32
5.220 165.390 913.659 02:51:33
5.220 153.390 802.439 02:51:34
5.168 382.854 1946.829 02:51:35
5.224 164.488 861.463 02:51:36
5.228 149.390 778.537 02:51:37
5.188 488.951 1449.756 02:51:38
5.228 151.390 792.195 02:51:39
5.224 165.585 863.415 02:51:40
5.220 164.878 865.366 02:51:41
5.116 503.146 2193.659 02:51:42
5.228 151.293 789.756 02:51:43
5.228 149.488 780.976 02:51:44
5.192 252.878 1273.171 02:51:45
5.224 149.293 777.561 02:51:46
5.192 251.488 1305.366 02:51:47
5.224 151.878 794.634 02:51:48
5.156 385.561 2007.805 02:51:49
5.228 152.098 795.122 02:51:50
5.224 151.488 792.195 02:51:51
5.224 163.073 851.220 02:51:53
5.228 149.488 781.463 02:51:54
5.220 165.195 859.024 02:51:55
5.228 149.683 780.976 02:51:56
5.120 486.463 2523.902 02:51:57
5.228 149.780 782.439 02:51:58
5.228 149.195 780.976 02:51:59
5.224 153.585 802.439 02:52:00
5.228 150.195 783.415 02:52:01
5.220 163.195 850.244 02:52:02
5.224 148.585 781.463 02:52:03
5.224 163.976 856.585 02:52:04
5.228 149.585 781.463 02:52:05
5.228 149.293 775.122 02:52:06
5.228 153.878 801.463 02:52:07
5.228 149.390 781.463 02:52:08
5.220 163.390 852.195 02:52:09
5.228 148.585 779.024 02:52:10
5.192 314.366 1288.293 02:52:11
5.208 148.780 782.439 02:52:12
5.144 427.951 2244.390 02:52:13
5.228 153.293 819.024 02:52:14
5.228 149.293 778.537 02:52:15
5.224 162.488 847.805 02:52:16
5.224 148.585 781.463 02:52:17
5.224 163.488 851.220 02:52:18
5.228 149.488 780.000 02:52:19
5.124 491.854 2366.341 02:52:20
5.228 149.780 781.463 02:52:21
5.228 149.585 780.000 02:52:22
5.224 162.585 849.756 02:52:23
5.228 148.780 777.073 02:52:24
5.224 162.878 851.220 02:52:25
5.228 149.390 777.073 02:52:26
5.220 164.780 861.463 02:52:27
5.216 182.585 940.000 02:52:28
5.164 314.268 1587.317 02:52:29
5.228 149.585 781.463 02:52:30
5.228 148.195 780.976 02:52:31
5.224 162.683 848.780 02:52:32
5.224 149.293 784.878 02:52:33
5.224 162.780 852.195 02:52:34
5.228 148.976 781.463 02:52:35
5.120 504.146 2602.927 02:52:36
5.224 153.195 801.463 02:52:37
5.228 148.488 779.024 02:52:38
5.224 153.488 803.415 02:52:39
5.224 151.976 792.195 02:52:40
5.220 164.878 863.902 02:52:41
5.228 151.780 801.463 02:52:42
5.220 187.073 876.098 02:52:43
5.212 182.488 970.244 02:52:44
5.184 284.780 1364.878 02:52:45
5.228 150.098 783.902 02:52:46
5.228 149.585 780.976 02:52:47
5.220 162.488 849.756 02:52:48
5.228 148.780 781.463 02:52:49
5.208 325.659 1677.561 02:52:50
5.228 149.488 781.463 02:52:51
5.192 258.268 1340.976 02:52:52
5.224 152.780 798.537 02:52:53
5.228 149.390 777.561 02:52:54
5.220 162.390 854.146 02:52:55
5.224 149.488 780.000 02:52:56
5.160 261.463 1398.049 02:52:57
5.228 149.488 783.415 02:52:58
5.172 307.659 1583.902 02:52:59
5.224 153.390 801.463 02:53:00
5.228 149.293 778.537 02:53:01
5.216 162.976 849.756 02:53:02
5.224 149.293 778.537 02:53:03
5.220 164.585 856.098 02:53:04
5.228 149.780 777.561 02:53:05
5.124 508.463 2542.927 02:53:06
5.228 149.098 780.976 02:53:07
5.224 149.293 780.000 02:53:08
5.220 162.488 847.805 02:53:09
5.228 148.585 776.098 02:53:10
5.224 162.976 850.244 02:53:11
5.228 149.293 780.000 02:53:12
5.220 165.585 1000.488 02:53:13
5.228 149.390 780.976 02:53:14
5.188 273.976 1415.610 02:53:15
5.224 153.293 858.537 02:53:16
5.224 149.488 779.024 02:53:17
5.224 162.683 850.244 02:53:18
5.228 148.780 780.000 02:53:19
5.224 164.390 858.537 02:53:20
5.224 151.878 792.683 02:53:21
5.144 487.756 2497.561 02:53:22
5.224 155.585 812.195 02:53:23
5.224 150.976 788.780 02:53:24
5.220 155.780 815.122 02:53:25
5.228 150.098 784.878 02:53:26
5.224 162.780 853.659 02:53:27
5.228 149.098 777.561 02:53:28
5.220 164.683 1021.463 02:53:29
5.228 149.488 777.073 02:53:30
5.228 149.195 780.976 02:53:31
5.220 154.976 814.634 02:53:32
5.220 151.390 792.195 02:53:33
5.220 165.780 860.976 02:53:34
5.228 152.585 798.537 02:53:35
5.144 252.366 1325.366 02:53:36
5.224 151.683 936.585 02:53:37
5.208 241.976 1167.805 02:53:38
5.228 153.683 801.463 02:53:39
5.228 149.098 783.902 02:53:40
5.220 162.585 850.244 02:53:41
5.228 149.293 781.463 02:53:42
5.172 249.585 1309.756 02:53:43
5.228 149.293 781.463 02:53:44
5.192 254.366 1320.488 02:53:45
5.224 153.683 800.976 02:53:46
5.228 206.390 777.073 02:53:47
5.228 163.390 850.244 02:53:48
5.228 151.585 792.195 02:53:49
5.220 165.683 867.805 02:53:50
5.228 151.683 792.683 02:53:51
5.184 277.366 1438.049 02:53:52
5.224 151.878 793.659 02:53:53
5.228 151.780 793.659 02:53:54
5.224 153.293 799.024 02:53:55
5.224 149.683 779.024 02:53:56
5.212 164.878 859.024 02:53:57
5.224 152.683 819.024 02:53:58
5.144 420.049 2165.366 02:53:59
5.224 150.976 790.244 02:54:00
5.228 149.293 777.561 02:54:01
5.224 153.488 807.317 02:54:02
5.228 148.878 780.000 02:54:03
5.224 163.488 850.244 02:54:05
5.228 148.976 779.024 02:54:06
5.224 164.878 860.976 02:54:07
5.224 149.390 780.000 02:54:08
5.184 256.073 1367.317 02:54:09
5.224 149.488 777.561 02:54:10
5.224 149.488 777.073 02:54:11
5.224 163.293 856.098 02:54:12
5.228 149.390 780.000 02:54:13
5.220 163.073 853.659 02:54:14
5.228 149.390 780.976 02:54:15
5.128 490.244 2419.512 02:54:16
5.228 148.878 777.561 02:54:17
5.228 148.488 780.000 02:54:18
5.228 153.293 800.000 02:54:19
5.228 157.780 791.220 02:54:20
5.224 163.390 852.195 02:54:21
5.224 149.293 780.000 02:54:22
5.220 169.878 891.220 02:54:23
5.228 149.488 781.463 02:54:24
5.204 240.073 1337.073 02:54:25
5.228 151.293 789.756 02:54:26
5.228 150.585 786.341 02:54:27
5.224 165.390 863.415 02:54:28
5.228 149.293 781.463 02:54:29
5.204 165.195 860.976 02:54:30
5.228 149.098 780.976 02:54:31
5.140 424.756 2088.293 02:54:32
5.224 149.488 777.561 02:54:33
5.228 149.390 780.000 02:54:34
5.220 162.683 849.756 02:54:35
5.228 148.585 780.976 02:54:36
5.220 165.390 860.976 02:54:37
5.228 149.488 780.000 02:54:38
5.120 473.366 2493.659 02:54:39
5.224 149.585 780.976 02:54:40
5.228 149.195 780.976 02:54:41
5.220 161.976 847.805 02:54:42
5.228 150.488 786.341 02:54:43
5.220 165.195 860.000 02:54:44
5.228 149.488 780.976 02:54:45
5.112 501.146 2580.000 02:54:46
5.228 149.976 777.073 02:54:47
5.228 158.293 872.195 02:54:48
5.224 153.488 802.439 02:54:49
5.228 149.390 780.976 02:54:50
5.212 162.976 849.756 02:54:51
5.224 148.878 781.463 02:54:52
5.112 510.756 2643.902 02:54:53
5.228 149.585 778.537 02:54:54
5.224 150.195 786.341 02:54:55
5.224 153.488 802.439 02:54:56
5.228 149.195 780.976 02:54:57
5.208 199.390 1026.341 02:54:58
5.228 151.585 780.976 02:54:59
5.140 294.878 1293.171 02:55:00
5.228 150.195 784.878 02:55:01
5.200 221.390 1150.732 02:55:02
5.228 153.683 803.415 02:55:03
5.224 151.780 793.659 02:55:04
5.216 165.195 865.366 02:55:05
5.224 150.976 792.195 02:55:06
5.192 247.683 1366.829 02:55:07
5.228 151.683 789.756 02:55:08
5.204 260.878 1182.927 02:55:09
5.224 164.976 861.463 02:55:10
5.228 149.585 781.463 02:55:11
5.220 162.683 849.756 02:55:12
5.224 148.683 780.000 02:55:13
5.196 251.878 1584.878 02:55:14
5.228 149.293 781.463 02:55:15
5.164 251.073 1295.610 02:55:16
5.228 149.683 780.976 02:55:17
5.228 148.976 780.976 02:55:18
5.228 153.488 801.463 02:55:19
5.224 149.585 777.073 02:55:20
5.224 162.585 850.244 02:55:21
5.228 148.780 780.000 02:55:22
5.212 164.683 868.780 02:55:23
5.224 148.780 781.463 02:55:24
5.144 412.268 1769.268 02:55:25
5.224 149.488 780.976 02:55:26
5.228 149.293 780.000 02:55:27
5.220 162.488 849.756 02:55:28
5.228 149.488 780.976 02:55:29
5.212 163.488 854.146 02:55:30
5.228 149.098 780.976 02:55:31
5.128 473.146 2374.634 02:55:32
5.224 153.293 801.463 02:55:33
5.228 149.390 780.000 02:55:34
5.224 163.976 856.585 02:55:35
5.228 149.195 781.463 02:55:36
5.220 163.585 853.659 02:55:37
5.228 148.780 777.561 02:55:38
5.112 501.146 2470.244 02:55:39
5.228 148.976 832.195 02:55:40
5.228 149.098 782.439 02:55:41
5.220 162.390 848.780 02:55:42
5.228 149.293 780.000 02:55:43
5.220 162.585 851.220 02:55:44
5.224 149.293 780.976 02:55:45
5.224 165.390 863.415 02:55:46
5.228 153.195 800.976 02:55:47
5.228 149.195 778.537 02:55:48
5.224 153.683 801.463 02:55:49
5.228 149.195 781.463 02:55:50
5.220 162.878 850.244 02:55:51
5.224 149.390 780.976 02:55:52
5.128 487.659 2496.585 02:55:53
5.228 149.585 781.463 02:55:54
5.228 151.488 792.683 02:55:55
5.220 164.683 860.000 02:55:56
5.228 151.683 792.195 02:55:57
5.220 165.683 862.439 02:55:58
5.224 151.780 793.659 02:55:59
5.192 251.976 1308.293 02:56:00
5.224 149.488 777.073 02:56:01
5.212 198.976 1037.561 02:56:02
5.228 163.073 852.195 02:56:03
5.224 150.293 785.854 02:56:04
5.220 162.780 849.756 02:56:05
5.228 151.585 792.195 02:56:06
5.216 191.073 867.317 02:56:07
5.228 151.195 790.244 02:56:08
5.196 199.780 1042.927 02:56:09
5.228 148.878 783.415 02:56:10
5.228 149.195 780.000 02:56:11
5.224 153.488 800.976 02:56:12
5.228 149.390 780.000 02:56:13
5.220 164.976 860.000 02:56:14
5.228 149.488 780.976 02:56:15
5.140 489.146 2544.878 02:56:16
5.224 149.390 781.463 02:56:17
5.196 208.683 1060.488 02:56:18
5.228 149.878 780.000 02:56:19
5.228 148.780 782.439 02:56:20
5.216 162.780 852.683 02:56:21
5.228 149.293 823.415 02:56:22
5.224 164.683 2112.195 02:56:23
5.228 149.488 781.463 02:56:24
5.144 457.659 2472.195 02:56:25
5.228 149.390 780.976 02:56:26
5.228 149.488 780.976 02:56:27
5.224 153.585 803.415 02:56:28
5.228 149.195 779.024 02:56:29
5.224 163.195 849.756 02:56:30
5.224 149.488 783.902 02:56:31
5.136 335.073 1722.439 02:56:32
5.224 179.073 854.146 02:56:33
5.224 149.390 778.537 02:56:34
5.228 151.390 791.220 02:56:35
5.224 151.585 792.683 02:56:36
5.220 165.293 863.415 02:56:37
5.228 151.293 791.220 02:56:38
5.208 224.878 1982.927 02:56:39
5.224 149.390 780.976 02:56:40
5.228 149.390 850.244 02:56:41
5.220 162.293 847.805 02:56:42
5.228 149.488 780.000 02:56:43
5.224 162.585 852.683 02:56:45
5.228 149.780 780.976 02:56:46
5.188 262.780 1285.854 02:56:47
5.228 149.390 783.415 02:56:48
5.180 275.073 1517.561 02:56:49
5.228 149.585 780.000 02:56:50
5.228 149.293 781.463 02:56:51
5.220 162.585 849.756 02:56:52
5.224 149.195 779.024 02:56:53
5.172 338.073 1747.317 02:56:54
5.228 148.780 777.073 02:56:55
5.140 330.780 1703.902 02:56:56
5.224 149.488 777.073 02:56:57
5.228 148.585 776.098 02:56:58
5.228 153.585 803.415 02:56:59
5.228 149.293 781.463 02:57:00
5.220 221.976 880.000 02:57:01
5.228 152.683 797.073 02:57:02
5.120 421.463 2516.098 02:57:03
5.228 149.585 781.463 02:57:04
5.228 148.683 780.976 02:57:05
5.224 162.073 847.805 02:57:06
5.228 149.293 780.976 02:57:07
5.220 162.878 851.220 02:57:08
5.228 149.585 777.561 02:57:09
5.220 165.488 863.415 02:57:10
5.224 149.683 780.000 02:57:11
5.196 254.488 1314.634 02:57:12
5.224 153.780 801.463 02:57:13
5.228 150.585 781.463 02:57:14
5.224 162.488 849.756 02:57:15
5.224 149.195 779.024 02:57:16
5.220 165.390 857.561 02:57:17
5.224 149.293 779.024 02:57:18
5.140 416.366 2169.756 02:57:19
5.228 149.488 780.000 02:57:20
5.224 149.390 780.000 02:57:21
5.224 153.293 800.976 02:57:22
5.224 148.683 780.000 02:57:23
5.224 162.878 852.683 02:57:24
5.228 148.585 780.000 02:57:25
5.224 166.195 867.317 02:57:26
5.224 152.098 793.659 02:57:27
5.208 263.073 1329.756 02:57:28
5.224 151.878 793.659 02:57:29
5.228 149.293 780.000 02:57:30
5.224 162.390 852.683 02:57:31
5.228 149.683 777.073 02:57:32
5.224 165.073 859.024 02:57:33
5.228 148.780 783.902 02:57:34
5.148 384.854 2022.927 02:57:35
5.224 153.488 800.976 02:57:36
5.228 149.488 780.976 02:57:37
5.224 162.878 849.756 02:57:38
5.228 149.488 780.976 02:57:39
5.220 165.073 860.000 02:57:40
5.224 149.293 780.976 02:57:41
5.120 486.049 2553.659 02:57:42
5.224 153.195 803.415 02:57:43
5.228 149.098 777.073 02:57:44
5.228 153.390 802.439 02:57:45
5.228 148.683 784.878 02:57:46
5.220 166.488 862.439 02:57:47
5.228 148.683 781.463 02:57:48
5.136 491.756 2423.415 02:57:49
5.224 149.683 781.463 02:57:50
5.228 148.683 780.000 02:57:51
5.224 163.488 853.659 02:57:52
5.228 158.488 783.415 02:57:53
5.216 162.878 853.659 02:57:54
5.228 149.293 780.000 02:57:55
5.108 518.854 2632.683 02:57:56
5.224 149.585 782.439 02:57:57
5.224 151.585 792.195 02:57:58
5.220 165.683 861.463 02:57:59
5.224 151.195 1076.585 02:58:00
5.224 163.195 856.585 02:58:01
5.228 149.390 780.976 02:58:02
5.148 338.268 1742.927 02:58:03
5.228 149.195 828.780 02:58:04
5.204 226.780 1181.951 02:58:05
5.224 149.878 783.415 02:58:06
5.228 149.390 780.976 02:58:07
5.220 162.683 853.659 02:58:08
5.228 152.488 793.659 02:58:09
5.224 165.976 866.341 02:58:10
5.224 151.976 794.634 02:58:11
5.224 158.488 827.805 02:58:12
5.224 151.976 794.634 02:58:13
5.228 155.488 829.756 02:58:14
5.220 162.780 851.220 02:58:15
5.228 148.780 776.098 02:58:16
5.220 193.585 863.415 02:58:17
5.228 149.585 780.976 02:58:18
5.204 225.878 1174.634 02:58:19
5.224 149.683 782.439 02:58:20
5.228 149.293 780.976 02:58:21
5.228 153.683 803.415 02:58:22
5.228 148.878 780.976 02:58:23
5.220 162.976 855.122 02:58:24
5.228 149.293 780.976 02:58:25
5.144 432.049 2484.878 02:58:26
5.228 149.683 781.463 02:58:27
5.208 205.683 1055.610 02:58:28
5.224 153.585 803.415 02:58:29
5.224 149.293 780.976 02:58:30
5.220 162.585 852.683 02:58:31
5.224 151.780 793.659 02:58:32
5.152 333.756 1776.585 02:58:33
5.224 151.683 793.659 02:58:34
5.136 430.463 2109.756 02:58:35
5.224 151.780 792.195 02:58:36
5.224 148.780 779.024 02:58:37
5.228 153.585 801.463 02:58:38
5.224 150.585 780.000 02:58:39
5.224 162.976 847.317 02:58:40
5.224 149.390 780.976 02:58:41
5.192 491.756 2496.098 02:58:42
5.228 148.878 778.537 02:58:43
5.228 151.488 792.195 02:58:44
5.220 164.976 860.976 02:58:45
5.224 151.488 792.683 02:58:46
5.224 165.195 865.366 02:58:47
5.224 152.098 791.220 02:58:48
5.116 488.341 2524.878 02:58:49
5.228 149.878 787.805 02:58:50
5.224 156.780 776.098 02:58:51
5.224 154.073 803.902 02:58:52
5.224 148.585 780.000 02:58:53
5.220 163.585 852.683 02:58:54
5.228 149.390 780.976 02:58:55
5.224 233.488 865.366 02:58:56
5.216 175.683 954.146 02:58:57
5.208 199.390 1042.927 02:58:58
5.224 153.488 801.463 02:58:59
5.228 150.878 787.805 02:59:00
5.220 165.073 865.366 02:59:01
5.220 149.488 780.000 02:59:02
5.224 163.683 856.585 02:59:03
5.228 149.195 783.415 02:59:05
5.224 155.976 815.122 02:59:06
5.224 154.488 802.439 02:59:07
5.228 150.293 780.000 02:59:08
5.224 163.073 852.195 02:59:09
5.228 150.195 790.244 02:59:10
5.220 166.488 864.878 02:59:11
5.228 150.390 786.341 02:59:12
5.184 329.976 1709.756 02:59:13
5.224 151.878 793.659 02:59:14
5.228 151.683 792.683 02:59:15
5.220 165.683 884.878 02:59:16
5.228 151.683 791.220 02:59:17
5.220 164.683 860.000 02:59:18
5.224 149.390 777.561 02:59:19
5.144 465.366 2386.341 02:59:20
5.224 195.585 1022.439 02:59:21
5.212 206.268 1074.146 02:59:22
5.224 153.390 909.756 02:59:23
5.228 148.976 775.122 02:59:24
5.224 163.293 850.244 02:59:25
5.228 149.390 780.976 02:59:26
5.220 166.195 867.317 02:59:27
5.228 148.878 778.537 02:59:28
5.168 331.878 1643.415 02:59:29
5.228 149.976 783.902 02:59:30
5.228 149.293 774.634 02:59:31
5.224 163.073 847.805 02:59:32
5.212 180.293 935.122 02:59:33
5.216 163.195 850.244 02:59:34
5.224 149.488 783.415 02:59:35
5.164 335.171 1705.366 02:59:36
5.228 149.293 780.976 02:59:37
5.228 148.683 777.561 02:59:38
5.224 162.488 847.805 02:59:39
5.228 149.293 780.976 02:59:40
5.220 162.780 849.756 02:59:41
5.228 149.780 780.976 02:59:42
5.220 164.073 857.561 02:59:43
5.228 148.976 780.976 02:59:44
5.224 149.293 779.024 02:59:45
5.224 153.390 800.976 02:59:46
5.224 149.293 781.463 02:59:47
5.220 162.780 849.756 02:59:48
5.224 151.585 792.195 02:59:49
5.220 168.390 879.024 02:59:50
5.228 151.683 792.195 02:59:51
5.228 153.585 801.463 02:59:52
5.224 156.488 816.585 02:59:53
5.224 151.488 793.659 02:59:54
5.224 163.878 852.195 02:59:55
5.228 149.390 780.000 02:59:56
5.220 165.073 864.878 02:59:57
5.228 156.195 780.976 02:59:58
5.136 428.268 2193.659 02:59:59
5.228 148.585 781.463 03:00:00
5.228 157.390 823.415 03:00:01
5.224 163.683 855.122 03:00:02
5.224 149.390 780.976 03:00:03
5.220 162.976 850.244 03:00:04
5.224 149.780 781.463 03:00:05
5.160 427.561 2118.049 03:00:06
5.224 149.585 781.463 03:00:07
5.228 148.780 779.024 03:00:08
5.228 153.293 802.439 03:00:09
5.224 149.390 780.000 03:00:10
5.224 165.390 863.415 03:00:11
5.228 153.098 800.000 03:00:12
5.208 168.073 876.585 03:00:13
5.228 151.780 793.659 03:00:14
5.204 267.171 1190.244 03:00:15
5.228 166.293 868.780 03:00:16
5.224 150.878 793.659 03:00:17
5.220 162.780 849.756 03:00:18
5.228 151.585 792.683 03:00:19
5.220 165.780 865.366 03:00:20
5.224 151.780 792.683 03:00:21
5.192 253.488 1616.098 03:00:22
5.228 148.878 776.098 03:00:23
5.228 149.195 777.561 03:00:24
5.224 153.195 801.463 03:00:25
5.224 149.390 776.098 03:00:26
5.224 162.585 849.756 03:00:27
5.224 149.390 777.561 03:00:28
5.220 165.073 863.415 03:00:29
5.228 149.390 782.439 03:00:30
5.192 252.878 1314.146 03:00:31
5.228 153.390 801.463 03:00:32
5.228 149.195 780.000 03:00:33
5.224 162.976 852.195 03:00:34
5.228 151.585 791.220 03:00:35
5.180 259.366 944.878 03:00:36
5.228 151.780 793.659 03:00:37
5.144 403.561 1744.878 03:00:38
5.216 194.073 989.268 03:00:39
5.228 149.195 780.000 03:00:40
5.224 180.488 942.439 03:00:41
5.228 153.195 792.683 03:00:42
5.224 165.488 863.415 03:00:43
5.224 149.488 781.463 03:00:44
5.148 467.049 2420.976 03:00:45
5.228 151.878 791.220 03:00:46
5.228 150.976 789.756 03:00:47
5.228 156.293 816.585 03:00:48
5.228 151.585 792.683 03:00:49
5.220 165.195 862.439 03:00:50
5.228 149.293 780.000 03:00:51
5.224 165.195 936.585 03:00:52
5.228 149.488 781.463 03:00:53
5.180 259.268 1324.390 03:00:54
5.224 153.488 801.463 03:00:55
5.224 149.390 781.463 03:00:56
5.220 162.683 845.366 03:00:57
5.224 149.195 777.561 03:00:58
5.220 165.195 863.902 03:00:59
5.172 191.878 782.439 03:01:00
5.144 470.854 2472.683 03:01:01
5.228 149.780 781.463 03:01:02
5.228 151.683 792.195 03:01:03
5.224 157.293 822.439 03:01:04
5.228 151.683 798.537 03:01:05
5.220 166.293 867.805 03:01:06
5.228 151.878 793.659 03:01:07
5.116 499.659 2487.805 03:01:08
5.228 149.683 781.463 03:01:09
5.224 150.683 791.220 03:01:10
5.224 155.390 811.220 03:01:11
5.228 149.195 777.561 03:01:12
5.220 162.488 853.659 03:01:13
5.220 187.073 936.098 03:01:14
5.224 166.195 862.439 03:01:15
5.228 149.488 780.976 03:01:16
5.204 203.390 1043.902 03:01:17
5.224 149.585 781.463 03:01:18
5.224 148.195 780.976 03:01:19
5.224 162.585 849.756 03:01:20
5.228 148.683 780.976 03:01:21
5.220 164.488 863.902 03:01:22
5.228 149.488 781.463 03:01:23
5.156 416.951 2213.171 03:01:24
5.228 149.098 780.000 03:01:25
5.228 149.683 776.098 03:01:26
5.224 153.683 801.463 03:01:27
5.224 149.488 776.098 03:01:28
5.220 162.780 852.683 03:01:29
5.224 149.585 783.415 03:01:30
5.224 163.683 858.537 03:01:31
5.228 149.878 777.561 03:01:32
5.184 272.683 1414.634 03:01:33
5.228 153.585 802.439 03:01:34
5.224 149.390 781.463 03:01:35
5.220 163.195 849.756 03:01:36
5.224 149.488 780.976 03:01:37
5.224 164.683 863.902 03:01:38
5.224 148.878 782.439 03:01:39
5.140 418.171 2134.146 03:01:40
5.228 153.488 801.463 03:01:42
5.228 158.585 780.976 03:01:43
5.228 149.683 781.463 03:01:44
5.228 149.585 777.073 03:01:45
5.220 162.878 850.244 03:01:46
5.228 148.780 781.463 03:01:47
5.192 251.585 1314.634 03:01:48
5.228 148.683 781.463 03:01:49
5.228 148.488 1251.707 03:01:50
5.224 148.976 782.439 03:01:51
5.224 149.098 781.463 03:01:52
5.220 161.780 844.878 03:01:53
5.228 148.780 777.561 03:01:54
5.220 251.488 1311.707 03:01:55
5.220 156.488 813.659 03:01:56
5.192 204.073 1192.683 03:01:57
5.224 156.293 814.634 03:01:58
5.224 151.585 792.195 03:01:59
5.224 162.976 852.195 03:02:00
5.224 153.585 803.415 03:02:01
5.172 313.780 1623.415 03:02:02
5.228 148.878 778.537 03:02:03
5.144 403.366 2068.293 03:02:04
5.224 153.293 801.463 03:02:05
5.220 148.683 777.073 03:02:06
5.228 153.683 803.415 03:02:07
5.224 150.098 781.463 03:02:08
5.224 163.073 857.561 03:02:09
5.228 150.878 787.805 03:02:10
5.116 486.659 2492.195 03:02:11
5.224 149.488 781.463 03:02:12
5.228 148.488 776.098 03:02:13
5.224 153.488 808.780 03:02:14
5.228 149.293 781.463 03:02:15
5.224 162.878 849.756 03:02:16
5.228 148.780 784.878 03:02:17
5.164 331.073 1860.000 03:02:18
5.228 149.585 781.463 03:02:19
5.152 389.171 1970.732 03:02:20
5.220 167.780 876.098 03:02:21
5.228 148.878 781.463 03:02:22
5.220 164.073 849.756 03:02:23
5.228 149.780 1055.122 03:02:24
5.192 163.195 852.195 03:02:25
5.228 149.780 783.415 03:02:26
5.140 416.463 2143.415 03:02:27
5.228 149.293 781.463 03:02:28
5.224 148.976 779.024 03:02:29
5.228 156.780 802.439 03:02:30
5.224 149.488 781.463 03:02:31
5.220 163.073 851.220 03:02:32
5.224 149.390 778.537 03:02:33
5.196 251.366 1291.707 03:02:34
5.224 149.780 780.000 03:02:35
5.228 149.390 777.073 03:02:36
5.224 155.878 815.122 03:02:37
5.224 151.390 792.195 03:02:38
5.220 165.390 867.317 03:02:39
5.224 151.780 794.634 03:02:40
5.192 244.366 963.902 03:02:41
5.224 148.780 780.976 03:02:42
5.120 415.268 2109.756 03:02:43
5.228 153.488 803.415 03:02:44
5.228 149.098 780.000 03:02:45
5.208 193.390 959.024 03:02:46
5.228 149.098 787.805 03:02:47
5.220 164.683 859.024 03:02:48
5.228 149.488 777.073 03:02:49
5.136 431.951 2227.317 03:02:50
5.228 149.683 781.463 03:02:51
5.228 149.195 780.000 03:02:52
5.224 162.488 848.780 03:02:53
5.228 149.293 780.976 03:02:54
5.220 162.976 852.683 03:02:55
5.224 148.683 780.976 03:02:56
5.124 488.049 2510.244 03:02:57
5.228 173.195 780.000 03:02:58
5.204 251.268 1481.951 03:02:59
5.220 152.195 794.634 03:03:00
5.224 157.976 791.220 03:03:01
5.220 163.073 851.220 03:03:02
5.228 149.488 777.073 03:03:03
5.192 492.659 1261.951 03:03:04
5.224 149.585 782.439 03:03:05
5.224 156.488 815.122 03:03:06
5.220 163.780 851.220 03:03:07
5.224 149.195 780.000 03:03:08
5.224 163.488 853.659 03:03:09
5.228 149.780 780.976 03:03:10
5.220 165.683 867.317 03:03:11
5.224 149.585 777.561 03:03:12
5.180 348.659 1270.732 03:03:13
5.224 148.878 781.463 03:03:14
5.204 215.488 1139.024 03:03:15
5.220 163.488 853.659 03:03:16
5.224 149.683 784.878 03:03:17
5.220 165.073 859.024 03:03:18
5.228 148.683 782.439 03:03:19
5.140 421.268 2170.732 03:03:20
5.224 149.488 790.244 03:03:21
5.224 155.683 819.024 03:03:22
5.228 153.780 801.463 03:03:23
5.224 149.488 779.024 03:03:24
5.224 163.488 852.683 03:03:25
5.228 149.683 779.024 03:03:26
5.220 165.293 865.366 03:03:27
5.228 149.293 783.415 03:03:28
5.168 477.951 2383.902 03:03:29
5.228 153.390 801.463 03:03:30
5.212 201.488 1050.244 03:03:31
5.224 149.098 784.878 03:03:32
5.224 149.390 782.439 03:03:33
5.224 162.976 850.244 03:03:34
5.228 149.390 777.073 03:03:35
5.220 165.585 864.878 03:03:36
5.228 151.195 800.976 03:03:37
5.204 214.585 1116.585 03:03:38
5.228 153.585 802.439 03:03:39
5.228 149.293 777.073 03:03:40
5.224 162.195 847.805 03:03:41
5.220 149.098 782.439 03:03:42
5.216 164.780 860.976 03:03:43
5.228 149.488 783.902 03:03:44
5.128 483.854 2586.341 03:03:45
5.228 149.195 781.463 03:03:46
5.204 215.073 802.439 03:03:47
5.224 153.585 803.415 03:03:48
5.224 148.976 780.000 03:03:49
5.224 162.878 852.683 03:03:50
5.228 149.683 777.561 03:03:51
5.208 202.878 1034.146 03:03:52
5.228 149.976 781.463 03:03:53
5.196 246.976 1478.537 03:03:54
5.228 149.293 781.463 03:03:55
5.224 149.488 780.000 03:03:56
5.224 153.585 802.439 03:03:57
5.224 149.390 782.439 03:03:58
5.220 164.488 858.537 03:04:00
5.188 201.488 1051.220 03:04:01
5.116 414.049 2165.366 03:04:02
5.224 148.780 781.463 03:04:03
5.192 251.366 1302.927 03:04:04
5.228 148.976 783.415 03:04:05
5.228 150.293 786.341 03:04:06
5.220 162.780 849.756 03:04:07
5.228 151.780 793.659 03:04:08
5.188 250.171 1373.659 03:04:09
5.224 151.976 793.659 03:04:10
5.164 411.659 2224.878 03:04:11
5.224 151.976 793.659 03:04:12
5.192 269.585 1617.073 03:04:13
5.228 148.878 782.439 03:04:14
5.228 149.390 780.976 03:04:15
5.224 162.976 851.220 03:04:16
5.224 155.488 812.683 03:04:17
5.196 260.683 1451.220 03:04:18
5.228 149.683 780.000 03:04:19
5.192 249.780 1297.073 03:04:20
5.224 149.488 777.561 03:04:21
5.228 149.780 780.976 03:04:22
5.224 163.195 848.780 03:04:23
5.224 149.488 781.463 03:04:24
5.224 162.976 852.683 03:04:25
5.228 148.585 780.976 03:04:26
5.172 340.463 1795.122 03:04:27
5.224 149.488 782.439 03:04:28
5.224 149.195 780.976 03:04:29
5.220 153.488 802.439 03:04:30
5.228 149.293 777.561 03:04:31
5.224 162.683 851.220 03:04:32
5.228 158.585 777.561 03:04:33
5.196 251.780 1357.073 03:04:34
5.224 148.780 777.561 03:04:35
5.192 256.366 1395.610 03:04:36
5.228 149.390 783.415 03:04:37
5.228 149.390 780.000 03:04:38
5.220 162.878 850.244 03:04:39
5.224 148.780 777.561 03:04:40
5.220 165.390 863.415 03:04:41
5.228 148.878 786.341 03:04:42
5.144 469.463 2405.854 03:04:43
5.224 153.293 800.976 03:04:44
5.228 149.390 780.976 03:04:45
5.220 162.683 849.756 03:04:46
5.224 149.390 780.976 03:04:47
5.224 163.073 852.195 03:04:48
5.228 149.976 781.463 03:04:49
5.120 420.463 2160.976 03:04:50
5.228 149.780 782.439 03:04:51
5.208 204.171 1062.927 03:04:52
5.224 149.488 781.463 03:04:53
5.228 149.488 780.976 03:04:54
5.220 162.976 854.146 03:04:55
5.224 149.293 781.463 03:04:56
5.220 164.585 856.585 03:04:57
5.228 149.488 781.463 03:04:58
5.196 248.268 855.122 03:04:59
5.224 149.780 780.976 03:05:00
5.224 150.390 789.756 03:05:01
5.224 154.293 803.415 03:05:02
5.228 149.390 785.854 03:05:03
5.220 165.780 867.317 03:05:04
5.224 149.585 780.976 03:05:05
5.144 417.268 2148.293 03:05:06
5.228 149.488 781.463 03:05:07
5.228 149.683 782.439 03:05:08
5.224 153.683 801.463 03:05:09
5.228 149.683 780.976 03:05:10
5.224 162.878 858.537 03:05:11
5.228 149.780 786.341 03:05:12
5.196 249.585 1425.854 03:05:13
5.228 148.976 781.463 03:05:14
5.192 305.878 1324.390 03:05:15
5.228 154.073 806.341 03:05:16
5.228 149.488 785.854 03:05:17
5.224 162.683 851.220 03:05:18
5.224 149.878 780.976 03:05:19
5.220 165.780 1115.122 03:05:20
5.224 148.878 781.463 03:05:21
5.148 409.756 2107.805 03:05:22
5.224 149.878 783.415 03:05:23
5.228 148.585 776.098 03:05:24
5.220 163.293 848.780 03:05:25
5.228 149.390 780.000 03:05:26
5.224 162.976 852.195 03:05:27
5.224 149.878 783.902 03:05:28
5.168 332.780 1716.098 03:05:29
5.228 153.293 801.463 03:05:30
5.228 149.293 781.463 03:05:31
5.220 163.195 847.805 03:05:32
5.224 149.390 781.463 03:05:33
5.208 199.878 1041.463 03:05:34
5.228 149.195 780.000 03:05:35
5.220 165.293 863.415 03:05:36
5.224 149.488 787.317 03:05:37
5.188 254.683 1323.415 03:05:38
5.224 153.390 801.463 03:05:39
5.228 149.488 780.976 03:05:40
5.220 163.293 849.756 03:05:41
5.228 149.098 787.805 03:05:42
5.224 163.488 856.098 03:05:43
5.224 149.488 781.463 03:05:44
5.140 407.951 2099.024 03:05:45
5.228 153.488 802.439 03:05:46
5.228 149.293 780.976 03:05:47
5.224 162.683 852.195 03:05:48
5.228 149.488 781.463 03:05:49
5.220 236.366 863.902 03:05:50
5.228 149.293 777.561 03:05:51
5.124 496.244 2542.927 03:05:52
5.220 154.780 808.780 03:05:53
5.228 149.195 780.000 03:05:54
5.224 162.683 852.683 03:05:55
5.228 149.683 780.976 03:05:56
5.216 164.585 858.537 03:05:57
5.228 149.683 780.000 03:05:58
5.136 475.659 2191.707 03:05:59
5.228 168.488 1835.122 03:06:00
5.224 151.780 793.659 03:06:01
5.220 166.878 863.902 03:06:02
5.228 151.683 797.561 03:06:03
5.224 165.585 867.317 03:06:04
5.228 149.878 780.000 03:06:05
5.220 166.073 876.098 03:06:06
5.228 148.976 780.976 03:06:07
5.192 219.171 1409.756 03:06:08
5.224 162.488 848.780 03:06:09
5.224 148.585 783.415 03:06:10
5.224 162.488 850.244 03:06:11
5.224 150.098 783.415 03:06:12
5.156 273.585 1835.610 03:06:13
5.224 148.780 781.463 03:06:14
5.116 483.561 2217.073 03:06:15
5.224 153.390 801.463 03:06:16
5.228 158.585 783.415 03:06:17
5.224 152.976 803.415 03:06:18
5.228 149.780 780.000 03:06:19
5.212 204.878 1075.122 03:06:20
5.224 149.585 781.463 03:06:21
5.200 406.561 1310.732 03:06:22
5.228 149.488 781.463 03:06:23
5.208 283.268 1310.732 03:06:24
5.224 151.878 788.780 03:06:25
5.224 151.195 792.195 03:06:26
5.224 165.195 862.439 03:06:27
5.228 158.390 793.659 03:06:28
5.216 167.976 879.024 03:06:29
5.224 151.878 793.659 03:06:30
5.124 468.951 2553.659 03:06:31
5.224 153.488 802.439 03:06:32
5.224 149.293 781.463 03:06:33
5.224 153.585 801.463 03:06:35
5.212 177.683 916.098 03:06:36
5.220 162.780 854.146 03:06:37
5.228 148.683 780.976 03:06:38
5.204 165.976 860.000 03:06:39
5.228 151.683 792.683 03:06:40
5.228 151.585 791.220 03:06:41
5.224 153.683 801.463 03:06:42
5.228 149.585 781.463 03:06:43
5.224 162.878 849.756 03:06:44
5.224 149.195 781.463 03:06:45
5.220 168.683 881.463 03:06:46
5.224 151.780 793.659 03:06:47
5.208 204.780 1098.049 03:06:48
5.224 152.488 794.634 03:06:49
5.224 151.780 792.683 03:06:50
5.224 163.488 850.244 03:06:51
5.228 149.488 780.000 03:06:52
5.192 260.780 1292.195 03:06:53
5.228 148.878 778.537 03:06:54
5.144 481.244 2485.854 03:06:55
5.228 149.683 781.463 03:06:56
5.228 149.195 779.024 03:06:57
5.224 153.293 800.976 03:06:58
5.228 149.488 781.463 03:06:59
5.220 163.073 851.220 03:07:00
5.224 154.878 808.780 03:07:01
5.224 165.585 1116.585 03:07:02
5.224 150.683 785.854 03:07:03
5.224 149.488 780.000 03:07:04
5.228 165.073 784.878 03:07:05
5.224 149.488 780.976 03:07:06
5.220 162.293 852.195 03:07:07
5.228 150.585 780.976 03:07:08
5.196 308.561 2348.293 03:07:09
5.228 149.878 783.415 03:07:10
5.212 286.073 1508.293 03:07:11
5.224 149.390 783.415 03:07:12
5.224 149.780 780.000 03:07:13
5.220 162.683 849.756 03:07:14
5.228 149.195 781.463 03:07:15
5.220 164.976 863.902 03:07:16
5.224 149.195 780.000 03:07:17
5.120 474.366 2496.585 03:07:18
5.224 150.098 783.902 03:07:19
5.228 148.780 777.073 03:07:20
5.224 153.585 802.439 03:07:21
5.220 173.293 897.561 03:07:22
5.220 163.390 851.220 03:07:23
5.228 151.780 793.659 03:07:24
5.220 168.878 1249.268 03:07:25
5.228 151.976 793.659 03:07:26
5.164 284.171 1512.195 03:07:27
5.224 149.780 777.561 03:07:28
5.228 149.488 780.976 03:07:29
5.224 162.780 852.195 03:07:30
5.224 149.390 782.439 03:07:31
5.220 165.585 1389.756 03:07:32
5.224 149.780 780.976 03:07:33
5.144 412.171 2108.293 03:07:34
5.228 153.780 801.463 03:07:35
5.228 149.098 777.073 03:07:36
5.220 162.878 850.244 03:07:37
5.228 149.390 780.000 03:07:38
5.220 162.976 850.244 03:07:39
5.224 149.585 823.415 03:07:40
5.224 166.488 868.780 03:07:41
5.224 152.976 799.024 03:07:42
5.228 183.488 1078.049 03:07:43
5.220 162.683 848.780 03:07:44
5.228 149.390 779.024 03:07:45
5.220 162.683 848.780 03:07:46
5.228 149.683 789.756 03:07:47
5.220 164.293 1005.366 03:07:48
5.208 212.488 1095.610 03:07:49
5.224 149.293 780.000 03:07:50
5.228 150.683 787.805 03:07:51
5.196 230.073 1196.585 03:07:52
