5.224 155.500 812.439 16:03:45
5.160 369.488 1808.293 16:03:46
5.192 252.988 1313.659 16:03:47
5.224 160.890 843.659 16:03:48
5.228 148.098 772.927 16:03:49
5.228 147.000 770.488 16:03:50
5.220 147.793 771.951 16:03:51
5.228 148.000 771.707 16:03:52
5.204 221.598 1153.659 16:03:53
5.224 147.500 772.927 16:03:54
5.232 147.695 771.707 16:03:55
5.220 161.390 838.049 16:03:56
5.228 146.793 770.488 16:03:57
5.224 147.098 766.829 16:03:58
5.224 147.598 768.049 16:03:59
5.224 158.793 1865.122 16:04:00
5.228 148.390 775.366 16:04:01
5.224 147.000 771.220 16:04:02
5.228 148.000 785.610 16:04:03
5.228 150.695 784.146 16:04:04
5.228 146.793 771.951 16:04:05
5.228 147.500 768.537 16:04:06
5.228 147.500 771.707 16:04:07
5.228 147.000 768.780 16:04:08
5.224 154.195 806.098 16:04:09
5.224 147.793 775.366 16:04:10
5.224 149.890 771.707 16:04:11
5.228 146.890 774.878 16:04:12
5.228 147.598 771.707 16:04:13
5.228 147.695 771.951 16:04:14
5.224 147.000 771.220 16:04:15
5.228 151.890 792.927 16:04:16
5.228 147.598 772.927 16:04:17
5.228 147.000 770.000 16:04:18
5.228 147.293 766.585 16:04:19
5.224 147.500 770.488 16:04:20
5.228 147.293 771.220 16:04:21
5.228 147.500 771.220 16:04:22
5.228 149.293 934.634 16:04:23
5.228 149.793 780.488 16:04:24
5.208 209.195 1089.024 16:04:25
5.228 147.695 771.220 16:04:26
5.228 147.598 771.220 16:04:28
5.224 146.695 768.049 16:04:29
5.224 147.390 771.220 16:04:30
5.220 160.195 840.732 16:04:31
5.228 147.293 765.366 16:04:32
5.204 150.890 791.951 16:04:33
5.228 147.098 771.951 16:04:34
5.228 147.390 771.951 16:04:35
5.228 147.695 771.707 16:04:36
5.228 146.890 770.488 16:04:37
5.228 165.793 775.366 16:04:38
5.228 147.500 768.049 16:04:39
5.224 161.293 837.317 16:04:40
5.228 147.890 767.317 16:04:41
5.212 212.195 1182.927 16:04:42
5.224 147.500 772.927 16:04:43
5.228 149.793 784.146 16:04:44
5.220 162.695 853.902 16:04:45
5.228 149.695 782.927 16:04:46
5.228 149.500 783.659 16:04:47
5.228 149.390 785.366 16:04:48
5.228 154.000 804.390 16:04:49
5.228 150.098 782.439 16:04:50
5.232 147.500 821.220 16:04:51
5.228 146.695 771.951 16:04:52
5.228 147.500 771.220 16:04:53
5.228 147.695 771.951 16:04:54
5.228 147.195 767.317 16:04:55
5.228 153.098 798.049 16:04:56
5.228 147.500 768.780 16:04:57
5.204 204.098 1054.146 16:04:58
5.224 146.695 768.780 16:04:59
5.220 149.098 1631.707 16:05:00
5.228 147.598 771.951 16:05:01
5.228 147.793 766.829 16:05:02
5.228 147.695 771.951 16:05:03
5.228 147.695 772.927 16:05:04
5.212 197.890 1029.756 16:05:05
5.228 147.500 776.341 16:05:06
5.228 147.598 801.707 16:05:07
5.224 161.890 844.390 16:05:08
5.228 148.000 770.488 16:05:09
5.228 147.000 769.756 16:05:10
5.228 147.598 771.220 16:05:11
5.228 151.500 792.439 16:05:12
5.224 147.000 770.488 16:05:13
5.228 147.793 770.488 16:05:14
5.228 147.000 770.000 16:05:15
5.228 147.195 767.317 16:05:16
5.224 148.390 771.707 16:05:17
5.228 147.793 771.220 16:05:18
5.228 149.098 774.146 16:05:19
5.224 147.390 771.707 16:05:20
5.208 211.390 1094.146 16:05:21
5.228 149.890 781.951 16:05:22
5.228 149.793 784.146 16:05:23
5.228 149.390 786.341 16:05:24
5.228 149.793 783.659 16:05:25
5.224 149.195 784.146 16:05:26
5.228 147.695 771.707 16:05:27
5.224 151.500 921.951 16:05:28
5.228 147.390 771.951 16:05:29
5.228 147.390 769.756 16:05:30
5.228 147.500 771.707 16:05:31
5.216 154.598 806.341 16:05:32
5.228 147.390 766.829 16:05:33
5.228 146.598 770.000 16:05:34
5.228 149.000 776.341 16:05:35
5.224 146.793 766.829 16:05:36
5.212 204.695 1032.195 16:05:37
5.224 147.500 768.537 16:05:38
5.228 147.293 770.488 16:05:39
5.216 230.988 947.073 16:05:40
5.228 147.390 770.488 16:05:41
5.224 160.390 838.780 16:05:42
5.228 147.390 770.488 16:05:43
5.220 161.293 838.049 16:05:44
5.228 147.195 771.220 16:05:45
5.228 147.293 770.000 16:05:46
5.224 160.390 841.220 16:05:47
5.228 147.000 770.488 16:05:48
5.220 160.390 838.293 16:05:49
5.228 147.793 772.927 16:05:50
5.224 159.793 838.780 16:05:51
5.228 146.890 770.488 16:05:52
5.228 147.195 769.756 16:05:53
5.224 147.293 763.659 16:05:54
5.228 147.598 771.220 16:05:55
5.228 147.293 767.317 16:05:56
5.228 147.293 766.829 16:05:57
5.224 159.793 837.317 16:05:58
5.232 146.598 771.707 16:05:59
5.224 155.890 1882.195 16:06:00
5.224 146.793 767.317 16:06:01
5.224 147.390 766.585 16:06:02
5.224 162.293 839.512 16:06:03
5.228 147.000 766.829 16:06:04
5.224 150.695 772.927 16:06:05
5.224 147.598 791.707 16:06:06
5.224 151.598 791.951 16:06:07
5.228 147.598 770.488 16:06:08
5.228 146.598 770.000 16:06:09
5.228 147.293 769.756 16:06:10
5.228 146.793 767.317 16:06:11
5.228 147.598 771.220 16:06:12
5.228 147.500 769.756 16:06:13
5.228 149.293 781.707 16:06:14
5.228 147.500 766.829 16:06:15
5.224 161.500 1072.927 16:06:16
5.228 147.500 773.171 16:06:17
5.228 147.390 772.927 16:06:18
5.228 147.390 767.317 16:06:19
5.228 146.793 770.488 16:06:20
5.228 151.390 790.488 16:06:21
5.228 148.098 770.488 16:06:22
5.228 154.293 805.610 16:06:23
5.228 147.500 771.707 16:06:24
5.228 146.598 770.000 16:06:26
5.228 147.000 771.707 16:06:27
5.228 147.390 770.488 16:06:28
5.228 146.890 770.000 16:06:29
5.228 147.195 774.878 16:06:30
5.224 162.098 843.659 16:06:31
5.228 147.293 769.756 16:06:32
5.224 148.695 1065.366 16:06:33
5.224 147.293 770.000 16:06:34
5.228 147.293 771.707 16:06:35
5.224 146.500 768.049 16:06:36
5.228 147.293 767.317 16:06:37
5.228 147.293 766.829 16:06:38
5.228 147.390 769.756 16:06:39
5.176 220.890 1166.098 16:06:40
5.228 147.293 770.000 16:06:41
5.224 147.293 765.610 16:06:42
5.228 157.000 770.000 16:06:43
5.228 147.793 817.561 16:06:44
5.228 147.890 770.488 16:06:45
5.228 147.195 770.000 16:06:46
5.196 210.293 1037.073 16:06:47
5.228 147.598 769.756 16:06:48
5.228 146.695 770.000 16:06:49
5.228 147.390 771.220 16:06:50
5.228 147.793 768.537 16:06:51
5.232 147.793 772.927 16:06:52
5.228 147.000 768.537 16:06:53
5.228 159.793 777.561 16:06:54
5.228 147.500 768.537 16:06:55
5.204 209.695 1091.707 16:06:56
5.228 146.695 767.317 16:06:57
5.224 147.500 769.756 16:06:58
5.228 147.390 771.220 16:06:59
5.228 148.098 1837.073 16:07:00
5.228 148.098 771.951 16:07:01
5.228 147.390 769.756 16:07:02
5.228 151.293 795.610 16:07:03
5.224 148.098 770.000 16:07:04
5.228 147.293 771.707 16:07:05
5.228 146.598 771.220 16:07:06
5.228 147.293 769.756 16:07:07
5.224 147.293 770.488 16:07:08
5.228 147.293 813.902 16:07:09
5.228 148.500 777.317 16:07:10
5.228 146.695 770.000 16:07:11
5.212 197.098 1101.463 16:07:12
5.228 154.195 770.000 16:07:13
5.228 147.500 804.390 16:07:14
5.228 147.390 770.488 16:07:15
5.228 147.598 774.390 16:07:16
5.228 147.390 768.537 16:07:17
5.228 147.500 770.000 16:07:18
5.224 160.890 837.317 16:07:19
5.228 147.195 768.780 16:07:20
5.228 147.390 768.049 16:07:21
5.224 159.390 836.829 16:07:22
5.224 149.293 766.098 16:07:23
5.228 147.293 771.220 16:07:24
5.228 147.195 770.488 16:07:25
5.228 153.890 802.927 16:07:26
5.228 146.598 763.171 16:07:27
5.228 207.098 770.488 16:07:28
5.228 146.793 766.829 16:07:29
5.228 147.695 770.488 16:07:30
5.224 160.390 840.000 16:07:31
5.224 146.500 770.000 16:07:32
5.224 148.390 776.341 16:07:33
5.228 147.293 771.707 16:07:34
5.212 197.695 1035.854 16:07:35
5.228 147.098 769.756 16:07:36
5.224 147.195 802.439 16:07:37
5.224 160.890 836.341 16:07:38
5.228 147.195 769.756 16:07:39
5.228 146.390 766.829 16:07:40
5.228 146.098 765.366 16:07:41
5.224 151.390 790.732 16:07:42
5.228 147.098 771.951 16:07:43
5.224 147.000 768.049 16:07:44
5.228 146.500 765.366 16:07:45
5.228 147.098 768.780 16:07:46
5.228 146.598 766.829 16:07:47
5.232 147.293 765.366 16:07:48
5.228 147.000 768.537 16:07:49
5.224 147.390 767.317 16:07:50
5.212 201.488 1049.512 16:07:51
5.228 146.793 766.829 16:07:52
5.228 147.098 769.756 16:07:53
5.224 147.390 770.000 16:07:54
5.228 147.195 770.000 16:07:55
5.228 146.793 766.098 16:07:56
5.228 147.195 769.756 16:07:57
5.224 153.695 802.927 16:07:58
5.228 146.695 762.927 16:07:59
5.228 148.500 778.049 16:08:00
5.228 148.500 774.878 16:08:01
5.228 147.890 778.049 16:08:02
5.224 160.390 835.610 16:08:03
5.228 147.293 769.756 16:08:04
5.220 160.195 836.829 16:08:05
5.224 147.098 768.537 16:08:06
5.224 146.500 766.585 16:08:07
5.228 147.195 768.537 16:08:08
5.228 146.293 770.488 16:08:09
5.220 160.098 834.878 16:08:10
5.228 146.695 768.780 16:08:11
5.224 160.390 833.171 16:08:12
5.228 147.390 768.780 16:08:13
5.204 208.695 1092.927 16:08:14
5.228 146.598 766.585 16:08:15
5.228 147.000 764.878 16:08:16
5.228 146.500 764.878 16:08:17
5.228 146.890 768.049 16:08:18
5.220 160.695 837.317 16:08:19
5.228 146.890 770.000 16:08:20
5.228 154.195 909.512 16:08:21
5.228 145.793 766.098 16:08:22
5.228 147.000 768.049 16:08:23
5.228 147.098 768.537 16:08:24
5.228 147.000 764.390 16:08:26
5.228 147.098 766.829 16:08:27
5.228 150.793 769.756 16:08:28
5.228 147.890 778.780 16:08:29
5.224 146.598 768.780 16:08:30
5.196 201.195 1249.268 16:08:31
5.228 147.195 769.756 16:08:32
5.228 154.598 768.780 16:08:33
5.224 147.390 806.098 16:08:34
5.224 147.098 770.000 16:08:35
5.228 147.500 769.756 16:08:36
5.228 148.000 775.366 16:08:37
5.224 153.695 803.171 16:08:38
5.228 146.293 768.537 16:08:39
5.228 147.098 769.756 16:08:40
5.228 147.390 768.780 16:08:41
5.228 146.098 766.098 16:08:42
5.228 147.000 768.780 16:08:43
5.228 147.000 768.780 16:08:44
5.220 160.293 834.878 16:08:45
5.228 147.098 768.537 16:08:46
5.208 200.098 1054.878 16:08:47
5.228 147.293 765.366 16:08:48
5.228 146.390 766.098 16:08:49
5.228 160.098 836.341 16:08:50
5.228 147.000 770.000 16:08:51
5.228 147.000 768.537 16:08:52
5.224 147.293 770.488 16:08:53
5.224 153.695 838.049 16:08:54
5.228 146.098 766.098 16:08:55
5.228 147.390 775.366 16:08:56
5.224 146.598 770.488 16:08:57
5.228 146.890 769.756 16:08:58
5.228 147.500 771.220 16:08:59
5.228 156.500 766.829 16:09:00
5.220 161.000 836.829 16:09:01
5.192 259.293 1353.415 16:09:02
5.224 161.195 841.707 16:09:03
5.228 149.500 782.439 16:09:04
5.228 148.890 776.829 16:09:05
5.228 160.195 836.829 16:09:06
5.228 147.098 768.049 16:09:07
5.224 148.598 778.537 16:09:08
5.224 147.500 763.659 16:09:09
5.212 204.390 1034.146 16:09:10
5.228 147.195 768.780 16:09:11
5.228 146.500 768.780 16:09:12
5.224 146.890 766.585 16:09:13
5.228 147.195 770.488 16:09:14
5.228 147.195 768.537 16:09:15
5.228 161.293 765.610 16:09:16
5.220 154.000 804.390 16:09:17
5.228 146.500 766.585 16:09:18
5.224 146.890 769.756 16:09:19
5.228 147.000 821.220 16:09:20
5.228 146.598 766.585 16:09:21
5.228 149.500 776.829 16:09:22
5.228 149.390 778.049 16:09:23
5.228 151.890 791.707 16:09:24
5.228 148.500 781.951 16:09:25
5.228 207.988 1194.146 16:09:26
5.228 149.098 781.707 16:09:27
5.220 150.098 781.951 16:09:28
5.220 162.695 850.000 16:09:29
5.228 149.695 776.829 16:09:30
5.228 145.890 770.000 16:09:31
5.228 147.390 765.366 16:09:32
5.224 153.793 803.659 16:09:33
5.228 146.793 769.756 16:09:34
5.228 147.098 765.610 16:09:35
5.228 147.293 769.756 16:09:36
5.228 146.390 766.098 16:09:37
5.228 147.293 766.585 16:09:38
5.228 146.890 766.098 16:09:39
5.220 169.695 842.683 16:09:40
5.228 156.293 770.000 16:09:41
5.208 212.293 1054.878 16:09:42
5.224 149.390 781.951 16:09:43
5.224 149.598 774.390 16:09:44
5.228 149.598 779.756 16:09:45
5.224 147.390 768.780 16:09:46
5.228 147.293 767.317 16:09:47
5.228 147.098 769.756 16:09:48
5.224 152.000 794.878 16:09:49
5.228 146.598 766.585 16:09:50
5.228 147.195 769.756 16:09:51
5.228 147.098 766.098 16:09:52
5.228 147.293 771.220 16:09:53
5.228 146.793 769.756 16:09:54
5.224 147.098 768.537 16:09:55
5.196 246.085 1274.390 16:09:56
5.216 146.793 769.756 16:09:57
5.204 148.890 773.171 16:09:58
5.228 146.890 767.317 16:09:59
5.224 359.793 776.341 16:10:00
5.228 148.000 768.780 16:10:01
5.228 147.500 769.756 16:10:02
5.232 147.695 769.756 16:10:03
5.228 147.098 768.780 16:10:04
5.204 222.488 1154.390 16:10:05
5.224 147.390 766.585 16:10:06
5.228 147.195 773.659 16:10:07
5.228 145.890 766.098 16:10:08
5.228 146.500 768.537 16:10:09
5.228 147.390 770.488 16:10:10
5.228 212.390 768.049 16:10:11
5.208 336.683 1051.463 16:10:12
5.228 146.695 816.829 16:10:13
5.228 147.793 772.927 16:10:14
5.228 147.195 769.756 16:10:15
5.228 146.598 766.098 16:10:16
5.228 146.695 771.220 16:10:17
5.228 147.195 766.585 16:10:18
5.196 247.195 1295.854 16:10:19
5.228 146.890 1033.415 16:10:20
5.200 203.793 1156.098 16:10:21
5.228 147.390 765.366 16:10:22
5.228 146.793 769.756 16:10:23
5.224 160.195 833.902 16:10:24
5.228 147.098 769.756 16:10:25
5.220 150.793 855.122 16:10:27
5.224 149.598 780.488 16:10:28
5.204 288.390 1132.195 16:10:29
5.228 147.000 766.829 16:10:30
5.228 146.598 765.366 16:10:31
5.228 146.000 765.610 16:10:32
5.228 147.195 790.732 16:10:33
5.224 147.293 768.780 16:10:34
5.228 148.098 768.537 16:10:35
5.220 154.293 805.610 16:10:36
5.224 147.598 769.756 16:10:37
5.228 147.293 771.220 16:10:38
5.228 147.390 770.488 16:10:39
5.228 147.195 766.829 16:10:40
5.228 146.500 766.585 16:10:41
5.228 146.390 770.488 16:10:42
5.228 151.390 787.317 16:10:43
5.232 146.695 766.098 16:10:44
5.224 147.500 769.756 16:10:45
5.228 146.695 770.488 16:10:46
5.216 170.195 959.024 16:10:47
5.228 146.695 770.488 16:10:48
5.228 146.500 771.707 16:10:49
5.228 147.293 873.659 16:10:50
5.228 146.793 770.000 16:10:51
5.212 224.890 1171.220 16:10:52
5.228 147.500 770.000 16:10:53
5.228 146.793 767.317 16:10:54
5.228 147.195 770.000 16:10:55
5.228 147.293 768.049 16:10:56
5.228 146.390 766.585 16:10:57
5.228 147.000 818.780 16:10:58
5.224 153.793 804.390 16:10:59
5.228 147.500 774.878 16:11:00
5.228 151.098 791.951 16:11:01
5.228 147.390 770.488 16:11:02
5.228 147.293 761.951 16:11:03
5.228 147.500 768.780 16:11:04
5.228 148.000 771.220 16:11:05
5.228 147.098 1067.073 16:11:06
5.228 147.500 770.000 16:11:07
5.224 145.793 770.488 16:11:08
5.220 147.195 770.000 16:11:09
5.228 147.293 769.756 16:11:10
5.224 160.500 840.488 16:11:11
5.228 147.293 769.756 16:11:12
5.224 148.890 783.171 16:11:13
5.224 147.195 771.220 16:11:14
5.200 220.988 1146.098 16:11:15
5.228 146.598 770.000 16:11:16
5.228 146.695 768.049 16:11:17
5.224 146.598 770.488 16:11:18
5.228 153.390 780.732 16:11:19
5.228 150.098 852.439 16:11:20
5.228 150.000 780.732 16:11:21
5.224 162.695 851.951 16:11:22
5.224 147.500 770.000 16:11:23
5.228 146.793 761.707 16:11:24
5.224 146.598 768.780 16:11:25
5.224 146.695 770.488 16:11:26
5.228 147.195 770.000 16:11:27
5.228 146.890 766.098 16:11:28
5.228 149.098 778.780 16:11:29
5.228 147.598 770.000 16:11:30
5.200 209.488 1064.878 16:11:31
5.228 147.390 770.488 16:11:32
5.228 147.500 770.488 16:11:33
5.228 146.500 766.829 16:11:34
5.228 147.195 769.756 16:11:35
5.228 150.000 771.707 16:11:36
5.228 147.500 770.488 16:11:37
5.208 211.195 1100.488 16:11:38
5.228 146.793 770.000 16:11:39
5.228 146.793 766.585 16:11:40
5.228 146.695 771.220 16:11:41
5.224 147.390 770.000 16:11:42
5.228 147.293 766.585 16:11:43
5.228 147.293 764.878 16:11:44
5.228 151.293 790.000 16:11:45
5.228 147.195 770.000 16:11:46
5.228 147.695 769.756 16:11:47
5.228 146.598 766.585 16:11:48
5.228 147.500 771.220 16:11:49
5.228 146.695 771.220 16:11:50
5.228 147.500 763.659 16:11:51
5.228 146.695 766.585 16:11:52
5.228 146.390 766.829 16:11:53
5.212 198.293 1019.756 16:11:54
5.224 149.500 783.171 16:11:55
5.224 149.098 784.390 16:11:56
5.224 149.890 781.707 16:11:57
5.224 149.695 782.439 16:11:58
5.220 162.695 849.512 16:11:59
5.228 157.695 791.707 16:12:00
5.220 167.793 893.659 16:12:01
5.228 147.293 807.317 16:12:02
5.228 146.793 767.317 16:12:03
5.228 147.390 772.927 16:12:04
5.224 146.598 768.780 16:12:05
5.220 160.695 837.317 16:12:06
5.228 147.098 770.488 16:12:07
5.224 154.000 804.146 16:12:08
5.228 146.695 766.585 16:12:09
5.228 147.098 768.780 16:12:10
5.228 151.500 801.220 16:12:11
5.228 146.390 768.780 16:12:12
5.228 147.500 771.951 16:12:13
5.228 147.793 769.756 16:12:14
5.228 150.000 781.951 16:12:15
5.228 149.890 781.951 16:12:16
5.208 398.683 1161.951 16:12:17
5.228 149.683 781.463 16:12:18
5.228 146.390 768.780 16:12:19
5.228 149.585 777.561 16:12:20
5.228 149.195 781.463 16:12:21
5.228 149.878 781.463 16:12:22
5.228 166.073 781.463 16:12:24
5.224 162.683 848.780 16:12:25
5.228 148.683 781.463 16:12:26
5.224 148.878 781.463 16:12:27
5.228 147.195 768.780 16:12:28
5.228 147.780 768.780 16:12:29
5.224 160.780 840.000 16:12:30
5.228 147.488 768.293 16:12:31
5.220 161.976 844.878 16:12:32
5.228 147.585 769.756 16:12:33
5.208 198.390 1061.463 16:12:34
5.228 147.390 765.854 16:12:35
5.224 146.878 770.244 16:12:36
5.220 160.293 838.537 16:12:37
5.228 147.780 772.683 16:12:38
5.228 149.098 772.683 16:12:39
5.228 147.293 769.756 16:12:40
5.208 199.171 1120.488 16:12:41
5.224 149.488 777.561 16:12:42
5.228 149.780 783.902 16:12:43
5.228 149.488 781.463 16:12:44
5.224 149.585 783.415 16:12:45
5.224 149.585 782.439 16:12:46
5.224 151.585 792.683 16:12:47
5.224 153.780 799.024 16:12:48
5.228 147.098 769.756 16:12:49
5.228 156.390 817.561 16:12:50
5.228 148.585 770.244 16:12:51
5.228 147.293 771.220 16:12:52
5.228 147.293 769.756 16:12:53
5.228 146.585 765.854 16:12:54
5.224 160.073 837.561 16:12:55
5.228 147.195 769.756 16:12:56
5.224 146.780 768.293 16:12:57
5.228 147.098 764.878 16:12:58
5.228 147.390 766.341 16:12:59
5.228 148.878 784.878 16:13:00
5.228 147.488 768.780 16:13:01
5.228 162.390 777.561 16:13:02
5.228 147.683 769.756 16:13:03
5.212 203.488 1030.244 16:13:04
5.228 146.683 771.220 16:13:05
5.228 146.683 766.341 16:13:06
5.228 147.293 772.683 16:13:07
5.228 147.878 768.780 16:13:08
5.228 147.390 768.293 16:13:09
5.228 147.098 769.756 16:13:10
5.228 151.585 786.341 16:13:11
5.232 146.488 768.293 16:13:12
5.228 147.195 769.756 16:13:13
5.228 147.683 768.780 16:13:14
5.228 151.195 785.854 16:13:15
5.224 162.976 849.756 16:13:16
5.228 149.293 781.463 16:13:17
5.228 149.585 781.463 16:13:18
5.228 149.585 777.561 16:13:19
5.208 202.488 1051.707 16:13:20
5.232 147.293 769.756 16:13:21
5.228 147.683 767.317 16:13:22
5.224 160.073 840.000 16:13:23
5.208 155.976 769.756 16:13:24
5.220 147.098 766.341 16:13:25
5.228 147.195 770.244 16:13:26
5.224 167.976 804.878 16:13:27
5.228 146.585 763.902 16:13:28
5.228 146.390 767.317 16:13:29
5.232 147.390 767.317 16:13:30
5.228 147.293 768.780 16:13:31
5.228 147.683 772.683 16:13:32
5.228 147.585 768.780 16:13:33
5.228 148.878 775.122 16:13:34
5.228 147.293 769.756 16:13:35
5.212 249.073 1360.976 16:13:36
5.224 147.488 771.220 16:13:37
5.228 146.976 769.756 16:13:38
5.220 160.073 833.659 16:13:39
5.228 147.390 769.756 16:13:40
5.228 147.878 772.195 16:13:41
5.228 147.683 767.317 16:13:42
5.228 153.976 805.854 16:13:43
5.228 147.195 770.244 16:13:44
5.228 147.195 768.293 16:13:45
5.228 146.488 767.317 16:13:46
5.228 147.390 771.220 16:13:47
5.224 160.780 836.585 16:13:48
5.228 147.390 770.244 16:13:49
5.224 154.585 812.195 16:13:50
5.228 147.390 771.220 16:13:51
5.228 148.683 777.561 16:13:52
5.228 146.878 769.756 16:13:53
5.228 147.780 767.317 16:13:54
5.220 160.878 838.537 16:13:55
5.228 147.683 769.756 16:13:56
5.224 153.683 804.878 16:13:57
5.228 147.390 771.220 16:13:58
5.228 147.098 768.780 16:13:59
5.228 149.098 777.073 16:14:00
5.228 148.976 778.537 16:14:01
5.228 147.293 770.244 16:14:02
5.228 147.293 763.902 16:14:03
5.228 149.098 776.098 16:14:04
5.228 147.293 769.756 16:14:05
5.200 220.390 1147.805 16:14:06
5.228 147.488 769.756 16:14:07
5.228 146.390 768.293 16:14:08
5.228 149.683 783.415 16:14:09
5.224 149.780 781.463 16:14:10
5.228 146.780 769.756 16:14:11
5.228 147.488 769.756 16:14:12
5.224 151.488 791.220 16:14:13
5.228 147.390 765.854 16:14:14
5.228 147.195 770.244 16:14:15
5.228 146.585 766.341 16:14:16
5.228 147.585 769.756 16:14:17
5.220 160.195 841.463 16:14:18
5.228 147.488 767.317 16:14:19
5.220 148.293 779.024 16:14:20
5.224 149.293 767.317 16:14:21
5.208 266.366 1055.122 16:14:23
5.228 146.585 768.293 16:14:24
5.228 149.878 777.561 16:14:25
5.216 162.780 850.244 16:14:26
5.228 146.585 766.341 16:14:27
5.220 160.293 837.561 16:14:28
5.228 148.098 774.634 16:14:29
5.224 151.098 790.244 16:14:30
5.224 147.195 770.244 16:14:31
5.232 147.098 770.244 16:14:32
5.228 146.780 771.220 16:14:33
5.228 147.293 769.756 16:14:34
5.228 146.683 766.341 16:14:35
5.228 147.293 769.756 16:14:36
5.228 149.780 783.415 16:14:37
5.228 149.976 783.902 16:14:38
5.224 149.780 782.439 16:14:39
5.224 149.683 779.024 16:14:40
5.228 157.195 780.000 16:14:41
5.228 147.780 812.195 16:14:42
5.228 146.488 765.854 16:14:43
5.224 147.390 771.220 16:14:44
5.228 147.488 769.756 16:14:45
5.200 370.073 1997.073 16:14:46
5.228 147.195 770.244 16:14:47
5.228 147.585 766.341 16:14:48
5.224 147.098 769.756 16:14:49
5.228 147.293 770.244 16:14:50
5.228 146.683 765.854 16:14:51
5.228 147.195 768.293 16:14:52
5.224 160.976 835.122 16:14:53
5.224 147.293 769.756 16:14:54
5.228 147.098 768.780 16:14:55
5.228 148.293 775.122 16:14:56
5.228 147.195 769.756 16:14:57
5.224 161.195 836.098 16:14:58
5.228 146.683 769.756 16:14:59
5.224 148.878 860.000 16:15:00
5.228 147.976 771.220 16:15:01
5.208 253.780 1309.756 16:15:02
5.224 146.780 767.317 16:15:03
5.224 146.390 769.756 16:15:04
5.228 146.878 769.756 16:15:05
5.228 147.195 769.756 16:15:06
5.224 149.780 783.415 16:15:07
5.228 149.585 781.463 16:15:08
5.224 153.878 802.439 16:15:09
5.228 149.683 779.024 16:15:10
5.228 149.585 782.439 16:15:11
5.228 147.488 769.756 16:15:12
5.228 147.488 770.244 16:15:13
5.224 147.195 768.780 16:15:14
5.224 147.195 767.317 16:15:15
5.228 147.293 764.878 16:15:16
5.224 147.195 769.756 16:15:17
5.228 154.195 803.902 16:15:18
5.228 147.390 771.220 16:15:19
5.228 146.683 769.756 16:15:20
5.224 146.390 768.293 16:15:21
5.224 155.683 767.317 16:15:22
5.228 147.293 830.244 16:15:23
5.228 147.293 764.878 16:15:24
5.228 151.488 790.244 16:15:25
5.228 146.780 769.756 16:15:26
5.224 147.780 774.634 16:15:27
5.224 146.585 765.854 16:15:28
5.228 147.098 768.780 16:15:29
5.228 147.195 769.756 16:15:30
5.228 149.585 780.000 16:15:31
5.224 150.976 849.756 16:15:32
5.228 149.683 781.463 16:15:33
5.204 224.171 1166.829 16:15:34
5.228 149.683 781.463 16:15:35
5.228 146.976 765.854 16:15:36
5.228 146.683 769.756 16:15:37
5.224 146.390 766.341 16:15:38
5.228 147.488 771.220 16:15:39
5.228 147.293 769.756 16:15:40
5.224 161.488 837.561 16:15:41
5.228 146.585 768.780 16:15:42
5.228 146.585 769.756 16:15:43
5.228 146.293 767.317 16:15:44
5.228 146.195 770.244 16:15:45
5.220 160.780 843.415 16:15:46
5.228 147.098 767.317 16:15:47
5.228 149.098 777.073 16:15:48
5.228 149.293 781.463 16:15:49
5.208 253.073 1494.634 16:15:50
5.224 149.488 780.000 16:15:51
5.228 149.780 781.463 16:15:52
5.228 149.683 780.000 16:15:53
5.228 149.585 779.024 16:15:54
5.228 149.098 781.463 16:15:55
5.228 147.488 777.073 16:15:56
5.228 152.780 803.415 16:15:57
5.232 146.780 768.293 16:15:58
5.228 147.293 769.756 16:15:59
5.228 149.098 797.561 16:16:00
5.228 149.195 777.561 16:16:01
5.216 159.976 827.317 16:16:02
5.228 158.780 785.854 16:16:03
5.228 153.780 803.415 16:16:04
5.228 149.585 783.415 16:16:05
5.224 149.780 781.463 16:16:06
5.228 147.293 769.756 16:16:07
5.228 146.878 767.317 16:16:08
5.228 147.488 770.244 16:16:09
5.224 147.488 771.220 16:16:10
5.228 148.878 777.073 16:16:11
5.228 147.098 765.854 16:16:12
5.212 243.366 1028.780 16:16:13
5.224 146.683 772.195 16:16:14
5.228 147.488 766.341 16:16:15
5.228 150.293 766.341 16:16:17
5.228 147.976 773.659 16:16:18
5.228 146.585 766.341 16:16:19
5.228 147.390 813.659 16:16:20
5.224 153.780 803.415 16:16:21
5.224 146.488 766.341 16:16:22
5.228 146.683 769.756 16:16:23
5.228 149.780 783.415 16:16:24
5.228 150.293 785.854 16:16:25
5.224 149.780 781.463 16:16:26
5.228 148.976 781.463 16:16:27
5.228 150.976 783.415 16:16:28
5.224 149.293 781.463 16:16:29
5.212 197.683 1029.268 16:16:30
5.228 147.195 768.780 16:16:31
5.224 147.098 769.756 16:16:32
5.220 147.195 765.854 16:16:33
5.224 147.488 770.244 16:16:34
5.224 147.293 770.244 16:16:35
5.224 163.488 765.854 16:16:36
5.220 151.195 791.220 16:16:37
5.228 147.488 765.854 16:16:38
5.232 147.683 769.756 16:16:39
5.228 147.195 769.756 16:16:40
5.228 146.488 766.341 16:16:41
5.220 147.293 768.293 16:16:42
5.228 149.293 768.293 16:16:43
5.224 146.780 795.122 16:16:44
5.228 147.293 770.244 16:16:45
5.212 196.683 1074.146 16:16:46
5.228 147.293 761.463 16:16:47
5.228 146.780 766.341 16:16:48
5.224 160.073 842.439 16:16:49
5.228 147.195 769.756 16:16:50
5.228 147.488 771.220 16:16:51
5.228 147.098 768.780 16:16:52
5.228 160.585 839.024 16:16:53
5.228 147.098 768.780 16:16:54
5.224 149.585 778.537 16:16:55
5.232 149.683 783.415 16:16:56
5.224 148.878 781.463 16:16:57
5.224 148.976 781.463 16:16:58
5.224 149.293 781.463 16:16:59
5.224 161.293 843.902 16:17:00
5.224 146.585 767.317 16:17:01
5.228 147.683 769.756 16:17:02
5.228 148.195 770.244 16:17:03
5.224 147.195 779.024 16:17:04
5.228 147.293 766.341 16:17:05
5.224 146.878 767.317 16:17:06
5.228 151.293 791.220 16:17:07
5.228 147.488 767.317 16:17:08
5.228 147.195 769.756 16:17:09
5.228 147.293 770.244 16:17:10
5.228 146.683 767.317 16:17:11
5.228 149.683 783.902 16:17:12
5.224 149.780 782.439 16:17:13
5.220 151.780 793.659 16:17:14
5.228 156.976 783.415 16:17:15
5.208 199.878 1058.049 16:17:16
5.228 149.585 781.463 16:17:17
5.228 149.683 782.439 16:17:18
5.228 149.683 780.976 16:17:19
5.228 147.780 769.756 16:17:20
5.228 147.488 769.756 16:17:21
5.228 146.488 766.341 16:17:22
5.224 153.195 803.415 16:17:23
5.228 147.195 766.341 16:17:24
5.228 147.683 768.780 16:17:25
5.228 147.488 768.780 16:17:26
5.224 146.390 767.317 16:17:27
5.228 147.683 769.756 16:17:28
5.228 147.195 766.341 16:17:29
5.220 460.951 1286.829 16:17:30
5.228 147.390 768.293 16:17:31
5.224 251.268 1090.732 16:17:32
5.228 147.293 771.220 16:17:33
5.228 146.976 769.756 16:17:34
5.224 147.488 769.756 16:17:35
5.224 146.488 769.756 16:17:36
5.220 160.976 837.561 16:17:37
5.228 147.195 768.293 16:17:38
5.228 147.293 767.317 16:17:39
5.228 147.488 768.780 16:17:40
5.228 147.390 767.317 16:17:41
5.224 160.390 837.561 16:17:42
5.224 147.195 766.341 16:17:43
5.228 148.780 774.634 16:17:44
5.224 146.976 771.220 16:17:45
5.228 147.488 778.537 16:17:46
5.224 146.683 767.317 16:17:47
5.224 147.878 769.756 16:17:48
5.228 146.976 767.317 16:17:49
5.228 146.488 764.878 16:17:50
5.228 146.683 767.317 16:17:51
5.228 147.878 772.683 16:17:52
5.228 153.780 805.854 16:17:53
5.228 147.293 765.854 16:17:54
5.228 147.293 768.293 16:17:55
5.228 146.683 769.756 16:17:56
5.228 147.390 769.756 16:17:57
5.228 147.683 771.220 16:17:58
5.228 147.488 769.756 16:17:59
5.228 151.585 791.220 16:18:00
5.228 148.976 777.073 16:18:01
5.224 148.195 773.659 16:18:02
5.228 146.488 766.341 16:18:03
5.228 147.293 766.341 16:18:04
5.224 147.098 773.659 16:18:05
5.224 149.683 781.463 16:18:06
5.228 149.780 787.805 16:18:07
5.228 148.878 782.439 16:18:08
5.212 220.268 2079.512 16:18:09
5.224 149.293 782.439 16:18:10
5.224 149.976 783.415 16:18:11
5.224 147.293 769.756 16:18:12
5.228 147.195 771.220 16:18:13
5.224 147.390 768.293 16:18:14
5.228 146.195 767.317 16:18:16
5.224 153.976 803.415 16:18:17
5.228 147.683 778.537 16:18:18
5.232 146.780 768.293 16:18:19
5.224 147.195 768.780 16:18:20
5.228 147.098 768.293 16:18:21
5.224 146.683 768.780 16:18:22
5.228 147.390 764.878 16:18:23
5.228 147.976 779.024 16:18:24
5.224 147.293 772.683 16:18:25
5.204 200.293 1040.488 16:18:26
5.228 149.293 783.415 16:18:27
5.224 148.976 782.439 16:18:28
5.228 158.976 783.415 16:18:29
5.228 149.683 830.244 16:18:30
5.228 147.488 906.341 16:18:31
5.228 147.390 771.220 16:18:32
5.228 151.390 791.220 16:18:33
5.232 147.683 769.756 16:18:34
5.224 147.195 767.317 16:18:35
5.224 147.488 769.756 16:18:36
5.228 147.195 766.341 16:18:37
5.228 146.878 769.756 16:18:38
5.228 151.390 791.220 16:18:39
5.224 149.585 783.415 16:18:40
5.228 149.683 781.463 16:18:41
5.224 156.293 814.634 16:18:42
5.224 149.488 782.439 16:18:43
5.228 147.293 768.780 16:18:44
5.228 146.488 770.244 16:18:45
5.228 147.293 767.317 16:18:46
5.228 147.585 776.098 16:18:47
5.224 145.780 768.293 16:18:48
5.228 153.098 821.463 16:18:49
5.228 148.683 777.073 16:18:50
5.228 147.293 767.317 16:18:51
5.228 146.585 771.220 16:18:52
5.228 147.195 769.756 16:18:53
5.228 146.780 770.244 16:18:54
5.228 147.195 769.756 16:18:55
5.208 203.488 1056.585 16:18:56
5.228 149.780 778.537 16:18:57
5.208 206.976 792.683 16:18:58
5.228 148.878 781.463 16:18:59
5.228 151.585 792.195 16:19:00
5.224 149.683 782.439 16:19:01
5.228 147.195 769.756 16:19:02
5.224 149.098 783.415 16:19:03
5.228 147.878 770.244 16:19:04
5.224 153.976 803.902 16:19:05
5.228 147.098 771.220 16:19:06
5.228 147.293 769.756 16:19:07
5.228 147.390 767.317 16:19:08
5.224 147.195 765.854 16:19:09
5.228 146.780 766.341 16:19:10
5.228 147.195 767.317 16:19:11
5.228 148.976 776.098 16:19:12
5.228 147.585 770.244 16:19:13
5.224 151.195 792.195 16:19:14
5.224 149.585 783.415 16:19:15
5.228 149.195 779.024 16:19:16
5.224 149.293 781.463 16:19:17
5.224 149.488 783.415 16:19:18
5.224 162.683 852.683 16:19:19
5.228 147.195 768.780 16:19:20
5.224 154.390 803.902 16:19:21
5.224 147.293 763.902 16:19:22
5.228 146.585 762.439 16:19:23
5.228 147.195 770.244 16:19:24
5.228 146.585 765.854 16:19:25
5.224 159.878 837.561 16:19:26
5.224 147.195 765.854 16:19:27
5.228 150.585 787.805 16:19:28
5.228 147.390 770.244 16:19:29
5.228 147.488 769.756 16:19:30
5.228 147.878 767.317 16:19:31
5.228 146.976 770.244 16:19:32
5.224 160.976 840.000 16:19:33
5.228 147.098 768.293 16:19:34
5.224 147.488 771.220 16:19:35
5.228 147.293 769.756 16:19:36
5.212 208.780 1126.341 16:19:37
5.228 147.293 774.634 16:19:38
5.228 147.195 768.293 16:19:39
5.224 147.293 771.220 16:19:40
5.228 148.780 765.854 16:19:41
5.228 147.293 787.805 16:19:42
5.228 146.585 769.756 16:19:43
5.224 153.878 803.415 16:19:44
5.228 147.195 768.293 16:19:45
5.224 147.488 771.220 16:19:46
5.228 149.488 783.415 16:19:47
5.228 149.683 780.976 16:19:48
5.224 146.683 767.317 16:19:49
5.228 147.098 768.293 16:19:50
5.212 201.171 1044.390 16:19:51
5.228 146.780 763.902 16:19:52
5.228 146.585 766.341 16:19:53
5.228 146.878 767.317 16:19:54
5.228 147.098 770.244 16:19:55
5.228 147.390 770.244 16:19:56
5.228 146.293 769.756 16:19:57
5.228 147.293 781.463 16:19:58
5.228 147.293 769.756 16:19:59
5.172 227.488 1165.366 16:20:00
5.228 147.195 803.415 16:20:01
5.232 148.585 774.634 16:20:02
5.224 147.683 771.220 16:20:03
5.228 146.780 769.756 16:20:04
5.228 148.293 771.220 16:20:05
5.228 146.683 769.756 16:20:06
5.228 160.390 837.561 16:20:07
5.228 147.098 771.220 16:20:08
5.228 146.683 770.244 16:20:09
5.228 147.878 767.317 16:20:10
5.228 146.780 771.220 16:20:11
5.224 147.390 767.317 16:20:12
5.224 153.585 778.537 16:20:14
5.224 148.976 779.024 16:20:15
5.228 147.293 767.317 16:20:16
5.196 199.390 1405.854 16:20:17
5.228 147.488 772.195 16:20:18
5.228 146.878 768.293 16:20:19
5.224 149.878 783.415 16:20:20
5.228 149.878 780.976 16:20:21
5.224 162.683 853.659 16:20:22
5.224 148.878 781.463 16:20:23
5.224 156.683 819.024 16:20:24
5.228 147.390 771.220 16:20:25
5.228 146.683 769.756 16:20:26
5.228 146.878 769.756 16:20:27
5.228 146.098 770.244 16:20:28
5.228 147.683 769.756 16:20:29
5.228 147.293 766.341 16:20:30
5.228 149.976 780.000 16:20:31
5.228 149.683 783.415 16:20:32
5.208 206.780 1047.805 16:20:33
5.228 149.976 779.024 16:20:34
5.228 149.976 785.854 16:20:35
5.228 147.293 768.293 16:20:36
5.228 146.585 768.293 16:20:37
5.228 147.293 768.780 16:20:38
5.228 146.780 771.220 16:20:39
5.228 151.390 810.244 16:20:40
5.228 146.585 769.756 16:20:41
5.228 146.976 765.854 16:20:42
5.228 146.780 769.756 16:20:43
5.228 147.585 770.244 16:20:44
5.224 160.195 843.902 16:20:45
5.228 151.195 768.780 16:20:46
5.228 151.293 791.220 16:20:47
5.228 147.585 771.220 16:20:48
5.228 147.488 770.244 16:20:49
5.228 147.780 769.756 16:20:50
5.228 147.293 769.756 16:20:51
5.228 147.488 768.780 16:20:52
5.228 147.195 770.244 16:20:53
5.224 147.390 770.244 16:20:54
5.224 147.683 770.244 16:20:55
5.204 226.073 2103.415 16:20:56
5.228 147.488 800.000 16:20:57
5.224 146.585 766.341 16:20:58
5.228 148.293 777.561 16:20:59
5.228 147.585 772.683 16:21:00
5.228 147.585 771.220 16:21:01
5.228 147.878 767.317 16:21:02
5.224 151.585 792.683 16:21:03
5.228 149.780 778.537 16:21:04
5.224 149.488 786.341 16:21:05
5.224 149.195 787.317 16:21:06
5.228 149.390 781.463 16:21:07
5.228 149.780 783.415 16:21:08
5.224 149.683 778.537 16:21:09
5.224 151.780 792.683 16:21:10
5.228 146.878 769.756 16:21:11
5.212 201.073 1263.415 16:21:12
5.228 147.195 769.756 16:21:13
5.228 147.390 769.756 16:21:14
5.228 147.488 771.220 16:21:15
5.228 146.585 771.220 16:21:16
5.224 146.976 768.293 16:21:17
5.228 147.585 769.756 16:21:18
5.228 153.878 803.415 16:21:19
5.228 147.390 766.341 16:21:20
5.232 147.390 765.854 16:21:21
5.228 146.780 771.220 16:21:22
5.228 146.878 769.756 16:21:23
5.224 147.195 770.244 16:21:24
5.228 147.585 766.341 16:21:25
5.228 152.976 903.902 16:21:26
5.228 147.683 772.683 16:21:27
5.224 146.683 768.293 16:21:28
5.228 147.585 769.756 16:21:29
5.228 147.195 771.220 16:21:30
5.228 147.585 771.220 16:21:31
5.228 146.976 765.854 16:21:32
5.224 149.390 808.780 16:21:33
5.228 146.780 768.293 16:21:34
5.204 220.976 1147.805 16:21:35
5.224 149.390 781.463 16:21:36
5.228 149.683 782.439 16:21:37
5.228 149.780 779.024 16:21:38
5.228 149.683 781.463 16:21:39
5.224 162.976 849.756 16:21:40
5.228 148.976 781.463 16:21:41
5.224 156.488 818.537 16:21:42
5.224 146.878 772.195 16:21:43
5.228 147.293 770.244 16:21:44
5.228 147.390 769.756 16:21:45
5.224 146.780 770.244 16:21:46
5.228 147.780 767.317 16:21:47
5.228 145.878 768.293 16:21:48
5.224 150.585 789.756 16:21:49
5.228 146.585 767.317 16:21:50
5.228 147.293 769.756 16:21:51
5.220 160.195 838.537 16:21:52
5.228 146.976 768.780 16:21:53
5.228 147.585 771.220 16:21:54
5.228 147.488 771.220 16:21:55
5.224 148.878 779.024 16:21:56
5.224 149.098 781.463 16:21:57
5.228 151.488 838.537 16:21:58
5.224 162.780 849.756 16:21:59
5.228 147.683 769.756 16:22:00
5.228 147.488 769.756 16:22:01
5.228 147.585 770.244 16:22:02
5.224 151.390 783.902 16:22:03
5.208 150.488 770.244 16:22:04
5.156 411.854 1150.244 16:22:05
5.228 146.780 771.220 16:22:06
5.228 147.390 793.659 16:22:07
5.224 147.585 771.220 16:22:09
5.228 147.585 769.756 16:22:10
5.224 147.878 773.659 16:22:11
5.228 147.488 772.195 16:22:12
5.228 151.878 790.244 16:22:13
5.228 147.098 767.317 16:22:14
5.228 146.780 771.220 16:22:15
5.228 149.098 782.439 16:22:16
5.228 149.585 782.439 16:22:17
5.224 149.098 780.976 16:22:18
5.224 149.293 783.415 16:22:19
5.228 151.878 793.659 16:22:20
5.228 147.488 772.195 16:22:21
5.204 209.585 1115.122 16:22:22
5.224 146.878 767.317 16:22:23
5.224 147.195 768.293 16:22:24
5.228 147.390 766.341 16:22:25
5.228 147.293 767.317 16:22:26
5.228 147.488 784.878 16:22:27
5.228 147.488 771.220 16:22:28
5.228 150.683 792.683 16:22:29
5.228 147.683 772.195 16:22:30
5.228 147.195 765.854 16:22:31
5.228 146.683 767.317 16:22:32
5.224 147.098 768.293 16:22:33
5.228 147.683 769.756 16:22:34
5.228 147.195 771.220 16:22:35
5.228 146.780 768.293 16:22:36
5.228 146.976 767.317 16:22:37
5.208 220.390 1168.293 16:22:38
5.228 147.683 768.780 16:22:39
5.228 148.683 769.756 16:22:40
5.220 162.683 849.756 16:22:41
5.224 149.098 781.463 16:22:42
5.228 149.488 783.415 16:22:43
5.228 147.195 770.244 16:22:44
5.224 151.390 791.220 16:22:45
5.228 276.171 1482.439 16:22:46
5.228 148.585 774.634 16:22:47
5.224 160.878 840.000 16:22:48
5.228 147.098 770.244 16:22:49
5.228 147.098 852.195 16:22:50
5.228 147.195 766.341 16:22:51
5.212 211.488 1060.488 16:22:52
5.228 147.195 1106.829 16:22:53
5.196 211.390 1169.268 16:22:54
5.228 146.683 765.854 16:22:55
5.224 147.488 765.854 16:22:56
5.228 147.390 770.244 16:22:57
5.228 147.293 771.220 16:22:58
5.228 169.878 771.220 16:22:59
5.228 147.390 767.317 16:23:00
5.188 224.488 1161.951 16:23:01
5.228 148.098 768.780 16:23:02
5.228 147.390 772.195 16:23:03
5.228 152.098 798.537 16:23:04
5.228 146.488 769.756 16:23:05
5.224 149.780 779.024 16:23:06
5.228 149.878 781.463 16:23:07
5.204 228.683 1125.366 16:23:08
5.224 149.683 780.000 16:23:09
5.228 149.488 1221.463 16:23:10
5.228 147.293 766.341 16:23:11
5.224 146.976 769.756 16:23:12
5.228 147.683 768.293 16:23:13
5.224 146.585 768.780 16:23:14
5.228 148.976 777.561 16:23:15
5.224 147.195 771.220 16:23:16
5.228 148.780 769.756 16:23:17
5.224 149.098 781.463 16:23:18
5.228 149.683 780.000 16:23:19
5.224 149.585 781.463 16:23:20
5.224 149.390 781.463 16:23:21
5.228 149.195 783.902 16:23:22
5.224 149.488 780.000 16:23:23
5.224 156.293 816.585 16:23:24
5.228 146.098 770.244 16:23:25
5.224 147.488 769.756 16:23:26
5.228 146.878 765.854 16:23:27
5.232 147.098 770.244 16:23:28
5.228 147.390 764.878 16:23:29
5.228 147.195 768.780 16:23:30
5.204 222.268 1051.220 16:23:31
5.228 146.976 769.756 16:23:32
5.228 147.585 769.756 16:23:33
5.228 147.098 771.220 16:23:34
5.228 147.195 769.756 16:23:35
5.228 148.878 780.976 16:23:36
5.224 149.976 783.415 16:23:37
5.228 149.780 783.415 16:23:38
5.228 149.976 783.415 16:23:39
5.200 230.073 1154.146 16:23:40
5.228 147.390 771.220 16:23:41
5.228 145.878 766.341 16:23:42
5.224 147.390 770.244 16:23:43
5.224 147.098 766.341 16:23:44
5.228 146.683 768.780 16:23:45
5.228 146.780 779.024 16:23:46
5.204 246.366 807.317 16:23:47
5.228 147.976 771.220 16:23:48
5.228 147.195 771.220 16:23:49
5.220 160.195 840.000 16:23:50
5.228 147.390 770.244 16:23:51
5.228 146.585 765.854 16:23:52
5.224 147.195 769.756 16:23:53
5.224 151.098 789.756 16:23:54
5.228 147.195 768.780 16:23:55
5.228 146.390 771.220 16:23:56
5.224 147.390 771.220 16:23:57
5.224 146.780 771.220 16:23:58
5.228 147.293 766.341 16:23:59
5.228 147.390 771.220 16:24:00
5.228 148.390 774.634 16:24:01
5.228 148.390 770.244 16:24:02
5.220 153.878 805.854 16:24:03
5.224 147.195 769.756 16:24:05
5.228 147.098 766.341 16:24:06
5.228 147.195 769.756 16:24:07
5.228 147.390 780.976 16:24:08
5.228 147.195 768.293 16:24:09
5.228 147.585 770.244 16:24:10
5.228 147.390 768.293 16:24:11
5.228 147.195 771.220 16:24:12
5.232 122.878 645.854 16:24:13
5.228 146.488 771.220 16:24:14
5.228 146.976 768.780 16:24:15
5.224 153.780 803.415 16:24:16
5.228 146.585 767.317 16:24:17
5.228 147.293 771.220 16:24:18
5.228 146.780 769.756 16:24:19
5.228 147.585 768.780 16:24:20
5.228 147.098 768.780 16:24:21
5.228 147.098 772.683 16:24:22
5.228 149.195 777.073 16:24:23
5.228 146.585 763.902 16:24:24
5.208 199.171 1036.585 16:24:25
5.228 147.195 769.756 16:24:26
5.228 156.390 769.756 16:24:27
5.228 146.585 766.341 16:24:28
5.228 146.390 768.293 16:24:29
5.228 147.390 769.756 16:24:30
5.228 147.390 769.756 16:24:31
5.224 151.195 789.756 16:24:32
5.228 146.976 765.854 16:24:33
5.228 146.976 764.878 16:24:34
5.228 147.293 768.780 16:24:35
5.228 149.585 781.463 16:24:36
5.220 162.390 847.805 16:24:37
5.228 148.878 781.463 16:24:38
5.228 151.390 787.805 16:24:39
5.228 148.780 780.976 16:24:40
5.208 212.780 1207.805 16:24:41
5.228 147.098 768.780 16:24:42
5.228 147.390 768.293 16:24:43
5.228 147.488 768.780 16:24:44
5.228 147.098 771.220 16:24:45
5.228 147.293 771.220 16:24:46
5.220 146.488 768.293 16:24:47
5.228 153.780 803.902 16:24:48
5.224 146.976 765.854 16:24:49
5.228 156.195 769.756 16:24:50
5.228 146.585 818.537 16:24:51
5.212 147.488 768.780 16:24:52
5.228 147.683 770.244 16:24:53
5.228 147.390 769.756 16:24:54
5.228 152.780 798.537 16:24:55
5.228 147.976 777.561 16:24:56
5.208 202.390 1071.707 16:24:57
5.224 147.195 771.220 16:24:58
5.228 147.195 769.756 16:24:59
5.228 147.390 769.756 16:25:00
5.228 147.293 768.293 16:25:01
5.228 148.488 784.878 16:25:02
5.228 149.683 781.463 16:25:03
5.200 224.390 1170.244 16:25:04
5.228 149.585 787.805 16:25:05
5.228 150.585 780.976 16:25:06
5.224 149.585 777.561 16:25:07
5.228 149.488 781.463 16:25:08
5.224 149.098 783.415 16:25:09
5.228 148.195 780.976 16:25:10
5.208 214.488 1103.902 16:25:11
5.228 163.780 963.902 16:25:12
5.208 216.780 812.195 16:25:13
5.224 160.195 836.585 16:25:14
5.228 146.585 769.756 16:25:15
5.228 147.195 769.756 16:25:16
5.224 146.390 771.220 16:25:17
5.228 148.195 778.537 16:25:18
5.228 147.195 767.317 16:25:19
5.208 200.293 1047.805 16:25:20
5.228 147.195 768.780 16:25:21
5.228 147.293 767.317 16:25:22
5.220 160.976 834.634 16:25:23
5.228 148.488 768.293 16:25:24
5.228 147.098 787.317 16:25:25
5.228 147.195 767.317 16:25:26
5.220 153.878 803.415 16:25:27
5.228 147.195 769.756 16:25:28
5.228 145.780 767.317 16:25:29
5.224 162.390 837.561 16:25:30
5.228 147.098 769.756 16:25:31
5.228 146.585 766.341 16:25:32
5.228 147.293 765.854 16:25:33
5.228 158.195 779.024 16:25:34
5.228 147.293 819.024 16:25:35
5.228 148.098 777.561 16:25:36
5.228 147.195 772.683 16:25:37
5.228 147.098 768.780 16:25:38
5.224 146.683 768.293 16:25:39
5.228 147.293 767.317 16:25:40
5.228 178.780 770.244 16:25:41
5.228 147.293 768.293 16:25:42
5.228 151.390 790.244 16:25:43
5.216 183.585 971.220 16:25:44
5.228 147.390 768.293 16:25:45
5.228 147.195 768.780 16:25:46
5.228 146.683 764.878 16:25:47
5.228 146.488 769.756 16:25:48
5.228 147.195 768.780 16:25:49
5.216 151.098 789.756 16:25:50
5.228 146.098 763.902 16:25:51
5.228 147.098 765.854 16:25:52
5.228 146.683 765.854 16:25:53
5.228 146.390 769.756 16:25:54
5.224 147.488 767.317 16:25:55
5.228 147.293 766.341 16:25:56
5.208 208.171 880.976 16:25:57
5.228 149.683 781.463 16:25:58
5.228 151.683 792.195 16:25:59
5.212 200.683 1048.780 16:26:01
5.224 149.585 778.537 16:26:02
5.224 149.585 783.415 16:26:03
5.224 149.488 782.439 16:26:04
5.224 150.098 781.463 16:26:05
5.228 146.683 767.317 16:26:06
5.208 220.683 1143.902 16:26:07
5.228 147.488 771.220 16:26:08
5.228 225.390 768.293 16:26:09
5.228 146.878 768.293 16:26:10
5.228 146.780 772.195 16:26:11
5.220 147.293 768.293 16:26:12
5.228 146.390 769.756 16:26:13
5.220 160.195 836.585 16:26:14
5.228 146.976 764.878 16:26:15
5.228 147.293 768.293 16:26:16
5.224 147.390 807.805 16:26:17
5.228 147.098 768.293 16:26:18
5.228 147.293 771.220 16:26:19
5.228 147.390 768.293 16:26:20
5.208 202.585 1055.610 16:26:21
5.228 147.585 767.317 16:26:22
5.196 239.683 1283.415 16:26:23
5.228 147.390 770.244 16:26:24
5.228 147.098 767.317 16:26:25
5.224 146.488 769.756 16:26:26
5.228 147.390 769.756 16:26:27
5.224 147.195 768.780 16:26:28
5.228 147.293 768.293 16:26:29
5.224 153.780 803.415 16:26:30
5.228 147.098 768.293 16:26:31
5.224 147.195 768.780 16:26:32
5.228 149.878 766.341 16:26:33
5.224 147.488 806.341 16:26:34
5.228 147.293 768.780 16:26:35
5.224 146.878 768.293 16:26:36
5.224 151.195 791.220 16:26:37
5.224 149.390 781.463 16:26:38
5.228 149.878 780.000 16:26:39
5.228 149.683 780.976 16:26:40
5.224 148.780 780.000 16:26:41
5.228 149.488 782.439 16:26:42
5.232 147.195 770.244 16:26:43
5.228 146.488 768.293 16:26:44
5.228 146.585 769.756 16:26:45
5.228 148.585 780.000 16:26:46
5.228 147.098 764.878 16:26:47
5.228 147.098 767.317 16:26:48
5.228 147.195 769.756 16:26:49
5.224 147.098 764.878 16:26:50
5.228 148.195 774.634 16:26:51
5.228 147.780 769.756 16:26:52
5.208 233.488 1215.610 16:26:53
5.228 146.390 764.878 16:26:54
5.228 146.488 765.854 16:26:55
5.228 146.488 769.756 16:26:56
5.228 147.098 767.317 16:26:57
5.228 147.390 769.756 16:26:58
5.228 149.780 781.463 16:26:59
5.156 155.488 803.415 16:27:00
5.224 150.878 787.805 16:27:01
5.224 149.683 780.976 16:27:02
5.228 147.976 775.122 16:27:03
5.228 146.976 770.244 16:27:04
5.228 149.683 784.878 16:27:05
5.228 148.976 781.463 16:27:06
5.228 149.683 782.439 16:27:07
5.228 149.098 765.854 16:27:08
5.144 221.488 1178.049 16:27:09
5.224 147.195 769.756 16:27:10
5.228 146.976 765.854 16:27:11
5.228 147.293 769.756 16:27:12
5.228 147.195 769.756 16:27:13
5.228 151.195 769.756 16:27:14
5.228 147.390 769.756 16:27:15
5.228 151.390 789.756 16:27:16
5.228 149.780 778.537 16:27:17
5.228 146.488 768.293 16:27:18
5.228 146.585 769.756 16:27:19
5.228 147.195 765.854 16:27:20
5.228 147.195 766.341 16:27:21
5.224 147.976 773.659 16:27:22
5.224 147.488 770.244 16:27:23
5.228 147.195 770.244 16:27:24
5.228 147.098 876.585 16:27:25
5.228 146.098 769.756 16:27:26
5.228 146.878 768.293 16:27:27
5.224 146.683 768.293 16:27:28
5.228 146.976 774.634 16:27:29
5.228 147.293 769.756 16:27:30
5.228 147.878 772.683 16:27:31
5.228 153.878 804.878 16:27:32
5.228 147.195 768.293 16:27:33
5.228 147.195 771.220 16:27:34
5.228 147.293 769.756 16:27:35
5.228 147.293 764.878 16:27:36
5.228 146.585 769.756 16:27:37
5.224 146.683 768.780 16:27:38
5.228 177.293 773.659 16:27:39
5.228 146.585 770.244 16:27:40
5.212 217.390 1183.902 16:27:41
5.228 146.976 769.756 16:27:42
5.224 146.585 768.780 16:27:43
5.228 147.390 765.854 16:27:44
5.228 147.195 768.780 16:27:45
5.232 147.488 769.756 16:27:46
5.228 162.293 769.756 16:27:47
5.208 203.780 1042.439 16:27:48
5.228 147.293 769.756 16:27:49
5.228 146.390 765.854 16:27:50
5.228 146.780 767.317 16:27:51
5.224 147.293 769.756 16:27:52
5.228 145.780 762.439 16:27:53
5.224 147.195 766.341 16:27:54
5.228 153.878 804.878 16:27:55
5.228 150.780 782.439 16:27:56
5.224 150.098 782.439 16:27:57
5.228 149.683 783.415 16:27:58
5.228 150.098 786.341 16:28:00
5.208 200.976 1077.561 16:28:01
5.228 150.195 789.756 16:28:02
5.224 156.585 816.098 16:28:03
5.228 147.098 768.293 16:28:04
5.224 147.488 769.756 16:28:05
5.228 147.293 768.780 16:28:06
5.228 146.878 772.683 16:28:07
5.224 147.195 769.756 16:28:08
5.228 147.195 779.024 16:28:09
5.224 154.073 803.415 16:28:10
5.228 147.585 769.756 16:28:11
5.228 147.585 768.780 16:28:12
5.228 147.098 771.220 16:28:13
5.228 146.390 768.293 16:28:14
5.228 146.780 767.317 16:28:15
5.228 149.780 783.902 16:28:16
5.228 149.585 783.415 16:28:17
5.228 149.878 781.463 16:28:18
5.224 153.878 851.220 16:28:19
5.228 147.390 766.341 16:28:20
5.228 147.195 767.317 16:28:21
5.224 160.976 899.024 16:28:22
5.228 146.488 765.854 16:28:23
5.228 147.195 769.756 16:28:24
5.228 147.098 768.293 16:28:25
5.224 159.878 837.561 16:28:26
5.228 147.293 768.780 16:28:27
5.228 147.195 767.317 16:28:28
5.228 149.585 771.220 16:28:29
5.228 146.780 768.780 16:28:30
5.228 147.488 770.244 16:28:31
5.224 147.390 770.244 16:28:32
5.216 161.683 849.756 16:28:33
5.228 147.195 766.341 16:28:34
5.208 217.683 1037.561 16:28:35
5.228 147.585 767.317 16:28:36
5.228 147.195 770.244 16:28:37
5.228 146.683 768.780 16:28:38
5.228 149.878 777.561 16:28:39
5.220 162.683 855.122 16:28:40
5.228 148.780 781.463 16:28:41
5.228 153.683 803.415 16:28:42
5.228 149.683 777.561 16:28:43
5.228 157.195 769.756 16:28:44
5.224 147.390 769.756 16:28:45
5.228 147.585 771.220 16:28:46
5.228 148.390 772.683 16:28:47
5.224 147.293 769.756 16:28:48
5.224 151.390 792.195 16:28:49
5.224 149.293 782.439 16:28:50
5.224 149.488 779.024 16:28:51
5.224 149.683 782.439 16:28:52
5.228 149.878 783.415 16:28:53
5.228 147.195 769.756 16:28:54
5.228 147.195 776.098 16:28:55
5.220 149.293 777.561 16:28:56
5.224 147.293 770.244 16:28:57
5.232 148.780 777.073 16:28:58
5.224 147.585 771.220 16:28:59
5.228 147.683 768.780 16:29:00
5.228 148.390 771.220 16:29:01
5.228 146.585 767.317 16:29:02
5.224 147.293 772.195 16:29:03
5.228 147.293 769.756 16:29:04
5.208 213.073 1300.488 16:29:05
5.224 147.098 771.220 16:29:06
5.224 148.390 776.098 16:29:07
5.228 147.195 768.293 16:29:08
5.228 146.585 768.293 16:29:09
5.224 159.683 852.683 16:29:10
5.228 146.585 766.341 16:29:11
5.228 154.073 806.341 16:29:12
5.228 147.390 768.293 16:29:13
5.228 147.780 770.244 16:29:14
5.228 147.780 763.415 16:29:15
5.228 147.488 771.220 16:29:16
5.224 147.293 770.244 16:29:17
5.228 147.390 769.756 16:29:18
5.220 160.488 840.000 16:29:19
5.228 147.780 770.244 16:29:20
5.228 147.195 767.317 16:29:21
5.228 147.195 774.634 16:29:22
5.224 147.098 763.415 16:29:23
5.228 147.390 766.341 16:29:24
5.228 147.683 769.756 16:29:25
5.228 152.976 799.024 16:29:26
5.228 147.683 769.756 16:29:27
5.224 148.683 801.463 16:29:28
5.228 146.878 767.317 16:29:29
5.228 149.878 783.415 16:29:30
5.224 149.195 781.463 16:29:31
5.228 148.878 784.878 16:29:32
5.224 149.878 784.878 16:29:33
5.228 146.780 765.854 16:29:34
5.224 166.293 805.854 16:29:35
5.224 146.878 769.756 16:29:36
5.228 147.293 770.244 16:29:37
5.228 146.878 767.317 16:29:38
5.228 147.585 769.756 16:29:39
5.228 146.683 774.634 16:29:40
5.228 146.585 767.317 16:29:41
5.228 171.585 792.683 16:29:42
5.224 146.780 767.317 16:29:43
5.228 147.585 769.756 16:29:44
5.228 147.390 770.244 16:29:45
5.228 147.585 771.220 16:29:46
5.228 147.293 771.220 16:29:47
5.228 146.683 767.317 16:29:48
5.224 179.073 768.780 16:29:49
5.228 147.098 770.244 16:29:50
5.228 181.073 946.341 16:29:51
5.228 147.585 771.220 16:29:52
5.224 147.585 767.317 16:29:53
5.224 147.390 779.024 16:29:54
5.228 146.878 769.756 16:29:55
5.172 203.683 1234.634 16:29:56
5.228 149.098 812.195 16:29:57
5.224 155.488 812.195 16:29:58
5.228 147.683 770.244 16:30:00
5.208 203.390 776.098 16:30:01
5.228 147.878 769.756 16:30:02
5.232 155.390 772.195 16:30:03
5.228 146.976 805.854 16:30:04
5.228 147.780 775.122 16:30:05
5.200 161.976 847.317 16:30:06
5.228 147.488 779.024 16:30:07
5.224 149.098 778.537 16:30:08
5.224 146.683 768.780 16:30:09
5.228 146.878 767.317 16:30:10
5.228 146.683 771.220 16:30:11
5.228 147.195 767.317 16:30:12
5.228 147.195 769.756 16:30:13
5.228 147.390 769.756 16:30:14
5.204 228.073 810.244 16:30:15
5.228 147.293 769.756 16:30:16
5.228 147.195 767.317 16:30:17
5.228 146.976 771.220 16:30:18
5.228 147.195 771.220 16:30:19
5.228 146.878 771.220 16:30:20
5.228 147.195 770.244 16:30:21
5.212 202.488 1473.171 16:30:22
5.228 200.585 768.293 16:30:23
5.208 235.683 779.024 16:30:24
5.224 161.390 838.537 16:30:25
5.228 147.293 769.756 16:30:26
5.228 147.488 768.293 16:30:27
5.228 147.293 767.317 16:30:28
5.228 147.195 770.244 16:30:29
5.228 146.683 771.220 16:30:30
5.212 206.976 1225.854 16:30:31
5.228 147.195 771.220 16:30:32
5.228 147.195 769.756 16:30:33
5.224 147.488 766.341 16:30:34
5.228 147.683 771.220 16:30:35
5.224 146.780 766.341 16:30:36
5.228 147.293 769.756 16:30:37
5.212 196.878 1115.610 16:30:38
5.228 147.683 770.244 16:30:39
5.224 149.585 1233.171 16:30:40
5.228 149.585 782.439 16:30:41
5.224 150.293 789.756 16:30:42
5.224 162.683 851.220 16:30:43
5.228 149.878 788.780 16:30:44
5.228 149.683 783.902 16:30:45
5.228 146.780 766.341 16:30:46
5.208 223.585 1169.268 16:30:47
5.228 146.585 767.317 16:30:48
5.228 147.488 771.220 16:30:49
5.224 146.683 766.341 16:30:50
5.228 147.293 769.756 16:30:51
5.224 147.098 792.195 16:30:52
5.228 146.683 767.317 16:30:53
5.224 160.488 837.561 16:30:54
5.228 146.293 767.317 16:30:55
5.224 160.683 836.098 16:30:56
5.228 147.293 768.293 16:30:57
5.228 147.098 772.683 16:30:58
5.228 147.488 771.220 16:30:59
5.228 148.390 771.220 16:31:00
5.224 147.585 769.756 16:31:01
5.228 147.390 772.195 16:31:02
5.224 154.195 803.902 16:31:03
5.228 147.585 769.756 16:31:04
5.224 147.390 771.220 16:31:05
5.224 148.390 770.244 16:31:06
5.228 147.390 770.244 16:31:07
5.228 147.683 772.195 16:31:08
5.228 147.390 771.220 16:31:09
5.228 148.976 908.780 16:31:10
5.228 147.585 772.195 16:31:11
5.228 148.976 1238.049 16:31:12
5.228 147.293 765.854 16:31:13
5.228 146.780 769.756 16:31:14
5.224 147.683 771.220 16:31:15
5.224 148.780 770.244 16:31:16
5.228 147.585 771.220 16:31:17
5.228 147.585 769.756 16:31:18
5.164 200.293 1046.829 16:31:19
5.228 146.683 767.317 16:31:20
5.228 147.488 769.756 16:31:21
5.224 147.293 772.195 16:31:22
5.228 148.390 772.683 16:31:23
5.224 147.390 767.317 16:31:24
5.224 147.390 769.756 16:31:25
5.208 155.683 798.537 16:31:26
5.228 147.488 781.463 16:31:27
5.228 204.780 1275.610 16:31:28
5.228 147.878 770.244 16:31:29
5.224 147.780 770.244 16:31:30
5.228 147.293 769.756 16:31:31
5.228 147.683 766.341 16:31:32
5.228 147.293 770.244 16:31:33
5.228 147.683 771.220 16:31:34
5.228 153.976 803.902 16:31:35
5.228 146.780 771.220 16:31:36
5.228 148.976 783.415 16:31:37
5.228 149.293 782.439 16:31:38
5.228 150.195 777.073 16:31:39
5.224 149.683 783.902 16:31:40
5.228 147.390 765.854 16:31:41
5.208 200.390 1137.073 16:31:42
5.216 147.878 769.756 16:31:43
5.196 148.293 859.024 16:31:44
5.228 147.585 771.220 16:31:45
5.228 146.585 771.220 16:31:46
5.220 147.683 772.195 16:31:47
5.228 147.780 769.756 16:31:48
5.228 149.390 779.024 16:31:49
5.228 147.390 770.244 16:31:50
5.204 209.488 1094.146 16:31:51
5.228 147.390 771.220 16:31:52
5.228 147.488 770.244 16:31:53
5.228 146.878 772.683 16:31:55
5.228 148.293 775.122 16:31:56
5.228 146.780 768.293 16:31:57
5.228 146.683 772.683 16:31:58
5.224 153.683 856.585 16:31:59
5.228 151.585 800.000 16:32:00
5.228 150.098 780.000 16:32:01
5.220 162.780 853.659 16:32:02
5.220 178.780 895.122 16:32:03
5.224 147.585 770.244 16:32:04
5.228 147.488 769.756 16:32:05
5.228 149.293 780.000 16:32:06
5.224 147.195 764.878 16:32:07
5.212 202.683 1037.561 16:32:08
5.224 146.976 771.220 16:32:09
5.228 147.488 770.244 16:32:10
5.228 149.878 781.463 16:32:11
5.224 149.683 781.463 16:32:12
5.224 149.976 784.878 16:32:13
5.224 147.488 771.220 16:32:14
5.224 154.073 803.902 16:32:15
5.228 146.683 769.756 16:32:16
5.228 147.293 767.317 16:32:17
5.228 147.390 770.244 16:32:18
5.228 147.488 772.683 16:32:19
5.216 184.293 977.561 16:32:20
5.228 147.488 771.220 16:32:21
5.224 160.390 841.463 16:32:22
5.228 149.293 772.195 16:32:23
5.228 147.683 772.683 16:32:24
5.228 146.878 771.220 16:32:25
5.228 147.488 769.756 16:32:26
5.228 147.488 769.756 16:32:27
5.228 147.098 769.756 16:32:28
5.228 147.488 769.756 16:32:29
5.228 147.878 777.561 16:32:30
5.228 154.073 802.439 16:32:31
5.228 147.390 769.756 16:32:32
5.228 147.488 769.756 16:32:33
5.224 147.683 770.244 16:32:34
5.228 147.390 769.756 16:32:35
5.228 147.488 770.244 16:32:36
5.228 146.780 775.122 16:32:37
5.224 163.780 807.317 16:32:38
5.224 149.488 822.439 16:32:39
5.228 149.683 781.463 16:32:40
5.228 146.683 768.293 16:32:41
5.224 145.976 771.220 16:32:42
5.228 147.390 770.244 16:32:43
5.224 147.195 766.341 16:32:44
5.228 149.878 779.024 16:32:45
5.228 149.683 783.415 16:32:46
5.224 156.976 814.634 16:32:47
5.228 146.878 768.293 16:32:48
5.228 146.488 771.220 16:32:49
5.224 149.878 779.024 16:32:50
5.228 150.098 784.878 16:32:51
5.228 149.780 783.415 16:32:52
5.228 147.195 764.878 16:32:53
5.228 198.390 1036.585 16:32:54
5.228 147.488 769.756 16:32:55
5.228 148.976 780.976 16:32:56
5.228 147.780 771.220 16:32:57
5.224 146.683 771.220 16:32:58
5.228 147.390 772.195 16:32:59
5.228 148.195 768.780 16:33:00
5.228 167.976 768.293 16:33:01
5.224 146.780 770.244 16:33:02
5.204 354.171 2139.512 16:33:03
5.228 146.878 771.220 16:33:04
5.228 147.488 767.317 16:33:05
5.228 146.780 766.341 16:33:06
5.224 146.585 768.780 16:33:07
5.224 153.488 768.293 16:33:08
5.228 147.293 806.341 16:33:09
5.212 212.488 1284.390 16:33:10
5.228 196.073 770.244 16:33:11
5.212 216.171 779.024 16:33:12
5.232 147.195 770.244 16:33:13
5.228 147.585 766.341 16:33:14
5.228 149.780 778.537 16:33:15
5.224 150.390 786.341 16:33:16
5.224 149.780 782.439 16:33:17
5.224 147.488 767.317 16:33:18
5.204 214.976 806.341 16:33:19
5.228 149.683 781.463 16:33:20
5.228 149.976 781.463 16:33:21
5.228 150.098 783.415 16:33:22
5.228 147.390 769.756 16:33:23
5.228 147.390 772.683 16:33:24
5.228 146.976 768.780 16:33:25
5.228 151.390 791.220 16:33:26
5.228 149.780 782.439 16:33:27
5.228 149.683 785.854 16:33:28
5.216 174.488 922.439 16:33:29
5.228 147.390 767.317 16:33:30
5.220 147.488 770.244 16:33:31
5.228 147.683 771.220 16:33:32
5.228 148.976 779.024 16:33:33
5.224 147.585 769.756 16:33:34
5.212 197.683 1035.122 16:33:35
5.228 146.878 768.293 16:33:36
5.228 147.293 766.341 16:33:37
5.228 146.195 771.220 16:33:38
5.224 147.683 769.756 16:33:39
5.216 191.976 887.317 16:33:40
5.224 148.098 770.244 16:33:41
5.228 147.585 815.122 16:33:42
5.224 147.585 769.756 16:33:43
5.232 147.585 769.756 16:33:44
5.228 147.293 771.220 16:33:45
5.228 148.098 769.756 16:33:46
5.228 147.488 768.293 16:33:47
5.228 147.390 772.683 16:33:48
5.228 147.585 771.220 16:33:49
5.224 147.195 770.244 16:33:50
5.204 207.171 1209.268 16:33:51
5.224 147.585 771.220 16:33:53
5.224 149.683 781.463 16:33:54
5.228 149.878 780.976 16:33:55
5.212 183.073 942.927 16:33:56
5.224 147.585 771.220 16:33:57
5.232 147.488 768.293 16:33:58
5.228 153.976 807.805 16:33:59
5.228 148.878 776.098 16:34:00
5.224 150.585 792.683 16:34:01
5.228 147.780 768.293 16:34:02
5.228 147.390 771.220 16:34:03
5.228 147.390 768.780 16:34:04
5.232 147.098 770.244 16:34:05
5.208 221.780 1248.293 16:34:06
5.228 149.878 778.537 16:34:07
5.228 149.488 1141.463 16:34:08
5.224 149.780 783.415 16:34:09
5.228 149.780 783.902 16:34:10
5.228 149.780 783.415 16:34:11
5.224 149.976 779.024 16:34:12
5.224 149.683 782.439 16:34:13
5.228 147.390 769.756 16:34:14
5.208 199.488 1040.488 16:34:15
5.228 146.878 772.195 16:34:16
5.228 147.488 771.220 16:34:17
5.224 147.488 772.683 16:34:18
5.228 147.293 771.220 16:34:19
5.228 151.878 771.220 16:34:20
5.228 147.390 791.220 16:34:21
5.228 151.098 792.683 16:34:22
5.228 147.585 803.415 16:34:23
5.224 152.293 771.220 16:34:24
5.228 146.976 769.756 16:34:25
5.228 147.488 766.341 16:34:26
5.228 149.976 786.341 16:34:27
5.224 149.780 784.878 16:34:28
5.228 149.780 784.878 16:34:29
5.228 152.098 783.902 16:34:30
5.212 200.878 1064.390 16:34:31
5.228 147.488 776.098 16:34:32
5.228 147.585 769.756 16:34:33
5.228 147.293 766.341 16:34:34
5.228 147.585 770.244 16:34:35
5.228 147.585 770.244 16:34:36
5.228 148.293 779.024 16:34:37
5.224 154.073 806.341 16:34:38
5.224 146.976 771.220 16:34:39
5.228 147.488 772.195 16:34:40
5.228 147.488 771.220 16:34:41
5.224 146.585 767.317 16:34:42
5.228 147.293 767.317 16:34:43
5.228 147.683 776.098 16:34:44
5.224 151.488 792.195 16:34:45
5.228 149.098 783.415 16:34:46
5.228 149.780 782.439 16:34:47
5.224 163.390 853.659 16:34:48
5.224 148.976 781.463 16:34:49
5.224 149.780 783.415 16:34:50
5.224 149.780 782.439 16:34:51
5.220 164.585 854.146 16:34:52
5.228 147.585 771.220 16:34:53
5.212 211.683 1101.951 16:34:54
5.228 147.390 766.341 16:34:55
5.220 147.878 771.220 16:34:56
5.228 147.488 771.220 16:34:57
5.228 147.488 768.780 16:34:58
5.228 147.293 771.220 16:34:59
5.224 367.756 777.561 16:35:00
5.228 151.585 792.683 16:35:01
5.224 147.195 772.195 16:35:02
5.228 147.390 775.122 16:35:03
5.228 146.683 770.244 16:35:04
5.228 147.878 771.220 16:35:05
5.224 147.585 771.220 16:35:06
5.228 147.585 771.220 16:35:07
5.228 183.293 779.024 16:35:08
5.228 146.780 772.195 16:35:09
5.228 148.976 798.537 16:35:10
5.228 147.293 763.902 16:35:11
5.228 146.780 770.244 16:35:12
5.228 147.488 769.756 16:35:13
5.224 147.585 769.756 16:35:14
5.224 147.390 771.220 16:35:15
5.228 147.488 768.293 16:35:16
5.204 243.366 982.927 16:35:17
5.224 147.195 769.756 16:35:18
5.228 147.098 771.220 16:35:19
5.228 146.976 770.244 16:35:20
5.224 147.390 772.195 16:35:21
5.224 147.683 770.244 16:35:22
5.228 147.195 770.244 16:35:23
5.204 180.585 779.024 16:35:24
5.228 149.195 782.439 16:35:25
5.228 162.780 792.195 16:35:26
5.224 149.585 783.902 16:35:27
5.228 149.488 783.415 16:35:28
5.228 149.585 783.415 16:35:29
5.224 149.683 782.439 16:35:30
5.224 151.683 793.659 16:35:31
5.224 147.488 768.780 16:35:32
5.212 197.683 1032.683 16:35:33
5.228 146.488 820.000 16:35:34
5.228 146.683 770.244 16:35:35
5.228 147.195 771.220 16:35:36
5.228 149.293 781.463 16:35:37
5.224 149.683 780.000 16:35:38
5.228 149.585 779.024 16:35:39
5.224 153.780 804.878 16:35:40
5.228 148.780 783.415 16:35:41
5.228 146.878 771.220 16:35:42
5.228 148.488 766.341 16:35:43
5.228 147.390 768.293 16:35:44
5.228 147.585 769.756 16:35:45
5.224 146.780 767.317 16:35:46
5.228 148.390 777.561 16:35:47
5.228 147.878 770.244 16:35:48
5.212 198.073 1032.683 16:35:50
5.228 147.390 770.244 16:35:51
5.228 147.390 771.220 16:35:52
5.224 147.390 770.244 16:35:53
5.228 146.976 771.220 16:35:54
5.228 146.878 771.220 16:35:55
5.224 146.976 770.244 16:35:56
5.220 154.195 804.878 16:35:57
5.228 147.390 771.220 16:35:58
5.228 146.585 771.220 16:35:59
5.224 150.293 857.561 16:36:00
5.224 147.683 771.220 16:36:01
5.228 146.878 767.317 16:36:02
5.224 148.488 779.024 16:36:03
5.220 161.976 844.878 16:36:04
5.228 151.585 769.756 16:36:05
5.228 146.585 1111.707 16:36:06
5.224 150.488 832.195 16:36:07
5.228 147.390 768.293 16:36:08
5.228 147.683 769.756 16:36:09
5.228 146.780 769.756 16:36:10
5.228 148.585 778.537 16:36:11
5.228 147.390 768.293 16:36:12
5.196 224.171 1099.024 16:36:13
5.228 147.488 770.244 16:36:14
5.224 147.390 771.220 16:36:15
5.228 160.488 837.561 16:36:16
5.228 147.390 765.854 16:36:17
5.224 160.878 842.439 16:36:18
5.228 147.585 771.220 16:36:19
5.224 151.488 792.683 16:36:20
5.228 147.488 770.244 16:36:21
5.228 147.390 768.293 16:36:22
5.228 147.488 771.220 16:36:23
5.228 147.585 772.195 16:36:24
5.228 147.293 766.341 16:36:25
5.228 147.390 769.756 16:36:26
5.228 149.293 969.268 16:36:27
5.228 147.488 771.220 16:36:28
5.212 198.390 1030.244 16:36:29
5.228 147.780 768.293 16:36:30
5.228 146.878 771.220 16:36:31
5.228 147.488 771.220 16:36:32
5.228 147.098 769.756 16:36:33
5.216 180.073 831.220 16:36:34
5.228 149.683 781.463 16:36:35
5.224 163.073 1266.829 16:36:36
5.228 149.878 783.415 16:36:37
5.220 149.878 784.878 16:36:38
5.224 149.878 783.415 16:36:39
5.228 150.293 783.415 16:36:40
5.228 147.195 772.683 16:36:41
5.224 146.780 771.220 16:36:42
5.228 147.780 838.537 16:36:43
5.228 146.780 768.293 16:36:44
5.208 214.268 1115.122 16:36:45
5.228 147.293 771.220 16:36:46
5.228 147.488 767.317 16:36:47
5.224 147.293 772.683 16:36:48
5.228 146.780 772.195 16:36:49
5.224 147.878 819.024 16:36:50
5.228 147.098 767.317 16:36:51
5.228 153.878 803.902 16:36:52
5.228 147.390 770.244 16:36:53
5.224 147.683 772.195 16:36:54
5.228 147.293 766.341 16:36:55
5.228 147.390 769.756 16:36:56
5.228 147.683 771.220 16:36:57
5.228 147.683 770.244 16:36:58
5.224 154.585 803.415 16:36:59
5.220 371.073 768.293 16:37:00
5.224 147.390 769.756 16:37:01
5.228 150.195 782.439 16:37:02
5.224 149.195 786.341 16:37:03
5.224 147.683 769.756 16:37:04
5.228 147.195 771.220 16:37:05
5.224 161.073 839.024 16:37:06
5.228 146.683 772.195 16:37:07
5.196 226.976 1159.512 16:37:08
5.228 147.293 769.756 16:37:09
5.224 147.098 772.195 16:37:10
5.224 161.293 840.976 16:37:11
5.228 147.098 771.220 16:37:12
5.228 146.878 772.195 16:37:13
5.228 147.293 767.317 16:37:14
5.224 151.390 792.195 16:37:15
5.228 147.098 769.756 16:37:16
5.228 147.488 768.293 16:37:17
5.224 147.585 771.220 16:37:18
5.228 147.390 770.244 16:37:19
5.228 150.195 781.463 16:37:20
5.228 149.683 783.415 16:37:21
5.224 156.780 815.122 16:37:22
5.228 150.683 783.902 16:37:23
5.208 203.390 1078.049 16:37:24
5.228 149.293 782.439 16:37:25
5.224 149.780 783.415 16:37:26
5.228 146.780 770.244 16:37:27
5.228 147.390 771.220 16:37:28
5.224 160.683 840.000 16:37:29
5.224 148.098 772.683 16:37:30
5.212 207.585 1184.390 16:37:31
5.228 147.488 772.683 16:37:32
5.228 147.585 771.220 16:37:33
5.228 147.878 769.756 16:37:34
5.228 147.390 771.220 16:37:35
5.228 148.098 771.220 16:37:36
5.228 146.976 774.634 16:37:37
5.228 151.488 792.195 16:37:38
5.228 147.683 769.756 16:37:39
5.224 147.195 771.220 16:37:40
5.228 147.488 770.244 16:37:41
5.228 147.488 770.244 16:37:42
5.228 148.195 771.220 16:37:43
5.228 146.780 771.220 16:37:44
5.228 148.488 780.976 16:37:45
5.228 147.390 771.220 16:37:46
5.208 199.585 1031.707 16:37:48
5.228 149.976 782.439 16:37:49
5.228 149.585 778.537 16:37:50
5.224 149.976 783.415 16:37:51
5.224 149.878 783.902 16:37:52
5.228 149.293 784.878 16:37:53
5.224 148.976 783.415 16:37:54
5.224 151.585 792.683 16:37:55
5.224 147.098 771.220 16:37:56
5.228 147.585 770.244 16:37:57
5.228 148.390 779.024 16:37:58
5.228 147.488 771.220 16:37:59
5.228 149.390 783.415 16:38:00
5.228 147.293 772.195 16:38:01
5.224 150.098 779.024 16:38:02
5.228 147.683 770.244 16:38:03
5.208 199.585 1034.146 16:38:04
5.228 147.585 767.317 16:38:05
5.228 147.293 770.244 16:38:06
5.224 160.293 839.024 16:38:07
5.228 153.976 770.244 16:38:08
5.220 160.195 837.561 16:38:09
5.228 146.878 817.561 16:38:10
5.220 162.878 845.366 16:38:11
5.228 149.780 782.439 16:38:12
5.228 149.780 783.415 16:38:13
5.228 149.683 783.902 16:38:14
5.228 147.293 767.317 16:38:15
5.228 146.585 768.293 16:38:16
5.228 147.585 770.244 16:38:17
5.204 203.073 1142.927 16:38:18
5.228 147.293 957.561 16:38:19
5.196 204.878 1075.610 16:38:20
5.228 147.683 772.683 16:38:21
5.228 147.683 766.341 16:38:22
5.224 163.488 850.244 16:38:23
5.228 148.976 787.317 16:38:24
5.220 164.683 858.537 16:38:25
5.228 149.780 780.976 16:38:26
5.212 200.683 1044.390 16:38:27
5.228 149.683 783.902 16:38:28
5.224 149.683 781.463 16:38:29
5.224 147.683 768.293 16:38:30
5.228 147.585 767.317 16:38:31
5.220 161.488 838.537 16:38:32
5.228 147.390 769.756 16:38:33
5.224 154.780 806.341 16:38:34
5.228 147.390 772.683 16:38:35
5.224 147.488 769.756 16:38:36
5.228 147.390 770.244 16:38:37
5.228 147.390 769.756 16:38:38
5.228 147.585 772.683 16:38:39
5.224 147.585 768.293 16:38:40
5.220 164.976 863.415 16:38:41
5.228 149.878 783.415 16:38:42
5.224 151.878 836.585 16:38:43
5.224 149.683 783.415 16:38:44
5.228 149.683 782.439 16:38:45
5.228 150.390 783.415 16:38:46
5.224 147.683 772.195 16:38:47
5.228 147.585 770.244 16:38:48
5.228 146.683 766.341 16:38:49
5.224 153.780 803.415 16:38:50
5.228 146.683 772.683 16:38:51
5.228 146.976 771.220 16:38:52
5.224 147.293 820.000 16:38:53
5.228 149.780 782.439 16:38:54
5.224 162.976 851.220 16:38:55
5.228 149.195 783.415 16:38:56
5.224 163.073 852.195 16:38:57
5.228 149.780 783.415 16:38:58
5.228 151.683 793.659 16:38:59
5.228 250.073 772.683 16:39:00
5.228 149.098 775.122 16:39:01
5.228 147.780 771.220 16:39:02
5.228 146.976 771.220 16:39:03
5.224 152.293 776.098 16:39:04
5.228 148.878 770.244 16:39:05
5.224 154.585 804.878 16:39:06
5.228 147.585 772.195 16:39:07
5.228 147.683 770.244 16:39:08
5.228 147.390 768.293 16:39:09
5.228 147.585 767.317 16:39:10
5.228 147.683 771.220 16:39:11
5.224 160.878 842.439 16:39:12
5.228 148.488 781.463 16:39:13
5.228 147.780 772.683 16:39:14
5.208 202.488 1054.146 16:39:15
5.228 147.780 771.220 16:39:16
5.228 148.683 772.195 16:39:17
5.228 147.683 770.244 16:39:18
5.228 146.976 770.244 16:39:19
5.228 146.780 774.634 16:39:20
5.228 146.780 771.220 16:39:21
5.224 151.585 792.683 16:39:22
5.228 156.780 772.195 16:39:23
5.228 147.390 822.439 16:39:24
5.228 147.488 767.317 16:39:25
5.228 146.683 772.195 16:39:26
5.228 147.195 772.683 16:39:27
5.228 147.585 770.244 16:39:28
5.224 161.073 851.220 16:39:29
5.228 207.390 771.220 16:39:30
5.208 198.390 1020.000 16:39:31
5.228 148.195 787.317 16:39:32
5.228 146.585 771.220 16:39:33
5.224 147.683 771.220 16:39:34
5.228 146.780 768.780 16:39:35
5.224 160.390 841.463 16:39:36
5.228 147.488 772.683 16:39:37
5.216 197.390 1026.341 16:39:38
5.228 147.585 772.683 16:39:39
5.224 147.488 770.244 16:39:40
5.228 147.780 771.220 16:39:41
5.228 147.293 771.220 16:39:42
5.216 172.683 890.244 16:39:43
5.228 146.878 770.244 16:39:44
5.228 154.780 882.439 16:39:46
5.228 147.293 772.195 16:39:47
5.228 146.585 771.220 16:39:48
5.228 147.585 769.756 16:39:49
5.228 147.293 772.195 16:39:50
5.232 148.098 774.634 16:39:51
5.228 147.488 771.220 16:39:52
5.228 149.098 779.024 16:39:53
5.228 152.683 771.220 16:39:54
5.228 148.976 779.024 16:39:55
5.228 147.683 771.220 16:39:56
5.228 147.390 766.341 16:39:57
5.228 147.488 767.317 16:39:58
5.228 146.780 768.293 16:39:59
5.224 153.683 1309.756 16:40:00
5.224 151.293 792.683 16:40:01
5.208 202.683 1037.561 16:40:02
5.228 147.195 787.317 16:40:03
5.224 148.390 763.902 16:40:04
5.224 160.488 837.561 16:40:05
5.228 146.976 770.244 16:40:06
5.224 161.293 834.634 16:40:07
5.228 147.195 768.293 16:40:08
5.228 154.195 804.878 16:40:09
5.228 147.488 771.220 16:40:10
5.228 147.390 771.220 16:40:11
5.228 147.488 771.220 16:40:12
5.228 149.683 781.463 16:40:13
5.224 162.780 851.220 16:40:14
5.224 149.683 781.463 16:40:15
5.212 161.976 845.366 16:40:16
5.228 147.683 771.220 16:40:17
5.208 208.585 1042.439 16:40:18
5.228 147.585 768.293 16:40:19
5.224 147.585 771.220 16:40:20
5.228 147.585 772.683 16:40:21
5.228 146.976 773.659 16:40:22
5.220 161.683 838.537 16:40:23
5.228 147.390 768.780 16:40:24
5.220 155.073 816.585 16:40:25
5.224 147.585 768.293 16:40:26
5.224 147.390 769.756 16:40:27
5.220 160.390 836.585 16:40:28
5.224 147.488 769.756 16:40:29
5.220 160.488 836.585 16:40:30
5.216 183.585 921.463 16:40:31
5.220 160.878 837.561 16:40:32
5.228 147.390 769.756 16:40:33
5.228 147.293 770.244 16:40:34
5.228 147.585 768.293 16:40:35
5.220 185.878 933.659 16:40:36
5.224 160.073 837.561 16:40:37
5.228 147.585 769.756 16:40:38
5.224 147.488 772.195 16:40:39
5.228 147.780 767.317 16:40:40
5.228 155.293 806.341 16:40:41
5.228 146.390 771.220 16:40:42
5.228 147.390 793.659 16:40:43
5.228 147.976 812.195 16:40:44
5.224 146.878 770.244 16:40:45
5.228 147.488 766.341 16:40:46
5.228 153.488 771.220 16:40:47
5.228 147.585 771.220 16:40:48
5.228 147.585 771.220 16:40:49
5.228 147.585 771.220 16:40:50
5.228 147.683 771.220 16:40:51
5.228 148.390 775.122 16:40:52
5.228 149.683 781.463 16:40:53
5.228 149.585 782.439 16:40:54
5.224 148.585 789.756 16:40:55
5.224 148.293 772.195 16:40:56
5.208 209.780 1093.171 16:40:57
5.228 147.585 771.220 16:40:58
5.228 147.683 771.220 16:40:59
5.228 149.878 787.805 16:41:00
5.228 149.683 786.341 16:41:01
5.224 151.683 780.976 16:41:02
5.228 149.780 786.341 16:41:03
5.228 156.195 825.366 16:41:04
5.228 147.780 771.220 16:41:05
5.228 147.878 771.220 16:41:06
5.228 147.683 776.098 16:41:07
5.228 147.585 769.756 16:41:08
5.224 161.195 837.561 16:41:09
5.228 147.878 773.659 16:41:10
5.228 149.195 780.000 16:41:11
5.228 158.878 772.195 16:41:12
5.212 197.683 1026.829 16:41:13
5.224 147.488 768.293 16:41:14
5.228 147.195 784.878 16:41:15
5.228 146.780 769.756 16:41:16
5.228 146.683 771.220 16:41:17
5.228 152.390 797.073 16:41:18
5.228 147.293 766.341 16:41:19
5.228 151.488 790.244 16:41:20
5.228 146.976 771.220 16:41:21
5.224 146.293 774.634 16:41:22
5.228 147.488 768.293 16:41:23
5.228 147.390 769.756 16:41:24
5.228 148.488 776.098 16:41:25
5.228 147.195 768.293 16:41:26
5.220 148.780 779.024 16:41:27
5.228 146.683 771.220 16:41:28
5.212 202.976 1042.439 16:41:29
5.220 171.878 939.024 16:41:30
5.228 147.488 768.293 16:41:31
5.228 147.488 772.195 16:41:32
5.228 146.878 769.756 16:41:33
5.228 147.878 768.293 16:41:34
5.228 147.683 770.244 16:41:35
5.224 153.976 805.854 16:41:36
5.228 148.585 767.317 16:41:37
5.228 147.390 771.220 16:41:38
5.228 147.488 768.780 16:41:39
5.228 147.780 771.220 16:41:40
5.224 147.683 771.220 16:41:41
5.228 147.293 768.293 16:41:42
5.224 147.683 771.220 16:41:44
5.228 147.195 774.634 16:41:45
5.212 202.073 1123.902 16:41:46
5.228 147.488 771.220 16:41:47
5.228 147.488 766.341 16:41:48
5.224 146.293 767.317 16:41:49
5.228 147.390 766.341 16:41:50
5.224 149.780 772.683 16:41:51
5.220 147.683 771.220 16:41:52
5.224 154.073 803.902 16:41:53
5.228 147.585 771.220 16:41:54
5.228 147.585 770.244 16:41:55
5.228 146.780 772.195 16:41:56
5.228 148.683 772.683 16:41:57
5.228 147.488 769.756 16:41:58
5.228 147.293 766.341 16:41:59
5.200 357.366 1358.537 16:42:00
5.228 172.073 795.122 16:42:01
5.200 148.488 779.024 16:42:02
5.224 148.195 771.220 16:42:03
5.228 147.878 771.220 16:42:04
5.228 147.390 767.317 16:42:05
5.228 147.585 771.220 16:42:06
5.220 181.878 944.878 16:42:07
5.228 147.195 767.317 16:42:08
5.224 154.073 803.902 16:42:09
5.228 147.585 772.683 16:42:10
5.228 147.293 769.756 16:42:11
5.224 155.073 808.780 16:42:12
5.228 147.195 771.220 16:42:13
5.224 147.488 770.244 16:42:14
5.228 147.195 769.756 16:42:15
5.196 198.585 780.976 16:42:16
5.228 147.585 768.780 16:42:17
5.228 149.098 1086.341 16:42:18
5.228 147.098 770.244 16:42:19
5.224 147.390 769.756 16:42:20
5.228 147.585 768.293 16:42:21
5.228 147.390 840.976 16:42:22
5.228 147.195 771.220 16:42:23
5.228 148.098 777.073 16:42:24
5.204 212.268 1100.488 16:42:25
5.228 147.098 770.244 16:42:26
5.208 155.293 767.317 16:42:27
5.228 147.683 769.756 16:42:28
5.220 160.195 841.463 16:42:29
5.200 163.073 851.220 16:42:30
5.192 154.488 1053.171 16:42:31
5.224 161.585 843.415 16:42:32
