5.224 162.793 850.488 21:15:28
5.196 253.195 1310.732 21:15:29
5.224 162.098 846.098 21:15:30
5.224 149.000 778.780 21:15:31
5.228 148.098 774.390 21:15:32
5.224 162.000 848.049 21:15:33
5.228 148.598 776.829 21:15:34
5.224 148.500 776.341 21:15:35
5.228 148.098 776.829 21:15:36
5.220 148.695 775.610 21:15:37
5.216 162.500 844.390 21:15:38
5.228 148.390 828.049 21:15:39
5.216 198.793 1550.000 21:15:40
5.224 151.195 839.268 21:15:41
5.204 152.390 798.049 21:15:42
5.224 153.000 785.610 21:15:43
5.228 151.390 787.317 21:15:44
5.224 164.195 857.561 21:15:45
5.228 150.695 787.561 21:15:46
5.224 167.098 931.220 21:15:47
5.224 148.598 773.659 21:15:48
5.160 322.585 1667.317 21:15:49
5.216 179.195 934.634 21:15:50
5.228 148.598 776.829 21:15:51
5.220 162.293 846.098 21:15:52
5.228 148.390 778.049 21:15:53
5.224 161.695 846.341 21:15:54
5.224 147.598 776.341 21:15:55
5.148 496.049 2570.244 21:15:56
5.228 148.488 776.098 21:15:57
5.228 147.976 776.098 21:15:58
5.224 197.171 777.561 21:16:00
5.208 203.390 1171.707 21:16:01
5.216 162.390 844.878 21:16:02
5.228 150.976 787.805 21:16:03
5.220 165.976 867.805 21:16:04
5.228 150.976 786.341 21:16:05
5.228 150.780 792.683 21:16:06
5.224 162.683 844.878 21:16:07
5.224 148.585 769.756 21:16:08
5.224 161.683 843.902 21:16:09
5.228 148.683 775.122 21:16:10
5.216 163.585 852.683 21:16:11
5.224 170.683 786.341 21:16:12
5.208 271.976 1415.610 21:16:13
5.228 148.488 777.073 21:16:14
5.228 149.293 773.659 21:16:15
5.224 162.195 846.341 21:16:16
5.228 150.293 772.683 21:16:17
5.220 161.780 847.805 21:16:18
5.224 148.780 779.024 21:16:19
5.172 337.659 2003.902 21:16:20
5.228 147.683 779.024 21:16:21
5.224 148.390 776.098 21:16:22
5.228 158.195 777.073 21:16:23
5.228 149.390 823.902 21:16:24
5.224 161.780 844.878 21:16:25
5.228 148.488 777.561 21:16:26
5.220 163.390 849.756 21:16:27
5.224 148.488 776.098 21:16:28
5.224 148.390 775.122 21:16:29
5.224 162.073 843.415 21:16:30
5.228 148.390 776.098 21:16:31
5.220 162.293 843.415 21:16:32
5.228 148.488 774.634 21:16:33
5.196 249.366 1342.927 21:16:34
5.224 148.488 1077.561 21:16:35
5.192 216.780 1078.049 21:16:36
5.224 150.878 784.878 21:16:37
5.224 150.780 787.805 21:16:38
5.220 163.683 860.976 21:16:39
5.228 150.780 787.317 21:16:40
5.220 166.488 867.805 21:16:41
5.216 179.683 960.000 21:16:42
5.224 149.488 780.000 21:16:43
5.224 162.878 846.341 21:16:44
5.228 148.585 776.098 21:16:45
5.220 161.683 843.902 21:16:46
5.224 148.585 772.683 21:16:47
5.220 163.293 843.415 21:16:48
5.224 150.878 787.317 21:16:49
5.204 224.268 1165.854 21:16:50
5.228 151.098 787.805 21:16:51
5.228 150.878 790.244 21:16:52
5.220 164.488 855.122 21:16:53
5.228 150.293 787.805 21:16:54
5.220 165.390 863.902 21:16:55
5.228 149.976 780.976 21:16:56
5.204 163.683 860.000 21:16:57
5.228 150.098 783.415 21:16:58
5.228 148.390 774.634 21:16:59
5.224 251.268 1433.171 21:17:00
5.228 149.195 781.463 21:17:01
5.220 161.683 843.902 21:17:02
5.224 151.780 794.634 21:17:03
5.220 164.585 863.415 21:17:04
5.224 150.878 788.780 21:17:05
5.176 310.463 1597.561 21:17:06
5.224 152.098 792.683 21:17:07
5.228 150.683 787.805 21:17:08
5.220 164.878 859.024 21:17:09
5.224 148.488 780.000 21:17:10
5.216 162.293 843.415 21:17:11
5.228 148.683 777.073 21:17:12
5.180 300.268 1559.512 21:17:13
5.224 148.488 823.415 21:17:14
5.224 147.683 775.122 21:17:15
5.220 165.195 855.122 21:17:16
5.228 147.683 776.098 21:17:17
5.220 161.780 846.341 21:17:18
5.228 148.585 775.122 21:17:19
5.224 161.195 847.317 21:17:20
5.228 148.390 774.634 21:17:21
5.228 148.195 777.073 21:17:22
5.220 161.683 843.415 21:17:23
5.224 148.683 776.098 21:17:24
5.224 161.976 843.902 21:17:25
5.228 147.780 777.561 21:17:26
5.220 166.878 871.220 21:17:27
5.228 150.780 789.756 21:17:28
5.184 316.171 1486.341 21:17:29
5.224 151.585 787.805 21:17:30
5.228 150.780 787.317 21:17:31
5.220 162.073 847.805 21:17:32
5.228 148.390 776.098 21:17:33
5.196 162.780 856.585 21:17:34
5.228 147.780 777.073 21:17:35
5.168 328.171 1690.244 21:17:36
5.228 148.293 776.098 21:17:37
5.228 148.585 777.073 21:17:38
5.224 161.683 840.976 21:17:39
5.228 148.390 775.122 21:17:40
5.224 163.780 924.878 21:17:41
5.228 148.390 776.098 21:17:42
5.224 162.585 852.195 21:17:43
5.224 147.878 778.537 21:17:44
5.228 148.585 776.098 21:17:45
5.228 148.780 777.073 21:17:46
5.228 148.585 777.073 21:17:47
5.224 162.293 847.805 21:17:48
5.228 148.683 777.561 21:17:49
5.176 250.878 1303.415 21:17:50
5.208 150.976 789.756 21:17:51
5.196 212.585 1094.146 21:17:52
5.224 164.073 856.098 21:17:53
5.224 150.780 786.341 21:17:54
5.220 164.683 860.000 21:17:55
5.232 150.878 786.341 21:17:56
5.224 164.390 857.561 21:17:57
5.224 148.293 776.098 21:17:59
5.176 307.171 1626.341 21:18:00
5.208 207.488 1065.366 21:18:01
5.228 148.585 810.244 21:18:02
5.216 161.585 863.902 21:18:03
5.228 148.488 777.561 21:18:04
5.220 162.293 843.415 21:18:05
5.228 148.293 777.561 21:18:06
5.220 163.390 857.561 21:18:07
5.228 148.585 776.098 21:18:08
5.224 147.683 777.073 21:18:09
5.224 154.073 779.024 21:18:10
5.228 148.780 776.098 21:18:11
5.220 161.683 843.415 21:18:12
5.224 150.683 787.805 21:18:13
5.220 166.390 868.780 21:18:14
5.228 150.683 788.780 21:18:15
5.224 150.683 787.805 21:18:16
5.224 151.585 789.756 21:18:17
5.228 150.585 787.317 21:18:18
5.224 162.488 843.902 21:18:19
5.224 148.585 779.024 21:18:20
5.224 172.390 856.585 21:18:21
5.224 148.683 775.122 21:18:22
5.188 251.976 1549.756 21:18:23
5.228 147.780 782.439 21:18:24
5.228 147.780 776.098 21:18:25
5.220 162.585 843.415 21:18:26
5.228 148.293 775.122 21:18:27
5.172 327.366 1376.098 21:18:28
5.228 148.585 775.122 21:18:29
5.188 270.780 1306.829 21:18:30
5.228 147.780 777.561 21:18:31
5.228 148.293 777.073 21:18:32
5.224 161.976 847.317 21:18:33
5.228 148.488 772.683 21:18:34
5.224 162.390 846.341 21:18:35
5.228 148.488 776.098 21:18:36
5.220 163.780 1305.854 21:18:37
5.228 148.488 776.098 21:18:38
5.224 147.780 776.098 21:18:39
5.228 148.585 777.561 21:18:40
5.228 148.390 772.683 21:18:41
5.220 165.073 856.585 21:18:42
5.228 150.780 787.805 21:18:43
5.220 164.780 863.415 21:18:44
5.228 150.390 787.805 21:18:45
5.228 150.878 787.805 21:18:46
5.228 148.585 776.098 21:18:47
5.228 148.293 777.561 21:18:48
5.224 160.976 843.902 21:18:49
5.228 148.585 776.098 21:18:50
5.220 248.073 1285.366 21:18:51
5.224 148.683 777.561 21:18:52
5.208 205.780 1070.244 21:18:53
5.228 150.098 784.878 21:18:54
5.228 149.878 783.415 21:18:55
5.220 162.293 847.317 21:18:56
5.228 148.683 776.098 21:18:57
5.220 206.390 846.341 21:18:58
5.228 148.390 777.073 21:18:59
5.192 187.293 1190.244 21:19:00
5.228 148.683 777.561 21:19:01
5.228 148.390 771.220 21:19:02
5.220 161.976 852.195 21:19:03
5.228 148.976 776.098 21:19:04
5.220 164.683 860.000 21:19:05
5.224 151.195 787.317 21:19:06
5.140 366.366 1912.683 21:19:07
5.224 150.390 787.805 21:19:08
5.224 150.780 795.122 21:19:09
5.224 163.976 860.000 21:19:10
5.224 147.683 777.073 21:19:11
5.216 161.878 844.878 21:19:12
5.224 148.683 776.098 21:19:13
5.224 161.878 850.244 21:19:14
5.228 148.390 774.634 21:19:15
5.228 149.098 772.195 21:19:16
5.224 148.488 776.098 21:19:17
5.224 147.683 776.098 21:19:18
5.224 161.293 843.415 21:19:19
5.224 148.293 768.293 21:19:20
5.164 326.268 1699.024 21:19:21
5.228 215.585 777.561 21:19:22
5.196 209.585 1252.195 21:19:23
5.224 148.780 776.098 21:19:24
5.228 148.585 775.122 21:19:25
5.220 161.390 846.341 21:19:26
5.228 147.780 772.683 21:19:27
5.220 163.195 856.585 21:19:28
5.228 147.976 776.098 21:19:29
5.156 367.756 1939.024 21:19:30
5.228 148.683 777.561 21:19:31
5.224 148.488 772.683 21:19:32
5.224 161.780 842.439 21:19:33
5.228 148.488 777.561 21:19:34
5.220 161.585 847.805 21:19:35
5.228 148.780 779.024 21:19:36
5.220 161.585 847.317 21:19:37
5.228 150.098 777.561 21:19:38
5.228 148.293 771.220 21:19:39
5.228 150.976 787.805 21:19:40
5.224 150.585 787.317 21:19:41
5.220 164.073 860.000 21:19:42
5.224 150.195 787.805 21:19:43
5.220 165.878 870.244 21:19:44
5.224 150.780 788.780 21:19:45
5.224 152.585 797.073 21:19:46
5.224 148.683 772.683 21:19:47
5.228 147.195 774.634 21:19:48
5.220 162.195 849.756 21:19:49
5.228 147.585 776.098 21:19:50
5.216 162.195 849.756 21:19:51
5.220 171.878 994.146 21:19:52
5.144 453.049 2140.976 21:19:53
5.228 148.780 809.756 21:19:54
5.228 148.293 776.098 21:19:55
5.220 162.073 843.415 21:19:56
5.224 148.585 774.634 21:19:58
5.224 162.390 846.341 21:19:59
5.228 148.780 776.098 21:20:00
5.224 341.073 855.122 21:20:01
5.228 148.488 775.122 21:20:02
5.228 151.293 793.659 21:20:03
5.216 181.293 969.268 21:20:04
5.224 147.878 775.122 21:20:05
5.224 161.585 844.878 21:20:06
5.228 147.585 779.024 21:20:07
5.220 163.976 853.659 21:20:08
5.228 148.098 776.098 21:20:09
5.176 311.366 1585.854 21:20:10
5.228 148.683 774.634 21:20:11
5.224 148.488 777.073 21:20:12
5.220 161.976 843.902 21:20:13
5.228 148.390 772.683 21:20:14
5.224 163.878 855.122 21:20:15
5.228 147.585 777.073 21:20:16
5.180 300.268 1643.415 21:20:17
5.228 147.683 776.098 21:20:18
5.224 148.390 772.195 21:20:19
5.220 161.780 841.463 21:20:20
5.228 148.488 775.122 21:20:21
5.220 164.390 856.585 21:20:22
5.224 151.098 786.341 21:20:23
5.220 183.073 863.902 21:20:24
5.224 150.683 787.805 21:20:25
5.228 150.585 892.683 21:20:26
5.220 161.390 843.415 21:20:27
5.228 147.683 777.073 21:20:28
5.220 162.488 846.341 21:20:29
5.228 148.976 772.195 21:20:30
5.224 161.683 847.805 21:20:31
5.228 147.780 777.561 21:20:32
5.232 148.195 776.098 21:20:33
5.228 148.683 776.098 21:20:34
5.224 148.195 776.098 21:20:35
5.224 162.293 843.902 21:20:36
5.228 153.585 775.122 21:20:37
5.224 163.195 853.659 21:20:38
5.228 148.488 776.098 21:20:39
5.176 301.463 1564.878 21:20:40
5.228 150.780 787.317 21:20:41
5.224 150.098 783.902 21:20:42
5.220 164.683 855.122 21:20:43
5.224 151.585 787.805 21:20:44
5.224 164.683 856.585 21:20:45
5.228 147.683 776.098 21:20:46
5.192 156.390 816.585 21:20:47
5.228 148.098 777.073 21:20:48
5.228 148.488 775.122 21:20:49
5.224 161.585 843.902 21:20:50
5.228 147.585 776.098 21:20:51
5.220 161.683 842.439 21:20:52
5.228 148.976 779.024 21:20:53
5.196 163.585 853.659 21:20:54
5.228 150.683 787.805 21:20:55
5.224 149.976 783.415 21:20:56
5.228 148.585 775.122 21:20:57
5.228 148.293 773.659 21:20:58
5.220 161.195 847.805 21:20:59
5.228 148.780 776.098 21:21:00
5.220 162.390 843.415 21:21:01
5.224 149.293 777.073 21:21:02
5.156 478.561 2475.122 21:21:03
5.228 148.585 776.098 21:21:04
5.224 148.780 776.098 21:21:05
5.220 161.195 847.805 21:21:06
5.228 148.488 774.634 21:21:07
5.224 162.195 844.878 21:21:08
5.228 147.780 778.537 21:21:09
5.224 161.976 844.878 21:21:10
5.224 148.585 777.073 21:21:11
5.228 150.780 787.317 21:21:12
5.224 150.976 788.780 21:21:13
5.224 150.780 787.805 21:21:14
5.224 164.390 860.000 21:21:15
5.224 148.976 775.122 21:21:16
5.224 163.488 855.122 21:21:17
5.224 148.390 776.098 21:21:18
5.172 269.366 1502.439 21:21:19
5.228 158.073 776.098 21:21:20
5.228 148.195 826.341 21:21:21
5.224 162.293 843.415 21:21:22
5.228 148.488 772.683 21:21:23
5.224 162.390 845.366 21:21:24
5.228 148.390 776.098 21:21:25
5.224 162.878 854.146 21:21:26
5.228 147.976 779.024 21:21:27
5.228 148.390 775.122 21:21:28
5.220 166.976 860.000 21:21:29
5.224 150.488 786.341 21:21:30
5.220 164.585 856.098 21:21:31
5.224 150.780 1061.951 21:21:32
5.224 164.780 859.024 21:21:33
5.224 150.780 787.805 21:21:34
5.228 160.683 792.195 21:21:35
5.228 148.585 775.122 21:21:36
5.228 148.293 776.098 21:21:37
5.224 161.585 846.341 21:21:38
5.228 148.195 774.634 21:21:39
5.220 163.293 856.098 21:21:40
5.224 148.488 777.073 21:21:41
5.176 299.171 1569.756 21:21:42
5.228 147.780 777.073 21:21:43
5.228 148.293 775.122 21:21:45
5.224 161.488 843.415 21:21:46
5.228 148.098 776.098 21:21:47
5.224 169.976 1121.463 21:21:48
5.228 148.293 779.024 21:21:49
5.124 326.878 1738.537 21:21:50
5.224 147.780 776.098 21:21:51
5.228 148.390 771.220 21:21:52
5.224 161.488 842.439 21:21:53
5.228 148.390 772.683 21:21:54
5.220 168.976 845.366 21:21:55
5.224 148.585 776.098 21:21:56
5.220 162.390 844.878 21:21:57
5.228 150.585 787.805 21:21:58
5.224 150.780 787.805 21:21:59
5.228 150.976 787.805 21:22:00
5.220 152.195 787.805 21:22:01
5.220 164.585 856.585 21:22:02
5.228 151.195 791.220 21:22:03
5.220 164.293 860.000 21:22:04
5.228 148.488 777.561 21:22:05
5.228 148.390 776.098 21:22:06
5.228 148.683 776.098 21:22:07
5.228 148.390 776.098 21:22:08
5.224 161.683 843.902 21:22:09
5.228 148.780 774.634 21:22:10
5.136 330.976 1702.439 21:22:11
5.228 148.390 835.122 21:22:12
5.208 212.585 1080.488 21:22:13
5.228 147.780 777.561 21:22:14
5.228 155.585 771.220 21:22:15
5.224 161.585 841.463 21:22:16
5.228 148.488 825.366 21:22:17
5.192 163.780 858.537 21:22:18
5.224 148.488 772.195 21:22:19
5.228 149.976 784.878 21:22:20
5.220 161.585 843.902 21:22:21
5.228 148.390 777.073 21:22:22
5.224 163.293 846.341 21:22:23
5.224 147.683 776.098 21:22:24
5.220 162.488 844.878 21:22:25
5.228 148.585 780.976 21:22:26
5.228 148.683 774.634 21:22:27
5.224 151.488 776.098 21:22:28
5.228 148.683 771.220 21:22:29
5.220 162.073 847.317 21:22:30
5.228 148.098 776.098 21:22:31
5.220 161.976 845.366 21:22:32
5.228 148.585 776.098 21:22:33
5.228 148.293 776.098 21:22:34
5.228 148.683 775.122 21:22:35
5.228 148.488 772.195 21:22:36
5.220 163.780 859.024 21:22:37
5.228 150.683 787.805 21:22:38
5.220 162.073 848.780 21:22:39
5.228 147.683 777.561 21:22:40
5.228 148.585 775.122 21:22:41
5.228 148.780 776.098 21:22:42
5.228 148.390 784.878 21:22:43
5.224 161.585 839.024 21:22:44
5.224 148.293 777.073 21:22:45
5.220 161.293 844.878 21:22:46
5.228 148.390 777.073 21:22:47
5.208 271.878 1300.488 21:22:48
5.228 148.585 772.195 21:22:49
5.228 148.976 778.537 21:22:50
5.224 162.195 846.341 21:22:51
5.228 148.195 769.756 21:22:52
5.224 161.878 844.878 21:22:53
5.228 147.683 776.098 21:22:54
5.156 349.976 1737.561 21:22:55
5.228 148.488 777.073 21:22:56
5.228 148.585 776.098 21:22:57
5.224 161.878 847.317 21:22:58
5.224 147.780 776.098 21:22:59
5.220 192.780 869.756 21:23:00
5.228 153.976 787.805 21:23:01
5.224 158.293 1043.902 21:23:02
5.228 150.976 794.634 21:23:03
5.228 150.780 787.805 21:23:04
5.220 164.390 856.098 21:23:05
5.224 150.780 786.341 21:23:06
5.220 162.293 843.902 21:23:07
5.228 148.390 777.073 21:23:08
5.224 174.195 849.756 21:23:09
5.228 148.878 773.659 21:23:10
5.228 149.780 783.415 21:23:11
5.228 148.585 778.537 21:23:12
5.228 148.390 774.634 21:23:13
5.220 161.488 843.902 21:23:14
5.228 148.683 776.098 21:23:15
5.188 356.659 2219.512 21:23:16
5.228 147.780 777.073 21:23:17
5.228 149.683 1298.049 21:23:18
5.228 148.683 772.683 21:23:19
5.224 149.390 775.122 21:23:20
5.220 161.780 841.463 21:23:21
5.228 148.683 775.122 21:23:22
5.184 248.488 1375.610 21:23:23
5.228 148.390 779.024 21:23:24
5.224 149.878 1232.195 21:23:25
5.224 148.585 774.634 21:23:26
5.228 148.390 776.098 21:23:27
5.224 161.585 844.878 21:23:28
5.224 148.390 776.098 21:23:29
5.220 163.683 856.585 21:23:30
5.228 149.098 772.683 21:23:31
5.180 304.561 1370.732 21:23:32
5.224 150.976 789.756 21:23:33
5.224 150.683 787.805 21:23:34
5.224 167.780 856.098 21:23:35
5.228 150.780 800.000 21:23:36
5.220 166.390 985.366 21:23:37
5.228 148.488 776.098 21:23:38
5.152 247.976 1299.512 21:23:39
5.224 148.390 776.098 21:23:40
5.228 147.683 776.098 21:23:42
5.220 161.585 846.341 21:23:43
5.228 148.878 776.098 21:23:44
5.224 162.488 844.878 21:23:45
5.224 148.488 776.098 21:23:46
5.224 160.780 841.463 21:23:47
5.228 148.390 775.122 21:23:48
5.228 147.878 777.073 21:23:49
5.224 161.195 844.878 21:23:50
5.228 148.390 776.098 21:23:51
5.220 160.780 840.000 21:23:52
5.228 148.293 776.098 21:23:53
5.220 163.585 853.659 21:23:54
5.224 148.195 776.098 21:23:55
5.228 150.098 779.024 21:23:56
5.224 150.780 795.122 21:23:57
5.228 159.878 786.341 21:23:58
5.220 164.390 858.537 21:23:59
5.228 147.780 776.098 21:24:00
5.224 163.585 852.195 21:24:01
5.228 148.585 776.098 21:24:02
5.168 348.463 1696.585 21:24:03
5.228 147.780 777.561 21:24:04
5.224 148.585 775.122 21:24:05
5.220 161.976 853.659 21:24:06
5.228 200.780 776.098 21:24:07
5.220 162.293 843.902 21:24:08
5.224 148.780 775.122 21:24:09
5.224 163.293 852.683 21:24:10
5.224 150.293 784.878 21:24:11
5.224 150.683 787.805 21:24:12
5.228 150.976 788.780 21:24:13
5.228 151.098 787.805 21:24:14
5.212 208.073 1018.049 21:24:15
5.224 148.488 775.122 21:24:16
5.220 162.293 843.902 21:24:17
5.228 150.683 784.878 21:24:18
5.228 150.683 787.805 21:24:19
5.224 148.683 776.098 21:24:20
5.228 148.585 776.098 21:24:21
5.220 161.585 845.366 21:24:22
5.228 148.488 779.024 21:24:23
5.224 161.488 845.366 21:24:24
5.224 148.683 776.098 21:24:25
5.224 148.585 777.073 21:24:26
5.228 148.585 862.439 21:24:27
5.228 147.683 775.122 21:24:28
5.220 161.293 842.439 21:24:29
5.216 196.976 911.707 21:24:30
5.216 161.878 847.317 21:24:31
5.228 150.780 785.854 21:24:32
5.224 155.073 849.756 21:24:33
5.224 150.780 789.756 21:24:34
5.224 150.878 787.805 21:24:35
5.220 165.390 860.000 21:24:36
5.224 150.878 787.805 21:24:37
5.220 166.390 872.195 21:24:38
5.228 148.780 774.634 21:24:39
5.176 310.463 1568.293 21:24:40
5.228 148.683 776.098 21:24:41
5.228 147.683 772.195 21:24:42
5.216 162.390 842.439 21:24:43
5.228 148.585 776.098 21:24:44
5.200 206.683 986.829 21:24:45
5.228 148.098 777.073 21:24:46
5.224 151.098 783.415 21:24:47
5.224 148.585 776.098 21:24:48
5.228 148.195 774.634 21:24:49
5.224 161.585 847.805 21:24:50
5.228 148.293 776.098 21:24:51
5.224 163.390 856.585 21:24:52
5.228 148.293 776.098 21:24:53
5.176 301.683 1734.146 21:24:54
5.232 147.780 776.098 21:24:55
5.228 149.098 772.683 21:24:56
5.224 161.976 844.878 21:24:57
5.228 148.488 772.683 21:24:58
5.224 163.293 853.659 21:24:59
5.224 149.976 784.878 21:25:00
5.180 299.463 1557.073 21:25:01
5.228 148.976 776.098 21:25:02
5.228 147.683 779.024 21:25:03
5.220 161.195 846.341 21:25:04
5.224 149.098 776.098 21:25:05
5.224 161.585 848.780 21:25:06
5.228 148.488 772.683 21:25:07
5.228 148.488 776.098 21:25:08
5.228 148.585 777.073 21:25:09
5.228 148.390 772.683 21:25:10
5.224 161.585 846.341 21:25:11
5.228 148.293 771.220 21:25:12
5.220 161.683 848.780 21:25:13
5.228 148.293 776.098 21:25:14
5.144 445.146 1939.512 21:25:15
5.228 148.390 777.073 21:25:16
5.228 150.976 786.341 21:25:17
5.224 163.878 859.024 21:25:18
5.228 150.780 787.805 21:25:19
5.220 164.073 856.098 21:25:20
5.228 162.878 783.415 21:25:21
5.220 161.976 846.341 21:25:22
5.228 147.585 778.537 21:25:23
5.228 147.293 776.098 21:25:24
5.224 162.195 847.317 21:25:25
5.228 148.780 777.561 21:25:26
5.220 161.390 846.341 21:25:27
5.228 148.293 774.634 21:25:28
5.224 162.780 842.439 21:25:29
5.224 148.585 778.537 21:25:30
5.224 148.293 774.634 21:25:31
5.228 148.878 777.561 21:25:32
5.228 148.390 777.073 21:25:33
5.224 162.488 845.366 21:25:34
5.224 147.780 776.098 21:25:35
5.168 257.976 854.146 21:25:36
5.228 148.878 776.098 21:25:37
5.212 271.073 1398.049 21:25:39
5.228 148.390 777.561 21:25:40
5.228 148.585 774.634 21:25:41
5.220 162.390 843.415 21:25:42
5.228 147.878 776.098 21:25:43
5.224 161.878 846.341 21:25:44
5.228 148.293 777.073 21:25:45
5.224 162.390 849.756 21:25:46
5.224 148.585 777.073 21:25:47
5.224 158.293 772.683 21:25:48
5.220 161.976 885.366 21:25:49
5.228 150.098 783.415 21:25:50
5.224 164.293 850.244 21:25:51
5.216 192.171 954.146 21:25:52
5.228 220.171 855.122 21:25:53
5.228 148.585 776.098 21:25:54
5.212 198.488 1388.293 21:25:55
5.228 148.780 777.073 21:25:56
5.224 148.488 776.098 21:25:57
5.224 162.073 844.878 21:25:58
5.228 147.683 775.122 21:25:59
5.224 164.585 853.659 21:26:00
5.224 154.683 808.780 21:26:01
5.192 274.073 1405.854 21:26:02
5.228 150.976 792.683 21:26:03
5.224 150.976 787.805 21:26:04
5.220 163.683 858.537 21:26:05
5.228 150.780 787.805 21:26:06
5.220 179.976 868.780 21:26:07
5.224 148.098 777.073 21:26:08
5.176 334.073 1736.585 21:26:09
5.228 148.098 773.659 21:26:10
5.228 148.390 774.634 21:26:11
5.220 161.293 847.317 21:26:12
5.228 147.780 776.098 21:26:13
5.224 162.488 844.878 21:26:14
5.228 148.098 777.073 21:26:15
5.168 387.073 1737.561 21:26:16
5.228 148.683 778.537 21:26:17
5.228 148.390 772.195 21:26:18
5.220 147.976 777.561 21:26:19
5.228 148.293 776.098 21:26:20
5.220 162.073 846.341 21:26:21
5.228 147.683 779.024 21:26:22
5.224 162.488 850.244 21:26:23
5.228 148.195 780.976 21:26:24
5.228 171.195 777.073 21:26:25
5.228 148.683 777.561 21:26:26
5.228 148.098 788.780 21:26:27
5.224 161.780 844.878 21:26:28
5.228 148.683 777.561 21:26:29
5.224 162.683 844.878 21:26:30
5.224 150.195 789.756 21:26:31
5.228 150.780 787.805 21:26:32
5.228 150.488 785.854 21:26:33
5.224 150.683 790.244 21:26:34
5.220 164.195 858.537 21:26:35
5.224 150.780 787.805 21:26:36
5.220 164.293 856.098 21:26:37
5.228 147.780 777.073 21:26:38
5.144 408.756 2120.488 21:26:39
5.228 148.390 777.561 21:26:40
5.228 148.780 779.024 21:26:41
5.224 161.683 847.805 21:26:42
5.224 148.293 776.098 21:26:43
5.224 161.976 843.902 21:26:44
5.224 148.780 775.122 21:26:45
5.156 329.268 1676.585 21:26:46
5.228 148.683 772.683 21:26:47
5.228 148.488 776.098 21:26:48
5.220 161.195 842.439 21:26:49
5.228 148.390 774.634 21:26:50
5.220 162.585 852.683 21:26:51
5.228 148.098 774.634 21:26:52
5.164 344.976 1781.463 21:26:53
5.228 148.585 777.561 21:26:54
5.228 148.390 776.098 21:26:55
5.224 161.293 901.463 21:26:56
5.228 148.293 776.098 21:26:57
5.224 166.878 843.902 21:26:58
5.228 147.585 776.098 21:26:59
5.172 328.171 1686.341 21:27:00
5.228 148.683 777.561 21:27:01
5.224 147.780 776.098 21:27:02
5.216 162.585 843.902 21:27:03
5.224 148.390 773.659 21:27:04
5.220 161.976 847.805 21:27:05
5.228 149.390 776.098 21:27:06
5.224 161.780 846.341 21:27:07
5.228 148.585 772.683 21:27:08
5.228 148.488 775.122 21:27:09
5.228 147.878 777.561 21:27:10
5.228 148.390 776.098 21:27:11
5.224 161.780 847.805 21:27:12
5.228 148.585 776.098 21:27:13
5.196 247.073 1353.659 21:27:14
5.228 147.780 777.561 21:27:15
5.228 150.195 783.902 21:27:16
5.228 148.098 777.073 21:27:17
5.228 148.390 772.683 21:27:18
5.224 165.293 844.878 21:27:19
5.228 148.390 774.634 21:27:20
5.224 162.390 930.244 21:27:21
5.228 148.585 777.073 21:27:22
5.224 206.171 1235.610 21:27:23
5.228 148.878 773.659 21:27:24
5.228 148.195 776.098 21:27:25
5.224 162.976 843.415 21:27:26
5.224 148.098 772.683 21:27:27
5.220 161.780 871.220 21:27:28
5.228 147.683 776.098 21:27:29
5.116 351.366 2477.561 21:27:30
5.228 148.390 776.098 21:27:31
5.228 148.488 776.098 21:27:32
5.228 148.683 777.073 21:27:33
5.224 147.878 776.098 21:27:34
5.224 161.683 844.878 21:27:35
5.228 148.780 777.073 21:27:36
5.156 329.366 1677.561 21:27:37
5.228 147.780 777.561 21:27:38
5.228 148.390 772.683 21:27:39
5.212 187.171 955.122 21:27:40
5.228 148.390 777.561 21:27:41
5.220 162.073 847.317 21:27:42
5.224 148.488 776.098 21:27:43
5.224 165.683 843.902 21:27:45
5.224 148.878 823.902 21:27:46
5.228 150.195 787.805 21:27:47
5.228 150.878 791.220 21:27:48
5.224 149.878 788.780 21:27:49
5.224 163.780 856.098 21:27:50
5.224 150.976 788.780 21:27:51
5.220 166.195 867.805 21:27:52
5.228 148.488 777.073 21:27:53
5.224 148.683 775.122 21:27:54
5.228 148.878 777.073 21:27:55
5.228 148.488 776.098 21:27:56
5.220 161.293 847.317 21:27:57
5.224 147.976 775.122 21:27:58
5.220 168.976 845.366 21:27:59
5.228 148.585 777.073 21:28:00
5.224 153.878 803.415 21:28:01
5.224 148.878 777.073 21:28:02
5.228 148.488 776.098 21:28:03
5.224 161.293 850.244 21:28:04
5.228 147.878 773.659 21:28:05
5.224 162.293 842.439 21:28:06
5.228 148.390 777.561 21:28:07
5.228 148.488 776.098 21:28:08
5.224 148.585 776.098 21:28:09
5.228 148.390 776.098 21:28:10
5.224 161.585 844.878 21:28:11
5.228 148.488 772.683 21:28:12
5.220 164.073 854.146 21:28:13
5.228 148.488 780.000 21:28:14
5.172 326.780 1706.341 21:28:15
5.228 148.585 778.537 21:28:16
5.228 148.683 773.659 21:28:17
5.220 161.390 843.902 21:28:18
5.228 148.293 773.659 21:28:19
5.224 161.585 843.415 21:28:20
5.228 147.683 776.098 21:28:21
5.224 164.293 861.463 21:28:22
5.224 150.683 788.780 21:28:23
5.228 150.585 786.341 21:28:24
5.220 164.390 860.000 21:28:25
5.224 150.585 787.317 21:28:26
5.220 164.780 857.561 21:28:27
5.224 148.488 772.683 21:28:28
5.224 170.976 846.341 21:28:29
5.228 147.780 776.098 21:28:30
5.228 148.390 774.634 21:28:31
5.224 148.390 772.195 21:28:32
5.228 148.390 774.634 21:28:33
5.224 162.073 843.902 21:28:34
5.224 147.683 776.098 21:28:35
5.220 161.780 843.902 21:28:36
5.224 148.585 775.122 21:28:37
5.224 148.293 773.659 21:28:38
5.220 161.488 847.317 21:28:39
5.228 147.878 774.634 21:28:40
5.220 163.683 863.415 21:28:41
5.228 150.683 787.805 21:28:42
5.220 165.976 870.244 21:28:43
5.228 151.390 780.000 21:28:44
5.160 300.366 1561.463 21:28:45
5.228 148.683 776.098 21:28:46
5.224 148.683 777.073 21:28:47
5.224 163.780 856.098 21:28:48
5.228 150.683 787.805 21:28:49
5.224 164.390 859.024 21:28:50
5.228 150.683 789.756 21:28:51
5.180 307.268 1576.098 21:28:52
5.224 152.878 787.805 21:28:53
5.228 149.878 787.317 21:28:54
5.224 161.488 842.439 21:28:55
5.228 147.683 774.634 21:28:56
5.224 161.780 848.780 21:28:57
5.228 148.683 776.098 21:28:58
5.220 161.976 844.878 21:28:59
5.224 150.390 783.902 21:29:00
5.228 148.488 776.098 21:29:01
5.220 161.488 846.341 21:29:02
5.228 149.976 772.195 21:29:03
5.220 161.585 844.878 21:29:04
5.228 147.683 777.561 21:29:05
5.224 162.585 851.220 21:29:06
5.224 147.976 777.073 21:29:07
5.228 148.293 774.634 21:29:08
5.228 148.488 772.683 21:29:09
5.228 148.293 777.561 21:29:10
5.220 162.390 844.878 21:29:11
5.228 148.390 776.098 21:29:12
5.224 161.878 844.878 21:29:13
5.228 150.780 789.756 21:29:14
5.224 150.878 840.000 21:29:15
5.228 150.976 836.585 21:29:16
5.228 151.098 783.902 21:29:17
5.224 163.976 859.024 21:29:18
5.228 150.585 787.317 21:29:19
5.180 166.683 867.805 21:29:20
5.228 147.976 777.073 21:29:21
5.172 338.268 1704.878 21:29:22
5.228 147.780 777.073 21:29:23
5.228 148.293 776.098 21:29:24
5.220 162.195 843.902 21:29:25
5.228 148.585 775.122 21:29:26
5.216 161.976 848.780 21:29:27
5.228 148.098 776.098 21:29:28
5.220 162.293 848.780 21:29:29
5.228 147.683 773.659 21:29:30
5.228 148.488 774.634 21:29:31
5.224 148.780 777.073 21:29:32
5.228 147.780 776.098 21:29:33
5.220 161.585 843.902 21:29:34
5.228 148.293 771.220 21:29:35
5.172 326.561 1741.463 21:29:36
5.224 148.976 1053.171 21:29:37
5.184 271.780 1135.122 21:29:38
5.228 148.585 777.561 21:29:39
5.224 148.293 775.122 21:29:40
5.220 162.195 843.415 21:29:41
5.224 155.780 814.634 21:29:42
5.220 161.683 843.902 21:29:43
5.224 148.488 774.634 21:29:44
5.144 359.659 1518.537 21:29:46
5.224 150.488 786.341 21:29:47
5.228 150.976 787.805 21:29:48
5.220 164.585 857.561 21:29:49
5.228 150.683 787.805 21:29:50
5.220 163.878 856.585 21:29:51
5.228 150.878 789.756 21:29:52
5.216 164.293 858.537 21:29:53
5.228 148.390 772.683 21:29:54
5.228 148.293 774.634 21:29:55
5.228 158.293 772.683 21:29:56
5.224 147.976 782.439 21:29:57
5.220 162.390 843.902 21:29:58
5.220 173.585 916.585 21:29:59
5.220 164.195 852.683 21:30:00
5.228 269.463 1728.780 21:30:01
5.224 149.878 783.415 21:30:02
5.228 148.585 777.073 21:30:03
5.224 148.293 776.098 21:30:04
5.220 161.780 843.902 21:30:05
5.228 148.293 780.000 21:30:06
5.220 163.073 842.439 21:30:07
5.228 148.195 771.220 21:30:08
5.156 416.756 2123.415 21:30:09
5.212 149.390 778.537 21:30:10
5.228 148.585 774.634 21:30:11
5.220 161.195 843.415 21:30:12
5.228 148.195 779.024 21:30:13
5.224 161.780 844.878 21:30:14
5.224 147.878 775.122 21:30:15
5.144 385.268 2007.805 21:30:16
5.228 148.488 775.122 21:30:17
5.228 148.098 776.098 21:30:18
5.228 148.488 777.561 21:30:19
5.228 148.390 770.244 21:30:20
5.224 162.293 844.878 21:30:21
5.228 148.390 772.195 21:30:22
5.220 162.073 844.878 21:30:23
5.228 148.585 781.463 21:30:24
5.228 148.390 774.634 21:30:25
5.228 148.098 786.341 21:30:26
5.228 149.098 779.024 21:30:27
5.220 163.390 854.146 21:30:28
5.224 152.683 792.195 21:30:29
5.224 163.683 853.659 21:30:30
5.228 147.585 776.098 21:30:31
5.176 300.683 1719.024 21:30:32
5.228 147.878 776.098 21:30:33
5.228 147.878 776.098 21:30:34
5.224 164.195 855.122 21:30:35
5.224 150.683 787.317 21:30:36
5.220 165.585 868.780 21:30:37
5.228 150.683 787.317 21:30:38
5.172 230.976 1162.927 21:30:39
5.228 148.390 774.634 21:30:40
5.228 148.390 775.122 21:30:41
5.220 160.976 841.463 21:30:42
5.224 148.390 775.122 21:30:43
5.224 162.390 843.902 21:30:44
5.228 152.683 772.683 21:30:45
5.224 162.390 850.244 21:30:46
5.224 148.488 777.073 21:30:47
5.228 147.488 774.634 21:30:48
5.220 161.293 842.439 21:30:49
5.228 147.976 777.561 21:30:50
5.224 161.780 850.244 21:30:51
5.228 148.585 777.073 21:30:52
5.224 162.195 846.341 21:30:53
5.228 148.488 776.098 21:30:54
5.228 147.585 776.098 21:30:55
5.228 148.585 772.195 21:30:56
5.228 148.195 774.634 21:30:57
5.224 161.683 843.902 21:30:58
5.228 148.585 777.561 21:30:59
5.220 164.585 856.098 21:31:00
5.228 148.683 777.561 21:31:01
5.212 204.780 1088.780 21:31:02
5.224 148.878 776.098 21:31:03
5.228 148.976 780.976 21:31:04
5.224 161.878 844.878 21:31:05
5.228 148.293 772.683 21:31:06
5.224 162.195 843.415 21:31:07
5.224 150.683 787.317 21:31:08
5.200 259.171 829.756 21:31:09
5.228 148.390 775.122 21:31:10
5.224 148.293 805.854 21:31:11
5.228 148.976 777.561 21:31:12
5.228 148.585 772.683 21:31:13
5.220 161.488 848.780 21:31:14
5.228 147.976 772.683 21:31:15
5.224 161.878 848.780 21:31:16
5.228 153.585 772.683 21:31:17
5.228 148.293 786.341 21:31:18
5.220 157.683 778.537 21:31:19
5.228 148.780 820.976 21:31:20
5.220 173.073 843.902 21:31:21
5.228 148.488 775.122 21:31:22
5.196 267.366 1460.000 21:31:23
5.224 147.878 774.634 21:31:24
5.228 207.390 1079.024 21:31:25
5.228 148.488 776.098 21:31:26
5.224 150.683 787.317 21:31:27
5.220 164.293 852.683 21:31:28
5.224 150.878 787.805 21:31:29
5.220 164.293 857.561 21:31:30
5.228 148.488 775.122 21:31:31
5.172 331.659 1714.146 21:31:32
5.224 149.195 776.098 21:31:33
5.228 147.585 775.122 21:31:34
5.224 161.293 842.439 21:31:35
5.228 148.488 777.561 21:31:36
5.224 161.683 846.341 21:31:37
5.228 148.488 771.220 21:31:38
5.220 162.488 843.902 21:31:39
5.228 151.683 794.634 21:31:40
5.232 150.098 787.317 21:31:41
5.224 150.976 787.805 21:31:42
5.228 149.976 787.317 21:31:43
5.220 163.878 856.098 21:31:44
5.224 150.585 787.317 21:31:45
5.148 323.780 1692.683 21:31:46
5.228 147.098 780.976 21:31:47
5.228 209.585 1309.268 21:31:48
5.216 148.683 777.073 21:31:49
5.228 148.683 777.561 21:31:50
5.220 186.293 969.268 21:31:51
5.228 148.390 777.073 21:31:52
5.216 210.390 849.756 21:31:53
5.228 148.293 780.976 21:31:55
5.228 148.390 776.098 21:31:56
5.224 147.780 772.195 21:31:57
5.228 148.195 774.634 21:31:58
5.224 161.488 843.415 21:31:59
5.228 148.488 776.098 21:32:00
5.216 164.390 856.098 21:32:01
5.228 148.488 775.122 21:32:02
5.200 201.585 1256.585 21:32:03
5.228 150.293 789.756 21:32:04
5.224 149.976 791.220 21:32:05
5.220 164.073 856.585 21:32:06
5.228 151.488 790.244 21:32:07
5.224 164.293 860.000 21:32:08
5.224 148.488 771.220 21:32:09
5.180 341.561 1580.976 21:32:10
5.228 148.488 772.683 21:32:11
5.224 147.683 776.098 21:32:12
5.220 162.293 843.415 21:32:13
5.228 148.780 776.098 21:32:14
5.224 162.488 843.902 21:32:15
5.228 148.488 778.537 21:32:16
5.224 162.073 853.659 21:32:17
5.228 148.488 774.634 21:32:18
5.224 148.488 776.098 21:32:19
5.228 148.683 776.098 21:32:20
5.224 148.390 772.683 21:32:21
5.224 161.293 843.902 21:32:22
5.228 156.976 775.122 21:32:23
5.220 164.683 879.024 21:32:24
5.224 150.780 788.780 21:32:25
5.152 339.878 2014.146 21:32:26
5.228 150.780 787.805 21:32:27
5.228 150.683 883.902 21:32:28
5.220 163.878 859.024 21:32:29
5.224 151.098 786.341 21:32:30
5.220 164.195 856.098 21:32:31
5.228 150.683 787.805 21:32:32
5.224 189.878 849.756 21:32:33
5.228 148.293 775.122 21:32:34
5.228 148.585 776.098 21:32:35
5.228 147.878 776.098 21:32:36
5.228 148.683 775.122 21:32:37
5.220 161.683 843.415 21:32:38
5.228 148.390 772.683 21:32:39
5.220 163.585 858.537 21:32:40
5.228 148.488 775.122 21:32:41
5.192 310.659 1405.854 21:32:42
5.224 148.488 777.561 21:32:43
5.224 147.098 773.659 21:32:44
5.220 164.780 856.098 21:32:45
5.224 150.780 789.756 21:32:46
5.220 164.683 860.000 21:32:47
5.224 150.976 787.805 21:32:48
5.176 297.366 1733.659 21:32:49
5.228 149.488 781.463 21:32:50
5.228 148.293 772.195 21:32:51
5.224 161.390 843.415 21:32:52
5.228 148.390 777.561 21:32:53
5.224 162.488 843.415 21:32:54
5.228 148.488 771.220 21:32:55
5.220 162.390 847.805 21:32:56
5.228 148.683 777.561 21:32:57
5.228 148.780 777.073 21:32:58
5.224 148.098 777.561 21:32:59
5.228 148.390 776.098 21:33:00
5.224 161.683 844.878 21:33:01
5.228 147.683 777.561 21:33:02
5.196 249.488 1318.537 21:33:03
5.228 180.585 777.073 21:33:04
5.208 268.463 1397.073 21:33:05
5.224 148.976 777.073 21:33:06
5.228 153.488 776.098 21:33:07
5.224 165.488 844.878 21:33:08
5.228 149.293 831.220 21:33:09
5.220 162.488 843.902 21:33:10
5.228 148.390 772.195 21:33:11
5.224 163.488 848.780 21:33:12
5.224 148.488 777.073 21:33:13
5.228 148.390 772.195 21:33:14
5.224 147.878 777.073 21:33:15
5.228 148.683 780.976 21:33:16
5.224 161.390 843.415 21:33:17
5.224 148.488 778.537 21:33:18
5.172 329.976 1603.415 21:33:19
5.204 196.780 934.146 21:33:20
5.196 242.683 1092.683 21:33:21
5.228 150.878 788.780 21:33:22
5.224 150.878 783.415 21:33:23
5.224 161.683 868.780 21:33:24
5.228 148.585 772.195 21:33:25
5.220 161.878 924.878 21:33:26
5.228 148.488 775.122 21:33:27
5.144 398.463 1733.659 21:33:28
5.228 147.683 777.561 21:33:29
5.228 148.488 775.122 21:33:30
5.228 147.976 773.659 21:33:31
5.228 163.780 776.098 21:33:32
5.224 171.390 844.878 21:33:33
5.224 148.780 776.098 21:33:34
5.220 161.878 846.341 21:33:35
5.228 149.683 773.659 21:33:36
5.224 148.195 774.634 21:33:37
5.228 148.098 772.683 21:33:38
5.228 148.585 774.634 21:33:39
5.224 161.683 844.878 21:33:40
5.224 148.683 776.098 21:33:41
5.220 176.976 856.098 21:33:42
5.224 149.098 776.098 21:33:43
5.156 357.878 1858.049 21:33:44
5.224 148.683 776.098 21:33:45
5.228 148.390 771.220 21:33:46
5.220 166.878 866.341 21:33:47
5.224 150.780 787.805 21:33:48
5.220 166.195 931.707 21:33:49
5.228 150.780 788.780 21:33:50
5.192 253.683 1326.829 21:33:51
5.224 150.390 789.756 21:33:52
5.228 148.488 775.122 21:33:53
5.220 162.293 843.902 21:33:54
5.228 148.585 815.122 21:33:55
5.224 177.488 844.878 21:33:56
5.228 154.585 773.659 21:33:57
5.136 329.878 1295.610 21:33:58
5.228 148.976 775.122 21:34:00
5.208 202.878 1079.024 21:34:01
5.228 148.976 777.561 21:34:02
5.228 149.098 774.634 21:34:03
5.220 161.683 843.415 21:34:04
5.228 148.390 777.561 21:34:05
5.224 161.878 1652.195 21:34:06
5.228 148.488 774.634 21:34:07
5.228 147.878 774.634 21:34:08
5.224 149.488 776.098 21:34:09
5.228 147.683 775.122 21:34:10
5.224 161.585 843.902 21:34:11
5.228 147.683 776.098 21:34:12
5.220 164.390 855.122 21:34:13
5.228 148.293 772.683 21:34:14
5.208 201.585 1422.439 21:34:15
5.224 148.585 776.098 21:34:16
5.228 147.585 772.683 21:34:17
5.224 162.073 843.415 21:34:18
5.228 148.488 776.098 21:34:19
5.224 162.073 844.878 21:34:20
5.224 147.585 777.073 21:34:21
5.148 379.268 1921.951 21:34:22
5.224 148.878 776.098 21:34:23
5.228 148.780 776.098 21:34:24
5.224 164.195 860.000 21:34:25
5.224 150.488 787.317 21:34:26
5.220 164.780 856.098 21:34:27
5.224 150.780 787.317 21:34:28
5.220 164.293 865.366 21:34:29
5.228 148.585 776.098 21:34:30
5.228 148.293 775.122 21:34:31
5.224 148.488 777.073 21:34:32
5.228 148.488 774.634 21:34:33
5.224 161.390 844.878 21:34:34
5.228 148.390 775.122 21:34:35
5.224 163.293 856.585 21:34:36
5.228 148.683 775.122 21:34:37
5.156 424.756 2074.146 21:34:38
5.224 148.585 777.073 21:34:39
5.228 147.585 775.122 21:34:40
5.220 162.073 846.341 21:34:41
5.228 153.976 774.634 21:34:42
5.224 163.390 840.976 21:34:43
5.228 147.976 777.561 21:34:44
5.224 162.976 853.659 21:34:45
5.228 150.878 787.805 21:34:46
5.224 150.976 787.805 21:34:47
5.224 163.976 856.098 21:34:48
5.224 150.585 789.756 21:34:49
5.220 162.488 847.317 21:34:50
5.228 148.390 776.098 21:34:51
5.224 161.780 847.805 21:34:52
5.228 150.683 788.780 21:34:53
5.228 150.683 787.317 21:34:54
5.224 151.098 787.805 21:34:55
5.228 150.585 786.341 21:34:56
5.224 164.195 856.585 21:34:57
5.228 151.293 789.756 21:34:58
5.220 167.073 871.220 21:34:59
5.220 148.390 781.463 21:35:00
5.192 273.585 1580.000 21:35:01
5.228 148.780 780.000 21:35:02
5.228 147.780 776.098 21:35:03
5.224 161.488 844.878 21:35:04
5.224 147.585 776.098 21:35:05
5.224 161.878 870.244 21:35:06
5.228 150.976 787.805 21:35:07
5.220 164.780 863.902 21:35:08
5.224 151.098 787.805 21:35:09
5.224 150.683 787.805 21:35:10
5.224 150.098 787.805 21:35:11
5.224 150.683 787.805 21:35:12
5.224 163.780 855.122 21:35:13
5.224 148.293 776.098 21:35:14
5.160 248.878 1348.293 21:35:15
5.228 148.488 777.561 21:35:16
5.228 201.293 1073.171 21:35:17
5.228 147.780 777.073 21:35:18
5.224 147.585 775.122 21:35:19
5.212 197.293 1016.585 21:35:20
5.228 157.585 774.634 21:35:21
5.220 161.976 847.317 21:35:22
5.232 148.390 793.659 21:35:23
5.168 496.561 2500.976 21:35:24
5.228 148.488 776.098 21:35:25
5.228 150.195 787.805 21:35:26
5.220 163.878 854.146 21:35:27
5.224 149.878 787.317 21:35:28
5.220 164.195 856.098 21:35:29
5.224 150.780 787.317 21:35:30
5.224 164.488 862.439 21:35:31
5.224 148.098 776.098 21:35:32
5.228 148.683 780.976 21:35:33
5.228 148.390 777.561 21:35:34
5.224 148.488 776.098 21:35:35
5.224 161.488 847.317 21:35:36
5.228 147.780 775.122 21:35:37
5.216 164.585 859.024 21:35:38
5.228 148.683 776.098 21:35:39
5.188 262.171 1335.610 21:35:40
5.228 148.683 777.561 21:35:41
5.228 148.585 773.659 21:35:42
5.224 161.878 843.902 21:35:43
5.228 147.878 776.098 21:35:44
5.224 161.585 844.878 21:35:45
5.228 148.488 777.073 21:35:46
5.152 246.878 1368.293 21:35:47
5.228 148.585 777.561 21:35:48
5.228 148.390 775.122 21:35:49
5.228 147.976 775.122 21:35:50
5.228 148.293 771.220 21:35:51
5.220 162.488 848.780 21:35:52
5.228 147.585 776.098 21:35:53
5.220 162.390 847.317 21:35:54
5.220 183.073 968.780 21:35:55
5.224 148.390 775.122 21:35:56
5.224 148.390 777.073 21:35:57
5.228 148.390 776.098 21:35:58
5.220 162.195 844.878 21:35:59
5.228 148.683 1717.561 21:36:00
5.220 162.195 844.878 21:36:01
5.228 147.683 772.683 21:36:02
5.168 329.463 1801.463 21:36:04
5.224 148.780 776.098 21:36:05
5.228 147.683 823.902 21:36:06
5.228 148.878 772.195 21:36:07
5.228 147.683 776.098 21:36:08
5.224 161.293 848.780 21:36:09
5.228 148.488 772.683 21:36:10
5.220 162.488 843.415 21:36:11
5.228 148.976 772.683 21:36:12
5.228 148.390 771.220 21:36:13
5.228 147.878 776.098 21:36:14
5.228 148.293 774.634 21:36:15
5.220 161.390 843.415 21:36:16
5.228 148.780 772.683 21:36:17
5.220 161.780 853.659 21:36:18
5.224 150.683 787.805 21:36:19
5.128 489.756 2570.244 21:36:20
5.228 151.098 787.805 21:36:21
5.228 148.195 774.634 21:36:22
5.224 148.683 778.537 21:36:23
5.228 147.488 774.634 21:36:24
5.224 160.976 841.463 21:36:25
5.224 147.780 772.195 21:36:26
5.220 161.976 845.366 21:36:27
5.228 148.488 776.098 21:36:28
5.228 148.488 776.098 21:36:29
5.228 201.293 854.146 21:36:30
5.228 148.390 774.634 21:36:31
5.220 164.293 859.024 21:36:32
5.224 150.683 783.415 21:36:33
5.220 166.976 867.805 21:36:34
5.224 150.098 783.415 21:36:35
5.176 318.073 2093.171 21:36:36
5.224 150.585 787.317 21:36:37
5.228 150.878 788.780 21:36:38
5.220 163.878 855.122 21:36:39
5.228 148.293 774.634 21:36:40
5.220 161.585 843.902 21:36:41
5.228 148.488 776.098 21:36:42
5.220 162.488 845.366 21:36:43
5.224 147.976 772.195 21:36:44
5.228 147.195 776.098 21:36:45
5.224 147.780 777.073 21:36:46
5.228 147.683 772.683 21:36:47
5.220 161.390 847.805 21:36:48
5.224 148.293 777.073 21:36:49
5.152 250.268 1300.488 21:36:50
5.228 147.585 771.220 21:36:51
5.216 205.878 1071.707 21:36:52
5.228 150.976 788.780 21:36:53
5.224 150.683 787.805 21:36:54
5.220 163.683 858.537 21:36:55
5.228 151.098 787.317 21:36:56
5.220 163.976 856.585 21:36:57
5.228 150.780 787.805 21:36:58
5.144 481.854 1740.488 21:36:59
5.228 279.171 785.854 21:37:00
5.224 148.488 772.683 21:37:01
5.228 148.293 777.073 21:37:02
5.228 148.293 776.098 21:37:03
5.224 162.780 846.341 21:37:04
5.228 148.293 773.659 21:37:05
5.220 162.488 847.805 21:37:06
5.228 148.585 777.561 21:37:07
5.228 148.488 775.122 21:37:08
5.220 161.683 843.415 21:37:09
5.228 148.293 772.683 21:37:10
5.220 162.195 847.805 21:37:11
5.224 148.683 776.098 21:37:12
5.196 250.488 1206.829 21:37:13
5.224 148.488 775.122 21:37:14
5.196 279.171 1447.317 21:37:15
5.224 147.878 772.683 21:37:16
5.224 148.780 775.122 21:37:17
5.220 162.293 844.878 21:37:18
5.224 148.878 776.098 21:37:19
5.224 163.585 852.683 21:37:20
5.228 148.390 776.098 21:37:21
5.180 294.268 1579.512 21:37:22
5.228 148.683 776.098 21:37:23
5.228 148.293 773.659 21:37:24
5.224 161.585 842.439 21:37:25
5.228 148.195 776.098 21:37:26
5.220 161.878 878.537 21:37:27
5.228 148.683 777.073 21:37:28
5.224 161.976 846.341 21:37:29
5.228 148.390 777.561 21:37:30
5.228 148.390 772.195 21:37:31
5.220 184.585 961.463 21:37:32
5.228 148.390 776.098 21:37:33
5.224 162.195 843.902 21:37:34
5.228 148.488 776.098 21:37:35
5.224 164.195 851.220 21:37:36
5.224 150.293 786.341 21:37:37
5.168 347.756 1720.000 21:37:38
5.228 150.683 839.024 21:37:39
5.228 150.683 787.805 21:37:40
5.224 163.878 856.098 21:37:41
5.228 147.878 772.683 21:37:42
5.224 162.073 847.805 21:37:43
5.228 147.195 776.098 21:37:44
5.220 162.195 849.756 21:37:45
5.228 148.293 776.098 21:37:46
5.228 148.390 776.098 21:37:47
5.220 164.195 860.000 21:37:48
5.228 150.683 787.805 21:37:49
5.224 164.390 858.537 21:37:50
5.228 150.683 783.902 21:37:51
5.188 252.073 1314.634 21:37:52
5.224 150.683 786.341 21:37:53
5.228 152.780 797.073 21:37:54
5.224 147.976 780.000 21:37:55
5.228 148.488 776.098 21:37:56
5.220 161.585 843.415 21:37:57
5.228 148.488 775.122 21:37:58
5.224 163.878 852.195 21:37:59
5.224 149.976 784.878 21:38:00
5.168 449.756 2412.683 21:38:01
5.212 179.976 961.463 21:38:02
5.228 149.585 781.463 21:38:03
5.224 161.390 843.415 21:38:04
5.228 147.683 772.195 21:38:05
5.220 161.293 842.439 21:38:06
5.224 147.780 776.098 21:38:07
5.224 161.780 846.341 21:38:08
5.228 148.488 776.098 21:38:09
5.224 148.293 771.220 21:38:10
5.228 148.585 777.561 21:38:11
5.228 148.780 769.756 21:38:12
5.228 162.293 843.902 21:38:13
5.228 147.878 776.098 21:38:14
5.220 161.488 844.878 21:38:15
5.228 148.585 772.195 21:38:16
5.228 147.683 772.683 21:38:17
5.216 162.195 844.878 21:38:18
5.228 148.683 774.634 21:38:19
5.220 161.878 844.878 21:38:20
5.228 148.293 775.122 21:38:21
5.160 247.878 1285.366 21:38:22
5.228 147.878 775.122 21:38:23
5.200 202.878 1053.171 21:38:24
5.228 148.488 777.073 21:38:25
5.228 148.390 776.098 21:38:26
5.220 161.488 843.415 21:38:28
5.228 147.683 775.122 21:38:29
5.220 162.976 922.927 21:38:30
5.228 148.780 775.122 21:38:31
5.176 300.561 1533.171 21:38:32
5.228 148.488 777.073 21:38:33
5.224 148.585 777.073 21:38:34
5.220 161.390 843.415 21:38:35
5.228 150.585 787.805 21:38:36
5.220 166.293 873.659 21:38:37
5.228 150.780 787.805 21:38:38
5.176 306.268 1580.976 21:38:39
5.224 150.293 787.805 21:38:40
5.224 150.098 787.805 21:38:41
5.224 161.488 846.341 21:38:42
5.228 148.976 775.122 21:38:43
5.224 161.390 847.805 21:38:44
5.228 148.488 777.561 21:38:45
5.220 161.878 847.805 21:38:46
5.228 148.488 782.439 21:38:47
5.228 148.293 771.220 21:38:48
5.224 161.585 842.439 21:38:49
5.224 148.293 772.683 21:38:50
5.220 170.488 890.244 21:38:51
5.228 148.390 775.122 21:38:52
5.220 162.878 850.244 21:38:53
5.224 148.780 777.561 21:38:54
5.228 148.976 778.537 21:38:55
5.224 181.488 784.878 21:38:56
5.228 148.585 774.634 21:38:57
5.220 160.878 847.805 21:38:58
5.228 148.585 776.098 21:38:59
5.188 435.171 1291.707 21:39:00
5.228 158.488 778.537 21:39:01
5.228 250.488 1104.390 21:39:02
5.228 149.293 792.683 21:39:03
5.228 147.976 776.098 21:39:04
5.220 161.488 843.902 21:39:05
5.228 148.585 776.098 21:39:06
5.168 326.780 1682.439 21:39:07
5.228 183.683 1041.463 21:39:08
5.200 241.268 1060.488 21:39:09
5.228 148.585 772.195 21:39:10
5.228 148.488 777.073 21:39:11
5.220 166.073 846.341 21:39:12
5.224 148.098 774.634 21:39:13
5.220 162.293 847.317 21:39:14
5.228 148.683 777.561 21:39:15
5.176 338.268 1774.146 21:39:16
5.228 148.585 772.683 21:39:17
5.228 150.195 784.878 21:39:18
5.220 161.585 844.878 21:39:19
5.228 148.878 776.098 21:39:20
5.220 161.976 845.366 21:39:21
5.228 148.585 776.098 21:39:22
5.140 439.049 2445.854 21:39:23
5.228 147.195 777.561 21:39:24
5.228 147.976 776.098 21:39:25
5.224 162.195 843.902 21:39:26
5.228 148.878 776.098 21:39:27
5.224 161.488 843.415 21:39:28
5.224 148.585 777.073 21:39:29
5.224 161.585 844.878 21:39:30
5.224 148.780 779.024 21:39:31
5.224 158.293 776.098 21:39:32
5.228 147.976 823.902 21:39:33
5.228 148.293 774.634 21:39:34
5.220 162.195 843.902 21:39:35
5.228 147.293 778.537 21:39:36
5.220 163.488 847.317 21:39:37
5.228 148.683 777.561 21:39:38
5.180 304.561 2092.195 21:39:39
5.224 148.488 776.098 21:39:40
5.228 148.390 771.220 21:39:41
5.220 162.073 842.439 21:39:42
5.228 148.780 772.195 21:39:43
5.224 162.390 844.878 21:39:44
5.228 148.488 774.634 21:39:45
5.140 491.244 2501.463 21:39:46
5.228 148.780 772.683 21:39:47
5.228 147.683 776.098 21:39:48
5.224 162.073 847.317 21:39:49
5.228 147.780 775.122 21:39:50
5.212 206.878 1076.585 21:39:51
5.224 148.390 775.122 21:39:52
5.140 418.366 2159.512 21:39:53
5.228 148.390 777.561 21:39:54
5.224 148.390 771.220 21:39:55
5.224 161.585 842.439 21:39:56
5.224 150.683 784.878 21:39:57
5.224 166.293 870.244 21:39:58
5.228 148.390 776.098 21:39:59
5.196 274.171 1480.000 21:40:00
5.228 148.488 783.415 21:40:01
5.228 148.488 776.098 21:40:02
5.224 161.683 843.415 21:40:03
5.228 148.390 772.195 21:40:04
5.220 162.780 847.805 21:40:05
5.228 148.390 777.073 21:40:06
5.192 311.366 1589.756 21:40:07
5.228 147.878 770.244 21:40:08
5.228 199.171 777.073 21:40:09
5.224 162.195 841.463 21:40:10
5.228 148.390 773.659 21:40:11
5.224 166.488 843.902 21:40:12
5.228 148.488 772.683 21:40:13
5.120 483.146 2418.537 21:40:14
5.228 147.878 776.098 21:40:15
5.228 148.098 776.098 21:40:16
5.224 148.488 776.098 21:40:17
5.228 151.098 775.122 21:40:18
5.220 161.293 843.415 21:40:19
5.228 148.585 823.415 21:40:20
5.220 162.073 843.902 21:40:21
5.228 148.390 776.098 21:40:22
5.228 148.293 775.122 21:40:23
5.216 187.976 980.488 21:40:24
5.228 147.585 771.220 21:40:25
5.220 161.488 843.902 21:40:26
5.228 148.390 774.634 21:40:27
5.220 162.390 845.366 21:40:28
5.228 148.780 772.683 21:40:29
5.180 306.463 2135.610 21:40:30
5.228 147.878 777.073 21:40:31
5.228 147.878 816.585 21:40:32
5.220 161.488 841.463 21:40:33
5.228 148.780 776.098 21:40:34
5.224 164.390 860.000 21:40:35
5.228 150.878 784.878 21:40:36
5.176 307.463 1614.634 21:40:37
5.228 150.878 787.317 21:40:38
5.216 179.780 946.341 21:40:40
5.224 162.073 843.902 21:40:41
5.228 147.780 775.122 21:40:42
5.224 161.293 843.902 21:40:43
5.228 149.488 781.463 21:40:44
5.220 176.878 845.366 21:40:45
5.228 148.488 776.098 21:40:46
5.228 147.585 770.244 21:40:47
5.224 161.683 843.902 21:40:48
5.224 150.098 783.902 21:40:49
5.224 164.293 856.585 21:40:50
5.228 150.683 783.415 21:40:51
5.220 167.780 856.585 21:40:52
5.228 150.780 789.756 21:40:53
5.228 150.683 787.805 21:40:54
5.224 162.195 842.439 21:40:55
5.224 149.585 776.098 21:40:56
5.220 161.683 845.366 21:40:57
5.224 148.293 776.098 21:40:58
5.192 277.585 1290.732 21:40:59
5.228 147.976 776.098 21:41:00
5.228 244.268 1322.927 21:41:01
5.224 148.683 776.098 21:41:02
5.228 148.780 774.634 21:41:03
5.220 161.878 848.780 21:41:04
5.228 148.390 777.073 21:41:05
5.220 162.390 850.244 21:41:06
5.228 147.293 769.756 21:41:07
5.128 481.463 2467.317 21:41:08
5.228 148.976 779.024 21:41:09
5.228 148.390 776.098 21:41:10
5.224 161.780 843.415 21:41:11
5.228 147.585 776.098 21:41:12
5.220 161.683 846.341 21:41:13
5.224 148.390 775.122 21:41:14
5.192 165.585 861.463 21:41:15
5.224 150.878 787.805 21:41:16
5.228 150.585 783.415 21:41:17
5.220 163.878 856.098 21:41:18
5.228 150.683 787.805 21:41:19
5.220 164.780 855.122 21:41:20
5.224 147.976 777.073 21:41:21
5.220 162.390 844.878 21:41:22
5.224 148.488 772.683 21:41:23
5.228 148.488 776.098 21:41:24
5.228 148.780 772.683 21:41:25
5.224 148.390 778.537 21:41:26
5.224 161.293 843.902 21:41:27
5.228 148.488 777.561 21:41:28
5.220 163.976 854.146 21:41:29
5.224 147.878 776.098 21:41:30
5.184 327.878 1586.341 21:41:31
5.228 148.780 776.098 21:41:32
5.224 149.878 774.634 21:41:33
5.224 162.878 846.341 21:41:34
5.224 148.488 776.098 21:41:35
5.224 161.780 844.878 21:41:36
5.228 148.293 775.122 21:41:37
5.168 331.073 1712.683 21:41:38
5.228 148.976 776.098 21:41:39
5.224 149.195 780.000 21:41:40
5.224 162.293 842.439 21:41:41
5.228 148.488 771.220 21:41:42
5.224 161.780 843.902 21:41:43
5.228 147.488 773.659 21:41:44
5.164 341.659 1703.902 21:41:45
5.228 148.585 776.098 21:41:46
5.228 148.293 777.073 21:41:47
5.220 163.780 858.537 21:41:48
5.228 150.098 789.756 21:41:49
5.224 163.780 859.024 21:41:50
5.224 150.488 787.805 21:41:51
5.220 164.390 861.463 21:41:52
5.228 150.976 789.756 21:41:53
5.228 151.098 789.756 21:41:54
5.232 148.683 773.659 21:41:55
5.224 147.683 775.122 21:41:56
5.224 161.488 843.415 21:41:57
5.228 148.488 810.244 21:41:58
5.224 163.390 850.244 21:41:59
5.228 148.293 777.561 21:42:00
5.192 317.878 1634.634 21:42:01
5.228 148.683 773.659 21:42:02
5.228 149.195 780.000 21:42:03
5.224 161.878 845.366 21:42:04
5.228 148.488 776.098 21:42:05
5.220 161.878 847.805 21:42:06
5.228 148.293 772.683 21:42:07
5.168 335.268 1675.122 21:42:08
5.224 150.195 796.098 21:42:09
5.228 150.780 788.780 21:42:10
5.220 164.488 855.122 21:42:11
5.224 150.780 787.805 21:42:12
5.220 164.073 860.976 21:42:13
5.228 148.683 772.683 21:42:14
5.180 303.366 1591.220 21:42:15
5.228 148.390 775.122 21:42:16
5.228 148.390 776.098 21:42:17
5.220 161.585 843.902 21:42:18
5.224 148.195 777.561 21:42:19
5.224 162.390 847.805 21:42:20
5.228 155.195 779.024 21:42:21
5.180 337.366 1599.024 21:42:22
5.228 148.585 775.122 21:42:23
5.224 147.585 776.098 21:42:24
5.224 161.488 846.341 21:42:25
5.228 147.780 775.122 21:42:26
5.224 161.585 843.902 21:42:27
5.224 148.683 772.683 21:42:28
5.224 161.976 846.341 21:42:29
5.228 148.390 772.683 21:42:30
5.228 148.195 772.195 21:42:31
5.228 148.683 778.537 21:42:32
5.228 148.488 776.098 21:42:33
5.224 162.390 880.000 21:42:34
5.224 148.390 773.659 21:42:35
5.220 177.293 1540.976 21:42:36
5.228 148.683 777.073 21:42:37
5.228 148.293 776.098 21:42:38
5.228 148.683 776.098 21:42:39
5.228 148.488 772.195 21:42:40
5.224 161.585 841.463 21:42:41
5.224 148.585 776.098 21:42:42
5.224 163.073 850.244 21:42:43
5.228 148.390 771.220 21:42:44
5.172 329.561 1701.463 21:42:45
5.224 148.683 772.683 21:42:46
5.228 147.585 777.561 21:42:47
5.224 162.195 848.780 21:42:48
5.228 148.488 777.073 21:42:49
5.220 161.488 846.341 21:42:50
5.224 148.293 776.098 21:42:51
5.220 163.585 849.756 21:42:53
5.228 150.390 782.439 21:42:54
5.228 150.780 787.317 21:42:55
5.224 150.780 789.756 21:42:56
5.224 151.195 783.902 21:42:57
5.220 163.488 856.585 21:42:58
5.228 152.683 798.537 21:42:59
5.224 166.293 870.244 21:43:00
5.228 151.195 980.000 21:43:01
5.116 256.683 1275.610 21:43:02
5.224 149.195 774.634 21:43:03
5.224 147.878 776.098 21:43:04
5.224 148.683 802.439 21:43:05
5.228 147.585 776.098 21:43:06
5.220 161.390 846.341 21:43:07
5.224 151.293 787.317 21:43:08
5.192 246.780 1297.073 21:43:09
5.208 150.780 787.805 21:43:10
5.212 152.780 798.537 21:43:11
5.228 152.878 787.805 21:43:12
5.228 150.780 787.805 21:43:13
5.224 161.585 847.805 21:43:14
5.228 148.585 774.634 21:43:15
5.224 162.488 847.805 21:43:16
5.228 148.585 775.122 21:43:17
5.168 330.171 1702.439 21:43:18
5.224 149.293 776.098 21:43:19
5.228 148.195 772.683 21:43:20
5.224 161.488 847.805 21:43:21
5.228 147.488 777.073 21:43:22
5.224 161.780 859.024 21:43:23
5.224 149.878 780.976 21:43:24
5.220 162.585 847.805 21:43:25
5.228 148.585 777.073 21:43:26
5.224 148.585 776.098 21:43:27
5.228 148.098 774.634 21:43:28
5.228 148.195 772.195 21:43:29
5.224 161.195 842.439 21:43:30
5.228 176.683 818.537 21:43:31
5.224 161.683 844.878 21:43:32
5.216 175.195 910.244 21:43:33
5.228 150.098 783.902 21:43:34
5.228 160.195 770.244 21:43:35
5.228 148.195 823.902 21:43:36
5.220 161.390 843.902 21:43:37
5.224 148.488 776.098 21:43:38
5.220 163.878 856.098 21:43:39
5.228 148.390 775.122 21:43:40
5.136 405.561 2121.951 21:43:41
5.228 148.293 775.122 21:43:42
5.228 147.585 776.098 21:43:43
5.220 163.073 844.878 21:43:44
5.228 148.488 774.634 21:43:45
5.224 162.390 1235.610 21:43:46
5.228 147.098 772.683 21:43:47
5.216 161.878 846.341 21:43:48
5.228 148.488 772.195 21:43:49
5.228 148.488 776.098 21:43:50
5.228 148.488 781.463 21:43:51
5.228 148.780 777.561 21:43:52
5.228 161.390 846.341 21:43:53
5.228 148.488 774.634 21:43:54
5.180 323.171 1705.366 21:43:55
5.228 152.098 899.024 21:43:56
5.196 214.390 1383.415 21:43:57
5.228 148.780 777.073 21:43:58
5.228 148.488 772.683 21:43:59
5.220 163.390 852.683 21:44:00
5.228 148.488 776.098 21:44:01
5.220 161.683 844.878 21:44:02
5.228 148.976 841.463 21:44:03
5.148 389.171 1937.561 21:44:04
5.224 156.390 772.683 21:44:05
5.228 148.488 803.902 21:44:06
5.220 160.780 907.805 21:44:07
5.224 148.585 778.537 21:44:08
5.220 162.488 847.317 21:44:09
5.224 148.488 775.122 21:44:10
5.220 164.073 845.366 21:44:11
5.228 148.488 774.634 21:44:12
5.228 148.488 776.098 21:44:13
5.220 162.488 847.805 21:44:14
5.224 147.683 777.561 21:44:15
5.220 161.683 844.878 21:44:16
5.228 147.878 777.073 21:44:17
5.224 182.293 1015.122 21:44:18
5.224 148.683 777.073 21:44:19
5.208 232.780 1209.268 21:44:20
5.228 148.683 777.073 21:44:21
5.228 147.585 777.073 21:44:22
5.224 161.488 843.902 21:44:23
5.224 148.098 775.122 21:44:24
5.220 162.683 843.902 21:44:25
5.228 148.390 777.073 21:44:26
5.220 163.683 846.341 21:44:27
5.228 148.780 772.683 21:44:28
5.224 147.585 776.098 21:44:29
5.216 173.780 855.122 21:44:30
5.224 150.683 787.805 21:44:31
5.220 165.073 858.537 21:44:32
5.228 150.878 789.756 21:44:33
5.224 164.878 856.585 21:44:34
5.228 150.878 788.780 21:44:35
5.228 150.585 786.341 21:44:36
5.224 148.488 779.024 21:44:37
5.228 147.878 775.122 21:44:38
5.224 161.878 847.805 21:44:39
5.228 148.390 777.073 21:44:40
5.220 163.073 856.585 21:44:41
5.228 148.780 777.073 21:44:42
5.228 152.390 797.561 21:44:43
5.224 148.780 776.098 21:44:44
5.228 147.780 776.098 21:44:45
5.220 161.683 847.805 21:44:46
5.228 148.488 772.683 21:44:48
5.152 331.171 1762.927 21:44:49
5.228 184.780 963.902 21:44:50
5.204 255.488 1165.854 21:44:51
5.224 148.585 776.098 21:44:52
5.224 148.683 777.561 21:44:53
5.224 161.585 843.415 21:44:54
5.228 148.098 775.122 21:44:55
5.224 164.195 852.195 21:44:56
5.228 151.098 789.756 21:44:57
5.168 330.171 1959.512 21:44:58
5.224 150.878 789.756 21:44:59
5.228 148.488 776.098 21:45:00
5.220 169.585 874.146 21:45:01
5.224 151.878 801.463 21:45:02
5.220 161.195 842.439 21:45:03
5.228 150.976 788.780 21:45:04
5.168 323.073 1692.195 21:45:05
5.228 150.293 787.805 21:45:06
5.228 150.683 787.805 21:45:07
5.224 165.073 856.098 21:45:08
5.228 151.098 789.756 21:45:09
5.224 166.683 870.244 21:45:10
5.228 148.585 776.098 21:45:11
5.164 337.073 1695.122 21:45:12
5.228 197.683 783.415 21:45:13
5.224 149.976 783.415 21:45:14
5.220 162.390 844.878 21:45:15
5.228 148.488 776.098 21:45:16
5.220 161.976 846.341 21:45:17
5.228 150.098 772.683 21:45:18
5.224 162.683 848.780 21:45:19
5.228 148.585 776.098 21:45:20
5.228 148.293 774.634 21:45:21
5.228 147.780 777.073 21:45:22
5.228 148.780 771.220 21:45:23
5.220 162.293 842.439 21:45:24
5.232 148.390 772.195 21:45:25
5.140 479.244 1845.366 21:45:26
5.224 153.098 777.073 21:45:27
5.224 178.195 927.317 21:45:28
5.228 148.976 772.683 21:45:29
5.228 147.780 777.073 21:45:30
5.224 161.488 843.902 21:45:31
5.228 148.293 777.561 21:45:32
5.224 163.488 856.098 21:45:33
5.228 148.390 776.098 21:45:34
5.144 408.463 2099.024 21:45:35
5.224 147.878 779.024 21:45:36
5.224 147.683 776.098 21:45:37
5.220 161.780 843.902 21:45:38
5.228 148.390 774.634 21:45:39
5.224 162.488 845.366 21:45:40
5.228 148.390 777.561 21:45:41
5.224 161.976 845.366 21:45:42
5.228 148.488 777.073 21:45:43
5.228 147.683 777.073 21:45:44
5.228 148.683 773.659 21:45:45
5.224 148.488 775.122 21:45:46
5.220 162.293 847.317 21:45:47
5.228 147.195 774.634 21:45:48
5.220 162.683 853.659 21:45:49
5.228 150.878 787.805 21:45:50
5.224 150.683 787.805 21:45:51
5.224 148.585 777.073 21:45:52
5.228 148.585 776.098 21:45:53
5.224 162.073 843.902 21:45:54
5.228 148.683 777.073 21:45:55
5.192 402.268 1297.073 21:45:56
5.228 147.683 772.683 21:45:57
5.224 206.268 1482.439 21:45:58
5.228 148.585 777.561 21:45:59
5.228 148.488 778.537 21:46:00
5.220 166.073 863.902 21:46:01
5.224 150.878 795.122 21:46:02
5.220 165.073 857.561 21:46:03
5.228 151.976 790.244 21:46:04
5.136 418.854 2172.195 21:46:05
5.224 150.976 785.854 21:46:06
5.224 150.878 787.805 21:46:07
5.220 161.585 847.805 21:46:08
5.228 148.293 775.122 21:46:09
5.224 168.390 844.878 21:46:10
5.228 148.488 776.098 21:46:11
5.224 162.073 846.341 21:46:12
5.228 148.585 776.098 21:46:13
5.228 149.098 777.073 21:46:14
5.224 161.488 843.902 21:46:15
5.208 204.171 1070.244 21:46:16
5.220 161.683 846.341 21:46:17
5.228 148.585 776.098 21:46:18
5.220 163.488 852.683 21:46:19
5.224 150.585 785.854 21:46:20
5.176 326.366 1661.463 21:46:21
5.228 150.488 787.805 21:46:22
5.228 150.780 787.805 21:46:23
5.220 164.073 856.585 21:46:24
5.228 151.585 789.756 21:46:25
5.224 165.683 869.756 21:46:26
5.224 149.976 787.317 21:46:27
5.220 162.073 845.366 21:46:28
5.228 149.976 785.854 21:46:29
5.228 149.293 781.463 21:46:30
5.228 148.585 773.659 21:46:31
5.224 147.585 775.122 21:46:32
5.224 164.683 856.098 21:46:33
5.220 158.488 791.220 21:46:34
5.220 166.878 867.805 21:46:35
5.228 150.976 789.756 21:46:36
5.152 363.756 1881.951 21:46:37
5.228 148.878 777.561 21:46:38
5.228 204.780 776.098 21:46:39
5.232 148.195 779.024 21:46:40
5.228 147.878 777.561 21:46:41
5.224 161.780 844.878 21:46:42
5.228 150.488 784.878 21:46:43
5.224 163.683 853.659 21:46:44
5.228 150.195 787.317 21:46:45
5.228 150.390 826.341 21:46:46
5.216 177.780 901.463 21:46:47
5.228 147.390 772.683 21:46:48
5.224 161.780 844.878 21:46:49
5.228 148.780 777.073 21:46:50
5.216 162.073 846.341 21:46:51
5.228 148.780 777.561 21:46:52
5.228 148.780 777.073 21:46:53
5.228 149.195 772.683 21:46:54
5.228 148.585 776.098 21:46:55
5.220 161.878 843.902 21:46:56
5.224 148.390 778.537 21:46:57
5.220 163.878 853.659 21:46:58
5.228 148.293 776.098 21:46:59
5.184 270.976 1389.756 21:47:00
5.228 149.390 776.098 21:47:01
5.228 148.683 777.073 21:47:02
5.220 161.780 843.415 21:47:03
5.228 148.683 777.073 21:47:05
5.220 162.878 844.878 21:47:06
5.228 148.780 781.463 21:47:07
5.224 163.390 1001.463 21:47:08
5.224 148.488 775.122 21:47:09
5.228 148.293 777.073 21:47:10
5.220 148.585 778.537 21:47:11
5.228 148.585 777.561 21:47:12
5.220 162.195 845.366 21:47:13
5.224 148.390 772.683 21:47:14
5.192 357.268 1773.659 21:47:15
5.224 149.390 1002.927 21:47:16
5.188 263.683 1485.854 21:47:17
5.224 150.976 787.805 21:47:18
5.224 159.195 787.805 21:47:19
5.224 164.293 854.146 21:47:20
5.228 150.780 787.805 21:47:21
5.220 164.293 852.683 21:47:22
5.212 172.780 934.146 21:47:23
5.220 162.780 907.317 21:47:24
5.224 147.976 772.195 21:47:25
5.224 149.780 779.024 21:47:26
5.224 149.195 777.561 21:47:27
5.228 148.098 775.122 21:47:28
5.220 164.585 858.537 21:47:29
5.228 150.488 783.902 21:47:30
5.168 253.878 1323.415 21:47:31
5.228 150.976 788.780 21:47:32
5.180 259.463 1545.854 21:47:33
5.228 148.585 777.073 21:47:34
5.228 148.683 776.098 21:47:35
5.220 162.488 843.902 21:47:36
5.228 148.585 776.098 21:47:37
5.220 162.390 843.415 21:47:38
5.224 148.585 778.537 21:47:39
5.196 248.268 853.659 21:47:40
5.228 147.683 776.098 21:47:41
5.228 148.585 777.073 21:47:42
5.224 148.390 777.561 21:47:43
5.228 148.488 776.098 21:47:44
5.224 161.683 843.415 21:47:45
5.228 148.488 777.073 21:47:46
5.192 250.171 1303.415 21:47:47
5.224 148.488 1048.780 21:47:48
5.192 224.976 1058.049 21:47:49
5.228 148.780 778.537 21:47:50
5.228 148.488 772.195 21:47:51
5.224 162.390 843.902 21:47:52
5.228 147.683 777.073 21:47:53
5.224 162.390 851.220 21:47:54
5.224 148.585 777.561 21:47:55
5.180 289.366 1637.073 21:47:56
5.228 148.585 774.634 21:47:57
5.228 147.585 776.098 21:47:58
5.228 148.780 778.537 21:47:59
5.224 150.098 783.415 21:48:00
5.224 195.293 844.878 21:48:01
5.224 149.098 777.073 21:48:02
5.220 162.293 847.805 21:48:03
5.228 148.878 777.561 21:48:04
5.228 148.878 772.195 21:48:05
5.228 148.390 773.659 21:48:06
5.228 149.195 775.122 21:48:07
5.224 162.195 844.878 21:48:08
5.228 148.585 777.561 21:48:09
5.212 163.390 852.683 21:48:10
5.228 159.780 776.098 21:48:11
5.164 303.878 1554.634 21:48:12
5.220 151.195 788.780 21:48:13
5.228 147.976 777.561 21:48:14
5.224 161.390 842.439 21:48:15
5.228 148.195 776.098 21:48:16
5.220 161.683 847.317 21:48:17
5.228 148.683 772.683 21:48:18
5.220 162.390 850.244 21:48:19
5.228 147.780 780.000 21:48:20
5.228 148.098 775.122 21:48:21
5.228 148.098 775.122 21:48:22
5.228 147.976 777.561 21:48:23
5.220 161.780 847.805 21:48:24
5.224 148.488 772.195 21:48:25
5.220 163.488 852.683 21:48:26
5.228 148.683 776.098 21:48:27
5.228 148.390 772.683 21:48:28
5.228 148.488 776.098 21:48:29
5.228 147.878 773.659 21:48:30
5.224 161.878 843.415 21:48:31
5.228 148.585 776.098 21:48:32
5.224 163.683 856.098 21:48:33
5.228 147.976 777.561 21:48:34
5.176 415.366 2317.561 21:48:35
5.228 149.195 780.000 21:48:36
5.224 148.390 776.098 21:48:37
5.224 160.878 847.805 21:48:38
5.228 147.976 771.220 21:48:39
5.224 161.976 845.366 21:48:40
5.224 148.585 776.098 21:48:41
5.224 162.073 844.878 21:48:42
5.224 148.780 776.098 21:48:43
5.224 148.390 777.561 21:48:44
5.228 149.098 775.122 21:48:45
5.224 147.683 780.976 21:48:46
5.224 162.195 843.902 21:48:47
5.228 148.488 777.073 21:48:48
5.220 163.390 852.683 21:48:49
5.228 148.585 777.073 21:48:50
5.188 266.171 1433.171 21:48:51
5.228 148.585 777.073 21:48:52
5.224 148.585 775.122 21:48:53
5.220 162.073 844.878 21:48:54
5.224 148.195 775.122 21:48:55
5.228 161.780 844.878 21:48:56
5.228 148.683 774.634 21:48:57
5.176 301.780 1564.878 21:48:58
5.224 148.488 778.537 21:48:59
5.212 208.268 1401.951 21:49:00
5.220 163.293 841.463 21:49:01
5.228 148.293 776.098 21:49:02
5.224 161.585 849.756 21:49:03
5.228 147.878 777.561 21:49:04
5.220 162.390 847.805 21:49:06
5.228 147.976 776.098 21:49:07
5.228 148.585 779.024 21:49:08
5.224 147.780 776.098 21:49:09
5.224 148.488 776.098 21:49:10
5.220 161.683 843.902 21:49:11
5.228 148.293 777.073 21:49:12
5.144 397.951 1702.439 21:49:13
5.228 148.390 776.098 21:49:14
5.188 207.488 1354.634 21:49:15
5.228 148.585 772.683 21:49:16
5.224 148.390 777.561 21:49:17
5.224 161.585 843.415 21:49:18
5.228 148.976 776.098 21:49:19
5.220 161.683 846.341 21:49:20
5.228 148.488 777.561 21:49:21
5.140 416.756 2510.244 21:49:22
5.228 148.585 777.073 21:49:23
5.224 147.878 774.634 21:49:24
5.216 164.073 856.585 21:49:25
5.228 150.195 792.195 21:49:26
5.220 161.585 843.902 21:49:27
5.224 147.878 775.122 21:49:28
5.220 162.293 844.878 21:49:29
5.228 148.488 776.098 21:49:30
5.228 148.293 771.220 21:49:31
5.224 162.073 849.756 21:49:32
5.228 147.683 776.098 21:49:33
5.224 162.488 844.878 21:49:34
5.224 150.780 789.756 21:49:35
5.220 165.293 859.024 21:49:36
5.224 190.488 789.756 21:49:37
5.228 150.780 787.805 21:49:38
5.228 150.976 787.805 21:49:39
5.228 148.488 777.073 21:49:40
5.224 161.976 848.780 21:49:41
5.228 150.878 790.244 21:49:42
5.216 166.683 868.780 21:49:43
5.224 150.878 787.805 21:49:44
5.184 274.171 1742.439 21:49:45
5.224 151.293 837.561 21:49:46
5.228 150.780 790.244 21:49:47
5.224 164.195 853.659 21:49:48
5.228 148.585 777.073 21:49:49
5.220 161.293 844.878 21:49:50
5.228 148.488 776.098 21:49:51
5.220 162.195 852.683 21:49:52
5.228 148.488 773.659 21:49:53
5.224 148.780 776.098 21:49:54
5.228 148.488 777.561 21:49:55
5.228 148.293 776.098 21:49:56
5.224 161.390 848.780 21:49:57
5.224 148.293 780.000 21:49:58
5.172 246.171 1292.195 21:49:59
5.160 148.683 777.073 21:50:00
5.204 212.073 1040.488 21:50:01
5.228 149.585 777.073 21:50:02
5.228 148.488 772.683 21:50:03
5.220 161.488 843.415 21:50:04
5.224 148.488 777.073 21:50:05
5.224 162.585 844.878 21:50:06
5.228 148.780 777.073 21:50:07
5.224 156.585 822.439 21:50:08
5.224 148.683 778.537 21:50:09
5.228 148.390 778.537 21:50:10
5.220 162.073 844.878 21:50:11
5.228 148.488 777.561 21:50:12
5.224 161.780 841.463 21:50:13
5.228 148.098 777.073 21:50:14
5.188 281.976 1460.976 21:50:15
5.224 148.585 966.341 21:50:16
5.208 206.976 1068.780 21:50:17
5.220 162.073 846.341 21:50:18
5.228 148.488 774.634 21:50:19
5.220 164.683 861.463 21:50:20
5.228 150.976 789.756 21:50:21
5.216 166.293 868.780 21:50:22
5.228 150.780 787.805 21:50:23
5.228 152.683 798.537 21:50:24
5.224 151.098 788.780 21:50:25
5.228 149.585 782.439 21:50:26
5.220 161.585 839.024 21:50:27
5.228 148.390 777.073 21:50:28
5.220 186.683 846.341 21:50:29
5.224 149.098 776.098 21:50:30
5.140 409.854 2200.976 21:50:31
5.228 147.976 807.805 21:50:32
5.228 148.488 772.683 21:50:33
5.220 162.073 844.878 21:50:34
5.228 148.195 777.561 21:50:35
5.220 161.878 841.463 21:50:36
5.228 147.780 772.683 21:50:37
5.220 163.683 847.317 21:50:38
5.224 148.390 776.098 21:50:39
5.224 148.390 777.561 21:50:40
5.228 150.780 789.756 21:50:41
5.228 150.195 786.341 21:50:42
5.224 163.390 863.902 21:50:43
5.224 152.683 787.805 21:50:44
5.160 327.976 1870.244 21:50:45
5.224 148.488 1081.463 21:50:46
5.204 217.488 1085.366 21:50:47
5.228 148.195 774.634 21:50:48
5.228 148.390 776.098 21:50:49
5.220 161.585 843.415 21:50:50
5.228 148.585 776.098 21:50:51
5.220 161.195 842.439 21:50:52
5.228 148.293 774.634 21:50:53
5.176 404.561 2066.829 21:50:54
5.224 148.976 776.098 21:50:55
5.228 149.195 779.024 21:50:56
5.224 161.488 847.317 21:50:57
5.224 148.878 772.683 21:50:58
5.220 163.195 856.098 21:50:59
5.224 182.683 800.976 21:51:00
5.220 164.585 856.098 21:51:01
5.228 150.683 787.805 21:51:02
5.228 150.780 784.878 21:51:03
5.224 150.293 789.756 21:51:04
5.228 160.780 787.805 21:51:05
5.224 161.293 847.317 21:51:06
5.228 148.488 776.098 21:51:08
5.220 164.073 855.122 21:51:09
5.228 148.976 777.561 21:51:10
5.184 260.878 1598.537 21:51:11
5.228 148.293 774.634 21:51:12
5.228 148.585 772.195 21:51:13
5.220 161.780 842.439 21:51:14
5.228 147.976 773.659 21:51:15
5.220 161.780 845.366 21:51:16
5.228 148.585 777.073 21:51:17
5.192 268.683 851.220 21:51:18
5.224 148.293 777.073 21:51:19
5.224 146.976 776.098 21:51:20
5.224 148.683 777.561 21:51:21
5.228 148.293 774.634 21:51:22
5.220 161.585 843.902 21:51:23
5.228 148.390 772.683 21:51:24
5.220 160.976 844.878 21:51:25
5.228 148.195 776.098 21:51:26
5.228 149.683 785.854 21:51:27
5.224 150.585 789.756 21:51:28
5.228 152.683 793.659 21:51:29
5.224 163.683 856.585 21:51:30
5.228 151.293 787.805 21:51:31
5.216 164.390 856.585 21:51:32
5.224 150.878 784.878 21:51:33
5.180 367.073 1843.902 21:51:34
5.228 149.293 781.463 21:51:35
5.224 149.293 783.415 21:51:36
5.228 149.976 787.805 21:51:37
5.224 150.098 777.073 21:51:38
5.224 162.073 842.439 21:51:39
5.228 148.488 776.098 21:51:40
5.224 162.195 843.415 21:51:41
5.228 147.976 774.634 21:51:42
5.224 148.293 776.098 21:51:43
5.220 161.683 844.878 21:51:44
5.228 148.585 776.098 21:51:45
5.224 161.585 845.366 21:51:46
5.228 149.976 783.415 21:51:47
5.164 354.659 1712.195 21:51:48
5.224 148.390 771.220 21:51:49
5.204 263.366 1129.268 21:51:50
5.228 148.488 774.634 21:51:51
5.232 147.683 774.634 21:51:52
5.224 161.683 847.317 21:51:53
5.228 147.878 773.659 21:51:54
5.220 162.585 846.341 21:51:55
5.228 148.585 774.634 21:51:56
5.168 334.976 1715.122 21:51:57
5.228 148.488 776.098 21:51:58
5.228 147.976 772.683 21:51:59
5.224 161.488 846.341 21:52:00
5.228 147.976 769.756 21:52:01
5.220 163.976 846.341 21:52:02
5.228 148.098 773.659 21:52:03
5.140 468.049 2107.805 21:52:04
5.228 157.073 776.098 21:52:05
5.228 147.780 827.317 21:52:06
5.228 148.098 780.976 21:52:07
5.228 148.683 776.098 21:52:08
5.220 168.683 841.463 21:52:09
5.228 147.976 772.683 21:52:10
5.220 161.878 847.317 21:52:11
5.228 148.195 773.659 21:52:12
5.228 148.683 776.098 21:52:13
5.220 163.390 852.683 21:52:14
5.228 150.585 788.780 21:52:15
5.224 164.195 852.683 21:52:16
5.228 150.293 784.878 21:52:17
5.224 166.780 1049.268 21:52:18
5.228 150.293 787.805 21:52:19
5.196 302.780 1417.073 21:52:20
5.228 148.780 776.098 21:52:21
5.224 148.195 772.195 21:52:22
5.220 162.390 844.878 21:52:23
5.228 148.878 769.756 21:52:24
5.220 162.488 843.902 21:52:25
5.228 148.878 777.073 21:52:26
5.220 163.488 850.244 21:52:27
5.224 148.585 777.073 21:52:28
5.228 148.585 776.098 21:52:29
5.220 162.585 848.780 21:52:30
5.224 148.683 780.000 21:52:31
5.224 161.488 1289.268 21:52:32
5.224 148.488 780.000 21:52:33
5.196 272.268 1316.098 21:52:34
5.228 148.585 777.073 21:52:35
5.208 204.488 916.098 21:52:36
5.228 148.780 777.561 21:52:37
5.228 148.488 774.634 21:52:38
5.224 164.073 856.098 21:52:39
5.228 151.098 787.805 21:52:40
5.220 164.488 856.585 21:52:41
5.228 150.878 788.780 21:52:42
5.144 420.463 2120.488 21:52:43
5.228 148.488 777.073 21:52:44
5.228 148.683 776.098 21:52:45
5.224 161.488 846.341 21:52:46
5.228 148.390 774.634 21:52:47
5.220 162.390 850.244 21:52:48
5.224 148.585 776.098 21:52:49
5.220 162.195 849.756 21:52:50
5.228 148.683 777.073 21:52:51
5.228 149.195 777.073 21:52:52
5.224 161.585 843.415 21:52:53
5.224 148.390 777.073 21:52:54
5.220 161.780 847.317 21:52:55
5.224 148.488 773.659 21:52:56
5.208 253.073 1288.293 21:52:57
5.228 148.780 777.073 21:52:58
5.228 148.488 776.098 21:52:59
5.224 149.780 784.878 21:53:00
5.224 148.293 776.098 21:53:01
5.224 161.585 847.805 21:53:02
5.224 149.390 779.024 21:53:03
5.228 161.585 847.805 21:53:04
5.224 148.683 777.073 21:53:06
5.160 433.463 2185.854 21:53:07
5.228 148.585 779.024 21:53:08
5.228 148.390 776.098 21:53:09
5.212 196.585 1024.390 21:53:10
5.228 148.390 776.098 21:53:11
5.212 162.683 844.878 21:53:12
5.224 148.585 777.073 21:53:13
5.220 165.073 859.024 21:53:14
5.228 150.683 784.878 21:53:15
5.228 150.780 785.854 21:53:16
5.220 164.073 863.415 21:53:17
5.228 150.780 788.780 21:53:18
5.224 162.780 844.878 21:53:19
5.224 148.390 775.122 21:53:20
5.172 313.780 1052.683 21:53:21
5.224 148.098 774.634 21:53:22
5.208 247.073 1042.927 21:53:23
5.224 148.780 777.073 21:53:24
5.228 148.390 776.098 21:53:25
5.224 160.976 843.415 21:53:26
5.228 148.488 776.098 21:53:27
5.224 161.683 849.756 21:53:28
5.224 148.780 775.122 21:53:29
5.220 242.488 855.122 21:53:30
5.224 148.585 776.098 21:53:31
5.228 148.585 776.098 21:53:32
5.228 148.488 777.073 21:53:33
5.228 148.488 773.659 21:53:34
5.224 163.293 852.683 21:53:35
5.224 149.976 783.902 21:53:36
5.224 251.073 1355.610 21:53:37
5.228 150.098 783.415 21:53:38
5.228 148.780 776.098 21:53:39
5.224 148.195 777.073 21:53:40
5.224 147.780 776.098 21:53:41
5.220 162.293 841.463 21:53:42
5.228 157.780 776.098 21:53:43
5.224 161.683 873.659 21:53:44
5.228 148.488 823.902 21:53:45
5.180 347.659 1577.073 21:53:46
5.228 148.878 777.561 21:53:47
5.228 148.390 777.073 21:53:48
5.220 160.976 844.878 21:53:49
5.224 148.488 779.024 21:53:50
5.220 164.390 852.683 21:53:51
5.228 148.585 776.098 21:53:52
5.192 256.683 1396.098 21:53:53
5.228 148.488 776.098 21:53:54
5.228 148.293 774.634 21:53:55
5.224 162.488 847.805 21:53:56
5.224 148.683 776.098 21:53:57
5.220 161.878 846.341 21:53:58
5.228 149.098 777.073 21:53:59
5.180 292.268 1515.122 21:54:00
5.224 150.878 793.659 21:54:01
5.228 151.976 798.537 21:54:02
5.220 164.683 860.000 21:54:03
5.228 150.780 789.756 21:54:04
5.224 164.293 856.585 21:54:05
5.228 150.878 787.805 21:54:06
5.224 162.683 913.659 21:54:07
5.220 171.585 886.341 21:54:08
5.228 148.390 777.561 21:54:09
5.228 148.780 777.561 21:54:10
5.224 148.488 776.098 21:54:11
5.224 161.585 846.341 21:54:12
5.228 151.293 788.780 21:54:13
5.220 164.976 858.537 21:54:14
5.224 153.098 788.780 21:54:15
5.208 220.171 1134.146 21:54:16
5.224 150.780 789.756 21:54:17
5.220 162.073 843.902 21:54:18
5.224 161.390 843.415 21:54:19
5.228 152.780 793.659 21:54:20
5.224 163.780 850.244 21:54:21
