5.216 218.195 848.293 18:00:29
5.196 250.195 1299.268 18:00:30
5.224 160.695 841.951 18:00:31
5.228 148.890 775.610 18:00:32
5.228 149.500 780.732 18:00:33
5.224 377.280 1457.317 18:00:34
5.228 149.195 776.829 18:00:35
5.228 165.098 1161.220 18:00:36
5.228 147.793 772.927 18:00:37
5.228 148.000 772.927 18:00:38
5.220 160.695 841.220 18:00:39
5.224 147.793 772.439 18:00:40
5.224 163.390 856.098 18:00:41
5.228 150.293 781.951 18:00:42
5.220 163.793 857.073 18:00:43
5.212 150.390 781.707 18:00:44
5.228 150.890 785.366 18:00:45
5.228 148.000 772.927 18:00:46
5.224 147.793 773.171 18:00:47
5.224 161.293 840.000 18:00:48
5.228 147.793 770.488 18:00:49
5.192 327.890 1688.049 18:00:50
5.228 147.793 772.927 18:00:51
5.224 147.390 770.488 18:00:52
5.228 147.793 773.171 18:00:53
5.228 148.000 772.927 18:00:54
5.220 161.000 839.268 18:00:55
5.228 148.000 773.659 18:00:56
5.224 161.598 843.171 18:00:57
5.228 147.890 802.927 18:00:58
5.224 162.293 843.659 18:00:59
5.224 148.000 772.927 18:01:00
5.220 148.098 775.366 18:01:01
5.224 165.793 831.220 18:01:02
5.228 149.195 780.488 18:01:03
5.224 163.890 853.659 18:01:04
5.228 149.390 782.927 18:01:05
5.196 247.695 1001.951 18:01:06
5.224 148.293 769.756 18:01:07
5.208 218.098 1151.220 18:01:08
5.228 150.000 768.780 18:01:09
5.228 147.890 773.171 18:01:10
5.220 161.000 842.683 18:01:11
5.228 147.793 772.927 18:01:12
5.228 148.598 771.707 18:01:13
5.228 147.390 773.659 18:01:14
5.188 271.390 1400.244 18:01:15
5.228 148.195 772.927 18:01:16
5.228 147.098 768.780 18:01:17
5.224 161.000 840.000 18:01:18
5.228 147.890 771.220 18:01:19
5.224 165.598 841.951 18:01:20
5.228 148.293 772.927 18:01:21
5.224 162.000 844.878 18:01:22
5.224 148.098 776.341 18:01:23
5.228 148.500 781.707 18:01:24
5.228 148.195 773.171 18:01:25
5.228 148.098 773.171 18:01:26
5.220 161.390 839.268 18:01:27
5.228 147.890 773.171 18:01:28
5.220 161.098 840.732 18:01:29
5.228 148.000 769.756 18:01:30
5.228 147.793 772.927 18:01:31
5.224 161.000 840.000 18:01:32
5.224 147.890 773.171 18:01:33
5.224 161.000 840.488 18:01:34
5.224 148.293 776.829 18:01:35
5.220 162.500 852.683 18:01:36
5.228 147.890 770.000 18:01:37
5.220 162.390 848.293 18:01:39
5.228 148.098 772.927 18:01:40
5.228 147.890 771.220 18:01:41
5.220 161.390 845.610 18:01:42
5.228 147.195 774.878 18:01:43
5.224 161.098 840.732 18:01:44
5.228 148.098 776.341 18:01:45
5.220 161.500 846.098 18:01:46
5.228 148.000 772.927 18:01:47
5.228 147.695 769.756 18:01:48
5.224 148.000 769.756 18:01:49
5.228 147.890 768.537 18:01:50
5.224 147.500 773.659 18:01:51
5.224 147.890 766.585 18:01:52
5.224 152.000 795.610 18:01:53
5.224 148.000 773.659 18:01:54
5.224 147.890 773.171 18:01:55
5.224 161.390 839.268 18:01:56
5.228 148.000 771.951 18:01:57
5.224 147.793 772.439 18:01:58
5.224 148.390 771.951 18:01:59
5.220 158.098 1026.585 18:02:00
5.228 151.390 793.659 18:02:01
5.224 149.098 769.756 18:02:02
5.228 147.695 771.707 18:02:03
5.228 148.695 773.659 18:02:04
5.224 162.293 846.341 18:02:05
5.228 147.098 773.171 18:02:06
5.224 399.598 1295.854 18:02:07
5.228 147.890 773.659 18:02:08
5.232 252.390 1111.220 18:02:09
5.228 148.293 773.171 18:02:10
5.228 147.293 773.659 18:02:11
5.224 161.098 840.000 18:02:12
5.228 147.293 769.756 18:02:13
5.220 161.098 840.488 18:02:14
5.228 148.195 773.171 18:02:15
5.228 148.098 768.780 18:02:16
5.228 148.000 772.927 18:02:17
5.228 147.195 772.927 18:02:18
5.224 160.890 840.488 18:02:19
5.228 147.695 770.488 18:02:20
5.220 161.695 841.707 18:02:21
5.228 147.390 773.659 18:02:22
5.228 147.195 774.390 18:02:23
5.228 148.500 772.927 18:02:24
5.228 148.000 768.780 18:02:25
5.224 161.098 839.268 18:02:26
5.224 148.000 773.171 18:02:27
5.220 160.195 841.951 18:02:28
5.212 188.195 813.171 18:02:29
5.164 270.293 1290.732 18:02:30
5.228 148.000 772.927 18:02:31
5.228 148.390 769.756 18:02:32
5.220 161.000 839.268 18:02:33
5.228 147.793 771.220 18:02:34
5.224 161.195 838.293 18:02:35
5.228 147.390 771.951 18:02:36
5.220 160.195 843.659 18:02:37
5.224 148.098 770.000 18:02:38
5.228 147.793 777.317 18:02:39
5.224 161.098 846.829 18:02:40
5.228 147.890 773.171 18:02:41
5.224 163.500 851.463 18:02:42
5.228 149.598 784.390 18:02:43
5.224 163.695 873.902 18:02:44
5.224 147.500 773.171 18:02:45
5.228 146.890 772.927 18:02:46
5.228 148.598 774.390 18:02:47
5.228 148.000 773.659 18:02:48
5.224 161.695 845.122 18:02:49
5.228 147.890 776.341 18:02:50
5.228 150.293 783.659 18:02:51
5.228 148.195 774.878 18:02:52
5.212 254.890 1327.561 18:02:53
5.228 148.000 771.951 18:02:54
5.228 147.390 776.341 18:02:55
5.228 148.000 771.951 18:02:56
5.224 147.793 771.951 18:02:57
5.224 162.890 843.171 18:02:58
5.228 148.000 771.951 18:02:59
5.168 327.793 1710.000 18:03:00
5.224 148.000 774.390 18:03:01
5.228 150.890 787.317 18:03:02
5.224 164.500 854.878 18:03:03
5.224 150.293 788.049 18:03:04
5.224 161.195 838.293 18:03:05
5.228 147.500 774.878 18:03:06
5.224 161.793 847.073 18:03:07
5.228 149.695 785.610 18:03:08
5.228 150.598 785.366 18:03:09
5.224 160.890 841.707 18:03:10
5.228 147.890 772.439 18:03:11
5.224 161.890 877.561 18:03:12
5.228 148.195 773.171 18:03:13
5.216 162.000 843.659 18:03:14
5.224 148.098 773.659 18:03:15
5.224 147.890 770.488 18:03:16
5.228 148.098 773.659 18:03:17
5.228 147.890 771.707 18:03:18
5.224 161.793 840.732 18:03:19
5.224 147.195 774.390 18:03:20
5.224 161.098 840.732 18:03:21
5.224 150.390 785.610 18:03:22
5.224 149.598 785.610 18:03:23
5.228 150.293 786.829 18:03:24
5.228 148.000 771.707 18:03:25
5.220 161.598 836.829 18:03:26
5.228 147.890 768.780 18:03:27
5.228 149.695 780.732 18:03:28
5.228 147.793 775.366 18:03:29
5.196 249.585 1304.390 18:03:30
5.224 147.500 776.098 18:03:31
5.228 148.098 771.707 18:03:32
5.224 161.695 843.659 18:03:33
5.228 147.500 770.000 18:03:35
5.220 161.890 1504.146 18:03:36
5.228 147.890 827.317 18:03:37
5.224 160.390 843.659 18:03:38
5.228 148.000 770.488 18:03:39
5.228 148.000 772.439 18:03:40
5.228 148.195 770.488 18:03:41
5.228 147.793 773.659 18:03:42
5.220 161.000 840.000 18:03:43
5.228 147.793 768.780 18:03:44
5.224 163.293 940.244 18:03:45
5.228 148.000 773.659 18:03:46
5.224 149.500 782.927 18:03:47
5.228 149.695 786.829 18:03:48
5.228 150.195 781.951 18:03:49
5.220 164.293 852.683 18:03:50
5.224 149.793 783.659 18:03:51
5.220 164.695 860.488 18:03:52
5.224 150.293 785.366 18:03:53
5.192 253.793 1317.561 18:03:54
5.228 148.598 771.220 18:03:55
5.224 147.695 771.707 18:03:56
5.228 148.390 774.390 18:03:57
5.228 148.598 773.659 18:03:58
5.220 161.293 842.439 18:03:59
5.228 149.890 780.488 18:04:00
5.224 161.890 851.463 18:04:01
5.228 148.293 774.390 18:04:02
5.228 148.195 774.146 18:04:03
5.228 148.293 774.878 18:04:04
5.228 148.598 773.171 18:04:05
5.224 161.598 841.707 18:04:06
5.228 148.195 771.220 18:04:07
5.220 161.293 846.098 18:04:08
5.224 149.695 785.366 18:04:09
5.188 275.390 1954.878 18:04:10
5.228 148.695 774.390 18:04:11
5.228 146.793 770.000 18:04:12
5.224 160.890 841.707 18:04:13
5.228 147.500 772.439 18:04:14
5.224 161.000 840.732 18:04:15
5.228 149.793 785.610 18:04:16
5.220 163.598 855.610 18:04:17
5.228 151.000 788.537 18:04:18
5.228 150.500 786.341 18:04:19
5.224 150.293 787.317 18:04:20
5.228 150.390 786.341 18:04:21
5.224 161.390 840.732 18:04:22
5.228 148.500 771.951 18:04:23
5.224 161.793 845.610 18:04:24
5.228 147.500 826.829 18:04:25
5.224 162.390 846.829 18:04:26
5.228 148.293 773.659 18:04:27
5.228 147.500 771.220 18:04:28
5.228 147.293 775.366 18:04:29
5.224 148.390 771.707 18:04:30
5.224 160.695 838.780 18:04:31
5.228 147.500 774.146 18:04:32
5.224 269.390 1106.585 18:04:33
5.224 147.598 775.366 18:04:34
5.228 148.195 773.659 18:04:35
5.228 147.598 775.366 18:04:36
5.228 147.598 773.171 18:04:37
5.224 162.390 842.683 18:04:38
5.228 148.000 771.707 18:04:39
5.224 161.195 844.878 18:04:40
5.224 148.195 774.390 18:04:41
5.224 162.293 846.829 18:04:42
5.228 148.293 774.878 18:04:43
5.224 147.293 773.171 18:04:44
5.220 161.293 850.488 18:04:45
5.228 148.000 773.171 18:04:46
5.220 161.598 845.610 18:04:47
5.228 148.098 771.220 18:04:48
5.220 162.195 846.829 18:04:49
5.224 148.195 774.390 18:04:50
5.228 150.390 785.610 18:04:51
5.224 150.598 787.317 18:04:52
5.224 150.098 784.878 18:04:53
5.220 163.695 853.659 18:04:54
5.228 147.500 774.878 18:04:55
5.224 161.195 843.171 18:04:56
5.224 148.195 774.390 18:04:57
5.184 275.585 1426.341 18:04:58
5.228 148.195 771.707 18:04:59
5.224 148.598 1241.951 18:05:00
5.208 148.098 774.878 18:05:01
5.224 148.195 774.878 18:05:02
5.228 161.293 843.171 18:05:03
5.228 158.793 770.488 18:05:04
5.228 161.500 875.610 18:05:05
5.228 148.598 816.341 18:05:06
5.228 147.293 774.390 18:05:07
5.228 148.195 776.341 18:05:08
5.232 148.195 773.171 18:05:09
5.224 161.890 841.951 18:05:10
5.228 148.000 774.878 18:05:11
5.224 163.098 853.659 18:05:12
5.228 148.000 773.659 18:05:13
5.188 269.085 1396.585 18:05:14
5.228 148.390 774.390 18:05:15
5.224 147.195 774.878 18:05:16
5.224 161.098 840.488 18:05:17
5.228 148.098 773.171 18:05:18
5.220 161.098 845.122 18:05:19
5.224 150.695 786.829 18:05:20
5.224 157.000 821.707 18:05:21
5.228 150.793 787.317 18:05:22
5.228 150.390 782.927 18:05:23
5.228 150.390 788.537 18:05:24
5.228 150.293 785.366 18:05:25
5.224 163.598 855.122 18:05:26
5.228 148.098 774.146 18:05:27
5.220 161.793 899.512 18:05:28
5.228 148.390 775.610 18:05:29
5.176 254.695 1325.122 18:05:30
5.228 147.793 774.878 18:05:31
5.228 147.500 768.537 18:05:32
5.220 161.293 843.659 18:05:33
5.228 148.195 774.390 18:05:34
5.220 162.695 840.000 18:05:35
5.224 147.598 773.171 18:05:37
5.220 161.793 844.390 18:05:38
5.228 148.098 773.659 18:05:39
5.228 148.000 773.171 18:05:40
5.228 148.098 771.951 18:05:41
5.228 148.390 774.390 18:05:42
5.220 161.390 911.463 18:05:43
5.228 148.000 774.390 18:05:44
5.220 161.500 845.122 18:05:45
5.228 148.098 774.878 18:05:46
5.192 295.890 1304.634 18:05:47
5.228 148.098 775.366 18:05:48
5.228 148.098 773.659 18:05:49
5.224 161.500 843.659 18:05:50
5.228 147.500 771.220 18:05:51
5.224 160.598 918.293 18:05:52
5.228 148.098 770.488 18:05:53
5.224 155.695 813.171 18:05:54
5.228 148.098 772.927 18:05:55
5.228 147.890 773.659 18:05:56
5.224 161.390 844.390 18:05:57
5.228 147.793 775.366 18:05:58
5.220 161.293 847.073 18:05:59
5.224 149.390 780.732 18:06:00
5.224 204.488 1514.146 18:06:01
5.224 147.500 771.220 18:06:02
5.228 148.293 768.537 18:06:03
5.228 148.293 774.390 18:06:04
5.228 147.890 772.439 18:06:05
5.224 162.195 838.780 18:06:06
5.228 148.000 771.220 18:06:07
5.220 161.390 844.390 18:06:08
5.228 147.890 773.659 18:06:09
5.184 270.293 1388.293 18:06:10
5.228 150.598 783.171 18:06:11
5.224 148.293 775.366 18:06:12
5.228 161.098 842.683 18:06:13
5.224 147.695 770.000 18:06:14
5.224 161.098 846.098 18:06:15
5.224 148.195 774.390 18:06:16
5.216 162.695 850.488 18:06:17
5.228 150.000 775.610 18:06:18
5.228 148.000 773.171 18:06:19
5.224 148.390 774.146 18:06:20
5.228 147.890 774.878 18:06:21
5.220 164.000 852.683 18:06:22
5.224 150.390 786.341 18:06:23
5.168 301.488 1693.902 18:06:24
5.224 150.793 783.659 18:06:25
5.204 231.098 794.146 18:06:26
5.224 150.598 787.317 18:06:27
5.228 148.195 773.659 18:06:28
5.224 161.500 841.951 18:06:29
5.228 147.598 778.049 18:06:30
5.220 161.793 841.951 18:06:31
5.224 148.098 773.659 18:06:32
5.224 203.195 848.049 18:06:33
5.228 148.293 772.927 18:06:34
5.228 148.293 774.878 18:06:35
5.224 148.195 775.366 18:06:36
5.224 148.293 772.927 18:06:37
5.224 160.890 844.878 18:06:38
5.228 147.598 774.878 18:06:39
5.220 173.195 850.732 18:06:40
5.228 156.390 787.317 18:06:41
5.228 149.890 825.122 18:06:42
5.224 148.293 819.512 18:06:43
5.228 148.098 771.220 18:06:44
5.224 160.390 849.512 18:06:45
5.228 147.695 770.488 18:06:46
5.224 162.293 848.780 18:06:47
5.228 148.390 774.878 18:06:48
5.176 256.195 1321.220 18:06:49
5.224 147.793 771.220 18:06:50
5.228 148.293 772.439 18:06:51
5.224 161.890 850.000 18:06:52
5.228 154.195 780.488 18:06:53
5.220 163.500 849.268 18:06:54
5.228 148.293 774.878 18:06:55
5.224 161.390 843.171 18:06:56
5.216 172.488 908.780 18:06:57
5.224 148.195 774.878 18:06:58
5.228 148.500 776.341 18:06:59
5.224 242.293 787.317 18:07:00
5.224 162.195 841.951 18:07:01
5.228 149.000 778.780 18:07:02
5.220 161.098 845.122 18:07:03
5.228 148.000 771.220 18:07:04
5.228 148.293 780.000 18:07:05
5.224 148.293 774.146 18:07:06
5.228 148.098 771.220 18:07:07
5.224 161.598 840.732 18:07:08
5.228 148.793 777.561 18:07:09
5.220 161.793 840.732 18:07:10
5.224 148.195 774.390 18:07:11
5.188 283.890 1523.415 18:07:12
5.228 147.598 773.659 18:07:13
5.228 148.195 775.610 18:07:14
5.220 161.195 841.951 18:07:15
5.228 147.500 774.878 18:07:16
5.220 216.098 844.390 18:07:17
5.228 147.793 774.878 18:07:18
5.224 166.500 865.854 18:07:19
5.224 150.598 786.829 18:07:20
5.228 150.293 782.439 18:07:21
5.224 150.500 784.146 18:07:22
5.224 150.390 786.341 18:07:23
5.220 162.098 845.122 18:07:24
5.224 147.695 774.878 18:07:25
5.216 161.500 845.122 18:07:26
5.224 148.195 771.951 18:07:27
5.196 300.585 1701.220 18:07:28
5.224 148.293 772.927 18:07:29
5.224 147.598 775.366 18:07:30
5.220 161.500 840.000 18:07:31
5.228 148.293 770.488 18:07:32
5.220 161.000 845.610 18:07:34
5.224 148.195 776.829 18:07:35
5.220 161.195 844.390 18:07:36
5.228 147.598 775.366 18:07:37
5.224 148.195 773.659 18:07:38
5.224 161.293 841.707 18:07:39
5.224 148.390 774.878 18:07:40
5.224 162.000 842.439 18:07:41
5.224 157.500 770.488 18:07:42
5.228 152.195 794.390 18:07:43
5.228 148.098 774.878 18:07:44
5.188 284.890 1402.683 18:07:45
5.228 148.098 775.366 18:07:46
5.228 147.500 806.098 18:07:47
5.220 160.890 842.439 18:07:48
5.224 148.195 776.341 18:07:49
5.220 161.793 845.122 18:07:50
5.224 147.500 771.951 18:07:51
5.224 161.098 841.707 18:07:52
5.228 148.195 774.878 18:07:53
5.228 147.793 770.488 18:07:54
5.228 148.293 770.488 18:07:55
5.228 148.195 775.366 18:07:56
5.224 161.293 846.341 18:07:57
5.228 148.098 778.537 18:07:58
5.224 162.000 843.659 18:07:59
5.228 149.000 783.659 18:08:00
5.192 250.293 1301.463 18:08:01
5.224 147.890 777.317 18:08:02
5.228 148.098 774.390 18:08:03
5.224 161.890 846.829 18:08:04
5.228 148.598 778.780 18:08:05
5.228 148.390 789.268 18:08:06
5.228 148.500 771.220 18:08:07
5.220 161.500 839.512 18:08:08
5.228 148.195 771.707 18:08:09
5.224 148.695 774.878 18:08:10
5.228 148.390 775.610 18:08:11
5.228 147.890 774.390 18:08:12
5.224 162.098 842.439 18:08:13
5.228 147.890 775.366 18:08:14
5.220 161.390 842.683 18:08:15
5.228 148.098 775.610 18:08:16
5.124 180.780 846.341 18:08:17
5.228 148.390 772.683 18:08:18
5.228 148.390 774.634 18:08:19
5.220 161.585 844.878 18:08:20
5.228 148.390 775.122 18:08:21
5.220 160.683 843.415 18:08:22
5.224 147.390 770.244 18:08:23
5.224 155.878 816.098 18:08:24
5.228 147.878 821.463 18:08:25
5.228 147.976 769.756 18:08:26
5.220 161.195 842.439 18:08:27
5.228 148.293 773.659 18:08:28
5.224 160.976 843.902 18:08:29
5.228 147.976 774.634 18:08:30
5.224 162.780 851.220 18:08:31
5.228 148.098 775.122 18:08:32
5.192 263.976 1313.171 18:08:33
5.228 148.293 775.122 18:08:34
5.228 159.780 773.659 18:08:35
5.220 161.390 842.439 18:08:36
5.224 148.098 775.122 18:08:37
5.224 161.390 843.415 18:08:38
5.228 148.293 774.634 18:08:39
5.188 329.268 1703.902 18:08:40
5.228 147.683 774.634 18:08:41
5.228 148.488 774.634 18:08:42
5.220 161.073 840.976 18:08:43
5.228 149.780 769.756 18:08:44
5.220 162.488 844.878 18:08:45
5.224 148.195 777.073 18:08:46
5.220 161.585 849.756 18:08:47
5.228 147.976 770.244 18:08:48
5.228 147.878 774.634 18:08:49
5.228 148.195 771.220 18:08:50
5.228 148.293 775.122 18:08:51
5.224 161.073 841.463 18:08:52
5.228 147.976 773.659 18:08:53
5.220 161.293 846.341 18:08:54
5.224 148.390 775.122 18:08:55
5.224 245.268 1040.000 18:08:56
5.228 147.585 775.122 18:08:57
5.228 148.195 774.634 18:08:58
5.224 161.878 840.976 18:08:59
5.224 150.390 786.341 18:09:00
5.224 161.683 846.341 18:09:01
5.228 148.098 774.634 18:09:02
5.228 166.683 852.195 18:09:03
5.228 147.585 774.634 18:09:04
5.228 148.488 774.634 18:09:05
5.228 147.683 774.634 18:09:06
5.224 148.098 776.098 18:09:07
5.220 161.073 846.341 18:09:08
5.228 157.390 774.634 18:09:09
5.220 162.195 846.341 18:09:10
5.224 148.195 783.902 18:09:11
5.220 161.293 890.244 18:09:12
5.228 148.195 776.098 18:09:13
5.228 148.195 777.073 18:09:14
5.224 161.293 842.439 18:09:15
5.228 148.390 777.073 18:09:16
5.220 161.976 846.341 18:09:17
5.224 148.098 774.634 18:09:18
5.196 257.366 1697.561 18:09:19
5.228 148.195 776.098 18:09:20
5.228 148.390 773.659 18:09:21
5.228 148.390 775.122 18:09:22
5.228 148.098 771.220 18:09:23
5.224 161.195 844.878 18:09:24
5.228 148.293 774.634 18:09:25
5.220 161.488 839.024 18:09:26
5.228 147.488 776.098 18:09:27
5.228 201.073 773.659 18:09:28
5.228 148.195 776.098 18:09:29
5.228 147.488 776.098 18:09:30
5.224 161.390 842.439 18:09:31
5.228 147.976 771.220 18:09:32
5.220 161.976 842.439 18:09:33
5.224 148.195 769.756 18:09:34
5.156 349.976 1496.098 18:09:36
5.228 148.390 771.220 18:09:37
5.228 148.293 773.659 18:09:38
5.224 161.390 844.878 18:09:39
5.228 147.976 771.220 18:09:40
5.220 161.195 841.463 18:09:41
5.224 147.976 774.634 18:09:42
5.220 161.976 844.878 18:09:43
5.228 148.195 772.683 18:09:44
5.224 148.293 774.634 18:09:45
5.220 162.195 843.902 18:09:46
5.228 147.488 774.634 18:09:47
5.224 161.878 845.366 18:09:48
5.228 147.976 773.659 18:09:49
5.220 161.878 841.463 18:09:50
5.228 147.585 776.098 18:09:51
5.228 148.098 771.220 18:09:52
5.228 148.293 773.659 18:09:53
5.228 147.585 774.634 18:09:54
5.224 147.976 771.220 18:09:55
5.224 151.098 774.634 18:09:56
5.224 161.878 858.537 18:09:57
5.228 148.098 777.561 18:09:58
5.224 161.780 849.756 18:09:59
5.228 149.683 780.976 18:10:00
5.228 148.976 774.634 18:10:01
5.228 148.293 776.098 18:10:02
5.228 150.878 774.634 18:10:03
5.224 161.073 847.317 18:10:04
5.224 147.976 776.098 18:10:05
5.168 245.976 1302.927 18:10:06
5.216 148.293 774.634 18:10:07
5.200 234.171 783.902 18:10:08
5.228 148.293 772.683 18:10:09
5.228 147.878 772.683 18:10:10
5.220 163.878 851.220 18:10:11
5.228 150.195 786.341 18:10:12
5.220 164.585 858.537 18:10:13
5.224 150.098 786.341 18:10:14
5.168 389.659 1971.707 18:10:15
5.224 150.780 787.805 18:10:16
5.228 150.390 786.341 18:10:17
5.228 148.293 773.659 18:10:18
5.228 147.976 776.098 18:10:19
5.224 161.073 842.439 18:10:20
5.228 148.390 775.122 18:10:21
5.220 161.585 840.976 18:10:22
5.228 148.098 771.220 18:10:23
5.228 147.488 774.634 18:10:24
5.228 148.195 775.122 18:10:25
5.228 148.488 800.000 18:10:26
5.220 161.195 843.415 18:10:27
5.228 148.098 771.220 18:10:28
5.224 161.976 841.463 18:10:29
5.228 161.073 783.415 18:10:30
5.220 164.073 859.024 18:10:31
5.228 150.488 787.805 18:10:32
5.228 150.488 786.341 18:10:33
5.220 163.780 855.122 18:10:34
5.228 150.390 786.341 18:10:35
5.220 163.780 854.146 18:10:36
5.224 148.098 776.098 18:10:37
5.192 275.976 1300.488 18:10:38
5.228 148.780 930.244 18:10:39
5.208 203.171 782.439 18:10:40
5.224 147.585 774.634 18:10:41
5.228 147.878 769.756 18:10:42
5.224 161.073 843.902 18:10:43
5.228 147.195 771.220 18:10:44
5.220 161.293 845.366 18:10:45
5.224 147.976 775.122 18:10:46
5.196 247.171 1282.927 18:10:47
5.228 148.098 771.220 18:10:48
5.228 148.195 773.659 18:10:49
5.228 151.195 787.805 18:10:50
5.224 150.293 785.854 18:10:51
5.220 164.390 858.537 18:10:52
5.220 150.293 786.341 18:10:53
5.172 344.878 1757.561 18:10:54
5.224 150.390 951.707 18:10:55
5.208 252.171 1105.366 18:10:56
5.228 149.878 785.854 18:10:57
5.224 147.390 775.122 18:10:58
5.224 161.390 841.463 18:10:59
5.228 148.585 839.024 18:11:00
5.220 161.390 845.366 18:11:01
5.220 185.683 934.146 18:11:02
5.224 162.488 844.878 18:11:03
5.228 147.780 777.561 18:11:04
5.228 148.293 776.098 18:11:05
5.224 161.488 841.463 18:11:06
5.224 148.585 774.634 18:11:07
5.224 161.683 841.463 18:11:08
5.228 148.098 772.683 18:11:09
5.168 381.561 855.122 18:11:10
5.228 148.293 771.220 18:11:11
5.208 205.390 1060.000 18:11:12
5.224 148.293 770.244 18:11:13
5.228 148.195 769.756 18:11:14
5.220 161.683 842.439 18:11:15
5.224 147.976 775.122 18:11:16
5.220 161.780 841.463 18:11:17
5.228 148.098 773.659 18:11:18
5.224 161.683 843.415 18:11:19
5.228 148.195 775.122 18:11:20
5.228 147.878 771.220 18:11:21
5.228 148.195 773.659 18:11:22
5.228 147.390 774.634 18:11:23
5.220 161.195 842.439 18:11:24
5.224 148.195 776.098 18:11:25
5.224 162.976 849.756 18:11:26
5.224 148.293 808.780 18:11:27
5.192 250.780 1310.732 18:11:28
5.224 146.780 771.220 18:11:29
5.228 148.098 772.683 18:11:30
5.220 161.073 843.415 18:11:32
5.228 147.780 774.634 18:11:33
5.224 161.976 841.463 18:11:34
5.228 148.098 773.659 18:11:35
5.216 161.585 843.415 18:11:36
5.228 147.976 776.098 18:11:37
5.228 148.098 775.122 18:11:38
5.224 161.683 840.976 18:11:39
5.224 148.098 776.098 18:11:40
5.220 161.683 841.463 18:11:41
5.228 148.293 774.634 18:11:42
5.224 163.683 850.244 18:11:43
5.224 150.683 791.220 18:11:44
5.192 266.073 1314.146 18:11:45
5.228 148.390 776.098 18:11:46
5.228 148.098 771.220 18:11:47
5.224 161.195 844.878 18:11:48
5.224 148.195 774.634 18:11:49
5.220 161.293 842.439 18:11:50
5.228 148.098 775.122 18:11:51
5.224 184.488 813.659 18:11:52
5.224 148.098 774.634 18:11:53
5.228 148.683 774.634 18:11:54
5.224 162.976 852.195 18:11:55
5.224 147.976 776.098 18:11:56
5.220 161.293 842.439 18:11:57
5.228 148.195 774.634 18:11:58
5.196 334.366 1318.049 18:11:59
5.228 149.488 816.585 18:12:00
5.220 157.293 1073.171 18:12:01
5.224 148.390 773.659 18:12:02
5.228 147.585 776.098 18:12:03
5.224 161.780 843.902 18:12:04
5.228 148.976 777.561 18:12:05
5.220 161.195 842.439 18:12:06
5.228 148.293 772.683 18:12:07
5.220 161.488 848.780 18:12:08
5.224 147.585 776.098 18:12:09
5.224 148.293 772.683 18:12:10
5.224 161.293 840.976 18:12:11
5.228 148.195 771.220 18:12:12
5.224 161.390 840.000 18:12:13
5.228 148.488 773.659 18:12:14
5.220 162.878 856.098 18:12:15
5.212 146.878 772.683 18:12:16
5.224 149.390 781.463 18:12:17
5.224 148.293 776.098 18:12:18
5.228 147.293 774.634 18:12:19
5.220 162.073 846.341 18:12:20
5.224 151.488 774.634 18:12:21
5.224 161.293 846.341 18:12:22
5.228 148.195 813.659 18:12:23
5.220 161.585 844.878 18:12:24
5.224 150.585 786.341 18:12:25
5.224 150.293 785.854 18:12:26
5.228 148.195 773.659 18:12:27
5.228 148.195 774.634 18:12:28
5.224 161.073 842.439 18:12:29
5.228 148.293 773.659 18:12:30
5.168 320.463 1272.195 18:12:31
5.228 148.390 776.098 18:12:32
5.212 224.171 780.000 18:12:33
5.224 148.293 777.073 18:12:34
5.228 147.293 776.098 18:12:35
5.224 161.073 844.878 18:12:36
5.224 147.683 771.220 18:12:37
5.216 213.390 854.146 18:12:38
5.228 148.390 776.098 18:12:39
5.188 270.268 1409.268 18:12:40
5.224 147.390 776.098 18:12:41
5.228 148.293 774.634 18:12:42
5.220 161.585 844.878 18:12:43
5.228 148.293 774.634 18:12:44
5.220 163.878 929.268 18:12:45
5.228 150.683 786.341 18:12:46
5.220 163.976 858.537 18:12:47
5.224 150.780 783.902 18:12:48
5.228 150.488 786.341 18:12:49
5.224 156.293 814.634 18:12:50
5.228 149.780 786.341 18:12:51
5.220 163.585 861.463 18:12:52
5.228 148.195 774.634 18:12:53
5.220 163.585 853.659 18:12:54
5.228 148.390 774.634 18:12:55
5.196 249.268 1301.951 18:12:56
5.224 148.585 774.634 18:12:57
5.228 147.488 772.683 18:12:58
5.220 162.073 841.463 18:12:59
5.224 154.195 803.415 18:13:00
5.220 258.268 874.146 18:13:01
5.228 148.976 782.439 18:13:02
5.224 161.683 842.439 18:13:03
5.228 148.780 777.073 18:13:04
5.228 148.098 771.220 18:13:05
5.224 161.195 840.976 18:13:06
5.228 148.098 776.098 18:13:07
5.224 160.976 842.439 18:13:08
5.228 148.293 774.634 18:13:09
5.220 162.683 847.317 18:13:10
5.228 150.488 786.341 18:13:11
5.228 147.488 768.293 18:13:12
5.224 161.195 842.439 18:13:13
5.228 148.293 773.659 18:13:14
5.220 161.293 844.878 18:13:15
5.228 147.390 774.634 18:13:16
5.228 162.390 844.878 18:13:17
5.228 148.098 772.195 18:13:18
5.228 147.976 774.634 18:13:19
5.224 161.073 846.341 18:13:20
5.228 147.976 771.220 18:13:21
5.220 161.390 844.878 18:13:22
5.228 148.098 772.683 18:13:23
5.228 161.488 845.366 18:13:24
5.228 147.878 775.122 18:13:25
5.228 147.976 775.122 18:13:26
5.220 161.195 842.439 18:13:27
5.224 148.195 774.634 18:13:28
5.224 161.585 844.878 18:13:30
5.228 151.780 772.195 18:13:31
5.192 374.073 1791.220 18:13:32
5.224 175.488 823.902 18:13:33
5.208 235.585 1456.098 18:13:34
5.228 155.488 812.195 18:13:35
5.228 147.976 774.634 18:13:36
5.224 161.293 841.463 18:13:37
5.228 147.683 774.634 18:13:38
5.220 161.390 845.366 18:13:39
5.228 148.293 771.220 18:13:40
5.224 162.293 845.366 18:13:41
5.228 150.976 787.317 18:13:42
5.224 150.293 786.341 18:13:43
5.228 150.878 787.317 18:13:44
5.220 151.683 787.317 18:13:45
5.220 164.293 854.146 18:13:46
5.224 149.976 786.341 18:13:47
5.168 324.780 1305.854 18:13:48
5.228 172.195 771.220 18:13:49
5.200 242.976 1069.268 18:13:50
5.224 147.683 772.195 18:13:51
5.228 148.293 775.122 18:13:52
5.220 161.390 842.439 18:13:53
5.228 147.683 771.220 18:13:54
5.220 162.976 1252.195 18:13:55
5.224 146.780 771.220 18:13:56
5.196 252.268 1298.537 18:13:57
5.228 148.293 773.659 18:13:58
5.228 148.098 771.220 18:13:59
5.160 148.390 776.098 18:14:00
5.228 152.293 797.073 18:14:01
5.228 155.195 797.073 18:14:02
5.224 150.585 786.341 18:14:03
5.220 164.488 954.146 18:14:04
5.228 150.780 792.683 18:14:05
5.228 150.488 789.756 18:14:06
5.224 164.293 855.122 18:14:07
5.224 148.195 769.756 18:14:08
5.220 161.585 842.439 18:14:09
5.228 148.293 771.220 18:14:10
5.224 155.585 910.244 18:14:11
5.228 147.683 774.634 18:14:12
5.228 147.976 769.756 18:14:13
5.220 161.195 842.439 18:14:14
5.228 147.683 774.634 18:14:15
5.224 161.585 843.902 18:14:16
5.228 148.976 774.634 18:14:17
5.220 161.780 936.098 18:14:18
5.224 148.293 776.098 18:14:19
5.228 147.976 775.122 18:14:20
5.224 161.073 841.463 18:14:21
5.228 147.293 771.220 18:14:22
5.224 161.073 843.415 18:14:23
5.228 147.488 776.098 18:14:24
5.164 245.780 1373.659 18:14:25
5.228 148.195 770.244 18:14:26
5.208 202.780 780.000 18:14:27
5.228 147.488 776.098 18:14:28
5.228 147.488 774.634 18:14:29
5.224 161.780 841.463 18:14:30
5.228 147.390 775.122 18:14:31
5.220 161.585 846.341 18:14:32
5.228 148.390 771.220 18:14:33
5.192 248.268 1302.927 18:14:34
5.224 147.780 776.098 18:14:35
5.224 148.098 776.098 18:14:36
5.224 161.488 843.902 18:14:37
5.224 148.098 774.634 18:14:38
5.220 161.488 842.439 18:14:39
5.228 148.195 773.659 18:14:40
5.192 248.268 1753.659 18:14:41
5.228 148.585 772.683 18:14:42
5.228 148.098 774.634 18:14:43
5.220 161.073 850.244 18:14:44
5.228 148.976 776.098 18:14:45
5.224 161.293 841.463 18:14:46
5.228 148.293 775.122 18:14:47
5.196 248.366 845.366 18:14:48
5.228 148.780 777.561 18:14:49
5.228 147.390 770.244 18:14:50
5.224 161.293 841.463 18:14:51
5.228 149.195 777.561 18:14:52
5.224 161.976 842.439 18:14:53
5.228 147.488 776.098 18:14:54
5.216 161.390 842.439 18:14:55
5.228 148.488 772.683 18:14:56
5.228 147.976 773.659 18:14:57
5.224 161.195 904.878 18:14:58
5.228 148.293 774.634 18:14:59
5.220 161.878 843.415 18:15:00
5.224 147.780 772.683 18:15:01
5.224 161.585 847.805 18:15:02
5.224 148.098 776.098 18:15:03
5.228 148.683 778.537 18:15:04
5.224 152.585 798.537 18:15:05
5.224 150.488 786.341 18:15:06
5.220 163.585 856.585 18:15:07
5.228 149.878 786.341 18:15:08
5.224 162.780 822.439 18:15:09
5.228 150.488 787.317 18:15:10
5.228 203.683 836.098 18:15:11
5.228 147.488 771.220 18:15:12
5.224 148.195 771.220 18:15:13
5.220 161.073 841.463 18:15:14
5.228 148.293 774.634 18:15:15
5.224 163.293 854.146 18:15:16
5.228 147.683 771.220 18:15:17
5.192 264.683 1707.805 18:15:18
5.224 148.390 776.098 18:15:19
5.224 147.976 774.634 18:15:20
5.224 161.488 844.878 18:15:21
5.224 148.780 776.098 18:15:22
5.224 160.293 849.756 18:15:23
5.224 147.976 776.098 18:15:24
5.224 161.683 846.341 18:15:25
5.224 147.390 771.220 18:15:26
5.228 148.098 774.634 18:15:27
5.228 147.585 775.122 18:15:28
5.228 148.195 773.659 18:15:30
5.224 160.878 921.463 18:15:31
5.228 148.585 778.537 18:15:32
5.220 163.073 851.220 18:15:33
5.228 147.585 771.220 18:15:34
5.196 253.366 1317.073 18:15:35
5.228 148.488 773.659 18:15:36
5.228 147.976 776.098 18:15:37
5.220 160.585 844.878 18:15:38
5.228 147.390 772.683 18:15:39
5.224 161.293 844.878 18:15:40
5.228 148.293 772.195 18:15:41
5.224 161.390 843.415 18:15:42
5.232 148.293 776.098 18:15:43
5.224 148.293 774.634 18:15:44
5.228 148.390 776.098 18:15:45
5.228 148.195 772.195 18:15:46
5.220 161.976 842.439 18:15:47
5.228 147.585 770.244 18:15:48
5.224 161.195 864.878 18:15:49
5.228 147.585 771.220 18:15:50
5.224 148.293 773.659 18:15:51
5.220 161.976 841.463 18:15:52
5.228 147.585 773.659 18:15:53
5.220 161.073 842.439 18:15:54
5.228 148.195 774.634 18:15:55
5.224 161.390 846.341 18:15:56
5.228 148.098 772.683 18:15:57
5.228 147.293 776.098 18:15:58
5.224 148.878 777.561 18:15:59
5.220 313.171 843.415 18:16:00
5.220 161.390 844.878 18:16:01
5.224 148.098 775.122 18:16:02
5.220 161.976 848.780 18:16:03
5.228 149.195 772.195 18:16:04
5.196 269.463 1298.537 18:16:05
5.228 148.098 772.683 18:16:06
5.224 148.390 773.659 18:16:07
5.220 162.073 843.415 18:16:08
5.224 148.683 776.098 18:16:09
5.224 196.488 843.902 18:16:10
5.228 148.098 774.634 18:16:11
5.224 161.683 1029.268 18:16:12
5.228 148.098 770.244 18:16:13
5.228 148.098 772.683 18:16:14
5.220 161.195 843.415 18:16:15
5.224 148.098 780.000 18:16:16
5.220 161.878 842.439 18:16:17
5.224 150.293 787.317 18:16:18
5.220 165.976 864.878 18:16:19
5.228 148.195 771.220 18:16:20
5.188 271.976 1412.195 18:16:21
5.228 148.293 775.122 18:16:22
5.228 148.390 771.220 18:16:23
5.220 161.195 840.976 18:16:24
5.224 148.293 774.634 18:16:25
5.220 161.195 843.902 18:16:26
5.228 148.195 771.220 18:16:27
5.224 162.293 846.341 18:16:28
5.224 148.390 774.634 18:16:29
5.224 147.878 775.122 18:16:30
5.224 161.195 844.878 18:16:31
5.228 148.488 772.683 18:16:32
5.224 162.073 843.415 18:16:33
5.228 148.390 771.220 18:16:34
5.220 163.195 853.659 18:16:35
5.228 148.878 772.683 18:16:36
5.184 311.561 1413.171 18:16:37
5.228 147.585 771.220 18:16:38
5.228 147.390 772.195 18:16:39
5.224 163.683 856.585 18:16:40
5.228 149.878 783.415 18:16:41
5.148 329.561 1702.927 18:16:42
5.204 150.683 1082.927 18:16:43
5.208 206.878 1321.951 18:16:44
5.224 150.585 782.439 18:16:45
5.228 150.488 781.463 18:16:46
5.224 161.488 844.878 18:16:47
5.228 148.098 776.098 18:16:48
5.224 163.683 852.195 18:16:49
5.228 148.488 776.098 18:16:50
5.188 268.171 1359.512 18:16:51
5.228 148.195 774.634 18:16:52
5.224 148.195 774.634 18:16:53
5.224 161.073 841.463 18:16:54
5.228 148.098 776.098 18:16:55
5.224 161.195 841.463 18:16:56
5.228 148.585 774.634 18:16:57
5.196 239.488 1242.927 18:16:58
5.228 149.878 771.220 18:16:59
5.224 168.585 787.805 18:17:00
5.224 164.293 930.244 18:17:01
5.224 148.195 774.634 18:17:02
5.224 162.073 842.439 18:17:03
5.228 148.293 775.122 18:17:04
5.224 152.098 795.122 18:17:05
5.228 148.780 776.098 18:17:06
5.228 148.195 776.098 18:17:07
5.224 161.195 842.439 18:17:08
5.228 148.195 775.122 18:17:09
5.220 161.878 843.415 18:17:10
5.224 148.098 771.220 18:17:11
5.220 161.780 844.878 18:17:12
5.224 148.195 771.220 18:17:13
5.228 147.488 775.122 18:17:14
5.224 174.073 775.122 18:17:15
5.228 147.878 776.098 18:17:16
5.224 166.585 841.463 18:17:17
5.224 148.488 776.098 18:17:18
5.220 162.073 846.341 18:17:19
5.228 148.195 776.098 18:17:20
5.228 147.780 772.683 18:17:21
5.228 148.293 772.195 18:17:22
5.224 146.683 776.098 18:17:23
5.220 161.293 841.463 18:17:24
5.228 147.780 770.244 18:17:25
5.220 174.195 849.756 18:17:26
5.224 148.293 775.122 18:17:27
5.188 273.268 1415.610 18:17:28
5.224 161.293 978.049 18:17:29
5.228 148.098 776.098 18:17:30
5.224 161.073 843.415 18:17:31
5.228 147.683 770.244 18:17:32
5.220 161.293 843.415 18:17:33
5.228 150.780 786.341 18:17:35
5.224 164.683 861.463 18:17:36
5.228 147.585 771.220 18:17:37
5.228 148.293 774.634 18:17:38
5.228 148.098 771.220 18:17:39
5.228 147.488 777.561 18:17:40
5.224 161.195 840.976 18:17:41
5.224 150.976 786.341 18:17:42
5.220 163.780 856.098 18:17:43
5.224 150.878 785.854 18:17:44
5.228 150.585 787.317 18:17:45
5.228 151.488 792.195 18:17:46
5.228 147.585 771.220 18:17:47
5.228 148.390 776.098 18:17:48
5.224 147.585 771.220 18:17:49
5.220 161.293 844.878 18:17:50
5.228 147.488 775.122 18:17:51
5.196 251.268 1355.610 18:17:52
5.228 148.488 771.220 18:17:53
5.224 147.878 774.634 18:17:54
5.224 161.293 846.341 18:17:55
5.228 147.878 771.220 18:17:56
5.224 161.780 844.878 18:17:57
5.228 147.976 770.244 18:17:58
5.224 161.780 846.341 18:17:59
5.228 191.073 1727.805 18:18:00
5.228 148.683 776.098 18:18:01
5.212 182.171 951.220 18:18:02
5.228 148.683 772.683 18:18:03
5.220 163.195 842.439 18:18:04
5.228 148.293 772.683 18:18:05
5.192 281.073 1285.366 18:18:06
5.228 148.390 777.561 18:18:07
5.208 148.976 872.683 18:18:08
5.224 195.293 774.634 18:18:09
5.228 148.098 772.683 18:18:10
5.220 161.780 840.976 18:18:11
5.228 148.098 775.122 18:18:12
5.220 346.976 1285.854 18:18:13
5.224 150.683 787.805 18:18:14
5.224 150.488 1389.268 18:18:15
5.208 150.585 787.317 18:18:16
5.224 150.390 786.341 18:18:17
5.224 164.390 843.902 18:18:18
5.228 147.780 776.098 18:18:19
5.220 161.390 890.244 18:18:20
5.228 147.585 774.634 18:18:21
5.192 270.268 1404.878 18:18:22
5.228 148.390 772.683 18:18:23
5.228 148.098 777.073 18:18:24
5.220 161.390 844.878 18:18:25
5.228 148.195 771.220 18:18:26
5.216 164.488 856.098 18:18:27
5.228 150.585 787.805 18:18:28
5.208 165.488 1037.561 18:18:29
5.216 178.390 1009.268 18:18:30
5.228 149.098 774.634 18:18:31
5.224 160.780 842.439 18:18:32
5.224 148.293 776.098 18:18:33
5.224 161.293 841.463 18:18:34
5.228 150.488 784.878 18:18:35
5.220 164.293 856.585 18:18:36
5.224 148.098 774.634 18:18:37
5.228 147.390 772.683 18:18:38
5.224 161.488 843.902 18:18:39
5.228 148.585 773.659 18:18:40
5.224 161.293 841.463 18:18:41
5.228 147.390 777.073 18:18:42
5.216 162.488 846.341 18:18:43
5.224 148.293 771.220 18:18:44
5.228 149.780 771.220 18:18:45
5.220 161.073 863.415 18:18:46
5.228 147.878 771.220 18:18:47
5.224 161.293 844.878 18:18:48
5.228 148.098 774.634 18:18:49
5.208 238.171 1112.683 18:18:50
5.228 148.098 796.098 18:18:51
5.228 147.488 771.220 18:18:52
5.228 148.195 776.098 18:18:53
5.224 147.683 772.683 18:18:54
5.224 161.195 843.902 18:18:55
5.228 148.098 769.756 18:18:56
5.224 172.488 843.902 18:18:57
5.224 147.585 771.220 18:18:58
5.188 271.268 1407.317 18:18:59
5.220 195.073 1006.341 18:19:00
5.228 149.098 779.024 18:19:01
5.224 161.195 844.878 18:19:02
5.228 148.976 783.902 18:19:03
5.220 161.195 845.366 18:19:04
5.224 149.976 787.805 18:19:05
5.224 154.976 807.805 18:19:06
5.228 149.976 786.341 18:19:07
5.228 148.488 775.122 18:19:08
5.224 161.878 841.463 18:19:09
5.228 148.293 775.122 18:19:10
5.220 162.585 849.756 18:19:11
5.228 148.098 774.634 18:19:12
5.224 161.390 843.415 18:19:13
5.228 147.390 774.634 18:19:14
5.224 148.878 779.024 18:19:15
5.224 148.585 776.098 18:19:16
5.224 148.488 772.683 18:19:17
5.220 161.293 845.366 18:19:18
5.224 147.976 769.756 18:19:19
5.220 169.878 852.195 18:19:20
5.224 147.488 774.634 18:19:21
5.184 304.073 1424.878 18:19:22
5.228 148.293 776.098 18:19:23
5.228 147.683 771.220 18:19:24
5.220 164.390 855.122 18:19:25
5.224 150.683 792.195 18:19:26
5.220 164.390 856.098 18:19:27
5.224 150.098 783.415 18:19:28
5.220 164.390 856.098 18:19:29
5.228 150.293 787.805 18:19:30
5.224 147.976 773.659 18:19:31
5.228 147.293 776.098 18:19:32
5.228 148.098 773.659 18:19:33
5.220 161.878 844.878 18:19:34
5.228 148.098 773.659 18:19:35
5.220 161.390 843.415 18:19:36
5.228 148.195 774.634 18:19:37
5.224 148.195 774.634 18:19:38
5.228 148.098 772.195 18:19:39
5.228 147.488 769.756 18:19:40
5.220 160.878 838.537 18:19:41
5.228 148.195 775.122 18:19:43
5.224 162.780 925.366 18:19:44
5.224 147.976 770.244 18:19:45
5.184 269.780 1335.610 18:19:46
5.228 147.488 776.098 18:19:47
5.228 148.878 775.122 18:19:48
5.220 163.195 841.463 18:19:49
5.228 147.585 773.659 18:19:50
5.224 161.488 846.341 18:19:51
5.228 148.293 775.122 18:19:52
5.196 249.171 1294.634 18:19:53
5.228 148.098 774.634 18:19:54
5.228 147.488 771.220 18:19:55
5.220 161.488 843.902 18:19:56
5.228 148.195 772.195 18:19:57
5.208 205.780 956.585 18:19:58
5.224 150.683 783.415 18:19:59
5.220 167.683 1935.122 18:20:00
5.224 154.683 807.317 18:20:01
5.224 150.488 786.341 18:20:02
5.220 164.585 856.585 18:20:03
5.228 150.585 783.902 18:20:04
5.224 161.390 842.439 18:20:05
5.232 146.976 772.195 18:20:06
5.220 162.683 847.805 18:20:07
5.228 147.683 771.220 18:20:08
5.228 147.976 774.634 18:20:09
5.216 147.878 775.122 18:20:10
5.228 148.098 774.634 18:20:11
5.224 160.683 840.000 18:20:12
5.228 147.878 777.561 18:20:13
5.172 244.683 1406.829 18:20:14
5.228 147.585 810.244 18:20:15
5.200 202.585 780.976 18:20:16
5.228 147.878 772.195 18:20:17
5.224 147.098 774.634 18:20:18
5.224 162.195 843.902 18:20:19
5.228 147.878 775.122 18:20:20
5.188 232.780 1165.854 18:20:21
5.228 148.488 775.122 18:20:22
5.204 231.268 1459.512 18:20:23
5.224 148.098 771.220 18:20:24
5.224 147.780 772.195 18:20:25
5.224 161.390 842.439 18:20:26
5.224 148.390 776.098 18:20:27
5.224 162.195 844.878 18:20:28
5.224 147.976 772.683 18:20:29
5.220 162.488 841.463 18:20:30
5.228 148.293 771.220 18:20:31
5.224 148.195 772.683 18:20:32
5.228 160.488 840.976 18:20:33
5.228 147.780 772.683 18:20:34
5.216 161.195 842.439 18:20:35
5.228 154.683 772.683 18:20:36
5.224 162.073 921.463 18:20:37
5.224 147.683 820.000 18:20:38
5.228 148.195 776.098 18:20:39
5.228 147.585 768.293 18:20:40
5.228 150.780 791.220 18:20:41
5.220 163.073 851.220 18:20:42
5.224 165.293 783.415 18:20:43
5.220 163.780 852.195 18:20:44
5.224 150.488 783.415 18:20:45
5.192 253.683 1326.829 18:20:46
5.228 148.585 771.220 18:20:47
5.224 147.976 772.683 18:20:48
5.224 161.293 843.415 18:20:49
5.224 149.878 783.415 18:20:50
5.224 161.293 844.878 18:20:51
5.224 150.390 786.341 18:20:52
5.124 495.561 2134.634 18:20:53
5.228 150.878 787.805 18:20:54
5.228 150.488 786.341 18:20:55
5.224 164.073 856.585 18:20:56
5.224 150.293 789.756 18:20:57
5.224 161.683 843.415 18:20:58
5.224 148.098 775.122 18:20:59
5.220 162.976 847.317 18:21:00
5.224 149.488 776.098 18:21:01
5.224 148.390 774.634 18:21:02
5.224 161.195 849.756 18:21:03
5.224 146.878 771.220 18:21:04
5.224 161.390 844.878 18:21:05
5.228 148.390 772.683 18:21:06
5.220 163.780 857.561 18:21:07
5.228 150.780 783.902 18:21:08
5.228 151.098 791.220 18:21:09
5.224 150.683 786.341 18:21:10
5.228 147.390 776.098 18:21:11
5.220 162.195 842.439 18:21:12
5.228 148.293 774.634 18:21:13
5.224 161.683 839.024 18:21:14
5.228 147.488 775.122 18:21:15
5.188 272.073 1438.537 18:21:16
5.224 148.390 775.122 18:21:17
5.228 147.293 775.122 18:21:18
5.224 161.195 844.878 18:21:19
5.228 172.195 770.244 18:21:20
5.216 161.195 840.000 18:21:21
5.224 148.195 773.659 18:21:22
5.196 249.268 1300.976 18:21:23
5.228 150.683 787.805 18:21:24
5.224 149.780 782.439 18:21:25
5.220 163.488 853.659 18:21:26
5.224 150.488 786.341 18:21:27
5.220 163.293 852.195 18:21:28
5.228 150.293 787.317 18:21:29
5.188 271.366 1412.195 18:21:30
5.224 147.488 774.634 18:21:31
5.228 155.390 774.634 18:21:32
5.220 160.683 840.000 18:21:33
5.228 147.585 770.244 18:21:34
5.220 161.073 842.439 18:21:35
5.228 148.878 771.220 18:21:36
5.224 162.683 843.415 18:21:37
5.228 147.780 772.195 18:21:38
5.224 148.098 777.561 18:21:39
5.228 147.878 772.683 18:21:40
5.228 147.976 775.122 18:21:41
5.220 170.195 839.024 18:21:42
5.228 148.390 776.098 18:21:44
5.224 163.293 852.195 18:21:45
5.224 150.780 786.341 18:21:46
5.204 201.780 1329.268 18:21:47
5.224 148.293 771.220 18:21:48
5.224 148.293 777.561 18:21:49
5.220 161.293 841.463 18:21:50
5.228 148.098 771.220 18:21:51
5.220 161.585 847.317 18:21:52
5.224 149.878 786.341 18:21:53
5.196 250.878 1340.976 18:21:54
5.228 150.585 786.341 18:21:55
5.228 149.780 783.415 18:21:56
5.224 163.585 860.000 18:21:57
5.224 150.683 787.317 18:21:58
5.224 161.195 844.878 18:21:59
5.224 151.683 787.805 18:22:00
5.224 161.488 843.902 18:22:01
5.224 149.390 776.098 18:22:02
5.228 148.293 774.634 18:22:03
5.228 148.098 777.073 18:22:04
5.224 148.585 780.000 18:22:05
5.224 161.195 842.439 18:22:06
5.228 148.390 779.024 18:22:07
5.224 162.878 855.122 18:22:08
5.228 148.195 798.537 18:22:09
5.188 272.878 1523.415 18:22:10
5.228 148.293 775.122 18:22:11
5.228 147.585 775.122 18:22:12
5.220 161.390 843.902 18:22:13
5.228 148.293 774.634 18:22:14
5.220 161.488 842.439 18:22:15
5.224 147.780 774.634 18:22:16
5.180 250.976 1446.829 18:22:17
5.228 147.780 778.537 18:22:18
5.224 148.195 775.122 18:22:19
5.228 148.390 774.634 18:22:20
5.228 166.976 775.122 18:22:21
5.220 161.585 843.415 18:22:22
5.224 148.098 772.683 18:22:23
5.200 162.878 848.780 18:22:24
5.224 148.390 777.073 18:22:25
5.228 148.098 773.659 18:22:26
5.220 161.293 846.341 18:22:27
5.228 148.293 772.683 18:22:28
5.224 161.293 845.366 18:22:29
5.228 148.390 774.634 18:22:30
5.224 160.488 845.366 18:22:31
5.224 148.293 774.634 18:22:32
5.228 147.780 777.073 18:22:33
5.228 148.293 773.659 18:22:34
5.228 146.878 775.122 18:22:35
5.224 161.195 842.439 18:22:36
5.228 148.098 769.756 18:22:37
5.224 161.195 842.439 18:22:38
5.228 148.098 774.634 18:22:39
5.224 149.780 779.024 18:22:40
5.228 150.585 787.317 18:22:41
5.228 150.585 786.341 18:22:42
5.220 163.780 856.098 18:22:43
5.228 158.780 786.341 18:22:44
5.220 164.585 863.415 18:22:45
5.224 150.683 787.317 18:22:46
5.176 256.073 1328.293 18:22:47
5.228 148.293 775.122 18:22:48
5.228 148.293 775.122 18:22:49
5.220 161.390 840.976 18:22:50
5.228 148.195 774.634 18:22:51
5.220 161.488 842.439 18:22:52
5.228 148.098 774.634 18:22:53
5.224 161.585 844.878 18:22:54
5.228 148.195 770.244 18:22:55
5.228 148.293 772.683 18:22:56
5.228 147.488 771.220 18:22:57
5.228 147.585 776.098 18:22:58
5.220 162.073 841.463 18:22:59
5.228 152.488 797.561 18:23:00
5.220 164.488 856.098 18:23:01
5.228 150.683 795.122 18:23:02
5.228 150.098 786.341 18:23:03
5.224 150.683 787.805 18:23:04
5.228 151.683 785.854 18:23:05
5.220 165.195 858.537 18:23:06
5.228 147.585 771.220 18:23:07
5.220 163.683 851.220 18:23:08
5.228 147.488 776.098 18:23:09
5.196 248.878 1303.415 18:23:10
5.228 148.098 774.634 18:23:11
5.228 148.683 774.634 18:23:12
5.220 161.293 845.366 18:23:13
5.224 147.780 775.122 18:23:14
5.220 161.585 839.024 18:23:15
5.228 148.488 774.634 18:23:16
5.188 298.171 1309.268 18:23:17
5.228 148.390 774.634 18:23:18
5.228 148.390 774.634 18:23:19
5.220 161.390 844.878 18:23:20
5.228 148.683 774.634 18:23:21
5.220 162.073 841.463 18:23:22
5.228 148.293 777.561 18:23:23
5.188 268.171 1585.854 18:23:24
5.228 148.488 776.098 18:23:25
5.228 148.878 771.220 18:23:26
5.224 161.293 842.439 18:23:27
5.224 148.293 775.122 18:23:28
5.224 161.488 843.415 18:23:29
5.224 147.585 776.098 18:23:30
5.220 162.390 847.317 18:23:31
5.224 147.683 775.122 18:23:32
5.228 148.098 779.024 18:23:33
5.224 147.585 776.098 18:23:34
5.228 148.585 774.634 18:23:35
5.224 161.488 846.341 18:23:36
5.228 148.390 774.634 18:23:37
5.220 161.878 846.341 18:23:38
5.228 150.488 786.341 18:23:39
5.188 253.268 1320.976 18:23:40
5.228 150.585 787.317 18:23:41
5.228 150.585 786.341 18:23:42
5.224 161.488 844.878 18:23:43
5.228 148.195 774.634 18:23:44
5.224 161.073 840.976 18:23:45
5.228 148.488 780.000 18:23:46
5.196 250.268 1298.049 18:23:47
5.228 147.488 770.244 18:23:48
5.228 148.390 776.098 18:23:49
5.224 161.878 843.415 18:23:50
5.228 148.390 773.659 18:23:51
5.224 161.488 872.683 18:23:52
5.228 147.585 776.098 18:23:53
5.224 161.293 843.902 18:23:55
5.228 148.293 771.220 18:23:56
5.228 147.683 776.098 18:23:57
5.228 148.293 777.073 18:23:58
5.228 148.098 779.024 18:23:59
5.224 162.073 843.415 18:24:00
5.228 147.488 771.220 18:24:01
5.220 162.878 850.244 18:24:02
5.228 148.293 776.098 18:24:03
5.228 148.390 777.073 18:24:04
5.224 148.390 774.634 18:24:05
5.228 148.390 857.561 18:24:06
5.220 163.780 856.585 18:24:07
5.228 150.683 786.341 18:24:08
5.224 167.073 868.780 18:24:09
5.232 148.195 777.561 18:24:10
5.188 255.585 1326.829 18:24:11
5.228 148.293 772.195 18:24:12
5.228 147.976 774.634 18:24:13
5.220 162.195 843.415 18:24:14
5.228 148.488 775.122 18:24:15
5.224 153.878 801.463 18:24:16
5.228 148.098 771.220 18:24:17
5.224 149.585 780.000 18:24:18
5.228 147.488 775.122 18:24:19
5.228 147.488 771.220 18:24:20
5.220 164.488 857.561 18:24:21
5.228 150.488 788.780 18:24:22
5.220 174.585 916.585 18:24:23
5.228 151.488 777.561 18:24:24
5.228 148.293 774.634 18:24:25
5.228 147.585 776.098 18:24:26
5.228 148.195 774.634 18:24:27
5.224 160.780 847.317 18:24:28
5.228 148.488 775.122 18:24:29
5.220 161.073 843.415 18:24:30
5.228 148.098 774.634 18:24:31
5.228 148.195 782.439 18:24:32
5.228 148.488 774.634 18:24:33
5.224 148.293 774.634 18:24:34
5.224 161.293 845.366 18:24:35
5.224 147.585 777.073 18:24:36
5.224 246.878 846.341 18:24:37
5.228 148.780 773.659 18:24:38
5.220 163.878 851.220 18:24:39
5.228 148.293 772.195 18:24:40
5.228 147.878 770.244 18:24:41
5.224 147.976 772.683 18:24:42
5.228 148.195 774.634 18:24:43
5.220 161.390 842.439 18:24:44
5.228 148.195 774.634 18:24:45
5.220 160.683 847.805 18:24:46
5.224 148.098 774.634 18:24:47
5.228 148.195 774.634 18:24:48
5.220 148.488 775.122 18:24:49
5.228 148.195 769.756 18:24:50
5.220 163.683 854.146 18:24:51
5.228 150.683 782.439 18:24:52
5.220 193.293 1008.780 18:24:53
5.228 147.976 773.659 18:24:54
5.228 150.488 786.341 18:24:55
5.228 148.293 775.122 18:24:56
5.224 148.293 775.122 18:24:57
5.220 161.390 846.341 18:24:58
5.228 147.683 776.098 18:24:59
5.224 153.878 803.415 18:25:00
5.228 149.195 777.073 18:25:01
5.176 342.268 1745.366 18:25:02
5.228 148.878 776.098 18:25:03
5.220 179.878 934.146 18:25:04
5.224 161.683 843.415 18:25:05
5.228 148.293 774.634 18:25:06
5.224 161.878 846.341 18:25:07
5.228 147.976 772.683 18:25:08
5.192 270.366 1503.415 18:25:09
5.224 148.195 775.122 18:25:10
5.224 148.585 777.561 18:25:11
5.224 161.293 840.976 18:25:12
5.228 148.780 777.561 18:25:13
5.224 161.585 847.805 18:25:14
5.228 148.683 776.098 18:25:15
5.224 152.780 797.073 18:25:16
5.224 148.488 776.098 18:25:17
5.228 148.390 774.634 18:25:18
5.228 148.293 771.220 18:25:19
5.228 148.098 779.024 18:25:20
5.224 161.683 840.000 18:25:21
5.228 148.098 772.195 18:25:22
5.216 161.878 843.902 18:25:23
5.228 148.195 774.634 18:25:24
5.192 305.976 1415.610 18:25:25
5.228 150.098 787.805 18:25:26
5.228 150.585 783.415 18:25:27
5.224 163.585 853.659 18:25:28
5.224 150.390 785.854 18:25:29
5.220 163.683 858.537 18:25:30
5.224 150.488 783.902 18:25:31
5.224 163.878 856.098 18:25:32
5.228 148.195 775.122 18:25:33
5.228 147.098 774.634 18:25:34
5.224 161.293 841.463 18:25:35
5.228 148.585 775.122 18:25:36
5.220 161.195 840.976 18:25:37
5.228 148.585 777.561 18:25:38
5.224 163.780 854.146 18:25:39
5.228 148.098 774.634 18:25:40
5.192 254.073 1318.049 18:25:41
5.228 148.293 777.561 18:25:42
5.228 148.488 774.634 18:25:43
5.220 161.195 840.000 18:25:44
5.224 149.195 777.561 18:25:45
5.220 163.780 855.122 18:25:46
5.228 150.488 786.341 18:25:47
5.188 266.976 1469.756 18:25:48
5.228 150.683 787.805 18:25:49
5.228 150.585 785.854 18:25:50
5.224 161.585 844.878 18:25:51
5.232 147.585 772.195 18:25:52
5.224 161.878 843.902 18:25:53
5.228 147.878 771.220 18:25:54
5.224 161.878 847.317 18:25:55
5.224 148.293 774.634 18:25:56
5.228 148.293 774.634 18:25:57
5.220 161.390 843.415 18:25:58
5.224 148.293 771.220 18:25:59
5.224 163.780 850.244 18:26:00
5.228 150.390 824.878 18:26:01
5.188 218.390 1115.610 18:26:02
5.220 151.390 789.756 18:26:03
5.224 148.195 779.024 18:26:04
5.224 161.073 841.463 18:26:05
5.228 148.780 777.561 18:26:06
5.228 148.390 776.098 18:26:07
5.228 148.293 775.122 18:26:08
5.224 161.585 842.439 18:26:09
5.228 148.293 774.634 18:26:10
5.224 147.976 774.634 18:26:12
5.224 148.585 774.634 18:26:13
5.228 149.195 778.537 18:26:14
5.220 161.878 844.878 18:26:15
5.228 148.390 770.244 18:26:16
5.220 161.488 843.415 18:26:17
5.228 148.195 777.073 18:26:18
5.228 148.195 774.634 18:26:19
5.224 148.390 772.683 18:26:20
5.228 148.195 774.634 18:26:21
5.220 161.293 842.439 18:26:22
5.224 148.195 774.634 18:26:23
5.220 163.390 852.683 18:26:24
5.228 148.293 775.122 18:26:25
5.196 236.073 1105.366 18:26:26
5.228 148.098 780.000 18:26:27
5.228 147.390 771.220 18:26:28
5.220 162.073 846.341 18:26:29
5.224 148.195 772.683 18:26:30
5.224 161.293 844.878 18:26:31
5.228 148.098 774.634 18:26:32
5.180 289.878 1492.195 18:26:33
5.228 148.195 772.195 18:26:34
5.224 147.390 770.244 18:26:35
5.224 161.195 842.439 18:26:36
5.228 148.195 768.293 18:26:37
5.220 161.293 842.439 18:26:38
5.224 148.195 776.098 18:26:39
5.220 161.488 847.317 18:26:40
5.224 147.780 771.220 18:26:41
5.228 149.585 779.024 18:26:42
5.228 147.488 771.220 18:26:43
5.228 147.878 772.683 18:26:44
5.224 161.878 844.878 18:26:45
5.232 148.098 774.634 18:26:46
5.224 153.878 806.341 18:26:47
5.228 148.195 775.122 18:26:48
5.220 150.195 780.976 18:26:49
5.220 157.878 772.195 18:26:50
5.224 147.488 775.122 18:26:51
5.220 161.390 843.902 18:26:52
5.228 147.488 775.122 18:26:53
5.216 149.780 780.000 18:26:54
5.228 148.098 774.634 18:26:55
5.196 250.366 1307.317 18:26:56
5.224 148.195 783.415 18:26:57
5.228 148.195 774.634 18:26:58
5.224 162.488 843.902 18:26:59
5.228 167.390 1475.610 18:27:00
5.224 161.390 843.415 18:27:01
5.224 149.293 774.634 18:27:02
5.144 332.366 2302.439 18:27:03
5.224 149.098 779.024 18:27:04
5.228 148.488 775.122 18:27:05
5.220 161.390 840.976 18:27:06
5.224 148.293 775.122 18:27:07
5.224 161.488 1162.927 18:27:08
5.228 149.976 786.341 18:27:09
5.220 164.585 855.122 18:27:10
5.228 151.098 789.756 18:27:11
5.228 150.585 787.317 18:27:12
5.228 150.195 783.902 18:27:13
5.228 151.195 787.805 18:27:14
5.220 162.683 847.805 18:27:15
5.224 148.293 771.220 18:27:16
5.220 163.878 850.244 18:27:17
5.228 148.195 771.220 18:27:18
5.176 250.976 1393.659 18:27:19
5.228 148.488 775.122 18:27:20
5.224 148.390 776.098 18:27:21
5.220 160.976 843.415 18:27:22
5.228 148.878 777.561 18:27:23
5.220 161.585 840.000 18:27:24
5.228 154.073 773.659 18:27:25
5.224 155.488 872.195 18:27:26
5.228 147.488 775.122 18:27:27
5.228 147.976 772.195 18:27:28
5.220 163.683 852.683 18:27:29
5.228 150.293 787.317 18:27:30
5.220 163.585 854.146 18:27:31
5.228 150.488 787.317 18:27:32
5.220 163.683 858.537 18:27:33
5.228 150.780 786.341 18:27:34
5.228 148.195 770.244 18:27:35
5.228 148.390 774.634 18:27:36
5.228 148.195 773.659 18:27:37
5.228 148.293 776.098 18:27:38
5.224 148.293 774.634 18:27:39
5.224 162.195 842.439 18:27:40
5.228 147.585 774.634 18:27:41
5.192 271.878 1404.878 18:27:42
5.228 148.390 774.634 18:27:43
5.224 147.878 772.683 18:27:44
5.220 161.780 844.878 18:27:45
5.228 147.488 771.220 18:27:46
5.224 161.878 844.878 18:27:47
5.228 148.878 774.634 18:27:48
5.196 161.976 845.366 18:27:49
5.228 148.195 775.122 18:27:50
5.228 148.098 774.634 18:27:51
5.224 161.195 842.439 18:27:52
5.224 148.293 775.122 18:27:53
5.220 170.878 891.220 18:27:54
5.228 147.488 771.220 18:27:55
5.224 162.488 843.902 18:27:56
5.224 148.195 774.634 18:27:57
5.228 148.195 774.634 18:27:58
5.224 147.488 771.220 18:27:59
5.228 148.293 776.098 18:28:00
5.224 161.293 846.341 18:28:01
5.228 148.976 772.195 18:28:02
5.192 309.268 1607.317 18:28:03
5.228 193.171 1006.341 18:28:04
5.212 251.366 1309.268 18:28:05
5.228 147.683 772.195 18:28:06
5.228 147.976 771.220 18:28:07
5.220 161.195 843.902 18:28:08
5.228 148.488 776.098 18:28:09
5.220 163.073 852.195 18:28:10
5.228 148.390 776.098 18:28:11
5.228 205.585 1070.732 18:28:12
5.228 147.780 777.561 18:28:13
5.224 148.585 774.634 18:28:14
5.220 161.073 841.463 18:28:15
5.228 148.293 775.122 18:28:16
5.224 161.390 843.415 18:28:17
5.228 148.585 777.073 18:28:18
5.196 255.878 1314.146 18:28:19
5.224 148.293 773.659 18:28:20
5.228 148.878 778.537 18:28:21
5.224 161.293 845.366 18:28:22
5.228 148.293 772.195 18:28:23
5.220 168.976 905.366 18:28:24
5.228 148.390 775.122 18:28:25
5.224 164.390 857.561 18:28:26
5.228 150.683 787.317 18:28:27
5.224 150.585 787.317 18:28:28
5.220 163.683 853.659 18:28:29
5.228 149.976 786.341 18:28:30
5.220 161.976 841.463 18:28:31
5.224 147.780 776.098 18:28:32
5.224 256.780 1004.878 18:28:33
5.216 148.195 775.122 18:28:34
5.228 148.098 774.634 18:28:35
5.228 148.585 807.805 18:28:36
5.228 148.195 772.683 18:28:37
5.220 147.488 774.634 18:28:39
5.228 150.976 789.756 18:28:40
5.196 259.268 1347.317 18:28:41
5.228 148.195 773.659 18:28:42
5.228 148.585 774.634 18:28:43
5.228 147.683 775.122 18:28:44
5.224 148.390 774.634 18:28:45
5.224 160.976 847.805 18:28:46
5.228 147.683 774.634 18:28:47
5.220 161.390 843.415 18:28:48
5.228 147.585 774.634 18:28:49
5.176 289.976 1294.146 18:28:50
5.228 147.585 776.098 18:28:51
5.224 147.585 775.122 18:28:52
5.228 162.195 840.976 18:28:53
5.224 148.098 776.098 18:28:54
5.212 195.585 1057.561 18:28:55
5.228 148.195 776.098 18:28:56
5.220 162.073 843.902 18:28:57
5.228 148.293 774.634 18:28:58
5.228 148.390 774.634 18:28:59
5.220 260.976 781.463 18:29:00
5.224 154.488 827.805 18:29:01
5.224 164.780 859.024 18:29:02
5.228 151.098 789.756 18:29:03
5.220 164.780 856.585 18:29:04
5.224 150.683 786.341 18:29:05
5.228 150.976 793.659 18:29:06
5.224 161.878 841.463 18:29:07
5.228 147.293 771.220 18:29:08
5.224 161.683 843.902 18:29:09
5.228 148.195 775.122 18:29:10
5.224 161.293 844.878 18:29:11
5.228 148.098 776.098 18:29:12
5.228 147.390 774.634 18:29:13
5.224 161.073 841.463 18:29:14
5.224 148.195 771.220 18:29:15
5.220 161.293 846.341 18:29:16
5.224 148.293 774.634 18:29:17
5.196 300.463 1719.024 18:29:18
5.228 148.488 776.098 18:29:19
5.228 148.293 774.634 18:29:20
5.220 161.293 838.537 18:29:21
5.228 149.195 776.098 18:29:22
5.224 161.683 846.341 18:29:23
5.228 148.195 773.659 18:29:24
5.180 284.463 1517.561 18:29:25
5.228 148.098 772.683 18:29:26
5.228 148.098 773.659 18:29:27
5.224 161.195 846.341 18:29:28
5.228 147.683 773.659 18:29:29
5.220 161.976 842.439 18:29:30
5.228 147.098 777.073 18:29:31
5.220 161.488 842.439 18:29:32
5.228 147.585 771.220 18:29:33
5.228 147.683 775.122 18:29:34
5.224 161.073 842.439 18:29:35
5.228 150.293 787.805 18:29:36
5.220 170.683 858.537 18:29:37
5.224 150.683 789.756 18:29:38
5.220 165.488 1276.585 18:29:39
5.224 150.683 786.341 18:29:40
5.192 253.488 1349.268 18:29:41
5.228 147.390 774.634 18:29:42
5.228 148.390 777.073 18:29:43
5.220 161.195 840.976 18:29:44
5.228 148.195 772.683 18:29:45
5.220 176.585 853.659 18:29:46
5.228 147.780 774.634 18:29:47
5.176 251.976 1493.171 18:29:48
5.228 147.683 772.195 18:29:49
5.228 147.780 772.683 18:29:50
5.224 161.976 840.000 18:29:51
5.228 148.293 775.122 18:29:52
5.208 182.878 844.878 18:29:53
5.228 150.488 819.024 18:29:54
5.184 274.366 1437.073 18:29:55
5.224 149.878 783.415 18:29:56
5.228 148.293 769.756 18:29:57
5.224 161.195 845.366 18:29:58
5.228 148.195 774.634 18:29:59
5.224 167.878 846.341 18:30:00
5.228 148.390 773.659 18:30:01
5.224 162.878 847.317 18:30:02
5.228 149.488 777.561 18:30:03
5.228 148.293 777.073 18:30:04
5.224 164.488 853.659 18:30:05
5.228 150.585 783.415 18:30:06
5.220 169.390 882.439 18:30:07
5.224 150.683 787.317 18:30:08
5.220 164.293 856.585 18:30:09
5.228 150.488 787.317 18:30:10
5.228 148.195 774.634 18:30:11
5.224 162.073 844.878 18:30:12
5.228 147.976 775.122 18:30:13
5.228 148.390 772.195 18:30:14
5.224 148.293 771.220 18:30:15
5.196 164.073 852.683 18:30:16
5.224 148.098 774.634 18:30:17
5.228 149.488 836.585 18:30:18
5.224 148.390 776.098 18:30:19
5.228 148.195 774.634 18:30:20
5.224 161.195 840.976 18:30:21
5.228 148.195 774.634 18:30:22
5.224 161.293 843.415 18:30:23
5.228 148.585 776.098 18:30:24
5.148 392.951 1775.122 18:30:25
5.228 148.488 774.634 18:30:26
5.228 148.585 774.634 18:30:27
5.224 161.073 842.439 18:30:28
5.228 148.390 776.098 18:30:29
5.220 161.390 845.366 18:30:30
5.224 146.878 774.634 18:30:31
5.224 161.390 1299.512 18:30:32
5.224 148.098 774.634 18:30:33
5.228 147.488 769.756 18:30:34
5.224 163.293 852.195 18:30:35
5.228 148.780 778.537 18:30:36
5.220 161.488 843.902 18:30:37
5.228 148.293 769.756 18:30:38
5.224 161.585 842.439 18:30:39
5.224 147.585 776.098 18:30:41
5.188 330.171 1944.390 18:30:42
5.228 147.585 776.098 18:30:43
5.228 147.488 774.634 18:30:44
5.220 162.780 844.878 18:30:45
5.224 147.683 774.634 18:30:46
5.224 161.293 897.561 18:30:47
5.224 148.098 771.220 18:30:48
5.172 268.976 1410.732 18:30:49
5.224 150.488 787.317 18:30:50
5.228 150.976 786.341 18:30:51
5.220 163.683 853.659 18:30:52
5.228 150.585 786.341 18:30:53
5.220 163.390 852.683 18:30:54
5.228 149.780 786.341 18:30:55
5.224 163.878 859.024 18:30:56
5.228 148.293 771.220 18:30:57
5.224 148.098 772.195 18:30:58
5.224 148.293 772.683 18:30:59
5.228 368.659 784.878 18:31:00
5.224 162.878 845.366 18:31:01
5.228 147.976 804.878 18:31:02
5.224 162.390 844.878 18:31:03
5.224 147.878 773.659 18:31:04
5.228 147.488 774.634 18:31:05
5.228 147.585 776.098 18:31:06
5.228 148.098 774.634 18:31:07
5.220 161.293 841.463 18:31:08
5.220 150.585 787.317 18:31:09
5.220 163.488 856.585 18:31:10
5.228 150.293 787.317 18:31:11
5.188 271.463 1410.732 18:31:12
5.220 163.780 789.756 18:31:13
5.228 150.488 786.341 18:31:14
5.224 161.390 841.463 18:31:15
5.228 147.585 774.634 18:31:16
5.224 161.683 841.463 18:31:17
5.228 148.390 773.659 18:31:18
5.224 162.073 843.415 18:31:19
5.228 148.293 767.317 18:31:20
5.228 148.195 775.122 18:31:21
5.224 161.585 844.878 18:31:22
5.224 147.488 775.122 18:31:23
5.224 162.293 840.976 18:31:24
5.228 147.976 774.634 18:31:25
5.224 163.293 852.195 18:31:26
5.228 148.195 776.098 18:31:27
5.188 264.073 1344.390 18:31:28
5.228 148.488 771.220 18:31:29
5.228 148.390 772.195 18:31:30
5.220 161.293 842.439 18:31:31
5.228 147.976 769.756 18:31:32
5.220 163.976 1410.732 18:31:33
5.224 154.488 775.122 18:31:34
5.196 210.683 911.707 18:31:35
5.212 147.878 827.317 18:31:36
5.228 148.195 771.220 18:31:37
5.228 148.195 774.634 18:31:38
5.228 149.878 784.878 18:31:39
5.224 161.293 843.415 18:31:40
5.228 148.293 777.073 18:31:41
5.192 248.171 1354.634 18:31:42
5.224 148.976 774.634 18:31:43
5.212 199.976 1378.537 18:31:44
5.228 148.293 775.122 18:31:45
5.228 148.098 773.659 18:31:46
5.224 161.293 841.463 18:31:47
5.228 147.878 774.634 18:31:48
5.224 161.976 841.463 18:31:49
5.228 150.390 786.341 18:31:50
5.188 273.780 1420.000 18:31:51
5.228 149.976 786.341 18:31:52
5.228 150.488 784.878 18:31:53
5.224 163.683 852.683 18:31:54
5.224 150.488 786.341 18:31:55
5.208 195.683 882.439 18:31:56
5.228 148.390 774.634 18:31:57
5.224 162.195 843.415 18:31:58
5.228 147.976 776.098 18:31:59
5.228 149.390 783.415 18:32:00
5.220 162.073 850.244 18:32:01
5.228 148.195 776.098 18:32:02
5.220 162.293 842.439 18:32:03
5.228 146.878 782.439 18:32:04
5.192 252.366 1312.195 18:32:05
5.224 148.390 776.098 18:32:06
5.228 148.878 772.683 18:32:07
5.220 161.073 844.878 18:32:08
5.228 147.878 774.634 18:32:09
5.224 161.780 844.878 18:32:10
5.228 148.293 776.098 18:32:11
5.224 161.878 848.780 18:32:12
5.228 148.390 774.634 18:32:13
5.228 148.293 774.634 18:32:14
5.228 148.390 772.683 18:32:15
5.224 146.780 776.098 18:32:16
5.220 161.976 843.902 18:32:17
5.228 147.390 776.098 18:32:18
5.224 161.293 895.122 18:32:19
5.228 147.585 808.780 18:32:20
5.228 148.195 774.634 18:32:21
5.220 164.390 861.463 18:32:22
5.228 149.976 787.317 18:32:23
5.220 163.585 855.122 18:32:24
5.228 150.683 789.756 18:32:25
5.156 332.171 1297.073 18:32:26
5.224 150.585 786.341 18:32:27
5.180 209.488 1211.707 18:32:28
5.228 147.780 777.073 18:32:29
5.228 147.585 773.659 18:32:30
5.220 161.195 844.878 18:32:31
5.228 148.293 775.122 18:32:32
5.224 161.683 841.463 18:32:33
5.228 148.293 776.098 18:32:34
5.224 148.293 771.220 18:32:35
5.228 148.780 772.683 18:32:36
5.228 148.293 774.634 18:32:37
5.224 160.976 845.366 18:32:38
5.228 148.293 775.122 18:32:39
5.224 161.976 861.463 18:32:41
5.228 147.683 774.634 18:32:42
5.144 413.951 1979.512 18:32:43
5.228 148.293 772.195 18:32:44
5.224 148.976 772.195 18:32:45
5.224 161.390 843.902 18:32:46
5.228 148.195 774.634 18:32:47
5.228 148.390 773.659 18:32:48
5.228 149.780 783.415 18:32:49
5.220 161.878 846.341 18:32:50
5.228 148.878 863.902 18:32:51
5.228 149.780 781.463 18:32:52
5.224 148.390 776.098 18:32:53
5.228 148.098 774.634 18:32:54
5.224 160.976 841.463 18:32:55
5.228 148.195 771.220 18:32:56
5.220 162.976 985.366 18:32:57
5.228 148.195 771.220 18:32:58
5.196 255.073 1294.146 18:32:59
5.160 150.780 781.463 18:33:00
5.228 153.390 797.561 18:33:01
5.224 161.976 844.878 18:33:02
5.224 148.976 772.683 18:33:03
5.220 178.195 847.317 18:33:04
5.228 152.585 772.195 18:33:05
5.192 253.171 1325.854 18:33:06
5.224 150.585 783.415 18:33:07
5.228 150.488 786.341 18:33:08
5.220 163.780 859.024 18:33:09
5.220 150.293 786.341 18:33:10
5.224 164.390 856.098 18:33:11
5.228 148.195 772.683 18:33:12
5.196 251.268 1295.610 18:33:13
5.228 148.293 776.098 18:33:14
5.224 148.098 772.683 18:33:15
5.220 160.976 842.439 18:33:16
5.224 148.195 775.122 18:33:17
5.220 161.683 843.415 18:33:18
5.228 148.098 777.561 18:33:19
5.204 153.098 798.537 18:33:20
5.228 147.585 777.073 18:33:21
5.228 148.098 773.659 18:33:22
5.224 159.293 776.098 18:33:23
5.224 148.098 776.098 18:33:24
5.220 164.585 843.415 18:33:25
5.228 148.195 773.659 18:33:26
5.224 162.073 846.341 18:33:27
5.228 148.098 772.683 18:33:28
5.224 147.780 773.659 18:33:29
5.228 148.293 774.634 18:33:30
5.228 148.488 774.634 18:33:31
5.220 161.683 842.439 18:33:32
5.224 147.390 777.073 18:33:33
5.196 312.780 1306.829 18:33:34
5.228 147.293 775.122 18:33:35
5.204 148.585 966.829 18:33:36
5.228 147.780 776.098 18:33:37
5.228 147.683 775.122 18:33:38
5.224 161.195 843.415 18:33:39
5.224 147.976 777.561 18:33:40
5.224 162.195 841.463 18:33:41
5.228 148.195 770.244 18:33:42
5.168 325.780 1683.415 18:33:43
5.224 148.195 774.634 18:33:44
5.228 148.098 773.659 18:33:45
5.224 161.195 841.463 18:33:46
5.228 147.488 771.220 18:33:47
5.224 163.073 841.463 18:33:48
5.228 148.293 775.122 18:33:49
5.224 161.073 839.024 18:33:50
5.228 148.683 773.659 18:33:51
5.228 148.195 773.659 18:33:52
5.228 147.780 772.683 18:33:53
5.228 147.976 777.561 18:33:54
5.224 161.390 841.463 18:33:55
5.228 157.195 770.244 18:33:56
5.220 162.878 877.561 18:33:57
5.228 147.390 777.073 18:33:58
5.188 257.073 1335.610 18:33:59
5.224 163.780 820.000 18:34:00
5.228 150.585 784.878 18:34:01
5.224 161.293 844.878 18:34:02
5.224 147.488 776.098 18:34:03
5.224 163.195 842.439 18:34:04
5.224 151.585 787.317 18:34:05
5.220 164.390 859.024 18:34:06
5.228 147.780 774.634 18:34:07
5.228 148.195 774.634 18:34:08
5.224 161.390 846.341 18:34:09
5.228 148.195 774.634 18:34:10
5.228 148.390 777.073 18:34:11
5.228 147.585 771.220 18:34:12
5.152 326.366 1201.951 18:34:13
5.228 148.195 774.634 18:34:14
5.228 147.390 775.122 18:34:15
5.224 176.585 772.683 18:34:16
5.224 148.585 773.659 18:34:17
5.224 161.195 846.341 18:34:18
5.228 147.488 771.220 18:34:19
5.220 162.293 840.976 18:34:20
5.228 148.488 774.634 18:34:21
5.224 147.488 774.634 18:34:22
5.228 148.488 774.634 18:34:23
5.224 147.976 776.098 18:34:24
5.220 168.780 840.000 18:34:25
5.224 147.293 774.634 18:34:26
5.224 161.780 843.415 18:34:27
5.224 148.098 777.561 18:34:28
5.228 148.293 774.634 18:34:29
5.228 148.488 771.220 18:34:30
5.228 148.098 1054.146 18:34:31
5.204 161.390 887.317 18:34:32
5.228 148.195 769.756 18:34:33
5.224 163.390 850.244 18:34:34
5.228 148.098 773.659 18:34:35
5.196 251.976 1294.146 18:34:36
5.228 148.293 774.634 18:34:37
5.228 147.683 774.634 18:34:38
5.228 161.878 843.902 18:34:39
5.228 148.683 774.634 18:34:41
5.220 161.878 844.878 18:34:42
5.228 148.195 772.683 18:34:43
5.220 161.683 847.805 18:34:44
5.228 148.585 774.634 18:34:45
5.228 147.488 768.780 18:34:46
5.224 153.878 775.122 18:34:47
5.228 148.293 819.024 18:34:48
5.224 163.780 897.561 18:34:49
5.228 148.683 774.634 18:34:50
5.220 163.488 849.756 18:34:51
5.228 147.683 771.220 18:34:52
5.192 255.366 1106.829 18:34:53
5.228 148.390 776.098 18:34:54
5.224 147.488 771.220 18:34:55
5.220 161.073 843.415 18:34:56
5.228 148.195 775.122 18:34:57
5.224 161.390 842.439 18:34:58
5.228 147.585 772.195 18:34:59
5.160 500.244 1425.854 18:35:00
5.224 151.293 790.244 18:35:01
5.228 150.878 786.341 18:35:02
5.216 183.683 947.805 18:35:03
5.228 148.585 774.634 18:35:04
5.224 161.585 847.805 18:35:05
5.228 148.098 783.415 18:35:06
5.220 171.488 846.341 18:35:07
5.228 148.195 776.098 18:35:08
5.224 147.878 771.220 18:35:09
5.220 161.585 839.024 18:35:10
5.228 148.195 773.659 18:35:11
5.220 163.780 857.561 18:35:12
5.224 150.488 782.439 18:35:13
5.224 156.976 823.902 18:35:14
5.228 150.585 782.439 18:35:15
5.228 150.683 786.341 18:35:16
5.220 163.683 853.659 18:35:17
5.228 150.390 787.317 18:35:18
5.224 163.780 854.146 18:35:19
5.228 148.098 774.634 18:35:20
5.220 163.683 860.000 18:35:21
5.224 148.390 773.659 18:35:22
5.208 267.268 1394.634 18:35:23
5.224 147.976 772.195 18:35:24
5.228 148.098 775.122 18:35:25
5.216 161.293 845.366 18:35:26
5.228 151.976 774.634 18:35:27
5.212 163.293 852.195 18:35:28
5.228 148.293 770.244 18:35:29
5.192 271.366 1332.195 18:35:30
5.224 148.293 775.122 18:35:31
5.228 147.195 773.659 18:35:32
5.220 161.293 842.439 18:35:33
5.224 148.098 773.659 18:35:34
5.220 174.683 843.415 18:35:35
5.228 148.098 774.634 18:35:36
5.196 248.780 1305.854 18:35:37
5.228 148.293 774.634 18:35:38
5.224 147.683 774.634 18:35:39
5.224 161.878 841.463 18:35:40
5.228 148.390 769.756 18:35:41
5.224 161.073 1217.073 18:35:42
5.224 148.195 776.098 18:35:43
5.224 161.488 846.341 18:35:44
5.224 148.195 776.098 18:35:45
5.228 148.195 774.634 18:35:46
5.228 149.585 771.220 18:35:47
5.228 147.976 774.634 18:35:48
5.224 162.585 852.683 18:35:49
5.228 149.488 781.463 18:35:50
5.224 163.878 854.146 18:35:51
5.228 148.195 776.098 18:35:52
5.196 247.780 1312.195 18:35:53
5.228 148.390 777.561 18:35:54
5.228 147.976 771.220 18:35:55
5.224 161.293 845.366 18:35:56
5.224 148.293 775.122 18:35:57
5.224 164.195 858.537 18:35:58
5.224 150.390 786.341 18:35:59
5.220 159.585 834.634 18:36:00
5.224 149.976 783.415 18:36:01
5.228 150.488 786.341 18:36:02
5.220 163.780 856.098 18:36:03
5.224 151.488 786.341 18:36:04
5.224 163.780 853.659 18:36:05
5.228 150.585 787.805 18:36:06
5.220 173.195 859.024 18:36:07
5.224 149.878 782.439 18:36:08
5.224 149.878 788.780 18:36:09
5.228 148.683 776.098 18:36:10
5.228 148.098 774.634 18:36:11
5.224 161.293 840.000 18:36:12
5.228 148.390 771.220 18:36:13
5.224 163.390 851.220 18:36:14
5.228 155.683 772.683 18:36:15
5.188 315.171 1380.976 18:36:16
5.228 147.585 776.098 18:36:17
5.228 148.195 774.634 18:36:18
5.224 161.073 843.902 18:36:19
5.228 150.390 770.244 18:36:20
5.220 161.488 912.683 18:36:21
5.224 147.488 771.220 18:36:22
5.188 270.073 1424.878 18:36:23
5.224 148.585 774.634 18:36:24
5.224 147.488 770.244 18:36:25
5.220 161.780 842.439 18:36:26
5.228 147.683 775.122 18:36:27
5.224 161.293 846.341 18:36:28
5.228 156.293 774.634 18:36:29
5.224 162.293 843.902 18:36:30
5.228 148.195 776.098 18:36:31
5.228 148.098 774.634 18:36:32
5.228 147.585 769.756 18:36:33
5.224 147.488 777.073 18:36:34
5.220 161.195 844.878 18:36:35
5.228 147.488 774.634 18:36:36
5.224 163.878 856.585 18:36:37
5.224 148.293 772.683 18:36:38
5.228 149.780 783.415 18:36:39
5.228 148.780 772.195 18:36:41
5.228 147.488 774.634 18:36:42
5.220 161.976 842.439 18:36:43
5.228 148.195 775.122 18:36:44
5.220 163.195 844.878 18:36:45
5.228 148.293 775.122 18:36:46
5.208 271.585 1403.415 18:36:47
5.228 148.390 776.098 18:36:48
5.228 148.585 772.683 18:36:49
5.220 161.293 845.366 18:36:50
5.224 148.098 771.220 18:36:51
5.220 162.976 849.756 18:36:52
5.224 148.293 774.634 18:36:53
5.228 147.683 940.000 18:36:54
5.228 148.683 771.220 18:36:55
5.224 148.195 771.220 18:36:56
5.220 161.780 844.878 18:36:57
5.228 157.488 774.634 18:36:58
5.220 163.683 851.220 18:36:59
5.228 150.098 1434.634 18:37:00
5.164 273.585 1643.902 18:37:01
5.228 148.293 776.098 18:37:02
5.228 148.390 771.220 18:37:03
5.220 161.390 842.439 18:37:04
5.224 147.878 774.634 18:37:05
5.220 161.195 842.439 18:37:06
5.228 148.195 769.756 18:37:07
5.168 274.268 1431.220 18:37:08
5.224 149.878 786.341 18:37:09
5.228 150.390 786.341 18:37:10
5.220 163.683 853.659 18:37:11
5.228 150.293 786.341 18:37:12
5.224 163.780 856.585 18:37:13
5.228 150.488 784.878 18:37:14
5.220 164.488 856.098 18:37:15
5.228 149.878 785.854 18:37:16
5.228 147.390 774.634 18:37:17
5.228 148.098 777.073 18:37:18
5.228 147.293 774.634 18:37:19
5.224 161.585 844.878 18:37:20
5.224 148.098 775.122 18:37:21
5.224 161.878 842.439 18:37:22
5.228 147.488 774.634 18:37:23
5.228 148.098 777.561 18:37:24
5.220 148.293 776.098 18:37:25
5.228 147.780 772.683 18:37:26
5.224 161.293 843.902 18:37:27
5.224 148.293 774.634 18:37:28
5.224 204.488 916.098 18:37:29
5.216 155.683 812.683 18:37:30
5.188 267.976 1409.268 18:37:31
5.224 148.293 775.122 18:37:32
5.220 147.488 775.122 18:37:33
5.220 161.878 841.463 18:37:34
5.228 148.683 774.634 18:37:35
5.224 172.390 843.902 18:37:36
5.224 148.293 776.098 18:37:37
5.220 162.073 847.317 18:37:38
5.228 147.976 774.634 18:37:39
5.228 148.683 778.537 18:37:40
5.224 148.390 775.122 18:37:41
5.228 148.293 774.634 18:37:42
5.228 147.585 776.098 18:37:43
5.228 148.293 775.122 18:37:44
5.224 161.976 845.366 18:37:45
5.224 149.195 780.000 18:37:46
5.224 150.976 789.756 18:37:47
5.228 150.585 786.341 18:37:48
5.224 150.488 857.561 18:37:49
5.220 163.683 854.146 18:37:50
5.228 150.780 787.805 18:37:51
5.224 163.585 854.146 18:37:52
5.228 148.293 776.098 18:37:53
5.188 270.463 1402.439 18:37:54
5.228 148.390 775.122 18:37:55
5.228 148.195 776.098 18:37:56
5.224 161.878 845.366 18:37:57
5.224 148.195 774.634 18:37:58
5.220 161.780 844.878 18:37:59
5.228 148.390 776.098 18:38:00
5.212 162.195 849.756 18:38:01
5.228 148.195 776.098 18:38:02
5.228 148.195 774.634 18:38:03
5.220 162.195 847.317 18:38:04
5.228 150.878 788.780 18:38:05
5.220 161.683 844.878 18:38:06
5.228 147.683 772.195 18:38:07
5.224 161.976 840.976 18:38:08
5.228 148.195 774.634 18:38:09
5.228 147.976 773.659 18:38:10
5.224 161.780 842.439 18:38:11
5.224 148.293 774.634 18:38:12
5.224 160.878 843.415 18:38:13
5.228 147.780 775.122 18:38:14
5.224 152.390 795.122 18:38:15
5.224 147.780 777.561 18:38:16
5.196 276.683 1306.829 18:38:17
5.228 148.390 774.634 18:38:18
5.228 148.390 776.098 18:38:19
5.224 161.293 840.000 18:38:20
5.228 148.293 772.195 18:38:21
5.224 161.073 843.415 18:38:22
5.224 150.683 786.341 18:38:23
5.148 378.561 2004.390 18:38:24
5.228 150.488 786.341 18:38:25
5.224 150.293 787.805 18:38:26
5.228 150.878 787.317 18:38:27
5.228 151.098 787.317 18:38:28
5.220 161.683 845.366 18:38:29
5.228 148.293 774.634 18:38:30
5.224 161.585 843.902 18:38:31
5.228 148.585 776.098 18:38:32
5.224 147.585 776.098 18:38:33
5.228 148.488 776.098 18:38:34
5.224 148.195 774.634 18:38:35
5.212 192.585 1003.902 18:38:36
5.228 147.976 772.683 18:38:37
5.224 173.878 847.317 18:38:38
5.224 148.293 772.683 18:38:39
5.228 148.098 774.634 18:38:40
5.224 148.390 777.561 18:38:41
5.224 147.585 770.244 18:38:42
5.220 161.780 841.463 18:38:43
5.224 148.488 775.122 18:38:44
5.184 270.073 1312.195 18:38:45
5.224 172.195 768.780 18:38:46
5.208 206.683 798.537 18:38:47
5.228 150.683 783.415 18:38:48
5.228 159.195 797.073 18:38:49
5.220 163.585 855.122 18:38:50
5.228 149.780 787.805 18:38:51
5.224 161.976 846.341 18:38:52
5.228 148.195 774.634 18:38:53
5.188 272.073 1394.634 18:38:54
5.228 148.390 776.098 18:38:55
5.228 147.293 773.659 18:38:56
5.220 160.585 845.366 18:38:57
5.228 148.098 774.634 18:38:58
5.224 161.390 845.366 18:38:59
5.208 204.171 1030.244 18:39:00
5.220 162.488 847.805 18:39:01
5.228 148.390 778.537 18:39:02
5.228 148.293 775.122 18:39:03
5.228 151.488 791.220 18:39:04
5.228 150.390 786.341 18:39:05
5.212 197.488 1172.683 18:39:06
5.228 147.488 774.634 18:39:07
5.220 161.390 842.439 18:39:08
5.228 147.488 823.415 18:39:10
5.228 147.976 779.024 18:39:11
5.200 246.268 1296.585 18:39:12
5.228 148.585 776.098 18:39:13
5.228 161.780 843.902 18:39:14
5.228 147.488 772.683 18:39:15
5.224 161.488 846.341 18:39:16
5.212 204.073 1062.927 18:39:17
5.236 124.585 652.195 18:39:18
5.224 152.293 797.073 18:39:19
5.228 150.293 784.878 18:39:20
