5.220 166.695 870.000 21:54:27
5.196 252.085 1304.634 21:54:28
5.220 162.695 849.268 21:54:29
5.228 148.793 777.317 21:54:30
5.224 148.695 778.537 21:54:31
5.220 162.793 847.561 21:54:33
5.228 148.890 778.049 21:54:34
5.228 148.195 777.317 21:54:35
5.228 149.098 777.561 21:54:36
5.228 148.390 776.341 21:54:37
5.224 161.793 845.610 21:54:38
5.224 148.598 776.829 21:54:39
5.220 163.195 850.000 21:54:40
5.224 176.098 790.000 21:54:41
5.228 151.000 790.488 21:54:42
5.224 165.000 860.488 21:54:43
5.216 205.195 786.829 21:54:44
5.220 162.195 847.561 21:54:45
5.228 149.293 776.829 21:54:46
5.220 164.293 900.732 21:54:47
5.228 148.695 777.317 21:54:48
5.228 150.195 784.390 21:54:49
5.216 184.195 947.805 21:54:50
5.228 148.195 778.049 21:54:51
5.220 161.793 844.390 21:54:52
5.228 148.890 777.561 21:54:53
5.220 163.695 855.122 21:54:54
5.228 148.793 777.317 21:54:55
5.228 148.793 776.341 21:54:56
5.228 148.890 779.268 21:54:57
5.228 148.598 774.390 21:54:58
5.224 161.890 845.610 21:54:59
5.228 149.098 776.341 21:55:00
5.224 162.890 852.683 21:55:01
5.228 149.293 777.561 21:55:02
5.224 152.598 798.780 21:55:03
5.228 151.390 789.268 21:55:04
5.228 151.098 789.268 21:55:05
5.220 164.598 857.073 21:55:06
5.228 151.098 788.537 21:55:07
5.224 165.000 860.000 21:55:08
5.228 151.098 790.732 21:55:09
5.228 151.000 788.780 21:55:10
5.224 149.000 778.537 21:55:11
5.228 148.793 779.756 21:55:12
5.224 161.793 845.122 21:55:13
5.224 149.000 778.537 21:55:14
5.224 163.793 857.561 21:55:15
5.228 148.793 778.537 21:55:16
5.164 353.890 1821.951 21:55:17
5.228 149.195 778.049 21:55:18
5.224 148.695 778.537 21:55:19
5.224 162.890 843.659 21:55:20
5.228 148.695 778.537 21:55:21
5.224 164.500 913.171 21:55:22
5.224 151.098 790.000 21:55:23
5.220 165.793 864.390 21:55:24
5.228 151.293 790.488 21:55:25
5.224 151.000 790.488 21:55:26
5.220 149.098 776.341 21:55:27
5.224 148.890 773.659 21:55:28
5.220 162.793 846.098 21:55:29
5.228 148.890 778.780 21:55:30
5.220 163.390 1185.610 21:55:31
5.228 149.390 778.049 21:55:32
5.212 179.793 950.000 21:55:33
5.220 165.293 858.049 21:55:34
5.224 151.000 786.341 21:55:35
5.224 164.000 859.512 21:55:36
5.228 150.293 789.268 21:55:37
5.196 360.488 1294.878 21:55:38
5.212 148.195 775.366 21:55:39
5.188 277.085 1443.902 21:55:40
5.228 148.793 778.537 21:55:41
5.228 148.695 778.780 21:55:42
5.224 162.390 845.610 21:55:43
5.228 148.793 778.780 21:55:44
5.220 163.793 855.122 21:55:45
5.228 148.598 778.537 21:55:46
5.124 501.341 2556.098 21:55:47
5.224 151.195 792.683 21:55:48
5.228 150.976 787.805 21:55:49
5.224 155.878 810.244 21:55:50
5.224 151.098 836.098 21:55:51
5.220 164.390 861.463 21:55:52
5.228 151.098 788.780 21:55:53
5.220 165.683 866.341 21:55:54
5.228 148.878 779.024 21:55:55
5.228 149.098 774.634 21:55:56
5.220 162.585 842.439 21:55:57
5.228 148.293 772.683 21:55:58
5.224 161.585 847.317 21:55:59
5.216 150.098 789.756 21:56:00
5.220 164.195 852.683 21:56:01
5.224 149.098 779.024 21:56:02
5.216 179.780 932.683 21:56:03
5.228 153.780 797.561 21:56:04
5.228 148.488 779.024 21:56:05
5.220 162.073 849.756 21:56:06
5.228 148.683 777.561 21:56:07
5.220 162.390 847.317 21:56:08
5.228 148.683 779.024 21:56:09
5.228 150.293 785.854 21:56:10
5.228 149.195 778.537 21:56:11
5.228 148.878 777.073 21:56:12
5.224 161.976 850.244 21:56:13
5.228 149.976 785.854 21:56:14
5.196 244.683 1142.927 21:56:15
5.228 148.780 773.659 21:56:16
5.192 272.268 1657.561 21:56:17
5.224 152.780 800.976 21:56:19
5.224 148.780 777.561 21:56:20
5.212 164.976 860.976 21:56:21
5.224 151.098 792.195 21:56:22
5.220 164.488 858.537 21:56:23
5.224 151.195 791.220 21:56:24
5.140 380.659 2500.976 21:56:25
5.220 155.195 810.244 21:56:26
5.224 150.780 788.780 21:56:27
5.224 152.878 798.537 21:56:28
5.224 148.878 777.073 21:56:29
5.220 162.683 849.756 21:56:30
5.228 148.878 776.098 21:56:31
5.192 254.683 1300.488 21:56:32
5.228 148.390 777.561 21:56:33
5.224 241.976 1081.951 21:56:34
5.224 164.293 857.561 21:56:35
5.228 150.976 789.756 21:56:36
5.224 164.390 859.024 21:56:37
5.224 151.390 789.756 21:56:38
5.220 164.976 860.976 21:56:39
5.224 151.293 790.244 21:56:40
5.136 415.561 2151.707 21:56:41
5.220 149.488 781.463 21:56:42
5.228 148.585 773.659 21:56:43
5.224 161.976 846.341 21:56:44
5.228 148.585 776.098 21:56:45
5.220 162.976 1231.707 21:56:46
5.224 148.098 777.073 21:56:47
5.180 325.073 1401.951 21:56:48
5.224 148.976 778.537 21:56:49
5.228 148.780 777.561 21:56:50
5.220 161.683 844.878 21:56:51
5.228 148.098 773.659 21:56:52
5.220 163.390 856.098 21:56:53
5.228 149.585 781.463 21:56:54
5.168 351.756 1752.683 21:56:55
5.224 152.780 794.634 21:56:56
5.228 147.976 778.537 21:56:57
5.224 161.585 849.756 21:56:58
5.224 148.293 777.073 21:56:59
5.224 164.683 862.439 21:57:00
5.224 148.780 777.561 21:57:01
5.140 397.951 2145.366 21:57:02
5.228 151.195 798.537 21:57:03
5.228 150.976 785.854 21:57:04
5.224 162.878 845.366 21:57:05
5.228 148.780 778.537 21:57:06
5.224 161.878 846.341 21:57:07
5.224 148.195 774.634 21:57:08
5.144 420.049 2466.341 21:57:09
5.224 148.878 833.659 21:57:10
5.228 147.976 777.073 21:57:11
5.228 152.683 798.537 21:57:12
5.228 148.683 782.439 21:57:13
5.224 161.976 851.220 21:57:14
5.228 151.195 790.244 21:57:15
5.120 474.659 2468.780 21:57:16
5.228 151.293 791.220 21:57:17
5.228 150.976 789.756 21:57:18
5.220 166.683 858.537 21:57:19
5.224 157.976 777.073 21:57:20
5.224 162.293 851.220 21:57:21
5.228 147.976 776.098 21:57:22
5.144 494.756 2524.878 21:57:23
5.228 148.780 814.634 21:57:24
5.228 148.780 777.561 21:57:25
5.224 152.683 798.537 21:57:26
5.228 148.683 778.537 21:57:27
5.216 162.585 847.805 21:57:28
5.228 151.195 790.244 21:57:29
5.224 165.195 861.463 21:57:30
5.228 151.390 789.756 21:57:31
5.224 150.976 789.756 21:57:32
5.228 151.293 790.244 21:57:33
5.228 151.195 789.756 21:57:34
5.220 206.683 1076.585 21:57:35
5.224 148.293 777.561 21:57:36
5.192 246.878 1298.537 21:57:37
5.228 149.195 1055.610 21:57:38
5.204 224.073 1141.951 21:57:39
5.224 148.976 779.024 21:57:40
5.228 148.683 777.561 21:57:41
5.220 162.195 844.878 21:57:42
5.224 148.976 775.122 21:57:43
5.220 164.585 942.439 21:57:44
5.224 148.195 777.561 21:57:45
5.152 362.659 1967.805 21:57:46
5.228 148.585 777.073 21:57:47
5.224 148.683 777.561 21:57:48
5.224 161.780 845.366 21:57:49
5.228 148.780 777.073 21:57:50
5.208 176.683 922.439 21:57:51
5.228 148.976 779.024 21:57:52
5.188 278.585 1440.976 21:57:53
5.224 149.098 779.024 21:57:54
5.228 154.585 777.561 21:57:55
5.220 162.780 844.878 21:57:56
5.228 148.780 777.561 21:57:57
5.220 162.073 883.902 21:57:58
5.228 148.488 779.024 21:57:59
5.216 164.390 905.366 21:58:00
5.224 151.195 792.195 21:58:01
5.228 151.098 788.780 21:58:02
5.220 165.293 861.463 21:58:03
5.224 154.390 791.220 21:58:04
5.220 164.780 880.000 21:58:05
5.224 151.195 790.244 21:58:06
5.212 166.390 868.780 21:58:07
5.228 148.098 776.098 21:58:08
5.224 148.976 779.024 21:58:09
5.220 187.878 772.683 21:58:10
5.228 148.780 772.683 21:58:11
5.224 162.683 847.805 21:58:12
5.224 148.683 777.561 21:58:13
5.220 163.293 854.146 21:58:14
5.224 148.878 777.561 21:58:15
5.228 147.976 777.561 21:58:16
5.224 148.878 777.561 21:58:17
5.224 148.293 779.024 21:58:18
5.224 161.683 851.220 21:58:19
5.228 148.878 777.561 21:58:20
5.216 502.244 1583.902 21:58:22
5.228 148.878 778.537 21:58:23
5.192 206.488 1428.293 21:58:24
5.224 152.780 798.537 21:58:25
5.232 148.780 777.073 21:58:26
5.224 163.195 846.341 21:58:27
5.224 150.293 779.024 21:58:28
5.224 163.878 1046.341 21:58:29
5.228 149.098 779.024 21:58:30
5.128 489.951 2599.024 21:58:31
5.228 148.878 781.463 21:58:32
5.228 148.780 780.000 21:58:33
5.220 161.878 844.878 21:58:34
5.228 148.780 777.073 21:58:35
5.220 162.195 851.220 21:58:36
5.228 148.683 778.537 21:58:37
5.120 474.756 2455.122 21:58:38
5.232 148.976 778.537 21:58:39
5.228 148.293 777.073 21:58:40
5.224 152.390 800.000 21:58:41
5.224 148.878 777.561 21:58:42
5.220 161.976 846.341 21:58:43
5.228 148.683 779.024 21:58:44
5.224 162.488 852.683 21:58:45
5.224 148.878 777.561 21:58:46
5.228 150.195 779.024 21:58:47
5.224 158.073 779.024 21:58:48
5.228 148.683 778.537 21:58:49
5.220 162.683 849.756 21:58:50
5.228 148.780 777.073 21:58:51
5.220 163.488 854.146 21:58:52
5.228 148.780 777.561 21:58:53
5.228 148.878 779.024 21:58:54
5.224 152.780 798.537 21:58:55
5.228 148.780 779.024 21:58:56
5.224 162.585 847.805 21:58:57
5.228 148.878 773.659 21:58:58
5.220 162.976 847.805 21:58:59
5.224 148.098 777.073 21:59:00
5.228 148.780 776.098 21:59:01
5.220 162.195 844.878 21:59:02
5.224 148.780 777.561 21:59:03
5.224 165.293 860.976 21:59:04
5.224 152.098 813.659 21:59:05
5.188 305.976 1714.146 21:59:06
5.228 151.195 789.756 21:59:07
5.212 267.073 1424.878 21:59:08
5.212 150.585 786.341 21:59:09
5.228 151.098 789.756 21:59:10
5.220 161.585 843.902 21:59:11
5.228 148.878 777.561 21:59:12
5.220 161.878 846.341 21:59:13
5.224 147.585 777.073 21:59:14
5.136 410.366 2234.634 21:59:15
5.228 148.780 777.561 21:59:16
5.228 148.780 776.098 21:59:17
5.224 152.976 796.098 21:59:18
5.228 148.878 776.098 21:59:19
5.220 161.780 847.317 21:59:20
5.228 149.098 779.024 21:59:21
5.220 163.073 1370.732 21:59:22
5.228 148.976 779.024 21:59:23
5.228 149.195 918.537 21:59:24
5.224 153.683 800.000 21:59:25
5.228 149.293 774.634 21:59:26
5.224 162.585 848.780 21:59:27
5.224 150.976 792.195 21:59:28
5.212 167.390 873.659 21:59:29
5.224 152.390 789.756 21:59:30
5.188 293.976 1575.122 21:59:31
5.228 151.098 786.341 21:59:32
5.228 148.878 780.976 21:59:33
5.224 162.195 848.780 21:59:34
5.224 148.293 777.073 21:59:35
5.224 169.585 851.220 21:59:36
5.224 148.976 784.878 21:59:37
5.148 328.780 1723.902 21:59:38
5.228 148.976 778.537 21:59:39
5.228 148.878 777.561 21:59:40
5.224 155.390 806.341 21:59:41
5.224 151.195 792.195 21:59:42
5.220 162.073 851.220 21:59:43
5.228 148.780 771.220 21:59:44
5.224 163.488 851.220 21:59:45
5.228 148.878 778.537 21:59:46
5.224 147.683 783.415 21:59:47
5.220 162.073 843.415 21:59:48
5.228 149.098 776.098 21:59:49
5.216 163.780 850.244 21:59:50
5.228 148.780 777.561 21:59:51
5.192 276.585 1437.073 21:59:52
5.228 148.293 780.000 21:59:53
5.228 148.878 777.073 21:59:54
5.224 152.878 798.537 21:59:55
5.224 148.976 777.561 21:59:56
5.220 161.976 846.341 21:59:57
5.224 148.683 778.537 21:59:58
5.132 249.585 1358.049 21:59:59
5.152 149.195 1086.341 22:00:00
5.188 259.268 1683.415 22:00:01
5.224 149.098 785.854 22:00:02
5.228 148.878 775.122 22:00:03
5.220 162.195 845.366 22:00:04
5.224 148.780 779.024 22:00:05
5.220 168.878 878.537 22:00:06
5.228 148.195 777.561 22:00:07
5.220 163.195 852.683 22:00:08
5.228 149.585 777.561 22:00:09
5.224 149.098 775.122 22:00:10
5.224 152.976 798.537 22:00:11
5.228 148.585 816.098 22:00:12
5.224 161.976 851.220 22:00:13
5.228 148.976 774.634 22:00:14
5.192 249.585 1309.268 22:00:15
5.228 149.293 783.415 22:00:16
5.200 235.976 1131.707 22:00:17
5.220 151.293 790.244 22:00:18
5.224 152.976 789.756 22:00:19
5.220 166.195 858.537 22:00:20
5.224 151.293 838.537 22:00:21
5.192 164.390 855.122 22:00:22
5.224 148.976 777.561 22:00:24
5.120 488.146 2572.683 22:00:25
5.224 149.195 779.024 22:00:26
5.228 148.585 773.659 22:00:27
5.224 156.293 799.024 22:00:28
5.228 148.195 778.537 22:00:29
5.220 162.293 848.780 22:00:30
5.224 148.098 777.561 22:00:31
5.224 162.683 849.756 22:00:32
5.228 148.683 777.561 22:00:33
5.220 190.683 991.220 22:00:34
5.228 148.585 779.024 22:00:35
5.228 148.683 777.561 22:00:36
5.220 163.390 845.366 22:00:37
5.228 148.098 780.000 22:00:38
5.172 374.976 1274.634 22:00:39
5.224 149.293 777.561 22:00:40
5.176 310.976 1444.390 22:00:41
5.228 148.780 779.024 22:00:42
5.228 148.780 779.024 22:00:43
5.224 161.780 846.341 22:00:44
5.228 148.878 778.537 22:00:45
5.220 162.390 847.805 22:00:46
5.228 148.878 774.634 22:00:47
5.228 156.780 858.537 22:00:48
5.228 148.976 778.537 22:00:49
5.228 149.293 784.878 22:00:50
5.224 164.683 862.439 22:00:51
5.228 151.098 790.244 22:00:52
5.168 305.268 1294.634 22:00:53
5.220 207.585 789.756 22:00:54
5.188 261.073 1601.463 22:00:55
5.224 148.976 777.561 22:00:56
5.228 148.585 779.024 22:00:57
5.220 161.780 847.805 22:00:58
5.232 149.098 780.976 22:00:59
5.224 164.780 843.902 22:01:00
5.228 148.976 779.024 22:01:01
5.140 420.854 2154.634 22:01:02
5.224 149.293 780.000 22:01:03
5.228 149.293 781.463 22:01:04
5.208 199.780 1042.927 22:01:05
5.228 148.293 778.537 22:01:06
5.224 162.073 847.317 22:01:07
5.228 148.293 778.537 22:01:08
5.220 164.390 1008.780 22:01:09
5.228 148.683 778.537 22:01:10
5.228 149.098 777.561 22:01:11
5.224 153.098 800.976 22:01:12
5.228 148.976 777.073 22:01:13
5.220 162.488 851.220 22:01:14
5.228 148.293 780.000 22:01:15
5.168 390.268 1715.122 22:01:16
5.228 148.976 777.561 22:01:17
5.176 310.463 1801.463 22:01:18
5.228 149.098 779.024 22:01:19
5.224 148.878 777.073 22:01:20
5.224 161.976 844.878 22:01:21
5.224 148.780 777.561 22:01:22
5.220 162.390 847.317 22:01:23
5.224 150.390 778.537 22:01:24
5.112 498.049 2140.976 22:01:25
5.224 148.488 771.220 22:01:26
5.224 148.585 777.561 22:01:27
5.220 162.585 846.341 22:01:28
5.228 148.488 777.561 22:01:29
5.220 161.878 846.341 22:01:30
5.228 151.098 789.756 22:01:31
5.220 165.195 861.463 22:01:32
5.228 151.585 791.220 22:01:33
5.224 150.976 787.805 22:01:34
5.224 153.293 789.756 22:01:35
5.228 148.976 778.537 22:01:36
5.220 161.585 960.000 22:01:37
5.228 150.878 840.000 22:01:38
5.224 165.585 863.415 22:01:39
5.228 151.195 791.220 22:01:40
5.152 387.366 1998.049 22:01:41
5.224 151.293 793.659 22:01:42
5.228 150.293 789.756 22:01:43
5.224 152.976 799.024 22:01:44
5.228 148.585 778.537 22:01:45
5.220 162.390 842.439 22:01:46
5.228 148.780 778.537 22:01:47
5.224 162.976 852.683 22:01:48
5.228 149.293 778.537 22:01:49
5.220 182.780 964.878 22:01:50
5.224 152.976 799.024 22:01:51
5.228 148.780 777.073 22:01:52
5.220 163.293 852.683 22:01:53
5.228 149.293 780.000 22:01:54
5.196 164.976 936.585 22:01:55
5.228 148.780 781.463 22:01:56
5.224 150.488 789.756 22:01:57
5.228 148.976 779.024 22:01:58
5.224 148.293 773.659 22:01:59
5.224 161.976 851.220 22:02:00
5.228 149.683 776.098 22:02:01
5.220 162.878 849.756 22:02:02
5.228 148.878 783.415 22:02:03
5.152 375.463 1930.244 22:02:04
5.228 148.976 779.024 22:02:05
5.228 148.780 777.561 22:02:06
5.224 162.390 851.220 22:02:07
5.228 149.195 779.024 22:02:08
5.224 161.585 845.366 22:02:09
5.220 147.780 777.561 22:02:10
5.228 163.390 850.244 22:02:11
5.228 148.683 771.220 22:02:12
5.224 148.780 774.634 22:02:13
5.224 149.098 779.024 22:02:14
5.224 149.390 774.634 22:02:15
5.224 162.195 846.341 22:02:16
5.228 147.780 776.098 22:02:17
5.192 260.171 1294.146 22:02:18
5.228 150.976 790.244 22:02:19
5.224 152.390 1214.146 22:02:20
5.220 164.683 862.439 22:02:21
5.228 150.878 787.805 22:02:22
5.224 164.073 858.537 22:02:23
5.228 151.390 789.756 22:02:24
5.224 162.488 848.780 22:02:25
5.228 148.878 777.073 22:02:27
5.168 340.366 1781.463 22:02:28
5.224 152.683 798.537 22:02:29
5.224 147.488 777.073 22:02:30
5.216 163.073 847.805 22:02:31
5.228 148.683 779.024 22:02:32
5.224 162.293 913.659 22:02:33
5.228 148.878 779.024 22:02:34
5.224 163.585 850.244 22:02:35
5.224 149.098 777.073 22:02:36
5.228 148.976 780.000 22:02:37
5.224 150.780 789.756 22:02:38
5.228 151.195 789.756 22:02:39
5.220 164.683 860.000 22:02:40
5.224 151.195 792.683 22:02:41
5.220 405.854 1302.927 22:02:42
5.228 151.585 792.195 22:02:43
5.224 173.585 1333.171 22:02:44
5.228 148.780 777.561 22:02:45
5.228 148.780 774.634 22:02:46
5.220 162.585 846.341 22:02:47
5.224 148.780 776.098 22:02:48
5.184 290.780 1560.000 22:02:49
5.228 148.585 777.073 22:02:50
5.228 168.195 874.146 22:02:51
5.228 151.098 791.220 22:02:52
5.228 150.976 792.195 22:02:53
5.220 164.293 863.415 22:02:54
5.228 147.878 773.659 22:02:55
5.220 164.195 860.000 22:02:56
5.228 147.488 776.098 22:02:57
5.144 419.463 2178.049 22:02:58
5.228 149.488 771.220 22:02:59
5.224 148.878 777.561 22:03:00
5.220 162.195 850.244 22:03:01
5.224 148.780 774.634 22:03:02
5.220 162.878 846.341 22:03:03
5.228 148.780 779.024 22:03:04
5.116 488.561 2443.902 22:03:05
5.228 151.585 786.341 22:03:06
5.228 150.683 781.463 22:03:07
5.220 163.976 850.244 22:03:08
5.224 153.976 823.902 22:03:09
5.224 162.488 849.756 22:03:10
5.228 148.780 777.561 22:03:11
5.224 162.585 847.805 22:03:12
5.224 148.976 780.000 22:03:13
5.224 148.293 773.659 22:03:14
5.220 161.878 850.244 22:03:15
5.228 148.976 775.122 22:03:16
5.220 162.195 849.756 22:03:17
5.224 181.390 862.439 22:03:18
5.176 254.780 856.585 22:03:19
5.228 149.976 781.463 22:03:20
5.208 160.976 784.878 22:03:21
5.228 149.098 777.561 22:03:22
5.228 148.585 774.634 22:03:23
5.220 163.293 846.341 22:03:24
5.228 148.390 775.122 22:03:25
5.220 164.585 856.098 22:03:26
5.228 200.293 776.098 22:03:27
5.120 502.463 2572.683 22:03:28
5.228 150.488 783.415 22:03:29
5.228 148.976 778.537 22:03:30
5.220 164.073 860.000 22:03:31
5.228 151.488 792.683 22:03:32
5.220 164.585 859.024 22:03:33
5.224 150.488 790.244 22:03:34
5.224 165.780 864.878 22:03:35
5.224 151.098 790.244 22:03:36
5.228 151.098 790.244 22:03:37
5.228 152.976 797.073 22:03:38
5.228 148.488 778.537 22:03:39
5.220 162.073 846.341 22:03:40
5.224 148.780 779.024 22:03:41
5.168 192.878 856.585 22:03:42
5.228 149.195 777.561 22:03:43
5.180 203.171 1066.341 22:03:44
5.228 149.390 777.561 22:03:45
5.228 148.585 777.561 22:03:46
5.224 162.488 850.244 22:03:47
5.224 147.878 777.561 22:03:48
5.192 248.366 1278.537 22:03:49
5.228 204.390 779.024 22:03:50
5.204 204.683 785.854 22:03:51
5.228 149.098 775.122 22:03:52
5.232 148.585 777.561 22:03:53
5.220 162.780 849.756 22:03:54
5.224 148.878 777.561 22:03:55
5.224 163.976 853.659 22:03:56
5.228 160.293 788.780 22:03:57
5.152 382.561 1949.268 22:03:58
5.224 151.098 790.244 22:03:59
5.228 149.195 775.122 22:04:00
5.224 162.073 846.341 22:04:01
5.228 149.780 778.537 22:04:02
5.220 162.585 851.220 22:04:03
5.228 148.585 780.000 22:04:04
5.224 163.390 864.878 22:04:05
5.224 148.976 779.024 22:04:06
5.228 148.780 777.561 22:04:07
5.224 153.098 800.000 22:04:08
5.224 148.390 777.561 22:04:09
5.212 198.878 1000.488 22:04:10
5.228 148.390 811.220 22:04:11
5.224 276.171 1800.000 22:04:12
5.228 148.780 777.561 22:04:13
5.228 150.195 1225.854 22:04:14
5.224 148.878 780.976 22:04:15
5.224 151.098 789.756 22:04:16
5.220 163.976 860.000 22:04:17
5.228 151.683 792.195 22:04:18
5.220 166.976 869.756 22:04:19
5.228 150.976 791.220 22:04:20
5.116 480.049 2559.024 22:04:21
5.224 148.780 777.561 22:04:22
5.228 148.488 777.073 22:04:23
5.224 161.195 849.756 22:04:24
5.228 148.780 779.024 22:04:25
5.224 161.976 844.878 22:04:26
5.228 149.195 777.073 22:04:27
5.156 478.366 2518.537 22:04:28
5.224 148.878 780.976 22:04:30
5.224 148.293 776.098 22:04:31
5.224 153.488 806.341 22:04:32
5.228 148.390 776.098 22:04:33
5.220 162.195 846.341 22:04:34
5.228 148.293 776.098 22:04:35
5.224 162.488 849.756 22:04:36
5.212 184.878 936.098 22:04:37
5.224 148.390 777.561 22:04:38
5.228 148.195 776.098 22:04:39
5.228 148.780 777.073 22:04:40
5.220 162.488 843.902 22:04:41
5.228 150.976 786.341 22:04:42
5.224 164.488 861.463 22:04:43
5.224 151.098 795.122 22:04:44
5.156 370.976 1711.220 22:04:45
5.228 154.976 792.683 22:04:46
5.224 150.390 827.317 22:04:47
5.220 162.683 849.756 22:04:48
5.228 149.293 775.122 22:04:49
5.224 163.878 852.683 22:04:50
5.228 149.195 777.561 22:04:51
5.180 330.073 1853.659 22:04:52
5.228 164.293 793.659 22:04:53
5.228 148.390 774.634 22:04:54
5.220 161.878 845.366 22:04:55
5.228 148.390 776.098 22:04:56
5.220 162.195 846.341 22:04:57
5.228 148.293 777.073 22:04:58
5.152 393.951 1981.951 22:04:59
5.228 148.780 776.098 22:05:00
5.228 148.780 777.073 22:05:01
5.220 161.878 848.780 22:05:02
5.228 149.098 778.537 22:05:03
5.224 162.683 849.756 22:05:04
5.224 148.390 779.024 22:05:05
5.220 211.171 1038.049 22:05:06
5.228 151.098 789.756 22:05:07
5.224 151.488 789.756 22:05:08
5.224 153.195 797.073 22:05:09
5.228 148.390 775.122 22:05:10
5.224 161.390 851.220 22:05:11
5.228 148.878 779.024 22:05:12
5.196 246.171 1294.634 22:05:13
5.224 148.488 779.024 22:05:14
5.208 237.073 1322.927 22:05:15
5.224 148.976 779.024 22:05:16
5.228 147.488 776.098 22:05:17
5.220 161.683 846.341 22:05:18
5.228 148.488 773.659 22:05:19
5.188 164.780 855.122 22:05:20
5.228 148.293 776.098 22:05:21
5.156 388.659 2041.463 22:05:22
5.228 148.293 777.073 22:05:23
5.228 147.976 777.561 22:05:24
5.224 161.585 842.439 22:05:25
5.228 148.878 779.024 22:05:26
5.220 161.683 849.756 22:05:27
5.224 148.683 777.561 22:05:28
5.116 475.659 2318.537 22:05:29
5.228 148.390 779.024 22:05:30
5.228 149.488 783.902 22:05:31
5.224 152.976 800.000 22:05:32
5.224 148.488 774.634 22:05:33
5.224 161.390 846.341 22:05:34
5.224 147.780 774.634 22:05:35
5.220 162.585 849.756 22:05:36
5.224 150.585 790.244 22:05:37
5.224 152.098 800.976 22:05:38
5.224 161.976 846.341 22:05:39
5.224 148.878 775.122 22:05:40
5.220 161.683 846.341 22:05:41
5.228 148.976 774.634 22:05:42
5.220 164.195 861.463 22:05:43
5.224 151.195 789.756 22:05:44
5.172 338.659 1743.902 22:05:45
5.224 151.488 791.220 22:05:46
5.224 152.976 798.537 22:05:47
5.220 164.390 860.000 22:05:48
5.228 149.098 777.073 22:05:49
5.220 163.780 858.537 22:05:50
5.228 148.780 778.537 22:05:51
5.172 330.659 1712.683 22:05:52
5.228 148.488 778.537 22:05:53
5.224 148.293 774.634 22:05:54
5.224 161.780 847.317 22:05:55
5.224 148.585 777.561 22:05:56
5.220 162.780 844.878 22:05:57
5.224 151.293 791.220 22:05:58
5.220 165.293 863.902 22:05:59
5.224 151.488 793.659 22:06:00
5.228 151.195 789.756 22:06:01
5.224 164.683 860.976 22:06:02
5.228 151.683 789.756 22:06:03
5.220 164.683 864.878 22:06:04
5.228 148.878 780.000 22:06:05
5.152 330.780 1294.634 22:06:06
5.228 148.488 780.000 22:06:07
5.192 279.073 1323.415 22:06:08
5.224 148.390 772.683 22:06:09
5.228 149.780 777.561 22:06:10
5.220 162.073 843.902 22:06:11
5.228 148.585 778.537 22:06:12
5.220 163.293 855.122 22:06:13
5.228 148.878 777.073 22:06:14
5.140 486.146 2457.561 22:06:15
5.228 148.780 778.537 22:06:16
5.224 148.780 776.098 22:06:17
5.228 158.976 779.024 22:06:18
5.228 148.195 824.878 22:06:19
5.220 162.195 843.415 22:06:20
5.224 148.098 779.024 22:06:21
5.220 161.878 849.756 22:06:22
5.224 212.268 783.415 22:06:23
5.228 148.390 776.098 22:06:24
5.228 149.195 779.024 22:06:25
5.224 148.390 772.683 22:06:26
5.220 162.976 847.805 22:06:27
5.228 148.098 774.634 22:06:29
5.220 164.878 858.537 22:06:30
5.228 148.585 778.537 22:06:31
5.176 312.878 1582.439 22:06:32
5.224 148.293 780.000 22:06:33
5.224 148.878 776.098 22:06:34
5.224 162.390 847.805 22:06:35
5.228 148.878 777.073 22:06:36
5.224 162.195 850.244 22:06:37
5.224 151.195 793.659 22:06:38
5.220 165.780 866.341 22:06:39
5.228 151.390 791.220 22:06:40
5.224 151.098 790.244 22:06:41
5.224 155.293 807.317 22:06:42
5.228 148.878 777.561 22:06:43
5.224 162.390 843.902 22:06:44
5.228 148.976 777.073 22:06:45
5.192 352.366 1258.049 22:06:46
5.216 148.488 777.561 22:06:47
5.208 150.195 786.341 22:06:48
5.224 162.585 845.366 22:06:49
5.224 148.293 774.634 22:06:50
5.212 185.585 967.805 22:06:51
5.228 148.976 779.024 22:06:52
5.192 325.073 1685.366 22:06:53
5.228 205.073 1069.268 22:06:54
5.192 235.976 1060.488 22:06:55
5.228 148.976 780.000 22:06:56
5.228 148.976 777.073 22:06:57
5.220 161.780 846.341 22:06:58
5.228 149.390 774.634 22:06:59
5.224 215.976 851.220 22:07:00
5.228 148.293 779.024 22:07:01
5.164 347.366 1796.098 22:07:02
5.224 156.878 776.098 22:07:03
5.232 148.683 816.585 22:07:04
5.224 161.293 846.341 22:07:05
5.224 148.780 777.561 22:07:06
5.220 161.488 846.341 22:07:07
5.228 150.390 785.854 22:07:08
5.220 164.585 860.000 22:07:09
5.228 148.390 781.463 22:07:10
5.228 147.976 772.195 22:07:11
5.228 152.878 798.537 22:07:12
5.228 148.780 777.561 22:07:13
5.220 163.585 846.341 22:07:14
5.228 148.683 777.561 22:07:15
5.220 385.659 1295.610 22:07:16
5.228 147.780 774.634 22:07:17
5.228 148.780 1067.805 22:07:18
5.228 148.683 777.561 22:07:19
5.228 148.390 774.634 22:07:20
5.220 162.683 845.366 22:07:21
5.228 148.098 774.634 22:07:22
5.220 164.073 859.024 22:07:23
5.224 148.488 775.122 22:07:24
5.168 373.171 1678.537 22:07:25
5.224 148.488 779.024 22:07:26
5.228 148.878 772.195 22:07:27
5.228 161.293 844.878 22:07:28
5.228 148.098 776.098 22:07:29
5.220 162.488 850.244 22:07:30
5.216 183.683 951.220 22:07:31
5.124 480.561 2465.854 22:07:32
5.224 152.195 798.537 22:07:33
5.224 148.780 777.073 22:07:34
5.220 161.390 843.415 22:07:35
5.228 149.683 777.561 22:07:36
5.216 161.073 850.244 22:07:37
5.228 148.780 774.634 22:07:38
5.224 161.976 851.220 22:07:39
5.228 151.195 786.341 22:07:40
5.228 148.780 777.561 22:07:41
5.228 149.098 776.098 22:07:42
5.224 148.976 779.024 22:07:43
5.224 162.878 846.341 22:07:44
5.224 147.976 778.537 22:07:45
5.140 398.366 1463.415 22:07:46
5.228 148.390 770.244 22:07:47
5.228 150.390 1239.512 22:07:48
5.228 148.976 779.024 22:07:49
5.224 148.683 777.073 22:07:50
5.224 162.390 847.805 22:07:51
5.228 148.293 775.122 22:07:52
5.192 208.073 1016.585 22:07:53
5.224 148.780 775.122 22:07:54
5.204 272.780 1413.659 22:07:55
5.228 148.878 779.024 22:07:56
5.228 148.683 772.683 22:07:57
5.224 161.780 849.756 22:07:58
5.228 165.195 777.073 22:07:59
5.216 165.390 860.000 22:08:00
5.228 148.780 776.098 22:08:01
5.144 365.976 1787.317 22:08:02
5.224 148.976 779.024 22:08:03
5.228 150.195 778.537 22:08:04
5.224 161.780 841.463 22:08:05
5.228 148.780 777.561 22:08:06
5.224 162.488 846.341 22:08:07
5.224 149.098 781.463 22:08:08
5.220 162.488 847.805 22:08:09
5.228 149.195 778.537 22:08:10
5.224 148.585 777.561 22:08:11
5.224 152.878 798.537 22:08:12
5.228 148.293 778.537 22:08:13
5.220 161.780 849.756 22:08:14
5.224 148.683 777.561 22:08:15
5.220 163.878 1016.585 22:08:16
5.228 149.098 778.537 22:08:17
5.156 390.756 2008.293 22:08:18
5.228 148.976 776.098 22:08:19
5.228 148.780 777.073 22:08:20
5.224 162.878 844.878 22:08:21
5.228 148.780 774.634 22:08:22
5.220 163.780 863.415 22:08:23
5.224 151.098 795.122 22:08:24
5.168 486.146 2519.024 22:08:25
5.224 151.195 791.220 22:08:26
5.228 148.780 777.561 22:08:27
5.224 152.878 803.415 22:08:28
5.224 148.780 779.024 22:08:29
5.220 163.073 844.878 22:08:30
5.224 148.585 777.561 22:08:32
5.220 162.390 852.683 22:08:33
5.228 157.976 779.024 22:08:34
5.224 148.780 779.024 22:08:35
5.228 148.878 778.537 22:08:36
5.228 148.780 777.561 22:08:37
5.224 162.488 846.341 22:08:38
5.228 148.780 774.634 22:08:39
5.204 162.976 1036.585 22:08:40
5.228 148.878 779.024 22:08:41
5.160 347.659 1846.829 22:08:42
5.228 148.780 777.561 22:08:43
5.224 149.390 779.024 22:08:44
5.224 161.683 848.780 22:08:45
5.228 148.976 777.561 22:08:46
5.224 162.878 1015.610 22:08:47
5.228 148.683 779.024 22:08:48
5.152 380.366 1950.732 22:08:49
5.228 148.878 777.561 22:08:50
5.224 148.780 774.634 22:08:51
5.220 161.976 849.756 22:08:52
5.224 148.780 777.561 22:08:53
5.224 163.293 852.683 22:08:54
5.228 149.098 777.561 22:08:55
5.148 380.659 1909.268 22:08:56
5.228 151.390 790.244 22:08:57
5.228 147.976 777.073 22:08:58
5.224 162.293 847.317 22:08:59
5.228 148.683 777.561 22:09:00
5.220 174.293 859.024 22:09:01
5.224 149.098 777.073 22:09:02
5.148 333.463 1656.585 22:09:03
5.228 148.780 779.024 22:09:04
5.228 148.098 775.122 22:09:05
5.224 148.976 779.024 22:09:06
5.224 148.683 777.073 22:09:07
5.220 164.293 861.463 22:09:08
5.224 151.195 790.244 22:09:09
5.224 166.878 870.244 22:09:10
5.224 151.293 790.244 22:09:11
5.192 232.683 1390.732 22:09:12
5.224 163.780 799.024 22:09:13
5.228 148.780 777.073 22:09:14
5.224 161.780 844.878 22:09:15
5.224 149.098 779.024 22:09:16
5.224 175.390 916.098 22:09:17
5.224 148.780 777.561 22:09:18
5.152 374.463 1898.049 22:09:19
5.228 148.976 779.024 22:09:20
5.228 148.780 774.634 22:09:21
5.220 161.976 844.878 22:09:22
5.228 148.098 778.537 22:09:23
5.220 161.976 850.244 22:09:24
5.228 150.585 784.878 22:09:25
5.184 164.585 861.463 22:09:26
5.228 148.878 776.098 22:09:27
5.216 189.780 931.707 22:09:28
5.228 150.585 787.805 22:09:29
5.224 201.293 776.098 22:09:30
5.220 162.878 844.878 22:09:31
5.224 149.098 779.024 22:09:32
5.164 334.878 2168.293 22:09:33
5.228 176.293 778.537 22:09:34
5.196 206.268 1306.829 22:09:35
5.228 148.878 780.976 22:09:36
5.220 162.293 845.366 22:09:37
5.220 162.780 850.244 22:09:38
5.224 148.878 777.073 22:09:39
5.220 163.878 878.537 22:09:40
5.228 147.976 778.537 22:09:41
5.144 416.951 2412.195 22:09:42
5.228 148.976 779.024 22:09:43
5.228 148.878 778.537 22:09:44
5.228 163.488 799.024 22:09:45
5.228 191.073 998.049 22:09:46
5.220 170.195 847.317 22:09:47
5.228 148.488 779.024 22:09:48
5.196 249.268 1598.537 22:09:49
5.228 149.683 777.561 22:09:50
5.228 148.878 779.024 22:09:51
5.228 160.390 789.756 22:09:52
5.228 151.195 789.756 22:09:53
5.220 164.195 859.024 22:09:54
5.228 151.488 790.244 22:09:55
5.220 164.976 860.000 22:09:56
5.228 151.098 789.756 22:09:57
5.228 151.098 788.780 22:09:58
5.224 148.976 778.537 22:09:59
5.228 149.683 1722.439 22:10:00
5.224 162.195 850.244 22:10:01
5.228 156.780 778.537 22:10:02
5.224 162.780 850.244 22:10:03
5.224 163.390 779.024 22:10:04
5.224 148.878 777.073 22:10:05
5.224 153.195 799.024 22:10:06
5.228 148.683 777.561 22:10:07
5.220 162.488 847.317 22:10:08
5.228 148.878 777.561 22:10:09
5.220 164.683 858.537 22:10:10
5.228 148.878 774.634 22:10:11
5.176 336.659 1740.488 22:10:12
5.228 149.293 779.024 22:10:13
5.228 148.585 775.122 22:10:14
5.224 161.976 849.756 22:10:15
5.224 149.098 777.073 22:10:16
5.224 162.073 851.220 22:10:17
5.228 148.878 778.537 22:10:18
5.140 267.976 1318.537 22:10:19
5.228 148.976 774.634 22:10:20
5.228 148.780 777.561 22:10:21
5.224 152.976 797.073 22:10:22
5.228 148.390 776.098 22:10:23
5.220 164.390 894.146 22:10:24
5.228 151.195 787.805 22:10:25
5.220 164.878 863.415 22:10:26
5.228 151.195 790.244 22:10:27
5.224 151.195 788.780 22:10:28
5.220 175.073 981.463 22:10:29
5.228 148.683 779.024 22:10:30
5.220 162.780 849.756 22:10:31
5.228 148.976 778.537 22:10:32
5.224 164.683 925.366 22:10:33
5.228 148.976 778.537 22:10:34
5.140 431.561 2196.098 22:10:35
5.224 151.390 783.415 22:10:37
5.228 159.073 788.780 22:10:38
5.220 164.878 854.146 22:10:39
5.228 151.390 788.780 22:10:40
5.220 163.195 846.341 22:10:41
5.228 148.195 776.098 22:10:42
5.220 163.780 854.146 22:10:43
5.224 152.780 800.000 22:10:44
5.216 156.293 819.024 22:10:45
5.220 164.976 858.537 22:10:46
5.228 150.585 791.220 22:10:47
5.220 165.683 866.341 22:10:48
5.228 150.976 789.756 22:10:49
5.196 253.683 1317.073 22:10:50
5.224 151.878 797.073 22:10:51
5.228 151.098 787.317 22:10:52
5.228 152.683 797.561 22:10:53
5.224 148.976 779.024 22:10:54
5.224 161.878 849.756 22:10:55
5.228 148.488 777.073 22:10:56
5.220 162.293 851.220 22:10:57
5.228 148.780 776.098 22:10:58
5.144 418.366 2161.951 22:10:59
5.224 148.878 778.537 22:11:00
5.224 149.195 779.024 22:11:01
5.224 162.488 847.805 22:11:02
5.228 148.976 777.561 22:11:03
5.224 162.878 851.220 22:11:04
5.224 148.683 779.024 22:11:05
5.196 250.976 1360.488 22:11:06
5.228 148.976 777.073 22:11:07
5.224 148.585 777.561 22:11:08
5.228 148.976 778.537 22:11:09
5.228 148.878 777.561 22:11:10
5.224 162.390 848.780 22:11:11
5.228 147.293 775.122 22:11:12
5.224 165.073 860.000 22:11:13
5.228 151.098 789.756 22:11:14
5.224 150.976 789.756 22:11:15
5.228 149.098 779.024 22:11:16
5.224 161.780 777.561 22:11:17
5.220 162.683 847.805 22:11:18
5.228 158.488 777.561 22:11:19
5.168 315.171 1294.146 22:11:20
5.224 149.293 779.024 22:11:21
5.196 258.463 1802.927 22:11:22
5.228 148.878 776.098 22:11:23
5.224 148.390 777.561 22:11:24
5.220 161.976 843.902 22:11:25
5.228 149.098 777.561 22:11:26
5.224 162.293 847.805 22:11:27
5.228 148.780 777.561 22:11:28
5.124 483.756 2490.244 22:11:29
5.228 150.293 779.024 22:11:30
5.228 148.976 777.073 22:11:31
5.220 162.585 845.366 22:11:32
5.228 148.488 777.561 22:11:33
5.220 161.976 847.317 22:11:34
5.224 148.780 775.122 22:11:35
5.224 162.488 846.341 22:11:36
5.228 149.390 780.976 22:11:37
5.228 148.780 777.073 22:11:38
5.224 152.878 798.537 22:11:39
5.228 148.878 778.537 22:11:40
5.224 161.878 846.341 22:11:41
5.224 148.585 777.073 22:11:42
5.132 360.976 1817.561 22:11:43
5.228 147.585 777.561 22:11:44
5.212 361.659 1653.659 22:11:45
5.228 148.878 779.024 22:11:46
5.224 148.780 777.561 22:11:47
5.220 162.073 844.878 22:11:48
5.228 149.195 776.098 22:11:49
5.216 168.683 880.976 22:11:50
5.228 149.195 780.000 22:11:51
5.172 357.659 1845.366 22:11:52
5.228 152.780 800.976 22:11:53
5.228 147.976 777.561 22:11:54
5.224 162.780 848.780 22:11:55
5.224 149.293 774.634 22:11:56
5.220 162.585 845.366 22:11:57
5.224 151.293 790.244 22:11:58
5.220 166.293 890.244 22:11:59
5.224 155.390 812.195 22:12:00
5.224 150.976 789.756 22:12:01
5.228 155.878 810.244 22:12:02
5.228 151.488 791.220 22:12:03
5.220 165.488 867.317 22:12:04
5.228 148.878 776.098 22:12:05
5.216 163.293 856.585 22:12:06
5.228 148.878 776.098 22:12:07
5.224 150.293 784.878 22:12:08
5.224 161.878 843.902 22:12:09
5.228 148.098 777.073 22:12:10
5.220 161.878 846.341 22:12:11
5.228 148.878 777.561 22:12:12
5.220 165.073 861.463 22:12:13
5.224 148.293 777.073 22:12:14
5.160 345.366 1733.659 22:12:15
5.228 148.780 778.537 22:12:16
5.228 148.683 777.561 22:12:17
5.220 161.683 847.805 22:12:18
5.228 148.976 773.659 22:12:19
5.220 162.976 847.317 22:12:20
5.216 183.878 1007.805 22:12:21
5.224 163.976 852.683 22:12:22
5.228 149.195 780.000 22:12:23
5.224 148.683 777.561 22:12:24
5.224 162.683 844.878 22:12:25
5.228 148.976 776.098 22:12:26
5.220 161.390 845.366 22:12:27
5.228 148.976 777.561 22:12:28
5.224 162.683 852.683 22:12:29
5.228 148.780 777.561 22:12:30
5.228 147.976 777.073 22:12:31
5.220 164.488 859.024 22:12:32
5.224 151.098 789.756 22:12:33
5.220 201.780 862.439 22:12:34
5.228 150.780 785.854 22:12:35
5.220 166.780 873.659 22:12:36
5.228 153.683 787.805 22:12:37
5.184 343.366 1704.878 22:12:38
5.224 149.098 776.098 22:12:39
5.228 157.780 772.683 22:12:40
5.220 176.585 846.341 22:12:42
5.228 148.488 812.195 22:12:43
5.224 162.585 849.756 22:12:44
5.228 148.683 773.659 22:12:45
5.148 281.171 1309.268 22:12:46
5.228 148.585 777.073 22:12:47
5.228 149.098 777.561 22:12:48
5.224 162.488 841.463 22:12:49
5.224 149.098 777.561 22:12:50
5.220 162.780 843.902 22:12:51
5.228 148.195 777.561 22:12:52
5.220 164.195 852.683 22:12:53
5.228 148.878 774.634 22:12:54
5.228 148.390 777.561 22:12:55
5.220 161.976 847.805 22:12:56
5.216 184.683 978.049 22:12:57
5.224 162.073 846.341 22:12:58
5.228 151.195 792.683 22:12:59
5.192 257.171 1309.268 22:13:00
5.220 177.293 1447.317 22:13:01
5.204 222.073 1142.927 22:13:02
5.228 150.293 780.976 22:13:03
5.228 148.683 778.537 22:13:04
5.220 162.585 856.098 22:13:05
5.228 148.976 779.024 22:13:06
5.216 164.488 856.098 22:13:07
5.224 148.780 777.561 22:13:08
5.144 463.951 2555.122 22:13:09
5.228 148.976 777.561 22:13:10
5.224 148.780 777.561 22:13:11
5.220 161.878 845.366 22:13:12
5.224 149.293 781.463 22:13:13
5.220 163.976 856.098 22:13:14
5.228 148.390 778.537 22:13:15
5.228 162.585 852.683 22:13:16
5.224 149.390 778.537 22:13:17
5.228 148.683 777.073 22:13:18
5.224 149.098 778.537 22:13:19
5.228 148.293 775.122 22:13:20
5.224 169.293 883.902 22:13:21
5.228 148.683 777.073 22:13:22
5.216 207.780 856.585 22:13:23
5.228 148.780 777.561 22:13:24
5.176 302.463 1563.902 22:13:25
5.228 152.878 798.537 22:13:26
5.228 148.390 820.000 22:13:27
5.224 161.878 845.366 22:13:28
5.224 148.585 775.122 22:13:29
5.220 165.488 860.000 22:13:30
5.224 151.098 789.756 22:13:31
5.152 397.463 2024.390 22:13:32
5.228 148.683 777.561 22:13:33
5.224 148.878 776.098 22:13:34
5.220 161.878 842.439 22:13:35
5.228 148.780 777.561 22:13:36
5.224 161.683 849.756 22:13:37
5.228 148.683 774.634 22:13:38
5.220 175.878 852.683 22:13:39
5.228 148.780 778.537 22:13:40
5.224 148.488 778.537 22:13:41
5.224 148.878 779.024 22:13:42
5.228 148.585 776.098 22:13:43
5.224 162.488 847.805 22:13:44
5.228 149.585 781.463 22:13:45
5.220 164.390 858.537 22:13:46
5.224 151.293 789.756 22:13:47
5.224 151.390 789.756 22:13:48
5.216 164.488 859.024 22:13:49
5.224 160.073 789.756 22:13:50
5.224 162.878 881.463 22:13:51
5.228 148.488 777.561 22:13:52
5.220 163.488 849.756 22:13:53
5.224 148.683 776.098 22:13:54
5.228 148.390 776.098 22:13:55
5.224 152.878 797.561 22:13:56
5.224 148.683 777.561 22:13:57
5.220 162.073 844.878 22:13:58
5.228 148.780 777.561 22:13:59
5.224 162.195 847.805 22:14:00
5.228 149.683 780.976 22:14:01
5.224 148.780 777.073 22:14:02
5.228 154.293 779.024 22:14:03
5.224 148.683 777.073 22:14:04
5.220 161.976 850.244 22:14:05
5.224 148.683 776.098 22:14:06
5.220 163.878 856.585 22:14:07
5.228 148.585 777.561 22:14:08
5.168 314.268 1871.220 22:14:09
5.224 148.878 780.976 22:14:10
5.228 148.195 778.537 22:14:11
5.220 162.195 844.878 22:14:12
5.228 148.780 777.561 22:14:13
5.220 164.683 860.000 22:14:14
5.228 151.195 788.780 22:14:15
5.120 510.854 2420.976 22:14:16
5.224 150.390 790.244 22:14:17
5.228 148.585 779.024 22:14:18
5.220 161.976 848.780 22:14:19
5.228 148.390 777.073 22:14:20
5.220 162.488 847.317 22:14:21
5.228 148.780 773.659 22:14:22
5.224 175.585 852.683 22:14:23
5.224 148.878 773.659 22:14:24
5.228 148.683 776.098 22:14:25
5.224 161.195 846.341 22:14:26
5.228 148.585 777.561 22:14:27
5.224 162.073 844.878 22:14:28
5.228 148.878 777.073 22:14:29
5.172 329.073 1389.756 22:14:30
5.228 148.585 778.537 22:14:31
5.192 291.268 1494.634 22:14:32
5.212 194.976 1025.366 22:14:33
5.228 148.683 777.073 22:14:34
5.224 162.195 849.756 22:14:35
5.224 148.780 776.098 22:14:36
5.220 162.195 849.756 22:14:37
5.224 149.098 777.561 22:14:38
5.160 366.171 1658.537 22:14:39
5.224 152.683 797.561 22:14:40
5.228 148.878 777.561 22:14:41
5.224 162.683 849.756 22:14:42
5.216 173.488 969.268 22:14:43
5.224 162.585 849.756 22:14:44
5.224 148.780 777.561 22:14:45
5.192 199.683 1042.927 22:14:46
5.228 148.976 777.561 22:14:47
5.224 148.585 772.683 22:14:48
5.224 161.780 844.878 22:14:49
5.228 148.585 776.098 22:14:50
5.224 162.293 846.341 22:14:51
5.228 148.780 777.073 22:14:52
5.144 403.463 2075.610 22:14:53
5.224 152.780 797.561 22:14:54
5.228 148.683 776.098 22:14:55
5.220 161.878 843.902 22:14:56
5.228 148.780 776.098 22:14:57
5.224 162.390 849.756 22:14:58
5.224 149.780 777.561 22:14:59
5.224 198.488 853.659 22:15:00
5.224 148.878 777.073 22:15:01
5.228 158.073 777.561 22:15:02
5.228 159.293 782.439 22:15:03
5.228 148.683 816.585 22:15:04
5.224 161.780 843.902 22:15:06
5.228 149.390 779.024 22:15:07
5.176 253.488 1701.463 22:15:08
5.212 180.585 926.341 22:15:09
5.188 280.683 1363.415 22:15:10
5.228 148.683 777.561 22:15:11
5.228 148.195 772.683 22:15:12
5.220 161.878 847.805 22:15:13
5.228 148.780 778.537 22:15:14
5.220 162.195 850.244 22:15:15
5.224 148.878 780.976 22:15:16
5.144 475.463 2564.878 22:15:17
5.228 148.683 779.024 22:15:18
5.228 148.780 777.073 22:15:19
5.224 161.780 893.659 22:15:20
5.228 148.683 777.561 22:15:21
5.224 162.780 846.341 22:15:22
5.224 148.098 777.561 22:15:23
5.224 163.488 848.780 22:15:24
5.228 148.098 778.537 22:15:25
5.228 147.976 778.537 22:15:26
5.224 162.390 848.780 22:15:27
5.228 148.585 777.561 22:15:28
5.220 162.390 849.756 22:15:29
5.228 148.878 777.073 22:15:30
5.168 401.756 1692.683 22:15:31
5.228 148.683 772.683 22:15:32
5.192 251.976 1305.854 22:15:33
5.228 148.878 778.537 22:15:34
5.228 148.683 777.561 22:15:35
5.224 162.488 848.780 22:15:36
5.228 148.683 777.561 22:15:37
5.224 162.780 847.805 22:15:38
5.224 148.878 777.073 22:15:39
5.144 420.561 2165.854 22:15:40
5.228 149.195 778.537 22:15:41
5.220 149.390 775.122 22:15:42
5.228 153.195 800.000 22:15:43
5.228 148.878 792.683 22:15:44
5.220 161.878 847.805 22:15:45
5.224 148.780 774.634 22:15:46
5.224 165.073 859.024 22:15:47
5.228 148.878 778.537 22:15:48
5.224 147.683 779.024 22:15:49
5.224 162.585 844.878 22:15:50
5.228 148.683 952.683 22:15:51
5.220 163.073 890.244 22:15:52
5.228 148.976 778.537 22:15:53
5.196 163.683 852.683 22:15:54
5.220 182.488 936.585 22:15:55
5.228 148.683 777.561 22:15:56
5.220 162.488 849.756 22:15:57
5.228 148.976 778.537 22:15:58
5.224 161.976 847.805 22:15:59
5.224 150.293 777.561 22:16:00
5.224 165.780 893.659 22:16:01
5.224 151.488 792.683 22:16:02
5.228 151.195 789.756 22:16:03
5.224 150.976 786.341 22:16:04
5.228 151.098 789.756 22:16:05
5.224 162.073 847.805 22:16:06
5.228 206.488 771.220 22:16:07
5.196 248.366 1295.610 22:16:08
5.224 148.976 779.024 22:16:09
5.224 148.780 777.561 22:16:10
5.228 148.878 779.024 22:16:11
5.224 148.976 789.756 22:16:12
5.224 161.878 844.878 22:16:13
5.228 148.683 777.073 22:16:14
5.220 290.878 850.244 22:16:15
5.228 148.488 775.122 22:16:16
5.160 323.073 1716.098 22:16:17
5.216 179.976 936.098 22:16:18
5.228 148.683 781.463 22:16:19
5.220 162.073 849.756 22:16:20
5.228 149.098 779.024 22:16:21
5.228 162.780 849.756 22:16:22
5.228 160.488 839.024 22:16:23
5.112 508.146 2600.000 22:16:24
5.224 151.585 792.195 22:16:25
5.228 150.585 789.756 22:16:26
5.224 155.073 815.122 22:16:27
5.224 151.293 790.244 22:16:28
5.220 162.195 865.366 22:16:29
5.224 148.390 777.561 22:16:30
5.220 163.293 849.756 22:16:31
5.228 148.976 779.024 22:16:32
5.228 148.683 773.659 22:16:33
5.228 152.585 798.537 22:16:34
5.228 149.195 777.561 22:16:35
5.224 162.293 846.341 22:16:36
5.224 149.780 774.634 22:16:37
5.176 251.585 1516.098 22:16:38
5.228 148.878 1071.707 22:16:39
5.180 213.683 1058.049 22:16:40
5.228 149.098 778.537 22:16:41
5.228 149.098 777.073 22:16:42
5.220 163.073 845.366 22:16:43
5.228 148.293 775.122 22:16:44
5.224 162.390 851.220 22:16:45
5.220 151.195 791.220 22:16:46
5.228 150.878 789.756 22:16:47
5.220 165.073 857.561 22:16:48
5.228 151.098 789.756 22:16:49
5.224 164.976 859.024 22:16:50
5.228 148.195 778.537 22:16:51
5.164 164.488 858.537 22:16:52
5.228 148.976 776.098 22:16:53
5.228 149.585 783.902 22:16:54
5.224 162.488 846.341 22:16:55
5.228 148.585 772.195 22:16:56
5.220 162.293 851.220 22:16:57
5.228 148.878 777.073 22:16:58
5.172 345.659 1742.927 22:16:59
5.228 148.878 937.561 22:17:00
5.192 272.780 1318.537 22:17:01
5.228 148.878 777.561 22:17:02
5.224 149.195 774.634 22:17:03
5.220 166.780 864.878 22:17:04
5.228 150.293 789.756 22:17:05
5.224 162.390 847.805 22:17:06
5.228 148.780 778.537 22:17:07
5.120 496.756 2256.098 22:17:08
5.224 148.878 830.244 22:17:10
5.224 148.585 777.561 22:17:11
5.224 153.390 803.415 22:17:12
5.224 148.780 778.537 22:17:13
5.220 161.878 851.220 22:17:14
5.228 148.878 777.561 22:17:15
5.220 162.390 852.683 22:17:16
5.228 149.878 780.976 22:17:17
5.228 148.780 778.537 22:17:18
5.228 153.878 800.000 22:17:19
5.228 148.878 778.537 22:17:20
5.224 161.976 846.341 22:17:21
5.228 148.878 778.537 22:17:22
5.220 164.488 856.098 22:17:23
5.228 149.195 777.073 22:17:24
5.228 148.098 777.561 22:17:25
5.224 148.976 780.000 22:17:26
5.228 148.878 779.024 22:17:27
5.220 161.780 843.415 22:17:28
5.224 148.098 777.561 22:17:29
5.224 164.585 856.585 22:17:30
5.228 148.780 779.024 22:17:31
5.172 341.171 1653.659 22:17:32
5.228 151.195 792.195 22:17:33
5.224 150.195 790.244 22:17:34
5.224 164.976 857.561 22:17:35
5.224 151.098 792.195 22:17:36
5.220 162.780 846.341 22:17:37
5.228 149.195 779.024 22:17:38
5.124 466.659 2495.122 22:17:39
5.228 151.488 790.244 22:17:40
5.224 151.293 790.244 22:17:41
5.220 164.488 866.341 22:17:42
5.228 151.390 793.659 22:17:43
5.220 164.488 863.902 22:17:44
5.220 150.390 789.756 22:17:45
5.120 479.366 2617.561 22:17:46
5.220 148.976 828.780 22:17:47
5.228 148.683 777.561 22:17:48
5.224 162.073 849.756 22:17:49
5.224 148.780 777.073 22:17:50
5.224 164.293 856.585 22:17:51
5.224 148.976 778.537 22:17:52
5.160 351.561 1816.098 22:17:53
5.228 148.195 774.634 22:17:54
5.228 148.878 779.024 22:17:55
5.224 161.585 845.366 22:17:56
5.224 148.098 777.561 22:17:57
5.224 162.073 848.780 22:17:58
5.228 148.488 777.561 22:17:59
5.164 335.976 1731.707 22:18:00
5.228 149.878 781.463 22:18:01
5.224 149.098 777.561 22:18:02
5.224 163.293 849.756 22:18:03
5.228 148.683 777.073 22:18:04
5.220 162.683 845.366 22:18:05
5.224 148.780 777.073 22:18:06
5.208 197.488 1015.610 22:18:07
5.228 152.780 797.073 22:18:08
5.224 148.293 777.073 22:18:09
5.224 152.780 802.439 22:18:10
5.228 148.878 776.098 22:18:11
5.220 162.390 844.878 22:18:12
5.228 149.098 777.561 22:18:13
5.224 162.976 848.780 22:18:14
5.228 151.390 789.756 22:18:15
5.228 150.390 787.805 22:18:16
5.224 155.293 810.244 22:18:17
5.224 150.976 791.220 22:18:18
5.220 163.878 863.415 22:18:19
5.224 151.195 789.756 22:18:20
5.224 201.780 872.195 22:18:21
5.228 152.293 778.537 22:18:22
5.124 478.244 2535.122 22:18:23
5.228 148.976 825.366 22:18:24
5.228 148.976 778.537 22:18:25
5.220 162.390 848.780 22:18:26
5.228 148.780 776.098 22:18:27
5.220 162.073 846.341 22:18:28
5.228 148.585 777.073 22:18:29
5.220 162.390 850.244 22:18:30
5.228 148.976 776.098 22:18:31
5.228 148.585 774.634 22:18:32
5.228 153.293 795.122 22:18:33
5.228 148.976 778.537 22:18:34
5.220 162.390 850.244 22:18:35
5.228 148.195 779.024 22:18:36
5.196 208.073 1084.390 22:18:37
5.228 148.780 777.561 22:18:38
5.140 425.561 2142.927 22:18:39
5.224 151.293 792.195 22:18:40
5.228 150.976 789.756 22:18:41
5.224 156.195 810.244 22:18:42
5.228 151.195 791.220 22:18:43
5.220 164.683 859.024 22:18:44
5.224 151.293 791.220 22:18:45
5.224 165.390 862.439 22:18:46
5.228 148.976 779.024 22:18:47
5.224 148.878 778.537 22:18:48
5.220 161.878 846.341 22:18:49
5.224 148.780 777.073 22:18:50
5.224 162.293 847.805 22:18:51
5.224 148.585 777.073 22:18:52
5.220 162.488 847.805 22:18:53
5.228 148.488 779.024 22:18:54
5.224 148.878 772.195 22:18:55
5.224 152.780 799.024 22:18:56
5.228 149.098 776.098 22:18:57
5.224 161.976 846.341 22:18:58
5.228 148.780 780.000 22:18:59
5.168 339.366 1845.366 22:19:00
5.228 151.488 789.756 22:19:01
5.220 229.585 1190.244 22:19:02
5.228 149.195 777.561 22:19:03
5.228 148.878 779.024 22:19:04
5.220 161.976 845.366 22:19:05
5.224 148.585 777.073 22:19:06
5.168 330.366 1477.073 22:19:07
5.208 148.585 775.122 22:19:08
5.208 205.683 1445.854 22:19:09
5.228 148.976 778.537 22:19:10
5.228 156.878 777.561 22:19:11
5.224 177.390 846.341 22:19:12
5.224 148.976 826.341 22:19:13
5.224 162.488 847.805 22:19:15
5.228 148.780 777.561 22:19:16
5.120 487.756 2442.439 22:19:17
5.208 148.780 779.024 22:19:18
5.228 148.780 777.073 22:19:19
5.224 149.780 783.415 22:19:20
5.228 148.780 779.024 22:19:21
5.220 162.878 847.805 22:19:22
5.228 148.878 777.561 22:19:23
5.220 163.073 846.341 22:19:24
5.228 151.195 789.756 22:19:25
5.220 151.098 788.780 22:19:26
5.224 155.390 812.195 22:19:27
5.228 151.098 790.244 22:19:28
5.220 164.585 860.000 22:19:29
5.224 151.293 789.756 22:19:30
5.188 204.390 1527.317 22:19:31
5.228 149.976 781.463 22:19:32
5.228 150.293 1362.927 22:19:33
5.224 149.098 779.024 22:19:34
5.228 148.878 777.561 22:19:35
5.220 161.293 846.341 22:19:36
5.228 168.293 879.024 22:19:37
5.224 163.073 852.195 22:19:38
5.228 149.293 780.976 22:19:39
5.176 302.878 1568.780 22:19:40
5.224 149.098 774.634 22:19:41
5.224 148.780 773.659 22:19:42
5.224 161.585 843.415 22:19:43
5.228 148.585 777.073 22:19:44
5.224 162.488 847.805 22:19:45
5.224 148.585 776.098 22:19:46
5.148 386.268 2012.683 22:19:47
5.228 148.098 778.537 22:19:48
5.228 149.390 777.561 22:19:49
5.220 162.073 847.317 22:19:50
5.228 148.780 777.561 22:19:51
5.220 164.073 856.585 22:19:52
5.228 148.976 778.537 22:19:53
5.152 363.268 1874.146 22:19:54
5.228 151.293 790.244 22:19:55
5.224 151.098 789.756 22:19:56
5.220 164.878 860.976 22:19:57
5.228 151.195 790.244 22:19:58
5.224 164.585 860.000 22:19:59
5.228 151.683 792.683 22:20:00
5.116 497.244 2473.659 22:20:01
5.228 148.683 825.366 22:20:02
5.228 149.098 779.024 22:20:03
5.228 152.878 805.854 22:20:04
5.224 148.878 779.024 22:20:05
5.220 163.390 847.317 22:20:06
5.228 149.293 773.659 22:20:07
5.220 162.585 849.756 22:20:08
5.224 148.878 778.537 22:20:09
5.228 148.585 777.073 22:20:10
5.224 148.976 779.024 22:20:11
5.228 148.780 777.561 22:20:12
5.224 161.976 847.317 22:20:13
5.228 148.878 777.561 22:20:14
5.196 251.683 1304.390 22:20:15
5.224 148.488 1049.268 22:20:16
5.208 211.780 1058.049 22:20:17
5.220 149.585 781.463 22:20:18
5.228 148.780 777.561 22:20:19
5.224 162.293 849.756 22:20:20
5.224 148.780 773.659 22:20:21
5.220 162.293 847.805 22:20:22
5.228 151.780 793.659 22:20:23
5.128 472.756 2386.341 22:20:24
5.228 148.976 779.024 22:20:25
5.228 148.878 777.073 22:20:26
5.224 162.488 842.439 22:20:27
5.224 148.683 777.561 22:20:28
5.220 162.293 846.341 22:20:29
5.228 148.390 778.537 22:20:30
5.224 162.683 853.659 22:20:31
5.224 148.683 780.000 22:20:32
5.228 148.878 776.098 22:20:33
5.224 162.585 846.341 22:20:34
5.224 148.780 777.073 22:20:35
5.224 162.195 848.780 22:20:36
5.224 148.780 777.561 22:20:37
5.220 277.463 1393.659 22:20:38
5.224 148.585 827.317 22:20:39
5.212 202.171 1653.659 22:20:40
5.224 148.390 779.024 22:20:41
5.224 148.585 777.561 22:20:42
5.220 161.878 849.756 22:20:43
5.224 148.976 779.024 22:20:44
5.220 163.976 858.537 22:20:45
5.228 148.878 779.024 22:20:46
5.224 150.098 783.902 22:20:47
5.228 148.878 778.537 22:20:48
5.228 149.098 776.098 22:20:49
5.224 162.683 843.902 22:20:50
5.228 148.585 777.073 22:20:51
5.220 162.488 847.805 22:20:52
5.228 151.098 789.756 22:20:53
5.148 395.171 2035.610 22:20:54
5.228 151.195 789.756 22:20:55
5.228 151.293 790.244 22:20:56
5.224 164.390 862.439 22:20:57
5.228 151.293 789.756 22:20:58
5.220 162.878 846.341 22:20:59
5.220 150.585 787.317 22:21:00
5.192 249.878 1298.537 22:21:01
5.228 149.098 779.024 22:21:02
5.220 161.073 782.439 22:21:03
5.228 152.195 796.098 22:21:04
5.228 148.780 777.561 22:21:05
5.224 161.293 841.463 22:21:06
5.228 149.293 780.976 22:21:07
5.192 251.268 1402.439 22:21:08
5.228 148.488 777.561 22:21:09
5.224 159.780 784.878 22:21:10
5.224 152.780 803.902 22:21:11
5.228 148.780 777.561 22:21:12
5.220 161.878 852.683 22:21:13
5.224 148.878 779.024 22:21:14
5.220 162.976 847.317 22:21:15
5.224 148.195 777.561 22:21:16
5.160 356.561 1857.561 22:21:17
5.224 149.195 779.024 22:21:18
5.224 148.780 780.000 22:21:19
5.224 162.780 844.878 22:21:20
5.224 149.195 779.024 22:21:21
5.224 162.780 843.902 22:21:22
5.224 148.878 778.537 22:21:23
5.224 163.390 850.244 22:21:24
5.228 148.683 782.439 22:21:25
5.228 148.585 773.659 22:21:26
5.220 165.195 858.537 22:21:27
5.224 151.098 789.756 22:21:28
5.220 163.683 856.098 22:21:29
5.228 150.585 792.195 22:21:30
5.224 165.488 867.805 22:21:31
5.228 151.293 789.756 22:21:32
5.224 151.390 791.220 22:21:33
5.228 152.780 798.537 22:21:34
5.228 148.976 777.561 22:21:35
5.220 161.878 846.341 22:21:36
5.228 148.976 776.098 22:21:37
5.220 162.195 851.220 22:21:38
5.224 148.780 778.537 22:21:39
5.228 149.195 777.561 22:21:40
5.224 148.293 779.024 22:21:41
5.228 148.780 784.878 22:21:42
5.224 161.976 849.756 22:21:44
5.228 147.976 777.561 22:21:45
5.224 164.780 858.537 22:21:46
5.228 148.878 780.000 22:21:47
5.228 150.098 784.878 22:21:48
5.228 152.585 854.146 22:21:49
5.224 148.683 777.561 22:21:50
5.220 162.878 845.366 22:21:51
5.228 148.293 777.561 22:21:52
5.220 164.293 855.122 22:21:53
5.228 148.780 774.634 22:21:54
5.172 333.976 1889.268 22:21:55
5.228 148.780 778.537 22:21:56
5.228 154.976 777.561 22:21:57
5.220 173.780 927.805 22:21:58
5.224 151.195 793.659 22:21:59
5.220 171.878 858.537 22:22:00
5.220 153.390 803.415 22:22:01
5.124 483.561 2494.634 22:22:02
5.224 153.098 813.659 22:22:03
5.224 148.878 772.683 22:22:04
5.224 152.780 799.024 22:22:05
5.228 147.976 779.024 22:22:06
5.224 162.073 845.366 22:22:07
5.228 149.780 780.000 22:22:08
5.220 162.976 848.780 22:22:09
5.228 148.390 780.000 22:22:10
5.224 148.878 777.073 22:22:11
5.224 148.585 779.024 22:22:12
5.232 147.976 777.073 22:22:13
5.220 162.073 847.805 22:22:14
5.228 148.390 781.463 22:22:15
5.220 164.390 845.366 22:22:16
5.228 149.098 779.024 22:22:17
5.156 458.463 2140.488 22:22:18
5.224 149.098 775.122 22:22:19
5.228 148.585 777.561 22:22:20
5.220 162.073 847.317 22:22:21
5.228 148.780 777.073 22:22:22
5.224 162.976 852.683 22:22:23
5.228 148.976 777.561 22:22:24
5.112 422.049 2135.610 22:22:25
5.228 149.195 777.561 22:22:26
5.228 148.780 777.561 22:22:27
5.224 152.390 795.122 22:22:28
5.228 148.780 776.098 22:22:29
5.220 163.073 847.805 22:22:30
5.228 148.878 778.537 22:22:31
5.224 163.488 850.244 22:22:32
5.224 148.488 777.073 22:22:33
5.224 148.683 778.537 22:22:34
5.220 155.073 811.220 22:22:35
5.224 151.195 789.756 22:22:36
5.220 165.390 861.463 22:22:37
5.224 150.780 786.341 22:22:38
5.200 272.268 1300.488 22:22:39
5.224 151.976 821.463 22:22:40
5.224 151.195 790.244 22:22:41
5.228 149.098 779.024 22:22:42
5.228 148.683 777.073 22:22:43
5.220 161.976 846.341 22:22:44
5.224 148.780 777.561 22:22:45
5.224 165.073 856.098 22:22:46
5.224 148.976 778.537 22:22:47
5.208 204.585 1310.732 22:22:48
5.228 148.976 779.024 22:22:49
5.224 148.976 777.073 22:22:50
5.220 161.683 850.244 22:22:51
5.228 148.878 776.098 22:22:52
5.220 163.073 990.244 22:22:53
5.228 148.780 777.561 22:22:54
5.140 419.756 2160.976 22:22:55
5.228 148.293 775.122 22:22:56
5.228 148.683 781.463 22:22:57
5.224 177.585 779.024 22:22:58
5.224 151.195 789.756 22:22:59
5.220 172.293 938.537 22:23:00
5.228 152.390 798.537 22:23:01
5.220 166.585 927.317 22:23:02
5.224 151.293 791.220 22:23:03
5.208 201.683 1050.244 22:23:04
5.216 173.390 948.780 22:23:05
5.224 148.878 778.537 22:23:06
5.224 162.683 849.756 22:23:07
5.224 149.293 780.000 22:23:08
5.224 164.073 856.585 22:23:09
5.224 148.098 777.561 22:23:10
5.144 479.854 2495.122 22:23:11
5.224 148.878 779.024 22:23:12
5.228 147.780 772.683 22:23:13
5.228 152.878 798.537 22:23:14
5.228 148.878 778.537 22:23:15
5.220 164.488 859.024 22:23:16
5.228 149.293 775.122 22:23:17
5.196 328.878 2419.512 22:23:18
5.228 149.585 780.000 22:23:19
5.212 202.073 1309.268 22:23:20
5.208 152.390 800.000 22:23:21
5.228 148.878 779.024 22:23:22
5.220 164.976 860.000 22:23:23
5.228 160.878 840.976 22:23:24
5.220 164.976 861.463 22:23:25
5.228 149.195 779.024 22:23:26
5.220 163.878 854.146 22:23:27
5.228 149.195 780.000 22:23:28
5.224 148.976 775.122 22:23:29
5.224 148.390 780.000 22:23:30
5.228 156.488 779.024 22:23:31
5.224 162.195 849.756 22:23:32
5.224 149.390 777.073 22:23:33
5.172 277.878 1356.098 22:23:34
5.228 148.976 779.024 22:23:35
5.204 229.976 1061.463 22:23:36
5.228 149.098 777.073 22:23:37
5.228 148.780 773.659 22:23:38
5.224 162.195 846.341 22:23:39
5.228 148.683 777.561 22:23:40
5.224 162.293 846.341 22:23:41
5.220 185.073 966.341 22:23:42
5.156 383.854 1979.024 22:23:43
5.228 147.780 772.195 22:23:44
5.228 149.195 779.024 22:23:45
5.224 161.683 844.878 22:23:46
5.224 148.683 777.561 22:23:47
5.224 162.488 847.317 22:23:48
5.228 148.878 773.659 22:23:49
5.148 392.463 2020.488 22:23:50
5.228 149.195 780.000 22:23:51
5.228 148.683 777.561 22:23:52
5.212 202.878 1057.561 22:23:53
5.228 148.683 775.122 22:23:54
5.220 162.293 847.317 22:23:55
5.228 151.098 788.780 22:23:56
5.172 336.073 1452.195 22:23:57
5.228 151.293 791.220 22:23:58
5.228 150.390 786.341 22:23:59
5.224 154.585 810.244 22:24:00
5.228 151.293 791.220 22:24:01
5.220 166.585 885.366 22:24:02
5.224 148.878 779.024 22:24:03
5.220 162.585 856.585 22:24:04
5.228 158.195 777.561 22:24:05
5.224 148.098 825.366 22:24:06
5.228 148.780 779.024 22:24:07
5.228 148.878 773.659 22:24:08
5.220 164.488 859.024 22:24:09
5.228 151.585 792.195 22:24:10
5.220 167.780 873.659 22:24:11
5.224 150.976 790.244 22:24:12
5.188 264.463 1373.171 22:24:13
5.220 168.683 880.976 22:24:14
5.228 150.488 786.341 22:24:15
5.220 163.195 847.317 22:24:16
5.228 148.878 778.537 22:24:17
5.220 162.390 846.341 22:24:19
5.228 148.488 777.561 22:24:20
5.148 389.073 2004.390 22:24:21
5.228 149.683 782.439 22:24:22
5.228 148.976 778.537 22:24:23
5.224 161.780 844.878 22:24:24
5.224 148.976 779.024 22:24:25
5.224 162.390 867.805 22:24:26
5.228 148.878 778.537 22:24:27
5.224 162.585 850.244 22:24:28
5.228 148.878 780.000 22:24:29
5.228 148.878 778.537 22:24:30
5.220 182.390 954.146 22:24:31
5.228 148.780 773.659 22:24:32
5.220 161.878 849.756 22:24:33
5.224 148.878 777.073 22:24:34
5.192 262.878 1258.049 22:24:35
5.212 148.585 779.024 22:24:36
5.204 149.878 784.878 22:24:37
5.228 149.195 777.073 22:24:38
5.228 148.683 777.073 22:24:39
5.224 165.390 863.415 22:24:40
5.228 151.195 789.756 22:24:41
5.220 165.073 865.366 22:24:42
5.224 153.195 800.976 22:24:43
5.152 368.463 1979.024 22:24:44
5.228 151.293 791.220 22:24:45
5.224 148.683 774.634 22:24:46
5.220 161.878 848.780 22:24:47
5.228 148.780 776.098 22:24:48
5.224 162.293 845.366 22:24:49
5.224 148.878 777.561 22:24:50
5.112 488.463 2305.854 22:24:51
5.228 148.780 779.024 22:24:52
5.224 148.976 779.024 22:24:53
5.224 152.878 799.024 22:24:54
5.228 149.488 785.854 22:24:55
5.220 162.780 851.220 22:24:56
5.228 149.098 779.024 22:24:57
5.220 163.488 853.659 22:24:58
5.224 149.098 779.024 22:24:59
5.228 148.683 777.561 22:25:00
5.212 204.390 1041.463 22:25:01
5.228 148.878 782.439 22:25:02
5.212 187.390 977.561 22:25:03
5.228 148.195 774.634 22:25:04
5.220 164.073 856.585 22:25:05
5.228 148.976 779.024 22:25:06
5.208 214.585 1116.585 22:25:07
5.228 149.098 779.024 22:25:08
5.224 149.098 779.024 22:25:09
5.224 162.073 850.244 22:25:10
5.224 148.878 779.024 22:25:11
5.224 163.585 847.805 22:25:12
5.228 148.878 780.976 22:25:13
5.212 164.195 856.098 22:25:14
5.228 148.976 779.024 22:25:15
5.228 148.780 777.561 22:25:16
5.220 162.073 846.341 22:25:17
5.220 180.878 942.927 22:25:18
5.220 162.195 849.756 22:25:19
5.228 148.976 777.073 22:25:20
5.172 265.463 1280.488 22:25:21
5.228 151.195 791.220 22:25:22
5.192 264.268 1637.561 22:25:23
5.220 154.976 815.122 22:25:24
5.224 151.098 790.244 22:25:25
5.220 164.780 858.537 22:25:26
5.228 151.098 791.220 22:25:27
5.200 182.585 876.098 22:25:28
5.228 148.098 777.561 22:25:29
5.132 473.561 2460.000 22:25:30
5.224 152.878 798.537 22:25:31
5.224 148.976 777.073 22:25:32
5.224 161.976 850.244 22:25:33
5.228 148.878 777.561 22:25:34
5.220 162.683 849.756 22:25:35
5.228 151.293 791.220 22:25:36
5.220 165.293 867.805 22:25:37
5.228 151.390 791.220 22:25:38
5.224 150.683 792.195 22:25:39
5.220 164.195 857.561 22:25:40
5.224 151.293 789.756 22:25:41
5.220 164.976 859.024 22:25:42
5.224 148.976 777.561 22:25:43
5.220 162.293 849.756 22:25:44
5.224 148.780 779.024 22:25:45
5.200 198.585 1033.171 22:25:46
5.228 149.098 781.463 22:25:47
5.228 148.780 777.561 22:25:48
5.224 162.878 847.317 22:25:49
5.228 148.976 777.073 22:25:50
5.224 163.976 859.024 22:25:51
5.228 148.976 779.024 22:25:52
5.144 443.049 2269.756 22:25:53
5.224 148.195 774.634 22:25:54
5.224 148.878 778.537 22:25:55
5.220 162.976 846.341 22:25:56
5.224 148.976 777.561 22:25:57
5.224 162.073 847.317 22:25:58
5.224 148.683 777.073 22:25:59
5.220 387.659 852.683 22:26:00
5.228 149.878 779.024 22:26:01
5.212 204.390 1058.049 22:26:02
5.228 149.098 779.024 22:26:03
5.208 202.488 1060.488 22:26:04
5.224 163.488 847.317 22:26:05
5.224 148.878 779.024 22:26:06
5.224 162.976 852.195 22:26:07
5.228 148.878 778.537 22:26:08
5.220 162.780 849.756 22:26:09
5.228 149.098 779.024 22:26:10
5.224 155.683 813.659 22:26:11
5.224 148.878 777.561 22:26:12
5.224 148.683 777.561 22:26:13
5.224 163.585 853.659 22:26:14
5.224 148.976 779.024 22:26:15
5.220 162.488 848.780 22:26:16
5.228 148.098 774.634 22:26:17
5.120 457.659 2359.512 22:26:18
5.228 152.780 798.537 22:26:19
5.208 211.390 1116.585 22:26:20
5.220 162.488 844.878 22:26:21
5.228 151.293 789.756 22:26:22
5.220 164.390 860.976 22:26:23
5.224 151.390 787.317 22:26:24
5.196 263.976 1360.976 22:26:25
5.228 148.976 777.561 22:26:26
5.220 158.683 813.659 22:26:27
5.228 148.293 780.000 22:26:28
5.228 148.878 776.098 22:26:29
5.220 162.073 846.341 22:26:30
5.228 148.780 776.098 22:26:31
5.224 162.293 848.780 22:26:32
5.224 148.780 779.024 22:26:33
5.172 244.073 1289.268 22:26:34
5.228 148.780 779.024 22:26:35
5.212 200.878 1046.829 22:26:36
5.228 149.293 780.976 22:26:37
5.224 149.098 779.024 22:26:38
5.224 162.488 850.244 22:26:39
5.228 148.976 777.561 22:26:40
5.220 175.683 852.683 22:26:41
5.228 149.195 779.024 22:26:42
5.168 401.463 1712.683 22:26:43
5.224 149.098 777.073 22:26:44
5.224 148.293 777.561 22:26:45
5.220 160.390 801.463 22:26:46
5.228 148.780 777.561 22:26:47
5.224 162.195 849.756 22:26:48
5.228 148.683 779.024 22:26:49
5.192 249.366 1286.829 22:26:50
5.228 148.976 781.463 22:26:51
5.228 148.780 777.073 22:26:52
5.224 153.683 803.415 22:26:53
5.228 148.878 778.537 22:26:54
5.224 162.073 847.317 22:26:55
5.228 148.878 778.537 22:26:56
5.220 162.195 851.220 22:26:57
5.224 148.293 779.024 22:26:58
5.220 148.683 778.537 22:26:59
5.224 150.780 787.805 22:27:00
5.228 148.878 774.634 22:27:02
5.220 162.878 847.317 22:27:03
5.216 162.293 843.415 22:27:04
5.172 248.878 1459.512 22:27:05
5.228 151.390 790.244 22:27:06
5.212 272.463 1430.732 22:27:07
5.224 151.293 791.220 22:27:08
5.224 151.098 791.220 22:27:09
5.220 165.195 858.537 22:27:10
5.228 148.780 777.561 22:27:11
5.224 162.293 847.805 22:27:12
5.228 148.976 778.537 22:27:13
5.124 497.659 2547.805 22:27:14
5.228 148.780 777.561 22:27:15
5.228 149.195 777.561 22:27:16
5.220 162.195 847.317 22:27:17
5.228 148.976 778.537 22:27:18
5.220 162.585 847.317 22:27:19
5.224 148.585 773.659 22:27:20
5.220 163.293 852.683 22:27:21
5.228 149.098 779.024 22:27:22
5.228 148.293 779.024 22:27:23
5.228 152.780 799.024 22:27:24
5.228 148.683 777.073 22:27:25
5.220 162.683 845.366 22:27:26
5.228 149.098 777.561 22:27:27
5.216 207.488 1120.488 22:27:28
5.228 153.195 798.537 22:27:29
5.228 151.098 789.756 22:27:30
5.224 151.390 791.220 22:27:31
5.228 151.098 791.220 22:27:32
5.220 164.293 863.415 22:27:33
5.224 148.098 777.561 22:27:34
5.188 262.073 1297.073 22:27:35
5.228 148.878 778.537 22:27:36
5.188 277.171 1543.902 22:27:37
5.228 149.098 783.415 22:27:38
5.228 148.585 777.561 22:27:39
5.220 161.878 846.341 22:27:40
5.228 148.683 777.561 22:27:41
5.220 164.390 854.146 22:27:42
5.224 148.976 779.024 22:27:43
5.116 478.049 2556.585 22:27:44
5.228 148.878 779.024 22:27:45
5.224 148.390 777.561 22:27:46
5.224 161.780 849.756 22:27:47
5.228 148.195 778.537 22:27:48
5.224 162.293 850.244 22:27:49
5.224 149.195 780.000 22:27:50
5.156 362.463 1870.244 22:27:51
5.224 148.976 779.024 22:27:52
5.228 148.683 774.634 22:27:53
5.220 162.488 844.878 22:27:54
5.228 149.293 777.073 22:27:55
5.224 161.780 846.341 22:27:56
5.228 148.878 777.561 22:27:57
5.224 164.585 858.537 22:27:58
5.228 148.488 780.000 22:27:59
5.208 202.780 1046.829 22:28:00
5.220 162.683 850.244 22:28:01
5.228 148.780 783.415 22:28:02
5.220 163.195 844.878 22:28:03
5.228 148.780 776.098 22:28:04
5.220 165.683 868.780 22:28:05
5.228 151.293 790.244 22:28:06
5.220 164.976 927.317 22:28:07
5.228 151.780 791.220 22:28:08
5.224 148.585 778.537 22:28:09
5.224 149.293 780.976 22:28:10
5.228 148.878 778.537 22:28:11
5.224 162.780 850.244 22:28:12
5.228 148.976 778.537 22:28:13
5.120 497.756 2471.220 22:28:14
5.224 149.098 778.537 22:28:15
5.212 243.073 1331.707 22:28:16
5.228 149.098 779.024 22:28:17
5.228 148.683 777.073 22:28:18
5.224 161.976 849.756 22:28:19
5.224 148.780 779.024 22:28:20
5.192 253.268 1738.537 22:28:21
5.228 148.878 777.561 22:28:22
5.192 301.683 1659.024 22:28:23
5.228 149.585 783.415 22:28:24
5.228 148.780 779.024 22:28:25
5.220 162.195 847.317 22:28:26
5.228 148.780 776.098 22:28:27
5.224 161.976 851.220 22:28:28
5.228 148.098 776.098 22:28:29
5.224 162.976 848.780 22:28:30
5.228 149.195 779.024 22:28:31
5.204 226.171 1177.073 22:28:32
5.232 148.976 779.024 22:28:33
5.224 148.976 778.537 22:28:34
5.224 161.878 844.878 22:28:35
5.228 148.488 778.537 22:28:36
5.224 162.585 848.780 22:28:37
5.224 148.878 779.024 22:28:38
5.224 152.878 801.463 22:28:39
5.224 148.878 777.561 22:28:40
5.228 148.878 775.122 22:28:41
5.228 174.488 828.780 22:28:42
5.228 151.195 789.756 22:28:43
5.220 162.390 852.683 22:28:44
5.228 148.878 777.561 22:28:45
5.180 288.463 1510.732 22:28:46
5.224 148.098 785.854 22:28:47
5.228 150.293 1073.171 22:28:48
5.224 162.878 847.317 22:28:49
5.224 148.780 777.561 22:28:50
5.220 162.488 849.756 22:28:51
5.228 148.780 775.122 22:28:52
5.224 164.390 859.024 22:28:53
5.228 148.976 779.024 22:28:54
5.196 229.268 1160.488 22:28:55
5.220 161.683 844.878 22:28:56
5.228 148.683 777.561 22:28:57
5.220 162.683 955.122 22:28:58
5.228 148.878 865.366 22:28:59
5.220 164.293 856.585 22:29:00
5.228 148.976 780.000 22:29:01
5.176 283.268 1440.976 22:29:02
5.224 148.683 780.000 22:29:03
5.228 150.585 787.805 22:29:04
5.228 152.878 798.537 22:29:05
5.224 151.390 791.220 22:29:06
5.224 164.488 863.415 22:29:07
5.228 151.293 790.244 22:29:08
5.224 163.073 851.220 22:29:09
5.228 149.195 779.024 22:29:10
5.152 377.171 1944.390 22:29:11
5.224 148.976 779.024 22:29:12
5.224 148.683 777.073 22:29:13
5.220 176.780 846.341 22:29:14
5.224 148.293 779.024 22:29:15
5.224 162.585 848.780 22:29:16
5.228 148.780 777.073 22:29:17
5.220 165.878 865.366 22:29:18
5.228 148.878 778.537 22:29:19
5.228 149.293 777.561 22:29:20
5.220 161.976 846.341 22:29:21
5.228 148.780 777.561 22:29:22
5.220 162.683 849.756 22:29:23
5.224 148.195 774.634 22:29:25
5.172 261.683 1309.268 22:29:26
5.224 148.683 778.537 22:29:27
5.212 201.293 1452.195 22:29:28
5.224 153.976 803.415 22:29:29
5.228 148.195 777.561 22:29:30
5.220 161.976 848.780 22:29:31
5.228 149.098 777.561 22:29:32
5.224 162.878 896.585 22:29:33
5.228 149.195 778.537 22:29:34
5.116 493.854 2546.341 22:29:35
5.228 149.098 780.976 22:29:36
5.228 149.098 779.024 22:29:37
5.220 161.293 843.902 22:29:38
5.228 148.878 777.561 22:29:39
5.208 203.073 1034.146 22:29:40
5.228 149.585 779.024 22:29:41
5.168 329.171 1455.610 22:29:42
5.224 148.976 779.024 22:29:43
5.228 148.683 780.000 22:29:44
5.224 152.976 801.463 22:29:45
5.228 148.976 778.537 22:29:46
5.220 162.878 855.122 22:29:47
5.228 148.098 779.024 22:29:48
5.152 406.561 2102.927 22:29:49
5.228 148.878 777.561 22:29:50
5.228 148.878 779.024 22:29:51
5.228 149.195 780.000 22:29:52
5.228 148.683 782.439 22:29:53
5.224 162.683 848.780 22:29:54
5.224 148.976 778.537 22:29:55
5.224 162.488 850.244 22:29:56
5.228 148.683 780.000 22:29:57
5.224 148.780 774.634 22:29:58
5.224 161.976 847.805 22:29:59
5.228 148.780 779.024 22:30:00
5.220 162.390 847.805 22:30:01
5.224 148.976 779.024 22:30:02
5.220 163.073 852.195 22:30:03
5.228 149.585 780.976 22:30:04
5.228 149.293 778.537 22:30:05
5.224 161.878 847.805 22:30:06
5.228 148.878 778.537 22:30:07
5.224 161.195 849.756 22:30:08
5.224 148.878 779.024 22:30:09
5.212 192.390 1023.902 22:30:10
5.224 151.293 779.024 22:30:11
5.228 148.976 778.537 22:30:12
5.224 148.585 780.000 22:30:13
5.224 148.293 779.024 22:30:14
5.220 162.195 852.683 22:30:15
5.228 174.976 775.122 22:30:16
5.224 162.780 848.780 22:30:17
5.228 148.390 778.537 22:30:18
5.224 148.878 777.561 22:30:19
5.220 161.976 849.756 22:30:20
5.224 148.878 777.561 22:30:21
5.220 162.488 846.341 22:30:22
5.228 148.293 778.537 22:30:23
5.220 163.585 852.683 22:30:24
5.228 153.488 800.000 22:30:25
5.224 153.195 789.756 22:30:26
5.224 151.488 791.220 22:30:27
5.224 151.098 788.780 22:30:28
5.224 163.976 858.537 22:30:29
5.228 151.195 788.780 22:30:30
5.216 167.073 875.122 22:30:31
5.228 149.098 771.220 22:30:32
5.184 252.976 1464.390 22:30:33
5.224 148.293 779.024 22:30:34
5.228 148.683 773.659 22:30:35
5.220 161.683 847.317 22:30:36
5.228 148.780 778.537 22:30:37
5.224 162.976 847.317 22:30:38
5.228 148.878 777.561 22:30:39
5.160 477.146 2440.976 22:30:40
5.228 149.195 777.561 22:30:41
5.228 148.780 777.561 22:30:42
5.220 162.073 850.244 22:30:43
5.228 148.780 777.073 22:30:44
5.220 194.683 856.585 22:30:45
5.228 148.878 779.024 22:30:46
5.152 383.561 1947.805 22:30:47
5.228 148.976 778.537 22:30:48
5.228 148.780 774.634 22:30:49
5.220 161.585 843.902 22:30:50
5.228 148.878 778.537 22:30:51
5.220 162.390 851.220 22:30:52
5.224 151.195 791.220 22:30:53
5.112 478.146 2593.659 22:30:54
5.228 151.293 792.683 22:30:55
5.228 151.195 791.220 22:30:56
5.220 164.390 856.585 22:30:57
5.228 151.195 789.756 22:30:58
5.224 165.780 860.000 22:30:59
5.184 148.390 776.098 22:31:00
5.156 376.659 1970.244 22:31:01
5.228 148.390 777.561 22:31:02
5.228 149.098 779.024 22:31:03
5.224 162.073 846.341 22:31:04
5.224 149.195 780.000 22:31:05
5.220 177.683 846.341 22:31:06
5.228 149.293 780.000 22:31:07
5.152 386.171 1962.927 22:31:08
5.224 148.683 778.537 22:31:09
5.228 148.780 777.561 22:31:10
5.224 152.976 800.976 22:31:11
5.224 148.976 778.537 22:31:12
5.220 162.390 852.195 22:31:13
5.228 149.098 779.024 22:31:14
5.124 468.854 2426.341 22:31:15
5.228 149.195 777.561 22:31:16
5.224 149.683 780.976 22:31:17
5.220 161.780 844.878 22:31:18
5.228 148.780 777.561 22:31:19
5.220 162.073 847.805 22:31:20
5.224 151.195 789.756 22:31:21
5.140 426.049 2156.098 22:31:22
5.228 151.390 786.341 22:31:23
5.224 151.293 790.244 22:31:24
5.220 164.976 856.585 22:31:25
5.228 148.585 777.561 22:31:26
5.224 162.390 852.683 22:31:27
5.228 149.098 779.024 22:31:28
5.224 163.585 850.244 22:31:29
5.228 148.780 778.537 22:31:30
5.228 148.098 777.561 22:31:31
5.224 165.293 858.537 22:31:32
5.224 151.098 789.756 22:31:33
5.220 165.390 1028.780 22:31:34
5.228 151.293 792.195 22:31:35
5.220 166.585 2119.512 22:31:36
5.228 149.195 780.976 22:31:37
5.192 199.683 1402.439 22:31:38
5.228 149.195 777.561 22:31:39
5.224 148.878 777.561 22:31:40
5.220 161.976 850.244 22:31:41
5.224 148.878 779.024 22:31:42
5.224 165.780 860.000 22:31:43
5.224 151.293 791.220 22:31:44
5.120 503.561 2576.098 22:31:45
5.228 152.780 798.537 22:31:46
5.224 148.878 780.000 22:31:47
5.224 162.073 846.341 22:31:48
5.224 148.683 777.561 22:31:49
5.224 163.073 904.878 22:31:50
5.228 149.098 778.537 22:31:51
5.116 489.244 2584.878 22:31:52
5.228 149.195 783.415 22:31:53
5.224 148.098 778.537 22:31:55
5.216 152.976 800.000 22:31:56
5.224 148.585 780.000 22:31:57
5.220 162.195 850.244 22:31:58
5.224 165.878 778.537 22:31:59
5.224 163.976 855.122 22:32:00
5.168 150.780 787.317 22:32:01
5.208 201.683 871.220 22:32:02
5.228 153.098 801.463 22:32:03
5.228 149.390 774.634 22:32:04
5.224 162.293 846.341 22:32:05
5.228 149.780 777.561 22:32:06
5.220 163.683 855.122 22:32:07
5.228 149.098 779.024 22:32:08
5.228 148.780 777.561 22:32:09
5.224 153.390 801.463 22:32:10
5.228 148.780 777.561 22:32:11
5.212 204.073 1063.902 22:32:12
5.224 156.488 779.024 22:32:13
5.220 163.585 851.220 22:32:14
5.228 161.585 776.098 22:32:15
5.228 148.976 779.024 22:32:16
5.228 149.293 778.537 22:32:17
5.228 149.195 777.561 22:32:18
5.220 166.073 850.244 22:32:19
5.228 148.976 777.073 22:32:20
5.224 163.073 851.220 22:32:21
5.228 148.683 777.561 22:32:22
5.228 149.195 779.024 22:32:23
5.228 149.098 779.024 22:32:24
5.224 148.976 779.024 22:32:25
5.224 163.195 869.756 22:32:26
5.212 180.585 922.927 22:32:27
5.224 163.585 850.244 22:32:28
5.228 148.976 779.024 22:32:29
5.224 148.293 776.098 22:32:30
5.224 152.976 800.000 22:32:31
5.228 148.878 779.024 22:32:32
5.224 162.780 849.756 22:32:33
5.224 149.098 779.024 22:32:34
5.220 178.195 852.683 22:32:35
5.228 148.976 779.024 22:32:36
5.224 148.098 779.024 22:32:37
5.220 162.683 849.756 22:32:38
5.228 148.878 778.537 22:32:39
5.220 161.878 847.805 22:32:40
5.228 148.878 779.024 22:32:41
5.220 163.073 928.780 22:32:42
5.172 317.171 1679.024 22:32:43
5.228 149.098 777.561 22:32:44
5.220 162.073 846.341 22:32:45
5.228 148.293 775.122 22:32:46
5.220 162.878 851.220 22:32:47
5.228 148.878 778.537 22:32:48
5.224 163.195 851.220 22:32:49
5.228 149.195 778.537 22:32:50
5.228 148.976 779.024 22:32:51
5.228 149.098 779.024 22:32:52
5.224 148.878 778.537 22:32:53
5.220 162.780 849.756 22:32:54
5.228 148.780 777.561 22:32:55
5.220 163.878 941.463 22:32:56
5.228 148.488 777.073 22:32:57
5.156 381.756 1966.829 22:32:58
5.228 148.878 778.537 22:32:59
5.224 150.976 783.415 22:33:00
5.224 162.878 849.756 22:33:01
5.228 148.878 775.122 22:33:02
5.220 165.293 863.902 22:33:03
5.228 149.098 778.537 22:33:04
5.204 151.195 787.805 22:33:05
5.228 150.488 786.341 22:33:06
5.228 150.390 784.878 22:33:07
5.220 163.878 850.244 22:33:08
5.228 150.195 783.415 22:33:09
5.220 164.293 856.585 22:33:10
5.228 148.780 780.976 22:33:11
5.164 341.171 2380.000 22:33:12
5.224 149.293 779.024 22:33:13
5.228 150.293 780.000 22:33:14
5.220 162.976 845.366 22:33:15
5.224 149.195 779.024 22:33:16
5.216 161.976 847.317 22:33:17
5.196 245.488 1276.585 22:33:18
5.228 148.878 778.537 22:33:19
5.228 201.390 784.878 22:33:20
5.220 164.195 856.585 22:33:21
