5.224 158.890 845.122 10:18:18
5.192 254.585 1321.951 10:18:19
5.224 165.098 861.220 10:18:20
5.224 154.390 807.317 10:18:21
5.204 158.890 810.488 10:18:22
5.204 228.293 1089.024 10:18:23
5.224 157.195 828.049 10:18:24
5.228 150.500 787.317 10:18:25
5.220 166.098 865.854 10:18:26
5.228 151.000 787.561 10:18:27
5.220 166.390 865.610 10:18:28
5.228 151.098 789.268 10:18:29
5.192 252.793 1314.634 10:18:30
5.224 156.293 812.439 10:18:32
5.224 150.793 785.366 10:18:33
5.132 344.171 2473.659 10:18:34
5.228 150.780 805.854 10:18:35
5.180 354.073 1801.463 10:18:36
5.228 151.098 817.561 10:18:37
5.212 207.390 1044.390 10:18:38
5.216 170.976 790.244 10:18:39
5.228 150.780 787.317 10:18:40
5.208 262.268 1333.171 10:18:41
5.228 150.780 786.341 10:18:42
5.196 330.268 1629.756 10:18:43
5.232 150.878 786.341 10:18:44
5.212 176.390 891.220 10:18:45
5.224 165.390 860.976 10:18:46
5.192 265.683 1394.634 10:18:47
5.224 165.293 861.463 10:18:48
5.224 150.195 787.805 10:18:49
5.220 179.073 863.902 10:18:50
5.228 151.098 790.244 10:18:51
5.220 165.073 863.902 10:18:52
5.212 197.171 1005.366 10:18:53
5.192 249.488 1296.585 10:18:54
5.224 166.390 869.756 10:18:55
5.224 150.780 788.780 10:18:56
5.152 337.561 2001.951 10:18:57
5.224 150.878 789.756 10:18:58
5.156 277.171 1305.854 10:18:59
5.220 164.585 858.537 10:19:00
5.196 348.878 2017.073 10:19:01
5.220 239.780 860.976 10:19:02
5.212 206.878 900.976 10:19:03
5.148 398.854 2190.732 10:19:04
5.224 152.293 839.024 10:19:05
5.220 166.293 868.780 10:19:06
5.224 164.878 860.000 10:19:07
5.188 249.268 1332.195 10:19:08
5.224 165.390 861.463 10:19:09
5.172 334.268 1751.220 10:19:10
5.220 165.488 858.537 10:19:11
5.228 151.098 788.780 10:19:12
5.224 164.390 858.537 10:19:13
5.228 150.195 791.220 10:19:14
5.220 252.488 2041.463 10:19:15
5.224 150.976 789.756 10:19:16
5.144 411.756 2145.854 10:19:17
5.220 155.976 812.195 10:19:18
5.220 171.585 965.366 10:19:19
5.224 158.878 1004.878 10:19:20
5.228 150.780 787.805 10:19:21
5.220 166.878 874.146 10:19:22
5.228 150.976 788.780 10:19:23
5.140 499.244 2548.780 10:19:24
5.224 151.293 787.317 10:19:25
5.228 150.683 787.805 10:19:26
5.220 165.488 863.415 10:19:27
5.224 152.780 800.000 10:19:28
5.136 253.878 1322.927 10:19:29
5.228 153.585 800.976 10:19:30
5.164 339.756 1754.146 10:19:31
5.224 153.390 801.463 10:19:32
5.208 210.171 1370.732 10:19:33
5.228 151.098 792.195 10:19:34
5.228 160.073 784.878 10:19:35
5.224 165.073 938.537 10:19:36
5.224 150.780 788.780 10:19:37
5.172 337.171 1707.805 10:19:38
5.224 151.585 791.220 10:19:39
5.144 503.659 2505.366 10:19:40
5.228 151.488 789.756 10:19:41
5.228 150.878 785.854 10:19:42
5.220 164.976 861.463 10:19:43
5.228 150.780 787.805 10:19:44
5.216 183.976 878.537 10:19:45
5.228 151.780 786.341 10:19:46
5.188 277.366 1493.659 10:19:47
5.220 157.878 824.878 10:19:48
5.228 150.390 783.902 10:19:49
5.220 165.976 866.341 10:19:50
5.228 150.976 788.780 10:19:51
5.112 493.659 2531.220 10:19:52
5.224 150.976 789.756 10:19:53
5.196 248.268 1289.268 10:19:54
5.224 151.195 791.220 10:19:55
5.228 150.683 787.805 10:19:56
5.224 158.976 827.317 10:19:57
5.224 150.585 786.341 10:19:58
5.220 166.073 1110.732 10:19:59
5.212 191.488 966.829 10:20:00
5.144 335.659 1752.683 10:20:01
5.228 150.488 787.317 10:20:02
5.200 208.976 1418.049 10:20:03
5.228 151.585 791.220 10:20:04
5.228 151.098 793.659 10:20:05
5.192 254.366 1054.146 10:20:06
5.228 150.098 787.317 10:20:07
5.152 462.951 2337.073 10:20:08
5.228 150.293 789.756 10:20:09
5.116 505.146 2576.585 10:20:10
5.224 161.073 796.098 10:20:11
5.228 150.878 837.561 10:20:12
5.220 164.878 863.415 10:20:13
5.224 150.683 788.780 10:20:14
5.124 498.951 2039.024 10:20:15
5.224 151.195 789.756 10:20:16
5.152 332.171 1941.951 10:20:17
5.228 151.195 786.341 10:20:18
5.228 150.585 787.317 10:20:19
5.212 223.585 1040.488 10:20:20
5.220 169.585 899.024 10:20:21
5.220 185.488 876.098 10:20:22
5.224 151.293 787.805 10:20:23
5.120 510.561 2609.268 10:20:24
5.228 151.098 789.756 10:20:25
5.196 259.366 1267.805 10:20:26
5.220 165.073 863.902 10:20:27
5.224 150.780 787.805 10:20:28
5.176 256.976 1304.390 10:20:29
5.224 151.098 788.780 10:20:30
5.152 428.951 1967.805 10:20:31
5.228 155.073 810.244 10:20:32
5.224 154.976 808.780 10:20:33
5.220 164.683 858.537 10:20:34
5.228 150.390 787.317 10:20:35
5.220 283.463 1384.878 10:20:36
5.224 151.878 789.756 10:20:38
5.124 480.561 2108.293 10:20:39
5.228 151.293 788.780 10:20:40
5.116 473.146 2387.317 10:20:41
5.224 151.390 790.244 10:20:42
5.208 200.976 1048.780 10:20:43
5.220 177.195 865.366 10:20:44
5.224 150.780 788.780 10:20:45
5.120 475.146 2594.146 10:20:46
5.228 150.390 787.805 10:20:47
5.188 294.463 1901.951 10:20:48
5.224 151.780 793.659 10:20:49
5.224 157.683 1002.439 10:20:50
5.220 158.073 827.317 10:20:51
5.224 150.976 824.878 10:20:52
5.224 159.390 832.683 10:20:53
5.228 150.976 788.780 10:20:54
5.116 477.049 2215.610 10:20:55
5.228 151.780 788.780 10:20:56
5.188 202.976 1411.220 10:20:57
5.228 151.195 792.195 10:20:58
5.200 206.171 1050.244 10:20:59
5.220 166.683 870.244 10:21:00
5.164 155.585 806.341 10:21:01
5.128 488.049 2424.878 10:21:02
5.228 154.585 804.878 10:21:03
5.192 315.463 1575.122 10:21:04
5.224 158.195 822.439 10:21:05
5.208 204.293 1061.951 10:21:06
5.220 168.293 872.683 10:21:07
5.224 153.390 801.463 10:21:08
5.168 300.073 1477.073 10:21:09
5.228 200.293 789.756 10:21:10
5.140 442.951 2461.463 10:21:11
5.228 151.293 789.756 10:21:12
5.224 154.683 808.780 10:21:13
5.220 164.976 863.902 10:21:14
5.224 150.780 787.805 10:21:15
5.196 254.366 1307.317 10:21:16
5.224 150.976 788.780 10:21:17
5.156 289.780 1890.244 10:21:18
5.228 151.098 789.756 10:21:19
5.200 218.390 1119.512 10:21:20
5.220 158.073 823.902 10:21:21
5.224 158.488 823.902 10:21:22
5.192 167.390 876.098 10:21:23
5.228 151.195 785.854 10:21:24
5.136 479.659 2085.854 10:21:25
5.224 164.293 801.463 10:21:26
5.140 393.171 1731.707 10:21:27
5.224 153.780 803.902 10:21:28
5.220 194.780 797.561 10:21:29
5.224 159.390 825.366 10:21:30
5.224 152.390 797.561 10:21:31
5.216 166.390 868.780 10:21:32
5.224 154.976 789.756 10:21:33
5.196 252.976 1298.049 10:21:34
5.228 151.585 800.976 10:21:35
5.184 206.390 1067.805 10:21:36
5.224 152.390 791.220 10:21:37
5.224 157.488 823.902 10:21:38
5.216 220.488 1028.780 10:21:39
5.228 151.585 789.756 10:21:40
5.152 380.171 1995.122 10:21:41
5.228 152.098 792.195 10:21:42
5.196 387.366 2507.317 10:21:43
5.224 164.585 859.024 10:21:44
5.228 151.780 1101.951 10:21:45
5.224 151.683 792.195 10:21:46
5.204 214.488 1111.707 10:21:47
5.196 262.878 1326.829 10:21:48
5.216 230.683 954.146 10:21:49
5.196 254.780 879.024 10:21:50
5.228 151.293 791.220 10:21:51
5.172 335.463 1723.902 10:21:52
5.220 166.293 861.463 10:21:53
5.200 225.171 1163.902 10:21:54
5.172 342.561 1312.195 10:21:55
5.228 207.976 787.805 10:21:56
5.140 247.366 1467.317 10:21:57
5.228 153.488 801.463 10:21:58
5.164 340.463 1722.927 10:21:59
5.228 153.976 799.024 10:22:00
5.208 169.195 881.463 10:22:01
5.224 165.585 864.878 10:22:02
5.224 151.488 790.244 10:22:03
5.184 278.780 1508.293 10:22:04
5.228 150.976 883.902 10:22:05
5.172 340.366 1714.146 10:22:06
5.224 155.073 810.244 10:22:07
5.208 240.268 1098.049 10:22:08
5.220 161.195 843.902 10:22:09
5.204 215.073 1142.927 10:22:10
5.228 158.293 825.366 10:22:11
5.224 152.976 800.000 10:22:12
5.144 340.463 1661.463 10:22:13
5.228 162.073 788.780 10:22:14
5.160 412.049 2200.976 10:22:15
5.224 151.195 789.756 10:22:16
5.224 155.195 808.780 10:22:17
5.220 165.488 867.805 10:22:18
5.228 150.878 789.756 10:22:19
5.220 167.585 873.659 10:22:20
5.224 151.195 789.756 10:22:21
5.192 335.561 1884.390 10:22:22
5.228 151.195 788.780 10:22:23
5.220 152.390 871.220 10:22:24
5.220 166.488 791.220 10:22:25
5.200 233.878 1171.707 10:22:26
5.216 325.073 1838.049 10:22:27
5.224 150.878 789.756 10:22:28
5.144 415.951 2044.390 10:22:29
5.228 151.098 789.756 10:22:30
5.208 292.463 1360.488 10:22:31
5.224 151.683 789.756 10:22:32
5.228 154.780 812.683 10:22:33
5.220 165.195 862.439 10:22:34
5.228 150.976 788.780 10:22:35
5.220 168.390 880.976 10:22:36
5.228 150.390 787.805 10:22:37
5.168 335.366 1724.878 10:22:38
5.228 151.195 791.220 10:22:39
5.228 150.780 792.195 10:22:40
5.224 165.585 861.463 10:22:42
5.224 156.195 811.220 10:22:43
5.192 279.171 1747.805 10:22:44
5.228 150.976 858.537 10:22:45
5.164 410.756 1620.000 10:22:46
5.224 151.195 790.244 10:22:47
5.208 207.585 1055.610 10:22:48
5.224 157.780 794.634 10:22:49
5.224 177.293 858.537 10:22:50
5.212 174.293 1201.951 10:22:51
5.228 151.098 789.756 10:22:52
5.120 469.854 2516.585 10:22:53
5.228 151.195 790.244 10:22:54
5.216 151.976 798.537 10:22:55
5.224 151.488 791.220 10:22:56
5.228 152.488 798.537 10:22:57
5.220 165.976 865.366 10:22:58
5.208 209.683 1157.073 10:22:59
5.120 465.244 2423.415 10:23:00
5.224 155.390 852.683 10:23:01
5.128 473.756 2553.659 10:23:02
5.228 155.878 817.561 10:23:03
5.224 165.293 859.024 10:23:04
5.220 165.780 863.415 10:23:05
5.212 204.878 1066.341 10:23:06
5.220 167.780 874.146 10:23:07
5.228 151.098 789.756 10:23:08
5.140 504.854 2512.195 10:23:09
5.224 155.195 809.756 10:23:10
5.212 186.780 999.024 10:23:11
5.224 158.195 826.341 10:23:12
5.224 157.488 822.439 10:23:13
5.168 334.463 1594.634 10:23:14
5.228 153.585 801.463 10:23:15
5.132 510.659 2483.415 10:23:16
5.228 151.195 789.756 10:23:17
5.200 219.390 1154.146 10:23:18
5.228 155.585 812.195 10:23:19
5.224 150.683 789.756 10:23:20
5.220 166.073 863.415 10:23:21
5.192 276.780 860.000 10:23:22
5.152 341.366 1612.195 10:23:23
5.220 196.073 1027.805 10:23:24
5.192 301.878 1313.171 10:23:25
5.228 151.195 790.244 10:23:26
5.224 150.878 789.756 10:23:27
5.224 157.976 828.780 10:23:28
5.224 333.976 1141.463 10:23:29
5.196 253.976 1322.927 10:23:30
5.224 150.976 786.341 10:23:31
5.168 332.561 2176.098 10:23:32
5.224 151.195 791.220 10:23:33
5.192 333.366 1710.244 10:23:34
5.228 151.585 791.220 10:23:35
5.228 151.098 792.195 10:23:36
5.220 165.073 865.366 10:23:37
5.224 157.976 827.317 10:23:38
5.192 258.073 1332.195 10:23:39
5.224 151.195 1020.000 10:23:40
5.164 339.561 1849.268 10:23:41
5.220 155.293 812.683 10:23:42
5.224 150.976 787.805 10:23:43
5.220 180.171 861.463 10:23:44
5.228 152.585 798.537 10:23:45
5.220 172.195 895.122 10:23:46
5.228 240.171 1110.732 10:23:47
5.228 155.293 812.683 10:23:48
5.224 151.683 791.220 10:23:49
5.224 165.195 861.463 10:23:50
5.220 167.073 872.195 10:23:51
5.224 152.780 798.537 10:23:52
5.124 419.366 2155.610 10:23:53
5.200 214.976 1119.024 10:23:54
5.176 259.171 1319.512 10:23:55
5.224 157.780 824.878 10:23:56
5.220 165.293 861.463 10:23:57
5.220 165.073 863.902 10:23:58
5.228 151.293 789.756 10:23:59
5.192 272.463 1309.268 10:24:00
5.208 203.585 1061.463 10:24:01
5.180 256.976 1513.171 10:24:02
5.224 151.293 791.220 10:24:03
5.224 165.073 856.585 10:24:04
5.220 165.683 863.415 10:24:05
5.220 165.293 859.024 10:24:06
5.216 180.293 942.927 10:24:07
5.224 157.585 826.341 10:24:08
5.132 484.561 2572.683 10:24:09
5.224 153.683 807.317 10:24:10
5.224 153.293 802.439 10:24:11
5.212 192.976 1075.122 10:24:12
5.224 151.098 791.220 10:24:13
5.192 347.463 2057.073 10:24:14
5.220 164.878 860.000 10:24:15
5.144 419.659 2118.537 10:24:16
5.204 159.390 829.756 10:24:17
5.224 150.976 789.756 10:24:18
5.224 164.878 863.415 10:24:19
5.228 151.293 786.341 10:24:20
5.224 167.683 881.463 10:24:21
5.228 151.488 790.244 10:24:22
5.140 440.268 2034.146 10:24:23
5.192 207.780 1121.463 10:24:24
5.208 153.195 801.463 10:24:25
5.196 265.780 836.098 10:24:26
5.224 153.293 802.439 10:24:27
5.192 309.659 1300.976 10:24:28
5.224 165.488 863.902 10:24:29
5.168 335.171 1760.488 10:24:30
5.228 155.195 812.195 10:24:31
5.228 150.976 787.805 10:24:32
5.224 164.293 852.683 10:24:33
5.228 150.976 788.780 10:24:34
5.220 165.293 863.902 10:24:35
5.224 150.878 789.756 10:24:36
5.120 498.244 2584.878 10:24:37
5.224 150.878 791.220 10:24:38
5.192 199.390 1060.488 10:24:39
5.220 165.488 862.439 10:24:40
5.224 150.878 789.756 10:24:41
5.144 376.268 1795.122 10:24:42
5.224 151.488 1080.488 10:24:43
5.140 416.366 2010.244 10:24:44
5.228 151.488 791.220 10:24:45
5.228 155.195 809.756 10:24:46
5.220 165.293 861.463 10:24:47
5.224 153.878 805.854 10:24:48
5.116 504.659 2512.683 10:24:50
5.224 152.683 801.463 10:24:51
5.172 262.878 1349.756 10:24:52
5.228 153.488 800.000 10:24:53
5.224 154.780 1169.268 10:24:54
5.220 165.293 865.366 10:24:55
5.220 150.878 789.756 10:24:56
5.220 167.976 876.585 10:24:57
5.224 150.976 789.756 10:24:58
5.168 400.171 2060.488 10:24:59
5.228 153.878 804.878 10:25:00
5.220 155.390 812.195 10:25:01
5.220 168.390 876.585 10:25:02
5.212 260.366 1066.341 10:25:03
5.148 170.780 891.707 10:25:04
5.228 151.488 840.976 10:25:05
5.200 232.683 1227.805 10:25:06
5.224 151.293 792.195 10:25:07
5.224 150.293 789.756 10:25:08
5.220 158.390 825.366 10:25:09
5.204 218.585 1126.829 10:25:10
5.216 167.976 874.146 10:25:11
5.228 151.488 789.756 10:25:12
5.120 468.146 2475.122 10:25:13
5.216 198.683 971.707 10:25:14
5.224 203.976 1081.463 10:25:15
5.220 165.683 861.463 10:25:16
5.224 154.976 810.244 10:25:17
5.224 166.780 874.146 10:25:18
5.220 158.585 832.195 10:25:19
5.140 465.146 2274.634 10:25:20
5.228 151.293 790.244 10:25:21
5.224 157.683 823.415 10:25:22
5.220 155.878 812.195 10:25:23
5.228 153.488 801.463 10:25:24
5.220 167.585 875.122 10:25:25
5.220 155.780 813.659 10:25:26
5.112 486.561 2448.293 10:25:27
5.208 231.488 1081.463 10:25:28
5.212 268.268 1083.902 10:25:29
5.228 152.098 791.220 10:25:30
5.208 206.585 1057.561 10:25:31
5.224 164.293 860.000 10:25:32
5.228 164.780 860.976 10:25:33
5.220 167.683 875.122 10:25:34
5.224 160.293 839.024 10:25:35
5.120 486.463 2194.634 10:25:36
5.224 153.585 803.902 10:25:37
5.220 158.073 821.463 10:25:38
5.216 167.195 871.220 10:25:39
5.220 166.683 873.659 10:25:40
5.188 255.878 1720.000 10:25:41
5.220 165.293 859.024 10:25:42
5.152 407.073 2261.951 10:25:43
5.196 224.585 1167.805 10:25:44
5.224 155.780 871.220 10:25:45
5.220 165.293 860.000 10:25:46
5.224 157.488 823.415 10:25:47
5.220 164.878 868.780 10:25:48
5.220 165.293 859.024 10:25:49
5.116 494.463 2512.195 10:25:50
5.224 157.585 823.415 10:25:51
5.224 167.390 873.659 10:25:52
5.224 167.488 874.146 10:25:53
5.220 167.780 876.098 10:25:54
5.192 259.683 1727.317 10:25:55
5.204 215.073 1114.146 10:25:56
5.156 453.366 2166.829 10:25:57
5.224 151.195 791.220 10:25:58
5.228 151.195 786.341 10:25:59
5.224 158.488 827.317 10:26:00
5.212 155.073 812.195 10:26:01
5.192 255.073 1309.268 10:26:02
5.220 214.488 858.537 10:26:03
5.160 334.561 1981.951 10:26:04
5.228 156.878 820.976 10:26:05
5.200 206.488 1057.561 10:26:06
5.220 151.390 792.195 10:26:07
5.228 150.585 789.756 10:26:08
5.224 175.073 860.976 10:26:09
5.228 151.195 790.244 10:26:10
5.220 169.293 881.463 10:26:11
5.208 227.073 1181.463 10:26:12
5.140 491.854 2536.098 10:26:13
5.228 151.195 791.220 10:26:14
5.212 192.878 955.122 10:26:15
5.220 165.976 861.463 10:26:16
5.228 151.098 789.756 10:26:17
5.220 228.780 869.756 10:26:18
5.224 155.073 810.244 10:26:19
5.140 418.049 2216.098 10:26:20
5.224 154.293 803.415 10:26:21
5.224 156.195 804.878 10:26:22
5.220 164.976 925.366 10:26:23
5.224 151.098 789.756 10:26:24
5.192 255.780 1319.512 10:26:25
5.224 151.195 790.244 10:26:26
5.168 407.463 2262.439 10:26:27
5.208 205.488 1070.244 10:26:28
5.224 153.488 803.902 10:26:29
5.220 167.195 873.659 10:26:30
5.228 151.098 789.756 10:26:31
5.220 167.293 875.122 10:26:32
5.228 151.195 790.244 10:26:33
5.136 416.049 2490.244 10:26:34
5.224 157.976 825.366 10:26:35
5.228 150.683 787.805 10:26:36
5.224 157.683 828.780 10:26:37
5.228 150.976 789.756 10:26:38
5.220 166.780 862.439 10:26:39
5.224 151.098 788.780 10:26:40
5.120 482.659 2550.244 10:26:41
5.220 164.390 863.902 10:26:42
5.228 150.780 787.805 10:26:43
5.224 161.390 845.366 10:26:44
5.224 153.488 803.415 10:26:45
5.220 167.390 875.122 10:26:46
5.224 151.488 790.244 10:26:47
5.220 168.293 872.683 10:26:48
5.224 153.683 802.439 10:26:49
5.180 278.585 1353.171 10:26:50
5.224 153.098 792.195 10:26:51
5.224 150.683 787.317 10:26:52
5.192 253.780 1315.610 10:26:53
5.224 153.293 801.463 10:26:54
5.148 424.756 2178.537 10:26:55
5.224 153.293 803.902 10:26:56
5.168 410.756 2122.927 10:26:57
5.228 154.293 806.341 10:26:58
5.228 153.488 800.000 10:26:59
5.224 174.293 842.439 10:27:00
5.224 154.293 809.756 10:27:01
5.192 252.488 1398.537 10:27:03
5.228 151.195 785.854 10:27:04
5.220 181.073 893.659 10:27:05
5.224 151.293 791.220 10:27:06
5.216 224.171 955.122 10:27:07
5.224 165.195 861.463 10:27:08
5.228 150.780 787.805 10:27:09
5.224 166.976 873.659 10:27:10
5.224 150.976 890.244 10:27:11
5.120 530.439 2403.415 10:27:12
5.228 151.195 789.756 10:27:13
5.168 334.659 1727.805 10:27:14
5.228 151.293 790.244 10:27:15
5.224 150.780 787.805 10:27:16
5.220 165.195 863.415 10:27:17
5.220 174.585 942.439 10:27:18
5.172 254.366 1337.073 10:27:19
5.228 150.780 789.756 10:27:20
5.120 509.341 2557.561 10:27:21
5.228 150.976 789.756 10:27:22
5.228 150.780 787.805 10:27:23
5.220 167.293 872.195 10:27:24
5.228 153.683 797.561 10:27:25
5.168 384.756 2089.268 10:27:26
5.228 200.878 801.463 10:27:27
5.112 496.146 2540.000 10:27:28
5.220 151.293 792.195 10:27:29
5.224 150.780 787.805 10:27:30
5.220 165.976 867.805 10:27:31
5.228 150.878 786.341 10:27:32
5.140 456.146 2395.122 10:27:33
5.228 151.195 789.756 10:27:34
5.200 293.073 1502.439 10:27:35
5.228 151.195 790.244 10:27:36
5.224 150.683 788.780 10:27:37
5.224 159.390 831.220 10:27:38
5.224 150.780 789.756 10:27:39
5.224 185.171 880.976 10:27:40
5.228 151.098 788.780 10:27:41
5.220 206.683 1326.829 10:27:42
5.228 151.878 791.220 10:27:43
5.188 206.073 1086.341 10:27:44
5.228 151.293 792.683 10:27:45
5.228 150.683 785.854 10:27:46
5.220 167.390 867.805 10:27:47
5.228 150.878 788.780 10:27:48
5.220 168.390 879.024 10:27:49
5.228 151.098 790.244 10:27:50
5.180 265.073 1315.610 10:27:51
5.228 151.585 790.244 10:27:52
5.216 185.390 960.488 10:27:53
5.224 160.488 837.561 10:27:54
5.224 150.976 789.756 10:27:55
5.128 522.341 2172.195 10:27:56
5.224 151.098 900.000 10:27:57
5.188 270.171 871.220 10:27:58
5.228 151.390 790.244 10:27:59
5.228 150.780 788.780 10:28:00
5.152 159.976 953.659 10:28:01
5.228 150.976 789.756 10:28:02
5.184 254.976 890.244 10:28:03
5.224 151.098 787.805 10:28:04
5.152 414.366 1685.366 10:28:05
5.224 165.390 859.024 10:28:06
5.220 158.683 1376.098 10:28:07
5.224 156.073 863.902 10:28:08
5.224 165.878 787.805 10:28:09
5.192 229.073 879.024 10:28:10
5.228 151.390 784.878 10:28:11
5.128 509.049 2146.829 10:28:12
5.228 151.098 787.805 10:28:13
5.164 346.366 1832.683 10:28:14
5.224 151.293 791.220 10:28:15
5.224 150.780 787.805 10:28:16
5.224 159.488 832.683 10:28:17
5.228 151.098 788.780 10:28:18
5.116 429.659 2180.488 10:28:19
5.228 151.098 785.854 10:28:20
5.124 409.854 2401.463 10:28:21
5.224 151.195 796.098 10:28:22
5.228 150.878 787.805 10:28:23
5.220 160.488 834.634 10:28:24
5.224 207.683 790.244 10:28:25
5.220 167.488 877.561 10:28:26
5.228 151.098 786.341 10:28:27
5.128 422.049 1935.610 10:28:28
5.224 151.488 1062.927 10:28:29
5.196 215.585 1239.024 10:28:30
5.220 165.390 908.780 10:28:31
5.224 150.780 787.805 10:28:32
5.220 165.293 862.439 10:28:33
5.224 150.878 789.756 10:28:34
5.132 414.854 1774.146 10:28:35
5.224 151.293 789.756 10:28:36
5.212 202.585 1250.732 10:28:37
5.228 151.390 792.683 10:28:38
5.228 150.780 788.780 10:28:39
5.224 165.488 863.415 10:28:40
5.228 151.390 789.756 10:28:41
5.116 478.951 2612.683 10:28:42
5.216 185.585 1129.268 10:28:43
5.196 249.585 1297.073 10:28:44
5.228 151.195 791.220 10:28:45
5.228 150.390 787.805 10:28:46
5.224 158.878 834.634 10:28:47
5.228 151.098 787.805 10:28:48
5.120 488.341 2553.659 10:28:49
5.224 154.390 792.683 10:28:50
5.144 419.366 2099.024 10:28:51
5.228 151.488 792.195 10:28:52
5.228 150.976 788.780 10:28:53
5.224 158.390 827.317 10:28:54
5.224 150.878 789.756 10:28:55
5.224 166.390 867.805 10:28:56
5.224 151.098 789.756 10:28:57
5.124 337.878 1750.244 10:28:58
5.224 150.976 790.244 10:28:59
5.228 150.780 783.415 10:29:00
5.228 151.683 796.098 10:29:01
5.224 151.976 794.634 10:29:02
5.224 165.976 866.341 10:29:03
5.224 151.390 791.220 10:29:04
5.124 489.659 2504.878 10:29:05
5.224 165.195 862.439 10:29:06
5.188 268.171 1477.561 10:29:07
5.224 151.390 791.220 10:29:08
5.224 151.293 787.317 10:29:09
5.224 165.976 863.415 10:29:10
5.224 154.976 800.976 10:29:11
5.140 342.073 1955.610 10:29:12
5.224 153.488 800.976 10:29:13
5.176 263.366 1350.732 10:29:14
5.224 153.585 803.415 10:29:15
5.224 153.098 803.415 10:29:16
5.220 164.976 866.341 10:29:18
5.228 151.488 789.756 10:29:19
5.196 212.268 1099.024 10:29:20
5.224 151.098 789.756 10:29:21
5.168 472.463 2069.268 10:29:22
5.224 154.585 802.439 10:29:23
5.228 153.098 800.000 10:29:24
5.220 165.585 869.756 10:29:25
5.224 150.878 789.756 10:29:26
5.220 165.878 1210.732 10:29:27
5.228 151.293 789.756 10:29:28
5.112 461.463 2529.756 10:29:29
5.224 150.976 789.756 10:29:30
5.224 150.780 787.317 10:29:31
5.228 151.585 792.195 10:29:32
5.228 150.780 789.756 10:29:33
5.220 167.293 873.659 10:29:34
5.224 150.878 791.220 10:29:35
5.124 448.659 2460.976 10:29:36
5.228 151.098 791.220 10:29:37
5.192 258.585 1350.732 10:29:38
5.224 151.488 806.341 10:29:39
5.224 150.780 787.805 10:29:40
5.220 166.195 867.317 10:29:41
5.228 151.195 790.244 10:29:42
5.120 492.146 2520.000 10:29:43
5.224 209.073 789.756 10:29:44
5.196 205.390 810.244 10:29:45
5.224 153.683 803.415 10:29:46
5.228 153.293 800.976 10:29:47
5.188 174.195 907.805 10:29:48
5.228 153.878 803.902 10:29:49
5.212 197.171 1026.341 10:29:50
5.224 151.195 789.756 10:29:51
5.228 150.878 787.805 10:29:52
5.224 165.195 865.366 10:29:53
5.228 151.780 793.659 10:29:54
5.124 478.049 2449.756 10:29:55
5.228 151.195 789.756 10:29:56
5.168 290.780 1320.488 10:29:57
5.224 154.073 803.415 10:29:58
5.224 153.293 800.000 10:29:59
5.224 162.073 840.000 10:30:00
5.224 155.390 800.000 10:30:01
5.172 259.878 892.683 10:30:02
5.224 150.976 789.756 10:30:03
5.124 416.561 2671.707 10:30:04
5.224 151.293 791.220 10:30:05
5.224 150.780 791.220 10:30:06
5.224 151.683 791.220 10:30:07
5.224 150.878 788.780 10:30:08
5.220 166.878 874.146 10:30:09
5.228 150.976 789.756 10:30:10
5.116 508.463 2472.195 10:30:11
5.224 151.098 790.244 10:30:12
5.204 254.585 1271.707 10:30:13
5.224 170.780 864.878 10:30:14
5.224 150.780 788.780 10:30:15
5.220 165.585 865.366 10:30:16
5.224 163.488 801.463 10:30:17
5.116 489.951 2524.878 10:30:18
5.220 164.293 881.463 10:30:19
5.172 304.561 2022.927 10:30:20
5.212 203.171 1023.902 10:30:21
5.224 150.878 787.805 10:30:22
5.224 165.390 865.366 10:30:23
5.224 153.488 801.463 10:30:24
5.180 317.976 1762.439 10:30:25
5.228 153.293 801.463 10:30:26
5.140 428.268 2150.732 10:30:27
5.220 153.683 801.463 10:30:28
5.228 153.390 800.976 10:30:29
5.224 165.195 861.463 10:30:30
5.212 150.976 788.780 10:30:31
5.220 168.976 877.561 10:30:32
5.228 150.976 789.756 10:30:33
5.120 485.146 2414.634 10:30:34
5.228 150.976 791.220 10:30:35
5.228 254.780 1086.829 10:30:36
5.224 164.780 862.439 10:30:37
5.224 150.780 787.805 10:30:38
5.192 172.683 876.098 10:30:39
5.228 150.683 790.244 10:30:40
5.144 439.463 2292.195 10:30:41
5.224 151.195 791.220 10:30:42
5.176 293.268 1533.171 10:30:43
5.224 152.293 792.195 10:30:44
5.224 150.390 792.195 10:30:45
5.220 166.585 870.244 10:30:46
5.228 150.878 788.780 10:30:47
5.120 476.561 2440.976 10:30:48
5.224 150.976 789.756 10:30:49
5.220 165.073 1106.341 10:30:50
5.228 151.293 791.220 10:30:51
5.228 150.585 788.780 10:30:52
5.228 151.585 793.659 10:30:53
5.228 150.976 789.756 10:30:54
5.120 513.561 2171.707 10:30:55
5.224 150.488 789.756 10:30:56
5.128 475.463 2463.902 10:30:57
5.224 151.098 790.244 10:30:58
5.208 230.073 1393.171 10:30:59
5.224 151.585 793.659 10:31:00
5.220 152.683 801.463 10:31:01
5.212 168.488 877.561 10:31:02
5.224 153.390 812.195 10:31:03
5.164 255.585 1321.951 10:31:04
5.228 153.390 803.902 10:31:05
5.168 334.463 1806.341 10:31:06
5.228 151.488 791.220 10:31:07
5.228 151.098 788.780 10:31:08
5.224 158.683 827.805 10:31:09
5.228 150.585 787.805 10:31:10
5.116 509.463 2542.927 10:31:11
5.228 150.976 786.341 10:31:12
5.220 165.976 869.756 10:31:13
5.228 151.390 789.756 10:31:14
5.228 150.683 785.854 10:31:15
5.224 166.878 795.122 10:31:16
5.228 150.878 793.659 10:31:17
5.192 252.878 1448.293 10:31:18
5.204 153.585 803.902 10:31:19
5.216 169.976 887.317 10:31:20
5.220 167.195 872.195 10:31:21
5.116 434.756 1834.146 10:31:22
5.228 151.488 788.780 10:31:23
5.224 150.683 788.780 10:31:24
5.220 166.195 868.780 10:31:25
5.228 150.976 785.854 10:31:26
5.136 427.171 2189.756 10:31:27
5.224 153.390 801.463 10:31:29
5.112 524.049 2546.341 10:31:30
5.224 154.195 806.341 10:31:31
5.224 152.976 803.415 10:31:32
5.220 167.976 872.195 10:31:33
5.224 153.098 800.976 10:31:34
5.220 165.293 868.780 10:31:35
5.228 151.195 790.244 10:31:36
5.220 168.390 876.585 10:31:37
5.224 151.488 790.244 10:31:38
5.188 279.171 1712.683 10:31:39
5.224 155.195 811.220 10:31:40
5.228 153.195 800.000 10:31:41
5.220 167.585 873.659 10:31:42
5.228 153.195 800.000 10:31:43
5.120 417.854 1728.780 10:31:44
5.212 177.390 787.805 10:31:45
5.132 473.366 2363.902 10:31:46
5.224 150.878 789.756 10:31:47
5.228 150.780 787.805 10:31:48
5.224 196.073 862.439 10:31:49
5.228 158.878 787.805 10:31:50
5.220 168.390 873.659 10:31:51
5.228 153.390 803.902 10:31:52
5.140 408.171 2503.902 10:31:53
5.228 153.683 793.659 10:31:54
5.224 150.780 787.805 10:31:55
5.224 158.878 826.341 10:31:56
5.228 150.878 786.341 10:31:57
5.160 354.878 1309.756 10:31:58
5.228 153.488 801.463 10:31:59
5.124 538.439 2604.878 10:32:00
5.228 153.976 805.854 10:32:01
5.228 153.293 807.805 10:32:02
5.224 165.780 831.220 10:32:03
5.228 150.683 788.780 10:32:04
5.188 252.171 1230.244 10:32:05
5.228 151.098 787.805 10:32:06
5.136 408.171 1752.683 10:32:07
5.228 151.098 789.756 10:32:08
5.228 150.293 784.878 10:32:09
5.224 158.585 826.341 10:32:10
5.224 150.976 789.756 10:32:11
5.196 255.585 1325.854 10:32:12
5.224 150.488 786.341 10:32:13
5.108 503.049 2563.902 10:32:14
5.228 151.195 791.220 10:32:15
5.228 150.780 787.317 10:32:16
5.224 164.683 860.000 10:32:17
5.224 150.195 789.756 10:32:18
5.220 167.780 876.098 10:32:19
5.228 150.976 792.195 10:32:20
5.124 459.268 2476.098 10:32:21
5.228 151.488 790.244 10:32:22
5.228 150.878 787.805 10:32:23
5.224 151.488 792.195 10:32:24
5.228 150.780 789.756 10:32:25
5.220 167.073 1541.951 10:32:26
5.224 152.488 796.098 10:32:27
5.120 532.561 2527.805 10:32:28
5.228 150.976 792.683 10:32:29
5.224 150.780 787.317 10:32:30
5.228 151.488 792.683 10:32:31
5.228 150.878 790.244 10:32:32
5.188 357.976 1539.512 10:32:33
5.224 151.098 790.244 10:32:34
5.116 492.463 2476.098 10:32:35
5.224 151.293 787.805 10:32:36
5.228 150.878 786.341 10:32:37
5.224 158.293 832.195 10:32:38
5.228 151.488 789.756 10:32:39
5.180 256.976 1303.415 10:32:40
5.224 150.976 788.780 10:32:41
5.168 441.268 2206.829 10:32:42
5.224 150.976 786.341 10:32:43
5.212 184.878 976.098 10:32:44
5.216 186.585 951.707 10:32:45
5.228 151.293 787.805 10:32:46
5.224 167.878 873.659 10:32:47
5.228 150.976 789.756 10:32:48
5.136 337.366 2041.463 10:32:49
5.228 153.878 803.902 10:32:50
5.228 153.098 800.000 10:32:51
5.220 167.390 873.659 10:32:52
5.220 154.488 807.317 10:32:53
5.152 257.463 1337.073 10:32:54
5.224 151.195 789.756 10:32:55
5.136 419.854 2158.049 10:32:56
5.228 151.878 789.756 10:32:57
5.224 150.780 791.220 10:32:58
5.224 158.390 830.244 10:32:59
5.228 150.976 789.756 10:33:00
5.220 241.268 1816.098 10:33:01
5.224 151.780 789.756 10:33:02
5.172 250.366 1296.585 10:33:03
5.224 151.780 792.195 10:33:04
5.224 151.683 790.244 10:33:05
5.224 158.976 827.317 10:33:06
5.224 151.098 789.756 10:33:07
5.220 166.390 868.780 10:33:08
5.228 151.195 789.756 10:33:09
5.128 483.463 2473.659 10:33:10
5.224 153.976 803.415 10:33:11
5.228 153.390 804.878 10:33:12
5.220 168.195 875.122 10:33:13
5.228 154.293 816.098 10:33:14
5.192 328.366 1312.195 10:33:15
5.216 180.878 1009.268 10:33:16
5.156 320.976 1420.000 10:33:17
5.224 150.976 791.220 10:33:18
5.228 150.878 788.780 10:33:19
5.224 158.390 831.220 10:33:20
5.224 150.976 787.805 10:33:21
5.220 167.878 866.341 10:33:22
5.224 150.878 789.756 10:33:23
5.140 333.268 1708.780 10:33:24
5.224 151.098 789.756 10:33:25
5.164 337.878 1726.341 10:33:26
5.228 151.390 792.195 10:33:27
5.228 151.098 789.756 10:33:28
5.220 165.780 867.317 10:33:29
5.228 150.878 788.780 10:33:30
5.120 509.659 2523.415 10:33:31
5.224 151.098 789.756 10:33:32
5.192 251.073 1320.488 10:33:33
5.224 151.195 790.244 10:33:34
5.228 150.780 789.756 10:33:35
5.224 158.488 823.902 10:33:36
5.224 150.878 788.780 10:33:37
5.192 312.780 873.659 10:33:38
5.228 150.976 789.756 10:33:39
5.192 349.366 2297.073 10:33:40
5.228 150.976 787.805 10:33:41
5.212 205.683 1064.390 10:33:42
5.228 150.976 791.220 10:33:43
5.228 150.780 786.341 10:33:44
5.220 165.293 862.439 10:33:45
5.224 151.390 787.805 10:33:47
5.120 519.561 2633.659 10:33:48
5.228 151.098 789.756 10:33:49
5.224 150.780 823.902 10:33:50
5.224 158.195 826.341 10:33:51
5.224 150.098 784.878 10:33:52
5.220 167.683 875.122 10:33:53
5.216 153.390 801.463 10:33:54
5.128 466.659 2391.220 10:33:55
5.224 154.390 802.439 10:33:56
5.228 153.585 801.463 10:33:57
5.224 161.390 838.537 10:33:58
5.224 153.488 800.000 10:33:59
5.128 507.463 2407.317 10:34:00
5.224 157.195 819.024 10:34:01
5.144 418.049 1935.610 10:34:02
5.224 158.683 826.341 10:34:03
5.228 150.976 788.780 10:34:04
5.220 165.390 862.439 10:34:05
5.228 152.390 793.659 10:34:06
5.192 256.463 1734.146 10:34:07
5.228 151.683 793.659 10:34:08
5.164 413.366 2129.268 10:34:09
5.224 153.683 803.415 10:34:10
5.224 153.098 1230.732 10:34:11
5.224 158.683 998.049 10:34:12
5.224 150.878 789.756 10:34:13
5.200 167.976 876.098 10:34:14
5.224 150.878 789.756 10:34:15
5.212 170.780 1371.707 10:34:16
5.224 153.390 801.463 10:34:17
5.156 376.463 1947.805 10:34:18
5.220 165.585 863.415 10:34:19
5.224 150.878 788.780 10:34:20
5.224 158.683 829.756 10:34:21
5.228 150.976 789.756 10:34:22
5.168 419.049 2535.122 10:34:23
5.228 150.976 788.780 10:34:24
5.148 408.659 2139.512 10:34:25
5.224 153.293 802.439 10:34:26
5.228 152.585 797.073 10:34:27
5.224 152.878 798.537 10:34:28
5.228 150.878 787.805 10:34:29
5.188 257.366 1332.195 10:34:30
5.224 150.976 909.756 10:34:31
5.144 411.854 2125.366 10:34:32
5.228 151.195 789.756 10:34:33
5.164 334.659 2152.195 10:34:34
5.224 151.195 791.220 10:34:35
5.228 151.390 787.805 10:34:36
5.220 175.585 882.439 10:34:37
5.224 152.976 800.976 10:34:38
5.216 172.488 900.976 10:34:39
5.228 153.390 800.976 10:34:40
5.140 454.268 2481.463 10:34:41
5.228 151.488 790.244 10:34:42
5.228 150.976 787.805 10:34:43
5.224 158.878 827.317 10:34:44
5.224 150.976 787.805 10:34:45
5.224 167.585 877.561 10:34:46
5.224 150.390 788.780 10:34:47
5.128 456.366 2621.463 10:34:48
5.224 151.293 789.756 10:34:49
5.220 157.390 822.439 10:34:50
5.220 165.293 865.366 10:34:51
5.228 150.976 787.805 10:34:52
5.112 465.756 2519.024 10:34:53
5.224 151.195 789.756 10:34:54
5.228 150.878 787.805 10:34:55
5.220 165.488 860.000 10:34:56
5.212 152.976 797.073 10:34:57
5.192 255.976 1334.146 10:34:58
5.212 202.171 1348.293 10:34:59
5.124 494.341 2498.537 10:35:00
5.224 194.878 1195.610 10:35:01
5.228 158.488 787.805 10:35:02
5.228 156.488 825.366 10:35:03
5.208 195.683 1026.341 10:35:04
5.224 170.293 905.366 10:35:05
5.220 168.488 870.244 10:35:06
5.128 510.341 2466.341 10:35:07
5.224 153.683 804.878 10:35:08
5.216 184.073 952.683 10:35:09
5.224 151.390 791.220 10:35:10
5.224 151.098 787.317 10:35:11
5.220 165.585 865.366 10:35:12
5.228 153.293 786.341 10:35:13
5.132 488.049 2413.659 10:35:14
5.208 214.268 1116.585 10:35:15
5.208 233.073 1066.341 10:35:16
5.224 151.293 792.195 10:35:17
5.228 150.976 789.756 10:35:18
5.220 166.195 865.366 10:35:19
5.224 151.195 803.415 10:35:20
5.144 453.049 2175.610 10:35:21
5.228 155.390 816.585 10:35:22
5.128 437.756 2429.756 10:35:23
5.212 192.073 949.268 10:35:24
5.224 151.195 789.756 10:35:25
5.220 164.976 1009.268 10:35:26
5.228 151.098 789.756 10:35:27
5.224 168.683 875.122 10:35:28
5.228 151.293 874.146 10:35:29
5.116 435.463 2157.073 10:35:30
5.196 263.463 2435.122 10:35:31
5.228 150.780 786.341 10:35:32
5.228 151.390 791.220 10:35:33
5.224 151.293 787.805 10:35:34
5.220 166.878 1501.951 10:35:35
5.228 151.098 789.756 10:35:36
5.140 420.659 2140.488 10:35:37
5.216 204.585 1080.488 10:35:38
5.188 332.463 1731.220 10:35:39
5.224 152.683 797.561 10:35:41
5.224 150.683 787.805 10:35:42
5.220 164.976 860.976 10:35:43
5.228 150.976 788.780 10:35:44
5.220 167.073 868.780 10:35:45
5.228 153.585 801.463 10:35:46
5.116 506.341 2601.463 10:35:47
5.220 161.073 842.439 10:35:48
5.224 161.293 800.000 10:35:49
5.220 161.073 839.024 10:35:50
5.224 153.683 803.415 10:35:51
5.224 165.683 865.366 10:35:52
5.224 164.878 860.976 10:35:53
5.136 410.268 2106.829 10:35:54
5.224 218.073 1955.122 10:35:55
5.216 185.488 942.927 10:35:56
5.220 158.293 828.780 10:35:57
5.228 150.683 787.805 10:35:58
5.220 167.390 871.220 10:35:59
5.228 151.098 789.756 10:36:00
5.180 168.073 956.098 10:36:01
5.224 164.780 864.878 10:36:02
5.204 215.171 1119.024 10:36:03
5.224 155.780 813.659 10:36:04
5.228 150.585 787.805 10:36:05
5.220 169.488 866.341 10:36:06
5.228 151.390 788.780 10:36:07
5.172 335.976 1318.049 10:36:08
5.228 151.780 790.244 10:36:09
5.200 295.463 1570.732 10:36:10
5.228 151.780 791.220 10:36:11
5.228 150.390 787.317 10:36:12
5.192 247.488 1292.195 10:36:13
5.228 150.780 789.756 10:36:14
5.220 167.585 872.195 10:36:15
5.228 150.976 788.780 10:36:16
5.196 251.780 1356.098 10:36:17
5.224 153.683 803.415 10:36:18
5.204 155.488 849.756 10:36:19
5.220 175.683 850.244 10:36:20
5.228 153.098 800.000 10:36:21
5.144 426.659 1754.146 10:36:22
5.228 151.195 792.195 10:36:23
5.196 248.488 1451.220 10:36:24
5.228 151.293 783.902 10:36:25
5.168 332.659 1717.561 10:36:26
5.228 151.293 789.756 10:36:27
5.224 150.683 787.317 10:36:28
5.220 166.780 874.146 10:36:29
5.228 150.878 788.780 10:36:30
5.168 335.756 1735.122 10:36:31
5.228 151.098 789.756 10:36:32
5.168 335.756 1733.659 10:36:33
5.224 153.488 802.439 10:36:34
5.228 152.976 799.024 10:36:35
5.224 162.488 803.415 10:36:36
5.224 155.878 814.634 10:36:37
5.192 170.390 889.756 10:36:38
5.228 150.976 788.780 10:36:39
5.116 529.146 2556.585 10:36:40
5.224 150.976 788.780 10:36:41
5.192 255.976 1611.220 10:36:42
5.228 150.683 791.220 10:36:43
5.228 150.683 787.317 10:36:44
5.220 165.488 863.902 10:36:45
5.224 150.683 789.756 10:36:46
5.188 282.366 1490.732 10:36:47
5.220 165.780 863.902 10:36:48
5.220 166.488 1327.317 10:36:49
5.224 151.195 791.220 10:36:50
5.228 150.878 789.756 10:36:51
5.224 160.780 837.561 10:36:52
5.216 151.780 789.756 10:36:53
5.220 168.878 883.902 10:36:54
5.228 150.878 789.756 10:36:55
5.192 251.976 1840.488 10:36:56
5.224 153.390 800.000 10:36:57
5.228 150.098 784.878 10:36:58
5.224 151.390 791.220 10:36:59
5.228 150.878 783.415 10:37:00
5.152 166.195 865.366 10:37:01
5.228 150.976 792.683 10:37:02
5.212 168.488 874.146 10:37:03
5.228 150.976 789.756 10:37:04
5.156 387.561 1968.293 10:37:05
5.228 160.585 790.244 10:37:06
5.224 151.488 841.463 10:37:07
5.220 166.780 869.756 10:37:08
5.228 150.780 787.805 10:37:09
5.144 332.073 1722.927 10:37:10
5.228 151.390 797.073 10:37:11
5.124 505.049 2538.537 10:37:12
5.228 162.780 790.244 10:37:13
5.224 150.780 788.780 10:37:14
5.224 158.073 824.878 10:37:15
5.228 150.780 787.317 10:37:16
5.184 248.585 876.098 10:37:17
5.216 182.585 947.317 10:37:18
5.112 500.463 2479.024 10:37:19
5.228 150.976 789.756 10:37:20
5.224 150.683 787.805 10:37:21
5.224 158.073 831.220 10:37:22
5.228 153.195 800.000 10:37:23
5.172 253.780 1457.561 10:37:24
5.224 152.488 800.976 10:37:25
5.136 496.244 2460.000 10:37:26
5.228 153.195 801.463 10:37:27
5.204 213.488 1114.146 10:37:28
5.224 152.976 790.244 10:37:29
5.228 150.683 787.805 10:37:30
5.220 176.195 861.463 10:37:31
5.224 150.976 790.244 10:37:32
5.120 507.146 2540.976 10:37:33
5.228 149.976 787.805 10:37:34
5.140 335.073 1708.780 10:37:35
5.228 151.195 789.756 10:37:36
5.224 150.683 786.341 10:37:37
5.224 158.976 829.756 10:37:38
5.224 153.195 801.463 10:37:39
5.192 261.171 1442.439 10:37:40
5.208 153.098 847.317 10:37:41
5.124 473.756 2536.098 10:37:42
5.224 153.683 801.463 10:37:43
5.188 275.171 1473.171 10:37:44
5.224 151.195 788.780 10:37:45
5.224 150.683 786.341 10:37:46
5.220 165.585 867.805 10:37:47
5.228 151.878 787.805 10:37:48
5.116 503.951 2631.220 10:37:49
5.224 150.976 788.780 10:37:50
5.224 158.293 827.317 10:37:51
5.224 150.878 787.805 10:37:52
5.216 181.390 946.341 10:37:53
5.212 203.878 1013.659 10:37:54
5.216 175.488 896.098 10:37:55
5.120 463.049 2556.098 10:37:56
5.224 151.098 789.756 10:37:57
5.144 416.854 1742.927 10:37:58
5.228 151.098 789.756 10:37:59
5.228 150.195 788.780 10:38:00
5.224 155.878 814.634 10:38:01
5.224 150.780 787.805 10:38:02
5.196 254.366 1458.537 10:38:03
5.228 151.878 827.805 10:38:04
5.196 253.878 1324.390 10:38:05
5.228 151.195 787.805 10:38:06
5.160 416.951 2100.488 10:38:07
5.224 151.390 792.195 10:38:08
5.224 150.878 787.317 10:38:10
5.192 253.171 1369.268 10:38:11
5.228 150.976 792.195 10:38:12
5.192 255.683 1460.976 10:38:13
5.224 150.780 787.805 10:38:14
5.128 495.756 2515.122 10:38:15
5.228 150.878 790.244 10:38:16
5.224 150.488 787.317 10:38:17
5.220 167.878 877.561 10:38:18
5.228 154.293 803.415 10:38:19
5.188 255.268 1348.293 10:38:20
5.228 153.195 803.415 10:38:21
5.176 328.976 1706.341 10:38:22
5.224 151.390 791.220 10:38:23
5.228 150.683 787.805 10:38:24
5.224 164.780 865.366 10:38:25
5.220 164.195 856.585 10:38:26
5.108 449.146 2063.415 10:38:27
5.224 150.780 786.341 10:38:28
5.132 445.268 2283.415 10:38:29
5.224 151.195 790.244 10:38:30
5.224 150.683 787.805 10:38:31
5.224 165.293 863.415 10:38:32
5.224 150.878 788.780 10:38:33
5.220 168.585 878.537 10:38:34
5.228 151.195 789.756 10:38:35
5.120 492.049 2506.341 10:38:36
5.228 151.293 792.195 10:38:37
5.224 150.683 787.805 10:38:38
5.224 164.585 866.341 10:38:39
5.224 150.878 787.805 10:38:40
5.184 272.976 1200.488 10:38:41
5.224 151.098 788.780 10:38:42
5.172 251.585 1318.537 10:38:43
5.220 166.976 874.146 10:38:44
5.184 281.585 1455.610 10:38:45
5.224 153.976 803.902 10:38:46
5.228 153.195 800.000 10:38:47
5.220 169.585 886.341 10:38:48
5.224 153.585 799.024 10:38:49
5.140 415.366 2189.756 10:38:50
5.224 151.195 789.756 10:38:51
5.172 305.561 1546.341 10:38:52
5.224 151.390 792.195 10:38:53
5.228 150.293 786.341 10:38:54
5.220 166.780 863.902 10:38:55
5.216 150.878 788.780 10:38:56
5.192 392.854 1328.293 10:38:57
5.224 154.878 789.756 10:38:58
5.116 480.561 2415.122 10:38:59
5.228 151.195 790.244 10:39:00
5.200 150.390 788.780 10:39:01
5.216 165.976 863.415 10:39:02
5.228 150.976 789.756 10:39:03
5.116 509.659 2527.805 10:39:04
5.228 151.293 791.220 10:39:05
5.220 150.780 787.805 10:39:06
5.220 164.976 864.878 10:39:07
5.228 150.976 794.634 10:39:08
5.168 256.268 1767.805 10:39:09
5.224 189.293 789.756 10:39:10
5.160 166.585 1302.927 10:39:11
5.220 165.683 861.463 10:39:12
5.204 223.976 1278.049 10:39:13
5.220 165.293 863.415 10:39:14
5.220 150.976 788.780 10:39:15
5.220 165.585 863.902 10:39:16
5.228 151.488 790.244 10:39:17
5.120 450.463 1281.951 10:39:18
5.224 151.293 789.756 10:39:19
5.224 164.195 857.561 10:39:20
5.228 151.878 791.220 10:39:21
5.224 150.976 790.244 10:39:22
5.164 329.976 1731.707 10:39:23
5.208 150.293 784.878 10:39:24
5.144 407.073 2092.195 10:39:25
5.228 151.293 790.244 10:39:26
5.192 251.976 1308.293 10:39:27
5.204 182.976 965.366 10:39:28
5.208 200.976 1070.244 10:39:29
5.224 166.293 869.756 10:39:30
5.228 150.780 787.805 10:39:31
5.188 253.780 1318.049 10:39:32
5.228 150.976 788.780 10:39:33
5.184 272.780 1415.610 10:39:34
5.228 151.390 790.244 10:39:35
5.200 225.585 1199.512 10:39:36
5.228 151.293 821.463 10:39:37
5.228 150.878 789.756 10:39:38
5.192 177.585 836.585 10:39:39
5.224 151.098 789.756 10:39:40
5.168 337.561 1975.610 10:39:41
5.224 150.976 789.756 10:39:42
5.144 426.049 2135.610 10:39:43
5.220 164.585 859.024 10:39:44
5.196 222.171 1339.512 10:39:45
5.228 151.390 792.195 10:39:46
5.228 150.878 790.244 10:39:47
5.220 165.780 866.341 10:39:48
5.228 150.976 788.780 10:39:49
5.144 416.049 2140.488 10:39:50
5.228 151.098 789.756 10:39:51
5.208 202.585 1055.610 10:39:52
5.228 151.195 792.683 10:39:53
5.228 150.780 786.341 10:39:54
5.212 177.780 867.317 10:39:55
5.228 150.293 788.780 10:39:56
5.140 418.854 2170.732 10:39:57
5.224 164.780 858.537 10:39:58
5.192 252.488 1406.829 10:39:59
5.228 153.488 881.463 10:40:00
5.212 156.195 822.439 10:40:01
5.220 167.390 875.122 10:40:02
5.224 153.780 806.341 10:40:03
5.196 203.585 1061.951 10:40:04
5.224 150.976 788.780 10:40:05
5.156 383.854 1976.585 10:40:06
5.224 151.585 792.195 10:40:07
5.228 150.780 787.805 10:40:08
5.220 165.293 863.902 10:40:09
5.224 150.976 791.220 10:40:10
5.220 183.073 1305.366 10:40:11
5.228 150.390 789.756 10:40:12
5.176 256.878 876.098 10:40:13
5.224 151.390 790.244 10:40:14
5.184 274.073 1345.854 10:40:15
5.224 151.488 790.244 10:40:16
5.224 150.780 827.317 10:40:17
5.224 167.780 874.146 10:40:18
5.228 150.390 788.780 10:40:19
5.124 466.951 2453.659 10:40:20
5.228 150.585 1090.244 10:40:21
5.172 357.366 1362.927 10:40:22
5.228 151.390 791.220 10:40:23
5.228 151.195 784.878 10:40:24
5.228 151.780 792.195 10:40:25
5.228 150.683 789.756 10:40:26
5.220 166.293 872.195 10:40:27
5.220 164.683 858.537 10:40:28
5.196 255.171 1331.707 10:40:29
5.224 150.780 790.244 10:40:30
5.224 150.780 787.805 10:40:31
5.224 151.488 792.195 10:40:32
5.228 150.390 787.805 10:40:33
5.160 359.463 1739.024 10:40:34
5.228 150.976 790.244 10:40:35
5.160 398.951 2224.390 10:40:36
5.224 151.195 790.244 10:40:37
5.204 214.488 1413.659 10:40:38
5.224 151.390 791.220 10:40:39
5.224 150.878 787.317 10:40:40
5.220 166.976 933.659 10:40:41
5.224 150.780 787.805 10:40:43
5.116 504.244 2507.805 10:40:44
5.228 151.195 832.683 10:40:45
5.172 332.171 1733.659 10:40:46
5.224 151.293 790.244 10:40:47
5.224 150.878 784.878 10:40:48
5.220 159.293 828.780 10:40:49
5.224 151.195 788.780 10:40:50
5.212 209.488 1091.707 10:40:51
5.224 150.488 786.341 10:40:52
5.220 164.878 860.976 10:40:53
5.224 150.585 786.341 10:40:54
5.224 150.878 788.780 10:40:55
5.228 151.878 793.659 10:40:56
5.228 152.488 785.854 10:40:57
5.220 169.390 882.927 10:40:58
5.224 153.683 927.317 10:40:59
5.168 340.366 1758.537 10:41:00
5.224 364.976 832.195 10:41:01
5.192 253.488 1347.317 10:41:02
5.224 152.293 801.463 10:41:03
5.228 151.585 789.756 10:41:04
5.220 166.976 869.756 10:41:05
5.228 152.195 797.073 10:41:06
5.140 423.756 2190.732 10:41:07
5.228 151.293 787.805 10:41:08
5.120 506.659 2532.195 10:41:09
5.228 151.293 789.756 10:41:10
5.224 150.488 784.878 10:41:11
5.224 158.488 827.317 10:41:12
5.228 150.780 788.780 10:41:13
5.220 167.780 880.000 10:41:14
5.228 150.976 788.780 10:41:15
5.152 383.268 2027.805 10:41:16
5.224 154.683 791.220 10:41:17
5.228 150.976 837.561 10:41:18
5.220 165.683 861.463 10:41:19
5.228 150.878 788.780 10:41:20
5.220 166.390 871.220 10:41:21
5.224 152.683 791.220 10:41:22
5.116 412.561 1727.317 10:41:23
5.228 151.195 792.683 10:41:24
5.224 151.683 790.244 10:41:25
5.224 158.293 827.317 10:41:26
5.224 150.878 785.854 10:41:27
5.220 165.683 870.244 10:41:28
5.228 151.195 789.756 10:41:29
5.124 485.561 2475.122 10:41:30
5.228 151.098 791.220 10:41:31
5.228 150.780 787.805 10:41:32
5.220 158.390 827.317 10:41:33
5.228 150.780 793.659 10:41:34
5.224 167.195 876.098 10:41:35
5.224 153.293 801.463 10:41:36
5.120 500.854 2510.244 10:41:37
5.224 152.976 801.463 10:41:38
5.208 205.488 1059.024 10:41:39
5.228 153.780 803.415 10:41:40
5.228 153.293 799.024 10:41:41
5.224 165.390 863.902 10:41:42
5.224 151.098 788.780 10:41:43
5.120 498.463 2397.073 10:41:44
5.228 151.195 790.244 10:41:45
5.224 157.683 822.439 10:41:46
5.228 155.390 811.220 10:41:47
5.228 150.878 792.683 10:41:48
5.224 161.073 836.098 10:41:49
5.228 150.976 789.756 10:41:50
5.140 415.756 2345.854 10:41:51
5.224 150.683 789.756 10:41:52
5.192 297.683 1337.073 10:41:53
5.224 165.976 1068.780 10:41:54
5.192 208.585 1087.805 10:41:55
5.216 152.098 794.634 10:41:56
5.212 187.585 978.049 10:41:57
5.212 168.878 885.366 10:41:58
5.224 151.293 790.244 10:41:59
5.196 251.488 1305.854 10:42:00
5.228 150.780 845.366 10:42:01
5.208 215.780 1134.146 10:42:02
5.224 150.780 795.122 10:42:03
5.228 151.683 793.659 10:42:04
5.208 186.293 838.537 10:42:05
5.228 151.390 790.244 10:42:06
5.140 422.049 2443.415 10:42:07
5.224 150.976 787.805 10:42:08
5.164 335.561 1788.780 10:42:09
5.228 151.098 791.220 10:42:10
5.204 258.073 1321.951 10:42:11
5.228 151.780 791.220 10:42:12
5.228 150.976 788.780 10:42:13
5.196 249.488 1281.951 10:42:14
5.208 150.878 787.805 10:42:15
5.168 286.073 1484.878 10:42:16
5.228 151.195 789.756 10:42:17
5.196 250.488 1301.951 10:42:18
5.224 150.683 787.805 10:42:19
5.224 150.878 788.780 10:42:20
5.224 161.683 841.463 10:42:21
5.224 153.293 800.976 10:42:22
5.108 348.171 1761.463 10:42:23
5.224 153.390 800.000 10:42:24
5.168 335.463 1893.171 10:42:25
5.224 151.780 791.220 10:42:26
5.228 150.390 784.878 10:42:27
5.212 182.293 926.341 10:42:28
5.228 150.878 788.780 10:42:29
5.220 167.390 877.561 10:42:30
5.224 151.098 789.756 10:42:31
5.140 458.146 2259.512 10:42:32
5.228 151.098 893.659 10:42:33
5.172 350.073 1603.902 10:42:34
5.220 158.073 823.902 10:42:35
5.228 150.780 787.317 10:42:36
5.220 166.073 866.341 10:42:37
5.228 150.195 788.780 10:42:38
5.220 168.488 879.024 10:42:39
5.224 150.780 789.756 10:42:40
5.148 390.756 1787.317 10:42:41
5.224 160.585 794.634 10:42:42
5.228 150.780 840.976 10:42:43
5.220 167.585 873.659 10:42:44
5.228 153.293 801.463 10:42:45
5.220 172.073 897.561 10:42:46
5.224 153.390 803.415 10:42:47
5.152 390.171 1749.756 10:42:48
5.228 158.073 823.902 10:42:49
5.224 151.098 789.756 10:42:50
5.224 158.390 827.317 10:42:51
5.228 150.293 784.878 10:42:52
5.224 168.878 881.463 10:42:53
5.224 150.976 788.780 10:42:54
5.144 422.049 2134.634 10:42:55
5.224 151.390 792.683 10:42:56
5.224 150.585 787.805 10:42:57
5.224 158.390 829.756 10:42:58
5.228 150.976 787.805 10:42:59
5.216 167.073 877.561 10:43:00
5.224 154.878 814.634 10:43:01
5.116 416.561 2280.000 10:43:02
5.228 151.390 787.805 10:43:03
5.188 282.683 1337.073 10:43:04
5.228 151.488 787.317 10:43:05
5.228 150.488 787.805 10:43:07
5.224 180.171 864.878 10:43:08
5.228 151.878 792.683 10:43:09
5.112 512.146 2625.366 10:43:10
5.224 151.195 792.683 10:43:11
5.140 375.366 2074.146 10:43:12
5.228 151.488 791.220 10:43:13
5.228 150.780 788.780 10:43:14
5.220 171.878 861.463 10:43:15
5.224 151.488 787.317 10:43:16
5.120 327.976 1335.610 10:43:17
5.228 150.683 788.780 10:43:18
5.180 251.073 1301.951 10:43:19
5.224 151.293 789.756 10:43:20
5.224 150.585 787.805 10:43:21
5.224 151.488 791.220 10:43:22
5.228 151.293 791.220 10:43:23
5.160 254.488 1307.317 10:43:24
5.224 152.488 803.902 10:43:25
5.140 523.049 2507.317 10:43:26
5.220 171.073 922.439 10:43:27
5.164 308.268 1642.439 10:43:28
5.228 152.390 865.366 10:43:29
5.228 150.976 787.805 10:43:30
5.228 165.073 863.902 10:43:31
5.228 150.976 789.756 10:43:32
5.160 420.171 1740.000 10:43:33
5.228 151.195 783.902 10:43:34
5.180 307.976 1586.341 10:43:35
5.228 151.390 789.756 10:43:36
5.228 150.976 786.341 10:43:37
5.220 165.488 862.439 10:43:38
5.224 150.878 787.805 10:43:39
5.120 487.561 2542.927 10:43:40
5.228 151.390 790.244 10:43:41
5.212 204.780 1070.732 10:43:42
5.228 156.683 830.244 10:43:43
5.228 150.976 787.805 10:43:44
5.224 166.683 871.220 10:43:45
5.228 150.683 787.805 10:43:46
5.120 482.366 2582.927 10:43:47
5.224 151.293 788.780 10:43:48
5.208 207.585 1328.293 10:43:49
5.224 151.390 791.220 10:43:50
5.224 150.878 788.780 10:43:51
5.220 168.073 875.122 10:43:52
5.228 150.976 786.341 10:43:53
5.120 509.561 2510.244 10:43:54
5.228 151.195 790.244 10:43:55
5.224 157.780 823.902 10:43:56
5.220 157.976 825.366 10:43:57
5.224 150.878 787.805 10:43:58
5.220 167.488 876.098 10:43:59
5.224 159.390 791.220 10:44:00
5.132 467.366 2308.293 10:44:01
5.228 152.195 795.122 10:44:02
5.224 160.878 798.537 10:44:03
5.228 150.976 791.220 10:44:04
5.196 236.683 1230.244 10:44:05
5.212 167.585 874.146 10:44:06
5.224 150.976 789.756 10:44:07
5.140 422.854 2175.610 10:44:08
5.228 151.098 789.756 10:44:09
5.224 150.878 792.195 10:44:10
5.224 155.390 812.195 10:44:11
5.228 158.390 827.317 10:44:12
5.220 167.488 875.122 10:44:13
5.228 150.878 788.780 10:44:14
5.116 475.561 2435.122 10:44:15
5.228 150.976 789.756 10:44:16
5.228 150.976 789.756 10:44:17
5.228 151.390 791.220 10:44:18
5.224 165.683 864.878 10:44:19
5.220 167.195 872.683 10:44:20
5.208 205.073 1067.805 10:44:21
5.124 487.756 2497.561 10:44:22
5.224 155.073 809.756 10:44:23
5.212 205.171 1068.780 10:44:24
5.224 155.390 812.195 10:44:25
5.224 150.780 787.805 10:44:26
5.220 165.390 863.902 10:44:27
5.228 157.878 824.878 10:44:28
5.144 333.976 1726.341 10:44:29
5.228 151.098 789.756 10:44:30
5.168 334.659 1731.220 10:44:31
5.224 151.293 790.244 10:44:32
5.228 150.976 788.780 10:44:33
5.220 161.073 841.463 10:44:34
5.208 210.390 1092.683 10:44:35
5.208 200.293 1000.488 10:44:36
5.224 152.488 797.073 10:44:37
5.196 248.976 1301.951 10:44:38
5.228 162.976 801.463 10:44:39
5.192 260.878 1364.878 10:44:40
5.224 158.073 846.341 10:44:41
5.228 153.488 801.463 10:44:42
5.220 167.683 876.098 10:44:43
5.220 167.976 876.585 10:44:44
5.116 427.561 2199.512 10:44:45
5.228 150.488 786.341 10:44:46
5.224 255.585 1313.171 10:44:47
5.224 151.585 789.756 10:44:48
5.220 164.293 856.585 10:44:49
5.220 165.073 864.878 10:44:50
5.224 155.073 810.244 10:44:51
5.188 256.171 1678.537 10:44:52
5.228 151.293 791.220 10:44:53
5.184 286.171 1483.415 10:44:54
5.228 151.488 791.220 10:44:55
5.188 275.268 1426.829 10:44:56
5.224 151.780 793.659 10:44:57
5.228 156.390 816.585 10:44:58
5.192 255.366 1321.951 10:44:59
5.200 227.878 1213.171 10:45:00
5.216 172.683 887.317 10:45:01
5.228 152.195 794.634 10:45:02
5.220 166.073 860.000 10:45:03
5.224 151.293 787.805 10:45:04
5.220 164.780 856.098 10:45:05
5.220 290.463 863.415 10:45:06
5.224 157.585 827.805 10:45:07
5.132 480.561 2458.537 10:45:08
5.228 151.098 789.756 10:45:09
5.224 164.585 862.439 10:45:10
5.224 154.390 803.415 10:45:11
5.168 314.171 1504.878 10:45:12
5.220 159.195 829.756 10:45:13
5.228 153.488 802.439 10:45:14
5.168 254.878 894.146 10:45:15
5.212 201.878 1052.683 10:45:16
5.220 165.073 860.000 10:45:17
5.220 164.878 861.463 10:45:18
5.220 164.585 859.024 10:45:19
5.224 164.878 860.976 10:45:20
5.224 151.098 789.756 10:45:21
5.224 156.878 819.024 10:45:22
5.224 158.195 822.439 10:45:23
5.220 164.293 859.024 10:45:24
5.228 151.098 790.244 10:45:25
5.220 298.976 873.659 10:45:26
5.224 164.488 860.000 10:45:27
5.192 256.585 1459.512 10:45:28
5.200 267.073 1139.024 10:45:29
5.220 166.780 865.366 10:45:30
5.160 432.951 2227.317 10:45:31
5.212 201.780 1051.220 10:45:32
5.220 175.780 917.561 10:45:33
5.228 151.390 791.220 10:45:34
5.168 416.463 1732.683 10:45:35
5.224 165.488 858.537 10:45:36
5.212 210.171 1095.122 10:45:37
5.192 254.171 1320.488 10:45:38
5.224 155.390 812.195 10:45:39
5.192 331.268 1712.195 10:45:40
5.228 150.976 789.756 10:45:41
5.200 226.585 1144.390 10:45:42
5.204 200.390 860.000 10:45:43
5.160 330.268 1856.585 10:45:44
5.220 160.585 838.537 10:45:45
5.228 151.098 789.756 10:45:46
5.192 331.878 1721.463 10:45:47
5.228 151.098 790.244 10:45:48
5.220 167.073 870.244 10:45:49
5.224 151.390 791.220 10:45:50
5.172 277.683 1433.659 10:45:51
5.224 155.878 813.659 10:45:52
5.228 151.780 792.195 10:45:53
5.220 168.073 872.195 10:45:54
5.176 252.366 1269.756 10:45:55
5.168 334.268 1727.317 10:45:56
5.224 151.195 789.756 10:45:57
5.112 501.756 2567.317 10:45:58
5.228 151.098 789.756 10:45:59
5.224 151.098 789.756 10:46:00
5.200 242.171 840.000 10:46:01
5.224 155.585 1150.244 10:46:02
5.144 389.171 2016.585 10:46:03
5.224 152.585 798.537 10:46:04
5.168 254.780 1323.415 10:46:06
5.224 151.098 789.756 10:46:07
5.220 150.976 795.122 10:46:08
5.216 186.293 993.659 10:46:09
5.216 163.780 857.561 10:46:10
5.220 165.585 867.317 10:46:11
5.216 155.488 813.659 10:46:12
5.192 249.878 1461.951 10:46:13
5.224 151.195 792.195 10:46:14
5.204 152.098 797.561 10:46:15
5.224 155.293 812.195 10:46:16
5.228 150.780 791.220 10:46:17
5.220 167.293 870.244 10:46:18
5.196 220.683 936.585 10:46:19
5.120 494.341 2532.683 10:46:20
5.208 155.976 815.122 10:46:21
5.220 160.195 836.585 10:46:22
5.224 157.585 823.902 10:46:23
5.228 153.293 803.415 10:46:24
5.220 165.073 865.366 10:46:25
5.224 164.293 858.537 10:46:26
5.124 496.341 2525.366 10:46:27
5.224 155.585 812.683 10:46:28
5.228 156.585 1192.683 10:46:29
5.228 151.098 788.780 10:46:30
5.228 150.976 789.756 10:46:31
5.220 165.976 860.000 10:46:32
5.224 151.098 789.756 10:46:33
5.188 280.073 1319.512 10:46:34
5.228 152.878 800.976 10:46:35
5.144 420.171 2160.976 10:46:36
5.208 217.073 1129.268 10:46:37
5.208 200.073 1039.024 10:46:38
5.220 164.488 858.537 10:46:39
5.224 150.976 789.756 10:46:40
5.192 460.659 2392.195 10:46:41
5.228 151.488 791.220 10:46:42
5.124 485.049 2483.415 10:46:43
5.224 155.293 812.195 10:46:44
5.220 157.976 825.366 10:46:45
5.224 156.976 820.000 10:46:46
5.224 150.878 787.805 10:46:47
5.220 167.293 870.244 10:46:48
5.224 164.293 858.537 10:46:49
5.156 333.878 1741.463 10:46:50
5.224 156.683 818.537 10:46:51
5.204 217.390 1131.707 10:46:52
5.220 164.683 860.000 10:46:53
5.224 151.098 789.756 10:46:54
5.184 302.366 1566.341 10:46:55
5.228 151.195 789.756 10:46:56
5.192 254.878 1515.122 10:46:57
5.228 155.390 812.195 10:46:58
5.224 154.780 812.683 10:46:59
5.220 165.195 867.317 10:47:00
5.204 286.463 1980.488 10:47:01
5.116 424.854 2304.878 10:47:02
5.228 155.488 810.244 10:47:03
5.224 151.390 789.756 10:47:04
5.224 166.293 860.976 10:47:05
5.228 152.488 798.537 10:47:06
5.224 166.293 863.902 10:47:07
5.224 165.585 864.878 10:47:08
5.136 416.268 2065.366 10:47:09
5.228 151.195 790.244 10:47:10
5.208 283.366 1469.756 10:47:11
5.224 153.683 803.415 10:47:12
5.228 153.390 800.976 10:47:13
5.220 167.780 928.780 10:47:14
5.220 182.683 883.902 10:47:15
5.220 333.171 1354.634 10:47:16
5.208 207.683 1086.341 10:47:17
5.200 208.171 1102.927 10:47:18
5.228 153.195 801.463 10:47:19
5.224 153.488 800.976 10:47:20
5.224 165.780 863.902 10:47:21
5.228 151.293 790.244 10:47:22
5.220 167.073 945.366 10:47:23
5.224 154.780 809.756 10:47:24
5.124 482.951 2483.415 10:47:25
5.224 150.585 792.195 10:47:26
5.228 150.878 789.756 10:47:27
5.220 164.878 863.902 10:47:28
5.224 151.098 786.341 10:47:29
5.192 301.463 1292.195 10:47:30
5.220 152.780 798.537 10:47:31
5.120 485.049 2487.805 10:47:32
5.204 214.268 1117.561 10:47:33
5.224 151.488 784.878 10:47:34
5.224 165.073 862.439 10:47:35
5.228 151.098 790.244 10:47:36
5.220 168.195 873.659 10:47:37
5.228 151.293 789.756 10:47:38
5.136 421.659 2177.073 10:47:39
5.224 155.585 812.195 10:47:40
5.228 150.976 787.317 10:47:41
5.228 151.585 791.220 10:47:42
5.224 150.976 789.756 10:47:43
5.216 166.488 873.659 10:47:44
5.228 151.195 790.244 10:47:45
5.120 489.659 2507.317 10:47:46
5.224 161.195 842.439 10:47:47
5.228 151.098 789.756 10:47:48
5.220 166.780 870.244 10:47:49
5.228 150.390 791.220 10:47:50
5.192 254.585 1315.610 10:47:51
5.228 151.195 790.244 10:47:52
5.168 492.561 2525.366 10:47:53
5.224 151.098 789.756 10:47:54
5.224 151.098 789.756 10:47:55
5.212 189.073 985.366 10:47:56
5.228 150.976 789.756 10:47:57
5.188 251.268 1304.390 10:47:58
5.228 151.195 790.244 10:47:59
5.144 413.049 2124.390 10:48:00
5.224 152.780 798.537 10:48:01
5.196 255.585 1328.293 10:48:02
5.224 151.488 790.244 10:48:03
5.228 150.976 792.195 10:48:04
5.220 167.585 863.902 10:48:05
5.228 150.976 786.341 10:48:06
5.140 412.366 2200.488 10:48:07
5.228 153.390 800.976 10:48:08
5.196 168.073 1321.951 10:48:09
5.228 151.293 789.756 10:48:10
5.228 150.488 787.805 10:48:11
5.228 151.488 789.756 10:48:12
5.224 156.390 788.780 10:48:13
5.220 167.195 980.000 10:48:14
5.224 151.098 788.780 10:48:15
5.196 251.366 1305.366 10:48:16
5.228 150.976 789.756 10:48:17
5.192 290.366 1507.317 10:48:18
5.228 151.293 792.195 10:48:19
5.224 150.878 788.780 10:48:20
5.224 165.780 863.902 10:48:21
5.228 151.098 789.756 10:48:22
5.128 476.049 2387.317 10:48:23
5.224 151.390 789.756 10:48:24
5.148 410.756 2048.293 10:48:25
5.220 154.073 804.878 10:48:26
5.228 150.195 787.805 10:48:27
5.224 158.878 832.195 10:48:28
5.224 150.878 787.317 10:48:29
5.224 168.073 877.561 10:48:30
5.228 150.878 787.805 10:48:31
5.124 491.244 2515.122 10:48:32
5.228 154.073 801.463 10:48:33
5.228 153.195 799.024 10:48:34
5.224 161.585 841.463 10:48:35
5.224 153.780 800.976 10:48:36
5.172 281.780 1319.512 10:48:37
5.208 164.073 801.463 10:48:38
5.120 420.268 2139.512 10:48:39
5.228 151.195 789.756 10:48:40
5.192 271.878 1410.732 10:48:41
5.224 151.585 792.195 10:48:42
5.224 151.098 785.854 10:48:43
5.220 166.878 904.878 10:48:44
5.228 150.878 790.244 10:48:45
5.140 458.146 2483.415 10:48:46
5.224 150.976 790.244 10:48:47
5.156 389.171 2041.463 10:48:48
5.228 151.390 789.756 10:48:49
5.228 152.585 797.073 10:48:50
5.220 165.390 864.878 10:48:51
5.224 150.976 787.317 10:48:53
5.192 395.756 2037.073 10:48:54
5.224 150.976 789.756 10:48:55
5.164 389.756 1910.732 10:48:56
5.224 164.780 860.000 10:48:57
5.216 190.683 956.098 10:48:58
5.220 164.585 862.439 10:48:59
5.224 150.976 789.756 10:49:00
5.216 184.878 2138.537 10:49:01
5.224 155.976 813.659 10:49:02
5.140 407.268 2148.293 10:49:03
5.228 151.488 790.244 10:49:04
5.188 275.268 1429.268 10:49:05
5.224 151.488 792.195 10:49:06
5.224 150.878 788.780 10:49:07
5.220 237.780 1201.463 10:49:08
5.224 150.878 789.756 10:49:09
5.116 430.171 2203.415 10:49:10
5.224 150.976 799.024 10:49:11
5.172 374.073 1740.000 10:49:12
5.212 180.780 942.927 10:49:13
5.224 150.780 787.805 10:49:14
5.224 151.780 792.683 10:49:15
5.228 150.780 789.756 10:49:16
5.144 368.171 1645.854 10:49:17
5.224 150.976 789.756 10:49:18
5.192 253.878 2296.098 10:49:19
5.224 153.293 804.878 10:49:20
5.184 365.561 1921.463 10:49:21
5.224 153.780 803.415 10:49:22
5.224 153.195 799.024 10:49:23
5.192 260.976 1356.098 10:49:24
5.224 150.878 787.805 10:49:25
5.192 248.171 1840.000 10:49:26
5.228 150.976 789.756 10:49:27
5.144 408.756 1696.585 10:49:28
5.216 177.878 971.707 10:49:29
5.228 150.390 787.805 10:49:30
5.216 165.683 860.000 10:49:31
5.228 150.878 788.780 10:49:32
5.220 166.390 937.561 10:49:33
5.224 150.585 788.780 10:49:34
5.140 419.756 2158.537 10:49:35
5.224 150.976 794.634 10:49:36
5.228 152.195 797.073 10:49:37
5.224 159.683 834.634 10:49:38
5.228 150.878 787.805 10:49:39
5.168 336.976 1741.463 10:49:40
5.228 151.195 790.244 10:49:41
5.140 492.561 2448.780 10:49:42
5.224 153.488 801.463 10:49:43
5.224 153.293 800.000 10:49:44
5.220 167.073 872.195 10:49:45
5.224 153.293 802.439 10:49:46
5.220 170.488 892.683 10:49:47
5.228 153.293 800.976 10:49:48
5.116 540.146 2631.707 10:49:49
5.228 151.195 791.220 10:49:50
5.224 150.780 787.317 10:49:51
5.224 158.878 829.756 10:49:52
5.228 150.585 793.659 10:49:53
5.192 254.171 1390.732 10:49:54
5.224 150.780 788.780 10:49:55
5.132 490.244 2691.707 10:49:56
5.228 150.976 791.220 10:49:57
5.228 150.976 783.902 10:49:58
5.224 159.293 829.756 10:49:59
5.224 150.683 787.317 10:50:00
5.220 165.878 907.805 10:50:01
5.228 151.098 788.780 10:50:02
5.124 433.756 2157.073 10:50:03
5.228 200.390 790.244 10:50:04
5.168 287.683 1460.976 10:50:05
5.212 173.780 942.439 10:50:06
5.224 150.878 788.780 10:50:07
5.224 164.293 858.537 10:50:08
5.220 166.073 863.415 10:50:09
5.216 167.293 868.780 10:50:10
5.184 199.171 887.317 10:50:11
5.172 313.463 1740.488 10:50:12
5.228 153.195 800.000 10:50:13
5.228 157.293 821.463 10:50:14
5.220 166.976 872.195 10:50:15
5.220 165.293 863.415 10:50:16
5.224 164.780 860.000 10:50:17
5.184 168.293 881.463 10:50:18
5.112 488.854 2550.244 10:50:19
5.208 212.780 1081.463 10:50:20
5.228 151.293 790.244 10:50:21
5.224 164.488 859.024 10:50:22
5.220 164.390 865.366 10:50:23
5.224 164.683 864.878 10:50:24
5.224 166.780 874.146 10:50:25
5.220 230.488 874.146 10:50:26
5.196 294.463 1322.927 10:50:27
5.224 154.976 810.244 10:50:28
5.224 150.976 786.341 10:50:29
5.228 155.390 812.195 10:50:30
5.224 164.683 860.000 10:50:31
5.220 202.976 862.439 10:50:32
5.220 165.195 865.366 10:50:33
5.140 419.171 2166.829 10:50:34
5.224 151.195 820.976 10:50:35
5.224 150.976 787.805 10:50:36
5.220 164.976 858.537 10:50:37
5.220 165.195 859.024 10:50:38
5.220 164.585 860.976 10:50:39
5.224 166.780 871.220 10:50:40
5.220 167.976 914.146 10:50:41
5.192 333.756 1709.756 10:50:42
5.188 415.171 1941.951 10:50:43
5.224 155.073 808.780 10:50:44
5.220 164.780 860.000 10:50:45
5.224 164.195 861.463 10:50:46
5.220 164.780 927.805 10:50:47
5.216 167.195 875.122 10:50:48
5.172 380.463 2019.024 10:50:49
5.128 460.049 2428.293 10:50:50
5.224 151.098 789.756 10:50:51
5.220 164.585 861.463 10:50:52
5.224 164.976 862.439 10:50:53
5.220 165.293 860.000 10:50:54
5.216 165.780 863.415 10:50:55
5.164 336.073 1739.024 10:50:56
5.108 539.244 2761.951 10:50:57
5.224 151.585 791.220 10:50:58
5.220 164.293 863.902 10:50:59
5.220 164.780 860.000 10:51:00
5.216 180.585 942.927 10:51:01
5.220 165.585 942.927 10:51:02
5.128 502.854 2570.244 10:51:03
5.120 464.244 2378.537 10:51:04
5.228 150.585 786.341 10:51:05
5.224 164.293 857.561 10:51:06
5.220 155.195 810.244 10:51:07
5.220 165.073 875.122 10:51:08
5.220 164.585 860.000 10:51:09
5.224 166.683 870.244 10:51:10
5.224 168.293 879.024 10:51:11
5.228 150.976 789.756 10:51:12
5.188 267.366 1388.293 10:51:13
5.224 155.195 812.195 10:51:14
5.224 164.390 859.024 10:51:15
5.220 164.585 860.000 10:51:16
5.188 254.073 1318.049 10:51:17
5.192 249.366 1082.927 10:51:18
5.208 201.878 1234.634 10:51:19
5.164 434.659 2114.634 10:51:20
5.224 153.488 802.439 10:51:21
5.220 166.976 872.195 10:51:22
5.224 157.878 824.878 10:51:23
5.220 166.780 870.244 10:51:24
5.220 167.488 874.146 10:51:25
5.124 403.463 1844.390 10:51:26
5.220 165.878 863.415 10:51:27
5.212 187.976 931.220 10:51:28
5.220 165.293 861.463 10:51:29
5.224 155.293 810.244 10:51:30
5.220 165.683 864.878 10:51:31
5.224 165.976 865.366 10:51:32
5.220 165.976 868.780 10:51:33
5.188 277.073 1309.756 10:51:34
5.224 151.195 790.244 10:51:35
5.224 164.390 858.537 10:51:36
5.224 155.390 812.195 10:51:37
5.220 165.683 902.439 10:51:38
5.220 165.293 863.415 10:51:39
5.208 379.268 1954.146 10:51:40
5.220 167.878 876.098 10:51:41
5.224 161.073 841.463 10:51:42
5.160 367.073 1889.268 10:51:43
5.228 151.390 791.220 10:51:44
5.224 165.293 858.537 10:51:45
5.224 165.293 860.000 10:51:46
5.216 169.390 870.244 10:51:47
5.220 167.390 872.195 10:51:48
5.204 218.683 1121.463 10:51:49
5.148 450.854 2305.854 10:51:50
5.224 155.488 813.659 10:51:51
5.220 164.683 859.024 10:51:52
5.220 157.585 822.439 10:51:53
5.216 183.683 872.195 10:51:54
5.224 165.073 863.902 10:51:55
5.156 349.756 1860.000 10:51:56
5.168 296.268 1295.610 10:51:57
5.224 151.098 788.780 10:51:58
5.120 497.561 2582.927 10:52:00
5.224 153.488 801.463 10:52:01
5.220 167.073 872.195 10:52:02
5.220 167.683 876.098 10:52:03
5.220 170.390 896.098 10:52:04
5.212 201.171 1048.780 10:52:05
5.212 207.073 1063.902 10:52:06
5.220 166.585 867.805 10:52:07
5.228 151.390 790.244 10:52:08
5.220 165.585 936.585 10:52:09
5.220 164.585 860.976 10:52:10
5.180 166.073 863.415 10:52:11
5.224 165.488 862.439 10:52:12
5.140 422.171 2271.220 10:52:13
5.168 282.976 1316.098 10:52:14
5.228 151.098 791.220 10:52:15
5.192 250.878 1376.098 10:52:16
5.228 151.293 791.220 10:52:17
5.220 164.780 860.976 10:52:18
5.224 164.780 860.000 10:52:19
5.188 230.976 1202.927 10:52:20
5.220 167.488 872.683 10:52:21
5.228 150.976 788.780 10:52:22
5.184 338.878 1750.244 10:52:23
5.224 151.098 789.756 10:52:24
5.196 352.659 1821.463 10:52:25
5.224 165.195 860.000 10:52:26
5.172 328.780 1731.707 10:52:27
5.220 165.293 863.415 10:52:28
5.172 316.073 1632.195 10:52:29
5.216 165.780 867.317 10:52:30
5.224 151.098 792.683 10:52:31
5.220 166.878 976.585 10:52:32
5.228 151.390 791.220 10:52:33
5.220 167.976 938.537 10:52:34
5.220 164.976 867.805 10:52:35
5.148 384.073 1979.024 10:52:36
5.192 253.171 1314.634 10:52:37
5.224 151.098 789.756 10:52:38
5.216 212.878 1106.341 10:52:39
5.224 151.293 791.220 10:52:40
5.180 253.878 1318.049 10:52:41
5.220 168.390 879.024 10:52:42
5.148 340.561 1757.561 10:52:43
5.220 177.878 928.780 10:52:44
5.224 153.390 849.756 10:52:45
5.172 256.976 1563.415 10:52:46
5.224 151.195 789.756 10:52:47
5.220 166.780 868.780 10:52:48
5.220 195.390 860.000 10:52:49
5.192 256.073 1786.341 10:52:50
5.216 183.390 956.585 10:52:51
5.208 200.683 1046.341 10:52:52
5.220 158.585 827.805 10:52:53
5.224 150.098 788.780 10:52:54
5.220 166.073 867.805 10:52:55
5.228 151.293 791.220 10:52:56
5.172 253.488 1306.829 10:52:57
5.224 151.293 791.220 10:52:58
5.200 280.268 1455.610 10:52:59
5.224 151.780 793.659 10:53:00
5.164 150.390 797.073 10:53:01
5.220 166.585 870.244 10:53:02
5.228 155.073 801.463 10:53:03
5.192 255.585 1033.171 10:53:04
5.224 167.390 878.537 10:53:05
5.140 421.659 2158.049 10:53:06
5.224 167.073 875.122 10:53:07
5.200 243.976 2118.049 10:53:08
5.224 158.585 826.341 10:53:09
5.228 151.293 787.805 10:53:10
5.096 335.463 1747.805 10:53:11
5.224 151.390 789.756 10:53:12
5.124 477.756 2572.683 10:53:13
5.224 151.488 791.220 10:53:14
5.224 155.195 810.244 10:53:15
5.220 165.683 862.439 10:53:16
5.228 150.976 789.756 10:53:17
5.192 321.463 1341.951 10:53:18
5.228 175.878 790.244 10:53:19
5.132 513.049 3029.268 10:53:20
5.224 151.488 791.220 10:53:21
5.212 188.585 1026.341 10:53:22
5.220 165.488 867.805 10:53:23
5.224 164.780 860.000 10:53:24
5.220 168.073 876.585 10:53:25
5.224 151.195 790.244 10:53:26
5.192 257.171 1336.098 10:53:27
5.216 192.878 1005.366 10:53:28
5.200 417.854 2125.366 10:53:29
5.228 151.293 795.122 10:53:30
5.168 260.171 1275.610 10:53:31
5.192 237.585 863.902 10:53:32
5.208 220.780 1092.683 10:53:33
5.192 261.683 1375.610 10:53:34
5.228 153.293 800.976 10:53:35
5.168 419.951 2422.439 10:53:36
5.224 153.976 803.902 10:53:37
5.228 153.585 801.463 10:53:38
5.224 151.976 794.634 10:53:39
5.220 155.293 810.244 10:53:40
5.196 288.366 1459.512 10:53:41
5.228 150.976 833.659 10:53:42
5.148 368.561 1904.390 10:53:43
5.228 151.488 791.220 10:53:44
5.116 420.366 2154.146 10:53:45
5.224 151.488 791.220 10:53:46
5.220 164.488 858.537 10:53:47
5.220 166.780 869.756 10:53:48
5.224 150.976 790.244 10:53:49
5.112 498.463 2581.463 10:53:50
5.228 151.390 790.244 10:53:51
5.156 380.854 1879.024 10:53:52
5.228 151.683 792.195 10:53:53
5.224 155.195 810.244 10:53:54
5.228 152.195 801.463 10:53:55
5.224 150.780 786.341 10:53:56
5.192 167.878 979.024 10:53:57
5.224 153.390 801.463 10:53:58
5.196 252.488 1835.610 10:53:59
5.204 151.293 869.756 10:54:00
5.204 271.268 1189.268 10:54:01
5.224 152.390 797.073 10:54:02
5.200 228.585 1191.707 10:54:03
5.220 166.293 867.805 10:54:04
5.224 151.488 788.780 10:54:05
5.192 409.854 1736.098 10:54:06
5.228 151.098 791.220 10:54:07
5.208 199.585 1039.024 10:54:08
5.228 151.488 791.220 10:54:09
5.224 154.976 809.756 10:54:10
5.220 165.683 863.902 10:54:11
5.224 154.878 788.780 10:54:12
5.116 487.341 2483.902 10:54:13
5.224 151.195 911.707 10:54:14
5.196 222.268 1538.537 10:54:15
5.224 153.780 803.415 10:54:16
5.220 167.683 875.122 10:54:17
5.224 165.585 866.341 10:54:18
5.204 228.073 1176.585 10:54:19
5.220 182.585 877.561 10:54:20
5.224 151.098 790.244 10:54:21
5.112 509.561 2209.268 10:54:22
5.208 185.293 952.683 10:54:23
5.208 206.878 1061.463 10:54:24
5.224 158.390 831.220 10:54:25
5.224 155.073 810.244 10:54:26
5.220 167.488 873.659 10:54:27
5.224 151.098 789.756 10:54:28
5.124 466.049 2487.805 10:54:29
5.224 151.390 789.756 10:54:30
5.220 164.878 862.439 10:54:31
5.224 155.390 812.195 10:54:32
5.228 151.195 789.756 10:54:33
5.220 177.488 926.341 10:54:34
5.168 225.683 1174.634 10:54:35
5.120 479.561 2453.659 10:54:36
5.228 151.390 791.220 10:54:37
5.224 165.195 863.902 10:54:38
5.224 155.780 813.659 10:54:39
5.152 381.756 1970.244 10:54:40
5.220 165.585 863.902 10:54:41
5.224 157.585 823.415 10:54:42
5.116 462.756 2464.878 10:54:43
5.228 151.195 789.756 10:54:44
5.228 150.976 790.244 10:54:45
5.224 158.878 826.341 10:54:46
5.228 154.976 810.244 10:54:47
5.192 287.780 2086.829 10:54:48
5.200 157.073 981.463 10:54:49
5.152 347.268 1793.659 10:54:50
5.224 154.073 797.073 10:54:51
5.216 205.780 1169.268 10:54:52
5.216 183.878 983.902 10:54:53
5.216 166.390 869.756 10:54:54
5.224 167.073 864.878 10:54:55
5.224 221.780 1195.610 10:54:56
5.112 491.756 2520.000 10:54:57
5.216 164.585 860.000 10:54:58
5.196 305.268 1580.000 10:54:59
5.224 151.195 789.756 10:55:00
5.224 155.195 810.244 10:55:01
5.224 157.073 818.537 10:55:02
5.208 165.293 863.415 10:55:03
5.224 165.780 866.341 10:55:05
5.208 232.268 1210.244 10:55:06
5.220 167.488 874.146 10:55:07
5.224 151.390 791.220 10:55:08
5.212 200.171 1080.000 10:55:09
5.228 151.878 795.122 10:55:10
5.220 164.195 860.000 10:55:11
5.220 168.195 872.683 10:55:12
5.220 165.293 863.415 10:55:13
5.140 418.049 2223.415 10:55:14
5.220 165.683 864.878 10:55:15
5.168 250.366 1291.707 10:55:16
5.224 151.390 789.756 10:55:17
5.228 151.098 789.756 10:55:18
5.228 151.390 791.220 10:55:19
5.216 196.390 1011.707 10:55:20
5.220 182.171 1319.512 10:55:21
5.204 249.780 1307.317 10:55:22
5.192 349.561 1851.707 10:55:23
5.208 153.390 847.805 10:55:24
5.180 339.561 1714.146 10:55:25
5.224 151.293 825.366 10:55:26
5.224 151.098 789.756 10:55:27
5.228 155.293 812.195 10:55:28
5.224 156.390 819.024 10:55:29
5.224 165.488 863.415 10:55:30
5.220 164.390 860.000 10:55:31
5.192 256.268 1363.415 10:55:32
5.224 151.293 790.244 10:55:33
5.220 164.585 860.000 10:55:34
5.224 155.195 810.244 10:55:35
5.220 164.390 858.537 10:55:36
5.220 165.390 863.415 10:55:37
5.220 167.073 872.195 10:55:38
5.112 508.756 2142.927 10:55:39
5.200 203.976 1056.585 10:55:40
5.140 419.463 2056.585 10:55:41
5.228 151.293 791.220 10:55:42
5.220 164.488 857.561 10:55:43
5.220 164.683 1081.463 10:55:44
5.220 164.683 863.415 10:55:45
5.220 165.976 867.317 10:55:46
5.220 165.073 943.902 10:55:47
5.172 402.366 2141.951 10:55:48
5.224 151.293 791.220 10:55:49
5.220 164.293 858.537 10:55:50
5.220 165.585 863.902 10:55:51
5.220 164.780 860.000 10:55:52
5.124 501.854 2503.902 10:55:53
5.224 164.488 861.463 10:55:54
5.224 155.976 787.805 10:55:55
5.228 155.073 810.244 10:55:56
5.228 150.976 788.780 10:55:57
5.220 166.878 871.220 10:55:58
5.220 165.073 862.439 10:55:59
5.112 495.049 2530.244 10:56:00
5.220 179.976 939.024 10:56:01
5.228 150.683 787.317 10:56:02
5.184 273.171 1422.439 10:56:03
5.228 150.683 787.805 10:56:04
5.220 164.976 861.463 10:56:05
5.220 164.390 859.024 10:56:06
5.120 508.463 2602.927 10:56:07
5.224 164.683 860.000 10:56:08
5.180 260.683 1353.171 10:56:09
5.224 166.488 870.244 10:56:10
5.224 150.780 788.780 10:56:11
5.192 265.268 1305.854 10:56:12
5.228 151.098 793.659 10:56:13
5.220 167.976 879.024 10:56:14
5.228 150.585 790.244 10:56:15
5.176 327.976 1640.976 10:56:16
5.224 154.073 804.878 10:56:17
5.224 152.976 800.000 10:56:18
5.220 170.878 887.805 10:56:19
5.224 152.976 803.902 10:56:20
5.180 285.780 1463.415 10:56:21
5.224 151.098 790.244 10:56:22
5.136 424.366 2122.927 10:56:23
5.228 153.585 803.415 10:56:24
5.224 153.293 801.463 10:56:25
5.220 168.073 878.537 10:56:26
5.224 150.976 788.780 10:56:27
5.120 500.659 2562.927 10:56:28
5.228 151.390 791.220 10:56:29
5.136 417.268 2175.610 10:56:30
5.228 151.195 790.244 10:56:31
5.228 150.683 788.780 10:56:32
5.220 165.585 940.488 10:56:33
5.224 153.098 803.415 10:56:34
5.120 257.780 1355.610 10:56:35
5.224 153.488 801.463 10:56:36
5.188 256.878 1540.000 10:56:37
5.224 155.293 812.683 10:56:38
5.228 151.098 788.780 10:56:39
5.220 165.878 864.878 10:56:40
5.224 150.878 788.780 10:56:41
5.112 495.756 2475.122 10:56:42
5.224 152.488 797.073 10:56:43
5.176 326.366 1686.341 10:56:44
5.224 153.585 802.439 10:56:45
5.228 152.976 803.902 10:56:46
5.220 167.683 878.537 10:56:47
5.224 153.098 798.537 10:56:48
5.192 280.976 1736.585 10:56:49
5.224 153.293 801.463 10:56:50
5.224 153.878 797.561 10:56:51
5.220 187.171 901.463 10:56:52
5.216 179.976 962.927 10:56:53
5.220 167.878 873.659 10:56:54
5.224 150.976 787.805 10:56:55
5.116 486.366 2578.537 10:56:56
5.224 150.976 787.317 10:56:57
5.228 150.585 789.756 10:56:58
5.220 202.293 803.902 10:56:59
5.224 151.293 787.805 10:57:00
5.224 267.073 1393.659 10:57:01
5.224 150.780 787.805 10:57:02
5.144 418.854 2154.634 10:57:03
5.224 153.390 789.756 10:57:04
5.228 150.293 783.902 10:57:05
5.220 164.878 856.585 10:57:06
5.224 150.488 784.878 10:57:07
5.220 164.780 861.463 10:57:08
5.180 351.756 1542.439 10:57:09
5.228 221.585 1310.732 10:57:10
5.204 198.585 1035.122 10:57:11
5.200 166.073 867.317 10:57:12
