5.016 701.927 3600.488 19:57:22
5.028 688.927 3470.244 19:57:23
5.032 704.829 3583.902 19:57:24
5.072 555.146 2820.488 19:57:25
5.100 483.463 2457.073 19:57:26
5.104 503.463 2418.537 19:57:27
5.060 594.341 3010.732 19:57:28
5.076 554.659 2815.122 19:57:29
5.076 554.244 2815.610 19:57:30
5.020 714.829 3615.610 19:57:31
5.020 714.634 3605.366 19:57:32
5.028 698.927 3476.585 19:57:33
5.068 560.244 2874.146 19:57:34
5.084 530.049 2694.146 19:57:35
5.080 533.756 2702.927 19:57:36
5.052 757.024 2809.268 19:57:37
5.016 714.341 3570.244 19:57:38
5.084 515.854 2642.439 19:57:39
5.020 714.024 3595.610 19:57:40
5.072 563.756 2814.146 19:57:41
5.016 703.537 3602.927 19:57:42
5.072 554.951 2938.049 19:57:43
5.012 725.537 3610.732 19:57:44
5.020 587.854 3093.171 19:57:45
5.008 727.220 3502.927 19:57:46
5.076 555.951 2826.829 19:57:47
4.996 780.537 3918.049 19:57:48
5.020 715.122 3648.293 19:57:49
5.016 715.732 3687.805 19:57:50
5.076 556.854 2819.512 19:57:51
5.020 717.927 3620.488 19:57:52
5.068 555.756 2859.024 19:57:53
5.012 728.829 3694.634 19:57:54
5.076 558.537 2825.366 19:57:55
5.072 680.927 2998.537 19:57:56
5.004 717.122 3695.610 19:57:57
5.072 561.049 2830.732 19:57:58
5.020 718.220 3606.829 19:57:59
5.028 766.732 3491.220 19:58:00
5.004 715.439 3619.024 19:58:01
5.016 737.732 3532.683 19:58:02
5.048 564.854 2855.610 19:58:03
5.000 717.927 3649.268 19:58:04
5.072 559.049 2826.829 19:58:05
4.996 731.537 3714.146 19:58:06
5.056 774.634 2980.488 19:58:07
5.004 745.415 3517.073 19:58:08
5.020 715.122 3609.756 19:58:09
5.056 661.024 3387.317 19:58:10
5.072 708.537 3565.854 19:58:11
5.044 592.049 3843.902 19:58:12
5.060 564.537 2848.780 19:58:13
5.016 716.829 3588.293 19:58:14
5.056 599.024 2951.220 19:58:15
5.008 834.098 3745.366 19:58:16
5.040 557.171 2832.195 19:58:17
5.064 579.122 3001.951 19:58:18
5.016 715.756 3600.000 19:58:19
5.020 697.756 3502.439 19:58:20
5.072 555.854 2822.439 19:58:21
5.016 722.732 3583.415 19:58:22
5.032 556.927 2836.098 19:58:23
5.052 596.146 3522.927 19:58:24
5.012 726.537 3592.195 19:58:25
5.084 541.659 2869.268 19:58:26
5.072 625.220 3387.317 19:58:27
5.076 555.659 2826.341 19:58:28
5.064 557.756 2862.439 19:58:29
5.072 558.634 2832.195 19:58:30
5.004 764.049 3770.732 19:58:31
5.076 632.634 2851.707 19:58:32
5.060 624.537 2961.951 19:58:33
5.076 555.659 2901.463 19:58:34
5.084 530.244 2694.634 19:58:35
5.020 555.463 2821.463 19:58:36
5.084 516.829 2628.293 19:58:37
5.072 555.659 2818.537 19:58:38
5.068 563.659 2853.659 19:58:39
5.016 713.220 3585.366 19:58:40
5.076 557.854 2837.073 19:58:41
