5.012 726.829 3699.512 20:36:21
5.024 705.439 3510.244 20:36:22
5.028 700.829 3701.951 20:36:23
5.076 554.659 2822.927 20:36:25
5.104 478.561 2437.073 20:36:26
5.132 397.366 2025.854 20:36:27
5.104 469.756 2398.537 20:36:28
5.072 554.756 2833.171 20:36:29
5.076 554.049 2810.732 20:36:30
5.020 720.829 3586.341 20:36:31
5.072 557.244 2825.366 20:36:32
5.076 557.341 2841.951 20:36:33
5.080 518.756 2636.098 20:36:34
5.084 529.659 2700.488 20:36:35
5.076 554.756 2812.683 20:36:36
5.016 712.927 3602.927 20:36:37
5.076 556.951 2816.585 20:36:38
5.060 604.537 2941.951 20:36:39
5.072 555.537 2830.732 20:36:40
5.076 554.756 2814.146 20:36:41
5.008 713.439 3586.341 20:36:42
5.076 554.756 2814.146 20:36:43
5.028 716.634 3619.512 20:36:44
5.076 555.146 2816.585 20:36:45
5.040 589.049 2851.707 20:36:46
5.064 624.341 2947.805 20:36:47
5.004 727.537 3629.268 20:36:48
5.068 571.341 3089.268 20:36:49
5.016 719.220 3584.390 20:36:50
5.052 554.659 2847.805 20:36:51
5.016 706.634 3818.049 20:36:52
5.008 799.195 3680.976 20:36:53
4.996 743.707 3893.659 20:36:54
5.004 746.829 3733.659 20:36:55
5.072 555.366 2874.146 20:36:56
5.004 724.927 3615.610 20:36:57
5.076 681.220 3017.561 20:36:58
5.000 728.244 3592.195 20:36:59
5.008 735.317 3750.244 20:37:00
5.012 724.146 3978.537 20:37:01
5.020 721.122 3605.854 20:37:02
5.044 583.366 2957.073 20:37:03
5.028 678.927 3404.878 20:37:04
5.016 718.927 3861.463 20:37:05
5.000 749.122 3727.805 20:37:06
5.064 605.561 3402.927 20:37:07
5.028 716.537 3575.610 20:37:08
5.024 592.439 3049.756 20:37:09
5.020 764.146 3582.439 20:37:10
5.016 715.512 3570.732 20:37:11
5.008 750.341 3615.610 20:37:12
5.072 556.927 2896.585 20:37:13
5.016 738.732 3593.171 20:37:14
5.024 820.537 3728.780 20:37:15
5.020 709.951 3598.049 20:37:16
5.016 731.024 3633.171 20:37:17
5.004 743.317 3865.366 20:37:18
5.016 687.756 3154.146 20:37:19
5.064 592.732 2911.220 20:37:20
5.008 687.317 3875.122 20:37:21
5.052 610.341 3024.390 20:37:22
5.000 747.415 3733.659 20:37:23
5.008 756.146 3652.683 20:37:24
5.004 809.317 3828.293 20:37:25
5.068 587.122 2995.122 20:37:26
5.008 756.341 3777.561 20:37:27
5.008 723.317 3640.000 20:37:28
5.016 654.341 2986.341 20:37:29
5.076 560.244 2831.220 20:37:30
5.004 798.439 3842.927 20:37:31
5.072 559.171 2858.537 20:37:32
5.016 751.220 3770.732 20:37:33
5.064 582.927 2848.780 20:37:34
5.020 710.146 3574.634 20:37:35
5.036 535.463 2714.146 20:37:36
5.004 567.756 2837.073 20:37:37
5.016 718.634 3587.317 20:37:38
5.072 557.659 2836.098 20:37:39
5.000 744.439 3780.488 20:37:40
5.064 588.537 3655.610 20:37:41
5.068 576.927 2843.902 20:37:42
5.068 603.659 3129.756 20:37:43
5.020 712.341 3981.463 20:37:44
5.072 582.634 3615.610 20:37:45
5.060 563.854 2866.341 20:37:46
5.044 602.537 2984.390 20:37:47
5.016 718.146 3600.000 20:37:48
5.072 557.854 2837.073 20:37:49
5.008 586.049 2951.220 20:37:50
5.088 519.268 2634.146 20:37:51
5.076 627.220 3409.756 20:37:52
5.076 556.732 2834.146 20:37:53
5.068 569.268 2831.220 20:37:54
5.016 715.854 3633.171 20:37:55
5.076 557.561 2824.390 20:37:56
5.020 714.146 3612.683 20:37:57
5.064 590.049 3194.146 20:37:58
5.072 559.366 3259.512 20:37:59
5.008 737.220 3708.293 20:38:00
5.076 556.244 2853.659 20:38:01
5.084 524.927 2659.512 20:38:02
