5.012 734.024 3665.366 20:52:42
5.020 684.829 3531.220 20:52:43
5.024 693.244 3529.268 20:52:44
5.072 560.659 2827.805 20:52:45
5.076 554.951 2819.024 20:52:46
5.084 522.244 2651.707 20:52:47
5.016 716.829 3583.902 20:52:48
5.064 566.756 2818.049 20:52:49
5.076 557.439 2827.805 20:52:50
5.076 555.439 2821.951 20:52:51
5.076 556.049 2819.024 20:52:52
5.012 764.024 3791.707 20:52:53
5.020 707.537 3644.390 20:52:54
5.076 557.756 2841.463 20:52:55
5.076 560.537 2819.512 20:52:56
5.016 710.927 3539.024 20:52:57
5.088 516.659 2628.780 20:52:58
5.016 715.024 3602.927 20:52:59
5.072 554.439 2816.585 20:53:00
5.012 709.341 3550.244 20:53:01
5.072 555.659 2819.512 20:53:02
5.016 721.732 3657.073 20:53:03
5.072 564.049 2859.024 20:53:04
5.020 718.634 3605.366 20:53:05
5.020 711.341 3598.049 20:53:06
5.076 558.951 2819.512 20:53:07
5.012 768.732 3829.756 20:53:08
5.080 545.244 2769.268 20:53:09
5.020 558.634 2834.146 20:53:10
5.024 741.707 3770.732 20:53:11
5.044 584.049 3037.073 20:53:12
4.976 808.537 3615.610 20:53:13
5.076 559.268 3159.024 20:53:14
5.024 751.220 3702.439 20:53:15
5.020 717.415 3780.488 20:53:16
4.956 620.537 3049.756 20:53:17
5.000 808.732 3746.341 20:53:18
5.012 725.024 3620.488 20:53:19
5.064 649.220 2947.317 20:53:20
5.016 721.610 3602.927 20:53:21
5.060 581.268 2966.829 20:53:23
5.016 716.829 3727.805 20:53:24
5.060 567.122 3032.195 20:53:25
5.028 681.317 3503.415 20:53:26
5.072 559.659 2837.073 20:53:27
5.020 717.610 3746.341 20:53:28
5.076 567.951 2821.463 20:53:29
5.016 721.024 3622.439 20:53:30
5.020 701.220 3708.293 20:53:31
5.028 722.244 3767.805 20:53:32
5.032 585.268 3006.829 20:53:33
4.976 588.341 3016.585 20:53:34
5.020 690.829 3450.732 20:53:35
5.004 708.537 3424.390 20:53:36
5.072 730.146 3141.463 20:53:37
5.000 753.512 3680.976 20:53:38
5.072 557.171 2826.341 20:53:39
5.012 748.439 3713.171 20:53:40
5.056 608.439 2951.220 20:53:41
4.984 723.122 3605.854 20:53:42
4.988 804.244 3630.244 20:53:43
5.076 558.049 2832.195 20:53:44
5.064 634.439 3685.854 20:53:45
5.068 562.244 2843.902 20:53:46
5.008 731.707 3633.171 20:53:47
5.016 716.732 3625.366 20:53:48
5.020 712.829 3574.634 20:53:49
5.060 600.049 3462.439 20:53:50
5.016 708.732 3607.805 20:53:51
5.076 640.341 3171.707 20:53:52
5.072 558.537 2827.317 20:53:53
5.072 570.244 2839.024 20:53:54
5.072 556.829 2826.341 20:53:55
5.012 720.049 3627.317 20:53:56
5.000 760.341 3737.561 20:53:57
5.068 557.659 2824.390 20:53:58
5.016 727.220 3613.659 20:53:59
5.076 559.951 3613.659 20:54:00
5.028 742.244 3457.561 20:54:01
5.020 714.732 3702.439 20:54:02
5.068 586.927 2862.439 20:54:03
5.052 625.317 2961.951 20:54:04
5.072 556.341 2827.317 20:54:05
5.056 594.732 3070.244 20:54:06
5.060 704.927 3575.610 20:54:07
5.072 556.146 2877.073 20:54:08
5.064 557.854 2636.098 20:54:09
5.072 555.024 2816.585 20:54:10
5.072 555.854 2834.146 20:54:11
5.068 554.927 2818.537 20:54:12
5.076 565.268 2822.439 20:54:13
5.076 554.732 2821.463 20:54:14
5.076 555.756 2834.146 20:54:15
5.076 559.024 2819.512 20:54:16
4.984 739.610 3665.366 20:54:17
5.072 555.366 2834.146 20:54:18
5.072 556.829 2821.463 20:54:19
