5.072 554.951 2815.122 19:22:49
5.028 682.146 3477.561 19:22:50
5.032 701.122 3484.878 19:22:51
5.076 554.951 2814.146 19:22:52
5.100 479.561 2445.854 19:22:53
5.136 393.854 2021.463 19:22:54
5.104 472.244 2398.537 19:22:55
5.076 554.439 2815.122 19:22:56
5.076 556.854 2823.902 19:22:57
5.072 553.951 2821.463 19:22:58
5.020 719.732 3593.171 19:22:59
5.076 557.049 2826.829 19:23:00
5.076 554.659 2815.610 19:23:01
5.016 715.024 3546.341 19:23:02
5.076 556.951 2814.146 19:23:03
5.072 556.439 2823.902 19:23:04
5.020 765.439 3799.512 19:23:05
5.076 554.854 2816.585 19:23:06
5.032 702.732 3457.561 19:23:07
5.076 558.659 2812.683 19:23:08
5.016 716.732 3587.805 19:23:09
5.012 721.927 3513.659 19:23:10
5.016 716.829 3591.707 19:23:11
5.076 556.439 2813.171 19:23:12
5.012 728.927 3696.585 19:23:13
5.064 703.244 3389.756 19:23:14
5.016 715.341 3635.122 19:23:15
5.088 524.146 2650.244 19:23:16
4.996 734.220 3888.293 19:23:17
5.056 600.146 2945.366 19:23:18
5.004 798.317 3768.293 19:23:19
5.056 580.634 2936.585 19:23:20
5.068 585.756 3003.415 19:23:21
5.096 502.341 2510.244 19:23:22
5.076 551.756 2801.951 19:23:23
5.096 490.049 2502.439 19:23:24
5.096 494.146 2519.024 19:23:25
5.028 744.732 3453.659 19:23:26
5.028 699.732 3665.366 19:23:27
5.012 725.732 3677.073 19:23:28
4.984 762.024 3621.951 19:23:29
4.996 809.902 4026.341 19:23:30
5.068 564.146 2861.463 19:23:31
5.056 686.829 3558.049 19:23:32
5.080 534.634 3377.561 19:23:33
5.028 684.927 3402.927 19:23:34
5.080 531.366 2699.512 19:23:35
4.996 716.634 3665.366 19:23:36
5.052 603.024 3197.073 19:23:37
5.060 628.439 3047.805 19:23:38
5.076 555.366 2824.390 19:23:39
5.056 591.122 2939.512 19:23:40
5.024 738.439 3056.585 19:23:41
5.068 560.927 2818.537 19:23:42
5.008 720.341 3596.098 19:23:43
5.048 555.659 2831.220 19:23:44
5.068 555.951 2846.829 19:23:45
5.064 581.366 2992.195 19:23:46
5.028 702.341 3405.854 19:23:47
5.076 558.049 3552.195 19:23:48
5.012 736.634 3695.610 19:23:49
5.072 555.854 2821.463 19:23:50
5.088 520.732 2646.829 19:23:51
