5.012 731.829 3669.268 19:34:04
5.020 694.634 3515.610 19:34:05
5.024 689.732 3544.390 19:34:06
5.076 556.049 2823.902 19:34:07
5.072 556.756 2827.805 19:34:08
5.104 469.244 2393.659 19:34:09
5.104 469.659 2397.073 19:34:10
5.088 522.854 2646.829 19:34:11
5.072 555.439 2865.366 19:34:12
5.020 714.122 3491.707 19:34:13
5.076 557.537 2829.268 19:34:14
5.076 560.756 2808.293 19:34:15
5.088 519.439 2642.927 19:34:16
5.064 558.854 2820.488 19:34:17
5.064 582.049 2940.976 19:34:18
5.060 588.854 2950.732 19:34:19
5.016 715.439 3661.951 19:34:20
5.076 558.756 3276.098 19:34:21
5.104 470.756 2398.537 19:34:22
5.028 714.732 3644.390 19:34:23
5.076 556.854 2825.854 19:34:24
5.000 764.634 3940.976 19:34:25
5.072 556.756 2826.829 19:34:26
5.028 715.244 3576.585 19:34:27
5.088 516.951 2626.341 19:34:28
5.072 555.049 2821.951 19:34:29
5.016 723.439 3612.683 19:34:30
5.004 736.439 3626.829 19:34:31
5.072 555.854 2821.951 19:34:32
5.004 711.024 3628.293 19:34:33
4.992 519.951 2643.902 19:34:34
5.032 671.537 3459.024 19:34:35
4.988 720.829 4018.537 19:34:36
4.992 774.049 3830.244 19:34:37
5.072 564.439 3530.732 19:34:38
5.012 721.024 3756.098 19:34:39
5.020 748.244 3613.659 19:34:40
5.072 556.439 2819.512 19:34:41
5.016 745.415 3913.171 19:34:42
5.072 557.171 2826.341 19:34:43
5.020 717.317 3592.195 19:34:44
5.004 722.244 3617.561 19:34:45
5.016 715.415 3582.439 19:34:46
4.996 770.829 3730.732 19:34:47
5.020 809.512 3585.366 19:34:48
5.000 556.732 2824.390 19:34:49
5.076 721.951 2856.585 19:34:50
5.020 704.146 3627.317 19:34:51
5.012 699.122 3377.561 19:34:52
5.072 561.366 3583.415 19:34:53
5.060 603.024 3047.805 19:34:54
5.016 722.439 3968.780 19:34:55
5.072 557.951 2832.195 19:34:56
5.072 555.756 2822.439 19:34:57
5.076 555.659 2818.537 19:34:58
5.084 519.171 2637.073 19:34:59
5.016 717.024 3582.439 19:35:00
5.072 568.829 2836.098 19:35:01
5.016 716.927 3615.610 19:35:02
5.072 556.829 2831.220 19:35:03
5.072 558.049 2824.390 19:35:04
5.068 582.634 3009.756 19:35:05
5.076 559.268 2818.537 19:35:06
5.016 713.024 3580.488 19:35:07
5.060 689.854 3557.073 19:35:08
5.000 809.317 3892.683 19:35:09
5.088 526.049 2677.073 19:35:10
5.076 554.829 2814.634 19:35:11
