5.008 734.122 3699.512 18:21:49
5.028 689.439 3444.878 18:21:50
5.024 688.537 3596.585 18:21:51
5.076 554.341 2804.390 18:21:52
5.100 477.756 2435.122 18:21:53
5.132 393.951 2009.268 18:21:54
5.108 470.951 2392.683 18:21:55
5.020 707.024 3560.000 18:21:56
5.076 551.341 2808.293 18:21:57
5.076 552.049 2802.927 18:21:58
5.076 555.244 2801.951 18:21:59
5.020 714.122 3561.951 18:22:00
5.076 544.244 2839.512 18:22:01
5.072 551.854 2797.073 18:22:02
5.076 556.659 3204.878 18:22:03
5.076 556.439 2815.122 18:22:04
5.076 553.244 2806.341 18:22:05
5.076 553.854 2820.488 18:22:06
5.104 555.341 2662.927 18:22:07
5.076 552.659 2797.073 18:22:08
5.076 556.659 2811.707 18:22:09
5.072 551.439 2801.951 18:22:10
5.076 551.951 2818.049 18:22:11
5.076 551.537 2799.024 18:22:12
5.104 467.951 2387.317 18:22:13
5.076 554.439 2804.390 18:22:14
5.076 565.049 2814.146 18:22:15
5.076 552.756 2812.683 18:22:16
5.072 551.854 2799.512 18:22:17
5.076 551.951 2799.512 18:22:18
5.088 516.049 2625.366 18:22:19
5.008 741.439 3694.146 18:22:20
5.076 555.146 2815.610 18:22:21
5.072 551.537 2797.073 18:22:22
