5.016 720.439 3639.024 19:30:55
5.028 708.829 3591.707 19:30:56
5.024 716.024 3584.390 19:30:57
5.072 560.146 2844.390 19:30:58
5.096 483.756 2452.683 19:30:59
5.100 486.049 2459.024 19:31:00
5.092 504.341 2576.098 19:31:01
5.016 716.122 3608.780 19:31:02
5.072 555.439 2819.512 19:31:03
5.020 711.244 3548.780 19:31:04
5.072 555.244 2816.585 19:31:05
5.016 714.122 3575.122 19:31:06
5.104 468.854 2445.854 19:31:07
5.016 746.537 3579.024 19:31:08
5.076 556.341 2814.146 19:31:09
5.020 720.220 3586.829 19:31:10
5.076 567.341 2811.707 19:31:11
5.016 695.634 2995.610 19:31:12
5.072 555.537 2817.073 19:31:13
5.008 714.244 3542.927 19:31:14
5.072 555.659 2825.366 19:31:15
5.016 703.439 3678.049 19:31:16
5.060 582.951 2919.024 19:31:17
5.000 746.537 3690.732 19:31:18
5.072 562.951 2831.707 19:31:19
5.020 712.024 3638.049 19:31:20
5.016 713.927 3604.390 19:31:21
5.068 565.439 2841.463 19:31:22
4.972 799.195 3808.780 19:31:24
4.992 805.707 3564.878 19:31:25
5.072 559.463 2901.463 19:31:26
5.020 711.024 3585.366 19:31:27
5.072 559.366 2840.000 19:31:28
5.012 789.902 3748.293 19:31:29
4.996 729.854 3518.049 19:31:30
4.988 762.146 3737.561 19:31:31
5.072 570.927 2822.439 19:31:32
5.020 720.732 3923.902 19:31:33
5.044 562.146 2867.317 19:31:34
4.996 750.341 3767.805 19:31:35
4.968 726.049 3920.976 19:31:36
5.016 737.317 3520.976 19:31:37
5.028 716.634 3598.049 19:31:38
5.084 521.561 2663.415 19:31:39
5.020 747.220 3954.146 19:31:40
5.060 694.146 3800.976 19:31:41
5.008 746.439 3700.488 19:31:42
5.076 709.512 2832.195 19:31:43
5.020 712.341 3590.244 19:31:44
5.072 556.341 2824.390 19:31:45
5.012 745.707 3780.488 19:31:46
5.072 692.146 2876.098 19:31:47
4.992 597.561 3310.244 19:31:48
5.024 598.634 2972.683 19:31:49
5.068 563.756 2926.829 19:31:50
5.052 583.659 2959.024 19:31:51
5.068 558.439 2821.463 19:31:52
5.064 586.049 2959.024 19:31:53
5.060 582.829 3061.463 19:31:54
5.076 554.732 2819.512 19:31:55
5.076 558.049 2818.537 19:31:56
5.060 590.829 2995.122 19:31:57
5.076 555.024 2819.512 19:31:58
5.012 720.244 3503.415 19:31:59
5.008 741.707 3716.098 19:32:00
5.076 558.049 2832.195 19:32:01
5.072 554.829 2818.537 19:32:02
