5.012 733.439 3675.610 19:19:54
5.024 691.927 3503.902 19:19:55
5.012 730.732 3510.244 19:19:56
5.072 554.439 2810.732 19:19:57
5.104 478.756 2437.073 19:19:58
5.132 393.659 2024.390 19:19:59
5.104 468.951 2392.683 19:20:00
5.084 518.951 2629.268 19:20:01
5.072 554.049 2811.707 19:20:02
5.024 690.634 3431.707 19:20:03
5.072 557.341 2825.366 19:20:04
5.076 554.244 2811.707 19:20:05
5.072 561.951 2854.634 19:20:06
5.020 716.244 3566.829 19:20:07
5.016 723.122 3576.585 19:20:08
5.072 559.756 2826.829 19:20:09
5.020 705.244 3635.122 19:20:10
5.076 559.244 2819.024 19:20:11
5.016 712.122 3528.780 19:20:12
5.076 556.146 2828.293 19:20:13
5.020 716.634 3603.902 19:20:14
5.072 554.049 2813.171 19:20:15
5.008 739.927 3673.171 19:20:16
5.088 571.756 2691.220 19:20:17
5.016 724.439 3764.390 19:20:18
5.076 672.732 3014.146 19:20:19
5.064 637.634 3504.878 19:20:20
5.016 715.537 3617.561 19:20:21
5.068 575.341 2956.585 19:20:22
5.048 687.439 3711.707 19:20:23
5.004 722.439 3666.829 19:20:24
5.072 556.659 2835.610 19:20:25
5.020 714.341 3566.341 19:20:26
5.072 564.951 2822.927 19:20:27
5.028 704.244 3259.512 19:20:28
5.020 702.341 3601.463 19:20:29
5.008 799.195 3688.293 19:20:30
5.068 573.854 2819.512 19:20:31
5.012 685.146 3660.488 19:20:32
5.084 524.951 2651.220 19:20:33
5.012 583.146 3053.171 19:20:34
5.068 708.537 3337.561 19:20:35
5.056 623.146 3015.610 19:20:36
5.036 593.439 3662.927 19:20:37
5.016 714.634 3596.585 19:20:38
5.076 576.146 2831.707 19:20:39
5.076 557.756 2854.146 19:20:40
5.072 555.244 2817.073 19:20:41
5.076 555.854 2817.073 19:20:42
5.072 721.732 2816.585 19:20:43
5.072 555.049 2815.122 19:20:44
5.076 557.951 2832.683 19:20:45
5.060 580.756 2859.024 19:20:46
5.016 714.537 3567.805 19:20:47
5.064 565.049 2859.512 19:20:48
5.020 711.439 3618.049 19:20:49
5.072 554.854 2813.171 19:20:51
5.032 701.122 3478.049 19:20:52
5.016 720.732 3591.707 19:20:53
