5.008 739.341 3666.829 20:11:59
5.016 731.024 3686.829 20:12:00
5.028 687.146 3500.000 20:12:01
5.072 558.146 2818.049 20:12:02
5.076 560.244 2830.732 20:12:03
5.088 517.659 2640.488 20:12:04
5.104 472.756 2394.634 20:12:05
5.072 556.854 3697.073 20:12:06
5.076 558.951 2825.854 20:12:07
5.016 714.341 3620.488 20:12:08
5.060 585.537 3022.927 20:12:09
5.072 559.439 2826.829 20:12:10
5.072 573.951 2899.512 20:12:11
5.056 554.341 2829.268 20:12:12
5.076 554.854 2829.268 20:12:13
5.016 718.024 3580.000 20:12:14
5.076 556.659 2823.902 20:12:15
5.088 519.951 3078.537 20:12:16
5.076 557.049 2829.268 20:12:17
5.012 799.195 3770.732 20:12:18
5.076 555.146 2810.732 20:12:19
5.020 720.829 3592.683 20:12:20
5.016 714.024 3604.390 20:12:21
5.000 720.537 3668.293 20:12:22
5.068 555.439 2817.073 20:12:23
5.016 721.634 3591.707 20:12:24
5.072 555.341 2821.463 20:12:25
5.012 743.122 3647.805 20:12:26
5.056 574.341 3670.244 20:12:27
5.020 717.439 3580.488 20:12:28
5.072 561.439 2839.024 20:12:29
5.040 743.122 2966.829 20:12:30
5.012 685.951 3149.268 20:12:31
5.016 699.220 3574.634 20:12:32
5.040 593.122 2942.439 20:12:33
5.028 693.220 3538.537 20:12:34
5.080 534.049 2709.268 20:12:35
5.016 711.122 3552.195 20:12:36
5.020 559.366 3463.415 20:12:37
5.016 719.415 3740.488 20:12:38
5.016 746.049 3593.171 20:12:39
5.000 744.049 3732.683 20:12:40
5.008 753.317 4018.537 20:12:41
5.016 717.512 3543.415 20:12:42
5.076 557.756 2831.220 20:12:43
5.016 828.098 3670.244 20:12:44
5.016 786.146 3878.049 20:12:45
5.016 717.317 3570.732 20:12:46
5.008 742.439 3760.000 20:12:47
4.996 741.024 3743.415 20:12:48
5.072 556.439 2824.390 20:12:49
5.024 694.341 3590.244 20:12:50
5.064 702.537 3708.293 20:12:51
5.036 641.024 3284.878 20:12:52
5.004 743.610 3724.878 20:12:53
5.056 566.439 2869.268 20:12:54
5.016 750.732 4114.146 20:12:55
5.072 565.122 2862.439 20:12:56
5.064 585.951 2963.902 20:12:57
5.008 579.268 2963.902 20:12:58
5.052 813.024 4096.585 20:12:59
5.076 558.829 3462.439 20:13:00
5.016 714.049 3505.366 20:13:01
5.016 716.049 3617.561 20:13:02
5.076 557.756 2821.463 20:13:03
5.064 589.463 3001.951 20:13:04
5.076 558.341 2834.146 20:13:05
5.004 617.561 3084.878 20:13:06
5.072 722.927 2952.195 20:13:07
5.072 589.951 2902.439 20:13:08
5.068 706.049 2834.146 20:13:09
5.072 555.366 2818.537 20:13:10
5.076 560.537 2871.220 20:13:11
5.076 557.854 2832.195 20:13:12
5.072 556.341 2819.512 20:13:13
5.008 738.146 3698.537 20:13:14
5.076 558.049 2819.512 20:13:15
5.072 563.268 2854.634 20:13:16
