5.072 555.951 2819.512 19:35:39
5.028 706.829 3459.024 19:35:40
5.024 692.122 3530.244 19:35:41
5.104 470.146 2399.512 19:35:42
5.104 469.659 2400.976 19:35:43
5.108 469.951 2408.293 19:35:44
5.088 522.439 2570.244 19:35:45
5.072 555.244 2818.049 19:35:46
5.072 554.537 2814.146 19:35:47
5.072 562.659 2841.463 19:35:48
5.072 554.049 2814.146 19:35:49
5.004 724.220 3636.585 19:35:50
5.076 555.854 2816.585 19:35:51
5.076 681.927 3546.341 19:35:52
5.076 558.244 2815.610 19:35:53
5.068 574.537 2972.195 19:35:54
5.008 793.829 3532.683 19:35:55
5.024 558.537 3081.951 19:35:56
5.052 588.951 2980.976 19:35:57
5.036 557.439 2817.073 19:35:58
5.020 775.829 3703.415 19:35:59
5.048 578.634 2873.171 19:36:00
5.048 590.732 3555.610 19:36:01
5.016 716.439 3615.610 19:36:02
4.980 602.634 2963.415 19:36:03
5.016 730.439 3670.244 19:36:04
5.012 600.634 2975.610 19:36:05
5.020 719.122 3596.585 19:36:06
5.068 558.439 2827.805 19:36:07
5.012 799.195 3625.366 19:36:08
5.072 555.854 2825.366 19:36:09
5.060 583.341 3053.171 19:36:10
5.068 751.927 2998.537 19:36:11
5.016 723.829 3674.146 19:36:12
5.016 716.927 3647.805 19:36:13
5.016 723.220 3641.951 19:36:14
5.016 753.439 3579.024 19:36:15
5.060 588.049 2975.610 19:36:16
5.016 722.220 3675.610 19:36:17
5.072 560.049 2829.268 19:36:18
5.020 700.024 3686.829 19:36:19
5.012 719.537 3609.268 19:36:20
5.024 708.829 3571.707 19:36:21
5.012 729.829 3664.390 19:36:22
5.020 713.732 3615.610 19:36:23
5.064 560.537 2841.463 19:36:24
5.072 564.244 2835.610 19:36:25
5.020 761.732 3697.073 19:36:26
5.048 559.341 2835.610 19:36:27
5.076 556.146 2878.049 19:36:28
5.012 718.829 3606.829 19:36:29
5.076 557.756 2822.927 19:36:30
5.064 617.634 3180.000 19:36:31
5.016 725.439 3590.732 19:36:32
5.080 612.244 3246.341 19:36:33
5.088 520.049 2647.805 19:36:34
5.084 533.049 2702.927 19:36:35
5.008 754.317 3326.341 19:36:36
5.020 715.341 3595.610 19:36:37
5.072 555.659 2817.073 19:36:38
5.076 555.244 2841.463 19:36:39
5.016 563.049 2949.268 19:36:40
5.020 742.220 3515.610 19:36:41
5.104 477.146 2397.073 19:36:42
5.076 554.341 2816.585 19:36:43
5.012 741.220 3719.024 19:36:44
5.076 557.244 2914.634 19:36:45
5.072 556.951 2823.902 19:36:46
