5.016 711.829 3570.732 20:38:34
5.024 691.927 3309.756 20:38:35
4.940 962.732 4852.683 20:38:36
5.076 558.244 2819.512 20:38:37
5.072 554.634 2832.195 20:38:38
5.104 469.951 2413.659 20:38:39
5.084 518.341 2639.024 20:38:40
5.016 719.415 3600.000 20:38:41
5.076 556.341 2836.098 20:38:42
5.016 717.415 3590.244 20:38:43
5.072 557.854 2837.073 20:38:44
5.076 555.659 2829.268 20:38:45
5.108 470.341 2402.927 20:38:46
5.016 705.220 3595.122 20:38:47
5.076 555.756 2811.707 20:38:48
5.020 714.927 3588.293 20:38:49
5.076 571.268 2879.024 20:38:50
5.016 715.951 3577.561 20:38:51
5.000 721.951 3693.659 20:38:52
5.020 715.024 3582.439 20:38:53
5.072 555.659 2832.195 20:38:54
5.016 748.732 3558.049 20:38:55
5.076 563.756 2834.146 20:38:57
5.004 761.024 3737.561 20:38:58
5.072 555.561 2822.439 20:38:59
5.008 718.146 3607.805 20:39:00
5.032 557.171 3520.976 20:39:01
5.020 710.927 3628.293 20:39:02
5.020 714.439 3713.171 20:39:03
5.020 721.512 3602.927 20:39:04
5.072 559.024 2837.073 20:39:05
5.012 730.732 3657.561 20:39:06
5.020 769.415 3720.000 20:39:07
5.060 603.463 3040.000 20:39:08
5.020 722.146 3655.610 20:39:09
5.024 710.244 3633.171 20:39:10
5.020 717.951 3796.098 20:39:11
5.012 739.122 3609.756 20:39:12
5.056 600.244 2926.829 20:39:13
5.096 498.537 2516.098 20:39:14
5.032 672.732 3485.854 20:39:15
5.012 735.220 3653.659 20:39:16
5.020 666.439 2864.390 20:39:17
5.000 759.951 3588.293 20:39:18
5.060 572.146 2876.098 20:39:19
5.016 800.829 4068.293 20:39:20
5.008 719.707 3718.049 20:39:21
5.020 712.049 3575.610 20:39:22
5.052 565.024 2824.390 20:39:23
4.992 806.732 3876.098 20:39:24
5.012 716.829 3622.439 20:39:25
5.016 782.341 3965.854 20:39:26
5.020 728.537 3604.878 20:39:27
5.012 739.024 3644.878 20:39:28
5.016 716.049 3649.756 20:39:29
5.028 726.829 3588.293 20:39:30
5.024 718.537 3600.000 20:39:31
5.004 688.244 3858.537 20:39:32
5.012 750.732 3607.805 20:39:33
4.968 679.122 3600.000 20:39:34
5.060 586.634 2879.024 20:39:35
5.020 709.610 3503.415 20:39:36
5.020 748.146 4058.537 20:39:37
5.024 729.707 3635.122 20:39:38
4.988 629.951 3457.561 20:39:39
5.040 609.220 3081.951 20:39:40
5.028 728.049 3577.561 20:39:41
5.040 601.659 2995.122 20:39:42
5.076 556.341 2831.220 20:39:43
5.012 730.732 3577.561 20:39:44
5.072 679.951 3040.000 20:39:45
5.064 582.927 4436.098 20:39:46
5.016 790.732 3609.756 20:39:47
5.064 608.829 3029.268 20:39:48
5.072 574.732 2826.341 20:39:49
5.060 655.854 3011.707 20:39:50
5.072 556.927 2822.439 20:39:51
5.076 561.366 2826.341 20:39:52
4.984 758.829 3622.439 20:39:53
5.072 558.927 2854.634 20:39:54
5.064 556.537 2829.268 20:39:55
5.064 597.854 2933.659 20:39:56
5.064 589.122 3062.439 20:39:57
5.076 555.561 2832.195 20:39:58
5.072 556.146 2818.537 20:39:59
5.072 557.951 2827.317 20:40:00
5.104 471.171 2405.854 20:40:01
5.072 556.146 2880.000 20:40:02
5.068 557.268 2819.512 20:40:03
5.076 555.756 2818.537 20:40:04
5.072 557.171 2816.585 20:40:05
5.072 555.659 2821.463 20:40:06
5.100 478.244 2415.610 20:40:07
