5.008 722.122 3564.390 18:47:35
4.976 857.220 3670.244 18:47:36
5.004 749.220 3746.341 18:47:37
5.072 554.049 2809.756 18:47:38
5.100 484.439 2816.585 18:47:39
5.128 393.951 2015.610 18:47:40
5.132 392.780 2013.659 18:47:41
5.108 470.146 2402.927 18:47:42
5.076 553.756 2809.756 18:47:43
5.016 715.220 3596.098 18:47:44
5.072 590.244 2839.024 18:47:45
5.072 559.171 2839.024 18:47:46
5.072 553.756 2808.780 18:47:47
5.076 555.561 2809.756 18:47:48
5.016 710.439 3649.756 18:47:49
5.052 696.244 3547.317 18:47:50
5.072 561.756 2837.073 18:47:51
5.020 711.512 3980.488 18:47:52
5.072 553.854 2814.634 18:47:53
5.068 579.366 3037.073 18:47:54
5.000 696.341 3878.049 18:47:55
5.004 724.049 3783.415 18:47:56
5.016 716.927 3578.537 18:47:57
5.080 521.171 2654.634 18:47:58
5.016 721.707 3557.073 18:47:59
5.076 556.927 2813.659 18:48:00
5.020 558.829 2853.659 18:48:01
5.072 554.829 2814.634 18:48:02
5.060 597.366 3044.878 18:48:03
5.012 714.829 3585.366 18:48:04
5.072 555.854 2867.317 18:48:05
5.068 563.268 3490.732 18:48:06
5.012 724.927 3627.317 18:48:07
5.012 714.537 3632.195 18:48:08
5.068 565.854 2839.024 18:48:09
5.072 554.732 2811.707 18:48:11
5.076 554.341 2816.585 18:48:12
5.024 694.341 2862.439 18:48:13
5.076 554.537 2816.585 18:48:14
5.072 557.463 2826.341 18:48:15
5.084 523.951 2643.902 18:48:16
5.076 555.854 2813.659 18:48:17
5.060 593.366 2929.756 18:48:18
5.020 677.220 3428.293 18:48:19
5.076 554.146 2809.756 18:48:20
5.072 557.756 2829.268 18:48:21
5.088 520.439 2651.707 18:48:22
5.076 553.463 2811.707 18:48:23
5.076 557.171 2826.341 18:48:24
5.024 701.512 3507.317 18:48:25
4.984 705.122 3449.756 18:48:26
5.072 557.951 2819.512 18:48:27
