5.012 729.122 3658.049 18:31:25
4.972 843.122 4136.585 18:31:26
5.028 692.439 3485.854 18:31:27
5.068 572.927 2941.463 18:31:28
5.100 480.732 2434.146 18:31:29
5.132 393.561 2017.561 18:31:30
5.104 469.463 2391.220 18:31:31
5.016 717.415 3628.293 18:31:32
5.020 705.512 2840.000 18:31:34
5.072 620.049 3079.024 18:31:35
5.084 533.756 2686.829 18:31:36
5.016 703.756 3577.561 18:31:37
5.104 467.951 2393.171 18:31:38
5.020 713.317 3587.317 18:31:39
5.076 555.463 2806.829 18:31:40
5.076 553.854 2809.756 18:31:41
5.012 715.220 3684.878 18:31:42
5.032 553.171 2808.780 18:31:43
5.020 711.951 3595.122 18:31:44
5.076 564.341 2811.707 18:31:45
5.072 553.463 2809.756 18:31:46
5.072 556.146 2809.756 18:31:47
5.072 553.024 2809.756 18:31:48
5.068 523.268 2623.415 18:31:49
5.032 553.463 2814.634 18:31:50
5.076 554.439 2808.780 18:31:51
5.072 553.951 2814.634 18:31:52
5.072 552.732 2814.634 18:31:53
5.072 556.341 2819.512 18:31:54
5.064 563.366 3237.073 18:31:55
4.968 841.902 3888.780 18:31:56
5.020 712.634 3600.000 18:31:57
5.076 553.561 2939.512 18:31:58
5.072 554.341 2808.780 18:31:59
5.076 554.049 2814.634 18:32:00
5.072 558.439 2811.707 18:32:01
5.076 553.024 2846.829 18:32:02
5.076 554.634 2818.537 18:32:03
5.072 555.659 2818.537 18:32:04
5.072 556.244 2822.439 18:32:05
5.104 469.268 2388.293 18:32:06
5.072 556.732 2811.707 18:32:07
5.076 554.439 2864.390 18:32:08
5.072 553.268 2809.756 18:32:09
5.012 735.220 3673.171 18:32:10
5.072 553.561 2818.537 18:32:11
5.088 516.634 2632.195 18:32:12
