5.032 723.122 3630.244 20:40:34
5.032 681.732 3388.780 20:40:35
5.028 682.341 3458.049 20:40:36
5.076 557.341 2834.146 20:40:37
5.076 555.341 2815.122 20:40:38
5.084 522.659 2653.659 20:40:39
5.100 473.561 2408.293 20:40:40
5.004 750.927 3765.854 20:40:41
5.076 554.756 2817.073 20:40:42
5.016 720.024 3589.268 20:40:43
5.076 555.146 2819.512 20:40:44
5.016 719.927 3606.829 20:40:45
5.104 470.146 2394.634 20:40:46
5.016 716.537 3592.683 20:40:47
5.072 562.146 2840.488 20:40:48
5.072 558.951 2833.171 20:40:49
5.064 603.244 3000.488 20:40:50
5.016 717.024 3590.732 20:40:51
5.056 598.439 2994.146 20:40:52
5.016 694.634 3583.902 20:40:53
4.996 715.732 3996.098 20:40:54
5.024 671.024 3738.049 20:40:55
5.072 559.854 2838.049 20:40:56
5.016 707.634 3957.561 20:40:57
5.076 555.439 2825.366 20:40:59
5.000 604.854 3030.732 20:41:00
5.000 714.244 3604.390 20:41:01
5.060 580.439 3074.634 20:41:02
5.036 592.341 2982.927 20:41:03
5.004 752.927 3779.512 20:41:04
5.016 718.537 3590.732 20:41:05
5.068 590.854 3904.878 20:41:06
5.000 697.951 3524.878 20:41:07
5.024 756.927 3457.561 20:41:08
5.016 719.512 3618.537 20:41:09
5.016 696.049 3600.976 20:41:10
5.016 830.244 4245.854 20:41:11
5.060 639.561 3291.707 20:41:12
5.004 766.244 3767.805 20:41:13
5.016 713.122 3678.049 20:41:14
5.072 559.951 2832.195 20:41:15
5.016 729.024 3688.780 20:41:16
5.016 721.415 3620.488 20:41:17
5.032 663.951 3254.634 20:41:18
5.024 714.634 3588.293 20:41:19
5.000 791.610 3833.171 20:41:20
5.016 716.634 3587.317 20:41:21
5.020 736.927 3502.439 20:41:22
5.076 556.341 2936.585 20:41:23
5.016 717.512 3660.488 20:41:24
4.988 727.024 4721.951 20:41:25
5.060 760.732 4005.854 20:41:26
5.004 701.415 3600.000 20:41:27
5.020 755.122 3517.073 20:41:28
5.016 698.732 3667.317 20:41:29
5.060 604.341 3008.780 20:41:30
4.936 587.366 3149.268 20:41:31
5.012 798.244 3825.366 20:41:32
5.064 666.732 2829.268 20:41:33
5.024 705.024 4744.390 20:41:34
5.016 717.415 3577.561 20:41:35
5.024 720.049 3607.805 20:41:36
5.016 718.732 3612.683 20:41:37
5.016 730.341 3653.659 20:41:38
4.996 791.512 3751.220 20:41:39
5.016 721.512 3670.244 20:41:40
4.992 776.732 3583.415 20:41:41
5.008 735.512 3705.366 20:41:42
5.016 717.610 3615.610 20:41:43
5.040 590.634 2968.780 20:41:44
5.072 749.805 3049.756 20:41:45
5.060 562.634 3419.512 20:41:46
5.064 557.561 2821.463 20:41:47
5.028 589.024 3091.707 20:41:48
5.064 587.951 2936.585 20:41:49
5.004 684.049 3129.756 20:41:50
5.012 716.049 3605.854 20:41:51
5.072 557.171 2876.098 20:41:52
5.020 695.122 3500.488 20:41:53
5.076 557.951 2888.780 20:41:54
5.056 564.829 2854.634 20:41:55
5.060 591.220 2944.390 20:41:56
5.012 723.317 3517.073 20:41:57
5.072 556.049 2811.707 20:41:58
5.072 555.951 2854.634 20:41:59
5.104 471.366 2416.585 20:42:00
5.076 556.732 3289.756 20:42:01
5.076 557.951 2822.439 20:42:02
5.072 556.341 2877.073 20:42:03
5.072 556.537 2818.537 20:42:04
5.076 555.463 2818.537 20:42:05
5.104 472.244 2405.854 20:42:06
5.104 471.171 2403.902 20:42:07
5.008 739.220 3684.878 20:42:08
5.072 555.024 2818.537 20:42:09
5.072 554.927 2816.585 20:42:10
