5.008 752.317 3674.146 18:38:33
5.028 670.829 3308.780 18:38:34
5.024 700.024 3510.244 18:38:35
5.076 556.439 2812.683 18:38:36
5.072 556.439 2810.244 18:38:37
5.132 392.951 2032.683 18:38:38
5.120 394.268 2014.634 18:38:39
5.104 478.146 2408.293 18:38:40
5.076 554.537 2810.244 18:38:41
5.076 555.854 2841.951 18:38:42
5.076 560.854 2808.293 18:38:43
5.068 559.854 2811.707 18:38:44
5.072 555.049 2810.244 18:38:45
5.016 732.829 3587.805 18:38:46
5.076 559.341 2821.463 18:38:47
5.064 640.732 3248.293 18:38:49
5.076 553.537 2822.927 18:38:50
5.076 556.341 2814.146 18:38:51
5.020 718.122 3581.951 18:38:52
5.076 565.049 2819.024 18:38:53
5.020 714.439 3575.610 18:38:54
5.012 732.927 3626.341 18:38:55
5.072 555.049 2811.707 18:38:56
5.088 523.146 2642.927 18:38:57
5.076 553.537 2809.268 18:38:58
5.076 556.951 2822.927 18:38:59
5.072 553.756 2809.268 18:39:00
5.012 665.024 3360.000 18:39:01
5.072 555.171 2814.634 18:39:02
5.076 556.341 2832.195 18:39:03
5.076 555.366 2819.512 18:39:04
5.072 556.537 3339.512 18:39:05
5.076 554.829 2809.756 18:39:06
5.076 554.829 2866.341 18:39:07
5.072 554.244 2814.634 18:39:08
5.076 554.927 3520.000 18:39:09
5.040 697.122 3535.610 18:39:10
5.072 557.366 3154.146 18:39:11
5.076 553.854 2849.756 18:39:12
5.104 469.073 2405.854 18:39:13
5.016 705.024 3540.488 18:39:14
5.076 648.634 3427.317 18:39:15
5.076 554.244 2811.707 18:39:16
5.076 557.171 2811.707 18:39:17
5.076 557.024 2831.220 18:39:18
5.072 553.659 2811.707 18:39:19
5.072 553.951 2831.220 18:39:20
