5.012 730.634 3657.073 18:48:57
4.976 691.732 3502.927 18:48:58
5.028 700.829 3474.146 18:48:59
5.072 556.854 2812.683 18:49:00
5.100 478.244 2437.561 18:49:01
5.112 446.463 2266.829 18:49:02
5.104 467.951 2387.317 18:49:03
5.072 555.951 2835.610 18:49:04
5.048 622.341 3141.951 18:49:05
5.072 557.244 2823.902 18:49:06
5.020 712.024 3615.610 18:49:07
5.072 579.244 2861.951 18:49:08
5.064 580.951 2958.537 18:49:09
5.076 554.659 2822.927 18:49:10
5.072 556.537 2806.341 18:49:11
5.000 722.927 3481.463 18:49:12
5.048 599.049 3045.854 18:49:13
5.104 471.463 2404.878 18:49:14
5.076 554.439 3637.073 18:49:15
5.008 750.829 3725.366 18:49:16
5.072 557.244 2826.829 18:49:17
5.020 739.732 3592.683 18:49:18
5.044 670.341 3035.610 18:49:19
5.008 763.634 3789.756 18:49:20
5.056 722.634 3004.878 18:49:21
5.072 571.439 2815.610 18:49:22
4.992 719.220 3934.634 18:49:23
5.012 718.927 3699.024 18:49:24
5.064 588.341 2970.732 18:49:25
5.000 576.049 2852.683 18:49:26
4.992 799.195 3904.878 18:49:27
5.072 557.341 3786.829 18:49:28
5.052 699.927 3387.805 18:49:29
5.076 520.341 2627.317 18:49:30
5.072 554.439 2818.049 18:49:31
5.076 554.659 2856.585 18:49:32
5.084 528.049 2687.805 18:49:33
5.064 571.634 2837.073 18:49:34
5.028 682.537 3430.244 18:49:35
5.064 603.951 3744.390 18:49:36
5.072 554.341 2810.244 18:49:37
5.064 590.537 2997.073 18:49:38
5.076 553.659 2812.683 18:49:39
5.076 556.659 2775.610 18:49:40
5.072 554.049 2818.049 18:49:41
5.016 736.634 3685.366 18:49:42
5.076 557.659 2813.171 18:49:43
5.076 561.439 2810.244 18:49:44
