5.012 730.927 3649.268 18:44:51
5.024 724.341 3523.902 18:44:52
5.020 687.439 3512.683 18:44:53
5.072 554.951 2823.902 18:44:54
5.100 478.854 2434.634 18:44:55
5.128 392.659 2028.293 18:44:56
5.104 469.366 2390.732 18:44:57
5.076 553.951 2809.268 18:44:58
5.060 590.244 2988.293 18:44:59
5.040 564.049 2827.805 18:45:00
5.076 559.854 2821.951 18:45:01
5.068 584.756 2984.390 18:45:02
5.076 569.756 2844.390 18:45:03
5.072 560.244 2816.585 18:45:04
5.064 557.146 2830.244 18:45:05
5.020 713.341 3949.756 18:45:06
5.012 719.829 3655.610 18:45:07
5.048 615.049 3322.439 18:45:08
5.064 578.244 3134.634 18:45:09
5.052 584.537 2997.073 18:45:10
5.024 645.537 2953.171 18:45:11
5.024 717.024 3582.927 18:45:12
5.088 520.561 2642.439 18:45:13
5.016 674.341 2991.707 18:45:14
5.072 555.341 2820.488 18:45:15
5.016 713.341 3597.561 18:45:16
5.076 555.951 2940.976 18:45:17
5.028 574.854 2849.268 18:45:18
5.072 627.439 2847.805 18:45:19
5.064 660.927 3042.439 18:45:20
5.016 719.829 3714.146 18:45:21
5.072 554.049 2816.585 18:45:22
5.004 555.146 2812.683 18:45:23
5.088 517.049 2635.122 18:45:24
5.060 590.244 3022.927 18:45:25
5.016 714.927 3813.171 18:45:26
5.020 721.024 3591.707 18:45:27
5.076 557.341 2825.854 18:45:28
5.076 558.244 2809.268 18:45:29
5.012 712.829 3605.366 18:45:30
5.072 553.537 2874.634 18:45:31
5.076 553.659 2809.268 18:45:32
5.080 657.537 2686.829 18:45:33
5.076 555.756 2819.512 18:45:34
5.084 528.854 2696.585 18:45:35
5.084 529.756 2695.610 18:45:36
5.072 558.049 3540.000 18:45:37
5.076 556.756 2812.683 18:45:38
5.072 554.951 2887.805 18:45:39
5.100 469.146 2404.878 18:45:40
5.076 559.659 2821.951 18:45:41
5.076 556.341 2816.585 18:45:42
5.072 556.049 2820.488 18:45:43
