5.012 733.927 3679.024 18:39:50
4.964 867.610 4050.732 18:39:51
5.020 706.537 3480.976 18:39:52
5.072 559.854 2824.390 18:39:53
5.100 484.341 2450.732 18:39:54
5.132 395.951 2035.122 18:39:55
5.104 471.659 2406.829 18:39:56
5.012 720.341 3534.634 18:39:57
5.076 563.268 2824.390 18:39:58
5.076 553.268 2819.512 18:39:59
5.072 562.732 2813.659 18:40:00
5.024 598.634 2946.341 18:40:01
5.036 598.049 3003.902 18:40:02
5.008 741.220 3713.171 18:40:03
5.020 704.829 3473.171 18:40:04
5.016 701.415 2806.829 18:40:05
5.016 716.146 3593.171 18:40:06
5.088 517.756 2639.024 18:40:07
5.008 730.732 3688.780 18:40:08
5.072 553.951 3032.195 18:40:09
5.072 553.854 2803.902 18:40:10
5.076 558.244 2811.707 18:40:11
5.076 563.854 2813.659 18:40:12
5.072 557.366 2826.341 18:40:13
5.072 554.927 2811.707 18:40:14
5.044 643.756 2809.756 18:40:15
5.020 668.829 3444.878 18:40:16
5.072 643.024 3410.732 18:40:17
5.032 678.829 3475.122 18:40:18
5.020 675.854 3572.683 18:40:19
5.040 558.537 3330.732 18:40:20
5.036 583.366 3027.317 18:40:21
5.020 703.317 3409.756 18:40:23
5.072 712.341 3171.707 18:40:24
5.076 556.146 2809.756 18:40:25
5.076 556.244 2822.439 18:40:26
5.064 553.659 2818.537 18:40:27
5.072 553.756 2813.659 18:40:28
5.088 519.366 2631.220 18:40:29
5.076 556.829 2816.585 18:40:30
5.076 555.171 2808.780 18:40:31
5.076 553.854 2808.780 18:40:32
