5.012 736.439 3703.415 19:29:16
5.020 705.634 3457.561 19:29:17
5.032 688.341 3477.561 19:29:18
5.072 555.439 2815.122 19:29:19
5.076 555.659 2815.610 19:29:20
5.088 521.146 2656.585 19:29:21
5.092 506.659 2573.659 19:29:22
5.076 558.049 2826.829 19:29:23
5.068 554.049 2810.732 19:29:24
5.072 554.854 2815.610 19:29:25
5.076 555.439 2812.683 19:29:26
5.076 555.049 2816.585 19:29:27
5.008 712.829 3602.927 19:29:28
5.044 589.537 2976.585 19:29:29
5.008 716.024 3601.951 19:29:30
5.056 589.854 3199.512 19:29:31
5.072 556.049 2817.073 19:29:32
5.076 522.049 2655.610 19:29:33
5.016 790.317 3577.561 19:29:34
5.076 532.537 2711.220 19:29:35
5.016 714.244 3596.098 19:29:36
4.968 843.610 4008.780 19:29:37
5.072 560.537 2818.537 19:29:38
5.016 720.732 3693.659 19:29:39
5.012 715.317 3620.488 19:29:40
5.012 739.122 3583.415 19:29:41
5.064 590.341 2986.341 19:29:42
4.988 702.634 3716.098 19:29:43
5.064 593.659 3052.683 19:29:44
5.024 702.634 3710.244 19:29:45
5.000 714.537 3590.244 19:29:46
5.008 714.927 3617.561 19:29:47
5.016 647.024 3094.634 19:29:48
5.044 617.122 3115.122 19:29:49
5.064 579.024 2917.073 19:29:50
5.060 591.951 3006.829 19:29:51
4.996 753.024 3772.683 19:29:52
5.028 589.951 2976.585 19:29:53
4.996 737.707 3632.195 19:29:54
5.016 707.220 3618.537 19:29:55
5.068 725.610 3510.244 19:29:56
5.004 763.317 3750.244 19:29:57
5.072 556.537 2824.390 19:29:58
5.016 718.341 3607.805 19:29:59
5.020 721.317 3558.049 19:30:00
5.068 719.122 3420.488 19:30:01
5.072 572.439 3500.488 19:30:02
5.016 566.829 2871.220 19:30:03
4.996 735.707 3887.805 19:30:04
5.016 715.415 3585.366 19:30:05
5.016 714.146 3743.415 19:30:06
5.056 734.049 3513.171 19:30:07
5.024 677.951 3457.561 19:30:08
5.060 691.415 4016.585 19:30:09
5.072 558.146 2912.195 19:30:10
5.072 557.561 2827.317 19:30:11
5.056 582.634 3056.585 19:30:12
5.016 670.927 2987.317 19:30:13
5.072 555.024 2814.634 19:30:14
5.076 555.171 2818.537 19:30:15
5.076 560.439 2829.268 19:30:16
5.072 633.951 2816.585 19:30:17
5.076 556.146 2829.268 19:30:18
5.076 555.463 2818.537 19:30:19
5.072 557.171 2826.341 19:30:20
5.072 557.756 2853.659 19:30:21
5.076 557.854 2827.317 19:30:22
5.072 554.244 2816.585 19:30:23
5.076 559.463 2818.537 19:30:24
5.104 475.659 2426.341 19:30:25
