5.064 554.049 2807.805 22:33:37
5.020 689.341 3512.683 22:33:38
5.020 686.439 3526.341 22:33:39
5.068 556.146 2828.293 22:33:40
5.072 552.854 2799.512 22:33:41
5.100 468.463 2400.976 22:33:42
5.012 715.341 3599.024 22:33:43
5.072 555.244 2806.341 22:33:44
5.008 737.537 3765.854 22:33:45
5.068 555.951 2817.073 22:33:46
5.060 615.951 3009.268 22:33:47
5.064 564.756 2863.415 22:33:48
5.012 718.341 3577.561 22:33:49
5.056 635.634 2992.195 22:33:50
5.028 699.927 3499.024 22:33:51
5.020 703.244 2824.390 22:33:52
5.068 554.244 2810.732 22:33:53
5.064 576.854 2927.805 22:33:54
5.008 707.439 3502.927 22:33:55
5.024 590.854 2984.390 22:33:56
5.012 724.122 3750.732 22:33:57
5.056 572.634 2807.805 22:33:58
5.008 586.854 2993.171 22:33:59
5.084 519.439 2640.488 22:34:00
5.036 707.634 3540.488 22:34:01
5.080 530.341 2689.268 22:34:02
5.012 716.122 3659.024 22:34:03
5.068 556.537 2819.512 22:34:04
5.068 554.049 2806.829 22:34:05
5.072 573.049 2850.244 22:34:06
5.032 638.634 3281.463 22:34:07
5.052 672.634 3531.707 22:34:08
5.068 561.439 2843.902 22:34:09
5.068 561.244 2842.927 22:34:10
5.068 560.951 2934.634 22:34:11
5.072 554.659 2824.390 22:34:12
5.048 581.341 2905.854 22:34:13
5.012 724.122 3577.561 22:34:14
5.072 565.756 2806.341 22:34:15
5.012 694.927 3579.024 22:34:16
5.068 553.659 2807.805 22:34:17
5.056 594.049 3123.415 22:34:18
5.068 553.951 2806.829 22:34:19
5.068 556.049 2819.024 22:34:20
5.096 468.366 2387.317 22:34:21
5.064 554.756 2820.488 22:34:22
5.072 555.854 2815.122 22:34:23
5.072 552.756 2803.902 22:34:24
5.068 553.341 2818.049 22:34:25
5.068 553.951 2812.683 22:34:26
5.100 471.146 2410.244 22:34:27
5.100 473.049 2400.000 22:34:28
5.084 503.756 2563.902 22:34:29
5.100 468.756 2388.293 22:34:30
5.068 556.439 2802.927 22:34:31
5.068 558.049 2808.293 22:34:32
5.072 553.659 2819.024 22:34:33
