5.000 704.024 3429.268 17:20:48
5.012 694.927 3460.488 17:20:49
5.084 702.634 2730.244 17:20:50
5.076 509.951 2590.244 17:20:51
5.080 511.463 2595.122 17:20:52
5.072 535.659 2713.171 17:20:53
5.072 537.756 2716.585 17:20:55
5.072 537.439 2738.049 17:20:56
5.072 535.439 2715.610 17:20:57
5.060 574.537 2926.829 17:20:58
5.072 534.951 2719.024 17:20:59
5.072 535.439 2715.610 17:21:00
5.080 508.146 2574.146 17:21:01
5.068 537.854 2721.463 17:21:02
5.064 538.439 2725.366 17:21:03
5.012 541.951 2779.512 17:21:04
5.024 577.341 2859.024 17:21:05
5.072 538.049 2727.805 17:21:06
5.012 704.122 3631.707 17:21:07
5.068 535.854 2714.146 17:21:08
