5.012 683.829 3413.659 17:36:03
5.016 687.024 3424.878 17:36:04
5.072 537.951 2723.902 17:36:05
5.040 769.317 3358.537 17:36:06
5.064 572.439 2891.707 17:36:07
5.080 500.659 2549.756 17:36:08
5.068 540.341 2739.024 17:36:09
5.072 538.537 2732.683 17:36:10
5.008 738.634 3523.902 17:36:11
5.012 678.341 3436.585 17:36:12
5.072 540.049 2761.463 17:36:13
5.072 537.561 2722.927 17:36:14
5.072 540.146 2731.707 17:36:15
5.072 553.854 2756.585 17:36:16
5.016 689.244 3499.024 17:36:17
5.076 539.951 2751.707 17:36:18
5.012 693.927 3480.488 17:36:19
5.020 691.146 3751.707 17:36:20
5.068 540.659 2732.683 17:36:21
5.068 538.439 2741.463 17:36:22
5.068 536.854 2720.488 17:36:23
