5.028 677.146 3399.024 17:38:20
5.012 695.829 3588.780 17:38:21
5.068 541.049 2921.951 17:38:22
5.072 550.951 2748.780 17:38:23
5.072 540.854 2746.829 17:38:24
5.008 701.122 3561.463 17:38:25
5.064 578.756 3356.098 17:38:26
5.068 540.146 2750.244 17:38:27
5.016 689.439 3358.537 17:38:28
5.068 665.732 2947.805 17:38:29
5.100 456.146 2324.878 17:38:30
5.012 695.829 3511.707 17:38:31
5.012 707.024 3389.756 17:38:32
5.072 540.146 2722.927 17:38:33
5.016 691.927 3495.610 17:38:34
5.072 537.951 2721.951 17:38:35
5.024 693.122 3471.707 17:38:36
5.072 540.341 2735.610 17:38:37
5.072 537.756 2722.927 17:38:38
5.068 540.756 2738.049 17:38:39
