5.012 696.122 3486.341 17:30:47
5.020 695.439 3461.463 17:30:48
5.072 540.537 2732.683 17:30:49
5.072 539.854 2735.610 17:30:50
5.080 513.439 2602.927 17:30:51
5.064 561.341 2839.512 17:30:52
5.068 540.659 2761.951 17:30:53
5.048 611.244 3151.220 17:30:54
5.012 700.244 3460.000 17:30:55
5.072 536.561 2766.341 17:30:56
5.064 540.244 2739.024 17:30:57
5.060 572.854 2895.610 17:30:58
5.072 540.537 2732.683 17:30:59
5.072 539.537 2720.000 17:31:00
5.068 542.244 2719.024 17:31:01
5.068 539.659 2743.902 17:31:02
5.100 455.854 2322.439 17:31:03
5.016 695.024 3420.488 17:31:04
5.072 541.854 2724.390 17:31:05
5.068 542.951 2747.805 17:31:06
5.060 538.439 2726.829 17:31:07
5.068 539.854 2735.122 17:31:08
