5.016 679.439 3407.805 17:37:11
5.016 677.537 3407.805 17:37:12
5.072 538.951 2838.049 17:37:13
5.076 538.537 2726.829 17:37:14
5.068 537.244 2746.829 17:37:15
5.000 752.927 3627.805 17:37:16
5.064 659.829 3125.854 17:37:17
5.068 539.854 2740.488 17:37:18
5.072 538.049 2725.366 17:37:19
5.020 709.537 3528.780 17:37:20
5.100 453.049 2358.537 17:37:21
5.012 713.634 3490.244 17:37:22
5.072 539.244 2726.829 17:37:23
5.072 538.244 2722.927 17:37:24
5.012 709.927 3615.122 17:37:25
5.064 630.049 3065.854 17:37:26
5.012 696.732 3480.000 17:37:27
5.052 573.537 2894.634 17:37:28
5.072 605.146 2826.829 17:37:30
5.068 537.756 2766.341 17:37:31
5.072 537.561 2721.951 17:37:32
