5.020 673.146 3363.415 17:14:19
5.020 682.439 3368.780 17:14:20
5.072 535.951 2714.146 17:14:21
5.020 690.634 3471.707 17:14:22
5.076 533.049 2700.000 17:14:23
5.072 535.244 2707.805 17:14:24
5.084 500.463 2531.220 17:14:25
5.104 449.366 2289.756 17:14:26
5.072 533.951 2713.171 17:14:27
5.072 540.244 2713.171 17:14:28
5.076 532.951 2700.000 17:14:29
5.072 571.049 2875.610 17:14:30
5.072 535.146 2711.707 17:14:31
5.072 545.439 2745.366 17:14:32
5.052 606.634 2858.049 17:14:33
5.072 533.146 2702.927 17:14:34
5.076 532.951 2704.390 17:14:35
5.072 730.829 3356.585 17:14:36
5.084 499.244 2536.098 17:14:37
