5.020 682.244 3286.341 17:26:40
5.004 709.244 3545.366 17:26:41
5.072 540.951 2733.171 17:26:42
5.016 711.829 3482.439 17:26:43
5.068 539.244 2738.049 17:26:44
5.100 455.463 2375.122 17:26:45
5.068 545.659 2806.341 17:26:46
5.060 573.049 3503.902 17:26:47
5.072 536.756 2720.488 17:26:48
5.020 690.439 3481.463 17:26:49
5.028 499.854 2542.927 17:26:50
5.092 475.951 2411.220 17:26:51
5.088 478.146 2423.902 17:26:52
5.072 539.049 2732.683 17:26:53
5.068 538.439 2748.780 17:26:54
5.044 571.049 3405.366 17:26:55
5.064 539.049 2754.146 17:26:56
5.068 539.659 2735.610 17:26:57
5.084 499.244 2540.000 17:26:58
5.072 538.537 2731.220 17:26:59
5.008 712.537 3565.366 17:27:00
5.068 539.049 2731.707 17:27:01
