5.016 682.634 3423.902 17:39:49
5.032 767.122 3299.024 17:39:50
5.080 512.244 2606.341 17:39:51
5.076 513.341 2603.902 17:39:52
5.072 538.341 2726.829 17:39:53
4.988 793.537 3626.829 17:39:54
5.056 573.146 2900.976 17:39:55
5.016 692.927 3506.829 17:39:56
5.012 700.927 3487.805 17:39:57
5.072 537.244 2725.366 17:39:58
5.036 595.146 2861.951 17:39:59
5.052 590.244 2977.073 17:40:00
5.056 567.146 2874.634 17:40:01
5.056 566.951 2839.024 17:40:02
5.016 693.122 3472.683 17:40:03
5.084 501.659 2547.317 17:40:04
5.068 540.341 2735.610 17:40:05
5.000 740.341 3675.610 17:40:06
5.072 542.756 2738.049 17:40:07
5.072 538.049 2735.122 17:40:08
5.056 583.439 2949.756 17:40:09
5.092 474.951 2512.683 17:40:10
