5.016 663.537 3451.220 17:43:40
5.012 690.244 3484.878 17:43:42
5.072 541.756 2755.610 17:43:43
5.032 538.244 2725.366 17:43:44
5.072 540.659 2737.561 17:43:45
5.000 710.829 3593.171 17:43:46
4.984 568.634 3056.098 17:43:47
5.056 573.951 2917.073 17:43:48
5.020 744.634 3662.927 17:43:49
5.016 567.537 3498.049 17:43:50
5.052 710.244 3044.878 17:43:51
5.080 515.561 2659.024 17:43:52
5.076 519.561 2621.463 17:43:53
5.020 571.854 2899.512 17:43:54
5.068 541.341 2758.049 17:43:55
5.064 555.854 2790.732 17:43:56
5.056 630.341 2910.244 17:43:57
5.068 541.244 2743.902 17:43:58
5.072 541.244 2749.268 17:43:59
5.068 539.049 2730.244 17:44:00
5.072 540.756 2738.049 17:44:01
