5.028 684.244 3513.659 17:20:05
5.020 685.829 3436.098 17:20:06
5.068 538.659 2728.780 17:20:07
5.016 688.146 3447.317 17:20:08
5.072 535.561 2716.585 17:20:09
5.072 538.049 2729.268 17:20:10
5.084 500.146 2530.244 17:20:11
5.088 490.146 2622.927 17:20:12
5.072 539.146 2724.390 17:20:13
5.068 535.854 2721.463 17:20:14
5.068 535.659 2711.220 17:20:15
5.072 539.951 2727.805 17:20:16
5.020 629.439 2861.951 17:20:17
5.072 537.756 2726.829 17:20:18
5.016 701.927 3480.000 17:20:19
5.060 566.854 2910.732 17:20:20
5.072 538.049 2724.390 17:20:21
5.068 537.951 2726.829 17:20:22
5.072 540.341 2723.902 17:20:23
5.072 538.854 2766.341 17:20:24
5.072 535.756 2722.927 17:20:25
