5.024 655.439 3330.244 17:15:44
5.020 687.634 3448.780 17:15:45
5.072 534.854 2710.244 17:15:46
5.016 690.829 3494.146 17:15:47
5.068 535.854 2721.463 17:15:48
5.084 503.463 2569.756 17:15:49
5.116 415.756 2113.171 17:15:50
5.112 424.951 2184.390 17:15:51
5.088 480.463 2452.683 17:15:52
5.068 459.951 2349.756 17:15:53
5.100 452.659 2328.780 17:15:54
5.072 533.854 2706.829 17:15:56
5.072 536.146 2713.171 17:15:57
5.072 539.341 2741.463 17:15:58
5.060 571.341 2885.854 17:15:59
5.016 691.024 3461.463 17:16:00
5.100 457.463 2325.854 17:16:01
5.072 534.244 2708.780 17:16:02
5.072 535.146 2722.927 17:16:03
5.072 536.341 2715.610 17:16:04
5.072 538.537 2721.951 17:16:05
