5.024 674.146 3340.000 17:26:18
5.016 700.927 3480.488 17:26:19
5.072 539.341 2732.683 17:26:20
4.996 734.829 3595.122 17:26:21
5.072 539.146 2722.927 17:26:22
5.068 539.951 2750.244 17:26:23
5.056 547.951 2770.244 17:26:24
5.068 536.561 2721.463 17:26:25
5.068 539.854 2737.561 17:26:26
5.012 695.537 3701.463 17:26:27
5.100 455.268 2330.732 17:26:28
5.072 537.146 2718.049 17:26:29
5.072 538.341 2732.683 17:26:30
5.068 536.854 2753.171 17:26:31
5.056 572.951 2894.146 17:26:32
5.072 539.244 2725.366 17:26:33
5.100 452.854 2320.976 17:26:34
5.072 537.561 2734.146 17:26:35
5.024 683.146 3442.927 17:26:37
5.072 539.854 2735.610 17:26:38
