5.020 712.244 3570.244 17:21:54
5.020 696.244 3471.707 17:21:55
5.072 543.049 2726.341 17:21:56
5.012 693.732 3515.122 17:21:57
5.068 538.341 2739.024 17:21:58
5.068 538.659 2731.220 17:21:59
5.072 536.341 2721.463 17:22:00
5.024 622.634 2885.854 17:22:01
5.072 538.659 2772.683 17:22:02
5.068 536.341 2711.220 17:22:03
5.084 503.146 2544.878 17:22:04
5.072 535.854 2733.171 17:22:05
5.060 672.634 3341.463 17:22:06
5.016 692.341 3464.878 17:22:07
5.068 538.341 2731.220 17:22:08
5.068 538.537 2741.951 17:22:09
5.016 693.341 3485.366 17:22:10
5.072 538.341 2728.780 17:22:11
5.072 538.146 2728.780 17:22:12
5.072 537.951 2740.000 17:22:13
