5.016 683.634 3426.341 17:27:26
5.012 697.537 3502.439 17:27:27
5.068 537.659 2726.341 17:27:28
5.012 691.927 3483.902 17:27:29
5.068 540.146 2738.049 17:27:30
5.072 536.854 2716.585 17:27:31
5.056 674.927 3462.927 17:27:32
5.084 502.951 2549.756 17:27:33
5.072 539.439 2730.244 17:27:34
5.072 539.854 2731.707 17:27:35
5.072 539.341 2732.683 17:27:36
5.068 540.049 2731.707 17:27:37
5.072 536.439 2732.683 17:27:38
5.016 695.439 3464.878 17:27:39
5.064 543.854 2763.902 17:27:40
5.068 541.951 2730.244 17:27:41
5.072 543.146 2762.927 17:27:42
5.072 539.049 2743.902 17:27:43
5.056 568.634 2852.683 17:27:44
5.084 503.049 2543.902 17:27:45
5.104 452.049 2309.756 17:27:46
