5.012 660.829 3408.780 17:41:21
5.012 699.829 3464.878 17:41:22
5.072 546.439 2731.707 17:41:24
5.068 544.146 2730.244 17:41:25
5.072 551.537 2914.146 17:41:26
5.056 554.756 2879.024 17:41:27
5.072 538.951 2729.268 17:41:28
5.056 621.951 3080.976 17:41:29
5.016 723.927 3516.585 17:41:30
5.028 574.537 3066.829 17:41:31
5.060 558.537 2786.341 17:41:32
5.072 550.756 2736.585 17:41:33
5.004 742.732 3728.293 17:41:34
5.072 541.756 2741.951 17:41:35
5.012 701.927 3356.098 17:41:36
5.016 570.537 2957.073 17:41:37
5.000 708.341 3678.049 17:41:38
5.008 732.220 3664.390 17:41:39
5.068 554.659 2751.707 17:41:40
5.064 542.146 2756.585 17:41:41
5.076 503.854 2560.000 17:41:42
