5.004 736.122 3684.390 17:19:21
5.016 688.829 3453.659 17:19:22
5.072 548.439 2722.927 17:19:23
5.008 690.244 3512.683 17:19:24
5.072 538.439 2740.488 17:19:25
5.072 541.049 2732.683 17:19:26
5.012 699.439 3491.707 17:19:27
5.048 611.634 3183.902 17:19:28
5.068 537.659 2727.805 17:19:29
5.060 568.439 2930.732 17:19:30
5.072 537.049 2760.488 17:19:31
5.092 490.049 2492.683 17:19:32
5.072 535.146 2711.707 17:19:33
5.016 702.634 3486.341 17:19:34
5.072 540.756 2723.902 17:19:35
5.072 534.854 2712.683 17:19:36
5.072 536.439 2731.707 17:19:37
5.080 512.146 2599.024 17:19:38
5.076 535.244 2708.780 17:19:39
5.072 535.341 2707.805 17:19:40
