5.020 660.244 3433.659 17:32:18
5.028 684.146 3437.561 17:32:19
5.072 541.537 2735.122 17:32:20
5.012 704.244 3590.244 17:32:21
5.072 541.439 2737.561 17:32:22
5.076 540.951 2721.951 17:32:23
5.016 740.927 2757.561 17:32:24
5.068 586.146 3009.268 17:32:25
5.072 537.244 2748.780 17:32:26
5.068 538.049 2735.122 17:32:27
5.100 457.659 2326.341 17:32:28
5.068 557.146 2737.561 17:32:29
5.052 579.634 2875.610 17:32:30
5.068 537.439 2742.927 17:32:31
5.016 691.146 3442.927 17:32:32
5.016 687.732 3333.659 17:32:33
5.056 513.854 2916.585 17:32:34
5.004 694.024 3474.146 17:32:35
5.068 540.537 2792.683 17:32:36
5.068 540.537 2737.561 17:32:37
5.068 537.756 2735.122 17:32:38
