5.016 680.732 3411.707 17:44:49
5.012 660.049 3318.537 17:44:50
5.080 503.951 2551.220 17:44:51
5.060 576.049 3041.951 17:44:52
5.012 698.927 3502.927 17:44:53
5.056 574.634 2902.927 17:44:54
5.068 540.146 2732.683 17:44:55
5.004 754.024 3731.707 17:44:56
5.052 592.634 2957.073 17:44:57
5.056 541.146 2729.268 17:44:58
5.016 705.439 3659.024 17:44:59
5.056 543.049 2850.244 17:45:00
5.060 561.049 2833.171 17:45:01
5.016 720.341 3650.732 17:45:02
5.068 552.439 2817.073 17:45:03
5.064 562.951 2885.854 17:45:04
5.024 692.732 3555.610 17:45:05
5.044 570.537 3461.463 17:45:06
5.064 572.951 3050.732 17:45:07
5.004 693.024 3484.878 17:45:08
5.068 678.024 3452.683 17:45:09
5.068 548.659 2745.366 17:45:10
5.068 566.244 2915.610 17:45:11
