5.024 671.244 3428.780 17:49:07
5.016 691.732 3490.244 17:49:08
5.060 576.756 2920.976 17:49:09
5.040 580.854 2792.683 17:49:10
5.068 540.756 2742.927 17:49:11
5.068 588.756 2999.512 17:49:12
5.068 541.659 2779.512 17:49:13
5.056 568.049 2866.829 17:49:14
5.020 578.756 2850.732 17:49:15
5.008 738.537 3653.171 17:49:16
4.992 723.927 3551.707 17:49:17
5.032 545.341 2745.366 17:49:18
5.056 621.634 2928.293 17:49:19
5.028 720.732 2939.512 17:49:20
5.064 692.341 3440.000 17:49:21
5.060 544.341 2750.732 17:49:22
5.060 665.537 3404.878 17:49:23
5.040 576.951 2888.293 17:49:24
5.072 551.854 2741.463 17:49:25
5.020 683.732 3407.805 17:49:26
5.072 541.146 2741.951 17:49:27
