5.016 680.439 3399.024 17:49:30
5.028 679.927 3384.878 17:49:31
5.072 538.341 2733.171 17:49:32
5.016 725.732 3794.634 17:49:33
5.016 693.537 3471.707 17:49:34
5.068 551.049 2780.488 17:49:35
5.072 541.439 2742.927 17:49:36
5.024 583.756 3732.195 17:49:37
5.068 734.537 2981.951 17:49:38
5.024 549.951 3103.415 17:49:39
5.064 591.732 2951.707 17:49:40
5.064 539.537 2882.927 17:49:41
5.072 541.659 2742.927 17:49:42
5.008 687.927 3492.683 17:49:43
5.068 541.537 2746.341 17:49:44
5.072 542.659 2739.024 17:49:45
5.060 591.049 2850.732 17:49:46
5.056 661.634 3084.390 17:49:47
5.072 541.244 2730.244 17:49:48
5.016 678.244 3400.000 17:49:49
5.076 511.659 2597.561 17:49:50
