5.016 665.732 3397.561 17:22:37
5.016 696.024 3486.829 17:22:38
5.072 536.439 2730.244 17:22:39
5.012 694.732 3491.707 17:22:40
5.068 539.659 2715.610 17:22:41
5.072 536.756 2719.024 17:22:42
5.072 541.049 2728.780 17:22:43
5.088 500.756 2542.927 17:22:44
5.072 538.049 2729.268 17:22:45
5.012 695.829 3479.024 17:22:46
5.072 541.951 2731.707 17:22:47
5.068 538.244 2734.146 17:22:48
5.072 536.659 2717.561 17:22:49
5.084 473.854 2417.073 17:22:50
5.072 539.951 2854.634 17:22:51
5.020 692.634 3472.683 17:22:52
5.068 538.049 2726.829 17:22:53
5.068 540.537 2720.488 17:22:54
5.072 538.537 2735.122 17:22:55
5.104 452.268 2304.878 17:22:56
