5.016 677.439 3346.341 17:27:48
5.020 685.829 3448.780 17:27:49
5.068 541.537 2759.512 17:27:50
5.072 574.854 2829.268 17:27:51
5.068 539.659 2735.122 17:27:52
5.016 749.829 3611.707 17:27:53
5.072 537.341 2719.024 17:27:54
5.060 572.244 2896.585 17:27:55
5.060 565.951 2869.268 17:27:56
5.072 544.341 2746.341 17:27:57
5.084 502.244 2549.756 17:27:58
5.012 695.732 3457.561 17:27:59
5.036 690.341 3520.000 17:28:01
5.068 538.146 2732.683 17:28:02
5.016 683.927 3506.829 17:28:03
5.072 539.537 2735.610 17:28:04
5.084 503.854 2548.780 17:28:05
5.072 536.439 2723.902 17:28:06
5.056 580.244 2907.805 17:28:07
5.072 538.756 2733.171 17:28:08
5.072 536.854 2726.829 17:28:09
