5.020 670.244 3316.585 17:40:13
5.012 721.024 3547.805 17:40:14
5.068 572.951 2810.244 17:40:15
5.072 540.146 2721.951 17:40:16
5.068 540.854 2737.561 17:40:17
5.004 725.220 3488.780 17:40:18
5.072 537.756 2722.927 17:40:19
5.072 540.659 2738.049 17:40:20
5.020 696.732 3463.902 17:40:21
5.004 699.732 3493.659 17:40:22
5.056 576.439 2924.390 17:40:23
5.016 698.122 3482.927 17:40:24
5.048 659.439 2796.585 17:40:25
5.020 575.537 2985.366 17:40:26
5.068 538.146 2722.927 17:40:27
4.992 713.732 3500.000 17:40:28
5.068 537.146 2779.024 17:40:29
5.012 700.829 3491.220 17:40:30
5.068 540.756 2741.951 17:40:31
5.072 538.244 2727.805 17:40:32
5.104 456.463 2328.293 17:40:33
