5.016 675.024 3388.780 17:44:04
5.020 680.732 3444.878 17:44:05
5.068 544.659 2757.561 17:44:06
5.056 687.927 2780.488 17:44:07
5.048 585.439 2888.293 17:44:08
5.008 743.634 3528.780 17:44:09
5.060 597.049 3343.415 17:44:10
5.068 541.537 2749.268 17:44:11
5.072 542.049 2741.463 17:44:12
4.996 731.927 3619.512 17:44:13
5.096 457.659 2333.659 17:44:14
5.060 565.341 2856.585 17:44:15
5.000 702.927 3474.146 17:44:16
5.068 538.756 2731.220 17:44:17
5.072 555.756 2931.707 17:44:18
5.052 585.146 2895.610 17:44:19
5.064 688.927 3092.195 17:44:20
5.072 559.146 2733.171 17:44:21
5.068 538.659 2730.244 17:44:22
5.068 540.756 2725.366 17:44:23
5.064 574.634 2813.171 17:44:24
