5.020 675.024 3394.146 17:23:21
5.016 687.439 3440.488 17:23:22
5.068 536.854 2733.171 17:23:23
5.012 690.146 3512.683 17:23:24
5.072 538.537 2721.463 17:23:25
5.072 535.854 2719.024 17:23:26
5.024 699.244 3518.049 17:23:27
5.072 538.854 2730.244 17:23:28
5.072 538.049 2731.707 17:23:29
5.072 540.049 2735.122 17:23:30
5.056 567.537 2885.366 17:23:31
5.084 498.756 2538.537 17:23:32
5.068 536.244 2715.610 17:23:33
5.012 692.439 3461.463 17:23:34
5.072 535.561 2751.707 17:23:35
5.064 568.341 2832.683 17:23:36
5.072 539.146 2728.780 17:23:37
5.104 454.049 2440.000 17:23:38
5.072 535.561 2727.805 17:23:39
5.068 539.756 2730.244 17:23:40
5.068 538.659 2735.122 17:23:41
