5.020 665.927 3384.878 17:35:40
5.016 682.341 3404.878 17:35:41
5.060 559.854 2881.951 17:35:42
5.016 700.122 3502.439 17:35:43
5.072 539.756 2733.171 17:35:44
5.008 698.537 3515.122 17:35:45
5.016 696.341 3506.341 17:35:46
5.068 539.439 2735.122 17:35:47
5.016 694.634 3468.780 17:35:48
5.064 541.439 2740.000 17:35:49
5.100 456.049 2327.317 17:35:50
5.020 642.341 3312.683 17:35:51
5.020 697.537 3495.610 17:35:52
5.052 592.244 3068.293 17:35:53
5.052 569.439 3258.537 17:35:54
5.072 538.439 2727.805 17:35:55
5.012 693.122 3478.049 17:35:56
5.068 539.659 2735.610 17:35:57
5.068 539.756 2731.707 17:35:58
5.016 705.122 3531.220 17:35:59
5.072 540.951 2741.463 17:36:00
