5.024 686.732 3449.268 17:37:34
5.016 671.341 3482.439 17:37:35
5.068 538.049 2728.780 17:37:36
5.000 790.220 3617.561 17:37:37
5.072 539.439 2722.927 17:37:38
5.072 540.756 2779.512 17:37:39
5.060 592.854 3025.854 17:37:40
5.060 566.537 2927.805 17:37:41
5.072 537.561 2766.341 17:37:42
5.064 554.146 2745.366 17:37:43
5.052 540.756 2667.805 17:37:44
5.072 543.659 2731.707 17:37:45
5.076 540.659 2726.829 17:37:46
5.068 542.439 2727.805 17:37:47
5.052 650.049 2764.390 17:37:48
5.072 539.146 2740.488 17:37:49
5.080 519.049 2904.390 17:37:50
5.080 580.634 2740.488 17:37:51
5.084 512.439 2605.366 17:37:52
5.080 512.439 2601.463 17:37:53
5.072 537.049 2725.366 17:37:54
