5.024 695.537 3349.756 17:27:04
5.020 677.244 3401.463 17:27:05
5.068 538.146 2730.244 17:27:06
5.064 573.341 3391.220 17:27:07
5.072 539.146 2734.146 17:27:08
5.076 515.244 2757.561 17:27:09
5.020 715.634 3536.585 17:27:10
5.072 536.049 2721.951 17:27:11
5.072 536.854 2781.463 17:27:12
5.072 634.341 2717.561 17:27:13
5.064 538.951 2728.780 17:27:14
5.084 501.463 2532.683 17:27:15
5.048 538.341 2720.488 17:27:16
5.072 536.561 2740.000 17:27:17
5.072 539.146 2729.268 17:27:18
5.016 655.927 2919.512 17:27:19
5.028 581.854 2902.927 17:27:20
5.100 452.854 2309.756 17:27:21
5.016 682.341 3283.415 17:27:22
5.072 536.439 2719.024 17:27:23
