5.016 693.341 3476.585 17:19:42
5.020 689.146 3461.463 17:19:43
5.072 536.659 2716.585 17:19:44
5.020 712.634 3495.610 17:19:45
5.072 537.341 2728.780 17:19:46
5.068 537.561 2737.561 17:19:47
5.072 538.439 2724.390 17:19:48
5.076 525.049 2645.366 17:19:49
5.080 512.146 2637.561 17:19:50
5.000 692.024 3471.220 17:19:51
5.060 566.049 3362.439 17:19:52
5.072 537.146 2721.463 17:19:53
5.064 561.341 3119.512 17:19:54
5.072 537.756 2726.341 17:19:55
5.072 622.439 3256.098 17:19:56
5.068 537.659 2739.024 17:19:57
5.072 537.439 2757.561 17:19:58
5.052 572.634 2880.488 17:19:59
5.068 537.244 2724.390 17:20:00
5.068 537.756 2722.927 17:20:01
5.072 537.756 2728.780 17:20:02
