5.024 682.927 3359.024 17:13:58
5.020 672.537 3370.244 17:13:59
5.072 538.049 2706.341 17:14:00
5.012 691.024 3463.902 17:14:01
5.072 532.341 2713.171 17:14:02
5.104 448.659 2299.512 17:14:03
5.072 534.854 2711.707 17:14:04
5.072 555.341 2863.415 17:14:05
5.072 535.854 2713.171 17:14:06
5.072 537.049 2709.268 17:14:07
5.004 717.537 3630.732 17:14:08
5.100 451.951 2285.854 17:14:09
5.072 534.244 2711.707 17:14:10
5.072 534.659 2716.585 17:14:11
5.072 533.146 2718.049 17:14:12
5.076 538.244 2708.780 17:14:13
5.072 535.341 2714.146 17:14:14
5.024 684.927 3330.244 17:14:15
5.076 533.951 2700.000 17:14:16
