5.024 669.439 3317.561 17:24:49
5.032 646.146 3153.171 17:24:50
5.076 511.951 2595.122 17:24:51
5.080 511.756 2605.366 17:24:52
5.072 537.244 2715.610 17:24:53
5.076 536.341 2716.585 17:24:54
5.072 538.146 2737.561 17:24:55
5.072 536.341 2719.024 17:24:56
5.072 541.951 2732.683 17:24:57
5.072 537.756 2720.488 17:24:58
5.084 498.561 2528.780 17:24:59
5.012 696.829 3409.756 17:25:00
5.072 540.756 2737.561 17:25:01
5.056 592.732 2879.024 17:25:02
5.072 537.854 2731.707 17:25:03
5.072 536.341 2721.951 17:25:04
5.068 552.951 2803.902 17:25:06
5.072 538.439 2722.927 17:25:07
5.024 667.439 3396.585 17:25:08
5.072 538.341 2737.561 17:25:09
