5.016 672.146 3381.463 17:31:11
5.000 697.439 3543.902 17:31:12
5.068 539.854 2738.049 17:31:13
5.072 540.049 2726.341 17:31:14
5.068 539.341 2735.610 17:31:15
5.072 539.854 2736.585 17:31:16
5.064 571.341 2938.049 17:31:17
5.068 540.341 2737.561 17:31:18
5.072 539.756 2732.683 17:31:19
5.052 587.854 2820.488 17:31:20
5.100 455.756 2333.171 17:31:21
5.072 540.244 2735.610 17:31:22
5.004 590.537 3500.000 17:31:23
5.056 563.537 2864.390 17:31:24
5.072 540.537 2735.122 17:31:25
5.052 585.244 2863.415 17:31:26
5.028 587.854 2942.927 17:31:27
5.072 540.049 2734.146 17:31:28
5.072 537.049 2728.780 17:31:29
5.072 541.951 2755.610 17:31:30
5.072 538.049 2759.024 17:31:31
