5.016 673.537 3383.902 17:34:10
5.012 692.634 3459.024 17:34:11
5.072 541.341 2741.951 17:34:12
5.056 595.146 3315.122 17:34:13
5.072 538.341 2728.780 17:34:14
5.068 537.244 2739.024 17:34:15
5.064 694.024 3026.829 17:34:16
5.064 649.927 2890.732 17:34:17
5.068 540.537 2721.951 17:34:18
5.016 692.927 3443.902 17:34:19
5.080 500.756 2583.902 17:34:20
5.072 539.244 2734.146 17:34:21
5.064 537.659 2724.390 17:34:22
5.068 573.634 2879.024 17:34:23
5.068 541.439 2735.610 17:34:24
5.020 689.341 3306.341 17:34:25
5.040 540.537 3284.878 17:34:26
5.076 538.341 2722.927 17:34:27
5.016 677.829 3430.244 17:34:28
5.072 539.951 2734.146 17:34:29
