5.008 731.122 3750.732 17:14:40
5.020 692.732 3466.829 17:14:41
5.072 533.561 2732.683 17:14:42
5.060 656.732 2922.927 17:14:43
5.076 534.244 2704.390 17:14:44
5.100 454.366 2308.780 17:14:45
5.076 532.951 2698.049 17:14:46
5.064 560.854 2857.073 17:14:47
5.068 535.951 2715.122 17:14:48
5.072 540.244 2716.585 17:14:49
5.068 538.146 2714.146 17:14:50
5.072 687.634 2432.195 17:14:51
5.092 476.049 2427.317 17:14:52
5.060 554.854 2730.244 17:14:53
5.072 532.951 2714.146 17:14:54
5.072 535.659 2778.049 17:14:55
5.060 646.244 2907.805 17:14:56
5.072 535.439 2725.366 17:14:57
5.072 532.854 2728.780 17:14:58
5.104 449.951 2293.171 17:14:59
