5.024 664.146 3334.634 17:34:32
5.020 698.024 3476.585 17:34:33
5.072 538.537 2729.268 17:34:34
5.056 569.854 2874.634 17:34:35
5.072 544.049 2740.000 17:34:36
5.068 540.049 2746.829 17:34:37
5.008 716.634 3495.610 17:34:38
5.072 540.659 2792.683 17:34:39
5.072 537.756 2724.390 17:34:40
5.012 695.927 3476.585 17:34:41
5.076 547.146 2737.561 17:34:42
5.068 537.439 2721.951 17:34:43
5.016 695.122 3424.878 17:34:44
5.072 537.439 2723.902 17:34:45
5.068 537.439 2724.390 17:34:46
5.012 700.341 3486.341 17:34:47
5.068 553.537 2885.366 17:34:48
5.068 538.146 2741.463 17:34:49
5.024 671.341 3938.537 17:34:50
5.068 537.049 2731.707 17:34:51
5.068 539.951 2734.146 17:34:52
