5.024 667.732 3400.976 17:49:54
5.016 690.439 3493.659 17:49:55
5.068 541.756 2746.341 17:49:56
5.004 675.634 2826.829 17:49:57
5.068 540.146 2743.902 17:49:58
5.012 700.244 3506.829 17:49:59
5.072 540.341 2718.049 17:50:00
5.072 541.244 2752.683 17:50:01
5.012 719.024 3548.780 17:50:02
5.020 701.634 3476.098 17:50:03
5.072 538.756 2732.683 17:50:04
4.984 699.634 3490.244 17:50:05
5.068 541.244 2746.829 17:50:06
5.012 698.024 3406.341 17:50:07
5.068 541.439 2828.293 17:50:08
5.068 652.439 2940.488 17:50:09
5.064 561.951 3445.366 17:50:10
5.012 697.537 3467.805 17:50:11
5.072 540.439 2740.488 17:50:12
4.996 539.439 2785.366 17:50:13
5.100 457.561 2329.756 17:50:14
