5.016 715.732 3552.683 17:46:23
5.016 692.341 3482.927 17:46:24
5.072 540.244 2726.341 17:46:25
5.012 693.341 3565.366 17:46:26
5.072 541.341 2740.000 17:46:27
5.016 696.122 3560.000 17:46:28
5.028 669.732 3307.805 17:46:29
5.072 541.049 2743.902 17:46:30
5.060 561.146 2848.293 17:46:31
5.012 691.732 3691.707 17:46:32
5.072 668.634 3256.098 17:46:33
5.052 598.537 3516.585 17:46:34
5.064 546.244 2743.902 17:46:35
5.036 574.537 2914.634 17:46:36
5.020 699.439 3655.122 17:46:37
5.020 779.122 2901.951 17:46:38
5.068 672.537 3157.073 17:46:39
5.016 696.732 3539.024 17:46:40
5.072 544.537 2743.902 17:46:41
5.072 540.951 2738.049 17:46:42
5.068 538.244 2747.805 17:46:43
5.100 454.463 2333.171 17:46:44
