5.024 674.439 3420.000 17:29:18
5.016 683.732 3390.244 17:29:19
5.068 537.756 2750.732 17:29:20
5.012 697.122 3491.707 17:29:21
5.072 536.854 2735.122 17:29:22
5.072 537.561 2725.366 17:29:23
5.036 537.659 2725.366 17:29:24
5.068 536.756 2726.341 17:29:25
5.072 540.439 2730.244 17:29:26
5.068 539.439 2743.902 17:29:27
5.068 530.659 2715.610 17:29:28
5.072 537.951 2724.390 17:29:29
5.060 573.341 2891.707 17:29:30
5.068 538.659 2728.780 17:29:31
5.072 539.659 2739.024 17:29:32
5.072 540.146 2737.561 17:29:33
5.020 579.634 2862.927 17:29:34
5.072 536.951 2724.390 17:29:35
5.020 670.146 3395.122 17:29:36
5.072 539.146 2722.927 17:29:37
