5.020 685.439 3447.805 17:31:33
5.016 694.024 3470.244 17:31:34
5.072 543.439 2753.171 17:31:35
4.984 697.829 3485.366 17:31:36
5.072 537.244 2735.610 17:31:37
5.072 539.537 2735.122 17:31:38
5.012 697.829 3489.268 17:31:39
5.040 562.951 2870.244 17:31:40
5.068 539.659 2740.488 17:31:41
5.016 694.244 3527.805 17:31:42
5.068 526.439 2740.000 17:31:43
5.072 539.049 2745.366 17:31:44
5.016 694.634 3481.463 17:31:45
5.056 603.537 2889.268 17:31:46
5.072 539.244 2740.488 17:31:47
5.064 568.146 2867.805 17:31:48
5.064 533.659 2811.707 17:31:49
5.080 781.317 2547.805 17:31:51
5.024 655.244 3237.073 17:31:52
5.080 512.049 2594.146 17:31:53
