5.004 730.439 3619.024 17:35:18
5.016 687.732 3464.878 17:35:19
5.056 584.049 2877.073 17:35:20
5.024 690.829 3478.049 17:35:21
5.064 540.244 2795.610 17:35:22
5.072 540.244 2736.585 17:35:23
5.016 686.341 3378.537 17:35:24
5.072 540.439 2719.024 17:35:25
5.068 539.439 2736.585 17:35:26
5.072 540.439 2738.049 17:35:27
5.064 554.756 2682.927 17:35:28
5.072 540.439 2738.049 17:35:29
5.064 540.341 2745.366 17:35:30
5.060 578.537 2953.171 17:35:31
5.068 541.146 2737.561 17:35:32
5.012 692.439 3525.366 17:35:33
5.072 543.951 2730.244 17:35:34
5.072 539.951 2733.171 17:35:35
5.020 690.732 3366.341 17:35:36
5.072 538.854 2731.220 17:35:37
