5.016 665.244 3416.585 17:22:59
5.016 692.024 3437.561 17:23:00
5.068 541.756 2728.780 17:23:01
5.072 538.951 3015.610 17:23:02
5.068 538.659 2731.220 17:23:03
5.100 455.146 2320.976 17:23:04
5.068 536.756 2729.268 17:23:05
5.068 537.756 2735.610 17:23:06
5.072 538.244 2716.585 17:23:07
5.016 699.732 3491.220 17:23:08
5.068 538.439 2724.390 17:23:09
5.084 501.854 2544.878 17:23:10
5.072 537.561 2721.463 17:23:11
5.072 582.341 2743.902 17:23:12
5.052 547.854 2778.049 17:23:13
5.072 536.244 2720.000 17:23:14
5.016 700.829 3471.220 17:23:15
5.104 452.756 2309.756 17:23:16
5.056 559.049 2939.512 17:23:17
5.068 538.537 2724.390 17:23:18
