5.020 682.732 3348.780 17:28:33
5.016 659.244 3349.756 17:28:34
5.068 537.756 2731.707 17:28:35
5.068 537.244 2723.902 17:28:36
5.068 539.756 2732.683 17:28:37
5.068 540.049 2722.927 17:28:38
5.008 657.634 3448.780 17:28:39
5.044 658.732 2807.805 17:28:40
5.072 538.854 2736.585 17:28:41
5.056 679.829 3511.220 17:28:42
5.076 556.341 2806.829 17:28:43
5.072 539.659 2731.707 17:28:44
5.068 539.951 2735.610 17:28:45
5.072 536.439 2725.366 17:28:46
5.072 539.756 2735.610 17:28:47
5.068 539.756 2737.561 17:28:48
5.056 585.146 2924.390 17:28:49
5.068 544.146 2759.024 17:28:50
5.000 729.122 3332.683 17:28:51
5.072 539.146 2730.244 17:28:52
