5.024 667.829 3402.439 17:20:27
5.028 679.634 3443.902 17:20:28
5.076 556.049 2741.463 17:20:29
5.012 684.537 3434.146 17:20:30
5.072 538.537 2740.488 17:20:31
5.072 537.854 2730.244 17:20:32
5.072 539.341 2727.805 17:20:33
5.068 543.244 2722.927 17:20:34
5.072 535.756 2729.268 17:20:35
5.072 538.244 2727.805 17:20:36
5.048 608.854 2859.024 17:20:37
5.100 453.366 2315.610 17:20:38
5.072 538.244 2724.390 17:20:39
5.068 538.146 2728.780 17:20:40
5.064 556.951 2813.171 17:20:41
5.072 538.146 2740.000 17:20:42
5.072 535.244 2711.707 17:20:43
5.080 509.561 2587.805 17:20:44
5.060 569.537 2835.122 17:20:45
