5.012 658.732 3307.317 17:17:55
5.016 692.341 3466.829 17:17:56
5.072 535.146 2717.561 17:17:57
5.052 635.829 3105.854 17:17:58
5.092 483.951 2463.902 17:17:59
5.072 537.854 2731.220 17:18:00
5.076 537.146 2723.902 17:18:01
5.068 534.659 2716.585 17:18:02
5.068 537.756 2748.780 17:18:03
5.072 534.659 2711.707 17:18:04
5.096 454.659 2520.000 17:18:05
5.072 535.244 2711.220 17:18:06
5.072 543.244 2711.707 17:18:07
5.016 695.927 3460.488 17:18:08
5.060 571.439 2884.390 17:18:09
5.072 535.244 2712.683 17:18:10
5.072 535.561 2712.683 17:18:11
5.072 537.146 2713.171 17:18:12
5.072 540.537 2726.829 17:18:13
