5.024 670.829 3382.439 17:18:59
5.016 666.634 3335.122 17:19:00
5.072 538.439 2727.805 17:19:01
5.060 564.756 2854.146 17:19:02
5.072 535.341 2714.146 17:19:03
5.088 490.244 2492.683 17:19:04
5.012 699.024 3444.878 17:19:05
5.056 587.244 2868.293 17:19:06
5.072 540.439 2722.927 17:19:07
5.072 537.854 2737.561 17:19:08
5.072 534.951 2715.122 17:19:09
5.068 538.244 2732.683 17:19:10
5.068 535.244 2712.683 17:19:11
5.072 534.659 2711.707 17:19:12
5.072 536.341 2740.000 17:19:13
5.068 535.049 2716.585 17:19:14
5.056 572.951 2896.585 17:19:15
5.104 453.659 2314.634 17:19:16
5.072 535.146 2711.707 17:19:17
5.072 537.439 2725.366 17:19:18
