5.024 671.341 3376.098 17:33:03
5.020 677.537 3478.049 17:33:04
5.060 573.439 2794.146 17:33:05
5.056 567.756 2842.927 17:33:06
5.068 537.951 2724.390 17:33:07
5.068 538.244 2726.829 17:33:08
5.068 537.854 3040.976 17:33:09
5.072 539.244 2722.927 17:33:10
5.072 537.854 2764.390 17:33:11
5.028 689.634 3522.439 17:33:12
5.068 514.951 2599.024 17:33:13
5.004 715.024 3617.561 17:33:14
5.068 540.341 2723.902 17:33:15
5.072 539.854 2735.610 17:33:16
5.064 575.341 2889.268 17:33:17
5.060 560.659 2893.171 17:33:18
5.084 501.854 2548.780 17:33:19
5.072 537.756 2722.927 17:33:20
5.072 541.854 2733.171 17:33:21
5.068 540.049 2737.561 17:33:22
5.072 550.756 2833.171 17:33:23
