5.016 690.732 3376.585 17:46:47
5.016 683.146 3413.659 17:46:48
5.068 542.854 2746.341 17:46:49
5.076 539.146 2862.927 17:46:50
5.084 564.756 2549.756 17:46:51
5.004 709.341 3611.707 17:46:52
5.072 538.341 2723.902 17:46:53
5.072 540.854 2730.244 17:46:54
5.056 566.756 2922.927 17:46:55
5.072 541.244 2743.902 17:46:56
5.072 549.537 2730.244 17:46:57
5.012 687.146 3506.341 17:46:58
5.068 541.854 2743.902 17:46:59
5.072 539.049 2733.171 17:47:00
5.060 577.146 2866.829 17:47:01
5.080 503.854 2576.585 17:47:02
5.072 539.049 2730.244 17:47:03
5.072 541.049 2741.463 17:47:04
5.068 541.854 2755.610 17:47:05
5.068 539.049 2726.829 17:47:06
5.068 540.537 2739.024 17:47:07
