5.024 662.049 3330.244 17:36:25
5.016 692.537 3472.683 17:36:26
5.072 542.341 2733.171 17:36:27
5.012 696.122 3472.683 17:36:28
5.068 544.854 2753.171 17:36:29
5.072 541.756 2741.951 17:36:30
5.036 739.122 2823.902 17:36:31
5.024 588.756 2988.293 17:36:32
5.056 576.537 2906.829 17:36:33
5.068 537.951 2745.366 17:36:34
5.068 540.341 2753.171 17:36:35
5.072 539.756 2735.610 17:36:36
5.056 578.049 2917.073 17:36:37
5.060 563.439 2831.707 17:36:38
5.072 537.756 2729.268 17:36:39
5.036 579.634 3093.659 17:36:40
5.072 539.146 2735.122 17:36:41
5.072 540.049 2734.146 17:36:42
5.068 540.951 2735.122 17:36:43
5.016 693.732 3500.000 17:36:44
5.072 542.439 2749.268 17:36:45
