5.028 694.829 3463.902 17:21:10
5.020 683.634 3450.244 17:21:11
5.072 538.756 2728.780 17:21:12
5.012 690.927 3462.439 17:21:13
5.072 536.049 2737.561 17:21:14
5.072 538.244 2731.707 17:21:15
5.064 566.951 2876.585 17:21:16
5.040 569.634 2959.512 17:21:17
5.076 536.049 2729.268 17:21:18
5.072 538.439 2731.707 17:21:19
5.072 535.659 2719.024 17:21:20
5.068 538.049 2733.171 17:21:21
5.072 537.561 2729.268 17:21:22
5.044 627.829 2838.049 17:21:23
5.076 535.659 2717.561 17:21:24
5.072 539.146 2726.829 17:21:25
5.020 686.829 3498.049 17:21:26
5.100 454.366 2326.341 17:21:27
5.068 537.561 2724.390 17:21:28
5.072 537.756 2726.829 17:21:29
