5.028 687.732 3455.122 17:17:11
5.012 687.927 3447.805 17:17:12
5.068 538.439 2727.805 17:17:13
5.072 537.146 2721.463 17:17:14
5.072 538.049 2710.244 17:17:15
5.072 537.659 2726.341 17:17:16
5.064 559.146 2840.488 17:17:17
5.072 534.439 2711.220 17:17:18
5.072 537.756 2723.902 17:17:19
5.072 537.756 2726.829 17:17:20
5.072 537.049 2746.829 17:17:21
5.072 536.756 2726.341 17:17:22
5.072 537.244 2720.000 17:17:23
5.072 534.561 2720.488 17:17:24
5.072 537.049 2721.951 17:17:25
5.068 538.341 2791.707 17:17:26
5.072 536.854 2720.488 17:17:27
5.068 516.049 2580.488 17:17:28
5.072 533.854 2705.366 17:17:29
5.072 540.049 3086.829 17:17:30
