5.020 691.732 3349.756 17:29:39
5.012 690.439 3472.683 17:29:40
5.072 540.659 2734.146 17:29:41
5.072 633.951 2733.171 17:29:42
5.072 540.049 2736.585 17:29:43
5.068 539.854 2732.683 17:29:44
5.012 695.927 3483.902 17:29:45
5.068 540.244 2724.390 17:29:46
5.068 540.244 2750.732 17:29:47
5.072 541.049 2736.585 17:29:48
5.084 503.463 2556.585 17:29:49
5.072 542.049 2744.390 17:29:50
5.080 551.756 3000.488 17:29:51
5.080 512.146 2600.000 17:29:52
5.052 679.341 3460.000 17:29:53
5.012 695.829 3526.829 17:29:54
5.068 538.951 2722.927 17:29:55
5.012 696.829 3491.220 17:29:56
5.068 539.439 2730.244 17:29:57
5.072 539.439 2734.146 17:29:58
5.072 540.049 2754.146 17:29:59
