5.028 663.927 3412.683 17:44:26
4.996 732.829 3650.244 17:44:27
5.068 549.439 2902.927 17:44:28
5.032 549.146 2771.707 17:44:29
5.064 547.146 2781.951 17:44:30
5.016 698.829 3435.122 17:44:31
5.060 584.829 3008.780 17:44:32
5.060 612.439 2915.122 17:44:33
5.072 541.024 2749.268 17:44:34
5.000 728.049 3810.732 17:44:35
5.084 505.268 2557.073 17:44:36
5.052 626.049 2990.244 17:44:37
5.036 592.829 2874.146 17:44:38
5.068 545.463 2739.512 17:44:39
5.012 694.537 3502.439 17:44:40
5.052 571.659 2879.024 17:44:41
5.056 604.829 3039.024 17:44:42
5.072 546.439 3121.951 17:44:44
5.068 541.366 2741.463 17:44:45
5.068 541.268 2741.463 17:44:46
5.068 540.829 2738.537 17:44:47
