5.024 669.829 3443.902 17:46:00
5.016 698.927 3459.024 17:46:01
5.068 542.439 2755.610 17:46:02
5.060 572.756 2953.171 17:46:03
5.072 552.756 2744.390 17:46:04
5.016 757.439 3460.000 17:46:05
5.048 673.439 2781.951 17:46:06
5.072 539.341 2733.171 17:46:07
5.012 709.024 3476.585 17:46:08
5.072 541.537 3073.171 17:46:09
5.080 500.244 2542.439 17:46:10
5.072 541.756 2741.463 17:46:11
5.056 546.659 2767.805 17:46:12
5.064 561.659 2829.268 17:46:13
5.016 695.122 3531.220 17:46:14
5.044 604.049 3185.854 17:46:15
5.020 596.244 3466.829 17:46:16
5.072 538.951 2790.732 17:46:17
5.068 541.341 2738.049 17:46:18
5.064 544.244 2769.268 17:46:19
5.068 540.756 2741.951 17:46:20
