5.024 672.537 3443.902 17:47:32
5.020 694.537 3460.488 17:47:33
5.072 541.341 2744.390 17:47:34
5.056 538.659 2728.780 17:47:35
5.072 542.049 2742.927 17:47:36
5.016 693.927 3527.805 17:47:37
5.016 694.024 3486.341 17:47:38
5.072 540.756 2740.488 17:47:39
5.032 563.951 2856.585 17:47:40
5.024 637.829 2763.902 17:47:41
5.072 540.854 2730.244 17:47:42
5.060 564.049 2905.366 17:47:43
5.008 691.634 3526.341 17:47:44
5.068 539.049 2731.707 17:47:45
4.984 571.341 3162.439 17:47:46
5.052 585.756 2974.146 17:47:48
5.048 576.244 2905.854 17:47:49
5.068 541.756 2759.024 17:47:50
5.080 502.463 3367.317 17:47:51
5.080 514.244 2607.805 17:47:52
5.072 532.659 2675.122 17:47:53
5.068 538.854 2731.707 17:47:54
