5.020 714.829 3489.268 17:18:16
5.028 663.049 3435.122 17:18:17
5.072 538.439 2746.829 17:18:18
5.020 693.537 3469.268 17:18:19
5.060 573.537 2899.024 17:18:20
5.104 453.146 2303.415 17:18:21
5.028 687.927 3493.659 17:18:22
5.048 650.049 2908.293 17:18:23
5.068 534.659 2713.171 17:18:24
5.076 535.146 2713.171 17:18:25
5.072 535.341 2710.244 17:18:26
5.100 456.463 2313.171 17:18:27
5.076 536.756 2711.707 17:18:28
5.072 535.756 2728.780 17:18:29
5.072 534.756 2723.902 17:18:30
5.056 572.537 2896.585 17:18:31
5.076 538.756 2724.390 17:18:32
5.084 505.756 2551.707 17:18:33
5.072 537.756 2726.829 17:18:34
5.072 538.537 2735.610 17:18:35
