5.016 677.146 3393.659 17:31:56
5.016 691.537 3502.439 17:31:57
5.068 538.854 2739.024 17:31:58
5.032 584.537 2864.390 17:31:59
5.072 540.244 2738.049 17:32:00
5.068 541.951 2746.829 17:32:01
5.000 699.439 3578.049 17:32:02
5.068 539.146 2740.488 17:32:03
5.072 540.659 2747.805 17:32:04
5.056 578.756 3333.659 17:32:05
5.076 502.659 2547.805 17:32:06
5.072 537.049 2751.707 17:32:07
5.072 540.439 2755.122 17:32:08
5.060 570.146 2850.244 17:32:09
5.052 566.854 2876.585 17:32:10
5.068 537.561 2732.683 17:32:11
4.988 550.537 3088.293 17:32:12
5.072 540.659 2739.024 17:32:13
5.016 674.829 3466.341 17:32:14
5.072 538.756 2730.244 17:32:15
