5.016 679.244 3416.585 17:22:15
5.016 654.537 3341.463 17:22:16
5.068 540.659 2730.244 17:22:17
5.012 702.024 3522.439 17:22:18
5.072 535.244 2717.561 17:22:19
5.100 454.659 2321.951 17:22:20
5.016 703.634 3942.439 17:22:21
5.068 551.146 3170.732 17:22:22
5.072 537.439 2715.122 17:22:24
5.072 538.537 2742.927 17:22:25
5.048 672.732 2755.610 17:22:26
5.080 501.244 2541.463 17:22:27
5.072 538.146 2720.000 17:22:28
5.068 539.049 2727.805 17:22:29
5.068 538.439 2725.366 17:22:30
5.072 539.854 3296.098 17:22:31
5.072 535.854 2713.171 17:22:32
5.104 453.268 2300.976 17:22:33
5.020 679.927 3400.976 17:22:34
5.072 536.756 2720.000 17:22:35
