5.028 669.341 3331.220 17:39:27
5.016 692.537 3451.220 17:39:28
5.072 541.146 2740.000 17:39:29
5.012 690.537 3534.146 17:39:30
5.068 540.146 2740.000 17:39:31
5.068 538.951 2723.902 17:39:32
5.064 545.537 2762.927 17:39:33
5.068 541.244 2738.049 17:39:34
5.020 686.341 2738.049 17:39:35
5.020 582.146 2839.024 17:39:36
5.072 545.049 2750.244 17:39:37
5.072 538.341 2736.585 17:39:38
5.008 702.439 3940.000 17:39:39
5.072 540.659 2741.463 17:39:40
5.008 702.122 3514.146 17:39:41
5.028 686.829 3525.366 17:39:42
5.068 538.244 2739.024 17:39:43
5.068 551.659 2737.561 17:39:44
5.024 672.634 3421.463 17:39:45
5.072 549.049 2735.610 17:39:46
5.100 455.854 2323.415 17:39:47
