5.020 649.927 3391.707 17:15:02
5.016 658.049 3332.195 17:15:03
5.072 537.341 2725.366 17:15:04
5.064 555.756 2830.732 17:15:05
5.072 538.439 2720.488 17:15:06
5.100 455.756 2305.854 17:15:07
5.084 499.659 2577.561 17:15:08
5.068 533.341 2708.780 17:15:09
5.072 536.146 2713.171 17:15:10
5.072 535.146 2716.585 17:15:11
5.072 535.561 2731.707 17:15:12
5.072 542.659 2714.146 17:15:13
5.056 547.146 2890.732 17:15:14
5.072 551.049 2718.049 17:15:15
5.072 536.854 2718.049 17:15:16
5.072 536.341 2715.122 17:15:17
5.068 536.341 2721.951 17:15:18
5.088 533.756 2771.707 17:15:19
5.068 539.659 2730.244 17:15:20
5.072 536.561 2721.951 17:15:21
