5.016 695.024 3350.244 17:37:56
5.024 695.439 3452.683 17:37:57
5.068 540.049 2731.707 17:37:58
5.012 703.244 3500.000 17:37:59
5.068 538.146 2726.829 17:38:00
5.064 545.659 2745.366 17:38:01
5.020 704.024 3489.268 17:38:02
5.068 538.244 2723.902 17:38:03
5.012 697.537 3415.122 17:38:04
5.072 539.951 2726.829 17:38:05
5.080 502.756 2549.756 17:38:06
5.012 697.244 3491.707 17:38:07
5.072 538.244 2740.000 17:38:08
5.052 588.049 2966.829 17:38:09
5.000 696.927 3665.854 17:38:10
5.068 541.439 2743.902 17:38:11
5.060 562.049 2966.829 17:38:12
5.012 704.439 3840.976 17:38:13
5.008 699.927 3603.902 17:38:14
5.068 543.146 2778.049 17:38:15
5.072 537.951 2720.488 17:38:16
5.104 454.268 2326.341 17:38:17
