5.012 667.634 3390.244 17:41:44
5.012 688.244 3467.805 17:41:45
5.052 597.854 2903.415 17:41:46
5.008 721.341 3451.707 17:41:47
5.068 541.049 2744.390 17:41:48
5.068 543.854 2732.683 17:41:49
5.024 702.439 2838.049 17:41:50
5.068 582.756 3009.756 17:41:51
5.060 567.634 2753.171 17:41:52
5.024 663.341 3445.366 17:41:53
5.076 545.854 2738.049 17:41:54
5.072 540.756 2741.463 17:41:55
5.048 673.341 3542.439 17:41:56
4.996 757.439 3989.756 17:41:57
5.012 681.024 2792.683 17:41:58
5.012 679.927 3798.049 17:41:59
5.012 705.634 3545.366 17:42:00
5.072 565.756 2894.146 17:42:01
5.020 678.341 3447.805 17:42:02
5.068 537.146 2721.463 17:42:03
5.100 464.463 2367.317 17:42:04
5.100 472.244 2347.317 17:42:05
