5.024 677.024 3396.098 17:33:48
5.016 688.634 3434.146 17:33:49
5.068 538.146 2727.805 17:33:50
5.056 501.951 2547.805 17:33:51
5.076 512.439 2602.927 17:33:52
5.060 533.659 2465.854 17:33:53
5.052 584.854 2905.854 17:33:54
5.072 542.146 2737.561 17:33:55
5.068 579.854 2928.293 17:33:56
5.068 540.146 2737.561 17:33:57
5.068 537.561 2728.780 17:33:58
5.072 540.146 2738.049 17:33:59
5.068 539.951 2738.049 17:34:00
5.068 542.244 2739.024 17:34:01
5.072 538.659 2727.805 17:34:02
5.072 540.146 2756.585 17:34:03
5.072 537.341 2723.902 17:34:04
5.012 582.951 2865.854 17:34:05
5.068 540.659 2737.561 17:34:06
5.068 539.854 2736.585 17:34:07
5.072 536.951 2721.463 17:34:08
