5.028 692.024 3401.463 17:45:13
5.012 692.634 3476.585 17:45:14
5.064 553.659 2791.707 17:45:15
5.004 705.829 3485.366 17:45:16
5.068 540.659 2731.220 17:45:17
5.004 727.220 3601.951 17:45:18
5.068 583.634 2788.293 17:45:19
5.048 570.634 2785.366 17:45:20
5.052 586.146 2945.854 17:45:21
5.068 579.951 2806.829 17:45:22
5.064 541.341 2756.585 17:45:23
5.040 603.341 2968.293 17:45:24
5.052 572.146 2926.829 17:45:25
5.052 573.854 3481.463 17:45:26
5.068 544.756 2725.366 17:45:27
5.016 695.244 3645.366 17:45:28
5.008 744.220 3511.220 17:45:29
5.048 565.341 3259.512 17:45:30
5.068 538.439 2726.341 17:45:31
5.020 678.024 3422.439 17:45:32
5.072 539.146 2730.244 17:45:33
