5.024 664.732 3307.317 17:30:02
5.016 727.634 3646.341 17:30:03
5.068 547.537 2780.488 17:30:04
5.012 707.537 3346.341 17:30:05
5.072 539.951 2741.463 17:30:06
5.072 539.756 2730.244 17:30:07
5.072 537.341 2724.390 17:30:08
5.072 549.951 2731.220 17:30:09
5.072 540.244 2726.341 17:30:10
5.012 701.927 3492.683 17:30:11
5.084 506.659 2532.683 17:30:12
5.072 541.537 2737.561 17:30:13
5.056 573.951 2896.585 17:30:14
5.060 564.439 3015.610 17:30:15
5.072 539.756 2736.585 17:30:16
5.068 537.561 2726.829 17:30:17
5.072 580.756 2613.659 17:30:18
5.068 539.659 2720.488 17:30:19
5.012 709.024 3463.902 17:30:20
5.068 539.756 2735.610 17:30:21
