5.016 674.146 3381.463 17:38:42
5.016 684.439 3376.585 17:38:43
5.068 545.341 2757.561 17:38:44
5.072 539.537 2726.341 17:38:45
5.072 539.756 2747.805 17:38:46
5.056 636.951 2954.146 17:38:47
5.012 676.341 3495.122 17:38:48
5.020 569.537 2893.171 17:38:49
5.056 564.049 2897.073 17:38:50
5.032 712.537 2552.683 17:38:51
5.080 513.341 2602.927 17:38:52
4.984 697.829 3472.683 17:38:53
5.072 538.439 2735.122 17:38:54
5.068 540.951 2739.024 17:38:55
4.992 571.244 3543.902 17:38:56
5.064 610.049 2781.951 17:38:57
5.072 537.951 2726.829 17:38:58
5.012 688.634 3512.683 17:38:59
5.072 537.659 2721.951 17:39:00
5.020 680.146 3408.780 17:39:01
5.068 546.659 2745.366 17:39:02
