5.008 706.122 3623.902 17:40:59
5.024 696.537 3420.488 17:41:00
5.072 542.049 2747.805 17:41:01
4.976 705.732 3450.244 17:41:02
5.068 541.341 2724.390 17:41:03
5.000 696.634 3475.122 17:41:04
5.056 594.537 2729.268 17:41:05
5.072 556.146 2857.073 17:41:06
5.012 698.122 3491.220 17:41:07
5.060 569.756 2870.732 17:41:08
5.068 538.756 2754.146 17:41:09
5.044 609.146 3220.976 17:41:10
5.072 538.537 2748.780 17:41:11
5.068 546.146 2767.805 17:41:12
5.012 695.732 3424.878 17:41:13
4.996 698.829 3475.122 17:41:14
5.056 573.439 2839.512 17:41:15
5.012 731.024 3600.488 17:41:16
5.068 544.341 2758.049 17:41:17
5.072 544.537 2755.610 17:41:18
5.080 500.854 2542.927 17:41:19
