5.016 681.439 3422.439 17:50:40
5.016 687.146 3351.220 17:50:41
5.068 541.244 2745.366 17:50:42
5.068 539.049 2731.707 17:50:43
5.068 542.537 2742.927 17:50:44
5.092 481.951 2426.341 17:50:45
5.008 697.537 3452.683 17:50:46
5.028 568.537 3164.878 17:50:47
5.060 586.049 2865.366 17:50:48
5.072 547.951 2752.683 17:50:49
5.012 741.537 3730.732 17:50:50
5.024 656.927 3331.220 17:50:51
5.056 592.439 2879.512 17:50:52
5.068 576.854 2877.073 17:50:53
5.012 679.341 3483.902 17:50:54
5.036 575.439 3049.756 17:50:55
5.012 698.122 3500.488 17:50:56
5.004 719.829 3581.463 17:50:57
4.980 578.951 2885.366 17:50:58
5.072 541.951 2746.341 17:50:59
5.068 541.439 2743.902 17:51:00
5.080 502.561 2573.659 17:51:01
5.064 540.537 2739.024 17:51:02
5.072 538.659 2727.805 17:51:03
