5.024 664.537 3388.780 17:25:34
5.016 699.244 3457.561 17:25:35
5.072 540.146 2729.268 17:25:36
5.056 572.537 2888.293 17:25:37
5.072 538.854 2732.683 17:25:38
5.072 541.756 2731.707 17:25:39
4.992 680.829 3496.585 17:25:40
5.068 536.244 2730.244 17:25:41
5.072 536.854 2721.951 17:25:42
5.016 695.829 3527.805 17:25:43
5.084 503.854 2551.220 17:25:44
5.072 538.341 2725.366 17:25:45
5.072 571.854 2895.610 17:25:46
5.056 567.244 2823.902 17:25:47
5.056 571.634 2893.171 17:25:48
5.072 536.244 2720.488 17:25:49
5.108 429.659 2176.098 17:25:50
5.076 512.244 2597.561 17:25:51
5.036 626.341 3172.195 17:25:52
5.072 538.951 2766.829 17:25:53
5.068 538.537 2729.268 17:25:54
