5.024 332.488 1656.829 14:14:36
5.060 159.793 808.049 14:14:37
5.060 151.390 766.098 14:14:38
5.052 179.793 891.220 14:14:39
5.060 156.000 744.390 14:14:40
5.060 145.195 780.732 14:14:41
5.064 145.098 733.659 14:14:42
5.064 146.195 731.707 14:14:43
5.060 147.195 767.317 14:14:44
5.064 148.793 749.756 14:14:45
5.060 151.598 764.146 14:14:46
5.064 144.695 735.366 14:14:47
5.056 190.598 1022.683 14:14:48
5.036 192.098 1077.073 14:14:49
5.060 143.890 732.195 14:14:50
5.060 147.195 739.756 14:14:51
5.060 143.793 731.707 14:14:52
5.060 144.500 819.512 14:14:53
5.060 145.500 731.220 14:14:54
5.060 144.793 731.220 14:14:55
5.060 144.500 734.146 14:14:56
5.060 145.598 740.000 14:14:57
5.060 145.695 730.488 14:14:58
5.060 144.890 733.659 14:14:59
5.060 144.695 734.878 14:15:00
5.060 145.098 730.488 14:15:01
5.060 144.695 735.610 14:15:02
5.064 143.890 732.195 14:15:04
5.060 148.293 751.220 14:15:05
5.060 146.098 739.268 14:15:06
