5.028 333.390 1676.341 14:25:13
5.056 159.195 804.878 14:25:14
5.064 148.390 736.829 14:25:15
5.056 177.695 892.683 14:25:16
5.060 147.293 744.146 14:25:17
5.060 144.890 733.415 14:25:18
5.064 144.890 733.659 14:25:19
5.060 149.598 754.878 14:25:20
5.060 150.793 761.707 14:25:21
5.064 149.293 754.390 14:25:22
5.060 151.695 811.951 14:25:23
5.060 150.390 758.537 14:25:24
5.036 164.293 914.390 14:25:25
5.060 161.500 1656.341 14:25:27
5.064 145.598 733.415 14:25:28
5.060 146.000 741.220 14:25:29
5.060 145.195 736.098 14:25:30
5.060 147.598 744.878 14:25:31
5.060 145.000 738.049 14:25:32
5.064 154.293 745.366 14:25:33
5.060 145.500 741.220 14:25:34
5.060 144.890 742.195 14:25:35
5.060 144.695 737.317 14:25:36
5.060 147.293 744.878 14:25:37
5.060 145.598 736.098 14:25:38
5.028 270.390 1146.829 14:25:39
