5.024 331.988 1668.049 14:43:55
5.056 162.000 820.488 14:43:56
5.052 185.598 937.561 14:43:57
5.052 197.293 1116.098 14:43:58
5.048 151.500 1100.244 14:43:59
5.056 220.293 1340.244 14:44:00
5.052 254.085 1049.756 14:44:01
5.052 185.598 1049.024 14:44:02
5.048 195.695 1062.927 14:44:03
5.060 151.793 764.390 14:44:04
5.052 192.488 978.780 14:44:05
5.032 259.085 1109.024 14:44:06
5.052 193.195 1032.927 14:44:07
5.048 199.793 1096.829 14:44:08
5.040 158.598 747.561 14:44:09
5.060 147.000 742.927 14:44:10
5.060 146.598 739.268 14:44:11
5.056 149.890 759.756 14:44:12
5.060 145.793 736.098 14:44:13
5.060 201.488 1081.707 14:44:14
5.060 145.390 737.805 14:44:15
5.060 147.793 747.561 14:44:16
5.060 146.000 740.976 14:44:17
5.060 147.098 744.390 14:44:18
5.060 145.390 735.610 14:44:19
5.064 145.293 737.805 14:44:20
5.060 145.598 734.878 14:44:21
5.060 175.195 816.098 14:44:22
