5.020 366.793 1829.756 14:12:10
5.060 158.390 801.707 14:12:11
5.060 145.293 734.878 14:12:12
5.060 144.890 733.659 14:12:13
5.060 162.000 968.780 14:12:14
5.060 146.098 736.829 14:12:16
5.060 146.500 741.707 14:12:17
5.060 144.390 730.488 14:12:18
5.060 145.390 731.220 14:12:19
5.056 148.098 750.488 14:12:20
5.060 147.293 744.878 14:12:21
5.060 145.390 730.000 14:12:22
5.060 144.293 733.415 14:12:23
5.060 156.793 739.268 14:12:24
5.060 145.598 730.488 14:12:25
5.060 143.793 734.146 14:12:26
5.044 147.293 1174.878 14:12:27
5.060 144.500 734.146 14:12:28
5.060 144.793 731.220 14:12:29
5.060 171.195 746.829 14:12:30
5.060 144.890 731.220 14:12:31
5.064 144.695 727.805 14:12:32
5.060 158.098 804.146 14:12:33
5.060 146.890 743.171 14:12:34
5.060 144.500 733.415 14:12:35
5.060 145.390 731.220 14:12:36
5.060 147.000 730.976 14:12:37
5.064 145.195 734.146 14:12:38
5.060 144.793 731.707 14:12:39
5.044 225.488 1136.829 14:12:40
