5.024 329.585 1656.098 14:33:14
5.060 159.195 806.829 14:33:15
5.060 164.000 749.756 14:33:16
5.060 145.195 764.146 14:33:17
5.056 150.598 766.829 14:33:18
5.060 150.500 765.610 14:33:19
5.052 200.390 919.024 14:33:20
5.052 185.488 961.463 14:33:21
5.060 145.098 734.146 14:33:22
5.060 151.000 764.878 14:33:23
5.060 146.293 756.585 14:33:24
5.060 161.000 1215.610 14:33:25
5.060 147.000 785.366 14:33:26
5.060 199.390 986.585 14:33:27
5.060 145.098 733.659 14:33:28
5.060 147.195 745.610 14:33:29
5.060 145.098 731.220 14:33:30
5.056 159.890 746.829 14:33:31
5.060 145.793 735.366 14:33:32
5.060 169.098 748.780 14:33:33
5.064 145.695 737.805 14:33:34
5.060 163.195 745.610 14:33:35
5.060 145.195 734.146 14:33:36
5.060 204.488 1088.049 14:33:37
5.060 151.500 771.220 14:33:38
5.048 183.390 908.780 14:33:39
5.052 183.695 932.683 14:33:40
5.060 145.598 733.415 14:33:41
5.060 147.598 742.927 14:33:42
5.060 146.793 743.171 14:33:43
5.056 148.793 756.585 14:33:44
4.992 198.976 1014.146 14:33:45
5.060 144.976 734.634 14:33:46
