5.028 334.988 1693.171 14:52:54
5.056 159.598 807.561 14:52:55
5.060 152.000 766.585 14:52:56
5.060 151.695 769.756 14:52:57
5.052 192.793 1242.927 14:52:58
5.056 269.793 1172.439 14:52:59
5.048 196.488 1087.317 14:53:00
5.040 224.098 1136.585 14:53:01
5.048 317.683 1016.341 14:53:02
5.052 217.195 1284.390 14:53:03
5.056 194.195 879.512 14:53:04
5.056 152.890 1070.488 14:53:05
5.060 151.000 747.317 14:53:06
5.060 147.695 751.220 14:53:07
5.060 145.695 740.976 14:53:08
5.060 152.098 768.780 14:53:09
5.060 146.598 735.366 14:53:10
5.048 235.488 1253.659 14:53:11
5.060 146.000 745.610 14:53:12
5.060 149.293 871.951 14:53:13
5.064 146.195 737.805 14:53:14
5.064 159.695 862.683 14:53:15
5.056 150.390 760.976 14:53:16
5.060 212.793 764.878 14:53:17
5.060 149.598 756.829 14:53:18
5.060 145.793 735.610 14:53:19
5.060 147.000 736.829 14:53:20
5.048 212.195 1005.854 14:53:22
5.052 147.890 742.927 14:53:23
