5.024 333.085 1671.951 14:27:11
5.056 176.098 821.951 14:27:12
5.060 147.500 746.585 14:27:13
5.060 145.890 736.829 14:27:14
5.056 228.988 987.073 14:27:15
5.060 145.890 731.220 14:27:16
5.060 149.598 756.585 14:27:17
5.060 149.195 755.366 14:27:18
5.048 222.195 1133.659 14:27:19
5.048 220.598 1399.756 14:27:20
5.056 178.098 1126.098 14:27:21
5.056 186.293 1479.268 14:27:22
5.044 263.488 1156.585 14:27:23
5.048 146.695 840.732 14:27:24
5.056 146.890 749.268 14:27:25
5.060 150.293 784.878 14:27:26
5.060 145.793 733.659 14:27:27
5.044 146.598 747.561 14:27:28
5.060 146.390 735.366 14:27:29
5.060 147.500 745.366 14:27:30
5.060 146.000 740.976 14:27:31
5.060 147.390 740.000 14:27:32
5.060 144.890 738.049 14:27:33
5.060 197.793 997.805 14:27:34
5.064 145.793 736.098 14:27:35
5.060 147.293 742.927 14:27:36
5.060 144.890 737.317 14:27:37
5.060 145.195 733.659 14:27:38
5.056 147.098 738.537 14:27:39
5.056 160.390 812.927 14:27:40
