5.024 335.988 1668.780 14:30:44
5.060 159.195 805.610 14:30:45
5.056 165.195 817.317 14:30:46
5.060 145.098 734.878 14:30:47
5.060 150.793 764.878 14:30:48
5.060 149.195 760.976 14:30:49
5.052 175.890 1162.195 14:30:50
5.036 211.195 1296.341 14:30:51
5.052 237.598 811.220 14:30:52
5.060 149.598 756.585 14:30:53
5.048 236.195 746.585 14:30:54
5.052 190.598 890.244 14:30:55
5.060 145.890 741.220 14:30:56
5.060 148.000 748.780 14:30:57
5.064 144.793 735.366 14:30:58
5.060 145.293 736.098 14:30:59
5.060 144.390 735.366 14:31:00
5.052 238.793 1035.854 14:31:01
5.060 144.890 734.878 14:31:02
5.060 147.890 742.927 14:31:03
5.060 145.598 734.878 14:31:04
5.060 147.500 746.098 14:31:05
5.060 145.695 731.220 14:31:06
5.060 203.793 746.585 14:31:07
5.064 144.695 737.317 14:31:08
5.056 159.390 804.390 14:31:09
5.060 145.793 737.805 14:31:10
