5.020 335.585 1686.098 14:29:14
5.060 159.293 805.122 14:29:15
5.048 153.695 777.561 14:29:16
5.060 146.695 739.268 14:29:17
5.060 145.293 734.146 14:29:18
5.060 149.195 760.488 14:29:19
5.060 152.695 763.659 14:29:20
5.052 183.098 930.000 14:29:21
5.052 189.390 1067.073 14:29:23
5.056 152.098 769.268 14:29:24
5.060 147.195 1134.878 14:29:25
5.060 146.695 752.195 14:29:26
5.060 147.293 746.585 14:29:27
5.060 146.000 733.659 14:29:28
5.060 145.500 737.805 14:29:29
5.048 159.000 940.244 14:29:30
5.060 147.598 736.098 14:29:31
5.056 148.293 749.756 14:29:32
5.060 145.098 734.146 14:29:33
5.060 151.195 760.976 14:29:34
5.056 151.000 764.878 14:29:35
5.040 310.683 1547.805 14:29:36
5.064 144.098 1043.415 14:29:37
5.060 146.598 734.146 14:29:38
5.060 145.390 733.659 14:29:39
5.064 145.793 742.927 14:29:40
5.056 161.598 814.878 14:29:41
