5.028 333.683 1661.951 14:19:27
5.056 159.195 805.610 14:19:28
5.060 145.598 734.146 14:19:29
5.056 145.598 738.049 14:19:30
5.064 145.695 742.439 14:19:31
5.064 145.000 735.366 14:19:32
5.060 146.195 740.000 14:19:33
5.060 149.098 752.439 14:19:34
5.060 145.500 761.707 14:19:35
5.056 150.098 762.927 14:19:36
5.052 202.988 899.024 14:19:37
5.056 175.195 995.122 14:19:38
5.060 144.695 738.049 14:19:39
5.060 147.000 747.317 14:19:40
5.060 144.695 734.146 14:19:41
5.048 147.000 740.000 14:19:42
5.060 145.598 732.195 14:19:43
5.064 147.390 744.390 14:19:44
5.060 145.793 739.756 14:19:45
5.060 146.598 743.171 14:19:46
5.060 145.293 729.756 14:19:47
5.060 147.098 741.220 14:19:48
5.060 145.098 735.366 14:19:49
5.056 145.695 736.098 14:19:50
5.060 145.098 738.049 14:19:51
5.060 158.695 802.927 14:19:52
5.064 144.793 732.439 14:19:53
