5.024 352.183 1684.390 14:20:52
5.056 161.793 818.049 14:20:53
5.060 147.695 744.878 14:20:54
5.060 144.890 735.366 14:20:55
5.060 224.293 943.902 14:20:56
5.060 144.890 737.317 14:20:57
5.056 170.988 742.439 14:20:58
5.060 149.390 756.098 14:20:59
5.052 150.598 763.659 14:21:00
5.056 181.293 1055.366 14:21:01
5.052 178.695 1337.805 14:21:02
5.060 149.793 752.195 14:21:03
5.060 181.695 760.000 14:21:04
5.060 148.695 756.098 14:21:05
5.060 150.293 764.146 14:21:06
5.056 148.293 750.488 14:21:07
5.036 166.293 761.707 14:21:08
5.060 145.598 744.878 14:21:09
5.060 145.500 732.439 14:21:10
5.060 146.500 743.659 14:21:11
5.064 144.195 736.098 14:21:12
5.060 144.890 736.098 14:21:13
5.060 146.500 737.317 14:21:14
5.052 147.293 748.537 14:21:15
5.060 144.695 733.415 14:21:16
5.044 226.390 1140.488 14:21:17
