5.024 338.585 1699.512 14:56:50
5.056 159.500 808.049 14:56:51
5.032 189.390 953.902 14:56:52
5.036 257.585 1627.561 14:56:53
5.052 297.585 925.610 14:56:54
5.024 233.890 1350.732 14:56:55
5.056 240.890 1208.537 14:56:56
5.052 284.195 1170.976 14:56:57
5.060 146.598 735.610 14:56:58
5.048 151.793 770.000 14:56:59
5.060 150.000 742.927 14:57:00
5.060 166.098 770.000 14:57:01
5.060 147.598 787.561 14:57:02
5.056 150.793 766.585 14:57:03
5.060 149.293 753.171 14:57:04
5.044 151.695 1240.488 14:57:05
5.060 146.793 738.049 14:57:06
5.060 173.390 867.561 14:57:07
5.060 156.390 769.756 14:57:08
5.056 226.488 1482.683 14:57:09
5.052 146.890 1034.634 14:57:10
5.048 208.293 1164.146 14:57:11
5.052 182.695 970.976 14:57:12
5.064 145.890 738.049 14:57:13
5.060 145.793 1011.707 14:57:15
5.056 145.793 739.756 14:57:16
5.060 149.598 752.439 14:57:17
5.052 150.293 760.488 14:57:18
5.060 145.793 737.805 14:57:19
