5.024 334.793 1666.829 14:38:02
5.060 159.098 805.122 14:38:03
5.060 170.000 858.780 14:38:04
5.060 147.098 748.537 14:38:05
5.060 146.098 739.268 14:38:06
5.060 193.890 778.049 14:38:07
5.060 149.793 754.878 14:38:08
5.060 169.098 763.659 14:38:09
5.060 150.890 767.561 14:38:10
5.052 220.293 1368.780 14:38:11
5.060 160.098 754.146 14:38:12
5.060 151.500 789.756 14:38:14
5.060 146.195 821.707 14:38:15
5.060 181.390 872.439 14:38:16
5.064 217.098 760.976 14:38:17
5.064 211.598 1039.756 14:38:18
5.060 154.293 781.707 14:38:19
5.056 191.890 1137.317 14:38:20
5.048 210.098 1019.024 14:38:21
5.032 147.793 931.463 14:38:22
5.064 147.098 743.171 14:38:23
5.060 145.293 851.220 14:38:24
5.060 145.390 735.366 14:38:25
5.060 145.890 739.268 14:38:26
5.056 204.695 752.927 14:38:27
5.060 149.500 754.146 14:38:28
5.060 147.293 743.659 14:38:29
5.060 148.390 747.561 14:38:30
5.056 151.293 764.878 14:38:31
5.060 150.598 764.878 14:38:32
5.060 146.598 741.220 14:38:33
5.060 176.098 762.927 14:38:34
5.060 152.793 773.171 14:38:35
