5.024 336.293 1785.366 15:00:31
5.060 162.098 819.512 15:00:32
5.052 291.695 1229.268 15:00:33
5.036 253.390 1144.146 15:00:34
5.060 260.890 981.951 15:00:35
5.056 222.293 1132.927 15:00:36
5.024 312.488 1169.268 15:00:37
5.060 238.293 1171.220 15:00:38
5.052 202.195 936.585 15:00:39
5.048 227.890 910.732 15:00:40
5.060 190.293 766.829 15:00:41
5.060 247.695 1098.049 15:00:42
5.060 145.793 740.976 15:00:43
5.060 244.293 1177.317 15:00:44
5.060 145.500 745.366 15:00:45
5.056 216.988 1094.634 15:00:46
5.060 151.500 776.098 15:00:47
5.036 255.293 1392.683 15:00:48
5.052 246.390 1308.293 15:00:49
5.052 229.988 1206.829 15:00:50
5.060 167.000 809.512 15:00:51
5.056 152.195 1069.024 15:00:52
5.056 151.695 770.000 15:00:53
5.060 150.000 758.537 15:00:54
5.060 155.390 783.171 15:00:55
5.060 145.890 738.537 15:00:56
5.056 161.390 816.829 15:00:57
