5.020 335.085 1683.659 14:17:31
5.056 158.500 802.439 14:17:32
5.064 147.293 911.951 14:17:33
5.060 146.500 741.707 14:17:34
5.056 184.793 865.122 14:17:35
5.048 210.598 1047.073 14:17:36
5.064 202.488 1022.195 14:17:37
5.064 144.695 737.317 14:17:38
5.060 145.098 734.146 14:17:40
5.060 146.390 739.268 14:17:41
5.060 145.293 732.195 14:17:42
5.060 147.000 739.756 14:17:43
5.060 144.793 732.927 14:17:44
5.064 144.293 734.878 14:17:45
5.060 145.500 732.195 14:17:46
5.048 168.500 747.317 14:17:47
5.060 145.293 734.878 14:17:48
5.060 147.098 769.268 14:17:49
5.060 149.000 754.146 14:17:50
5.060 144.695 728.537 14:17:51
5.064 144.695 728.537 14:17:52
5.060 147.000 741.220 14:17:53
5.060 145.793 739.268 14:17:54
5.052 202.293 1012.195 14:17:55
5.064 219.598 1111.220 14:17:56
