5.024 332.988 1672.683 14:18:24
5.060 158.390 800.488 14:18:25
5.056 164.890 1031.707 14:18:26
5.064 144.793 738.780 14:18:27
5.064 145.500 733.415 14:18:28
5.060 145.598 737.805 14:18:29
5.060 145.793 741.220 14:18:30
5.056 221.195 749.268 14:18:31
5.056 149.098 754.878 14:18:32
5.048 220.488 1185.366 14:18:33
5.060 144.890 736.098 14:18:34
5.060 144.793 735.366 14:18:35
5.048 148.390 1016.585 14:18:36
5.060 144.598 735.610 14:18:37
5.052 147.195 744.390 14:18:38
5.060 147.000 739.756 14:18:39
5.064 145.390 731.707 14:18:40
5.064 144.695 734.878 14:18:41
5.060 144.293 732.439 14:18:42
5.060 145.293 737.317 14:18:43
5.060 146.598 738.780 14:18:44
5.060 149.000 747.317 14:18:45
5.060 146.793 746.585 14:18:46
5.060 144.695 734.878 14:18:47
5.064 144.793 729.756 14:18:48
5.056 148.890 749.756 14:18:49
5.060 144.293 736.098 14:18:50
5.060 148.598 750.976 14:18:51
5.060 150.695 759.756 14:18:52
5.060 147.098 740.000 14:18:53
5.048 199.988 968.293 14:18:54
5.060 208.195 1059.756 14:18:55
5.060 200.488 985.366 14:18:56
5.060 148.695 752.439 14:18:57
