5.020 330.988 1662.683 15:01:00
5.056 159.890 804.390 15:01:01
5.044 236.195 1130.976 15:01:02
5.040 261.793 1274.390 15:01:03
5.052 223.695 1405.854 15:01:04
5.056 151.695 767.561 15:01:05
5.056 216.293 1002.927 15:01:06
5.052 222.098 769.268 15:01:07
5.036 272.793 1044.878 15:01:08
5.044 254.293 1091.463 15:01:09
5.052 207.488 920.244 15:01:10
5.048 220.890 746.098 15:01:11
5.060 146.890 735.610 15:01:12
5.060 151.098 1310.000 15:01:13
5.060 146.293 741.707 15:01:14
5.040 220.793 1153.415 15:01:15
5.064 146.695 742.927 15:01:16
5.048 148.000 808.537 15:01:17
5.060 155.195 758.537 15:01:18
5.044 299.695 1124.878 15:01:19
5.056 175.390 916.829 15:01:20
5.048 189.988 1015.854 15:01:21
5.060 229.793 1085.854 15:01:22
5.060 148.000 748.780 15:01:23
5.060 151.390 769.756 15:01:24
5.060 151.293 769.268 15:01:25
5.060 151.195 890.000 15:01:26
5.060 148.293 742.927 15:01:27
5.060 147.793 745.366 15:01:28
5.056 160.000 809.512 15:01:29
