5.028 334.585 1641.220 14:33:49
5.056 159.098 804.390 14:33:50
5.044 147.098 1022.195 14:33:51
5.060 151.695 774.878 14:33:52
5.060 146.890 746.829 14:33:53
5.060 165.695 737.805 14:33:54
5.048 191.390 1015.366 14:33:55
5.064 202.988 744.146 14:33:56
5.048 292.890 1281.220 14:33:57
5.060 148.793 754.146 14:33:58
5.060 147.500 742.927 14:33:59
5.060 212.390 903.902 14:34:00
5.060 154.695 743.659 14:34:01
5.056 190.695 931.220 14:34:02
5.060 145.695 733.659 14:34:03
5.060 146.793 831.220 14:34:04
5.060 146.098 739.268 14:34:05
5.060 147.000 745.366 14:34:06
5.060 145.500 733.415 14:34:07
5.056 147.598 743.171 14:34:08
5.060 145.890 734.146 14:34:09
5.060 173.293 735.366 14:34:10
5.060 145.793 734.878 14:34:11
5.060 146.695 740.976 14:34:12
5.064 149.500 756.098 14:34:13
5.060 146.793 745.610 14:34:14
5.064 145.000 736.829 14:34:15
5.060 144.890 737.805 14:34:16
5.060 145.390 731.707 14:34:17
5.060 151.793 771.220 14:34:18
5.060 146.293 740.000 14:34:19
