5.024 329.988 1683.171 14:22:21
5.056 158.695 802.439 14:22:22
5.052 149.500 760.000 14:22:23
5.060 144.793 733.659 14:22:24
5.052 202.988 801.951 14:22:25
5.060 150.500 1661.220 14:22:26
5.056 176.890 898.049 14:22:27
5.060 147.293 743.659 14:22:28
5.060 145.890 734.878 14:22:29
5.060 147.390 751.220 14:22:30
5.060 146.598 744.390 14:22:31
5.060 147.390 741.220 14:22:32
5.064 145.000 733.659 14:22:33
5.060 150.390 764.390 14:22:34
5.060 150.000 785.610 14:22:35
5.052 250.195 954.634 14:22:36
5.060 214.695 1129.268 14:22:37
5.048 194.890 940.244 14:22:38
5.064 146.598 788.780 14:22:39
5.048 146.695 1162.195 14:22:40
5.064 146.598 733.415 14:22:41
5.060 144.890 733.415 14:22:42
5.064 144.890 737.317 14:22:43
5.060 145.793 735.610 14:22:44
5.056 210.098 743.171 14:22:45
5.060 144.293 738.049 14:22:46
5.060 157.695 800.000 14:22:47
