5.000 415.268 2059.024 14:21:51
5.060 159.195 804.878 14:21:52
5.052 147.683 747.317 14:21:53
5.060 144.780 737.073 14:21:54
5.052 159.073 741.463 14:21:55
5.060 144.780 733.659 14:21:56
5.064 144.780 732.683 14:21:57
5.060 158.195 752.195 14:21:58
5.056 300.561 1611.220 14:21:59
5.048 170.780 960.488 14:22:00
5.060 145.488 732.683 14:22:01
5.052 184.073 937.561 14:22:02
5.064 144.780 736.098 14:22:03
5.060 144.780 741.463 14:22:04
5.060 145.488 732.683 14:22:05
5.060 144.878 732.683 14:22:06
5.064 145.390 734.634 14:22:07
5.064 144.878 991.707 14:22:08
5.060 144.585 737.561 14:22:09
5.060 147.195 742.439 14:22:10
5.060 146.878 737.073 14:22:11
5.060 145.976 731.220 14:22:12
5.060 144.780 736.098 14:22:13
5.060 145.683 732.195 14:22:14
5.064 144.683 736.098 14:22:15
5.064 146.293 743.902 14:22:16
5.060 145.390 731.220 14:22:17
5.060 158.073 802.439 14:22:18
