5.024 331.293 1654.390 14:48:31
5.060 157.890 802.439 14:48:32
5.040 276.085 1339.024 14:48:33
5.060 155.390 785.610 14:48:34
5.040 235.390 1483.659 14:48:35
5.048 211.793 1076.098 14:48:36
5.052 164.500 1029.024 14:48:37
5.056 151.098 768.049 14:48:38
5.052 209.488 922.195 14:48:39
5.060 168.195 766.829 14:48:40
5.028 379.780 1556.585 14:48:41
5.056 203.988 754.390 14:48:42
5.060 145.390 750.488 14:48:43
5.064 170.098 837.561 14:48:44
5.060 145.098 740.000 14:48:46
5.048 207.598 748.780 14:48:47
5.060 145.500 739.756 14:48:48
5.060 148.000 749.268 14:48:49
5.060 145.500 745.366 14:48:50
5.044 232.390 900.732 14:48:51
5.060 145.500 739.756 14:48:52
5.060 148.000 745.366 14:48:53
5.060 145.793 739.268 14:48:54
5.064 146.195 740.488 14:48:55
5.060 145.500 735.610 14:48:56
5.056 161.195 814.878 14:48:57
