5.020 334.183 1678.780 14:50:33
5.056 167.098 844.390 14:50:34
5.056 221.293 1119.024 14:50:35
5.052 219.390 950.244 14:50:36
5.040 234.195 1375.854 14:50:37
5.060 150.793 767.561 14:50:38
5.052 193.598 970.244 14:50:39
5.052 204.793 1393.171 14:50:40
5.056 199.293 964.390 14:50:41
5.060 149.098 1090.244 14:50:42
5.060 146.500 736.098 14:50:43
5.040 216.488 767.561 14:50:44
5.060 145.598 741.220 14:50:45
5.060 151.098 830.732 14:50:46
5.060 145.695 737.317 14:50:47
5.040 217.098 1161.707 14:50:48
5.060 146.500 744.390 14:50:49
5.060 199.195 745.366 14:50:50
5.064 146.098 734.146 14:50:51
5.060 153.793 1102.195 14:50:52
5.064 146.293 737.805 14:50:53
5.056 151.793 769.756 14:50:54
5.060 150.195 760.000 14:50:55
5.056 148.695 751.707 14:50:56
5.060 149.293 755.366 14:50:57
5.060 152.695 770.000 14:50:58
5.060 147.293 748.780 14:50:59
