5.024 335.183 1684.390 14:49:00
5.060 159.098 806.098 14:49:01
5.060 227.793 1148.049 14:49:02
5.060 149.598 756.829 14:49:03
5.052 204.488 1132.927 14:49:04
5.040 213.293 1032.195 14:49:05
5.028 292.890 1378.780 14:49:06
5.060 155.098 745.366 14:49:07
5.060 164.000 761.707 14:49:08
5.048 152.098 868.049 14:49:09
5.056 183.195 921.951 14:49:10
5.060 148.695 749.268 14:49:11
5.060 147.598 742.439 14:49:12
5.060 147.500 749.268 14:49:13
5.060 146.195 737.317 14:49:14
5.060 151.793 768.049 14:49:15
5.060 149.500 757.317 14:49:16
5.040 217.195 908.293 14:49:17
5.060 149.293 756.098 14:49:18
5.056 241.293 1141.707 14:49:19
5.064 151.500 767.317 14:49:20
5.048 206.195 944.390 14:49:21
5.052 221.195 1143.415 14:49:22
5.060 203.988 1174.146 14:49:23
5.060 150.000 760.488 14:49:24
5.060 150.390 761.951 14:49:25
5.060 145.890 736.098 14:49:26
5.036 148.890 808.049 14:49:27
5.048 227.793 1149.268 14:49:28
5.064 148.500 752.195 14:49:29
