5.028 331.390 1668.293 14:23:21
5.056 158.890 803.171 14:23:22
5.064 145.793 733.659 14:23:23
5.064 145.000 737.317 14:23:24
5.064 145.293 734.146 14:23:25
5.060 150.293 760.000 14:23:26
5.048 256.988 881.463 14:23:27
5.060 146.598 738.049 14:23:28
5.056 179.793 914.634 14:23:29
5.044 185.195 1042.927 14:23:30
5.060 146.890 1190.976 14:23:31
5.060 144.793 736.829 14:23:32
5.064 144.793 730.000 14:23:33
5.064 147.293 1077.073 14:23:34
5.064 145.390 739.268 14:23:35
5.060 147.098 737.805 14:23:36
5.060 145.195 733.659 14:23:37
5.060 145.598 733.659 14:23:38
5.060 145.195 729.756 14:23:39
5.060 147.293 744.146 14:23:40
5.060 144.890 736.098 14:23:41
5.060 146.500 746.829 14:23:42
5.060 145.500 733.415 14:23:43
5.056 163.098 826.829 14:23:44
