5.024 333.390 1666.098 14:41:56
5.060 159.390 806.098 14:41:57
5.040 153.098 1272.683 14:41:58
5.044 197.793 1095.854 14:41:59
5.056 185.098 1138.537 14:42:00
5.060 151.695 764.390 14:42:01
5.052 275.585 1422.683 14:42:02
5.052 259.585 1291.220 14:42:03
5.048 271.195 1172.195 14:42:04
5.052 264.793 768.049 14:42:05
5.040 196.195 913.415 14:42:06
5.060 147.000 735.610 14:42:07
5.064 145.390 736.098 14:42:08
5.064 202.793 1238.780 14:42:09
5.060 148.098 748.537 14:42:10
5.060 147.500 1047.317 14:42:11
5.060 145.500 742.439 14:42:12
5.048 147.793 750.488 14:42:13
5.060 145.390 735.610 14:42:14
5.060 147.598 748.537 14:42:15
5.056 147.890 755.366 14:42:16
5.060 148.500 982.683 14:42:17
5.056 149.390 737.317 14:42:18
5.060 145.695 736.829 14:42:19
5.064 145.195 738.780 14:42:20
5.060 149.500 755.366 14:42:21
5.060 145.890 734.878 14:42:22
5.048 211.293 1019.024 14:42:23
