5.020 358.183 1787.561 14:22:50
5.056 160.695 813.171 14:22:51
5.052 250.195 810.000 14:22:52
5.064 145.890 733.659 14:22:53
5.064 146.598 745.366 14:22:54
5.064 145.000 737.317 14:22:55
5.060 154.098 734.146 14:22:56
5.060 149.598 756.829 14:22:57
5.060 150.695 770.000 14:22:58
5.060 146.695 885.610 14:22:59
5.040 300.585 1363.902 14:23:00
5.064 144.890 736.829 14:23:01
5.060 144.890 736.098 14:23:02
5.060 144.890 749.756 14:23:03
5.060 146.500 732.439 14:23:04
5.060 145.500 736.829 14:23:05
5.064 144.890 736.098 14:23:06
5.060 147.293 738.780 14:23:07
5.060 144.793 732.439 14:23:08
5.060 146.598 745.366 14:23:09
5.064 148.390 752.439 14:23:10
5.060 146.500 733.659 14:23:11
5.060 144.793 735.366 14:23:12
5.060 146.390 741.220 14:23:14
5.060 145.293 733.415 14:23:15
5.060 145.598 734.146 14:23:16
5.064 144.500 734.878 14:23:17
5.044 246.585 1241.220 14:23:18
