5.024 328.085 1666.829 14:31:13
5.060 159.000 805.122 14:31:14
5.060 147.195 747.317 14:31:15
5.064 150.695 755.366 14:31:16
5.064 147.695 747.317 14:31:17
5.060 149.000 812.927 14:31:18
5.056 191.598 911.463 14:31:19
5.028 186.793 1047.317 14:31:20
5.056 223.988 801.220 14:31:21
5.060 171.390 917.805 14:31:22
5.056 185.890 905.122 14:31:23
5.060 150.500 764.390 14:31:24
5.056 177.988 898.293 14:31:25
5.060 161.293 744.390 14:31:26
5.056 169.793 930.732 14:31:27
5.060 149.695 759.756 14:31:28
5.060 147.695 744.878 14:31:29
5.064 153.293 769.756 14:31:30
5.064 147.390 745.366 14:31:31
5.060 146.500 736.829 14:31:32
5.060 150.195 759.756 14:31:33
5.064 150.793 764.878 14:31:34
5.060 149.695 762.927 14:31:35
5.056 185.988 951.951 14:31:36
5.044 147.195 747.317 14:31:37
5.064 148.098 758.537 14:31:38
5.060 148.890 756.829 14:31:39
5.056 145.195 734.878 14:31:40
