5.024 330.390 1670.000 14:35:57
5.056 158.500 799.512 14:35:58
5.060 176.598 891.463 14:35:59
5.060 144.695 734.878 14:36:00
5.048 157.598 743.659 14:36:01
5.056 149.500 756.585 14:36:02
5.048 197.793 995.122 14:36:03
5.060 148.890 754.390 14:36:04
5.036 197.598 995.366 14:36:05
5.028 196.293 905.854 14:36:06
5.064 215.293 764.390 14:36:07
5.060 145.293 1060.488 14:36:08
5.052 203.890 903.902 14:36:09
5.044 221.195 820.488 14:36:10
5.060 150.195 1085.366 14:36:11
5.060 150.793 807.561 14:36:12
5.060 150.195 758.537 14:36:13
5.060 146.390 741.707 14:36:14
5.060 145.293 737.317 14:36:15
5.060 147.890 742.439 14:36:16
5.060 149.000 754.390 14:36:17
5.064 144.890 732.195 14:36:18
5.060 145.390 733.415 14:36:19
5.060 147.793 742.927 14:36:20
5.060 149.695 754.146 14:36:21
5.060 218.988 747.317 14:36:22
5.056 144.695 736.829 14:36:24
5.048 147.500 744.878 14:36:25
5.060 145.293 734.878 14:36:26
5.056 147.195 752.927 14:36:27
5.060 150.390 766.829 14:36:28
5.060 152.793 774.390 14:36:29
5.064 149.293 805.122 14:36:30
