5.016 368.793 1760.244 14:53:25
5.060 159.598 807.561 14:53:26
5.048 200.098 964.390 14:53:27
5.052 191.390 1107.317 14:53:28
5.048 156.098 790.732 14:53:29
5.060 148.000 745.610 14:53:30
5.060 147.390 740.976 14:53:31
5.060 148.195 746.829 14:53:32
5.064 145.695 738.780 14:53:33
5.056 234.793 1154.390 14:53:34
5.060 193.293 917.561 14:53:35
5.056 222.390 783.659 14:53:36
5.060 146.890 738.049 14:53:37
5.060 213.098 769.756 14:53:38
5.044 152.293 770.000 14:53:39
5.040 318.585 1538.049 14:53:40
5.060 149.793 957.561 14:53:41
5.060 154.000 773.171 14:53:42
5.060 151.390 770.000 14:53:43
5.052 189.598 1072.683 14:53:44
5.052 180.890 997.561 14:53:45
5.060 147.500 745.610 14:53:46
5.060 147.098 1027.317 14:53:47
5.064 145.890 760.976 14:53:48
5.060 146.695 1000.244 14:53:49
5.064 145.000 740.000 14:53:50
5.056 160.195 807.317 14:53:51
