5.024 345.293 1734.634 14:37:01
5.060 162.890 823.171 14:37:02
5.056 160.695 813.659 14:37:03
5.056 146.098 735.610 14:37:04
5.060 150.390 1156.585 14:37:05
5.060 150.598 766.098 14:37:06
5.056 220.695 806.341 14:37:07
5.048 199.098 856.341 14:37:08
5.052 322.585 1516.098 14:37:09
5.060 145.293 740.000 14:37:10
5.048 183.488 978.780 14:37:11
5.052 221.098 1132.927 14:37:12
5.060 145.098 737.317 14:37:13
5.064 147.390 743.171 14:37:14
5.064 144.598 734.146 14:37:15
5.052 147.000 748.537 14:37:16
5.064 145.098 737.805 14:37:17
5.048 215.988 765.366 14:37:18
5.064 146.293 740.488 14:37:19
5.060 145.390 736.098 14:37:20
5.060 145.500 738.780 14:37:21
5.064 147.098 747.317 14:37:22
5.064 145.293 739.268 14:37:23
5.048 146.890 761.707 14:37:24
5.060 156.793 734.878 14:37:25
5.060 145.293 735.610 14:37:26
5.056 150.195 758.780 14:37:27
5.060 145.598 738.049 14:37:28
5.060 158.890 804.146 14:37:29
