5.024 335.293 1684.390 14:13:09
5.060 158.598 801.951 14:13:10
5.060 146.793 739.268 14:13:11
5.060 145.098 728.537 14:13:12
5.060 146.793 742.927 14:13:13
5.060 145.098 732.927 14:13:14
5.060 145.195 731.707 14:13:15
5.064 148.195 752.927 14:13:16
5.060 148.695 752.927 14:13:17
5.060 153.195 771.707 14:13:18
5.060 145.293 736.829 14:13:19
5.060 147.293 739.756 14:13:20
5.060 150.098 742.439 14:13:21
5.064 146.390 889.512 14:13:22
5.060 145.098 730.488 14:13:23
5.060 143.695 734.146 14:13:24
5.060 145.098 730.488 14:13:25
5.056 148.098 747.561 14:13:26
5.060 143.793 733.659 14:13:27
5.060 146.793 743.171 14:13:28
5.060 146.293 737.317 14:13:29
5.064 146.793 741.220 14:13:31
5.064 144.695 733.415 14:13:32
5.060 148.195 758.537 14:13:33
5.048 209.488 1082.927 14:13:34
5.048 193.695 1327.805 14:13:35
5.064 145.195 735.366 14:13:36
