5.024 319.585 1606.829 14:15:08
5.060 158.000 798.780 14:15:09
5.064 147.695 747.317 14:15:10
5.064 145.293 732.195 14:15:11
5.060 156.598 1066.585 14:15:12
5.064 145.098 727.805 14:15:13
5.060 148.000 748.780 14:15:14
5.064 145.598 731.220 14:15:15
5.060 146.098 743.659 14:15:16
5.060 148.890 753.171 14:15:17
5.060 145.195 732.195 14:15:18
5.064 144.598 731.220 14:15:19
5.060 148.890 753.171 14:15:20
5.060 146.793 746.585 14:15:21
5.060 235.488 1005.854 14:15:22
5.040 199.890 957.561 14:15:23
5.060 144.500 735.366 14:15:24
5.060 144.890 738.780 14:15:25
5.060 144.598 735.366 14:15:26
5.060 147.793 735.610 14:15:27
5.060 145.793 740.000 14:15:28
5.060 145.195 731.220 14:15:29
5.060 145.293 771.707 14:15:30
5.060 145.695 735.610 14:15:31
5.060 144.390 731.707 14:15:32
5.056 144.500 734.878 14:15:33
5.060 145.195 732.195 14:15:34
5.040 246.585 1226.341 14:15:35
