5.028 320.183 1601.220 14:50:02
5.060 162.098 819.512 14:50:03
5.052 151.695 770.000 14:50:04
5.060 157.598 808.049 14:50:05
5.044 183.598 1358.780 14:50:06
5.060 151.695 769.268 14:50:07
5.032 219.988 1125.610 14:50:08
5.036 309.988 1265.122 14:50:09
5.044 155.098 787.561 14:50:10
5.060 151.890 1067.073 14:50:11
5.044 185.890 797.561 14:50:12
5.060 186.890 1044.878 14:50:13
5.060 145.500 736.098 14:50:14
5.060 150.195 759.756 14:50:15
5.060 145.890 740.000 14:50:16
5.060 148.890 745.610 14:50:17
5.060 146.293 737.805 14:50:18
5.048 151.890 865.610 14:50:19
5.060 146.293 737.805 14:50:20
5.056 174.695 885.854 14:50:21
5.064 199.293 746.098 14:50:22
5.056 147.695 749.268 14:50:23
5.060 151.195 768.537 14:50:24
5.060 150.390 760.000 14:50:25
5.052 182.390 991.951 14:50:26
5.060 145.890 739.756 14:50:27
5.060 148.098 749.756 14:50:28
5.060 145.598 738.537 14:50:29
5.056 159.293 805.122 14:50:30
