5.024 331.988 1763.415 14:37:32
5.060 159.195 805.610 14:37:33
5.060 161.000 1080.976 14:37:34
5.060 146.500 744.390 14:37:35
5.060 150.695 766.098 14:37:36
5.064 151.000 767.561 14:37:37
5.048 383.585 987.561 14:37:38
5.060 150.000 1288.780 14:37:39
5.052 202.890 909.512 14:37:40
5.048 151.390 766.098 14:37:41
5.056 186.793 1040.244 14:37:42
5.060 145.695 737.317 14:37:43
5.060 145.695 737.805 14:37:44
5.052 210.195 1080.976 14:37:45
5.060 146.000 731.707 14:37:46
5.060 169.500 743.171 14:37:47
5.060 145.293 741.220 14:37:48
5.060 145.293 738.780 14:37:49
5.060 145.195 734.146 14:37:50
5.036 216.695 1054.146 14:37:51
5.060 148.293 751.220 14:37:52
5.060 147.598 747.561 14:37:53
5.060 145.293 744.878 14:37:54
5.060 146.000 788.049 14:37:55
5.060 148.890 753.171 14:37:56
5.060 147.293 743.171 14:37:57
5.060 145.000 734.878 14:37:58
5.060 160.793 813.659 14:37:59
