5.028 321.293 1615.610 14:44:25
5.056 161.598 815.610 14:44:26
5.060 153.293 769.268 14:44:27
5.060 235.390 1287.561 14:44:28
5.052 158.793 1266.341 14:44:29
5.052 191.488 1109.024 14:44:30
5.044 206.195 1556.585 14:44:31
5.052 227.793 1098.537 14:44:32
5.064 189.488 951.951 14:44:33
5.044 244.195 1289.268 14:44:34
5.052 183.195 913.902 14:44:35
5.056 172.390 884.634 14:44:36
5.060 146.098 738.537 14:44:37
5.060 147.390 735.610 14:44:38
5.060 146.390 740.976 14:44:39
5.060 151.293 830.488 14:44:40
5.064 146.195 736.098 14:44:41
5.048 151.500 763.659 14:44:42
5.064 145.390 734.878 14:44:43
5.060 150.890 763.659 14:44:44
5.060 146.098 735.366 14:44:45
5.056 148.000 752.927 14:44:46
5.060 146.195 736.098 14:44:47
5.060 147.793 744.878 14:44:48
5.060 146.293 736.098 14:44:49
5.060 147.695 744.878 14:44:50
5.060 146.793 740.000 14:44:51
5.056 161.000 812.927 14:44:52
5.060 147.390 751.220 14:44:54
