5.044 244.195 1231.707 14:51:28
5.056 159.598 807.561 14:51:29
5.032 316.390 1054.146 14:51:30
5.032 318.390 1884.634 14:51:31
5.052 185.293 988.293 14:51:32
5.056 151.598 767.561 14:51:33
5.032 200.195 920.000 14:51:34
5.056 148.500 751.220 14:51:35
5.060 146.000 737.317 14:51:36
5.044 176.293 766.098 14:51:37
5.060 145.793 738.049 14:51:38
5.060 151.293 768.049 14:51:39
5.060 146.500 741.220 14:51:40
5.056 228.098 766.098 14:51:41
5.060 153.598 826.829 14:51:42
5.048 227.488 992.927 14:51:43
5.060 149.598 756.098 14:51:44
5.056 253.585 881.463 14:51:45
5.060 242.195 981.463 14:51:46
5.052 151.890 767.317 14:51:47
5.036 272.293 1271.220 14:51:48
5.064 153.000 772.927 14:51:49
5.040 253.195 1183.171 14:51:50
5.052 186.695 924.390 14:51:51
5.060 146.390 737.317 14:51:52
5.056 160.695 810.732 14:51:53
