5.024 338.390 1700.000 14:39:11
5.060 159.098 805.122 14:39:12
5.052 193.695 950.976 14:39:13
5.040 266.695 1137.805 14:39:14
5.056 197.598 745.366 14:39:15
5.060 149.793 735.366 14:39:16
5.060 214.988 762.927 14:39:17
5.060 156.098 1121.220 14:39:18
5.052 188.390 933.415 14:39:19
5.056 151.195 762.439 14:39:20
5.044 195.793 1027.073 14:39:21
5.048 193.793 864.390 14:39:22
5.064 145.000 735.610 14:39:23
5.060 147.000 743.659 14:39:24
5.060 145.098 734.878 14:39:25
5.060 148.598 745.610 14:39:26
5.056 146.390 747.317 14:39:27
5.056 148.293 748.780 14:39:28
5.060 149.695 760.976 14:39:29
5.056 146.000 733.415 14:39:30
5.064 151.098 762.439 14:39:31
5.048 185.988 1132.439 14:39:32
5.060 147.890 743.659 14:39:33
5.060 146.695 744.390 14:39:34
5.060 151.390 767.561 14:39:35
5.060 151.195 766.585 14:39:36
5.060 146.695 746.585 14:39:37
5.052 215.195 1041.463 14:39:38
5.060 158.890 804.390 14:39:39
