5.024 328.183 1648.780 14:32:42
5.056 159.000 805.122 14:32:43
5.060 147.500 747.317 14:32:44
5.056 182.098 906.829 14:32:45
5.052 147.598 743.171 14:32:46
5.060 149.793 756.098 14:32:47
5.024 181.598 880.244 14:32:48
5.052 178.390 945.854 14:32:49
5.064 145.098 732.927 14:32:51
5.060 145.890 737.317 14:32:52
5.060 154.098 911.951 14:32:53
5.064 144.390 738.780 14:32:54
5.056 146.793 744.878 14:32:55
5.060 146.890 739.756 14:32:56
5.060 146.890 745.366 14:32:57
5.060 145.500 743.659 14:32:58
5.064 243.293 1012.927 14:32:59
5.060 145.890 734.878 14:33:00
5.060 145.098 737.805 14:33:01
5.060 146.890 743.171 14:33:02
5.060 145.098 737.805 14:33:03
5.060 146.890 747.561 14:33:04
5.060 154.390 736.098 14:33:05
5.060 147.500 746.829 14:33:06
5.060 147.195 747.317 14:33:07
5.060 145.098 737.805 14:33:08
5.060 146.500 735.366 14:33:09
5.056 149.390 753.171 14:33:10
5.060 179.195 800.488 14:33:11
5.060 145.098 734.146 14:33:12
