5.024 333.390 1661.220 14:34:56
5.056 161.793 818.049 14:34:57
5.060 146.098 743.171 14:34:58
5.060 148.890 755.366 14:34:59
5.064 151.098 764.878 14:35:00
5.060 145.098 739.756 14:35:01
5.060 147.000 742.439 14:35:02
5.060 150.695 762.927 14:35:03
5.036 213.098 982.683 14:35:04
5.064 147.695 743.659 14:35:05
5.056 281.293 1605.610 14:35:06
5.052 189.793 1136.829 14:35:07
5.060 145.793 730.488 14:35:08
5.060 148.793 751.220 14:35:09
5.060 145.000 737.805 14:35:10
5.060 147.500 745.610 14:35:11
5.060 145.195 735.366 14:35:12
5.056 149.500 759.756 14:35:13
5.060 147.195 745.610 14:35:14
5.048 236.988 1049.512 14:35:15
5.060 145.195 737.317 14:35:16
5.056 151.293 762.439 14:35:17
5.060 145.293 734.146 14:35:18
5.060 156.293 764.390 14:35:19
5.064 145.293 734.878 14:35:20
5.060 154.890 734.878 14:35:21
5.060 145.293 738.780 14:35:22
5.056 161.293 818.537 14:35:23
