5.024 336.585 1691.220 14:58:21
5.056 159.793 807.317 14:58:22
5.036 234.293 1181.707 14:58:23
5.048 149.793 757.317 14:58:24
5.060 151.390 792.927 14:58:25
5.052 185.098 1158.537 14:58:26
5.060 153.293 744.878 14:58:27
5.048 265.793 771.951 14:58:28
5.060 155.098 743.659 14:58:29
5.060 151.500 1102.927 14:58:30
5.056 151.195 766.098 14:58:31
5.048 180.293 1164.146 14:58:32
5.060 150.890 762.927 14:58:33
5.060 152.293 963.902 14:58:34
5.048 264.390 1188.780 14:58:35
5.060 152.098 1000.732 14:58:36
5.044 218.293 1370.244 14:58:37
5.048 187.890 1007.805 14:58:38
5.048 287.585 1246.098 14:58:39
5.060 145.890 738.537 14:58:40
5.060 151.598 764.390 14:58:41
5.056 150.098 757.317 14:58:42
5.056 177.793 757.561 14:58:43
5.060 149.890 761.951 14:58:44
5.060 204.390 752.195 14:58:45
5.060 146.500 748.780 14:58:46
5.060 148.890 752.439 14:58:47
5.056 150.098 760.000 14:58:48
5.056 159.098 807.561 14:58:49
5.060 146.390 737.805 14:58:50
