5.020 332.085 1742.683 14:17:03
5.060 158.793 803.659 14:17:04
5.060 145.500 732.439 14:17:05
5.060 144.598 736.098 14:17:06
5.056 169.293 771.951 14:17:07
5.060 145.195 737.317 14:17:08
5.060 146.293 741.220 14:17:09
5.056 149.098 754.390 14:17:10
5.060 150.098 756.098 14:17:11
5.060 149.098 754.390 14:17:12
5.052 257.585 990.244 14:17:13
5.060 144.793 735.366 14:17:14
5.064 145.890 737.317 14:17:15
5.060 158.000 742.195 14:17:16
5.060 144.598 735.366 14:17:17
5.060 146.695 740.976 14:17:18
5.060 144.793 732.195 14:17:19
5.048 146.293 741.220 14:17:20
5.060 145.598 728.049 14:17:21
5.064 147.098 748.780 14:17:22
5.056 145.293 731.707 14:17:23
5.060 144.793 736.098 14:17:24
5.064 145.000 735.366 14:17:25
5.028 146.195 742.439 14:17:26
5.064 144.390 735.366 14:17:27
5.060 159.000 804.390 14:17:28
5.064 145.390 735.610 14:17:29
