5.024 330.683 1667.561 14:41:23
5.060 160.098 810.000 14:41:24
5.060 146.695 741.707 14:41:25
5.060 155.390 820.732 14:41:26
5.040 201.890 1045.366 14:41:27
5.052 188.793 1050.488 14:41:28
5.060 158.195 1371.951 14:41:29
5.060 150.890 766.829 14:41:30
5.056 153.000 763.659 14:41:31
5.064 152.500 764.390 14:41:32
5.060 144.890 736.098 14:41:33
5.060 147.098 761.220 14:41:34
5.060 147.293 927.073 14:41:35
5.060 150.598 829.512 14:41:36
5.064 146.098 735.366 14:41:37
5.048 147.890 748.537 14:41:38
5.060 146.098 739.268 14:41:39
5.060 202.793 1093.415 14:41:40
5.060 145.390 738.780 14:41:41
5.060 191.195 1037.073 14:41:42
5.060 176.988 770.000 14:41:43
5.056 216.195 765.610 14:41:44
5.060 149.695 928.293 14:41:45
5.048 147.293 744.878 14:41:46
5.064 150.000 754.878 14:41:47
5.060 145.598 739.756 14:41:48
5.060 146.000 738.049 14:41:49
5.060 146.000 735.610 14:41:50
5.056 147.390 742.927 14:41:51
5.064 146.500 736.098 14:41:52
5.052 199.390 1020.976 14:41:53
