5.028 366.683 1842.195 14:45:56
5.060 159.500 803.659 14:45:57
5.044 217.195 1096.585 14:45:58
5.060 149.098 752.439 14:45:59
5.052 185.598 1055.366 14:46:00
5.048 185.098 895.610 14:46:01
5.036 194.488 1092.439 14:46:02
5.040 239.195 1240.488 14:46:03
5.040 206.988 940.976 14:46:04
5.052 203.293 1328.293 14:46:05
5.056 182.695 995.854 14:46:06
5.060 164.098 830.488 14:46:07
5.060 147.195 744.146 14:46:08
5.064 235.695 1180.000 14:46:09
5.060 149.098 756.585 14:46:10
5.056 154.598 1237.561 14:46:11
5.032 192.988 902.683 14:46:12
5.052 186.988 918.293 14:46:13
5.048 189.793 1045.366 14:46:14
5.060 149.500 1137.805 14:46:15
5.060 150.890 767.317 14:46:16
5.060 151.695 766.098 14:46:17
5.056 152.195 769.756 14:46:18
5.060 147.098 741.707 14:46:19
5.060 146.390 736.829 14:46:20
5.060 145.890 735.366 14:46:21
5.060 160.098 812.439 14:46:22
