5.028 332.085 1667.561 14:24:13
5.056 160.293 811.220 14:24:14
5.052 160.500 812.927 14:24:15
5.056 145.000 733.659 14:24:16
5.060 147.390 750.000 14:24:17
5.060 144.390 738.049 14:24:18
5.060 147.390 749.756 14:24:19
5.064 148.890 754.390 14:24:20
5.060 145.098 736.829 14:24:21
5.064 149.195 755.366 14:24:22
5.044 223.293 1138.049 14:24:23
5.060 147.390 750.976 14:24:24
5.052 189.890 1317.561 14:24:25
5.052 210.390 939.512 14:24:26
5.064 145.695 745.610 14:24:27
5.048 199.598 1285.610 14:24:28
5.060 172.793 734.146 14:24:29
5.060 148.293 753.171 14:24:30
5.060 149.098 756.829 14:24:31
5.060 197.695 1007.073 14:24:32
5.060 144.890 736.098 14:24:33
5.060 163.598 902.439 14:24:34
5.060 148.500 754.878 14:24:35
5.056 151.098 764.146 14:24:36
5.060 145.793 785.366 14:24:37
5.056 182.293 1075.366 14:24:38
5.052 184.598 1010.732 14:24:39
5.056 148.195 998.537 14:24:40
5.060 144.890 733.415 14:24:41
5.040 242.293 1143.659 14:24:42
