5.024 332.683 1670.000 14:44:56
5.056 158.890 801.707 14:44:57
5.060 147.598 1032.927 14:44:58
5.056 213.293 766.829 14:44:59
5.056 191.488 1137.317 14:45:00
5.036 260.390 774.146 14:45:01
5.036 332.390 1757.561 14:45:02
5.056 147.390 746.585 14:45:03
5.044 176.098 958.293 14:45:04
5.048 228.390 1273.659 14:45:05
5.052 149.098 754.146 14:45:06
5.060 150.890 755.366 14:45:07
5.060 151.195 758.049 14:45:08
5.060 151.195 890.000 14:45:09
5.040 172.195 744.390 14:45:10
5.044 181.390 1189.268 14:45:11
5.060 146.195 736.098 14:45:12
5.060 155.890 740.000 14:45:13
5.060 146.195 736.829 14:45:14
5.060 215.598 1047.317 14:45:15
5.060 146.195 745.610 14:45:16
5.048 192.293 749.268 14:45:17
5.060 146.695 737.317 14:45:18
5.060 148.000 742.439 14:45:19
5.060 150.000 757.561 14:45:20
5.060 146.195 736.829 14:45:21
5.060 146.098 742.439 14:45:22
5.056 161.000 812.927 14:45:23
