5.024 333.085 1676.341 14:29:44
5.056 159.098 811.707 14:29:45
5.056 147.695 746.829 14:29:46
5.060 145.695 734.878 14:29:47
5.060 163.000 1075.366 14:29:48
5.060 145.195 738.780 14:29:49
5.060 151.695 1068.293 14:29:50
5.060 150.000 754.146 14:29:51
5.060 150.500 848.293 14:29:52
5.056 150.793 765.610 14:29:53
5.056 172.793 970.976 14:29:54
5.064 151.293 762.927 14:29:55
5.028 180.195 956.341 14:29:56
5.060 146.890 745.366 14:29:57
5.044 185.098 1019.512 14:29:58
5.060 147.293 740.000 14:29:59
5.060 145.000 735.610 14:30:00
5.060 168.098 1052.927 14:30:01
5.060 145.390 737.317 14:30:02
5.060 147.000 740.976 14:30:03
5.060 145.195 734.878 14:30:04
5.056 147.793 746.829 14:30:05
5.060 145.695 733.659 14:30:06
5.060 145.695 733.415 14:30:07
5.060 149.195 752.439 14:30:08
5.060 144.890 735.366 14:30:09
5.060 145.098 734.146 14:30:10
5.060 145.598 734.878 14:30:11
5.060 146.000 739.268 14:30:12
5.060 145.195 731.220 14:30:13
5.052 206.793 1078.537 14:30:14
5.060 145.098 734.146 14:30:15
