5.024 331.488 1658.780 14:58:52
5.056 160.000 809.512 14:58:53
5.052 188.793 949.024 14:58:54
5.052 187.598 1076.098 14:58:55
5.052 215.793 963.171 14:58:56
5.044 220.293 1112.439 14:58:57
5.052 269.085 950.000 14:58:58
5.052 195.598 1215.610 14:58:59
5.064 145.890 739.756 14:59:00
5.060 152.293 1102.927 14:59:01
5.056 145.890 741.220 14:59:02
5.044 232.598 1121.220 14:59:03
5.060 146.000 742.439 14:59:04
5.052 151.793 767.317 14:59:05
5.060 146.000 738.780 14:59:06
5.044 263.585 1108.537 14:59:07
5.060 146.793 738.780 14:59:08
5.060 151.598 1095.854 14:59:09
5.060 146.695 736.829 14:59:10
5.052 148.390 747.561 14:59:11
5.060 150.598 761.220 14:59:12
5.044 172.890 1246.341 14:59:13
5.052 201.598 943.415 14:59:14
5.060 149.793 820.488 14:59:15
5.060 153.293 770.000 14:59:16
5.060 150.293 758.537 14:59:17
5.060 152.098 769.268 14:59:18
5.048 205.390 1026.098 14:59:19
5.048 194.988 987.561 14:59:20
5.060 146.500 737.317 14:59:21
5.052 158.390 754.146 14:59:22
5.056 163.890 745.610 14:59:23
5.060 159.500 807.317 14:59:24
