5.024 351.390 1765.610 14:54:55
5.056 159.098 802.439 14:54:56
5.060 151.695 766.829 14:54:57
5.048 190.293 978.293 14:54:58
5.044 225.793 1419.512 14:54:59
5.052 184.488 1080.244 14:55:00
5.056 182.098 1144.146 14:55:01
5.036 245.085 989.024 14:55:02
5.044 211.195 1034.146 14:55:03
5.060 152.098 768.537 14:55:04
5.060 147.500 743.171 14:55:05
5.052 187.695 751.220 14:55:06
5.060 145.890 741.707 14:55:07
5.048 217.890 767.561 14:55:08
5.060 145.793 741.220 14:55:09
5.048 173.293 770.488 14:55:10
5.060 151.500 757.317 14:55:11
5.064 154.293 772.439 14:55:12
5.060 215.195 1345.122 14:55:13
5.036 317.488 1601.220 14:55:14
5.060 152.000 763.659 14:55:15
5.040 275.488 1070.976 14:55:16
5.060 152.000 769.756 14:55:17
5.060 145.890 737.317 14:55:18
5.060 146.695 737.317 14:55:19
5.064 145.793 740.976 14:55:20
5.060 158.793 803.659 14:55:22
