5.024 331.988 1664.878 14:49:31
5.056 158.293 800.488 14:49:32
5.036 271.890 940.732 14:49:33
5.056 162.500 1291.220 14:49:34
5.024 292.988 939.512 14:49:35
5.060 173.695 862.683 14:49:36
5.040 219.598 1209.756 14:49:37
5.044 326.085 1271.951 14:49:38
5.048 201.598 839.268 14:49:39
5.060 147.500 743.659 14:49:40
5.056 146.195 736.829 14:49:41
5.060 148.000 748.780 14:49:42
5.056 146.293 737.317 14:49:43
5.052 195.195 1047.317 14:49:44
5.056 145.598 740.976 14:49:45
5.060 152.293 1097.317 14:49:46
5.060 146.598 742.439 14:49:47
5.060 217.195 764.878 14:49:48
5.060 145.890 741.220 14:49:49
5.064 214.390 919.024 14:49:50
5.060 149.500 760.000 14:49:51
5.056 151.890 901.220 14:49:52
5.052 159.098 804.146 14:49:53
5.060 149.793 749.268 14:49:54
5.060 147.293 1036.585 14:49:55
5.056 169.793 746.585 14:49:56
5.056 150.195 752.195 14:49:57
5.056 152.598 770.488 14:49:58
5.060 145.500 736.098 14:49:59
