5.024 333.293 1674.390 14:13:38
5.056 161.098 815.610 14:13:39
5.060 144.890 729.268 14:13:40
5.060 145.695 731.220 14:13:41
5.060 144.793 734.878 14:13:42
5.060 146.598 745.610 14:13:43
5.060 146.098 730.488 14:13:44
5.064 145.598 740.976 14:13:45
5.064 145.195 729.268 14:13:46
5.060 146.793 739.756 14:13:47
5.060 144.695 734.146 14:13:48
5.060 145.098 732.195 14:13:49
5.060 147.098 738.780 14:13:50
5.056 145.098 736.829 14:13:51
5.060 144.390 734.878 14:13:52
5.060 144.390 735.366 14:13:53
5.060 144.500 731.220 14:13:54
5.060 145.500 739.268 14:13:55
5.060 144.390 735.366 14:13:56
5.060 149.598 749.268 14:13:57
5.060 146.598 739.268 14:13:58
5.060 149.695 735.366 14:13:59
5.060 145.695 739.268 14:14:00
5.060 145.195 731.220 14:14:01
5.060 144.390 731.220 14:14:02
5.060 162.695 823.902 14:14:03
