5.024 329.683 1657.561 14:14:06
5.056 157.890 798.537 14:14:07
5.064 144.293 732.927 14:14:08
5.060 144.695 732.195 14:14:09
5.060 145.500 731.707 14:14:10
5.064 145.390 785.610 14:14:11
5.060 146.890 739.756 14:14:12
5.060 145.000 731.220 14:14:13
5.064 145.000 732.927 14:14:14
5.064 144.598 736.098 14:14:15
5.060 144.390 734.878 14:14:16
5.060 150.195 752.195 14:14:17
5.060 149.598 754.390 14:14:18
5.060 145.195 731.707 14:14:19
5.048 155.000 782.927 14:14:20
5.048 207.293 1056.585 14:14:21
5.060 145.195 730.488 14:14:22
5.064 146.695 730.488 14:14:23
5.064 145.500 738.780 14:14:24
5.064 145.390 867.561 14:14:25
5.060 144.500 735.610 14:14:26
5.060 146.098 735.366 14:14:27
5.060 144.500 736.098 14:14:28
5.064 144.598 731.707 14:14:29
5.064 145.098 733.415 14:14:30
5.060 145.293 734.878 14:14:31
5.060 146.098 733.415 14:14:32
5.060 161.500 816.829 14:14:33
