5.024 332.585 1670.732 14:12:43
5.060 161.000 813.902 14:12:44
5.064 145.293 735.366 14:12:45
5.056 174.988 889.268 14:12:46
5.060 145.293 739.756 14:12:47
5.060 145.195 732.195 14:12:48
5.060 144.390 734.878 14:12:49
5.060 148.098 749.268 14:12:50
5.064 148.890 750.488 14:12:51
5.060 145.293 739.268 14:12:52
5.056 206.598 1010.976 14:12:53
5.052 190.598 912.683 14:12:54
5.064 144.390 731.220 14:12:55
5.060 154.000 735.366 14:12:56
5.064 144.293 731.220 14:12:57
5.060 144.500 734.146 14:12:58
5.060 154.195 738.537 14:12:59
5.060 145.000 776.098 14:13:00
5.060 145.195 732.439 14:13:01
5.060 144.293 727.317 14:13:02
5.056 144.195 734.878 14:13:03
5.060 146.890 738.780 14:13:04
5.060 145.098 730.488 14:13:05
5.060 159.293 809.512 14:13:06
5.060 146.098 739.268 14:13:07
