5.024 332.293 1669.512 14:19:00
5.060 158.695 803.659 14:19:01
5.060 190.598 964.390 14:19:02
5.060 145.500 730.000 14:19:03
5.060 151.195 814.878 14:19:04
5.060 145.390 732.439 14:19:05
5.036 155.098 743.659 14:19:06
5.060 144.598 735.610 14:19:07
5.060 144.598 737.317 14:19:08
5.056 202.098 743.659 14:19:09
5.060 144.793 735.610 14:19:10
5.064 157.695 741.707 14:19:11
5.064 144.695 735.610 14:19:12
5.060 146.793 744.390 14:19:13
5.064 144.695 735.366 14:19:14
5.060 144.890 737.317 14:19:15
5.060 144.793 735.610 14:19:16
5.060 147.793 744.390 14:19:17
5.060 146.390 735.610 14:19:18
5.060 145.390 730.976 14:19:19
5.060 145.293 728.537 14:19:20
5.060 146.890 741.707 14:19:21
5.060 148.598 750.976 14:19:22
5.060 151.793 770.000 14:19:23
5.060 146.195 738.049 14:19:24
