5.028 334.085 1675.122 14:23:47
5.056 159.000 804.390 14:23:48
5.060 145.195 737.805 14:23:49
5.060 145.695 741.220 14:23:50
5.060 163.793 1068.537 14:23:51
5.060 145.390 737.317 14:23:52
5.060 150.293 763.171 14:23:53
5.056 148.695 752.927 14:23:54
5.060 231.793 965.122 14:23:55
5.048 188.098 1003.415 14:23:56
5.060 227.098 1057.317 14:23:57
5.048 209.390 1059.268 14:23:58
5.064 216.098 1221.220 14:23:59
5.060 145.000 736.829 14:24:00
5.060 145.098 732.927 14:24:01
5.064 147.195 1018.537 14:24:02
5.060 146.500 738.537 14:24:03
5.064 147.390 743.171 14:24:04
5.060 145.195 734.146 14:24:05
5.064 148.293 749.756 14:24:06
5.064 144.890 736.829 14:24:07
5.060 145.598 735.366 14:24:08
5.060 144.793 731.707 14:24:09
5.056 161.098 815.122 14:24:10
