5.024 331.293 1664.390 14:16:35
5.060 159.195 807.561 14:16:36
5.060 154.890 783.659 14:16:37
5.056 144.695 735.610 14:16:38
5.060 144.793 734.146 14:16:39
5.060 144.195 736.098 14:16:40
5.060 189.890 744.390 14:16:41
5.060 149.793 755.366 14:16:42
5.036 224.195 766.585 14:16:43
5.060 148.500 750.976 14:16:44
5.064 149.390 754.878 14:16:45
5.060 149.500 761.951 14:16:46
5.040 271.695 900.000 14:16:47
5.040 162.793 764.878 14:16:48
5.060 262.695 1072.195 14:16:49
5.060 147.000 743.659 14:16:50
5.048 175.695 882.683 14:16:51
5.060 145.695 740.000 14:16:52
5.060 145.000 735.610 14:16:53
5.056 147.000 738.049 14:16:54
5.060 145.293 731.707 14:16:55
5.060 145.890 740.976 14:16:56
5.060 144.598 731.707 14:16:57
5.060 144.390 737.317 14:16:58
5.060 144.695 732.195 14:16:59
5.060 159.598 807.561 14:17:00
