5.024 332.183 1668.049 14:19:56
5.056 159.000 804.390 14:19:57
5.060 145.598 736.829 14:19:58
5.060 145.293 732.439 14:19:59
5.060 147.390 746.829 14:20:00
5.060 145.390 737.317 14:20:01
5.064 144.695 736.098 14:20:02
5.060 149.098 754.878 14:20:03
5.060 150.695 762.439 14:20:04
5.060 144.793 732.195 14:20:05
5.060 145.195 736.829 14:20:06
5.060 148.293 741.220 14:20:07
5.060 146.598 746.829 14:20:08
5.044 259.293 1012.195 14:20:09
5.060 149.098 752.195 14:20:10
5.060 150.000 758.780 14:20:11
5.048 198.098 849.512 14:20:12
5.064 147.390 740.976 14:20:13
5.060 146.390 735.366 14:20:14
5.064 144.695 735.610 14:20:15
5.060 145.390 734.878 14:20:16
5.060 144.695 733.415 14:20:17
5.060 147.000 739.756 14:20:18
5.060 144.793 733.415 14:20:19
5.060 148.390 744.390 14:20:20
5.060 144.695 740.976 14:20:21
5.060 144.695 735.610 14:20:22
5.056 160.000 810.732 14:20:23
