5.024 334.085 1678.293 14:51:56
5.056 162.598 823.902 14:51:57
5.044 222.793 1129.268 14:51:58
5.044 185.793 1116.585 14:51:59
5.044 177.488 865.610 14:52:00
5.060 151.195 764.878 14:52:01
5.060 151.195 768.049 14:52:02
5.056 153.000 1087.317 14:52:03
5.056 152.098 773.171 14:52:05
5.048 261.488 1076.098 14:52:06
5.056 259.085 1250.000 14:52:07
5.040 223.195 1130.976 14:52:08
5.056 213.293 966.341 14:52:09
5.056 222.793 1136.829 14:52:10
5.060 204.293 1039.756 14:52:11
5.056 154.793 961.463 14:52:12
5.060 152.000 772.439 14:52:13
5.048 322.085 1068.293 14:52:14
5.060 150.793 1097.805 14:52:15
5.052 241.085 1273.902 14:52:16
5.052 190.488 936.585 14:52:17
5.056 145.598 737.317 14:52:18
5.060 147.293 744.878 14:52:19
5.060 145.390 740.488 14:52:20
5.056 160.695 812.439 14:52:21
