5.024 328.585 1667.561 14:16:07
5.060 158.000 799.512 14:16:08
5.060 144.890 736.098 14:16:09
5.060 144.793 735.366 14:16:10
5.064 146.390 740.976 14:16:11
5.060 145.293 728.537 14:16:12
5.060 145.293 735.366 14:16:13
5.060 149.098 751.707 14:16:14
5.064 148.890 731.707 14:16:15
5.060 148.195 749.756 14:16:16
5.060 146.695 793.659 14:16:17
5.060 149.098 754.146 14:16:18
5.060 144.598 735.610 14:16:19
5.060 149.500 758.780 14:16:20
5.060 145.793 742.927 14:16:21
5.060 150.695 1314.634 14:16:22
5.060 146.293 740.000 14:16:23
5.048 231.390 968.293 14:16:24
5.060 144.598 730.488 14:16:25
5.060 147.000 735.610 14:16:26
5.060 145.695 737.805 14:16:27
5.060 147.098 742.195 14:16:28
5.052 145.598 732.927 14:16:29
5.060 145.695 738.780 14:16:30
5.064 145.890 740.976 14:16:31
5.056 160.390 811.951 14:16:32
