5.020 337.085 1693.659 14:46:25
5.056 164.000 830.488 14:46:26
5.060 171.488 868.293 14:46:27
5.060 173.488 934.634 14:46:28
5.036 185.293 907.561 14:46:29
5.052 241.195 1101.463 14:46:30
5.052 179.988 917.805 14:46:31
5.060 151.793 766.585 14:46:32
5.052 183.293 1078.537 14:46:33
5.052 200.695 956.585 14:46:34
5.036 223.293 1009.024 14:46:36
5.060 149.390 759.756 14:46:37
5.064 145.890 740.000 14:46:38
5.060 211.293 1166.829 14:46:39
5.064 145.500 740.000 14:46:40
5.060 147.195 750.976 14:46:41
5.060 146.390 740.000 14:46:42
5.060 150.390 1059.268 14:46:43
5.064 146.293 736.829 14:46:44
5.060 212.598 878.049 14:46:45
5.060 151.890 766.829 14:46:46
5.056 237.293 1184.390 14:46:47
5.036 201.195 915.122 14:46:48
5.064 147.000 744.390 14:46:49
5.060 147.793 748.780 14:46:50
5.044 231.390 885.610 14:46:51
5.056 145.890 739.268 14:46:52
5.060 145.500 740.488 14:46:53
5.060 145.293 739.756 14:46:54
