5.020 331.988 1668.049 14:17:58
5.060 161.195 816.098 14:17:59
5.060 144.195 729.756 14:18:00
5.060 146.293 732.439 14:18:01
5.060 145.098 736.829 14:18:02
5.060 144.793 734.146 14:18:03
5.052 213.695 743.171 14:18:04
5.060 145.890 735.610 14:18:05
5.060 158.098 820.732 14:18:06
5.060 148.500 753.171 14:18:07
5.060 148.293 748.537 14:18:08
5.056 210.098 1049.512 14:18:09
5.056 245.585 1169.756 14:18:10
5.064 145.390 729.268 14:18:11
5.060 144.890 733.659 14:18:12
5.052 174.098 1233.659 14:18:13
5.064 147.000 732.927 14:18:14
5.060 146.890 740.000 14:18:15
5.060 145.293 728.537 14:18:16
5.060 144.695 738.049 14:18:17
5.060 145.390 731.707 14:18:18
5.060 144.695 731.220 14:18:19
5.060 145.390 735.366 14:18:20
5.060 161.390 816.829 14:18:21
