5.024 332.183 1668.780 14:32:11
5.056 161.695 818.780 14:32:12
5.060 146.598 742.439 14:32:13
5.060 149.098 754.146 14:32:14
5.060 173.098 1170.000 14:32:15
5.060 150.293 759.756 14:32:16
5.056 186.598 1571.707 14:32:17
5.060 150.793 764.878 14:32:18
5.060 258.488 1032.927 14:32:19
5.060 216.195 1111.707 14:32:20
5.048 244.488 969.024 14:32:21
5.044 217.390 1080.244 14:32:22
5.040 156.598 920.732 14:32:23
5.060 145.793 737.805 14:32:24
5.060 145.390 738.780 14:32:25
5.060 148.500 746.585 14:32:26
5.060 147.500 744.878 14:32:27
5.064 146.890 747.561 14:32:28
5.060 145.793 738.780 14:32:29
5.060 148.695 748.537 14:32:30
5.060 145.500 734.878 14:32:31
5.064 147.195 743.659 14:32:32
5.060 147.390 794.146 14:32:33
5.060 150.098 1034.146 14:32:34
5.060 149.598 757.317 14:32:35
5.060 145.390 734.146 14:32:36
5.056 152.390 768.780 14:32:37
5.052 196.598 995.854 14:32:38
5.060 145.195 736.829 14:32:39
