5.024 329.683 1656.341 14:26:41
5.060 161.598 817.561 14:26:42
5.060 191.195 966.585 14:26:43
5.060 150.598 763.659 14:26:44
5.060 220.695 768.049 14:26:45
5.060 150.500 764.878 14:26:46
5.060 150.390 764.878 14:26:47
5.060 150.598 784.878 14:26:48
5.036 290.085 1308.049 14:26:49
5.048 152.195 804.146 14:26:50
5.056 149.390 756.829 14:26:51
5.044 151.098 1060.244 14:26:52
5.052 187.988 978.780 14:26:53
5.056 152.890 745.610 14:26:54
5.056 183.988 917.561 14:26:55
5.056 242.293 743.171 14:26:56
5.060 145.390 734.146 14:26:57
5.064 147.500 745.610 14:26:58
5.060 154.000 733.659 14:26:59
5.060 148.195 749.756 14:27:00
5.060 145.695 733.415 14:27:01
5.060 147.598 742.927 14:27:02
5.060 147.000 741.220 14:27:03
5.060 146.695 798.049 14:27:04
5.064 145.695 734.146 14:27:05
5.060 145.000 737.317 14:27:06
5.060 144.890 737.317 14:27:07
5.056 221.598 811.951 14:27:08
