5.024 330.390 1660.000 14:30:17
5.056 161.390 816.829 14:30:18
5.056 163.793 743.171 14:30:19
5.060 145.695 733.659 14:30:20
5.056 188.890 884.634 14:30:21
5.056 171.793 886.829 14:30:22
5.060 145.000 740.488 14:30:24
5.060 146.890 742.439 14:30:25
5.060 145.890 734.146 14:30:26
5.060 147.793 747.561 14:30:27
5.060 145.098 737.805 14:30:28
5.044 147.000 742.927 14:30:29
5.060 145.098 744.878 14:30:30
5.060 183.695 1032.195 14:30:31
5.060 144.390 737.805 14:30:32
5.060 147.195 799.512 14:30:33
5.060 149.598 754.878 14:30:34
5.056 151.098 770.488 14:30:35
5.060 148.890 756.098 14:30:36
5.060 150.890 762.439 14:30:37
5.056 150.695 761.951 14:30:38
5.056 221.988 1051.463 14:30:39
5.060 215.890 765.610 14:30:40
5.064 145.195 737.805 14:30:41
5.060 149.500 756.829 14:30:42
