5.024 333.293 1676.098 14:40:14
5.060 159.195 801.951 14:40:15
5.052 183.988 929.512 14:40:16
5.060 197.098 746.585 14:40:17
5.048 214.488 947.805 14:40:18
5.056 270.890 1208.049 14:40:19
5.056 247.195 1084.878 14:40:20
5.060 160.195 763.659 14:40:21
5.052 195.390 941.463 14:40:22
5.048 179.293 969.512 14:40:23
5.060 147.890 1375.854 14:40:24
5.048 206.695 1176.585 14:40:25
5.060 331.390 1317.561 14:40:26
5.064 145.500 735.366 14:40:28
5.060 144.695 735.610 14:40:29
5.060 148.390 751.220 14:40:30
5.056 146.000 734.146 14:40:31
5.060 147.195 837.317 14:40:32
5.064 145.390 735.366 14:40:33
5.064 147.695 742.927 14:40:34
5.060 147.793 748.780 14:40:35
5.060 150.195 760.976 14:40:36
5.060 153.293 764.878 14:40:37
5.052 208.293 1543.415 14:40:38
5.048 150.793 759.268 14:40:39
5.060 202.293 1075.366 14:40:40
5.060 144.598 735.366 14:40:41
5.060 145.598 733.659 14:40:42
5.060 162.390 818.780 14:40:43
