5.024 335.793 1668.780 14:55:53
5.060 160.098 809.512 14:55:54
5.060 151.500 768.049 14:55:55
5.052 159.195 882.439 14:55:56
5.056 298.195 1396.341 14:55:57
5.052 208.488 925.610 14:55:58
5.056 215.598 952.683 14:55:59
5.052 199.390 1250.732 14:56:00
5.056 252.195 1271.220 14:56:01
5.060 151.293 766.098 14:56:02
5.060 145.598 736.829 14:56:03
5.060 147.000 743.659 14:56:04
5.060 146.000 734.146 14:56:05
5.044 156.098 786.341 14:56:06
5.060 147.293 744.390 14:56:07
5.060 147.695 746.829 14:56:08
5.060 145.195 738.049 14:56:09
5.048 257.695 1007.317 14:56:10
5.060 152.098 807.561 14:56:11
5.052 160.500 1038.293 14:56:12
5.040 193.695 1015.854 14:56:13
5.060 151.390 765.610 14:56:14
5.020 247.488 1158.537 14:56:15
5.060 146.793 748.780 14:56:16
5.060 149.598 766.585 14:56:17
5.060 145.695 738.049 14:56:18
5.056 159.793 808.049 14:56:19
