5.020 332.890 1671.220 14:53:54
5.056 162.000 825.610 14:53:55
5.044 174.293 772.439 14:53:56
5.048 161.890 817.561 14:53:57
5.020 296.695 1340.732 14:53:58
5.052 211.695 1154.878 14:53:59
5.044 213.098 1409.756 14:54:00
5.052 250.585 1044.878 14:54:01
5.056 213.598 1012.927 14:54:02
5.052 190.195 970.976 14:54:03
5.048 188.988 929.024 14:54:04
5.060 151.500 992.195 14:54:05
5.052 196.890 1225.610 14:54:06
5.040 346.890 1480.488 14:54:07
5.060 149.598 753.171 14:54:08
5.056 171.488 966.585 14:54:09
5.060 148.793 754.146 14:54:10
5.060 147.500 748.537 14:54:11
5.064 148.098 747.317 14:54:12
5.048 152.000 766.585 14:54:13
5.052 158.890 769.268 14:54:14
5.036 192.098 891.220 14:54:15
5.048 236.598 1072.683 14:54:16
5.060 147.390 742.927 14:54:17
5.040 149.000 780.732 14:54:18
5.060 146.390 741.220 14:54:19
5.060 145.598 740.000 14:54:20
5.060 159.390 806.098 14:54:21
5.060 145.598 736.829 14:54:22
