5.024 333.085 1673.659 14:42:58
5.060 161.793 818.537 14:42:59
5.036 227.488 1147.317 14:43:00
5.060 152.695 772.439 14:43:01
5.048 251.890 973.415 14:43:02
5.064 149.390 758.537 14:43:03
5.032 254.085 882.683 14:43:04
5.044 184.695 988.537 14:43:05
5.044 211.695 1026.098 14:43:06
5.056 151.098 764.390 14:43:07
5.024 190.695 1071.463 14:43:08
5.040 191.695 1475.854 14:43:09
5.060 146.098 735.366 14:43:10
5.060 146.695 747.561 14:43:11
5.056 145.390 736.829 14:43:12
5.060 147.195 1019.756 14:43:13
5.060 145.500 739.756 14:43:14
5.060 200.098 752.195 14:43:15
5.064 157.390 745.366 14:43:16
5.048 164.695 852.683 14:43:17
5.060 145.500 740.000 14:43:18
5.048 165.293 767.317 14:43:19
5.060 146.195 737.317 14:43:20
5.048 219.988 1189.268 14:43:21
5.060 148.000 748.780 14:43:22
