5.024 332.085 1667.317 14:34:22
5.060 158.000 801.951 14:34:23
5.056 211.390 1030.976 14:34:24
5.060 146.000 739.268 14:34:25
5.060 149.793 758.049 14:34:26
5.060 206.195 1019.024 14:34:27
5.060 145.890 736.098 14:34:28
5.048 256.085 1060.488 14:34:29
5.056 149.598 754.390 14:34:30
5.056 160.390 767.317 14:34:31
5.060 151.000 760.488 14:34:32
5.060 147.000 747.561 14:34:33
5.056 147.695 1188.537 14:34:34
5.060 146.390 742.927 14:34:35
5.060 145.195 735.366 14:34:36
5.060 220.293 885.854 14:34:37
5.064 147.098 737.805 14:34:38
5.060 146.000 964.634 14:34:39
5.060 145.195 733.415 14:34:40
5.060 147.000 746.829 14:34:41
5.060 145.000 737.317 14:34:42
5.056 147.695 747.317 14:34:43
5.060 149.890 789.268 14:34:44
5.060 153.598 765.610 14:34:45
5.060 147.195 747.561 14:34:46
5.060 145.793 735.366 14:34:47
5.056 145.695 738.049 14:34:48
5.056 147.500 743.659 14:34:49
5.060 145.098 733.659 14:34:50
5.056 182.195 768.537 14:34:51
5.060 146.390 738.780 14:34:52
5.044 226.488 1142.927 14:34:53
