5.020 351.683 1768.293 14:56:22
5.056 165.390 844.390 14:56:23
5.060 151.695 767.561 14:56:24
5.040 185.488 937.073 14:56:25
5.020 251.195 1395.366 14:56:26
5.052 182.988 1333.171 14:56:27
5.060 149.598 758.780 14:56:28
5.056 184.695 1098.537 14:56:29
5.064 150.500 757.317 14:56:30
5.060 151.695 765.366 14:56:31
5.060 146.598 780.000 14:56:32
5.048 152.195 766.098 14:56:33
5.064 146.500 742.439 14:56:34
5.060 152.890 775.610 14:56:35
5.056 151.195 766.585 14:56:36
5.048 179.598 937.561 14:56:37
5.056 212.598 1072.683 14:56:38
5.056 152.195 1353.902 14:56:39
5.048 152.000 768.537 14:56:40
5.036 303.293 1337.073 14:56:41
5.056 183.488 1114.634 14:56:42
5.060 152.195 767.561 14:56:43
5.060 151.793 769.756 14:56:44
5.060 152.098 769.756 14:56:45
5.056 151.098 766.098 14:56:46
5.060 145.890 733.415 14:56:47
5.060 162.293 812.439 14:56:48
