5.024 360.988 1655.122 14:15:38
5.056 158.598 802.439 14:15:39
5.060 146.500 741.220 14:15:40
5.060 144.598 735.610 14:15:41
5.056 146.890 743.659 14:15:42
5.060 148.293 753.171 14:15:43
5.060 146.195 869.268 14:15:44
5.060 147.000 750.976 14:15:45
5.052 191.988 963.171 14:15:46
5.048 180.988 1041.463 14:15:47
5.060 145.195 1286.829 14:15:48
5.056 144.500 734.878 14:15:49
5.060 145.195 731.707 14:15:50
5.060 145.000 735.366 14:15:51
5.060 144.390 740.000 14:15:52
5.060 144.500 729.268 14:15:53
5.060 146.195 743.659 14:15:55
5.060 146.890 798.049 14:15:56
5.064 144.500 737.317 14:15:57
5.064 144.598 735.366 14:15:58
5.060 144.500 732.439 14:15:59
5.056 146.890 739.756 14:16:00
5.060 145.195 731.707 14:16:01
5.060 145.793 734.878 14:16:02
5.060 145.293 731.220 14:16:03
5.060 159.500 854.390 14:16:04
5.060 147.000 744.390 14:16:05
