5.060 164.390 831.951 16:46:58
5.044 247.390 1267.561 16:46:59
5.060 159.390 807.317 16:47:00
5.060 147.195 744.390 16:47:01
5.048 372.085 1882.927 16:47:02
5.060 213.890 826.098 16:47:03
5.060 145.390 735.610 16:47:04
5.060 145.293 736.098 16:47:05
5.052 205.293 744.878 16:47:06
5.064 145.500 736.829 16:47:07
5.060 145.500 744.878 16:47:08
5.060 148.098 886.341 16:47:09
5.060 149.195 758.049 16:47:10
5.064 147.793 739.268 16:47:11
5.052 183.098 930.000 16:47:12
5.048 199.598 995.854 16:47:13
5.060 152.195 771.951 16:47:14
5.052 155.793 782.439 16:47:15
5.056 177.488 947.073 16:47:16
5.056 151.293 771.951 16:47:17
5.052 223.793 1140.976 16:47:18
5.052 238.195 924.390 16:47:19
5.060 151.598 766.098 16:47:20
5.064 212.293 1063.659 16:47:21
5.048 167.000 849.268 16:47:22
5.052 214.098 972.195 16:47:23
5.060 152.598 1099.756 16:47:24
5.056 151.500 891.463 16:47:25
5.060 147.293 743.659 16:47:26
5.056 214.988 1146.829 16:47:27
5.060 148.598 748.780 16:47:28
5.048 147.000 745.366 16:47:29
5.056 152.890 961.463 16:47:30
5.060 149.598 759.756 16:47:31
5.048 201.293 1017.805 16:47:32
5.056 152.500 1339.024 16:47:33
5.052 206.598 1043.902 16:47:34
5.060 147.598 744.878 16:47:35
5.060 147.000 908.049 16:47:36
5.060 147.293 746.585 16:47:37
5.064 147.598 743.659 16:47:38
5.064 146.390 734.878 16:47:39
5.060 145.195 737.317 16:47:40
5.060 160.598 814.878 16:47:41
