5.060 155.390 778.049 15:50:10
5.044 251.293 1260.488 15:50:11
5.056 158.000 800.000 15:50:12
5.060 145.890 732.195 15:50:13
5.060 144.598 734.878 15:50:14
5.056 150.793 763.659 15:50:15
5.052 146.195 744.390 15:50:16
5.064 148.000 1027.317 15:50:17
5.060 145.098 731.707 15:50:18
5.060 145.293 731.220 15:50:19
5.060 145.500 731.220 15:50:20
5.060 202.890 739.756 15:50:21
5.064 145.098 731.220 15:50:22
5.060 145.098 731.707 15:50:23
5.060 146.195 733.659 15:50:24
5.060 155.098 730.488 15:50:25
5.060 144.793 734.146 15:50:26
5.060 144.793 734.146 15:50:27
5.052 197.695 1005.854 15:50:28
5.060 197.988 742.927 15:50:29
5.060 145.195 732.195 15:50:30
5.064 144.890 740.976 15:50:31
5.060 145.500 734.146 15:50:32
5.064 152.293 730.488 15:50:33
5.060 145.195 731.220 15:50:34
5.060 145.195 732.195 15:50:35
5.060 145.195 735.366 15:50:36
5.060 146.598 739.268 15:50:37
5.060 144.390 740.976 15:50:38
5.060 144.890 733.415 15:50:39
5.060 147.793 739.756 15:50:40
5.060 144.598 735.366 15:50:41
5.060 145.598 739.268 15:50:42
5.060 210.988 748.537 15:50:43
5.060 144.293 734.146 15:50:44
5.060 145.195 729.756 15:50:45
5.060 149.293 754.390 15:50:46
5.060 148.390 750.976 15:50:47
