5.060 159.890 808.780 15:52:36
5.044 248.585 1237.317 15:52:37
5.056 173.098 875.854 15:52:38
5.056 183.390 945.610 15:52:39
5.060 147.195 744.146 15:52:40
5.060 151.890 768.537 15:52:41
5.064 147.000 740.000 15:52:42
5.052 242.695 1009.756 15:52:43
5.056 190.890 912.683 15:52:44
5.060 144.500 734.878 15:52:45
5.060 145.195 802.439 15:52:46
5.060 154.598 747.561 15:52:47
5.060 144.695 731.707 15:52:48
5.064 145.195 731.707 15:52:49
5.060 146.195 731.707 15:52:50
5.060 149.390 757.317 15:52:51
5.060 146.793 740.000 15:52:52
5.052 196.488 1059.756 15:52:53
5.052 190.598 1076.098 15:52:54
5.060 144.695 731.707 15:52:55
5.064 145.195 731.220 15:52:56
5.060 196.390 732.195 15:52:57
5.064 146.293 740.488 15:52:58
5.060 145.195 732.195 15:52:59
5.064 144.598 732.439 15:53:00
5.060 146.195 731.220 15:53:01
5.064 144.793 734.878 15:53:02
5.060 146.890 743.171 15:53:03
5.064 145.000 732.927 15:53:04
5.060 145.195 731.220 15:53:05
5.060 152.890 743.171 15:53:06
5.060 149.195 752.195 15:53:07
5.060 146.195 739.268 15:53:08
5.064 146.098 739.756 15:53:09
5.060 202.695 1015.122 15:53:10
5.064 144.390 732.927 15:53:11
5.064 145.195 731.220 15:53:12
5.060 146.000 732.195 15:53:13
5.060 144.500 732.195 15:53:14
5.060 147.000 750.488 15:53:15
5.060 160.000 808.537 15:53:16
