5.056 152.890 792.927 15:57:40
5.044 251.293 1266.341 15:57:41
5.056 159.793 800.488 15:57:42
5.060 145.793 737.805 15:57:43
5.060 146.390 743.171 15:57:44
5.060 148.195 750.976 15:57:45
5.060 147.390 740.000 15:57:46
5.056 187.098 903.902 15:57:47
5.056 145.293 738.780 15:57:48
5.060 145.195 731.707 15:57:49
5.060 145.390 732.195 15:57:50
5.060 144.890 731.707 15:57:51
5.060 144.390 736.098 15:57:52
5.060 144.598 735.366 15:57:53
5.060 145.098 731.707 15:57:54
5.064 146.500 736.098 15:57:55
5.060 145.293 735.366 15:57:56
5.064 150.000 758.780 15:57:57
5.060 146.890 738.780 15:57:58
5.060 144.890 733.415 15:57:59
5.060 145.390 731.220 15:58:00
5.060 145.195 999.512 15:58:01
5.048 147.390 747.561 15:58:02
5.060 145.500 734.878 15:58:03
5.060 146.195 774.146 15:58:04
5.060 150.390 759.756 15:58:05
5.052 188.390 870.000 15:58:06
5.064 146.890 736.098 15:58:07
5.060 148.793 750.976 15:58:08
5.060 145.195 735.366 15:58:09
5.044 147.098 744.390 15:58:10
5.060 146.695 747.561 15:58:11
5.060 145.098 733.659 15:58:12
5.060 146.500 735.366 15:58:13
5.056 149.000 756.098 15:58:14
5.060 144.890 739.756 15:58:15
5.064 145.293 730.488 15:58:16
5.060 146.195 743.659 15:58:17
5.060 143.598 734.146 15:58:18
5.060 146.098 731.707 15:58:19
5.060 145.500 735.610 15:58:20
5.060 144.500 734.878 15:58:21
5.060 144.598 734.878 15:58:22
5.048 214.890 1089.024 15:58:23
5.060 145.293 741.220 15:58:24
