5.060 154.695 782.927 17:35:55
5.044 249.195 1243.171 17:35:56
5.056 158.890 803.171 17:35:57
5.060 146.598 738.537 17:35:58
5.056 166.098 1052.683 17:35:59
5.052 264.585 1375.122 17:36:00
5.060 144.293 732.439 17:36:01
5.060 144.598 732.439 17:36:02
5.060 215.890 852.683 17:36:03
5.060 145.390 736.829 17:36:04
5.060 145.793 740.976 17:36:05
5.060 209.988 743.659 17:36:06
5.060 145.390 741.220 17:36:07
5.060 147.098 741.220 17:36:08
5.060 199.293 750.976 17:36:09
5.060 149.293 1102.439 17:36:10
5.064 145.500 738.049 17:36:11
5.052 186.390 1074.878 17:36:12
5.052 221.988 932.683 17:36:13
5.064 144.098 734.146 17:36:14
5.060 154.000 735.610 17:36:15
5.060 166.293 895.122 17:36:16
5.060 157.000 735.366 17:36:17
5.060 147.500 740.000 17:36:18
5.064 147.195 743.659 17:36:19
5.060 145.500 1022.195 17:36:20
5.060 144.890 732.439 17:36:21
5.060 145.000 733.415 17:36:22
5.064 147.098 733.659 17:36:23
5.060 145.598 733.415 17:36:24
5.060 146.500 742.439 17:36:25
5.060 146.598 738.049 17:36:26
5.056 158.890 934.634 17:36:27
5.060 146.195 1022.683 17:36:28
5.056 151.000 764.146 17:36:29
5.044 203.488 866.829 17:36:30
5.064 146.293 744.390 17:36:31
5.060 146.500 744.878 17:36:32
5.052 197.793 998.537 17:36:33
5.060 158.098 803.659 17:36:34
