5.060 154.390 781.220 16:06:51
5.044 251.085 1249.268 16:06:52
5.060 161.293 815.610 16:06:53
5.060 148.695 754.878 16:06:54
5.060 149.695 756.585 16:06:55
5.052 230.488 985.122 16:06:56
5.060 147.098 1027.317 16:06:57
5.052 146.500 744.390 16:06:58
5.060 145.793 732.927 16:06:59
5.060 144.695 739.756 16:07:00
5.060 197.390 739.756 16:07:01
5.056 147.890 748.537 16:07:02
5.060 145.500 737.317 16:07:03
5.060 145.000 732.439 16:07:04
5.060 147.195 740.000 16:07:05
5.060 145.000 737.317 16:07:06
5.060 145.195 732.439 16:07:07
5.060 195.890 749.756 16:07:08
5.052 202.793 740.000 16:07:09
5.060 154.500 731.707 16:07:10
5.056 147.000 744.878 16:07:11
5.060 149.195 754.390 16:07:12
5.060 145.390 732.439 16:07:13
5.052 190.195 1312.683 16:07:14
5.060 151.098 760.000 16:07:15
5.064 146.890 740.000 16:07:16
5.064 147.793 738.049 16:07:17
5.064 149.890 756.585 16:07:18
5.060 151.195 762.927 16:07:19
5.048 191.293 1028.537 16:07:20
5.052 146.390 1062.927 16:07:21
5.060 145.500 732.927 16:07:22
5.060 145.390 732.927 16:07:23
5.052 158.500 1093.415 16:07:24
5.060 145.195 732.927 16:07:25
5.064 144.598 731.220 16:07:26
5.056 266.085 1092.439 16:07:27
5.060 149.695 752.195 16:07:28
5.060 145.293 732.927 16:07:29
5.060 144.695 736.098 16:07:30
5.064 144.695 733.415 16:07:31
5.060 146.390 733.415 16:07:32
5.060 146.195 735.610 16:07:33
5.064 145.195 740.000 16:07:34
5.060 146.293 742.927 16:07:35
5.064 149.390 751.220 16:07:36
5.064 144.793 736.829 16:07:37
5.060 145.390 732.927 16:07:38
5.060 145.695 738.049 16:07:39
5.064 145.390 732.195 16:07:40
5.060 158.695 802.439 16:07:41
