5.060 151.890 768.537 16:08:40
5.036 278.390 1414.146 16:08:41
5.060 159.098 803.659 16:08:42
5.064 146.695 739.756 16:08:43
5.060 149.000 756.585 16:08:44
5.044 186.293 901.220 16:08:45
5.060 145.500 733.415 16:08:46
5.060 145.195 735.366 16:08:47
5.060 147.195 743.171 16:08:48
5.064 145.598 732.195 16:08:49
5.060 155.695 735.610 16:08:50
5.064 144.793 736.098 16:08:51
5.060 144.695 737.317 16:08:52
5.060 146.293 739.756 16:08:53
5.060 144.890 736.098 16:08:54
5.060 144.695 736.098 16:08:55
5.060 145.695 737.317 16:08:56
5.064 148.195 745.366 16:08:57
5.060 149.500 752.195 16:08:58
5.060 145.098 784.390 16:08:59
5.048 226.988 885.122 16:09:00
5.060 150.195 758.780 16:09:01
5.060 183.390 790.488 16:09:02
5.056 195.488 999.512 16:09:03
5.040 223.098 1047.317 16:09:04
5.060 149.098 737.317 16:09:05
5.060 146.293 736.098 16:09:06
5.056 190.988 1041.707 16:09:07
5.044 155.293 1023.415 16:09:08
5.060 146.293 737.805 16:09:09
5.064 145.500 779.268 16:09:10
5.064 145.500 734.146 16:09:11
5.060 145.390 732.927 16:09:12
5.060 146.500 742.439 16:09:13
5.060 158.890 804.146 16:09:14
5.060 147.500 750.976 16:09:15
5.060 146.390 740.976 16:09:16
5.060 144.598 734.146 16:09:17
5.060 146.890 739.756 16:09:18
5.064 144.890 740.000 16:09:19
5.060 147.000 743.659 16:09:20
5.064 147.098 746.585 16:09:21
5.060 146.000 741.220 16:09:22
5.024 307.293 1404.146 16:09:23
