5.060 160.890 809.512 15:51:47
5.040 249.195 1256.098 15:51:48
5.060 161.890 883.902 15:51:49
5.060 148.000 748.780 15:51:50
5.060 151.695 1123.659 15:51:51
5.064 148.598 754.390 15:51:52
5.060 144.500 731.707 15:51:53
5.060 145.000 729.268 15:51:54
5.060 144.390 734.878 15:51:55
5.060 144.598 734.878 15:51:56
5.060 147.890 745.610 15:51:57
5.064 145.098 731.707 15:51:58
5.064 144.695 734.146 15:51:59
5.060 146.500 743.659 15:52:00
5.060 144.695 734.146 15:52:01
5.060 146.390 732.439 15:52:02
5.056 164.293 1001.463 15:52:03
5.064 145.195 731.220 15:52:04
5.060 146.695 733.415 15:52:05
5.060 145.293 731.220 15:52:06
5.060 148.890 752.927 15:52:07
5.060 144.500 734.878 15:52:08
5.060 147.098 743.659 15:52:09
5.060 150.000 763.659 15:52:10
5.060 146.793 735.366 15:52:11
5.064 153.500 789.756 15:52:12
5.056 172.488 1158.537 15:52:13
5.060 144.500 732.195 15:52:14
5.064 144.500 731.707 15:52:15
5.064 144.890 733.659 15:52:16
5.060 145.500 734.146 15:52:17
5.060 146.890 736.829 15:52:18
5.056 146.098 740.488 15:52:19
5.060 144.695 731.707 15:52:20
5.060 144.293 734.146 15:52:21
5.060 173.488 836.098 15:52:22
5.060 145.695 737.317 15:52:23
5.060 146.293 736.829 15:52:24
5.044 242.085 1301.951 15:52:25
