5.056 160.390 809.268 17:39:22
5.040 248.293 1234.878 17:39:23
5.056 159.793 804.878 17:39:24
5.064 146.098 745.366 17:39:25
5.048 184.195 1114.634 17:39:26
5.064 144.500 736.585 17:39:27
5.060 145.000 736.829 17:39:28
5.060 145.000 733.659 17:39:29
5.060 146.695 745.366 17:39:30
5.060 144.890 736.829 17:39:31
5.060 146.695 738.537 17:39:32
5.060 148.500 750.976 17:39:33
5.060 145.598 736.829 17:39:34
5.060 144.890 733.415 17:39:35
5.064 146.890 743.171 17:39:36
5.064 149.695 752.195 17:39:37
5.060 148.598 765.610 17:39:38
5.052 180.293 1248.293 17:39:39
5.048 156.098 1012.195 17:39:40
5.056 183.988 1029.024 17:39:41
5.060 149.293 752.439 17:39:42
5.060 164.390 752.927 17:39:43
5.044 186.195 907.561 17:39:44
5.048 264.085 804.146 17:39:45
5.064 146.195 741.707 17:39:46
5.060 154.390 735.610 17:39:47
5.048 147.195 788.780 17:39:48
5.052 145.000 737.317 17:39:49
5.060 145.793 739.756 17:39:50
5.060 146.598 742.927 17:39:51
5.060 148.793 737.317 17:39:52
5.060 146.890 739.268 17:39:53
5.060 144.793 734.146 17:39:54
5.048 146.695 741.707 17:39:55
5.064 147.390 739.756 17:39:56
5.064 145.598 734.146 17:39:57
5.060 144.098 735.366 17:39:58
5.060 145.195 733.415 17:39:59
5.064 148.793 752.439 17:40:00
5.060 145.890 733.659 17:40:01
5.060 144.890 737.317 17:40:03
5.052 209.195 1042.683 17:40:04
5.052 146.695 907.561 17:40:05
