5.056 156.000 793.659 17:41:04
5.040 252.195 1256.829 17:41:05
5.060 160.098 807.317 17:41:06
5.064 146.293 740.000 17:41:07
5.056 177.890 888.049 17:41:08
5.024 255.085 752.195 17:41:09
5.060 228.098 1102.439 17:41:10
5.060 145.890 737.317 17:41:11
5.060 146.390 739.756 17:41:12
5.060 148.000 749.756 17:41:13
5.060 146.098 735.366 17:41:14
5.060 145.793 734.146 17:41:15
5.044 148.195 748.537 17:41:16
5.060 154.598 735.366 17:41:17
5.060 145.793 776.829 17:41:18
5.056 203.695 746.585 17:41:19
5.060 149.098 797.561 17:41:20
5.064 229.598 746.585 17:41:21
5.060 146.390 746.585 17:41:22
5.048 260.793 1456.585 17:41:23
5.048 234.098 1178.780 17:41:24
5.060 154.890 911.463 17:41:25
5.044 150.598 766.585 17:41:26
5.060 150.598 766.098 17:41:27
5.060 203.488 937.805 17:41:28
5.052 204.598 984.146 17:41:29
5.060 151.195 771.220 17:41:30
5.044 265.585 1096.829 17:41:31
5.064 147.390 745.610 17:41:32
5.060 145.793 801.707 17:41:33
5.060 146.793 742.927 17:41:34
5.060 146.793 742.927 17:41:35
5.060 146.890 739.756 17:41:36
5.060 145.793 746.829 17:41:37
5.044 203.195 746.829 17:41:38
5.060 149.598 758.537 17:41:39
5.064 156.598 742.927 17:41:40
5.060 145.293 736.585 17:41:41
5.060 146.598 738.049 17:41:42
5.040 266.390 1230.732 17:41:43
