5.060 154.500 781.707 17:06:54
5.040 245.293 1237.561 17:06:55
5.056 162.098 820.488 17:06:56
5.060 150.000 759.756 17:06:57
5.024 321.390 1379.512 17:06:58
5.060 152.598 824.390 17:06:59
5.060 147.500 742.927 17:07:00
5.060 145.695 735.366 17:07:01
5.052 203.098 916.829 17:07:02
5.060 149.500 761.951 17:07:03
5.060 159.000 767.317 17:07:04
5.048 188.098 1210.488 17:07:05
5.056 151.695 763.659 17:07:06
5.064 147.195 747.561 17:07:07
5.052 188.598 969.024 17:07:08
5.052 148.293 1078.049 17:07:09
5.052 155.500 1169.268 17:07:10
5.052 249.488 1191.220 17:07:11
5.064 154.598 1162.439 17:07:12
5.060 146.098 737.317 17:07:13
5.060 234.793 995.366 17:07:14
5.044 224.195 1015.366 17:07:15
5.060 151.793 780.732 17:07:16
5.052 179.293 991.951 17:07:17
5.060 148.098 1026.585 17:07:18
5.060 149.695 756.585 17:07:19
5.052 148.890 1028.537 17:07:20
5.060 152.890 764.878 17:07:21
5.052 220.195 1071.463 17:07:22
5.048 226.195 748.780 17:07:23
5.052 196.195 996.341 17:07:24
5.044 205.695 969.512 17:07:25
5.060 150.793 749.756 17:07:26
5.044 335.890 1507.317 17:07:27
5.036 307.890 1536.098 17:07:28
5.064 211.390 1049.756 17:07:29
5.060 146.390 737.805 17:07:30
5.060 146.293 735.610 17:07:31
5.060 158.293 739.756 17:07:32
5.040 247.695 1239.512 17:07:33
