5.060 156.195 788.049 17:02:34
5.036 248.793 1253.902 17:02:35
5.060 159.500 807.561 17:02:36
5.060 152.000 769.268 17:02:37
5.052 206.695 1043.415 17:02:38
5.052 222.195 959.024 17:02:39
5.064 146.293 735.366 17:02:40
5.060 151.390 1193.659 17:02:41
5.052 245.085 1229.512 17:02:42
5.056 148.598 752.195 17:02:43
5.060 145.293 739.268 17:02:44
5.060 152.793 773.171 17:02:45
5.060 149.500 751.707 17:02:46
5.064 147.098 747.561 17:02:47
5.052 172.890 887.561 17:02:48
5.056 173.598 872.683 17:02:49
5.052 176.390 876.829 17:02:50
5.060 152.793 773.171 17:02:51
5.060 151.793 768.049 17:02:52
5.048 264.890 1120.976 17:02:53
5.060 145.695 737.805 17:02:54
5.060 146.293 737.805 17:02:55
5.040 156.793 767.561 17:02:56
5.064 148.390 756.585 17:02:57
5.060 145.695 741.220 17:02:58
5.060 151.695 767.561 17:02:59
5.052 197.488 944.390 17:03:00
5.056 147.293 1168.537 17:03:01
5.048 187.390 951.463 17:03:02
5.060 152.098 1091.463 17:03:04
5.048 217.793 1017.805 17:03:05
5.048 230.390 1029.024 17:03:06
5.044 220.195 1241.707 17:03:07
5.060 221.695 1024.146 17:03:08
5.060 146.390 736.098 17:03:09
5.060 152.195 1092.439 17:03:10
5.064 148.000 753.171 17:03:11
5.056 210.098 1058.293 17:03:12
5.064 145.793 741.220 17:03:13
5.060 145.098 741.220 17:03:14
5.060 146.793 750.976 17:03:15
5.036 245.988 1250.732 17:03:16
5.064 146.195 741.707 17:03:17
