5.060 164.890 779.268 16:40:53
5.044 247.793 1242.927 16:40:54
5.056 159.000 804.390 16:40:55
5.060 150.793 758.537 16:40:56
5.052 159.500 809.512 16:40:57
5.056 185.390 925.854 16:40:58
5.060 164.195 743.171 16:40:59
5.060 147.195 1028.293 16:41:00
5.064 149.890 1058.293 16:41:01
5.060 145.793 734.878 16:41:03
5.060 145.098 738.049 16:41:04
5.060 147.695 740.000 16:41:05
5.064 145.695 735.610 16:41:06
5.060 145.793 735.610 16:41:07
5.056 162.390 749.268 16:41:08
5.060 212.890 773.659 16:41:09
5.052 147.500 743.171 16:41:10
5.064 151.390 764.146 16:41:11
5.060 150.390 758.780 16:41:12
5.060 147.598 744.878 16:41:13
5.056 188.793 955.854 16:41:14
5.048 179.098 871.220 16:41:15
5.060 146.890 744.390 16:41:16
5.060 151.293 815.610 16:41:17
5.048 198.793 964.634 16:41:18
5.060 145.390 738.049 16:41:19
5.048 197.390 906.829 16:41:20
5.060 145.500 740.976 16:41:21
5.064 145.000 737.317 16:41:22
5.064 146.890 743.659 16:41:23
5.060 149.000 754.146 16:41:24
5.060 151.293 765.610 16:41:25
5.060 150.390 767.317 16:41:26
5.052 182.793 997.805 16:41:27
5.060 148.695 751.220 16:41:28
5.056 162.293 815.610 16:41:29
5.060 145.890 740.976 16:41:30
5.056 169.793 913.171 16:41:31
5.064 218.195 870.244 16:41:32
5.056 147.500 746.585 16:41:33
5.060 145.098 737.317 16:41:34
5.060 145.598 736.829 16:41:35
5.060 183.195 737.805 16:41:36
5.060 147.293 741.707 16:41:37
5.060 147.293 744.878 16:41:38
5.044 242.988 1335.122 16:41:39
