5.060 151.793 737.317 16:56:30
5.056 183.598 747.317 16:56:31
5.040 250.085 1260.488 16:56:32
5.060 147.598 743.171 16:56:33
5.060 145.500 744.390 16:56:34
5.056 147.098 740.976 16:56:35
5.060 145.598 739.756 16:56:36
5.060 147.293 747.561 16:56:37
5.052 151.695 784.878 16:56:38
5.056 231.293 1111.707 16:56:39
5.060 151.500 767.317 16:56:40
5.028 299.988 1419.756 16:56:41
5.060 151.500 764.146 16:56:42
5.060 145.598 739.756 16:56:43
5.056 159.000 805.610 16:56:44
5.044 193.293 962.195 16:56:45
5.056 151.890 785.610 16:56:46
5.044 237.293 1338.780 16:56:47
5.060 150.000 755.366 16:56:48
5.060 151.293 802.927 16:56:49
5.048 179.195 1046.585 16:56:50
5.064 146.098 735.366 16:56:51
5.060 146.695 739.268 16:56:52
5.060 149.000 752.439 16:56:53
5.060 146.598 745.366 16:56:54
5.060 149.890 758.049 16:56:55
5.056 150.793 767.317 16:56:56
5.048 179.695 807.317 16:56:57
5.052 183.890 923.415 16:56:58
5.060 154.293 780.488 16:56:59
5.060 147.695 748.537 16:57:00
5.060 153.598 834.878 16:57:01
5.060 226.488 1290.244 16:57:02
5.056 251.695 918.780 16:57:03
5.060 150.390 825.122 16:57:04
5.052 256.293 1158.537 16:57:05
5.060 149.598 758.537 16:57:06
5.056 166.695 840.000 16:57:07
5.056 196.488 957.805 16:57:08
5.060 146.195 1021.707 16:57:09
5.064 146.000 736.098 16:57:10
5.060 146.098 740.976 16:57:11
5.060 145.000 734.878 16:57:12
5.060 146.000 735.610 16:57:13
5.044 160.793 812.927 16:57:14
