5.060 154.293 786.829 16:30:39
5.040 260.890 1244.878 16:30:40
5.056 159.098 805.122 16:30:41
5.060 146.890 834.390 16:30:42
5.044 230.598 1122.195 16:30:43
5.036 199.098 987.073 16:30:44
5.060 145.890 734.146 16:30:45
5.060 147.695 746.829 16:30:46
5.064 146.890 748.049 16:30:47
5.060 145.098 735.366 16:30:48
5.060 147.390 742.439 16:30:49
5.060 147.793 746.585 16:30:50
5.060 146.000 734.146 16:30:51
5.056 147.500 745.610 16:30:52
5.064 153.098 743.171 16:30:53
5.060 148.890 756.829 16:30:54
5.064 190.098 743.659 16:30:55
5.060 158.390 846.829 16:30:56
5.052 182.195 922.195 16:30:57
5.044 151.500 790.488 16:30:58
5.044 281.085 1072.683 16:30:59
5.060 148.695 744.146 16:31:00
5.040 246.293 993.902 16:31:01
5.056 179.890 937.805 16:31:02
5.064 145.890 735.366 16:31:03
5.052 179.488 1055.366 16:31:04
5.048 157.000 743.171 16:31:05
5.056 147.793 745.610 16:31:06
5.060 146.695 744.878 16:31:07
5.056 202.890 747.561 16:31:08
5.060 147.098 742.927 16:31:09
5.048 208.890 1039.512 16:31:10
5.060 150.793 761.707 16:31:11
5.032 248.293 984.146 16:31:12
5.048 147.390 781.220 16:31:13
5.060 145.793 731.707 16:31:14
5.048 164.000 742.439 16:31:15
5.060 145.890 742.439 16:31:16
5.064 145.695 733.659 16:31:17
5.060 146.793 739.268 16:31:18
5.060 146.500 734.146 16:31:19
5.060 145.598 736.829 16:31:20
5.060 145.890 733.415 16:31:21
5.060 145.598 733.415 16:31:22
5.048 214.293 1084.878 16:31:23
