5.060 187.390 948.293 17:01:41
5.040 251.488 1260.000 17:01:42
5.060 159.098 805.122 17:01:43
5.060 150.293 763.659 17:01:44
5.052 191.890 1018.537 17:01:45
5.044 285.195 1232.439 17:01:46
5.060 154.390 738.780 17:01:47
5.060 147.000 794.878 17:01:48
5.060 152.000 767.561 17:01:49
5.060 149.695 756.829 17:01:50
5.064 147.598 741.220 17:01:51
5.060 151.793 764.878 17:01:52
5.060 146.293 738.780 17:01:53
5.060 145.500 740.976 17:01:54
5.064 152.793 909.024 17:01:55
5.044 255.390 984.634 17:01:56
5.064 151.000 758.780 17:01:57
5.048 217.195 944.634 17:01:58
5.052 233.488 1176.829 17:01:59
5.060 147.195 741.220 17:02:00
5.056 152.390 764.146 17:02:01
5.048 196.890 1242.439 17:02:02
5.060 222.695 1077.317 17:02:03
5.052 226.488 1112.195 17:02:04
5.060 155.793 813.171 17:02:05
5.048 192.988 988.293 17:02:06
5.064 147.890 1067.317 17:02:07
5.052 226.390 807.561 17:02:08
5.048 204.293 904.390 17:02:09
5.064 148.293 744.878 17:02:10
5.060 151.500 766.829 17:02:11
5.056 183.195 862.683 17:02:12
5.052 188.293 746.829 17:02:13
5.064 150.890 760.976 17:02:14
5.048 151.598 768.049 17:02:15
5.044 152.098 770.000 17:02:16
5.060 161.293 770.000 17:02:17
5.048 156.793 790.000 17:02:18
5.060 148.890 1024.634 17:02:19
5.060 149.195 756.098 17:02:20
5.048 152.293 764.146 17:02:21
5.056 177.793 747.561 17:02:22
5.060 145.390 739.268 17:02:23
5.044 272.195 1601.220 17:02:24
