5.060 155.793 788.780 17:41:53
5.036 276.988 1408.293 17:41:54
5.060 161.293 804.878 17:41:55
5.060 146.098 741.707 17:41:56
5.056 163.500 1048.537 17:41:57
5.064 146.890 745.366 17:41:58
5.060 145.195 734.146 17:41:59
5.060 145.293 737.317 17:42:00
5.060 153.390 943.415 17:42:01
5.064 145.695 734.146 17:42:02
5.060 147.598 744.878 17:42:03
5.060 159.695 747.561 17:42:04
5.060 145.598 734.146 17:42:05
5.060 147.390 739.268 17:42:06
5.060 146.890 744.390 17:42:07
5.060 151.293 768.537 17:42:08
5.060 190.488 1073.415 17:42:09
5.056 179.695 944.634 17:42:10
5.064 146.098 1064.878 17:42:11
5.060 149.695 754.390 17:42:12
5.056 152.098 764.878 17:42:13
5.060 146.793 745.610 17:42:14
5.044 169.890 746.098 17:42:15
5.060 146.598 987.561 17:42:16
5.048 146.195 740.976 17:42:17
5.060 145.793 738.780 17:42:18
5.060 144.890 737.805 17:42:19
5.060 146.890 743.659 17:42:20
5.060 155.695 738.537 17:42:21
5.060 147.000 1025.122 17:42:22
5.060 147.098 743.659 17:42:23
5.060 149.598 756.829 17:42:24
5.060 146.293 749.756 17:42:25
5.060 150.695 760.000 17:42:26
5.060 151.195 766.829 17:42:28
5.060 147.293 747.561 17:42:29
5.056 152.500 768.537 17:42:30
5.048 147.390 746.098 17:42:31
5.060 145.293 735.610 17:42:32
5.060 159.098 805.122 17:42:33
