5.060 147.195 1039.512 17:09:30
5.024 293.195 1479.024 17:09:31
5.056 160.793 810.732 17:09:32
5.060 151.500 766.098 17:09:33
5.064 146.793 743.171 17:09:34
5.060 211.988 774.146 17:09:35
5.044 200.195 928.780 17:09:36
5.056 178.988 903.171 17:09:37
5.040 195.890 1042.683 17:09:38
5.044 222.988 1041.463 17:09:39
5.060 204.488 855.122 17:09:40
5.056 152.293 767.317 17:09:41
5.040 246.293 1323.902 17:09:42
5.060 151.000 764.146 17:09:43
5.048 192.793 942.683 17:09:44
5.044 215.390 971.463 17:09:45
5.060 147.390 750.000 17:09:46
5.044 197.488 1008.537 17:09:47
5.052 181.890 1022.683 17:09:48
5.056 172.195 767.561 17:09:49
5.052 207.390 1089.756 17:09:50
5.056 151.890 767.561 17:09:51
5.060 149.890 760.976 17:09:52
5.060 152.793 771.220 17:09:53
5.060 152.890 1098.537 17:09:54
5.060 149.500 756.829 17:09:55
5.060 145.890 756.585 17:09:56
5.060 152.000 766.098 17:09:57
5.052 238.390 984.146 17:09:58
5.056 195.988 1052.195 17:09:59
5.048 149.390 759.756 17:10:00
5.048 203.890 953.902 17:10:01
5.060 151.195 766.098 17:10:02
5.044 171.988 810.000 17:10:03
5.056 224.890 1157.805 17:10:04
5.060 223.098 984.634 17:10:05
5.048 183.598 953.902 17:10:06
5.060 148.695 749.268 17:10:07
5.052 193.793 1029.024 17:10:08
5.060 145.500 736.098 17:10:09
5.060 146.098 737.317 17:10:10
5.060 160.000 744.390 17:10:11
