5.056 158.098 800.000 15:45:07
5.040 246.390 1241.951 15:45:08
5.060 158.500 800.732 15:45:09
5.064 144.500 731.220 15:45:10
5.056 148.098 747.561 15:45:11
5.060 145.000 735.366 15:45:12
5.064 143.793 734.146 15:45:13
5.052 187.695 1027.073 15:45:14
5.060 146.793 740.488 15:45:15
5.052 146.695 739.268 15:45:16
5.056 178.293 910.000 15:45:17
5.064 146.000 738.780 15:45:18
5.060 164.598 734.146 15:45:19
5.064 145.000 730.488 15:45:20
5.060 145.000 731.707 15:45:21
5.060 145.000 735.366 15:45:22
5.060 146.195 1003.415 15:45:23
5.052 145.695 739.268 15:45:24
5.064 144.293 734.146 15:45:25
5.060 144.390 733.659 15:45:26
5.060 145.293 736.098 15:45:27
5.064 156.195 752.439 15:45:28
5.056 145.098 733.415 15:45:29
5.060 144.793 730.488 15:45:30
5.060 146.000 739.756 15:45:31
5.052 205.598 1010.976 15:45:32
5.060 145.098 733.659 15:45:33
5.060 144.598 733.415 15:45:34
5.052 146.598 740.488 15:45:35
5.060 144.500 734.146 15:45:36
5.056 147.598 732.439 15:45:37
5.060 146.000 738.049 15:45:38
5.064 144.293 735.366 15:45:39
5.060 144.390 734.146 15:45:40
5.060 145.598 731.220 15:45:41
5.064 150.390 756.829 15:45:42
5.060 144.390 730.488 15:45:43
5.060 144.293 988.537 15:45:44
5.060 145.500 739.756 15:45:45
5.060 145.695 736.098 15:45:46
5.056 158.195 800.000 15:45:47
5.060 144.390 730.000 15:45:48
