5.060 163.098 823.659 16:34:55
5.040 250.793 1256.829 16:34:56
5.056 161.793 818.780 16:34:57
5.064 148.500 748.537 16:34:58
5.020 222.390 984.634 16:34:59
5.060 160.000 747.561 16:35:00
5.060 145.890 734.878 16:35:01
5.064 145.098 737.805 16:35:02
5.064 147.598 767.561 16:35:03
5.060 145.695 734.146 16:35:04
5.060 145.500 737.805 16:35:05
5.052 147.390 1009.512 16:35:06
5.060 145.195 738.049 16:35:07
5.060 145.695 737.805 16:35:08
5.060 145.293 1011.463 16:35:09
5.060 149.000 754.146 16:35:10
5.064 147.293 744.878 16:35:11
5.060 151.500 804.146 16:35:12
5.060 150.890 1180.488 16:35:13
5.060 203.293 1145.610 16:35:14
5.052 206.793 831.220 16:35:15
5.056 177.598 933.415 16:35:16
5.048 210.988 961.463 16:35:17
5.052 176.695 943.902 16:35:18
5.060 145.098 737.317 16:35:19
5.060 145.793 734.878 16:35:20
5.060 156.000 738.780 16:35:21
5.060 197.293 1066.585 16:35:22
5.064 145.500 734.146 16:35:23
5.060 151.098 764.878 16:35:24
5.060 202.598 746.585 16:35:25
5.064 145.390 734.146 16:35:26
5.060 146.793 746.829 16:35:27
5.044 201.488 1028.293 16:35:28
5.056 179.890 1051.707 16:35:29
5.056 190.695 1117.805 16:35:30
5.052 220.488 1440.732 16:35:31
5.060 146.098 738.049 16:35:32
5.060 149.598 847.073 16:35:33
5.064 145.098 738.049 16:35:34
5.064 145.598 736.829 16:35:35
5.064 149.000 754.146 16:35:36
