5.056 177.598 814.878 16:01:01
5.040 249.793 1258.780 16:01:02
5.056 161.793 818.537 16:01:03
5.048 205.488 1037.317 16:01:04
5.052 184.098 935.122 16:01:05
5.060 145.390 732.439 16:01:06
5.064 145.598 733.415 16:01:07
5.060 144.793 736.098 16:01:08
5.060 147.500 748.780 16:01:09
5.060 144.793 735.366 16:01:10
5.060 145.500 735.366 16:01:11
5.060 145.500 728.537 16:01:12
5.060 146.293 744.146 16:01:13
5.060 145.890 736.829 16:01:14
5.060 146.390 741.707 16:01:15
5.060 211.695 760.000 16:01:16
5.060 149.890 756.585 16:01:17
5.060 152.098 769.268 16:01:18
5.060 169.598 755.366 16:01:19
5.060 147.195 744.390 16:01:20
5.052 257.890 1246.341 16:01:21
5.060 147.098 1022.683 16:01:22
5.060 148.500 756.098 16:01:23
5.060 147.390 748.780 16:01:24
5.060 150.793 764.146 16:01:25
5.052 181.695 1073.659 16:01:26
5.060 156.890 742.195 16:01:27
5.060 147.793 922.683 16:01:28
5.064 144.390 732.195 16:01:29
5.064 146.195 737.805 16:01:30
5.060 218.598 1103.415 16:01:31
5.056 150.793 762.927 16:01:32
5.064 147.000 743.659 16:01:33
5.056 196.293 936.341 16:01:34
5.060 146.293 741.220 16:01:35
5.048 175.988 784.878 16:01:36
5.060 144.500 732.195 16:01:37
5.060 200.195 967.561 16:01:38
5.060 144.390 737.317 16:01:39
5.060 145.195 733.415 16:01:40
5.060 144.000 736.098 16:01:41
5.060 147.890 752.195 16:01:42
