5.056 207.488 1048.293 16:07:51
5.040 245.085 1248.293 16:07:52
5.056 161.390 816.098 16:07:53
5.060 148.098 745.366 16:07:54
5.060 151.000 764.146 16:07:55
5.048 217.195 999.024 16:07:56
5.060 148.598 752.195 16:07:57
5.056 177.988 1283.171 16:07:58
5.060 245.890 1019.756 16:07:59
5.060 145.195 732.195 16:08:00
5.060 144.695 732.195 16:08:01
5.060 148.098 749.268 16:08:02
5.064 144.500 740.976 16:08:03
5.064 146.390 752.195 16:08:04
5.048 147.000 808.049 16:08:05
5.056 144.695 735.366 16:08:06
5.060 156.000 744.390 16:08:07
5.052 176.988 1076.585 16:08:08
5.056 145.390 740.976 16:08:09
5.060 145.500 732.439 16:08:10
5.060 146.793 736.829 16:08:11
5.060 148.500 798.049 16:08:12
5.060 146.293 743.659 16:08:13
5.048 151.000 852.683 16:08:14
5.048 212.988 931.463 16:08:15
5.060 154.695 748.780 16:08:16
5.052 183.793 1159.268 16:08:17
5.060 147.293 744.390 16:08:18
5.056 182.098 920.244 16:08:19
5.060 214.988 753.171 16:08:20
5.064 147.000 742.439 16:08:21
5.056 145.695 735.366 16:08:22
5.060 145.390 732.439 16:08:23
5.064 144.793 737.805 16:08:24
5.060 144.793 734.146 16:08:25
5.056 147.000 742.439 16:08:26
5.064 145.195 739.756 16:08:27
5.060 148.000 746.585 16:08:28
5.044 246.890 1256.341 16:08:29
5.060 147.098 735.610 16:08:30
