5.060 160.500 813.659 17:03:26
5.044 247.695 1240.732 17:03:27
5.060 159.695 807.561 17:03:28
5.060 197.293 996.585 17:03:29
5.056 230.390 1152.927 17:03:30
5.060 152.695 888.293 17:03:31
5.060 150.500 763.659 17:03:32
5.060 146.390 738.780 17:03:33
5.060 151.890 1153.415 17:03:34
5.044 192.890 970.244 17:03:35
5.056 148.390 750.488 17:03:36
5.036 197.195 1335.610 17:03:37
5.052 221.988 998.537 17:03:38
5.056 151.793 862.439 17:03:39
5.056 187.488 1124.878 17:03:40
5.056 174.988 890.000 17:03:41
5.060 172.598 749.268 17:03:42
5.048 251.488 1263.659 17:03:43
5.056 210.695 1134.390 17:03:44
5.060 151.890 798.049 17:03:45
5.044 268.585 1205.122 17:03:46
5.060 152.098 771.707 17:03:47
5.060 146.793 738.780 17:03:48
5.060 149.293 752.927 17:03:49
5.060 152.098 768.049 17:03:50
5.052 193.695 969.756 17:03:51
5.060 191.598 773.171 17:03:52
5.048 151.695 771.220 17:03:53
5.060 145.890 746.829 17:03:54
5.056 167.098 992.927 17:03:55
5.060 198.488 812.439 17:03:56
5.044 185.890 935.610 17:03:57
5.060 214.890 745.610 17:03:58
5.060 151.890 766.829 17:03:59
5.048 148.098 1176.829 17:04:00
5.060 148.000 748.780 17:04:01
5.052 149.195 754.390 17:04:02
5.060 145.695 739.756 17:04:03
5.060 151.098 768.049 17:04:04
5.060 147.500 745.366 17:04:05
5.060 146.293 744.390 17:04:06
5.048 244.195 1096.829 17:04:07
