5.056 161.000 909.512 16:35:46
5.040 251.293 1250.000 16:35:47
5.056 159.098 804.390 16:35:48
5.064 145.195 737.805 16:35:49
5.044 287.585 1448.293 16:35:50
5.044 261.293 1116.829 16:35:51
5.060 147.390 743.171 16:35:52
5.060 147.598 745.366 16:35:53
5.056 203.488 749.268 16:35:54
5.060 145.890 735.366 16:35:55
5.060 239.293 749.268 16:35:56
5.060 147.695 742.195 16:35:57
5.060 145.890 737.805 16:35:58
5.064 146.890 748.049 16:35:59
5.060 151.390 761.951 16:36:00
5.048 211.098 947.073 16:36:01
5.060 201.488 1036.098 16:36:02
5.056 258.988 1150.976 16:36:03
5.060 145.293 734.390 16:36:04
5.064 146.793 746.829 16:36:05
5.060 149.098 754.878 16:36:06
5.060 202.488 752.195 16:36:07
5.048 180.598 1040.244 16:36:08
5.052 187.598 920.244 16:36:09
5.056 151.098 764.146 16:36:10
5.060 250.695 762.927 16:36:11
5.056 195.988 1111.220 16:36:12
5.060 145.195 735.366 16:36:13
5.052 171.598 844.878 16:36:14
5.040 175.890 1047.073 16:36:15
5.060 145.500 737.805 16:36:16
5.060 145.793 734.878 16:36:17
5.060 180.488 861.220 16:36:18
5.060 145.293 735.366 16:36:19
5.044 204.598 752.927 16:36:20
5.052 157.598 743.659 16:36:21
5.060 145.293 760.000 16:36:22
5.064 146.000 736.098 16:36:23
5.056 159.098 804.390 16:36:24
5.060 145.890 738.049 16:36:25
