5.060 159.890 809.268 15:49:23
5.040 250.085 1260.488 15:49:24
5.060 161.195 814.390 15:49:25
5.060 147.195 744.878 15:49:26
5.060 348.293 748.537 15:49:27
5.060 151.195 773.171 15:49:28
5.060 145.695 735.366 15:49:29
5.060 144.695 736.829 15:49:30
5.060 144.500 732.195 15:49:31
5.064 153.500 730.488 15:49:32
5.060 145.598 781.707 15:49:33
5.064 144.598 731.220 15:49:34
5.064 144.598 885.122 15:49:35
5.056 153.293 734.146 15:49:36
5.060 147.195 741.220 15:49:37
5.060 144.390 734.878 15:49:38
5.064 145.098 734.146 15:49:39
5.060 145.098 734.878 15:49:40
5.060 145.000 734.146 15:49:41
5.060 145.098 731.220 15:49:42
5.064 149.000 753.171 15:49:43
5.056 180.988 1168.049 15:49:44
5.064 145.195 736.098 15:49:45
5.060 145.195 730.976 15:49:46
5.064 146.293 734.878 15:49:47
5.060 145.793 734.146 15:49:48
5.064 144.598 730.488 15:49:49
5.060 145.000 734.146 15:49:50
5.060 146.000 739.756 15:49:51
5.056 144.598 732.195 15:49:53
5.060 180.390 822.439 15:49:54
5.056 144.695 734.146 15:49:55
5.060 145.500 735.610 15:49:56
5.060 145.195 731.220 15:49:57
5.060 144.890 728.049 15:49:58
5.060 144.890 731.220 15:49:59
5.056 157.890 800.488 15:50:00
5.060 149.293 768.049 15:50:01
