5.060 197.098 815.122 17:07:43
5.040 250.988 1265.122 17:07:44
5.056 159.695 811.951 17:07:45
5.060 149.695 757.317 17:07:46
5.032 332.683 1407.561 17:07:47
5.052 160.000 1075.366 17:07:48
5.060 147.500 741.220 17:07:49
5.060 145.598 740.000 17:07:50
5.060 152.890 1154.390 17:07:51
5.060 146.793 737.317 17:07:52
5.060 147.890 736.829 17:07:53
5.056 151.793 764.390 17:07:54
5.056 167.598 848.049 17:07:55
5.048 182.488 1216.098 17:07:56
5.060 152.500 770.976 17:07:57
5.060 149.695 760.000 17:07:58
5.040 278.390 1177.317 17:07:59
5.060 151.890 768.780 17:08:00
5.060 145.793 741.707 17:08:01
5.060 148.000 748.537 17:08:02
5.056 212.988 962.195 17:08:03
5.060 145.695 739.756 17:08:04
5.044 168.000 748.780 17:08:05
5.064 188.695 749.756 17:08:06
5.056 188.390 1041.707 17:08:07
5.060 148.098 1030.976 17:08:08
5.048 229.890 771.707 17:08:09
5.064 152.098 1156.098 17:08:10
5.044 180.598 978.293 17:08:11
5.060 151.793 820.488 17:08:13
5.040 223.390 1350.732 17:08:14
5.048 241.390 993.415 17:08:15
5.040 193.098 919.024 17:08:16
5.048 152.598 774.390 17:08:17
5.060 152.293 764.146 17:08:18
5.056 147.390 747.317 17:08:19
5.060 160.195 1016.341 17:08:20
5.048 214.793 1026.098 17:08:21
5.060 147.793 747.561 17:08:22
5.064 145.695 740.976 17:08:23
5.056 146.598 737.805 17:08:24
5.036 246.195 1251.220 17:08:25
