5.052 199.695 1011.463 17:08:35
5.040 249.793 1258.049 17:08:36
5.056 162.098 821.220 17:08:37
5.048 182.098 938.780 17:08:38
5.028 273.695 1873.902 17:08:39
5.060 218.695 768.537 17:08:40
5.060 150.890 760.488 17:08:41
5.060 146.195 737.317 17:08:42
5.048 161.500 817.317 17:08:43
5.052 197.098 906.341 17:08:44
5.060 147.390 747.561 17:08:45
5.048 292.195 1320.244 17:08:46
5.056 188.695 889.512 17:08:47
5.048 149.000 798.780 17:08:48
5.056 151.890 764.390 17:08:49
5.044 208.293 1049.756 17:08:50
5.056 151.793 768.537 17:08:51
5.060 158.000 812.927 17:08:52
5.048 195.695 1359.024 17:08:53
5.060 148.598 753.659 17:08:54
5.064 149.890 756.585 17:08:55
5.060 153.195 768.049 17:08:56
5.056 181.195 1033.902 17:08:57
5.040 201.793 986.341 17:08:58
5.060 147.390 1028.537 17:08:59
5.056 225.488 935.610 17:09:00
5.060 147.500 749.756 17:09:01
5.064 151.500 765.610 17:09:02
5.056 152.695 853.659 17:09:03
5.052 151.098 760.976 17:09:04
5.052 244.890 1287.561 17:09:05
5.048 202.890 889.512 17:09:06
5.056 147.598 752.439 17:09:07
5.056 147.390 746.098 17:09:08
5.060 147.293 741.220 17:09:09
5.056 147.293 769.268 17:09:10
5.056 148.000 746.585 17:09:11
5.060 146.293 737.317 17:09:12
5.060 145.500 740.976 17:09:13
5.060 147.293 748.780 17:09:14
5.060 146.293 737.317 17:09:15
5.060 151.500 763.659 17:09:16
5.060 146.293 740.976 17:09:17
5.060 145.500 740.000 17:09:18
5.040 247.390 1252.439 17:09:19
5.064 146.695 742.439 17:09:20
