5.060 166.390 841.951 17:05:08
5.060 148.000 748.537 17:05:09
5.040 264.195 1332.683 17:05:10
5.060 148.293 752.439 17:05:11
5.064 147.293 748.780 17:05:12
5.056 173.195 814.878 17:05:13
5.052 225.293 1162.439 17:05:14
5.048 147.195 752.439 17:05:15
5.060 151.793 1226.829 17:05:16
5.036 203.195 943.902 17:05:18
5.060 147.793 746.829 17:05:19
5.056 207.098 1027.317 17:05:20
5.044 221.293 1122.439 17:05:21
5.052 149.000 908.049 17:05:22
5.060 147.890 747.317 17:05:23
5.056 182.988 943.415 17:05:24
5.060 149.695 754.390 17:05:25
5.064 145.598 740.000 17:05:26
5.060 151.195 761.951 17:05:27
5.060 148.293 743.171 17:05:28
5.060 148.890 750.976 17:05:29
5.040 216.293 764.878 17:05:30
5.040 256.988 1007.317 17:05:31
5.052 191.293 967.073 17:05:32
5.048 227.293 983.415 17:05:33
5.060 148.390 748.780 17:05:34
5.060 152.195 770.000 17:05:35
5.036 159.793 836.829 17:05:36
5.044 213.098 985.122 17:05:37
5.052 180.390 1026.098 17:05:38
5.040 247.390 1116.098 17:05:39
5.060 211.793 1184.390 17:05:40
5.052 149.098 744.878 17:05:41
5.048 222.293 1019.756 17:05:42
5.060 154.000 1075.366 17:05:43
5.060 146.000 1012.927 17:05:44
5.060 147.890 746.585 17:05:45
5.060 146.000 737.317 17:05:46
5.060 154.293 736.098 17:05:47
5.060 147.695 744.878 17:05:48
5.060 146.293 737.317 17:05:49
5.060 145.195 762.439 17:05:50
5.056 147.293 747.561 17:05:51
5.060 146.098 735.366 17:05:52
5.060 146.195 737.317 17:05:53
5.040 160.500 811.220 17:05:54
5.060 145.695 737.317 17:05:55
