5.060 159.890 813.171 16:47:51
5.032 241.390 1264.390 16:47:52
5.056 162.000 825.122 16:47:53
5.060 152.598 767.561 16:47:54
5.028 197.695 884.634 16:47:55
5.048 150.695 764.146 16:47:56
5.064 145.598 739.268 16:47:57
5.060 145.890 737.317 16:47:58
5.060 147.195 744.390 16:47:59
5.060 145.793 738.780 16:48:00
5.064 148.500 756.098 16:48:01
5.052 210.195 767.317 16:48:02
5.060 149.195 755.366 16:48:03
5.064 145.890 736.098 16:48:04
5.056 260.695 771.951 16:48:05
5.052 188.793 1046.098 16:48:06
5.060 147.695 743.659 16:48:07
5.052 190.293 953.902 16:48:08
5.052 151.598 762.927 16:48:09
5.060 148.598 747.561 16:48:10
5.056 149.195 1065.854 16:48:11
5.064 145.390 735.610 16:48:12
5.044 207.390 1151.707 16:48:13
5.048 167.890 1139.268 16:48:14
5.060 145.598 785.610 16:48:15
5.060 147.000 747.317 16:48:16
5.064 147.695 745.610 16:48:17
5.056 241.085 862.439 16:48:18
5.040 218.488 1433.415 16:48:19
5.064 151.500 766.098 16:48:20
5.048 200.695 1013.902 16:48:21
5.044 186.098 1119.268 16:48:22
5.060 147.000 746.585 16:48:23
5.060 149.098 754.390 16:48:24
5.060 150.195 755.366 16:48:25
5.048 151.098 1139.024 16:48:26
5.052 207.695 1132.195 16:48:27
5.060 147.195 831.951 16:48:28
5.056 188.598 947.805 16:48:29
5.060 144.695 738.780 16:48:30
5.060 146.695 742.927 16:48:31
5.060 146.000 735.610 16:48:32
5.056 147.500 746.585 16:48:33
5.060 145.293 736.829 16:48:34
5.060 145.793 738.537 16:48:35
5.056 159.098 845.122 16:48:36
5.060 145.098 731.220 16:48:37
