5.060 160.695 813.171 16:39:11
5.032 289.890 1488.537 16:39:12
5.056 160.598 812.439 16:39:13
5.052 168.390 851.951 16:39:14
5.064 145.195 736.829 16:39:15
5.052 199.098 746.829 16:39:16
5.064 145.890 736.829 16:39:17
5.060 146.000 741.707 16:39:18
5.060 164.000 750.976 16:39:19
5.060 147.098 768.537 16:39:20
5.060 145.000 738.049 16:39:21
5.052 151.293 767.561 16:39:22
5.044 184.598 1125.366 16:39:23
5.064 178.890 751.220 16:39:24
5.064 145.293 735.366 16:39:25
5.060 147.695 1216.829 16:39:26
5.064 145.390 744.390 16:39:27
5.052 211.390 1072.195 16:39:28
5.064 214.488 1115.610 16:39:29
5.064 150.890 764.146 16:39:30
5.064 145.293 735.366 16:39:31
5.040 157.598 794.390 16:39:32
5.056 184.293 943.415 16:39:33
5.060 147.695 743.171 16:39:34
5.040 223.988 1131.707 16:39:35
5.052 315.793 1086.098 16:39:36
5.060 145.793 738.780 16:39:37
5.060 149.598 754.146 16:39:38
5.064 149.793 754.390 16:39:39
5.032 255.293 917.073 16:39:40
5.044 280.195 1106.585 16:39:41
5.064 212.890 1187.561 16:39:42
5.064 147.390 1201.951 16:39:43
5.060 145.293 738.780 16:39:44
5.060 147.890 1010.976 16:39:45
5.064 173.695 739.268 16:39:46
5.060 147.500 742.927 16:39:47
5.060 148.390 746.829 16:39:48
5.064 147.598 769.268 16:39:49
5.064 146.793 746.585 16:39:50
5.064 145.598 738.049 16:39:51
5.044 227.390 1147.805 16:39:52
