5.056 164.000 821.707 15:47:43
5.040 246.293 1229.268 15:47:44
5.064 158.598 801.951 15:47:45
5.060 150.098 756.585 15:47:46
5.064 145.098 730.488 15:47:47
5.064 145.195 730.488 15:47:48
5.060 146.293 743.171 15:47:49
5.060 144.890 733.659 15:47:50
5.060 145.793 734.878 15:47:51
5.060 145.500 735.366 15:47:52
5.064 150.500 759.756 15:47:53
5.060 146.793 744.878 15:47:54
5.064 201.695 1017.317 15:47:55
5.060 144.500 731.707 15:47:56
5.060 146.000 738.049 15:47:57
5.064 145.000 731.707 15:47:58
5.064 144.293 730.976 15:47:59
5.060 145.195 956.585 15:48:00
5.048 144.695 732.195 15:48:01
5.060 144.500 733.659 15:48:02
5.064 145.890 734.146 15:48:03
5.060 144.390 734.146 15:48:04
5.064 146.890 1064.634 15:48:05
5.060 145.195 748.780 15:48:06
5.060 146.390 731.220 15:48:07
5.064 144.390 731.220 15:48:08
5.060 148.793 753.171 15:48:09
5.060 145.293 735.610 15:48:10
5.064 145.195 730.488 15:48:11
5.052 185.098 943.171 15:48:12
5.060 149.793 730.488 15:48:13
5.060 145.195 736.098 15:48:14
5.060 144.695 731.707 15:48:15
5.060 144.500 730.488 15:48:16
5.060 144.500 733.415 15:48:17
5.060 147.098 747.561 15:48:18
5.060 145.000 734.878 15:48:19
5.060 145.195 731.220 15:48:20
5.044 239.195 1206.341 15:48:21
