5.056 158.598 802.439 15:53:26
5.024 343.585 1649.268 15:53:27
5.060 158.793 803.659 15:53:28
5.060 144.098 729.268 15:53:29
5.060 163.390 767.317 15:53:30
5.044 215.793 1038.293 15:53:31
5.060 145.293 732.195 15:53:32
5.060 146.293 740.488 15:53:33
5.048 149.890 753.171 15:53:34
5.060 145.195 734.878 15:53:35
5.060 145.195 733.659 15:53:36
5.064 145.098 732.195 15:53:37
5.064 144.890 732.439 15:53:38
5.064 160.890 733.415 15:53:39
5.060 146.500 743.659 15:53:40
5.060 144.598 736.098 15:53:41
5.064 144.695 731.707 15:53:42
5.060 156.000 742.927 15:53:43
5.060 150.500 753.171 15:53:44
5.060 144.890 732.195 15:53:46
5.060 148.500 750.976 15:53:47
5.048 166.695 921.463 15:53:48
5.060 147.500 743.171 15:53:49
5.048 201.293 979.024 15:53:50
5.060 145.293 731.707 15:53:51
5.060 149.293 756.098 15:53:52
5.060 145.293 731.707 15:53:53
5.060 148.390 764.146 15:53:54
5.048 186.988 959.024 15:53:55
5.060 144.598 733.415 15:53:56
5.060 145.500 921.220 15:53:57
5.052 144.890 731.220 15:53:58
5.060 201.890 744.390 15:53:59
5.064 146.195 743.659 15:54:00
5.060 147.293 739.756 15:54:01
5.060 146.890 739.756 15:54:02
5.060 144.695 735.366 15:54:03
5.060 144.598 735.610 15:54:04
5.060 144.695 730.488 15:54:05
5.060 159.293 811.220 15:54:06
