5.060 156.293 790.732 16:00:12
5.040 241.988 1269.268 16:00:13
5.056 160.500 816.098 16:00:14
5.060 151.890 768.049 16:00:15
5.060 148.695 756.098 16:00:16
5.052 208.293 927.805 16:00:17
5.060 145.390 743.659 16:00:18
5.060 145.390 732.927 16:00:19
5.064 144.695 737.317 16:00:20
5.060 144.695 736.829 16:00:21
5.064 144.890 739.756 16:00:22
5.056 146.890 740.000 16:00:24
5.060 145.500 732.195 16:00:25
5.060 146.293 735.366 16:00:26
5.060 147.793 895.122 16:00:27
5.060 145.195 734.878 16:00:28
5.060 144.695 735.366 16:00:29
5.060 146.293 743.171 16:00:30
5.060 149.500 750.976 16:00:31
5.060 144.598 774.390 16:00:32
5.060 163.293 766.098 16:00:33
5.056 190.195 1223.171 16:00:34
5.060 145.390 731.220 16:00:35
5.060 145.500 731.707 16:00:36
5.060 196.695 826.341 16:00:37
5.060 144.695 734.390 16:00:38
5.060 144.598 732.195 16:00:39
5.060 148.000 743.171 16:00:40
5.060 145.793 740.000 16:00:41
5.060 147.000 744.390 16:00:42
5.060 146.598 732.195 16:00:43
5.060 144.695 735.366 16:00:44
5.060 144.500 741.220 16:00:45
5.060 145.390 733.415 16:00:46
5.060 144.598 739.756 16:00:47
5.060 145.695 742.927 16:00:48
5.060 145.293 733.415 16:00:49
5.056 145.500 733.659 16:00:50
5.060 151.793 767.561 16:00:51
5.060 149.000 750.976 16:00:52
