5.060 153.195 775.366 17:37:34
5.024 332.183 1689.268 17:37:35
5.056 158.500 801.220 17:37:36
5.064 147.293 742.439 17:37:37
5.048 270.085 1363.415 17:37:38
5.060 147.695 747.317 17:37:39
5.060 149.500 752.927 17:37:40
5.060 149.390 756.098 17:37:41
5.056 223.488 806.098 17:37:42
5.036 222.293 1504.146 17:37:43
5.064 145.293 740.000 17:37:44
5.060 148.098 750.976 17:37:45
5.060 203.195 742.927 17:37:46
5.060 146.598 734.146 17:37:47
5.060 145.000 729.756 17:37:48
5.064 145.293 737.317 17:37:49
5.064 145.000 733.659 17:37:50
5.060 157.695 747.561 17:37:51
5.060 145.793 742.439 17:37:52
5.060 144.890 736.829 17:37:53
5.060 147.293 781.220 17:37:54
5.060 149.695 756.098 17:37:55
5.060 147.000 744.878 17:37:56
5.060 203.988 760.976 17:37:57
5.060 145.500 734.146 17:37:58
5.060 192.195 1090.976 17:37:59
5.048 220.293 964.634 17:38:00
5.056 239.293 1130.976 17:38:02
5.060 149.293 754.878 17:38:03
5.056 178.695 918.780 17:38:04
5.060 157.500 770.488 17:38:05
5.060 146.293 734.146 17:38:06
5.060 145.890 739.756 17:38:07
5.060 144.695 811.707 17:38:08
5.048 151.598 1077.317 17:38:09
5.060 147.390 741.707 17:38:10
5.060 147.390 747.317 17:38:11
5.060 146.598 738.780 17:38:12
5.060 153.500 741.707 17:38:13
5.056 147.500 748.780 17:38:14
5.060 150.390 764.146 17:38:15
5.040 260.390 764.146 17:38:16
5.064 147.293 746.829 17:38:17
5.060 147.695 745.366 17:38:18
5.048 199.890 944.634 17:38:19
5.060 158.500 740.000 17:38:20
5.060 145.293 738.537 17:38:21
5.060 158.098 800.000 17:38:22
