5.060 154.890 784.390 16:37:25
5.040 250.585 1262.683 16:37:26
5.060 163.390 823.902 16:37:27
5.060 147.793 747.561 16:37:28
5.060 149.000 747.561 16:37:29
5.056 210.695 1063.659 16:37:30
5.060 150.598 761.707 16:37:31
5.060 149.695 754.146 16:37:32
5.060 148.098 754.146 16:37:33
5.060 151.500 763.659 16:37:34
5.064 202.793 1012.195 16:37:35
5.044 211.695 1090.244 16:37:36
5.048 181.793 931.220 16:37:37
5.052 147.000 743.659 16:37:38
5.060 258.695 1089.268 16:37:39
5.060 223.890 1124.634 16:37:40
5.060 146.000 739.756 16:37:41
5.060 147.293 746.585 16:37:42
5.056 195.195 984.634 16:37:43
5.060 155.293 785.610 16:37:44
5.060 158.098 751.220 16:37:45
5.060 150.695 762.439 16:37:46
5.060 149.098 756.829 16:37:47
5.056 207.793 735.610 16:37:48
5.060 148.098 752.927 16:37:49
5.064 145.500 737.805 16:37:50
5.060 147.000 746.585 16:37:51
5.044 212.793 766.585 16:37:52
5.040 152.293 768.537 16:37:53
5.056 156.793 762.927 16:37:54
5.048 212.488 992.683 16:37:55
5.052 184.293 744.390 16:37:56
5.060 146.293 743.171 16:37:57
5.064 148.000 748.780 16:37:58
5.060 145.098 734.878 16:37:59
5.064 146.000 735.610 16:38:00
5.060 149.195 754.878 16:38:01
5.052 207.695 980.732 16:38:02
5.064 146.890 745.366 16:38:03
5.060 145.890 734.878 16:38:04
5.064 146.195 742.927 16:38:05
5.060 145.793 734.878 16:38:06
5.060 144.390 733.659 16:38:07
5.060 171.598 813.171 16:38:08
