5.060 176.488 904.390 16:59:07
5.040 247.195 1246.098 16:59:08
5.056 163.195 824.878 16:59:09
5.056 153.695 777.561 16:59:10
5.056 163.500 783.171 16:59:11
5.044 196.098 977.073 16:59:12
5.060 145.598 737.317 16:59:13
5.060 163.598 740.488 16:59:14
5.060 152.793 1243.659 16:59:15
5.060 146.293 736.098 16:59:16
5.060 146.195 736.098 16:59:17
5.056 173.695 877.073 16:59:18
5.048 180.293 1042.683 16:59:19
5.060 152.000 766.585 16:59:20
5.060 150.695 1041.707 16:59:21
5.044 159.793 817.561 16:59:22
5.056 184.195 913.415 16:59:23
5.052 160.293 806.829 16:59:24
5.052 184.098 1100.976 16:59:25
5.064 147.390 740.000 16:59:26
5.056 147.695 752.927 16:59:27
5.060 149.890 764.390 16:59:28
5.064 149.098 758.049 16:59:29
5.060 145.598 737.317 16:59:30
5.060 152.500 1099.024 16:59:31
5.052 260.293 943.902 16:59:32
5.060 203.293 1002.927 16:59:33
5.044 224.793 1214.146 16:59:34
5.060 152.598 768.049 16:59:35
5.060 216.195 1028.293 16:59:36
5.060 240.293 1241.220 16:59:37
5.052 209.390 1025.122 16:59:38
5.060 147.390 752.439 16:59:39
5.060 164.000 851.951 16:59:40
5.044 188.890 957.073 16:59:41
5.056 147.500 748.780 16:59:42
5.060 209.695 893.171 16:59:43
5.048 203.598 745.610 16:59:44
5.060 145.500 737.317 16:59:46
5.060 149.000 754.878 16:59:47
5.060 146.098 737.805 16:59:48
5.060 147.098 739.756 16:59:49
5.060 159.293 806.098 16:59:50
5.060 147.793 752.195 16:59:51
