5.056 161.390 945.122 16:27:12
5.040 249.585 1263.902 16:27:13
5.056 161.695 817.561 16:27:14
5.060 144.598 735.366 16:27:15
5.036 169.195 855.610 16:27:16
5.056 210.793 1406.585 16:27:17
5.060 144.890 737.317 16:27:18
5.060 152.098 763.659 16:27:19
5.060 146.793 742.927 16:27:20
5.060 163.598 757.317 16:27:21
5.064 145.000 736.829 16:27:22
5.044 202.793 1018.537 16:27:23
5.060 145.793 734.146 16:27:24
5.060 148.098 750.488 16:27:25
5.060 148.500 746.829 16:27:26
5.052 153.000 734.878 16:27:27
5.064 148.390 908.293 16:27:28
5.052 245.585 1215.610 16:27:29
5.060 150.293 756.098 16:27:30
5.060 150.500 762.439 16:27:31
5.048 268.890 1357.561 16:27:32
5.060 147.695 747.317 16:27:33
5.064 146.695 742.439 16:27:34
5.060 145.695 748.537 16:27:35
5.060 146.598 742.439 16:27:36
5.060 145.598 733.659 16:27:37
5.064 146.098 742.439 16:27:38
5.060 147.390 741.707 16:27:39
5.060 145.793 733.659 16:27:40
5.040 147.500 746.585 16:27:41
5.064 147.500 1042.927 16:27:42
5.056 150.500 761.707 16:27:43
5.048 213.890 1015.854 16:27:44
5.044 238.793 1156.829 16:27:45
5.060 211.293 761.951 16:27:46
5.060 151.000 764.390 16:27:47
5.060 203.098 1031.463 16:27:48
5.060 202.988 1119.268 16:27:49
5.060 146.793 740.000 16:27:50
5.064 144.793 732.439 16:27:51
