5.056 159.598 806.829 17:32:26
5.016 347.293 1687.073 17:32:27
5.040 249.195 1256.098 17:32:28
5.060 157.598 800.000 17:32:29
5.064 144.695 735.610 17:32:30
5.060 144.500 736.098 17:32:31
5.060 144.293 731.220 17:32:32
5.056 145.293 737.805 17:32:33
5.060 148.890 753.171 17:32:34
5.060 148.195 752.439 17:32:35
5.060 144.500 729.756 17:32:36
5.060 144.390 731.220 17:32:37
5.060 144.598 731.220 17:32:38
5.064 144.500 736.829 17:32:39
5.052 146.293 744.878 17:32:40
5.052 171.195 869.268 17:32:41
5.064 145.098 736.829 17:32:42
5.060 144.793 733.415 17:32:43
5.060 146.293 740.000 17:32:44
5.060 152.195 740.000 17:32:45
5.060 150.500 770.000 17:32:46
5.060 149.793 1250.488 17:32:47
5.060 150.598 761.951 17:32:48
5.060 219.793 1024.146 17:32:49
5.060 150.598 761.707 17:32:50
5.048 195.195 931.951 17:32:51
5.060 147.098 742.439 17:32:52
5.056 234.488 791.220 17:32:53
5.060 147.500 935.610 17:32:54
5.052 145.793 742.927 17:32:55
5.052 176.695 1042.195 17:32:56
5.060 145.195 731.707 17:32:57
5.060 166.293 823.171 17:32:58
5.060 146.390 740.000 17:32:59
5.060 145.598 732.439 17:33:00
5.060 144.890 733.659 17:33:01
5.060 144.598 728.049 17:33:02
5.060 145.195 731.707 17:33:03
5.060 145.293 739.268 17:33:04
5.060 145.098 731.707 17:33:05
5.040 253.585 1278.049 17:33:06
