5.060 155.890 788.049 17:04:17
5.040 248.195 1239.512 17:04:18
5.060 159.500 807.317 17:04:19
5.060 165.793 769.268 17:04:20
5.060 210.488 1166.829 17:04:21
5.064 150.293 758.780 17:04:22
5.060 150.000 763.659 17:04:23
5.060 146.500 736.829 17:04:24
5.060 151.695 853.659 17:04:25
5.064 147.390 749.268 17:04:26
5.060 147.793 744.878 17:04:27
5.044 291.085 1344.390 17:04:28
5.040 248.695 894.634 17:04:29
5.060 147.293 747.561 17:04:30
5.036 182.293 919.512 17:04:31
5.040 190.793 973.902 17:04:32
5.060 150.695 804.878 17:04:33
5.060 145.695 737.317 17:04:34
5.056 172.695 884.634 17:04:35
5.056 202.488 1036.585 17:04:36
5.060 151.890 1390.976 17:04:37
5.044 221.890 1248.780 17:04:38
5.060 203.598 748.537 17:04:39
5.060 188.390 769.268 17:04:40
5.060 150.390 759.756 17:04:41
5.064 151.890 1106.585 17:04:42
5.056 152.695 961.951 17:04:43
5.064 145.890 736.829 17:04:44
5.052 225.195 1319.024 17:04:45
5.056 189.793 1216.098 17:04:46
5.060 149.000 756.585 17:04:47
5.044 189.195 970.732 17:04:48
5.048 197.488 1132.927 17:04:49
5.060 145.000 741.707 17:04:50
5.052 200.793 1297.073 17:04:51
5.040 248.988 1151.220 17:04:52
5.056 151.695 762.439 17:04:53
5.052 197.793 939.024 17:04:55
5.036 195.695 1129.268 17:04:56
5.060 145.500 743.171 17:04:57
5.064 145.390 741.220 17:04:58
5.040 277.890 1251.951 17:04:59
