5.060 153.598 764.878 15:54:15
5.040 253.195 1268.293 15:54:16
5.060 161.390 816.098 15:54:17
5.060 147.390 745.610 15:54:18
5.064 152.598 897.561 15:54:19
5.052 185.488 1052.683 15:54:20
5.060 144.500 733.415 15:54:21
5.060 146.195 735.366 15:54:22
5.060 144.293 735.366 15:54:23
5.064 144.695 731.707 15:54:24
5.060 145.195 730.976 15:54:25
5.060 146.390 743.171 15:54:26
5.060 271.085 741.220 15:54:27
5.060 149.195 755.366 15:54:28
5.060 198.488 749.268 15:54:29
5.060 148.500 754.878 15:54:30
5.060 154.390 781.707 15:54:31
5.052 222.488 800.000 15:54:32
5.048 183.695 928.780 15:54:33
5.060 144.598 734.878 15:54:34
5.060 144.695 736.829 15:54:35
5.064 144.695 733.659 15:54:36
5.060 144.598 735.366 15:54:37
5.064 145.293 732.195 15:54:38
5.060 145.500 732.927 15:54:39
5.060 144.695 735.366 15:54:40
5.060 146.098 973.171 15:54:41
5.044 147.000 743.659 15:54:42
5.060 144.598 734.878 15:54:43
5.064 145.293 733.415 15:54:44
5.060 144.390 732.195 15:54:45
5.060 148.500 750.976 15:54:46
5.060 145.500 734.878 15:54:47
5.056 161.598 749.268 15:54:48
5.064 145.195 731.707 15:54:50
5.060 146.890 742.927 15:54:51
5.052 235.195 1092.439 15:54:52
5.060 145.195 731.707 15:54:53
5.060 145.195 735.366 15:54:54
5.060 144.598 731.707 15:54:55
