5.060 162.390 821.220 17:36:43
5.024 250.793 1278.049 17:36:44
5.060 159.000 804.390 17:36:45
5.060 148.293 753.171 17:36:46
5.048 264.793 1338.780 17:36:47
5.052 178.488 1064.146 17:36:48
5.060 144.890 737.317 17:36:49
5.060 145.500 732.927 17:36:50
5.060 146.500 1010.976 17:36:51
5.060 145.793 732.195 17:36:52
5.060 145.500 734.878 17:36:53
5.060 145.598 733.659 17:36:54
5.060 146.098 740.976 17:36:55
5.060 146.293 738.049 17:36:56
5.060 147.500 745.366 17:36:57
5.060 151.695 761.951 17:36:58
5.064 144.890 733.659 17:36:59
5.060 150.890 764.390 17:37:00
5.048 217.890 1236.829 17:37:01
5.064 147.695 747.317 17:37:02
5.060 151.390 771.220 17:37:03
5.060 231.390 1029.024 17:37:04
5.052 147.793 745.610 17:37:05
5.064 144.793 734.146 17:37:06
5.060 146.598 1028.293 17:37:07
5.044 173.195 761.707 17:37:08
5.064 320.793 740.976 17:37:09
5.060 147.390 743.171 17:37:10
5.060 144.890 732.439 17:37:11
5.056 144.293 732.195 17:37:12
5.060 148.598 1062.683 17:37:13
5.048 158.793 745.366 17:37:14
5.052 186.488 968.293 17:37:15
5.048 204.293 990.976 17:37:16
5.060 154.195 733.415 17:37:17
5.060 144.890 783.171 17:37:18
5.048 147.500 739.268 17:37:19
5.060 145.598 733.415 17:37:20
5.060 150.000 759.756 17:37:21
5.064 144.793 736.829 17:37:22
5.060 145.793 739.756 17:37:23
5.060 160.390 873.659 17:37:24
