5.056 157.793 801.951 16:04:19
5.040 245.890 1237.317 16:04:20
5.056 159.793 808.049 16:04:21
5.056 146.793 742.927 16:04:22
5.048 204.988 1017.317 16:04:23
5.052 221.598 1130.488 16:04:24
5.060 152.098 760.488 16:04:25
5.052 146.890 1156.098 16:04:26
5.064 164.098 736.098 16:04:27
5.060 145.695 737.805 16:04:28
5.060 145.000 733.659 16:04:29
5.060 173.390 1031.463 16:04:30
5.060 158.293 731.707 16:04:31
5.060 145.793 741.220 16:04:33
5.060 146.390 733.659 16:04:34
5.060 145.195 732.927 16:04:35
5.060 148.695 732.195 16:04:36
5.060 145.293 731.220 16:04:37
5.056 185.695 740.000 16:04:38
5.064 170.098 1049.756 16:04:39
5.060 145.598 740.976 16:04:40
5.060 147.390 749.756 16:04:41
5.060 150.390 759.756 16:04:42
5.052 185.890 1123.415 16:04:43
5.060 145.598 732.439 16:04:44
5.064 146.598 745.366 16:04:45
5.060 146.890 741.220 16:04:46
5.060 147.098 740.976 16:04:47
5.060 145.390 733.659 16:04:48
5.060 144.695 748.537 16:04:49
5.060 145.000 732.439 16:04:50
5.060 149.195 754.878 16:04:51
5.060 145.598 731.220 16:04:52
5.060 147.293 843.171 16:04:53
5.052 209.598 1023.902 16:04:54
5.060 144.695 735.610 16:04:55
5.060 145.293 732.195 16:04:56
5.060 147.098 743.659 16:04:57
5.064 145.293 731.707 16:04:58
5.060 145.195 743.659 16:04:59
5.044 211.695 1120.244 16:05:00
5.064 145.500 736.829 16:05:01
