5.060 154.098 781.220 16:42:41
5.036 248.488 1281.220 16:42:42
5.056 159.390 806.341 16:42:43
5.060 150.500 762.439 16:42:44
5.052 211.793 947.561 16:42:45
5.060 147.695 747.317 16:42:46
5.060 145.293 740.000 16:42:47
5.060 145.390 742.927 16:42:48
5.044 204.098 1027.805 16:42:49
5.064 146.293 735.366 16:42:50
5.064 144.598 734.878 16:42:51
5.060 198.098 887.073 16:42:52
5.060 149.195 754.390 16:42:53
5.060 145.098 738.780 16:42:54
5.060 150.695 766.585 16:42:55
5.048 226.988 815.610 16:42:56
5.064 146.098 739.268 16:42:57
5.056 200.390 1144.878 16:42:58
5.056 145.390 738.049 16:42:59
5.056 145.890 736.098 16:43:00
5.040 289.488 1141.707 16:43:01
5.060 151.695 828.293 16:43:02
5.064 147.500 749.756 16:43:03
5.052 184.488 936.585 16:43:04
5.060 151.390 763.171 16:43:05
5.056 197.488 986.341 16:43:06
5.052 218.695 1013.415 16:43:08
5.064 146.695 743.171 16:43:09
5.064 145.293 752.927 16:43:10
5.064 148.000 752.195 16:43:11
5.060 147.000 747.317 16:43:12
5.060 145.293 734.878 16:43:13
5.056 147.695 746.829 16:43:14
5.060 146.000 774.878 16:43:15
5.060 147.598 828.293 16:43:16
5.060 145.500 738.780 16:43:17
5.060 149.793 760.976 16:43:18
5.064 147.598 746.829 16:43:19
5.060 145.293 738.780 16:43:20
5.060 146.598 741.707 16:43:21
5.056 159.000 804.390 16:43:22
5.060 148.098 751.220 16:43:23
