5.060 153.390 779.756 16:45:12
5.040 255.890 1289.512 16:45:13
5.060 159.195 803.659 16:45:14
5.060 146.000 738.780 16:45:15
5.048 199.488 886.829 16:45:16
5.048 239.085 856.341 16:45:17
5.060 147.500 738.780 16:45:18
5.064 146.293 734.878 16:45:19
5.040 151.598 853.171 16:45:20
5.060 149.793 757.317 16:45:21
5.064 145.890 738.537 16:45:22
5.060 209.293 766.098 16:45:23
5.056 149.793 753.171 16:45:24
5.064 145.195 738.780 16:45:25
5.060 152.500 768.049 16:45:26
5.060 152.293 767.317 16:45:27
5.056 147.890 747.561 16:45:28
5.060 153.793 769.756 16:45:29
5.052 211.890 967.073 16:45:30
5.060 147.695 746.829 16:45:31
5.052 214.293 1005.854 16:45:32
5.048 219.598 752.195 16:45:33
5.060 147.098 735.610 16:45:34
5.060 147.390 1017.073 16:45:35
5.060 151.500 767.561 16:45:36
5.060 146.000 739.268 16:45:37
5.064 230.988 1105.366 16:45:38
5.044 191.098 901.463 16:45:39
5.060 168.390 768.537 16:45:40
5.060 151.500 770.976 16:45:41
5.056 185.488 895.610 16:45:42
5.052 193.195 992.927 16:45:43
5.064 147.293 750.000 16:45:44
5.052 181.195 907.561 16:45:45
5.060 151.293 762.439 16:45:46
5.064 150.195 758.537 16:45:47
5.056 213.695 1084.634 16:45:48
5.060 153.793 743.659 16:45:49
5.064 145.390 738.780 16:45:50
5.064 149.695 754.146 16:45:51
5.060 152.598 766.585 16:45:52
5.060 176.488 1049.756 16:45:53
5.048 194.598 988.537 16:45:54
5.060 158.890 804.390 16:45:55
