5.060 160.390 811.707 16:32:24
5.044 252.293 1263.171 16:32:25
5.060 160.000 809.512 16:32:26
5.064 145.390 738.049 16:32:27
5.060 149.293 1277.561 16:32:28
5.060 161.000 1022.195 16:32:29
5.060 145.695 741.707 16:32:30
5.064 145.890 742.927 16:32:31
5.068 148.695 1026.098 16:32:32
5.060 148.793 752.927 16:32:33
5.064 144.390 744.390 16:32:34
5.060 151.098 764.878 16:32:35
5.060 149.390 755.610 16:32:36
5.060 150.793 770.976 16:32:37
5.060 151.500 764.878 16:32:38
5.052 256.488 1269.512 16:32:39
5.060 146.695 745.610 16:32:40
5.048 221.695 765.610 16:32:41
5.048 203.793 1124.146 16:32:42
5.060 146.793 735.610 16:32:43
5.056 205.098 1031.463 16:32:44
5.060 217.488 1204.878 16:32:45
5.048 210.488 1007.317 16:32:46
5.056 160.500 812.439 16:32:47
5.060 145.098 737.805 16:32:48
5.060 148.793 746.585 16:32:49
5.060 196.695 762.439 16:32:50
5.040 147.390 923.902 16:32:51
5.060 148.195 750.976 16:32:52
5.060 145.695 733.659 16:32:53
5.060 151.500 770.000 16:32:54
5.060 150.598 761.707 16:32:55
5.060 185.195 934.634 16:32:56
5.060 146.793 915.610 16:32:57
5.052 215.793 1091.707 16:32:58
5.060 151.793 771.707 16:32:59
5.052 231.098 1388.293 16:33:00
5.060 194.293 1140.000 16:33:01
5.048 145.195 735.610 16:33:02
5.060 146.098 739.268 16:33:03
5.060 145.695 738.780 16:33:04
5.064 148.293 749.268 16:33:05
5.056 147.293 751.220 16:33:06
5.060 163.195 825.610 16:33:07
