5.056 154.293 780.732 16:05:10
5.040 248.293 1239.268 16:05:11
5.056 158.793 802.439 16:05:12
5.060 146.000 738.049 16:05:13
5.064 147.293 745.366 16:05:14
5.048 151.195 1136.829 16:05:15
5.060 146.390 744.878 16:05:16
5.056 198.598 917.561 16:05:17
5.060 144.793 732.195 16:05:18
5.060 144.598 735.366 16:05:19
5.060 145.598 732.195 16:05:20
5.060 145.390 740.976 16:05:21
5.064 144.695 735.610 16:05:22
5.060 144.890 735.610 16:05:23
5.060 147.000 741.707 16:05:24
5.060 144.695 1002.683 16:05:25
5.052 144.695 835.610 16:05:26
5.060 146.390 740.976 16:05:27
5.048 192.488 963.171 16:05:28
5.052 146.500 746.585 16:05:29
5.064 187.793 1008.293 16:05:30
5.056 146.695 742.439 16:05:31
5.060 144.098 736.829 16:05:32
5.064 146.500 742.195 16:05:33
5.060 146.390 740.000 16:05:34
5.060 144.793 736.098 16:05:35
5.064 145.195 734.878 16:05:36
5.060 146.390 746.585 16:05:37
5.060 145.500 731.707 16:05:38
5.060 144.695 732.927 16:05:39
5.060 205.293 813.902 16:05:40
5.064 145.390 733.415 16:05:41
5.064 145.293 740.976 16:05:42
5.060 149.195 750.976 16:05:43
5.060 151.000 760.488 16:05:44
5.060 235.488 743.171 16:05:45
5.060 145.793 738.537 16:05:46
5.064 144.793 735.366 16:05:47
5.060 145.390 732.927 16:05:48
5.060 146.500 743.171 16:05:49
5.056 144.793 735.610 16:05:50
5.060 148.500 748.780 16:05:51
5.056 158.695 802.927 16:05:52
