5.060 155.293 785.366 16:49:40
5.040 253.085 1276.829 16:49:41
5.060 159.390 806.341 16:49:42
5.060 145.195 734.878 16:49:43
5.056 223.195 1136.585 16:49:44
5.052 208.793 1057.805 16:49:45
5.060 145.293 738.780 16:49:46
5.060 145.793 737.805 16:49:47
5.048 147.000 747.317 16:49:48
5.060 147.000 740.000 16:49:49
5.048 152.000 1024.634 16:49:50
5.048 147.793 746.829 16:49:51
5.060 146.500 735.366 16:49:52
5.052 147.098 747.317 16:49:53
5.060 147.598 746.585 16:49:54
5.060 145.390 739.756 16:49:55
5.060 149.098 752.195 16:49:56
5.060 164.500 766.829 16:49:57
5.048 236.390 1394.634 16:49:58
5.052 179.195 965.366 16:49:59
5.060 213.098 1005.122 16:50:00
5.056 178.988 894.634 16:50:01
5.060 151.098 756.585 16:50:02
5.052 181.793 890.732 16:50:03
5.056 215.890 762.927 16:50:04
5.044 154.500 803.659 16:50:05
5.060 146.890 747.317 16:50:06
5.060 146.098 934.634 16:50:07
5.060 145.500 738.049 16:50:08
5.060 146.293 744.146 16:50:09
5.060 147.000 748.780 16:50:10
5.060 147.000 747.317 16:50:11
5.060 145.293 738.049 16:50:12
5.052 193.195 1136.829 16:50:13
5.040 221.598 1284.878 16:50:14
5.060 147.695 746.829 16:50:15
5.060 154.195 734.878 16:50:16
5.064 145.293 735.366 16:50:17
5.060 146.793 735.366 16:50:18
5.060 145.500 734.878 16:50:19
5.040 252.488 1273.659 16:50:20
5.064 145.793 737.805 16:50:21
