5.060 154.098 779.268 16:29:44
5.040 249.195 1256.098 16:29:45
5.060 160.293 806.098 16:29:46
5.060 145.890 737.805 16:29:47
5.036 255.793 1300.244 16:29:48
5.060 145.890 917.561 16:29:49
5.060 146.598 740.488 16:29:50
5.064 145.793 737.317 16:29:51
5.056 258.085 1029.512 16:29:52
5.060 145.098 739.268 16:29:53
5.064 146.195 746.585 16:29:54
5.060 200.598 858.780 16:29:55
5.060 148.098 744.878 16:29:56
5.060 147.695 739.756 16:29:57
5.052 196.488 937.561 16:29:58
5.060 225.195 1075.366 16:29:59
5.064 156.598 743.171 16:30:00
5.056 194.598 942.195 16:30:01
5.048 213.695 1056.098 16:30:02
5.032 212.793 964.390 16:30:03
5.064 149.598 813.659 16:30:04
5.060 146.293 743.171 16:30:05
5.060 147.500 747.317 16:30:06
5.064 151.598 912.439 16:30:07
5.060 145.098 740.976 16:30:08
5.060 147.598 742.927 16:30:09
5.060 148.598 747.317 16:30:10
5.064 145.293 738.780 16:30:11
5.060 149.390 756.585 16:30:12
5.060 145.390 739.756 16:30:13
5.060 151.293 761.951 16:30:14
5.060 147.598 742.927 16:30:15
5.056 147.390 749.756 16:30:16
5.060 147.195 906.829 16:30:17
5.064 146.793 743.171 16:30:18
5.060 146.598 743.171 16:30:19
5.064 151.000 766.098 16:30:20
5.060 150.695 764.878 16:30:21
5.056 180.488 918.293 16:30:22
5.064 145.695 733.659 16:30:23
5.064 145.098 737.805 16:30:24
5.060 147.000 738.780 16:30:25
5.060 145.000 734.146 16:30:26
5.032 284.988 1386.585 16:30:27
5.060 161.098 815.122 16:30:28
