5.060 158.000 798.780 15:45:57
5.040 251.293 1292.439 15:45:58
5.056 162.598 819.512 15:45:59
5.060 148.000 745.366 15:46:00
5.060 144.695 732.195 15:46:02
5.060 149.000 753.659 15:46:03
5.060 144.890 727.805 15:46:04
5.060 150.695 873.902 15:46:05
5.052 209.488 906.829 15:46:06
5.060 145.098 735.366 15:46:07
5.064 144.500 733.659 15:46:08
5.064 145.195 728.537 15:46:09
5.060 144.293 734.878 15:46:10
5.064 144.695 733.659 15:46:11
5.060 144.293 735.610 15:46:12
5.060 154.390 739.268 15:46:13
5.060 202.793 742.439 15:46:14
5.064 144.293 731.220 15:46:15
5.060 145.098 729.268 15:46:16
5.060 146.500 739.268 15:46:17
5.060 144.598 733.659 15:46:18
5.060 144.500 731.220 15:46:19
5.060 144.500 731.707 15:46:20
5.060 144.500 734.878 15:46:21
5.064 145.195 731.220 15:46:22
5.052 160.890 960.244 15:46:23
5.060 148.890 753.171 15:46:24
5.060 146.793 750.488 15:46:25
5.044 155.695 801.951 15:46:26
5.060 146.695 742.439 15:46:27
5.036 146.890 740.976 15:46:28
5.060 144.293 739.268 15:46:29
5.060 163.793 731.220 15:46:30
5.060 145.695 735.366 15:46:31
5.060 147.098 744.878 15:46:32
5.060 144.500 734.878 15:46:33
5.060 144.500 731.707 15:46:34
5.056 146.098 739.268 15:46:35
5.060 144.293 733.415 15:46:36
5.056 145.000 734.878 15:46:37
5.060 144.390 732.195 15:46:38
5.060 145.000 731.220 15:46:39
5.060 145.390 730.488 15:46:40
5.056 159.890 809.512 15:46:41
