5.056 159.098 801.951 16:55:39
5.044 248.988 1265.610 16:55:40
5.060 158.890 803.171 16:55:41
5.060 150.000 757.317 16:55:42
5.052 195.390 987.073 16:55:43
5.060 151.695 767.317 16:55:44
5.060 145.390 739.756 16:55:45
5.060 154.793 738.537 16:55:46
5.040 204.098 817.317 16:55:47
5.056 179.195 1027.805 16:55:48
5.060 145.695 738.049 16:55:49
5.040 159.890 808.537 16:55:50
5.028 281.793 1270.488 16:55:51
5.060 147.695 777.317 16:55:52
5.056 254.988 1245.122 16:55:53
5.044 272.890 1151.220 16:55:54
5.060 145.500 740.976 16:55:55
5.060 146.598 739.268 16:55:56
5.060 148.000 745.610 16:55:57
5.060 145.390 737.317 16:55:58
5.060 147.890 745.610 16:55:59
5.060 151.500 767.561 16:56:00
5.056 180.598 920.244 16:56:01
5.048 220.488 1090.244 16:56:02
5.044 192.390 1246.341 16:56:03
5.056 152.890 773.171 16:56:04
5.060 146.390 736.098 16:56:05
5.060 151.695 767.317 16:56:06
5.044 196.695 960.244 16:56:07
5.060 147.890 747.317 16:56:08
5.048 218.293 1285.122 16:56:09
5.060 147.890 748.537 16:56:10
5.048 202.988 975.854 16:56:11
5.048 184.695 1123.659 16:56:12
5.052 191.598 997.805 16:56:13
5.060 146.695 742.927 16:56:14
5.060 151.500 746.585 16:56:15
5.060 146.195 739.268 16:56:16
5.060 145.293 736.098 16:56:17
5.060 146.098 735.366 16:56:18
5.040 250.585 1257.561 16:56:19
5.060 147.793 747.317 16:56:20
