5.060 153.390 772.439 15:44:09
5.040 246.488 1409.756 15:44:10
5.060 158.695 802.439 15:44:11
5.060 144.598 731.707 15:44:12
5.060 150.000 758.780 15:44:13
5.060 147.890 753.171 15:44:14
5.060 144.500 737.317 15:44:15
5.064 146.098 742.927 15:44:16
5.056 169.695 853.659 15:44:17
5.060 145.098 989.024 15:44:18
5.060 144.195 740.000 15:44:19
5.060 144.890 732.439 15:44:20
5.060 144.195 733.415 15:44:21
5.060 145.293 747.317 15:44:22
5.060 146.098 741.707 15:44:23
5.064 145.793 734.146 15:44:24
5.060 144.293 733.415 15:44:25
5.064 144.500 730.000 15:44:26
5.060 146.390 744.878 15:44:27
5.064 144.500 734.878 15:44:28
5.060 200.598 733.659 15:44:30
5.056 147.098 743.171 15:44:31
5.060 145.000 729.756 15:44:32
5.064 145.793 739.268 15:44:33
5.060 144.598 731.220 15:44:34
5.060 145.293 730.488 15:44:35
5.060 145.098 730.976 15:44:36
5.064 144.293 739.756 15:44:37
5.060 146.000 742.439 15:44:38
5.060 158.000 758.049 15:44:39
5.052 166.000 890.244 15:44:40
5.060 144.793 730.976 15:44:41
5.060 144.390 733.415 15:44:42
5.064 147.598 784.878 15:44:43
5.060 144.695 734.146 15:44:44
5.060 144.098 731.220 15:44:45
5.060 145.000 730.976 15:44:46
5.064 144.098 735.366 15:44:47
5.060 145.098 730.000 15:44:48
5.056 146.000 737.317 15:44:49
5.064 147.390 744.390 15:44:50
5.056 174.390 870.000 15:44:51
5.064 144.390 733.415 15:44:52
5.060 146.195 737.805 15:44:53
5.060 146.890 740.000 15:44:54
5.060 144.293 729.268 15:44:55
5.064 144.695 734.146 15:44:56
5.040 250.293 1240.732 15:44:57
5.060 148.390 750.976 15:44:58
