5.056 163.598 827.317 17:46:07
5.032 253.988 1282.683 17:46:08
5.024 340.683 833.171 17:46:09
5.064 148.000 748.780 17:46:10
5.032 302.793 925.854 17:46:11
5.036 179.695 933.415 17:46:12
5.060 150.000 751.220 17:46:13
5.056 180.890 1059.268 17:46:14
5.060 146.598 735.366 17:46:15
5.060 144.695 733.415 17:46:16
5.060 148.890 752.195 17:46:17
5.060 211.695 1029.024 17:46:18
5.060 146.000 732.195 17:46:19
5.060 151.793 764.390 17:46:20
5.056 220.390 1207.561 17:46:21
5.036 256.293 742.927 17:46:22
5.060 147.598 746.829 17:46:24
5.056 147.695 788.049 17:46:25
5.060 145.890 1018.537 17:46:26
5.052 170.793 735.610 17:46:27
5.060 145.695 739.268 17:46:28
5.060 145.598 784.878 17:46:29
5.056 175.695 870.244 17:46:30
5.060 181.695 1231.707 17:46:31
5.060 150.890 772.927 17:46:32
5.048 146.500 742.195 17:46:33
5.040 151.098 764.146 17:46:34
5.060 147.000 970.976 17:46:35
5.052 190.598 972.195 17:46:36
5.060 146.793 1030.976 17:46:37
5.060 167.098 736.829 17:46:38
5.060 145.500 731.220 17:46:39
5.060 148.390 750.976 17:46:40
5.060 150.793 767.317 17:46:41
5.060 146.390 741.707 17:46:42
5.056 190.390 910.244 17:46:43
5.060 146.195 735.610 17:46:44
5.060 144.695 735.610 17:46:45
5.060 144.793 735.610 17:46:46
5.048 147.000 740.000 17:46:47
5.060 153.793 738.780 17:46:48
5.060 145.890 736.098 17:46:49
5.040 253.390 1447.073 17:46:50
