5.060 162.500 830.488 16:28:53
5.040 245.585 1246.098 16:28:54
5.060 159.695 869.268 16:28:55
5.064 145.000 734.146 16:28:56
5.056 189.293 939.512 16:28:57
5.048 206.598 955.366 16:28:58
5.060 145.000 736.829 16:28:59
5.060 145.098 736.829 16:29:00
5.064 148.195 794.878 16:29:01
5.060 145.695 733.659 16:29:02
5.060 145.000 736.829 16:29:03
5.048 202.695 746.585 16:29:04
5.064 145.098 736.829 16:29:05
5.060 146.695 742.439 16:29:06
5.056 148.793 750.976 16:29:07
5.064 150.695 764.390 16:29:08
5.060 198.098 745.366 16:29:09
5.064 151.598 762.439 16:29:10
5.044 200.195 978.780 16:29:11
5.060 147.598 742.439 16:29:12
5.052 187.890 1160.488 16:29:13
5.060 150.598 763.171 16:29:14
5.060 151.195 1132.195 16:29:15
5.048 151.890 861.463 16:29:16
5.052 190.695 1052.927 16:29:17
5.060 147.293 756.098 16:29:18
5.052 210.488 967.561 16:29:19
5.060 147.598 1025.122 16:29:20
5.064 146.098 733.415 16:29:21
5.060 147.293 742.439 16:29:22
5.064 145.098 737.317 16:29:23
5.060 145.695 733.415 16:29:24
5.060 145.598 734.146 16:29:25
5.060 146.793 743.659 16:29:26
5.056 145.695 730.488 16:29:27
5.056 245.585 830.000 16:29:28
5.060 145.695 733.415 16:29:29
5.060 149.890 739.268 16:29:31
5.060 145.890 738.049 16:29:32
5.060 145.598 733.659 16:29:33
5.044 240.988 1215.610 16:29:34
