5.060 154.793 783.171 16:01:52
5.040 242.890 1228.537 16:01:53
5.060 161.390 816.829 16:01:54
5.060 147.000 746.829 16:01:55
5.056 148.293 905.610 16:01:56
5.040 225.793 764.390 16:01:57
5.060 144.695 736.098 16:01:58
5.060 147.000 743.659 16:01:59
5.060 144.695 992.195 16:02:00
5.060 154.598 736.098 16:02:01
5.060 146.390 779.268 16:02:02
5.064 145.598 738.537 16:02:03
5.060 145.293 732.439 16:02:04
5.060 145.098 732.927 16:02:05
5.056 148.390 749.268 16:02:06
5.060 146.293 733.659 16:02:07
5.060 146.598 735.366 16:02:08
5.064 199.793 1032.195 16:02:09
5.052 146.390 741.220 16:02:10
5.060 145.500 800.488 16:02:11
5.060 149.195 754.878 16:02:12
5.060 150.890 760.488 16:02:13
5.064 202.195 743.659 16:02:14
5.060 151.598 1102.439 16:02:15
5.052 209.890 992.683 16:02:16
5.064 144.598 735.366 16:02:17
5.060 198.890 983.415 16:02:18
5.048 185.598 970.244 16:02:19
5.060 144.695 735.366 16:02:20
5.064 144.890 736.098 16:02:21
5.060 212.695 742.927 16:02:22
5.060 146.293 734.878 16:02:23
5.064 144.793 731.707 16:02:24
5.060 145.500 733.659 16:02:25
5.060 144.793 731.707 16:02:26
5.060 146.500 741.220 16:02:27
5.040 247.488 1257.561 16:02:28
5.060 145.695 737.317 16:02:29
