5.056 161.793 818.049 16:50:31
5.040 252.085 1259.512 16:50:32
5.060 171.598 868.293 16:50:33
5.060 145.890 738.049 16:50:34
5.048 191.390 1000.732 16:50:35
5.060 145.390 739.756 16:50:36
5.060 149.293 762.927 16:50:37
5.060 145.598 739.756 16:50:38
5.044 159.890 1231.707 16:50:39
5.056 236.598 1022.683 16:50:40
5.060 146.098 737.317 16:50:41
5.056 203.598 747.317 16:50:42
5.064 145.695 739.756 16:50:43
5.064 148.098 748.049 16:50:44
5.060 151.500 1152.927 16:50:45
5.060 147.000 747.317 16:50:46
5.064 146.000 736.098 16:50:47
5.060 145.390 736.098 16:50:48
5.060 147.793 747.561 16:50:49
5.060 150.890 763.659 16:50:50
5.060 147.098 767.317 16:50:51
5.056 151.695 767.561 16:50:52
5.060 161.598 764.390 16:50:53
5.044 217.293 834.390 16:50:54
5.052 201.195 1064.634 16:50:55
5.044 230.793 1074.634 16:50:56
5.048 232.488 820.000 16:50:57
5.060 212.598 969.756 16:50:58
5.044 209.195 1084.878 16:50:59
5.056 150.793 838.293 16:51:00
5.048 193.695 903.902 16:51:01
5.040 152.390 1180.000 16:51:02
5.060 238.598 748.780 16:51:03
5.060 223.488 763.659 16:51:04
5.060 149.695 756.098 16:51:05
5.056 218.098 1018.537 16:51:06
5.060 147.695 747.317 16:51:07
5.060 146.890 739.268 16:51:08
5.060 145.293 739.268 16:51:09
5.060 146.598 741.707 16:51:10
5.060 162.000 819.512 16:51:11
