5.060 154.195 780.000 17:47:52
5.044 247.293 1246.341 17:47:53
5.056 161.793 820.000 17:47:54
5.060 148.500 750.976 17:47:55
5.048 200.293 935.610 17:47:56
5.060 145.390 738.780 17:47:57
5.060 146.195 734.146 17:47:58
5.060 145.793 733.659 17:47:59
5.056 148.098 746.829 17:48:00
5.060 148.695 758.537 17:48:01
5.060 146.500 734.390 17:48:02
5.036 224.390 1388.293 17:48:03
5.056 204.390 967.561 17:48:04
5.060 235.793 1071.707 17:48:05
5.052 228.488 1353.415 17:48:06
5.060 151.293 1088.049 17:48:07
5.060 203.293 1025.122 17:48:08
5.056 144.793 738.780 17:48:09
5.060 147.598 925.854 17:48:10
5.060 151.793 771.707 17:48:11
5.060 147.598 748.537 17:48:12
5.060 154.695 877.561 17:48:13
5.044 225.890 752.927 17:48:14
5.064 144.793 871.951 17:48:15
5.048 147.598 1032.195 17:48:16
5.060 145.293 992.683 17:48:17
5.052 146.195 739.268 17:48:18
5.060 147.598 747.317 17:48:19
5.060 150.793 1167.317 17:48:20
5.060 147.890 748.537 17:48:21
5.056 176.695 879.512 17:48:22
5.060 145.293 735.366 17:48:23
5.060 150.598 761.220 17:48:24
5.048 246.890 1249.268 17:48:25
5.048 236.488 767.317 17:48:26
5.056 191.890 888.780 17:48:27
5.060 147.000 746.585 17:48:28
5.064 146.098 738.049 17:48:29
5.060 147.793 748.537 17:48:30
5.060 145.890 734.878 17:48:31
5.060 145.000 737.805 17:48:32
5.060 157.890 798.780 17:48:33
