5.060 160.598 810.000 16:36:34
5.040 248.293 1251.707 16:36:35
5.060 169.098 805.122 16:36:36
5.060 149.695 785.366 16:36:37
5.036 314.585 1397.561 16:36:38
5.064 147.195 743.171 16:36:39
5.060 145.890 735.610 16:36:40
5.064 145.098 741.220 16:36:41
5.056 146.000 737.805 16:36:42
5.060 146.293 738.537 16:36:43
5.060 159.793 743.171 16:36:44
5.060 151.390 766.585 16:36:45
5.060 149.793 754.390 16:36:46
5.060 146.000 734.878 16:36:47
5.048 150.695 762.439 16:36:48
5.052 224.695 1131.220 16:36:49
5.060 147.598 750.976 16:36:50
5.060 154.098 771.707 16:36:51
5.064 149.695 756.098 16:36:52
5.052 194.098 980.732 16:36:53
5.056 183.488 1079.756 16:36:54
5.056 222.598 1056.098 16:36:55
5.044 199.793 749.268 16:36:56
5.052 188.390 1131.707 16:36:57
5.048 185.098 909.024 16:36:58
5.052 193.293 948.780 16:36:59
5.060 200.598 742.439 16:37:00
5.060 145.293 739.756 16:37:01
5.060 147.695 746.585 16:37:02
5.048 146.793 752.195 16:37:03
5.056 148.695 745.366 16:37:04
5.060 146.000 734.878 16:37:05
5.052 203.988 745.610 16:37:06
5.044 205.695 767.317 16:37:07
5.060 151.793 756.585 16:37:08
5.052 187.293 953.902 16:37:09
5.064 150.695 771.220 16:37:10
5.064 147.195 746.585 16:37:11
5.052 189.988 947.073 16:37:12
5.064 145.695 734.878 16:37:13
5.064 145.000 737.317 16:37:14
5.060 159.000 804.146 16:37:15
