5.056 160.000 810.000 17:45:17
5.044 247.390 1246.829 17:45:18
5.060 159.890 860.488 17:45:19
5.064 147.000 743.659 17:45:20
5.052 183.390 1262.439 17:45:21
5.064 145.598 735.610 17:45:22
5.060 145.890 733.415 17:45:23
5.060 146.098 736.829 17:45:24
5.060 145.195 738.780 17:45:25
5.060 145.390 736.098 17:45:26
5.060 147.000 821.220 17:45:27
5.064 145.293 740.000 17:45:28
5.060 145.390 735.610 17:45:29
5.060 151.793 767.561 17:45:30
5.064 150.890 764.146 17:45:31
5.060 171.793 868.780 17:45:32
5.056 207.098 1018.537 17:45:33
5.060 148.890 748.780 17:45:34
5.060 149.195 754.878 17:45:35
5.052 196.695 743.659 17:45:36
5.048 180.695 903.171 17:45:37
5.060 145.390 737.317 17:45:38
5.060 152.598 758.049 17:45:39
5.056 150.695 1086.585 17:45:40
5.044 210.098 1033.902 17:45:41
5.048 148.000 1116.585 17:45:42
5.048 144.500 738.780 17:45:43
5.060 146.000 738.780 17:45:44
5.060 147.000 861.220 17:45:45
5.060 146.000 739.268 17:45:46
5.060 146.793 742.195 17:45:47
5.060 144.793 736.829 17:45:48
5.060 148.500 753.171 17:45:49
5.048 147.000 747.561 17:45:50
5.060 146.890 746.585 17:45:51
5.060 148.695 752.439 17:45:52
5.060 148.000 747.317 17:45:53
5.060 150.390 762.439 17:45:54
5.052 191.098 921.220 17:45:55
5.060 145.890 739.268 17:45:56
5.060 147.695 751.220 17:45:57
5.060 152.390 771.220 17:45:58
