5.056 261.890 1323.171 16:57:24
5.040 250.585 1261.951 16:57:25
5.056 159.500 806.341 16:57:26
5.060 150.890 763.659 16:57:27
5.052 341.293 815.122 16:57:28
5.060 241.488 823.902 16:57:29
5.060 150.000 758.780 16:57:30
5.060 148.390 811.707 16:57:31
5.048 205.293 776.829 16:57:32
5.052 196.293 926.341 16:57:33
5.060 149.890 757.561 16:57:34
5.048 201.293 935.122 16:57:35
5.056 149.890 758.537 16:57:36
5.060 149.098 758.537 16:57:37
5.048 190.390 1130.488 16:57:38
5.056 154.890 823.659 16:57:39
5.060 151.000 763.171 16:57:40
5.040 183.598 907.561 16:57:41
5.060 151.500 767.561 16:57:42
5.052 183.488 1397.073 16:57:43
5.048 200.098 744.878 16:57:44
5.060 150.598 761.220 16:57:45
5.048 148.390 748.780 16:57:46
5.060 147.793 752.195 16:57:47
5.060 147.195 747.317 16:57:48
5.060 148.390 750.488 16:57:49
5.056 147.390 754.878 16:57:50
5.060 151.695 767.561 16:57:51
5.052 250.793 1273.659 16:57:52
5.048 185.195 1110.244 16:57:53
5.052 183.890 926.829 16:57:54
5.060 151.000 803.659 16:57:55
5.052 195.098 1029.512 16:57:56
5.044 194.488 999.512 16:57:57
5.056 148.293 810.488 16:57:58
5.052 185.390 1066.585 16:57:59
5.060 147.500 746.829 16:58:00
5.060 150.195 758.537 16:58:01
5.060 150.195 758.049 16:58:02
5.060 153.390 759.268 16:58:03
5.064 145.390 735.610 16:58:04
5.052 198.195 1018.537 16:58:05
5.064 145.598 737.317 16:58:06
