5.060 154.000 779.268 16:40:02
5.040 248.293 1258.293 16:40:03
5.060 159.098 804.390 16:40:04
5.064 147.000 740.000 16:40:05
5.048 243.488 1118.049 16:40:06
5.052 218.195 1079.024 16:40:08
5.064 145.195 738.780 16:40:09
5.064 145.695 739.756 16:40:10
5.064 147.598 735.366 16:40:11
5.060 149.695 757.317 16:40:12
5.060 148.390 750.488 16:40:13
5.060 145.293 738.780 16:40:14
5.064 145.500 738.049 16:40:15
5.060 146.390 737.317 16:40:16
5.052 147.793 750.000 16:40:17
5.060 148.890 754.878 16:40:18
5.060 149.695 1065.854 16:40:19
5.056 211.488 1425.122 16:40:20
5.040 222.390 1074.146 16:40:21
5.060 155.098 763.171 16:40:22
5.056 185.695 947.073 16:40:23
5.044 222.488 921.220 16:40:24
5.060 145.195 737.317 16:40:25
5.060 145.293 731.220 16:40:26
5.060 151.500 772.439 16:40:27
5.060 148.390 747.317 16:40:28
5.060 146.598 1028.537 16:40:29
5.060 146.098 742.927 16:40:30
5.060 153.793 746.829 16:40:31
5.060 146.890 738.780 16:40:32
5.060 146.890 879.512 16:40:33
5.060 145.390 738.780 16:40:34
5.064 147.695 746.829 16:40:35
5.048 166.598 761.951 16:40:36
5.060 224.988 1073.415 16:40:37
5.040 269.085 1329.024 16:40:38
5.052 173.390 866.341 16:40:39
5.056 151.195 762.439 16:40:40
5.060 146.890 744.878 16:40:41
5.064 220.890 1042.195 16:40:42
5.060 145.793 734.878 16:40:43
5.064 159.000 804.146 16:40:44
