5.048 213.195 1079.024 16:52:12
5.028 337.988 1696.829 16:52:13
5.056 161.793 819.268 16:52:14
5.064 152.793 772.439 16:52:15
5.036 244.585 1460.244 16:52:16
5.064 148.500 738.049 16:52:17
5.060 144.793 735.366 16:52:18
5.060 145.890 735.610 16:52:19
5.060 151.293 767.317 16:52:20
5.048 206.098 976.585 16:52:21
5.052 150.793 779.268 16:52:22
5.060 171.390 1034.634 16:52:23
5.056 254.390 943.171 16:52:24
5.052 146.890 744.390 16:52:25
5.052 179.793 1050.488 16:52:26
5.056 195.098 1023.415 16:52:27
5.052 199.390 1011.707 16:52:28
5.064 145.390 739.268 16:52:29
5.040 194.390 957.805 16:52:30
5.052 191.695 1002.195 16:52:31
5.060 202.488 744.146 16:52:32
5.060 147.195 747.561 16:52:33
5.048 300.488 1354.634 16:52:34
5.056 149.293 750.488 16:52:35
5.056 159.000 1070.244 16:52:36
5.040 227.195 1134.878 16:52:37
5.056 147.000 748.049 16:52:38
5.060 151.890 766.585 16:52:39
5.060 151.695 761.951 16:52:40
5.060 162.000 739.268 16:52:41
5.060 147.195 753.171 16:52:42
5.052 212.390 995.122 16:52:43
5.060 146.293 741.707 16:52:44
5.060 299.085 748.537 16:52:45
5.036 212.695 916.829 16:52:46
5.060 148.793 736.829 16:52:47
5.060 147.195 1304.634 16:52:48
5.056 149.890 758.537 16:52:49
5.060 147.793 746.829 16:52:50
5.052 147.500 745.610 16:52:51
5.060 146.000 1032.195 16:52:52
5.056 160.793 899.024 16:52:53
