5.060 155.793 788.780 17:44:25
5.040 254.195 1264.390 17:44:26
5.060 163.293 825.610 17:44:27
5.060 149.000 753.171 17:44:28
5.036 200.195 1034.634 17:44:29
5.048 199.598 958.780 17:44:30
5.056 145.598 738.049 17:44:31
5.060 145.793 737.805 17:44:32
5.060 171.488 865.610 17:44:33
5.048 189.488 1057.805 17:44:34
5.064 145.195 734.878 17:44:35
5.052 146.890 743.171 17:44:36
5.060 148.000 748.780 17:44:37
5.060 146.598 743.171 17:44:38
5.060 145.390 731.707 17:44:39
5.056 170.098 875.122 17:44:40
5.048 179.695 910.000 17:44:41
5.056 206.988 951.463 17:44:42
5.048 205.890 940.244 17:44:43
5.060 147.598 745.610 17:44:44
5.060 147.000 752.927 17:44:45
5.064 204.098 747.561 17:44:46
5.060 233.793 947.805 17:44:47
5.060 145.890 744.878 17:44:48
5.060 150.793 758.780 17:44:49
5.048 150.695 767.317 17:44:50
5.060 207.488 1322.683 17:44:51
5.048 191.390 1027.317 17:44:52
5.056 147.000 740.976 17:44:53
5.060 146.000 735.366 17:44:55
5.060 149.195 1006.341 17:44:56
5.052 151.293 761.220 17:44:57
5.048 151.500 766.585 17:44:58
5.052 182.195 959.512 17:44:59
5.056 229.293 940.000 17:45:00
5.052 246.488 1374.390 17:45:01
5.048 145.390 738.780 17:45:02
5.064 211.488 746.585 17:45:03
5.064 147.793 747.561 17:45:04
5.060 146.000 735.366 17:45:05
5.060 145.695 741.707 17:45:06
5.056 161.793 817.561 17:45:07
