5.056 158.098 800.000 16:31:33
5.040 253.890 1279.512 16:31:34
5.060 161.695 817.561 16:31:35
5.060 148.390 751.220 16:31:36
5.052 205.988 928.293 16:31:37
5.048 262.695 1161.220 16:31:38
5.060 145.695 734.146 16:31:39
5.064 154.793 734.878 16:31:40
5.060 146.793 789.268 16:31:41
5.060 146.793 745.366 16:31:42
5.060 145.390 733.659 16:31:43
5.060 149.695 757.317 16:31:44
5.060 145.098 734.878 16:31:45
5.060 145.793 1006.341 16:31:46
5.056 147.000 742.927 16:31:47
5.064 151.000 758.537 16:31:48
5.064 159.500 737.805 16:31:49
5.060 163.500 825.122 16:31:50
5.056 184.988 940.976 16:31:51
5.060 147.293 742.927 16:31:52
5.052 179.890 1138.049 16:31:53
5.048 182.793 1113.659 16:31:54
5.056 152.195 771.220 16:31:55
5.056 197.098 903.415 16:31:56
5.052 189.890 1152.927 16:31:57
5.052 256.585 1315.610 16:31:58
5.052 184.195 901.951 16:31:59
5.060 145.098 849.512 16:32:00
5.060 145.195 736.829 16:32:01
5.064 147.390 744.878 16:32:02
5.064 145.098 736.829 16:32:03
5.060 145.098 737.317 16:32:04
5.060 201.195 734.146 16:32:05
5.060 146.000 735.610 16:32:06
5.064 147.598 745.610 16:32:07
5.060 145.890 737.805 16:32:08
5.060 145.098 735.610 16:32:09
5.060 204.293 754.146 16:32:10
5.060 145.098 737.317 16:32:11
5.060 145.195 737.805 16:32:12
5.044 208.488 1043.415 16:32:13
5.060 145.500 736.098 16:32:14
