5.060 153.390 780.732 17:34:08
5.040 306.695 1262.683 17:34:09
5.056 158.793 799.268 17:34:10
5.064 144.390 731.220 17:34:11
5.052 184.988 950.976 17:34:12
5.060 145.293 739.268 17:34:13
5.060 145.695 853.659 17:34:14
5.064 144.695 736.829 17:34:15
5.060 146.598 738.780 17:34:16
5.060 144.000 735.610 17:34:17
5.060 145.293 731.220 17:34:18
5.064 220.890 1029.512 17:34:19
5.060 145.598 739.268 17:34:20
5.060 146.293 739.756 17:34:21
5.060 145.390 731.707 17:34:22
5.060 146.793 733.659 17:34:23
5.064 144.500 732.439 17:34:24
5.040 218.098 804.146 17:34:25
5.048 181.793 943.415 17:34:26
5.060 145.500 740.976 17:34:27
5.060 150.195 763.659 17:34:28
5.060 150.890 763.659 17:34:29
5.060 146.390 744.390 17:34:30
5.060 160.500 762.439 17:34:31
5.052 202.098 1022.683 17:34:32
5.064 145.390 736.098 17:34:33
5.060 146.195 739.756 17:34:34
5.060 148.098 744.878 17:34:35
5.060 145.293 732.195 17:34:36
5.060 145.390 732.927 17:34:37
5.060 182.488 1027.317 17:34:38
5.064 197.488 897.073 17:34:39
5.064 145.390 732.439 17:34:40
5.048 147.195 744.390 17:34:41
5.060 147.000 743.659 17:34:42
5.060 147.098 969.756 17:34:43
5.060 145.390 735.366 17:34:44
5.060 145.793 731.707 17:34:45
5.060 145.293 735.366 17:34:46
5.064 144.890 732.195 17:34:47
5.060 144.695 735.610 17:34:48
5.048 212.890 1104.878 17:34:49
5.060 146.890 743.659 17:34:50
