5.060 157.195 795.122 15:58:33
5.040 248.585 1253.902 15:58:34
5.060 162.195 823.171 15:58:35
5.060 148.098 752.927 15:58:36
5.060 163.293 760.000 15:58:37
5.048 150.500 763.659 15:58:38
5.044 147.000 741.220 15:58:39
5.052 195.390 1188.537 15:58:40
5.060 144.890 734.878 15:58:41
5.060 144.390 731.220 15:58:42
5.060 144.695 738.049 15:58:43
5.060 145.598 740.976 15:58:44
5.064 144.598 734.878 15:58:45
5.060 144.598 734.878 15:58:46
5.060 146.293 741.220 15:58:47
5.060 144.390 731.707 15:58:48
5.064 145.890 735.366 15:58:49
5.056 146.890 1023.902 15:58:50
5.064 145.598 1004.634 15:58:51
5.048 146.793 742.439 15:58:52
5.056 144.598 731.707 15:58:53
5.060 146.293 737.805 15:58:54
5.052 159.000 826.829 15:58:55
5.056 182.195 995.854 15:58:56
5.052 190.793 954.634 15:58:57
5.060 144.500 734.146 15:58:58
5.056 150.293 756.098 15:58:59
5.060 154.098 732.439 15:59:00
5.052 199.598 1036.098 15:59:01
5.060 155.598 733.659 15:59:02
5.064 151.793 744.390 15:59:03
5.064 145.793 735.366 15:59:04
5.060 144.695 734.878 15:59:05
5.060 144.390 735.366 15:59:06
5.060 146.293 736.829 15:59:07
5.052 146.890 742.439 15:59:08
5.060 144.390 734.878 15:59:09
5.060 146.390 731.707 15:59:10
5.044 227.293 1194.878 15:59:11
