5.060 155.890 937.073 15:46:51
5.044 242.890 1225.122 15:46:52
5.060 161.098 815.122 15:46:53
5.060 147.890 748.537 15:46:54
5.060 145.000 734.878 15:46:55
5.060 149.000 750.488 15:46:56
5.060 145.390 731.220 15:46:57
5.060 146.890 746.829 15:46:58
5.060 144.890 732.195 15:46:59
5.060 145.390 738.780 15:47:00
5.060 151.500 752.927 15:47:01
5.064 144.390 734.878 15:47:02
5.060 145.195 730.488 15:47:03
5.064 145.098 731.220 15:47:04
5.060 145.000 734.878 15:47:05
5.060 144.390 734.146 15:47:06
5.060 146.793 742.439 15:47:07
5.064 145.890 737.805 15:47:08
5.060 145.000 991.951 15:47:09
5.040 147.098 1048.293 15:47:10
5.060 146.000 740.000 15:47:11
5.064 146.000 742.439 15:47:12
5.064 145.098 733.659 15:47:13
5.060 144.195 734.878 15:47:14
5.060 147.598 737.805 15:47:15
5.060 144.890 990.244 15:47:16
5.060 148.695 748.537 15:47:17
5.064 144.293 733.415 15:47:18
5.056 144.695 732.439 15:47:19
5.060 145.598 735.366 15:47:20
5.060 145.000 731.220 15:47:21
5.060 146.000 739.756 15:47:22
5.060 146.098 738.780 15:47:23
5.060 145.195 739.268 15:47:24
5.064 146.000 731.220 15:47:25
5.064 144.500 731.707 15:47:26
5.064 145.598 750.976 15:47:27
5.060 174.098 753.659 15:47:28
5.060 144.390 741.220 15:47:29
5.060 145.293 730.488 15:47:30
5.060 148.890 757.317 15:47:31
5.060 145.695 738.780 15:47:32
5.056 151.098 766.829 15:47:33
5.060 145.293 734.878 15:47:34
