5.060 146.195 743.659 16:54:44
5.060 154.195 780.000 16:54:45
5.040 244.890 1234.390 16:54:46
5.060 148.793 758.537 16:54:47
5.060 145.500 739.756 16:54:48
5.052 195.598 1040.976 16:54:49
5.056 188.988 930.000 16:54:50
5.060 147.195 749.756 16:54:51
5.044 194.293 955.122 16:54:52
5.028 249.488 970.976 16:54:53
5.060 149.293 755.366 16:54:54
5.060 151.598 762.927 16:54:56
5.040 203.793 1146.829 16:54:57
5.048 180.390 869.512 16:54:58
5.044 224.293 1135.366 16:54:59
5.060 152.000 764.146 16:55:00
5.056 151.598 1070.488 16:55:01
5.052 185.890 1117.805 16:55:02
5.064 145.500 745.366 16:55:03
5.060 151.098 767.317 16:55:04
5.052 184.293 846.098 16:55:05
5.064 146.098 739.756 16:55:06
5.060 147.098 737.805 16:55:07
5.040 179.793 907.561 16:55:08
5.060 146.390 737.805 16:55:09
5.060 151.598 762.927 16:55:10
5.044 153.293 818.049 16:55:11
5.060 152.598 1162.195 16:55:12
5.060 213.390 1100.976 16:55:13
5.048 208.195 744.878 16:55:14
5.060 149.500 759.756 16:55:15
5.060 151.793 771.220 16:55:16
5.048 176.793 768.537 16:55:17
5.052 186.293 1286.829 16:55:18
5.044 205.988 925.122 16:55:19
5.048 180.390 945.854 16:55:20
5.044 189.793 990.244 16:55:21
5.060 151.195 763.659 16:55:22
5.060 147.793 744.878 16:55:23
5.060 202.293 1029.756 16:55:24
5.060 147.000 738.780 16:55:25
5.060 145.390 738.780 16:55:26
5.044 226.793 1143.415 16:55:27
5.060 145.390 736.098 16:55:28
