5.072 553.854 2811.707 14:13:12
5.068 590.439 2999.512 14:13:13
5.076 554.244 2814.146 14:13:14
5.076 553.049 2814.146 14:13:15
5.104 475.561 2423.902 14:13:16
5.088 514.146 2636.585 14:13:17
5.104 467.366 2384.878 14:13:18
5.108 467.659 2389.756 14:13:19
5.104 466.854 2385.854 14:13:20
5.104 466.366 2382.439 14:13:21
5.108 466.146 2436.098 14:13:22
5.108 466.366 2377.073 14:13:23
5.088 502.951 2565.366 14:13:24
5.108 466.049 2385.854 14:13:25
5.108 468.951 2387.317 14:13:26
5.068 575.341 2926.829 14:13:27
5.088 518.146 2644.878 14:13:28
5.076 542.049 2708.780 14:13:29
5.064 552.537 2885.366 14:13:30
5.100 490.854 2503.902 14:13:31
5.104 476.366 2452.683 14:13:32
5.092 517.341 2627.805 14:13:33
5.088 520.049 2627.805 14:13:34
5.096 504.561 2559.024 14:13:35
5.088 516.049 2622.439 14:13:36
5.092 515.561 2616.098 14:13:37
5.088 514.341 2622.439 14:13:38
5.088 514.341 2604.878 14:13:39
5.092 514.561 2611.220 14:13:40
5.088 478.951 2486.341 14:13:41
5.088 514.854 2624.878 14:13:42
5.092 505.049 2523.415 14:13:43
5.088 516.561 2629.268 14:13:44
5.088 537.561 2640.488 14:13:45
5.044 634.341 3215.122 14:13:46
5.088 517.951 2623.902 14:13:47
5.088 517.049 2623.902 14:13:48
5.064 580.146 2950.732 14:13:49
5.092 517.146 2622.927 14:13:50
5.096 491.146 2520.976 14:13:51
5.092 515.341 2614.146 14:13:52
5.088 513.854 2632.683 14:13:53
5.084 514.854 2626.341 14:13:54
5.092 518.341 2629.268 14:13:55
5.092 515.561 2614.146 14:13:56
5.096 511.244 2830.244 14:13:57
5.088 516.951 2851.707 14:13:58
5.068 590.146 3133.171 14:13:59
5.088 522.854 2679.024 14:14:00
5.072 553.854 2777.561 14:14:01
5.088 515.439 2618.049 14:14:02
5.108 469.366 2398.537 14:14:03
5.088 515.341 2624.878 14:14:04
5.068 516.659 2622.927 14:14:05
5.088 514.756 2614.146 14:14:06
5.088 512.561 2629.268 14:14:07
5.076 552.049 2728.780 14:14:08
5.088 519.146 2622.927 14:14:09
5.092 514.439 2624.878 14:14:10
5.092 517.951 2608.780 14:14:11
5.092 514.244 2631.707 14:14:12
5.088 515.854 2632.683 14:14:13
5.108 474.659 2398.537 14:14:14
5.104 467.854 2393.659 14:14:15
5.108 466.756 2389.756 14:14:16
5.108 467.146 2380.976 14:14:17
5.088 516.244 2635.122 14:14:18
5.108 466.463 2392.195 14:14:19
5.104 469.659 2397.561 14:14:20
5.088 519.439 2640.488 14:14:21
5.104 485.049 2467.317 14:14:22
5.108 468.756 2385.854 14:14:23
5.088 528.756 2647.805 14:14:24
5.088 523.951 2660.488 14:14:25
5.084 512.951 2613.659 14:14:26
5.092 513.951 2621.463 14:14:27
5.088 514.951 2611.220 14:14:28
5.120 439.756 2242.439 14:14:29
5.104 468.244 2456.098 14:14:30
5.116 440.561 2251.220 14:14:31
5.088 520.439 2636.585 14:14:32
5.108 467.146 2381.951 14:14:33
5.108 466.049 2386.341 14:14:34
5.108 464.854 2379.512 14:14:35
5.104 469.951 2385.854 14:14:36
5.016 730.537 3667.805 14:14:37
5.076 552.146 2791.707 14:14:38
