5.016 733.829 3679.024 12:36:20
5.028 691.439 3409.756 12:36:21
5.080 550.537 2793.171 12:36:22
5.080 552.439 2807.805 12:36:23
5.108 474.854 2426.341 12:36:24
5.088 513.146 2375.122 12:36:25
5.108 465.561 2392.195 12:36:26
5.108 468.366 2370.732 12:36:27
5.104 464.854 2386.341 12:36:28
5.116 443.146 2257.073 12:36:29
5.088 515.756 2626.341 12:36:30
5.092 516.341 2627.317 12:36:31
5.088 518.146 2671.220 12:36:32
5.108 465.049 2377.561 12:36:33
5.112 464.366 2373.659 12:36:34
5.108 465.244 2380.976 12:36:35
5.108 464.854 2375.122 12:36:36
5.108 464.951 2383.902 12:36:37
5.092 514.854 2623.902 12:36:38
5.092 511.463 2620.000 12:36:39
5.104 464.366 2374.634 12:36:40
5.108 469.854 2388.780 12:36:41
5.092 515.659 2631.220 12:36:42
5.108 465.951 2400.976 12:36:43
5.104 471.561 2387.317 12:36:44
5.076 525.854 2796.585 12:36:45
5.104 467.146 2372.683 12:36:46
5.100 466.049 2379.512 12:36:47
5.104 464.756 2388.293 12:36:48
5.088 534.854 2582.927 12:36:49
5.108 464.756 2370.732 12:36:50
5.092 516.244 2618.049 12:36:51
5.088 512.854 2644.878 12:36:52
5.108 464.951 2400.976 12:36:53
5.092 512.659 2610.244 12:36:54
5.108 469.146 2369.756 12:36:55
5.092 516.049 2624.878 12:36:56
5.092 512.146 2386.341 12:36:57
5.108 465.366 2373.659 12:36:58
5.104 465.366 2375.122 12:36:59
5.104 467.244 2373.659 12:37:00
5.088 519.049 2643.902 12:37:01
5.100 513.951 2542.439 12:37:02
5.108 465.146 2368.780 12:37:03
5.108 465.951 2378.537 12:37:04
5.076 554.854 2800.488 12:37:05
5.080 548.756 2790.732 12:37:06
