5.016 732.927 3677.073 15:07:54
5.032 691.341 3478.049 15:07:55
5.076 551.854 2793.171 15:07:56
5.076 552.854 2812.683 15:07:57
5.104 474.366 2422.439 15:07:58
5.136 390.854 2003.902 15:07:59
5.136 390.951 2004.390 15:08:00
5.108 466.366 2381.951 15:08:01
5.108 497.341 2374.634 15:08:02
5.108 465.756 2376.098 15:08:03
5.108 465.244 2372.195 15:08:04
5.108 466.244 2413.659 15:08:05
5.108 465.244 2371.220 15:08:06
5.112 465.049 2379.512 15:08:07
5.076 558.439 2789.268 15:08:08
5.092 515.659 2631.707 15:08:09
5.092 495.561 2611.707 15:08:10
5.088 519.951 2620.000 15:08:11
5.084 540.244 2778.049 15:08:12
5.088 516.756 2619.024 15:08:13
5.108 487.951 2404.878 15:08:14
5.088 513.854 2801.463 15:08:15
5.104 472.951 2377.073 15:08:16
5.092 515.756 2615.122 15:08:17
5.092 514.854 2613.659 15:08:18
5.072 574.951 2861.951 15:08:19
5.092 513.951 2608.780 15:08:20
5.092 512.146 2610.244 15:08:21
5.088 513.659 2622.927 15:08:22
5.088 516.854 2627.317 15:08:23
5.088 512.244 2625.366 15:08:24
5.092 512.756 2606.341 15:08:25
5.076 550.756 2786.829 15:08:26
5.080 570.634 2865.854 15:08:27
5.092 513.146 2605.366 15:08:28
5.084 548.659 2762.927 15:08:29
5.096 535.659 2620.000 15:08:30
5.088 511.463 2637.561 15:08:31
5.092 522.439 2645.366 15:08:32
5.092 514.049 2604.878 15:08:33
5.084 542.439 2773.171 15:08:34
5.092 515.049 2616.098 15:08:35
5.064 514.561 2726.341 15:08:36
5.064 603.146 3055.610 15:08:37
5.088 513.951 2623.902 15:08:38
5.072 542.049 2735.122 15:08:39
5.092 581.146 2876.585 15:08:40
5.092 512.146 2943.415 15:08:41
5.092 511.146 2890.244 15:08:42
5.092 514.049 2627.317 15:08:43
5.092 514.659 2616.098 15:08:44
5.088 514.341 2612.683 15:08:45
5.088 515.756 2610.244 15:08:46
5.092 514.854 2610.244 15:08:47
5.068 591.049 2989.268 15:08:48
5.064 557.244 2879.024 15:08:49
5.092 512.244 2898.049 15:08:50
5.088 513.439 2612.683 15:08:51
5.072 517.439 2619.024 15:08:52
5.052 604.146 2741.463 15:08:53
5.084 549.049 2786.829 15:08:54
5.076 605.634 3075.610 15:08:55
5.068 542.537 3077.073 15:08:56
5.092 513.659 2610.244 15:08:57
5.108 465.756 2373.659 15:08:58
5.080 551.439 2795.610 15:08:59
5.108 466.951 2379.512 15:09:00
5.104 466.659 2378.537 15:09:01
5.108 470.561 2380.000 15:09:02
5.108 467.049 2375.122 15:09:03
5.092 516.244 2376.098 15:09:04
5.108 467.951 2378.537 15:09:05
5.088 514.854 2614.146 15:09:06
5.092 515.951 2623.902 15:09:07
5.088 515.049 2607.805 15:09:08
5.104 464.951 2384.878 15:09:09
5.076 548.854 2793.171 15:09:10
5.088 501.951 2538.537 15:09:11
5.092 513.854 2611.707 15:09:12
5.092 518.854 2659.024 15:09:13
5.084 515.439 2633.659 15:09:14
5.088 493.951 2562.927 15:09:15
5.072 566.049 2850.732 15:09:16
5.092 512.951 2607.317 15:09:17
5.108 464.951 2375.122 15:09:18
5.092 512.951 2616.098 15:09:19
5.108 465.659 2380.976 15:09:20
5.096 502.146 2555.122 15:09:21
5.108 464.854 2383.415 15:09:23
5.092 516.341 2632.683 15:09:24
5.108 465.561 2376.098 15:09:25
5.104 466.561 2375.122 15:09:26
5.108 465.244 2378.537 15:09:27
5.108 465.146 2386.341 15:09:28
5.088 511.659 2604.878 15:09:29
5.120 427.366 2195.610 15:09:30
5.096 500.463 2545.366 15:09:31
5.088 524.756 2665.366 15:09:32
5.060 589.537 2985.366 15:09:33
