5.076 551.049 2829.268 14:02:11
5.076 551.244 2799.024 14:02:12
5.076 555.854 2798.049 14:02:13
5.080 551.146 2865.854 14:02:14
5.076 551.341 2806.341 14:02:15
5.096 485.146 2491.220 14:02:16
5.104 469.951 2383.902 14:02:17
5.092 514.561 2607.317 14:02:18
5.064 584.439 2983.415 14:02:19
5.088 514.049 2619.024 14:02:20
5.108 467.854 2384.878 14:02:21
5.104 466.951 2380.976 14:02:22
5.088 535.659 2392.195 14:02:23
5.104 468.366 2378.537 14:02:24
5.108 468.049 2389.756 14:02:25
5.080 564.244 2775.610 14:02:26
5.104 465.366 2378.537 14:02:27
5.088 573.439 2937.073 14:02:28
5.076 561.341 2856.585 14:02:29
5.104 475.463 2427.317 14:02:30
5.116 440.659 2264.390 14:02:31
5.076 558.537 2763.902 14:02:32
5.072 557.146 2636.585 14:02:33
5.084 576.439 2751.707 14:02:34
5.092 518.049 2638.049 14:02:35
5.088 520.341 2647.805 14:02:36
5.080 539.049 2830.732 14:02:37
5.088 515.659 2621.463 14:02:38
5.096 492.951 2506.341 14:02:39
5.080 540.854 2796.585 14:02:40
5.076 554.244 2811.707 14:02:41
5.092 514.049 2614.146 14:02:42
5.092 520.244 2633.659 14:02:43
5.048 540.756 2755.610 14:02:44
5.088 517.561 2618.049 14:02:45
5.088 515.049 2636.585 14:02:46
5.088 517.756 2651.707 14:02:47
5.088 514.951 2629.268 14:02:48
5.080 542.049 2805.366 14:02:49
5.088 519.244 2641.463 14:02:50
5.068 516.756 2635.122 14:02:51
5.060 593.732 2933.171 14:02:52
5.092 517.659 2753.171 14:02:53
5.072 537.439 2726.829 14:02:54
5.092 540.951 2709.268 14:02:55
5.108 470.049 2408.293 14:02:56
5.088 512.439 2606.341 14:02:57
5.088 515.854 2636.585 14:02:58
5.088 518.854 2625.366 14:02:59
5.108 471.244 2383.415 14:03:01
5.088 518.049 2628.780 14:03:02
5.088 514.756 2720.000 14:03:03
5.076 549.951 2795.122 14:03:04
5.088 517.561 2625.366 14:03:05
5.080 549.854 2897.073 14:03:06
5.092 516.659 2614.146 14:03:07
5.088 513.439 2616.098 14:03:08
5.108 466.146 2383.902 14:03:09
5.088 514.561 2698.049 14:03:10
5.076 540.341 2809.268 14:03:11
5.092 515.439 2622.927 14:03:12
5.088 531.341 2616.098 14:03:13
5.076 538.439 2848.293 14:03:14
5.076 552.439 2807.805 14:03:15
5.088 516.561 2626.341 14:03:16
5.088 512.049 2611.707 14:03:17
5.108 466.756 2389.756 14:03:18
5.064 516.439 2742.927 14:03:19
5.088 519.854 2632.683 14:03:20
5.100 511.659 2584.878 14:03:21
5.108 470.659 2390.732 14:03:22
5.108 466.049 2386.341 14:03:23
5.108 466.049 2374.634 14:03:24
5.108 468.951 2389.756 14:03:25
5.096 501.561 2551.220 14:03:26
5.100 534.951 2891.707 14:03:27
5.108 465.561 2379.512 14:03:28
5.108 468.854 2391.220 14:03:29
5.024 702.927 3463.902 14:03:30
5.084 526.561 2710.244 14:03:31
5.084 528.341 2686.341 14:03:32
