5.016 712.439 3395.122 14:36:33
5.028 677.439 3371.220 14:36:34
5.076 553.049 2808.293 14:36:35
5.068 579.341 2937.073 14:36:36
5.080 552.756 2801.951 14:36:37
5.096 513.341 2616.585 14:36:38
5.124 425.561 2182.927 14:36:39
5.108 465.049 2386.341 14:36:40
5.108 464.951 2376.098 14:36:41
5.108 465.244 2378.537 14:36:42
5.108 466.244 2392.195 14:36:43
5.108 465.146 2390.732 14:36:44
5.108 465.049 2375.122 14:36:45
5.092 516.439 2621.463 14:36:46
5.092 516.854 2619.024 14:36:47
5.092 513.146 2614.146 14:36:48
5.092 512.561 2614.146 14:36:49
5.088 500.659 2545.366 14:36:50
5.108 465.854 2378.537 14:36:51
5.112 467.756 2380.000 14:36:52
5.092 515.049 2607.317 14:36:53
5.108 465.756 2386.341 14:36:54
5.108 465.756 2375.122 14:36:55
5.092 513.659 2616.585 14:36:56
5.108 468.659 2378.537 14:36:57
5.108 464.951 2373.659 14:36:58
5.096 493.951 2512.195 14:36:59
5.080 541.341 2750.244 14:37:00
5.060 594.634 3006.829 14:37:01
5.076 553.537 2861.463 14:37:02
5.092 515.951 2764.390 14:37:03
5.092 514.244 2620.000 14:37:04
5.092 512.659 2606.341 14:37:05
5.104 467.854 2393.659 14:37:06
5.076 538.537 2755.610 14:37:07
5.092 512.659 2608.780 14:37:08
5.104 468.244 2392.195 14:37:09
5.088 516.951 2622.927 14:37:10
5.104 467.561 2391.220 14:37:11
5.080 516.951 2621.463 14:37:12
5.080 569.341 2914.146 14:37:13
5.088 515.341 2630.244 14:37:14
5.084 515.561 2620.488 14:37:15
5.080 557.049 2726.341 14:37:16
5.092 516.439 2627.805 14:37:17
5.072 553.756 2839.024 14:37:18
5.088 517.756 2643.902 14:37:19
5.088 513.439 2607.805 14:37:20
5.088 516.659 2677.561 14:37:21
5.092 513.146 2614.146 14:37:22
5.064 575.634 2942.927 14:37:23
5.076 560.854 2846.829 14:37:24
5.088 515.659 2611.220 14:37:25
5.088 527.561 2602.927 14:37:26
5.088 520.341 2645.366 14:37:27
5.092 518.659 2636.098 14:37:28
5.092 515.561 2628.780 14:37:29
5.116 442.561 2258.537 14:37:30
5.088 538.659 2655.122 14:37:31
5.076 553.146 2808.293 14:37:32
5.076 557.146 2802.927 14:37:33
5.068 585.049 2948.293 14:37:34
5.080 550.951 2794.146 14:37:35
5.076 550.244 2789.268 14:37:36
5.088 516.561 2673.659 14:37:37
5.096 507.341 2558.537 14:37:38
5.092 516.439 2622.439 14:37:39
5.072 516.146 2627.317 14:37:40
5.072 526.854 2408.780 14:37:41
5.088 514.951 2621.463 14:37:42
5.108 465.049 2379.512 14:37:43
5.088 513.341 2616.098 14:37:44
5.092 515.146 2622.927 14:37:45
5.088 512.659 2614.146 14:37:46
5.088 513.146 2616.098 14:37:47
5.084 549.146 2757.561 14:37:48
5.088 511.756 2608.780 14:37:49
5.108 467.756 2390.732 14:37:50
5.104 477.146 2383.902 14:37:51
5.072 523.756 2634.146 14:37:52
5.108 467.366 2391.220 14:37:53
5.084 515.244 2629.268 14:37:54
5.108 465.659 2390.732 14:37:55
5.108 468.049 2400.976 14:37:56
5.108 468.659 2388.293 14:37:57
5.088 515.659 2621.463 14:37:58
5.108 468.049 2377.561 14:37:59
5.108 465.659 2390.732 14:38:00
5.108 466.659 2399.512 14:38:01
5.108 466.854 2382.439 14:38:02
5.108 466.463 2384.878 14:38:03
5.108 470.463 2389.756 14:38:04
5.092 514.244 2617.561 14:38:05
5.092 515.146 2624.878 14:38:06
5.104 467.366 2387.317 14:38:07
5.108 465.146 2378.537 14:38:08
5.092 515.854 2609.268 14:38:09
5.076 551.341 2804.390 14:38:10
5.076 549.854 2793.171 14:38:12
