5.020 734.122 3663.902 12:28:37
4.972 868.195 4308.293 12:28:38
5.080 551.659 2824.390 12:28:39
5.076 552.146 2803.902 12:28:40
5.076 551.659 2797.073 12:28:41
5.108 465.073 2368.780 12:28:42
5.108 466.732 2389.268 12:28:43
5.108 467.659 2386.341 12:28:44
5.092 513.463 2614.634 12:28:45
5.108 464.634 2370.732 12:28:46
5.108 464.732 2368.780 12:28:47
5.108 464.537 2370.732 12:28:48
5.108 467.659 2371.707 12:28:49
5.092 511.366 2606.829 12:28:50
5.104 465.659 2375.610 12:28:51
5.108 466.537 2376.585 12:28:52
5.092 511.171 2601.951 12:28:53
5.088 511.463 2606.829 12:28:54
5.108 464.732 2373.659 12:28:55
5.080 533.659 2719.024 12:28:56
5.108 467.268 2601.951 12:28:58
5.108 464.976 2368.780 12:28:59
5.108 465.171 2378.537 12:29:00
5.112 463.756 2378.537 12:29:01
5.076 536.829 2738.537 12:29:02
5.108 510.976 2603.902 12:29:03
5.092 511.854 2610.732 12:29:04
5.108 482.732 2418.537 12:29:05
5.108 465.951 2381.463 12:29:06
5.108 464.146 2367.805 12:29:07
5.108 464.439 2373.659 12:29:08
5.108 464.439 2370.732 12:29:09
5.092 535.854 2603.902 12:29:10
5.092 511.268 2606.829 12:29:11
5.108 466.537 2668.293 12:29:12
5.100 509.659 2588.293 12:29:13
5.092 510.829 2603.902 12:29:14
5.108 464.146 2373.659 12:29:15
5.108 464.146 2365.854 12:29:16
5.104 463.854 2367.805 12:29:17
5.112 464.341 2380.488 12:29:18
5.088 514.341 2619.512 12:29:19
5.112 463.756 2368.780 12:29:20
5.136 390.146 2017.561 12:29:21
5.092 510.976 2603.902 12:29:22
5.108 464.732 2367.805 12:29:23
5.080 553.366 2796.098 12:29:24
5.080 548.439 2784.390 12:29:25
5.080 548.439 2784.390 12:29:26
