5.028 560.537 2808.293 13:01:19
5.064 587.854 2976.585 13:01:20
5.076 554.439 2815.610 13:01:21
5.080 550.756 2791.707 13:01:22
5.108 474.951 2423.902 13:01:23
5.136 394.756 2007.805 13:01:24
5.104 468.561 2389.756 13:01:25
5.108 466.659 2390.732 13:01:26
5.088 512.146 2612.683 13:01:27
5.092 514.439 2616.098 13:01:28
5.092 516.341 2631.707 13:01:29
5.120 429.756 2200.976 13:01:30
5.080 548.341 2786.341 13:01:31
5.116 442.268 2277.073 13:01:32
5.072 541.244 2929.268 13:01:33
5.108 469.951 2389.756 13:01:34
5.104 475.366 2380.000 13:01:35
5.092 526.756 2611.220 13:01:36
5.104 465.561 2415.122 13:01:37
5.088 512.244 2607.317 13:01:38
5.092 515.049 2614.146 13:01:39
5.096 485.951 2472.195 13:01:40
5.072 545.341 2951.707 13:01:41
5.080 550.244 2802.927 13:01:42
5.092 513.951 2649.268 13:01:43
5.064 575.244 2845.854 13:01:44
5.092 512.341 2611.707 13:01:45
5.076 533.659 2759.024 13:01:46
5.108 465.366 2422.439 13:01:47
5.092 516.146 2671.707 13:01:48
5.092 517.756 2865.366 13:01:49
5.076 560.756 2921.951 13:01:50
5.096 493.756 2663.902 13:01:51
5.092 513.854 2611.707 13:01:52
5.076 551.439 2799.024 13:01:53
5.108 481.463 2646.341 13:01:54
5.104 472.756 2391.220 13:01:55
5.092 513.049 2611.220 13:01:56
5.092 512.561 2610.244 13:01:57
5.092 512.561 2606.341 13:01:58
5.108 467.244 2380.000 13:01:59
5.096 513.756 2622.439 13:02:00
5.108 474.561 2378.537 13:02:01
5.108 465.951 2377.561 13:02:02
5.108 465.463 2376.098 13:02:03
5.080 547.659 2781.463 13:02:04
5.104 468.463 2377.073 13:02:05
5.088 512.146 2621.463 13:02:06
5.112 464.463 2377.073 13:02:07
5.092 513.561 2614.146 13:02:08
5.108 514.561 2607.317 13:02:09
5.108 466.756 2384.878 13:02:10
5.112 465.463 2378.537 13:02:11
5.108 466.049 2379.512 13:02:12
5.108 465.146 2379.512 13:02:13
5.076 552.854 2807.805 13:02:14
5.048 588.439 2978.537 13:02:15
5.076 553.341 2802.927 13:02:16
