5.008 719.537 3609.268 14:40:41
4.972 860.927 4148.293 14:40:42
5.076 549.561 2806.829 14:40:43
5.076 550.341 2794.146 14:40:44
5.104 474.439 2424.390 14:40:45
5.132 392.878 2004.878 14:40:46
5.108 468.341 2378.537 14:40:47
5.088 512.829 2606.829 14:40:48
5.108 465.659 2389.268 14:40:49
5.104 467.268 2378.537 14:40:50
5.104 466.537 2380.488 14:40:51
5.108 465.951 2380.488 14:40:52
5.108 467.268 2383.415 14:40:53
5.092 513.561 2610.732 14:40:54
5.076 467.951 2485.854 14:40:55
5.092 512.829 2606.829 14:40:56
5.108 466.049 2371.707 14:40:57
5.092 511.756 2611.707 14:40:58
5.108 465.756 2386.341 14:40:59
5.092 511.561 2606.829 14:41:00
5.092 522.146 2626.341 14:41:01
5.108 467.073 2376.585 14:41:02
5.108 465.951 2381.463 14:41:03
5.088 471.659 2385.366 14:41:04
5.108 495.073 2611.707 14:41:05
5.088 515.561 2618.537 14:41:06
5.092 517.463 2626.341 14:41:07
5.092 514.927 2619.512 14:41:08
5.076 556.634 2840.000 14:41:09
5.088 470.049 2413.659 14:41:10
5.092 513.463 2605.854 14:41:11
5.100 481.951 2460.488 14:41:12
5.108 466.439 2445.854 14:41:13
5.076 542.049 2801.951 14:41:14
5.092 512.829 2616.585 14:41:15
5.076 575.122 2907.317 14:41:16
5.084 543.463 2778.537 14:41:17
5.092 515.756 2645.854 14:41:18
5.108 465.756 2375.610 14:41:19
5.088 513.756 2671.220 14:41:20
5.092 465.561 2426.341 14:41:21
5.108 464.732 2759.024 14:41:22
5.092 512.049 2610.732 14:41:23
5.108 466.634 2381.463 14:41:24
5.092 511.171 2605.854 14:41:25
5.092 512.146 2606.829 14:41:26
5.108 465.561 2383.415 14:41:27
5.068 616.049 2629.268 14:41:28
5.088 554.634 2792.195 14:41:29
5.100 539.024 2946.341 14:41:30
5.092 530.927 3016.585 14:41:31
5.092 514.439 2614.634 14:41:32
5.076 538.634 2864.390 14:41:33
5.088 515.854 2663.415 14:41:34
5.088 514.439 2619.512 14:41:35
5.092 516.341 2634.146 14:41:37
5.108 465.659 2528.780 14:41:38
5.096 512.341 2616.585 14:41:39
5.080 541.561 2846.829 14:41:40
5.096 500.341 2549.268 14:41:41
5.088 519.561 2619.512 14:41:42
5.092 519.854 2834.146 14:41:43
5.092 514.049 2614.634 14:41:44
5.092 513.073 2619.512 14:41:45
5.084 541.024 2759.024 14:41:46
5.092 512.146 2658.537 14:41:47
5.088 513.561 2616.585 14:41:48
5.092 523.561 2661.463 14:41:49
5.076 539.951 2757.073 14:41:50
5.080 569.463 2854.634 14:41:51
5.076 548.732 2804.878 14:41:52
5.088 515.073 2681.951 14:41:53
5.108 468.976 2376.585 14:41:54
5.104 465.659 2375.610 14:41:55
5.080 519.756 2640.976 14:41:56
5.108 466.439 2376.585 14:41:57
5.112 466.146 2376.585 14:41:58
5.108 524.829 2763.902 14:41:59
5.108 464.537 2421.463 14:42:00
5.088 519.463 2634.146 14:42:01
5.108 466.732 2380.488 14:42:02
5.096 504.341 2551.220 14:42:03
5.076 539.463 2766.829 14:42:04
5.088 512.829 2605.854 14:42:05
5.104 465.171 2376.585 14:42:06
5.092 516.927 2624.390 14:42:07
5.092 511.854 2611.707 14:42:08
5.108 464.341 2371.707 14:42:09
5.112 465.073 2378.537 14:42:10
5.136 389.659 1995.122 14:42:11
5.108 473.073 2378.537 14:42:12
5.108 464.634 2376.585 14:42:13
5.016 721.707 3725.854 14:42:14
5.080 551.951 2796.098 14:42:15
5.080 549.463 2792.195 14:42:16
