5.076 551.341 2802.927 12:59:54
5.080 555.244 2810.244 12:59:55
5.076 554.659 2807.805 12:59:56
5.064 586.439 2964.390 12:59:57
5.104 474.854 2422.439 12:59:58
5.132 390.366 2031.707 12:59:59
5.132 390.463 2003.902 13:00:00
5.108 471.366 2404.878 13:00:01
5.104 465.244 2380.000 13:00:02
5.104 465.854 2387.317 13:00:03
5.084 537.341 2720.000 13:00:04
5.084 556.537 2642.927 13:00:05
5.104 465.463 2380.976 13:00:06
5.108 465.244 2380.000 13:00:07
5.080 550.537 2854.146 13:00:08
5.104 465.659 2380.976 13:00:09
5.092 514.146 2614.146 13:00:10
5.108 468.854 2383.902 13:00:11
5.108 465.049 2378.537 13:00:12
5.088 519.244 2705.366 13:00:13
5.092 515.951 2628.780 13:00:14
5.092 513.854 2613.659 13:00:15
5.108 466.244 2379.512 13:00:16
5.096 512.049 2616.585 13:00:17
5.072 587.439 2622.439 13:00:18
5.096 501.244 2379.512 13:00:19
5.108 465.463 2376.098 13:00:20
5.092 516.244 2611.220 13:00:21
5.104 466.049 2388.293 13:00:22
5.092 512.439 2607.317 13:00:23
5.092 513.951 2617.561 13:00:24
5.112 465.951 2388.293 13:00:25
5.076 466.049 2381.951 13:00:26
5.092 513.756 2623.902 13:00:27
5.104 466.049 2378.537 13:00:28
5.116 444.463 2265.854 13:00:29
5.088 699.244 2611.707 13:00:30
5.072 515.659 2627.317 13:00:31
5.048 633.634 3159.512 13:00:32
5.092 513.439 2618.049 13:00:33
5.104 470.049 2375.122 13:00:34
5.088 514.659 2602.439 13:00:35
5.108 464.951 2376.098 13:00:36
5.108 466.951 2380.976 13:00:37
5.104 466.244 2378.537 13:00:38
5.108 465.366 2385.854 13:00:39
5.104 468.049 2388.293 13:00:40
5.108 465.951 2384.878 13:00:41
5.084 515.951 2744.390 13:00:42
5.108 465.854 2380.976 13:00:43
5.092 513.951 2616.585 13:00:44
5.072 543.537 2834.146 13:00:45
5.108 467.561 2380.000 13:00:46
5.108 467.951 2376.098 13:00:47
5.108 466.561 2383.902 13:00:48
5.104 467.146 2382.439 13:00:49
5.104 507.561 2382.439 13:00:50
5.076 553.439 2807.805 13:00:51
5.076 551.341 2803.902 13:00:52
5.076 552.049 2801.951 13:00:53
