5.000 753.829 3811.707 12:45:37
5.076 554.537 2811.707 12:45:38
5.076 550.756 2795.122 12:45:39
5.080 549.439 2793.171 12:45:40
5.108 475.146 2425.854 12:45:41
5.120 437.659 2236.098 12:45:42
5.132 392.268 2005.854 12:45:43
5.092 512.854 2646.341 12:45:44
5.108 468.244 2388.780 12:45:45
5.108 465.244 2376.098 12:45:46
5.096 501.854 2555.122 12:45:47
5.092 514.561 2615.122 12:45:48
5.108 465.659 2380.976 12:45:49
5.092 512.951 2606.341 12:45:50
5.080 482.244 2377.561 12:45:51
5.088 514.854 2621.463 12:45:52
5.104 467.561 2389.756 12:45:53
5.104 468.366 2383.902 12:45:54
5.088 515.244 2622.439 12:45:55
5.088 514.244 2632.683 12:45:56
5.108 467.659 2389.756 12:45:57
5.080 519.146 2622.439 12:45:58
5.108 468.659 2383.415 12:45:59
5.104 467.854 2387.317 12:46:00
5.112 468.244 2385.854 12:46:01
5.076 549.854 2881.951 12:46:02
5.092 519.659 2618.049 12:46:03
5.072 585.756 2664.878 12:46:04
5.108 468.146 2392.683 12:46:05
5.108 467.951 2432.683 12:46:06
5.088 515.439 2614.146 12:46:07
5.108 469.951 2385.854 12:46:08
5.104 468.146 2390.732 12:46:09
5.108 467.146 2395.122 12:46:10
5.104 467.951 2385.854 12:46:11
5.092 515.146 2628.780 12:46:12
5.088 518.439 2627.317 12:46:13
5.108 465.756 2380.000 12:46:14
5.108 467.561 2399.512 12:46:15
5.108 467.951 2392.683 12:46:16
5.092 515.341 2622.927 12:46:17
5.088 517.756 2627.317 12:46:18
5.092 515.854 2620.488 12:46:19
5.088 521.951 2631.220 12:46:20
5.088 516.854 2627.805 12:46:21
5.108 465.366 2378.537 12:46:22
5.108 467.561 2390.732 12:46:23
5.104 468.146 2384.878 12:46:24
5.108 468.146 2402.439 12:46:25
5.104 468.244 2391.220 12:46:26
5.108 467.854 2457.073 12:46:27
5.016 731.829 3672.683 12:46:28
5.076 554.659 2810.244 12:46:29
5.088 528.951 2691.220 12:46:30
