5.064 599.341 3038.049 13:25:53
5.028 736.829 3873.659 13:25:54
4.956 697.024 3575.610 13:25:55
5.072 558.829 2862.439 13:25:56
5.076 556.829 2826.341 13:25:57
5.104 478.732 2446.829 13:25:58
5.100 466.878 2504.390 13:25:59
5.104 470.049 2381.463 13:26:00
5.088 516.927 2631.220 13:26:01
5.104 490.439 2393.171 13:26:02
5.108 469.463 2393.171 13:26:03
5.104 467.463 2405.854 13:26:04
5.080 530.244 2717.073 13:26:05
5.088 517.268 2608.780 13:26:06
5.108 473.659 2380.488 13:26:07
5.104 467.756 2385.366 13:26:08
5.104 471.756 2400.976 13:26:09
5.108 468.341 2393.171 13:26:10
5.092 517.073 2619.512 13:26:11
5.108 481.268 2396.098 13:26:12
5.088 525.073 2623.415 13:26:13
5.104 473.463 2399.024 13:26:14
5.072 543.463 2769.756 13:26:15
5.096 471.463 2378.537 13:26:16
5.088 494.634 2503.415 13:26:17
5.104 468.049 2394.146 13:26:18
5.064 540.146 2768.780 13:26:19
5.092 516.634 2629.268 13:26:20
5.092 529.366 2632.195 13:26:21
5.068 532.927 2843.902 13:26:22
5.088 513.463 2608.780 13:26:23
5.084 538.146 2731.707 13:26:24
5.088 554.732 2551.220 13:26:25
5.092 515.268 2628.293 13:26:26
5.100 469.366 2381.463 13:26:27
5.092 514.439 2641.951 13:26:28
5.064 553.854 2861.463 13:26:29
5.064 479.366 2433.171 13:26:30
5.100 490.439 2501.463 13:26:31
5.088 521.854 2680.976 13:26:32
5.092 512.341 2610.732 13:26:33
5.076 604.927 3086.829 13:26:34
5.104 469.854 2391.220 13:26:35
5.064 523.854 2639.024 13:26:36
5.088 516.049 2643.902 13:26:37
5.092 511.366 2858.537 13:26:38
5.088 514.244 2606.829 13:26:39
5.084 512.927 2597.073 13:26:40
5.088 515.561 2648.780 13:26:41
5.088 514.244 2616.585 13:26:42
5.108 467.854 2388.293 13:26:43
5.088 513.659 2613.659 13:26:44
5.108 469.073 2389.268 13:26:45
5.108 468.244 2398.049 13:26:46
5.104 466.341 2383.415 13:26:47
5.060 512.634 2621.463 13:26:48
5.072 560.634 2829.268 13:26:49
5.088 516.537 2628.293 13:26:50
5.088 496.341 2629.268 13:26:51
5.108 465.854 2385.366 13:26:52
5.112 467.366 2398.049 13:26:53
5.108 471.171 2375.610 13:26:54
5.104 470.146 2394.146 13:26:55
5.088 514.049 2634.146 13:26:56
5.088 514.244 2640.976 13:26:57
5.108 470.049 2383.415 13:26:58
5.108 465.756 2371.707 13:26:59
5.104 468.244 2393.171 13:27:00
5.088 518.146 2640.976 13:27:01
5.108 464.341 2386.341 13:27:02
5.104 489.951 2418.537 13:27:03
5.108 465.756 2391.220 13:27:04
5.108 469.561 2378.537 13:27:05
5.088 519.854 2628.293 13:27:06
5.108 467.171 2389.268 13:27:07
5.108 469.756 2371.707 13:27:08
5.016 729.707 3653.659 13:27:09
5.076 553.854 2806.829 13:27:10
5.076 551.756 2808.780 13:27:11
