5.012 730.439 3670.244 13:24:10
5.024 694.122 3538.049 13:24:11
5.080 550.659 2795.122 13:24:12
5.076 553.049 2807.805 13:24:13
5.076 550.951 2798.049 13:24:14
5.088 514.561 2614.146 13:24:15
5.092 512.659 2616.585 13:24:16
5.108 468.951 2386.341 13:24:17
5.100 465.659 2382.439 13:24:18
5.108 465.756 2378.537 13:24:19
5.108 467.463 2392.195 13:24:20
5.092 515.659 2618.049 13:24:21
5.088 514.756 2615.122 13:24:22
5.108 467.951 2378.537 13:24:23
5.088 515.561 2621.463 13:24:24
5.088 516.049 2607.805 13:24:25
5.092 470.366 2397.561 13:24:26
5.108 471.463 2422.439 13:24:27
5.108 465.463 2502.439 13:24:28
5.108 469.146 2390.732 13:24:29
5.024 616.341 2193.659 13:24:30
5.116 442.561 2267.317 13:24:31
5.092 493.854 2514.146 13:24:32
5.108 464.756 2378.537 13:24:33
5.108 470.561 2390.732 13:24:34
5.092 513.951 2602.927 13:24:35
5.092 516.439 2608.780 13:24:36
5.092 513.756 2629.268 13:24:37
5.088 517.854 2685.366 13:24:38
5.100 499.854 2538.537 13:24:39
5.068 515.146 2624.878 13:24:40
5.072 550.341 2873.171 13:24:41
5.088 515.951 2609.268 13:24:42
5.088 516.146 2628.780 13:24:43
5.092 518.244 2627.317 13:24:44
5.088 526.561 2651.707 13:24:45
5.092 519.951 2920.488 13:24:46
5.076 570.756 2883.415 13:24:47
5.072 579.951 3083.415 13:24:48
5.072 556.537 2844.390 13:24:49
5.088 518.049 2636.098 13:24:50
5.068 598.537 2920.976 13:24:51
5.092 514.341 2622.439 13:24:52
5.108 480.146 2406.341 13:24:53
5.092 517.146 2627.805 13:24:54
5.080 539.659 2750.244 13:24:55
5.088 517.659 2636.585 13:24:56
5.084 515.146 2627.805 13:24:57
5.092 518.049 2636.585 13:24:58
5.084 517.951 2621.463 13:24:59
5.092 466.146 2388.293 13:25:00
5.108 484.244 2447.317 13:25:01
5.084 536.341 2698.049 13:25:02
5.092 515.439 2635.122 13:25:03
5.092 516.951 2642.439 13:25:04
5.088 529.049 2634.146 13:25:05
5.076 517.244 2602.927 13:25:06
5.100 468.366 2490.244 13:25:07
5.092 515.049 2660.000 13:25:08
5.076 560.659 2850.244 13:25:09
5.104 470.244 2383.415 13:25:10
5.104 474.463 2383.902 13:25:11
5.092 520.439 2614.146 13:25:12
5.084 519.341 2642.439 13:25:13
5.108 465.854 2382.439 13:25:14
5.100 464.951 2377.073 13:25:15
5.108 469.951 2404.878 13:25:16
5.108 464.756 2373.659 13:25:17
5.108 486.049 2494.634 13:25:18
5.096 469.244 2488.780 13:25:19
5.108 471.244 2468.780 13:25:20
5.076 553.146 2803.902 13:25:21
5.076 554.244 2819.512 13:25:22
5.076 549.537 2801.951 13:25:23
