5.016 733.927 3670.244 14:03:59
4.964 835.415 4246.829 14:04:00
5.076 549.171 2813.659 14:04:01
5.076 551.171 2800.976 14:04:02
5.080 551.463 2797.073 14:04:03
5.076 548.244 2786.341 14:04:04
5.108 468.244 2380.488 14:04:05
5.132 393.854 2028.293 14:04:06
5.088 514.244 2626.341 14:04:07
5.104 471.659 2426.341 14:04:08
5.084 547.366 2734.634 14:04:09
5.088 512.244 2613.659 14:04:11
5.108 468.732 2399.024 14:04:12
5.076 545.463 2851.707 14:04:13
5.088 519.268 2643.902 14:04:14
5.100 464.976 2376.585 14:04:15
5.096 502.341 2561.951 14:04:16
5.104 468.634 2386.341 14:04:17
5.112 467.463 2388.293 14:04:18
5.104 478.439 2420.488 14:04:19
5.088 515.268 2636.098 14:04:20
5.072 555.268 2808.780 14:04:21
5.088 518.439 2668.293 14:04:22
5.092 505.854 2566.829 14:04:23
5.092 546.927 2853.659 14:04:24
5.108 466.146 2375.610 14:04:25
5.104 468.537 2391.220 14:04:26
5.096 501.561 2559.024 14:04:27
5.088 516.439 2672.195 14:04:28
5.088 523.854 2632.195 14:04:29
5.120 429.463 2193.171 14:04:30
5.080 556.829 2496.585 14:04:31
5.116 442.439 2273.171 14:04:32
5.088 512.927 2606.829 14:04:33
5.076 553.024 2768.780 14:04:34
5.088 514.732 2616.585 14:04:35
5.088 514.537 2611.707 14:04:36
5.084 574.927 2771.707 14:04:37
5.076 555.366 2789.268 14:04:38
5.076 552.537 2789.268 14:04:39
5.092 514.439 2629.268 14:04:40
5.092 515.561 2629.268 14:04:41
5.080 545.171 2826.341 14:04:42
5.088 514.927 2628.293 14:04:43
5.072 569.122 3011.707 14:04:44
5.088 523.171 2963.902 14:04:45
5.088 516.146 2628.293 14:04:46
5.088 514.341 2605.854 14:04:47
5.108 472.341 2398.049 14:04:48
5.076 513.951 2632.195 14:04:49
5.076 544.146 2778.537 14:04:50
5.092 517.366 2666.341 14:04:51
5.092 517.073 2634.146 14:04:52
5.080 547.268 2822.439 14:04:53
5.084 535.366 2728.780 14:04:54
5.088 514.439 2648.780 14:04:55
5.108 465.854 2383.415 14:04:56
5.088 512.829 2606.829 14:04:57
5.092 514.341 2611.707 14:04:58
5.072 561.756 2834.146 14:04:59
5.108 468.634 2466.341 14:05:00
5.104 465.854 2556.098 14:05:01
5.108 479.073 2383.415 14:05:02
5.104 464.878 2381.463 14:05:03
5.088 518.146 2658.537 14:05:04
5.076 518.927 2621.463 14:05:05
5.092 513.268 2619.512 14:05:06
5.108 466.732 2391.220 14:05:07
5.088 523.756 2623.415 14:05:08
5.088 518.634 2608.780 14:05:09
5.092 512.244 2611.707 14:05:10
5.108 476.732 2393.171 14:05:11
5.108 464.878 2376.585 14:05:12
5.108 466.049 2383.415 14:05:13
5.088 538.341 2728.780 14:05:14
5.108 467.463 2423.415 14:05:15
5.092 521.171 2603.902 14:05:16
5.088 515.268 2618.537 14:05:17
5.092 512.634 2608.780 14:05:18
5.108 468.537 2408.780 14:05:19
5.076 560.634 2814.634 14:05:20
5.076 550.049 2794.146 14:05:21
