5.016 732.024 3671.707 13:44:17
4.968 852.732 4281.951 13:44:18
5.076 554.634 2809.756 13:44:19
5.080 558.634 2826.341 13:44:20
5.104 476.146 2434.146 13:44:21
5.120 438.634 2248.780 13:44:22
5.088 514.732 2618.537 13:44:23
5.104 470.732 2433.171 13:44:24
5.108 467.268 2398.049 13:44:26
5.108 468.976 2386.341 13:44:27
5.108 467.854 2391.220 13:44:28
5.096 512.829 2605.854 13:44:29
5.108 468.537 2410.732 13:44:30
5.088 531.366 2686.829 13:44:31
5.080 495.463 2536.585 13:44:32
5.088 516.049 2618.537 13:44:33
5.088 514.439 2610.732 13:44:34
5.072 512.439 2619.512 13:44:35
5.072 560.439 2797.073 13:44:36
5.108 464.732 2398.049 13:44:37
5.104 471.073 2388.293 13:44:38
5.092 515.561 2651.707 13:44:39
5.108 466.976 2375.610 13:44:40
5.088 514.244 2603.902 13:44:41
5.084 516.927 2636.098 13:44:42
5.084 516.341 2400.976 13:44:43
5.092 515.951 2626.341 13:44:44
5.068 575.122 2789.268 13:44:45
5.092 516.537 2616.585 13:44:46
5.108 468.146 2386.341 13:44:47
5.080 539.171 2749.268 13:44:48
5.092 515.463 2611.707 13:44:49
5.088 515.366 2621.463 13:44:50
5.080 536.829 2714.146 13:44:51
5.088 519.854 2619.512 13:44:52
5.068 557.463 2786.341 13:44:53
5.076 564.634 2764.878 13:44:54
5.088 529.854 2699.512 13:44:55
5.084 515.756 2629.268 13:44:56
5.108 466.634 2378.537 13:44:57
5.088 515.951 2626.341 13:44:58
5.076 555.561 2839.024 13:44:59
5.076 546.049 2761.951 13:45:00
5.080 548.049 2902.439 13:45:01
5.088 514.439 2621.463 13:45:02
5.088 517.659 2616.585 13:45:03
5.072 554.829 2856.585 13:45:04
5.064 559.366 2818.537 13:45:05
5.088 519.073 2640.976 13:45:06
5.088 517.171 2628.293 13:45:07
5.088 514.829 2639.024 13:45:08
5.084 536.146 2719.024 13:45:09
5.100 489.951 2509.268 13:45:10
5.096 489.268 2500.488 13:45:11
5.092 515.366 2643.902 13:45:12
5.108 519.854 2640.976 13:45:13
5.104 473.951 2438.049 13:45:14
5.088 524.146 2720.976 13:45:15
5.108 467.951 2385.366 13:45:16
5.088 562.049 2859.512 13:45:17
5.104 501.951 2624.390 13:45:18
5.092 515.561 2629.268 13:45:19
5.088 515.951 2611.707 13:45:20
5.104 466.537 2381.463 13:45:21
5.072 545.268 2771.707 13:45:22
5.092 521.561 2648.780 13:45:23
5.104 465.659 2380.488 13:45:24
5.108 466.634 2386.341 13:45:25
5.108 465.756 2383.415 13:45:26
5.104 465.463 2378.537 13:45:27
5.108 465.463 2391.220 13:45:28
5.112 444.244 2270.244 13:45:29
5.108 471.366 2400.976 13:45:30
5.024 705.610 3564.878 13:45:31
5.076 552.927 2832.195 13:45:32
5.076 552.341 2804.878 13:45:33
