5.080 632.439 2835.610 15:10:02
5.076 558.439 2817.073 15:10:03
5.080 553.854 2806.829 15:10:04
5.076 552.049 2804.390 15:10:05
5.080 550.439 2797.073 15:10:06
5.100 474.366 2386.341 15:10:07
5.108 468.244 2378.537 15:10:08
5.108 465.244 2377.561 15:10:09
5.108 467.463 2383.902 15:10:10
5.108 465.659 2381.951 15:10:11
5.088 522.341 2661.463 15:10:12
5.108 470.854 2393.659 15:10:13
5.088 534.854 2621.463 15:10:14
5.088 512.341 2611.220 15:10:15
5.092 516.146 2607.805 15:10:16
5.108 465.463 2377.073 15:10:17
5.108 465.049 2379.512 15:10:18
5.104 467.951 2397.073 15:10:19
5.088 513.951 2623.902 15:10:20
5.108 466.854 2387.317 15:10:21
5.108 465.561 2448.293 15:10:22
5.088 513.341 2644.878 15:10:23
5.104 465.463 2379.512 15:10:24
5.080 548.756 2777.561 15:10:25
5.084 514.756 2615.122 15:10:26
5.108 465.463 2380.000 15:10:27
5.092 514.439 2611.220 15:10:28
5.100 491.659 2496.098 15:10:29
5.088 519.561 2636.098 15:10:30
5.088 514.756 2618.049 15:10:31
5.088 517.244 2620.000 15:10:32
5.072 576.049 3269.756 15:10:33
5.108 466.049 2383.415 15:10:34
5.100 487.854 2379.512 15:10:35
5.092 514.439 2614.146 15:10:36
5.092 514.854 2608.780 15:10:37
5.108 468.854 2378.537 15:10:38
5.076 551.659 2925.366 15:10:39
5.092 511.756 2618.049 15:10:40
5.092 511.854 2604.878 15:10:41
5.080 569.756 2866.829 15:10:42
5.092 511.341 2602.927 15:10:43
5.096 515.244 2517.561 15:10:44
5.068 568.854 2877.073 15:10:45
5.072 585.049 2858.049 15:10:46
5.080 541.951 2985.854 15:10:47
5.088 515.854 2627.317 15:10:48
5.108 465.659 2378.537 15:10:49
5.096 498.463 2528.780 15:10:50
5.084 538.341 2703.902 15:10:51
5.092 513.561 2616.585 15:10:52
5.088 526.244 2839.024 15:10:53
5.088 511.561 2621.463 15:10:54
5.104 466.146 2390.732 15:10:55
5.076 561.049 2830.732 15:10:56
5.092 513.756 2608.780 15:10:57
5.076 557.537 2854.146 15:10:58
5.092 514.439 2630.244 15:10:59
5.076 542.439 2739.024 15:11:00
5.088 517.146 2627.317 15:11:01
5.092 519.951 2741.463 15:11:02
5.080 552.854 2912.195 15:11:03
5.092 525.659 2611.707 15:11:04
5.108 466.463 2392.683 15:11:05
5.088 512.146 2602.439 15:11:06
5.092 513.146 2608.780 15:11:07
5.080 529.439 2650.244 15:11:08
5.076 548.049 2790.244 15:11:09
5.092 518.146 2662.927 15:11:10
5.088 514.146 2619.024 15:11:11
5.084 516.561 2627.317 15:11:12
5.092 513.244 2614.146 15:11:13
5.072 556.854 2770.732 15:11:14
5.088 516.439 2644.878 15:11:15
5.092 514.659 2627.317 15:11:16
5.092 512.146 2616.098 15:11:18
5.092 515.049 2610.244 15:11:19
5.088 517.439 2611.220 15:11:20
5.096 505.341 2568.780 15:11:21
5.092 515.341 2620.488 15:11:22
5.080 543.341 2762.927 15:11:23
5.092 513.439 2601.463 15:11:24
5.088 520.049 2618.049 15:11:25
5.084 585.537 2779.024 15:11:26
5.088 514.244 2634.146 15:11:27
5.088 564.854 2841.951 15:11:28
5.092 512.756 2608.780 15:11:29
5.120 428.854 2193.171 15:11:30
5.120 440.049 2254.634 15:11:31
5.104 474.951 2424.878 15:11:32
5.092 517.146 2617.561 15:11:33
5.088 512.561 2600.488 15:11:34
5.108 465.561 2389.756 15:11:35
5.108 465.854 2392.195 15:11:36
5.104 465.463 2388.293 15:11:37
5.104 465.561 2383.902 15:11:38
5.092 513.439 2607.317 15:11:39
5.016 724.537 3628.293 15:11:40
5.080 549.951 2791.707 15:11:41
