5.020 730.829 3665.854 13:17:54
5.028 690.024 3440.000 13:17:55
5.076 556.146 2799.512 13:17:56
5.076 551.341 2795.122 13:17:57
5.104 474.756 2422.439 13:17:58
5.108 473.049 2384.878 13:17:59
5.092 465.756 2379.512 13:18:00
5.080 536.756 2718.049 13:18:01
5.080 554.049 2767.805 13:18:02
5.108 466.659 2377.073 13:18:03
5.092 512.756 2612.683 13:18:04
5.108 467.463 2387.317 13:18:05
5.080 569.049 2727.805 13:18:06
5.108 465.049 2377.561 13:18:07
5.088 512.244 2624.878 13:18:08
5.108 466.146 2381.951 13:18:09
5.076 586.049 2651.707 13:18:10
5.088 515.244 2618.049 13:18:11
5.088 515.854 2627.317 13:18:12
5.096 503.561 2560.000 13:18:13
5.092 516.439 2625.366 13:18:14
5.088 515.439 2623.902 13:18:15
5.088 515.146 2622.439 13:18:16
5.104 466.146 2390.732 13:18:17
5.108 467.463 2392.683 13:18:18
5.092 512.341 2607.317 13:18:19
5.088 517.951 2612.683 13:18:20
5.068 528.341 2618.049 13:18:21
5.072 560.146 2962.927 13:18:22
5.088 530.439 2379.512 13:18:23
5.056 600.854 2960.976 13:18:24
5.080 545.659 2759.024 13:18:25
5.092 512.756 2616.098 13:18:26
5.092 514.244 2632.683 13:18:27
5.108 466.244 2381.951 13:18:28
5.096 486.756 2491.220 13:18:29
5.072 516.756 2775.122 13:18:30
5.100 488.756 2491.220 13:18:31
5.088 521.439 2653.659 13:18:32
5.108 468.049 2381.951 13:18:33
5.112 465.756 2376.098 13:18:34
5.080 549.049 2792.683 13:18:35
5.092 514.756 2631.707 13:18:36
5.092 513.341 2609.268 13:18:37
5.112 465.049 2378.537 13:18:38
5.104 465.951 2380.000 13:18:39
5.092 513.561 2602.927 13:18:40
5.108 467.244 2398.537 13:18:41
5.092 513.244 2616.585 13:18:42
5.092 514.561 2623.902 13:18:43
5.108 467.561 2376.098 13:18:44
5.088 518.561 2627.805 13:18:45
5.092 501.659 2564.878 13:18:46
5.088 514.756 2622.439 13:18:47
5.108 464.561 2375.122 13:18:48
5.088 515.049 2616.585 13:18:49
5.092 511.756 2610.244 13:18:50
5.108 464.854 2382.439 13:18:51
5.108 464.659 2376.098 13:18:52
5.108 465.244 2373.659 13:18:53
5.092 515.756 2620.488 13:18:54
5.076 704.732 3526.829 13:18:55
5.076 553.244 2811.707 13:18:56
5.064 588.756 2979.512 13:18:57
