5.016 734.024 3667.805 14:34:33
5.068 585.439 2898.049 14:34:34
5.080 549.854 2807.805 14:34:35
5.076 552.244 2805.366 14:34:36
5.076 554.244 2812.683 14:34:37
5.112 440.049 2247.317 14:34:38
5.132 393.366 2005.366 14:34:39
5.132 391.171 2017.073 14:34:40
5.108 466.951 2382.439 14:34:41
5.104 466.561 2384.878 14:34:42
5.088 515.341 2608.780 14:34:43
5.088 514.341 2616.098 14:34:44
5.104 467.659 2377.561 14:34:45
5.108 468.854 2392.195 14:34:46
5.092 513.951 2610.244 14:34:47
5.088 540.659 2724.390 14:34:48
5.092 514.439 2618.049 14:34:49
5.088 514.951 2715.610 14:34:50
5.108 465.756 2378.537 14:34:51
5.092 512.561 2609.268 14:34:52
5.108 466.146 2380.000 14:34:53
5.088 523.439 2621.463 14:34:54
5.092 512.854 2616.098 14:34:55
5.108 466.146 2387.317 14:34:56
5.108 465.463 2382.439 14:34:57
5.092 513.341 2616.585 14:34:58
5.092 513.439 2615.122 14:34:59
5.088 515.244 2629.268 14:35:00
5.108 520.756 2589.756 14:35:01
5.072 564.854 2870.732 14:35:02
5.092 512.049 2611.220 14:35:03
5.088 514.341 2671.707 14:35:04
5.072 573.756 2897.073 14:35:05
5.092 515.854 2625.366 14:35:06
5.076 550.951 2851.707 14:35:07
5.088 520.146 2629.268 14:35:08
5.076 568.439 2759.512 14:35:09
5.088 518.659 2654.146 14:35:10
5.080 558.439 2796.585 14:35:11
5.092 513.561 2630.244 14:35:12
5.060 595.634 2981.951 14:35:13
5.092 513.659 2616.585 14:35:14
5.092 514.049 2616.098 14:35:15
5.080 597.146 2755.122 14:35:16
5.092 512.756 2616.585 14:35:17
5.088 513.951 2618.049 14:35:18
5.072 612.439 3065.854 14:35:19
5.092 515.561 2616.585 14:35:20
5.092 514.341 2611.220 14:35:21
5.052 573.146 2848.293 14:35:22
5.068 580.951 2640.488 14:35:23
5.096 514.146 2621.463 14:35:24
5.092 513.659 2616.585 14:35:25
5.068 590.634 2812.683 14:35:26
5.080 555.659 2795.610 14:35:27
5.088 516.951 2630.244 14:35:28
5.084 547.854 2861.463 14:35:29
5.096 490.854 2500.976 14:35:30
5.092 514.561 2702.439 14:35:31
5.092 515.341 2612.683 14:35:32
5.088 518.756 2638.049 14:35:33
5.092 516.341 2629.268 14:35:34
5.088 514.951 2621.463 14:35:35
5.092 517.049 2616.098 14:35:36
5.068 549.146 2796.585 14:35:37
5.092 519.146 2620.488 14:35:38
5.064 596.244 2640.000 14:35:39
5.104 518.756 2593.659 14:35:40
5.092 526.341 2626.341 14:35:41
5.084 559.951 2744.390 14:35:42
5.088 514.659 2646.341 14:35:43
5.084 560.244 2769.268 14:35:44
5.092 516.854 2627.317 14:35:45
5.092 513.049 2607.317 14:35:46
5.088 513.951 2607.317 14:35:47
5.072 570.634 2926.829 14:35:48
5.080 537.341 2790.244 14:35:49
5.108 466.659 2376.098 14:35:50
5.104 465.561 2380.000 14:35:51
5.088 516.439 2623.902 14:35:52
5.108 467.756 2393.659 14:35:53
5.108 465.244 2376.098 14:35:54
5.108 466.146 2379.512 14:35:55
5.108 465.756 2381.951 14:35:56
5.088 511.756 2609.268 14:35:57
5.108 465.366 2378.537 14:35:58
5.104 465.561 2376.098 14:35:59
5.108 465.366 2377.073 14:36:00
5.080 534.146 2616.098 14:36:01
5.108 465.049 2390.732 14:36:02
5.108 465.366 2371.220 14:36:03
5.076 550.659 2789.268 14:36:04
5.076 555.049 2811.707 14:36:05
5.080 553.146 2790.732 14:36:06
