5.076 554.049 2818.049 14:11:21
5.024 692.634 3442.927 14:11:22
5.076 552.854 2807.805 14:11:23
5.080 553.659 2829.268 14:11:24
5.104 475.146 2423.415 14:11:25
5.136 391.268 2006.829 14:11:26
5.080 549.244 2789.268 14:11:27
5.108 467.366 2383.902 14:11:28
5.104 745.220 2436.098 14:11:29
5.116 439.756 2251.220 14:11:30
5.092 515.659 2611.220 14:11:31
5.088 513.854 2627.317 14:11:32
5.104 467.951 2381.951 14:11:33
5.096 514.854 2602.439 14:11:34
5.100 470.049 2378.537 14:11:35
5.080 548.659 2757.561 14:11:36
5.108 466.951 2389.756 14:11:37
5.080 549.439 2791.707 14:11:38
5.108 465.951 2380.000 14:11:39
5.092 517.854 2605.366 14:11:40
5.068 562.341 2861.463 14:11:41
5.080 561.756 3077.073 14:11:42
5.088 515.146 2640.488 14:11:43
5.108 466.561 2381.951 14:11:44
5.108 465.756 2376.098 14:11:45
5.080 571.756 2804.390 14:11:47
5.084 498.049 2666.341 14:11:48
5.072 567.756 2838.049 14:11:49
5.076 606.732 3028.293 14:11:50
5.088 524.659 2629.268 14:11:51
5.068 578.634 2616.585 14:11:52
5.084 542.659 2722.927 14:11:53
5.092 519.561 2625.366 14:11:54
5.084 542.854 2748.780 14:11:55
5.088 516.244 2626.341 14:11:56
5.088 528.146 2617.561 14:11:57
5.088 512.561 2612.683 14:11:58
5.080 544.146 2908.293 14:11:59
5.088 514.756 2636.585 14:12:00
5.044 644.537 3264.878 14:12:01
5.088 517.244 2648.780 14:12:02
5.092 515.244 2611.220 14:12:03
5.092 511.951 2631.707 14:12:04
5.076 549.854 2766.341 14:12:05
5.076 558.537 2945.366 14:12:06
5.104 467.659 2385.854 14:12:07
5.068 582.341 2778.049 14:12:08
5.072 575.049 2831.707 14:12:09
5.088 517.439 2641.463 14:12:10
5.068 589.732 3009.756 14:12:11
5.080 549.439 2788.293 14:12:12
5.072 572.341 2796.585 14:12:13
5.088 536.244 2670.244 14:12:14
5.088 513.146 2637.561 14:12:15
5.076 546.537 2755.122 14:12:16
5.092 512.341 2606.341 14:12:17
5.088 577.049 2872.683 14:12:18
5.104 467.366 2383.902 14:12:19
5.084 521.561 2700.000 14:12:20
5.104 466.463 2380.000 14:12:21
5.104 471.463 2448.293 14:12:22
5.072 576.634 2938.049 14:12:23
5.088 518.439 2617.561 14:12:24
5.092 516.341 2619.024 14:12:25
5.068 572.634 2795.122 14:12:26
5.092 517.439 2628.780 14:12:27
5.108 469.854 2383.415 14:12:28
5.116 441.561 2258.049 14:12:29
5.120 431.854 2199.512 14:12:30
5.100 645.634 2595.122 14:12:31
5.100 488.756 2497.561 14:12:32
5.092 489.341 2499.024 14:12:33
5.096 553.146 2744.390 14:12:34
5.108 469.146 2399.512 14:12:35
5.108 471.146 2388.780 14:12:36
5.108 469.951 2404.878 14:12:37
5.088 515.341 2630.244 14:12:38
5.108 467.463 2397.561 14:12:39
5.112 469.146 2375.122 14:12:40
5.092 512.341 2610.244 14:12:41
5.088 513.439 2627.317 14:12:42
5.076 695.024 3476.098 14:12:43
5.076 557.146 2810.244 14:12:44
5.080 557.244 2814.146 14:12:45
