5.016 728.927 3665.366 13:11:42
5.012 723.927 3683.902 13:11:43
5.076 552.146 2805.366 13:11:44
5.072 552.537 2802.927 13:11:45
5.096 474.854 2426.341 13:11:46
5.136 392.659 2001.951 13:11:47
5.132 390.561 2005.854 13:11:48
5.088 513.439 2625.366 13:11:49
5.108 465.366 2372.683 13:11:50
5.108 465.854 2376.098 13:11:51
5.088 515.049 2629.268 13:11:52
5.108 465.659 2377.073 13:11:53
5.084 500.854 2556.585 13:11:54
5.092 515.341 2628.780 13:11:55
5.092 515.341 2610.244 13:11:56
5.076 540.854 2784.390 13:11:57
5.088 512.049 2608.780 13:11:58
5.092 514.341 2613.659 13:11:59
5.112 465.854 2382.439 13:12:00
5.088 528.244 2643.902 13:12:01
5.108 480.854 2404.878 13:12:02
5.092 512.951 2617.561 13:12:03
5.092 512.439 2611.220 13:12:04
5.076 512.756 2618.049 13:12:05
5.092 513.951 2617.561 13:12:06
5.108 468.561 2379.512 13:12:07
5.112 465.244 2381.951 13:12:08
5.108 465.951 2391.220 13:12:09
5.088 514.756 2653.659 13:12:10
5.092 515.146 2616.098 13:12:11
5.108 466.463 2380.000 13:12:12
5.084 541.659 2802.927 13:12:13
5.092 512.854 2610.244 13:12:14
5.096 501.951 2524.878 13:12:15
5.068 538.951 2626.341 13:12:16
5.096 514.951 2621.463 13:12:17
5.108 466.244 2380.976 13:12:18
5.072 540.659 2844.390 13:12:19
5.088 517.341 2627.317 13:12:20
5.088 513.756 2622.439 13:12:21
5.084 517.756 2642.439 13:12:22
5.104 466.463 2378.537 13:12:23
5.084 546.049 2780.488 13:12:24
5.108 466.561 2391.220 13:12:25
5.088 513.341 2616.098 13:12:26
5.104 470.463 2379.512 13:12:27
5.092 512.951 2611.707 13:12:28
5.092 525.439 2622.439 13:12:29
5.120 427.659 2192.195 13:12:30
5.116 440.756 2248.293 13:12:31
5.116 447.268 2263.415 13:12:32
5.088 519.244 2633.659 13:12:33
5.092 515.561 2636.098 13:12:34
5.080 570.634 2878.049 13:12:35
5.092 512.341 2606.341 13:12:36
5.092 515.244 2608.780 13:12:37
5.092 511.756 2610.244 13:12:38
5.108 465.561 2390.732 13:12:39
5.108 466.756 2377.561 13:12:40
5.108 466.366 2398.537 13:12:41
5.108 466.854 2393.659 13:12:42
5.112 465.049 2395.122 13:12:43
5.032 758.927 3585.366 13:12:44
5.076 552.951 2806.829 13:12:45
5.076 552.439 2788.293 13:12:46
