5.012 735.927 3694.634 12:41:38
5.024 708.341 3560.000 12:41:39
5.076 552.951 2812.683 12:41:40
5.080 553.951 2801.951 12:41:41
5.076 553.244 2806.341 12:41:42
5.108 468.146 2378.537 12:41:43
5.108 466.659 2380.976 12:41:44
5.096 490.244 2500.976 12:41:45
5.104 465.659 2379.512 12:41:46
5.108 468.146 2379.512 12:41:47
5.108 467.463 2376.098 12:41:48
5.092 512.951 2615.122 12:41:49
5.088 514.439 2620.000 12:41:50
5.108 465.366 2375.122 12:41:51
5.092 515.341 2626.341 12:41:52
5.108 464.659 2375.122 12:41:53
5.092 515.244 2607.317 12:41:54
5.108 466.463 2379.512 12:41:55
5.088 516.854 2628.780 12:41:56
5.080 548.439 2873.171 12:41:57
5.092 517.756 2616.098 12:41:58
5.108 465.366 2377.561 12:41:59
5.092 516.439 2632.683 12:42:00
5.088 514.561 2622.927 12:42:01
5.092 514.049 2618.049 12:42:02
5.088 518.439 2623.902 12:42:03
5.088 515.756 2616.585 12:42:04
5.104 467.854 2391.220 12:42:05
5.072 559.854 2952.195 12:42:06
5.080 499.341 2559.024 12:42:07
5.088 516.756 2623.902 12:42:08
5.108 465.951 2599.024 12:42:09
5.092 528.244 2631.220 12:42:10
5.104 467.659 2388.780 12:42:11
5.104 470.854 2400.000 12:42:12
5.088 520.561 2648.780 12:42:13
5.092 512.244 2622.927 12:42:14
5.108 468.049 2403.415 12:42:15
5.092 502.341 2605.366 12:42:16
5.108 466.854 2373.659 12:42:17
5.108 466.146 2370.732 12:42:18
5.108 465.049 2377.561 12:42:20
5.092 513.951 2632.683 12:42:21
5.104 465.146 2376.098 12:42:22
5.092 486.463 2482.439 12:42:23
5.108 466.463 2380.976 12:42:24
5.088 512.854 2620.000 12:42:25
5.092 513.854 2628.780 12:42:26
5.092 512.439 2606.341 12:42:27
5.024 631.146 3011.707 12:42:28
5.068 551.951 2922.927 12:42:29
5.092 513.561 2615.122 12:42:30
