5.064 592.439 3002.927 12:52:40
5.076 554.244 2816.585 12:52:41
5.076 553.439 2797.073 12:52:42
5.076 550.854 2793.171 12:52:43
5.104 476.463 2437.073 12:52:44
5.100 465.366 2380.000 12:52:45
5.108 465.659 2380.000 12:52:46
5.104 466.366 2379.512 12:52:47
5.104 469.756 2401.463 12:52:48
5.092 508.049 2551.220 12:52:49
5.080 550.756 2796.585 12:52:50
5.092 514.951 2616.098 12:52:51
5.092 515.756 2625.366 12:52:52
5.108 465.854 2380.000 12:52:53
5.108 465.951 2389.756 12:52:54
5.088 512.146 2608.780 12:52:55
5.088 516.439 2607.317 12:52:56
5.104 465.756 2378.537 12:52:57
5.092 512.756 2604.878 12:52:58
5.104 466.561 2379.512 12:52:59
5.104 466.951 2376.098 12:53:00
5.096 500.659 2547.805 12:53:01
5.092 513.244 2605.366 12:53:02
5.092 520.659 2608.780 12:53:03
5.088 513.146 2615.122 12:53:04
5.092 513.659 2620.000 12:53:05
5.104 467.854 2390.732 12:53:06
5.108 467.146 2377.073 12:53:07
5.092 512.146 2614.146 12:53:08
5.100 490.854 2466.341 12:53:09
5.076 565.854 2868.293 12:53:10
5.088 516.244 2625.366 12:53:11
5.080 548.537 3041.951 12:53:12
5.088 513.439 2615.122 12:53:13
5.092 512.244 2607.805 12:53:14
5.092 512.659 2612.683 12:53:15
5.084 577.537 2909.268 12:53:16
5.080 565.244 2817.073 12:53:17
5.088 511.561 2607.317 12:53:18
5.092 512.146 2607.805 12:53:19
5.092 515.659 2623.902 12:53:20
5.108 466.146 2372.683 12:53:21
5.108 466.146 2452.683 12:53:23
5.096 502.146 2553.659 12:53:24
5.104 464.854 2372.683 12:53:25
5.076 545.341 2799.024 12:53:26
5.088 511.951 2611.220 12:53:27
5.104 466.244 2378.537 12:53:28
5.104 466.854 2376.098 12:53:29
5.120 429.171 2193.171 12:53:30
5.108 465.659 2480.976 12:53:31
5.100 442.049 2265.854 12:53:32
5.108 464.561 2377.561 12:53:33
5.104 467.659 2375.122 12:53:34
5.096 500.756 2551.707 12:53:35
5.112 464.951 2381.951 12:53:36
5.104 465.463 2374.634 12:53:37
5.136 389.268 1998.049 12:53:38
5.072 561.756 2865.854 12:53:39
5.080 552.756 2801.951 12:53:40
