5.016 554.146 2814.146 13:42:33
5.024 700.732 3491.707 13:42:34
5.076 553.854 2799.024 13:42:35
5.080 553.244 2815.610 13:42:36
5.100 475.366 2421.463 13:42:37
5.116 438.756 2244.878 13:42:38
5.136 391.073 2005.366 13:42:39
5.108 469.366 2392.195 13:42:40
5.108 469.146 2383.415 13:42:41
5.108 465.146 2398.537 13:42:42
5.108 466.756 2380.976 13:42:43
5.092 515.244 2612.683 13:42:44
5.104 469.756 2379.512 13:42:45
5.104 466.049 2388.293 13:42:46
5.108 468.561 2395.122 13:42:47
5.092 515.951 2640.000 13:42:48
5.104 465.049 2383.902 13:42:49
5.092 512.659 2612.683 13:42:50
5.072 544.146 2835.122 13:42:51
5.088 514.756 2617.561 13:42:52
5.076 561.951 2779.512 13:42:53
5.092 517.244 2636.098 13:42:54
5.092 513.951 2624.878 13:42:55
5.108 467.366 2377.073 13:42:56
5.072 633.146 2839.024 13:42:57
5.072 560.537 2845.854 13:42:58
5.092 512.854 2602.439 13:42:59
5.104 466.244 2383.415 13:43:00
5.092 516.756 2614.146 13:43:01
5.088 515.244 2627.317 13:43:02
5.080 543.756 2842.927 13:43:03
5.088 511.951 2612.683 13:43:04
5.064 524.854 2622.439 13:43:05
5.104 468.463 2380.976 13:43:06
5.076 572.146 2909.268 13:43:07
5.088 571.439 2880.488 13:43:08
5.076 544.244 2712.683 13:43:09
5.092 573.951 2841.463 13:43:10
5.092 517.756 2622.439 13:43:11
5.068 557.951 2910.732 13:43:12
5.072 560.341 2936.585 13:43:13
5.092 519.951 2644.878 13:43:14
5.088 572.756 2835.610 13:43:15
5.092 516.244 2608.780 13:43:16
5.104 469.366 2377.561 13:43:17
5.108 468.146 2383.902 13:43:18
5.092 509.341 2517.561 13:43:19
5.072 538.659 2769.268 13:43:20
5.088 517.244 2610.244 13:43:21
5.088 516.439 2621.463 13:43:22
5.108 512.341 2636.585 13:43:23
5.092 515.341 2627.805 13:43:24
5.088 517.439 2621.463 13:43:25
5.092 517.561 2620.000 13:43:26
5.084 543.439 2713.171 13:43:27
5.108 468.244 2387.317 13:43:28
5.124 428.561 2194.634 13:43:30
5.116 440.463 2249.756 13:43:31
5.100 490.854 2487.805 13:43:32
5.088 521.049 2627.805 13:43:33
5.104 467.854 2392.683 13:43:34
5.108 468.244 2387.317 13:43:35
5.088 517.951 2639.024 13:43:36
5.092 512.756 2610.244 13:43:37
5.108 465.366 2391.220 13:43:38
5.108 464.951 2389.756 13:43:39
5.088 514.756 2622.439 13:43:40
5.108 464.659 2372.683 13:43:41
5.104 468.463 2392.195 13:43:42
5.092 515.341 2620.488 13:43:43
5.108 469.756 2402.439 13:43:44
5.104 465.854 2380.976 13:43:45
5.108 465.049 2391.220 13:43:46
5.088 515.659 2611.707 13:43:47
5.108 469.366 2381.951 13:43:48
5.132 388.854 2000.488 13:43:49
5.032 687.439 3509.268 13:43:50
5.076 549.951 2795.122 13:43:51
