5.036 551.244 2797.073 14:15:07
5.076 556.854 2810.244 14:15:08
5.076 551.659 2802.927 14:15:09
5.064 597.634 2919.024 14:15:10
5.104 475.146 2427.317 14:15:11
5.132 391.171 2010.244 14:15:12
5.104 467.463 2377.073 14:15:13
5.108 465.951 2380.000 14:15:14
5.108 466.659 2380.000 14:15:15
5.108 465.951 2380.000 14:15:16
5.108 469.049 2382.439 14:15:17
5.108 466.561 2380.000 14:15:18
5.104 469.854 2395.122 14:15:19
5.108 465.756 2377.073 14:15:20
5.108 466.561 2386.341 14:15:21
5.108 469.049 2378.537 14:15:22
5.108 471.756 2390.732 14:15:23
5.092 518.244 2589.756 14:15:24
5.080 510.756 2597.561 14:15:25
5.084 521.659 2646.829 14:15:26
5.092 514.756 2619.024 14:15:27
5.104 464.463 2378.537 14:15:28
5.116 441.659 2260.976 14:15:29
5.104 475.854 2429.756 14:15:30
5.116 442.146 2251.220 14:15:31
5.076 552.659 2746.341 14:15:32
5.088 494.659 2490.244 14:15:33
5.092 517.439 2627.317 14:15:34
5.092 494.463 2582.439 14:15:35
5.072 577.439 2831.707 14:15:36
5.080 566.439 2802.927 14:15:37
5.104 466.561 2396.098 14:15:38
5.080 556.049 2864.390 14:15:39
5.088 512.659 2611.707 14:15:40
5.088 513.049 2626.341 14:15:41
5.076 544.537 2900.488 14:15:42
5.052 555.049 2819.024 14:15:43
5.064 518.854 2659.024 14:15:44
5.076 598.732 3001.951 14:15:45
5.076 515.561 2631.707 14:15:46
5.080 544.049 2806.829 14:15:47
5.092 512.561 2620.488 14:15:48
5.076 545.439 2767.805 14:15:49
5.088 525.854 2621.463 14:15:50
5.068 567.244 2873.171 14:15:51
5.076 521.439 2665.366 14:15:52
5.088 558.537 2850.732 14:15:53
5.088 512.439 2620.000 14:15:54
5.088 520.561 2638.049 14:15:55
5.088 571.146 2873.171 14:15:56
5.088 516.341 2616.098 14:15:57
5.084 546.341 2711.707 14:15:58
5.080 540.854 2755.610 14:15:59
5.092 513.854 2629.268 14:16:00
5.072 565.756 2776.585 14:16:01
5.092 561.146 2854.634 14:16:02
5.108 467.146 2712.683 14:16:03
5.080 540.146 2733.171 14:16:04
5.088 525.244 2728.780 14:16:05
5.108 465.756 2387.317 14:16:06
5.084 517.659 2639.024 14:16:07
5.088 512.439 2611.220 14:16:08
5.088 513.659 2615.122 14:16:09
5.100 490.854 2496.585 14:16:10
5.108 466.659 2400.976 14:16:11
5.092 513.951 2609.268 14:16:12
5.072 555.439 2842.927 14:16:13
5.088 522.659 2642.439 14:16:14
5.088 518.341 2627.317 14:16:15
5.108 466.561 2392.683 14:16:16
5.108 468.049 2388.780 14:16:17
5.108 476.659 2378.537 14:16:18
5.108 466.049 2380.976 14:16:19
5.088 517.244 2624.878 14:16:20
5.108 466.049 2393.659 14:16:21
5.088 516.341 2616.098 14:16:22
5.108 465.244 2376.098 14:16:24
5.108 469.561 2394.634 14:16:25
5.108 467.854 2399.512 14:16:26
5.108 468.854 2380.976 14:16:27
5.104 468.366 2391.220 14:16:28
5.076 550.244 2718.049 14:16:29
5.092 514.951 2614.146 14:16:30
5.116 441.049 2254.634 14:16:31
5.116 525.146 2375.122 14:16:32
5.108 469.463 2394.634 14:16:33
5.108 467.146 2392.195 14:16:34
5.076 553.537 2807.805 14:16:35
5.076 550.854 2813.171 14:16:36
