5.012 723.732 3652.683 12:43:00
5.028 686.244 3537.561 12:43:01
5.076 553.951 2810.732 12:43:02
5.076 552.951 2808.293 12:43:03
5.104 477.756 2437.561 12:43:04
5.120 441.463 2260.976 12:43:05
5.136 391.659 2005.854 12:43:06
5.108 466.049 2376.098 12:43:07
5.108 466.366 2379.512 12:43:08
5.104 466.561 2380.976 12:43:09
5.092 513.756 2626.341 12:43:10
5.104 465.854 2384.878 12:43:11
5.092 511.146 2609.268 12:43:12
5.104 465.561 2376.098 12:43:13
5.108 465.951 2375.122 12:43:14
5.108 465.854 2382.439 12:43:15
5.092 515.146 2625.366 12:43:16
5.080 555.439 2724.390 12:43:17
5.088 521.244 2611.707 12:43:18
5.100 524.244 2496.585 12:43:19
5.104 468.756 2377.561 12:43:20
5.104 471.561 2426.341 12:43:21
5.076 545.341 2865.366 12:43:22
5.088 513.341 2614.146 12:43:23
5.088 512.439 2616.585 12:43:24
5.108 468.659 2377.073 12:43:25
5.080 534.244 2734.146 12:43:26
5.088 515.146 2629.268 12:43:27
5.108 464.854 2372.195 12:43:28
5.108 492.951 2417.561 12:43:29
5.024 478.049 2427.317 12:43:30
5.116 443.049 2253.659 12:43:31
5.088 534.561 2678.049 12:43:32
5.104 470.561 2393.659 12:43:33
5.108 465.146 2374.634 12:43:34
5.108 467.659 2410.244 12:43:35
5.092 514.659 2605.366 12:43:36
5.104 465.659 2389.756 12:43:37
5.104 464.659 2386.341 12:43:38
5.108 465.854 2380.976 12:43:39
5.092 514.951 2615.122 12:43:40
5.108 468.244 2374.634 12:43:41
5.088 512.341 2621.463 12:43:42
5.108 465.463 2378.537 12:43:43
5.108 465.659 2393.659 12:43:44
5.108 473.951 2380.000 12:43:45
5.108 468.366 2375.122 12:43:46
5.108 465.244 2388.780 12:43:47
5.088 514.561 2615.122 12:43:48
5.108 466.854 2386.341 12:43:49
5.016 730.537 3665.366 12:43:50
5.076 551.244 2798.049 12:43:51
5.076 551.244 2802.927 12:43:52
