5.016 736.024 3692.683 14:50:53
5.024 693.537 3451.220 14:50:54
5.076 556.244 2814.146 14:50:55
5.076 555.244 2822.927 14:50:56
5.104 477.951 2442.439 14:50:57
5.132 393.756 2021.951 14:50:58
5.132 393.659 2408.780 14:50:59
5.092 511.341 2607.317 14:51:00
5.108 465.366 2380.000 14:51:01
5.108 465.146 2375.122 14:51:02
5.108 464.756 2404.878 14:51:03
5.088 513.341 2614.146 14:51:04
5.092 511.951 2606.341 14:51:06
5.104 465.659 2377.073 14:51:07
5.092 515.561 2620.000 14:51:08
5.108 466.659 2380.000 14:51:09
5.092 511.951 2607.805 14:51:10
5.112 465.659 2375.122 14:51:11
5.080 474.561 2415.122 14:51:12
5.108 466.659 2380.000 14:51:13
5.080 552.146 2795.610 14:51:14
5.076 495.341 2550.244 14:51:15
5.084 547.537 2714.146 14:51:16
5.088 514.854 2627.317 14:51:17
5.088 530.561 2671.707 14:51:18
5.092 515.146 2625.366 14:51:19
5.068 542.439 2787.805 14:51:20
5.092 514.341 2615.122 14:51:21
5.088 522.049 2716.585 14:51:22
5.088 515.756 2612.683 14:51:23
5.052 597.537 3168.780 14:51:24
5.080 554.146 2799.512 14:51:25
5.060 515.854 2627.805 14:51:26
5.076 552.439 2924.390 14:51:27
5.092 515.439 2619.024 14:51:28
5.088 515.756 2631.220 14:51:29
5.104 476.659 2429.756 14:51:30
5.092 512.659 2617.561 14:51:31
5.096 488.463 2493.659 14:51:32
5.092 514.659 2618.049 14:51:33
5.080 542.756 2755.122 14:51:34
5.088 513.561 2615.122 14:51:35
5.076 552.341 2799.024 14:51:36
5.108 466.561 2380.976 14:51:37
5.088 525.049 2625.366 14:51:38
5.076 554.854 2778.049 14:51:39
5.088 516.439 2625.366 14:51:40
5.088 515.341 2632.683 14:51:41
5.080 563.537 2873.171 14:51:42
5.088 520.951 2641.463 14:51:43
5.088 514.854 2629.268 14:51:44
5.076 536.244 2735.122 14:51:45
5.064 516.854 2607.317 14:51:46
5.060 597.854 2929.756 14:51:47
5.108 468.049 2392.195 14:51:48
5.088 516.146 2642.927 14:51:49
5.068 537.341 2720.488 14:51:50
5.096 513.561 2616.585 14:51:51
5.088 519.439 2636.585 14:51:52
5.088 519.439 2631.220 14:51:53
5.080 548.439 2753.171 14:51:54
5.080 537.951 2726.341 14:51:55
5.084 527.659 2624.878 14:51:56
5.068 565.951 2865.854 14:51:57
5.080 550.049 2962.927 14:51:58
5.104 471.854 2388.780 14:51:59
5.092 525.341 2611.220 14:52:00
5.088 503.561 2614.146 14:52:01
5.108 468.659 2392.195 14:52:02
5.092 504.244 2649.268 14:52:03
5.080 538.854 2708.780 14:52:04
5.092 512.756 2625.366 14:52:05
5.104 465.366 2372.195 14:52:06
5.092 518.951 2637.561 14:52:07
5.088 518.146 2627.805 14:52:08
5.080 554.537 2799.024 14:52:09
5.092 515.049 2622.927 14:52:10
5.080 555.756 2599.024 14:52:11
5.108 464.659 2376.098 14:52:12
5.092 516.244 2622.439 14:52:13
5.104 464.854 2370.732 14:52:14
5.092 514.659 2621.463 14:52:15
5.112 465.561 2376.098 14:52:16
5.088 512.756 2607.317 14:52:17
5.092 512.659 2602.439 14:52:18
5.108 465.951 2378.537 14:52:19
5.096 500.561 2551.220 14:52:20
5.108 464.854 2373.659 14:52:21
5.108 466.561 2378.537 14:52:22
5.108 464.463 2372.195 14:52:23
5.076 553.146 2808.293 14:52:24
5.080 554.854 2816.585 14:52:25
5.076 550.659 2782.927 14:52:26
