5.072 552.049 2823.902 13:53:11
5.076 559.146 2806.341 13:53:12
5.076 551.049 2797.073 13:53:13
5.076 555.756 2802.927 13:53:14
5.076 552.951 2807.805 13:53:15
5.108 471.854 2389.756 13:53:16
5.096 484.659 2392.683 13:53:17
5.108 465.951 2378.537 13:53:18
5.108 465.366 2377.561 13:53:19
5.108 466.146 2379.512 13:53:20
5.088 514.756 2615.122 13:53:21
5.108 466.463 2383.415 13:53:22
5.108 468.951 2383.902 13:53:23
5.108 468.463 2377.073 13:53:24
5.092 518.341 2620.000 13:53:25
5.104 470.049 2401.463 13:53:26
5.092 517.854 2621.463 13:53:27
5.088 512.951 2647.805 13:53:28
5.112 442.049 2264.878 13:53:29
5.092 520.341 2629.268 13:53:30
5.100 489.561 2495.122 13:53:31
5.092 522.049 2647.805 13:53:32
5.108 470.854 2388.293 13:53:33
5.088 517.244 2638.049 13:53:34
5.108 465.366 2378.537 13:53:35
5.104 467.146 2444.878 13:53:36
5.088 518.146 2637.561 13:53:37
5.088 515.854 2621.463 13:53:38
5.084 520.341 2660.488 13:53:39
5.096 566.146 2835.610 13:53:40
5.088 512.341 2640.488 13:53:41
5.088 513.561 2614.146 13:53:42
5.092 514.951 2612.683 13:53:43
5.092 517.146 2616.585 13:53:44
5.088 521.049 2626.341 13:53:45
5.076 549.537 3090.732 13:53:46
5.088 516.756 2648.780 13:53:47
5.092 516.854 2640.000 13:53:48
5.092 512.146 2611.220 13:53:49
5.072 542.244 2803.902 13:53:50
5.076 520.244 2634.146 13:53:51
5.068 569.439 2862.927 13:53:52
5.080 561.537 2738.049 13:53:53
5.076 565.854 2854.634 13:53:54
5.088 518.244 2930.732 13:53:55
5.108 466.659 2408.293 13:53:56
5.072 582.341 2649.268 13:53:57
5.092 512.951 2625.366 13:53:58
5.088 516.439 2630.244 13:53:59
5.092 515.951 2615.122 13:54:00
5.088 514.244 2633.659 13:54:01
5.088 511.463 2602.927 13:54:02
5.104 466.756 2400.976 13:54:03
5.108 465.951 2392.683 13:54:04
5.108 470.659 2389.756 13:54:05
5.092 523.951 2625.366 13:54:06
5.096 492.561 2640.488 13:54:07
5.088 519.756 2625.366 13:54:08
5.076 510.756 2607.805 13:54:09
5.092 514.146 2622.927 13:54:10
5.080 616.439 3089.756 13:54:11
5.092 511.341 2607.805 13:54:12
5.104 466.366 2377.561 13:54:13
5.108 473.854 2388.293 13:54:14
5.092 515.951 2642.927 13:54:15
5.092 511.854 2620.000 13:54:16
5.108 465.561 2392.195 13:54:17
5.092 523.561 2602.927 13:54:18
5.108 467.049 2391.220 13:54:19
5.104 467.146 2380.000 13:54:20
5.108 465.463 2377.561 13:54:21
5.108 468.366 2383.902 13:54:22
5.076 554.341 2795.610 13:54:23
5.080 555.951 2806.341 13:54:24
5.076 553.537 2791.707 13:54:25
