5.076 553.756 2823.902 12:57:00
5.080 553.439 2809.268 12:57:01
5.080 551.341 2799.512 12:57:02
5.080 550.439 2800.488 12:57:03
5.104 474.756 2426.341 12:57:04
5.132 389.951 2008.293 12:57:05
5.108 468.244 2380.000 12:57:06
5.108 470.244 2377.073 12:57:07
5.092 513.854 2607.317 12:57:08
5.088 513.854 2610.244 12:57:09
5.108 465.561 2383.902 12:57:10
5.092 514.561 2614.146 12:57:11
5.108 466.659 2384.878 12:57:12
5.108 468.146 2378.537 12:57:13
5.100 486.463 2480.000 12:57:14
5.088 513.439 2607.317 12:57:15
5.112 465.854 2372.683 12:57:16
5.092 514.659 2622.439 12:57:17
5.104 468.146 2378.537 12:57:18
5.104 468.463 2382.439 12:57:19
5.108 464.951 2385.854 12:57:20
5.072 546.756 2873.171 12:57:21
5.108 468.244 2383.415 12:57:22
5.088 517.146 2603.902 12:57:23
5.088 515.561 2641.463 12:57:24
5.088 514.561 2616.098 12:57:25
5.088 512.341 2602.927 12:57:26
5.080 553.951 2768.780 12:57:27
5.080 568.756 2853.171 12:57:28
5.104 499.659 2454.634 12:57:29
5.088 511.561 2611.707 12:57:30
5.096 521.146 2604.878 12:57:31
5.108 465.756 2377.561 12:57:32
5.064 593.732 3191.220 12:57:33
5.092 515.561 2635.122 12:57:34
5.108 464.951 2386.341 12:57:35
5.080 550.439 2792.683 12:57:36
5.108 465.951 2377.073 12:57:37
5.108 465.561 2377.561 12:57:38
5.084 515.049 2643.902 12:57:39
5.092 502.244 2492.195 12:57:40
5.108 466.561 2382.439 12:57:41
5.092 513.561 2621.463 12:57:42
5.092 511.854 2618.049 12:57:43
5.092 512.146 2611.707 12:57:44
5.088 512.146 2607.317 12:57:45
5.092 514.561 2615.122 12:57:46
5.108 466.049 2383.902 12:57:47
5.108 465.244 2379.512 12:57:48
5.108 464.756 2374.634 12:57:49
5.088 513.659 2609.268 12:57:50
5.104 469.463 2393.659 12:57:51
5.112 465.146 2377.073 12:57:52
5.108 464.854 2376.098 12:57:53
5.080 552.854 2805.366 12:57:54
5.080 550.244 2793.171 12:57:55
5.076 550.341 2801.951 12:57:56
