5.016 730.024 3659.024 13:54:54
4.976 697.634 3514.146 13:54:55
5.064 585.951 2927.805 13:54:56
5.076 552.951 2790.732 13:54:57
5.104 476.951 2423.902 13:54:58
5.136 391.073 1999.512 13:54:59
5.100 489.244 2473.659 13:55:00
5.092 516.146 2616.585 13:55:01
5.108 469.756 2400.000 13:55:02
5.108 465.366 2391.220 13:55:03
5.104 535.341 2632.683 13:55:04
5.092 523.049 2649.268 13:55:05
5.088 514.146 2614.146 13:55:06
5.088 517.049 2634.146 13:55:07
5.092 513.951 2607.805 13:55:08
5.108 467.366 2378.537 13:55:09
5.092 522.659 2627.805 13:55:10
5.088 528.341 2635.122 13:55:11
5.104 472.366 2399.512 13:55:12
5.108 466.049 2389.756 13:55:13
5.080 549.756 2815.122 13:55:14
5.088 521.854 2728.780 13:55:15
5.108 468.146 2387.317 13:55:16
5.088 514.341 2614.146 13:55:17
5.076 543.341 2772.683 13:55:18
5.088 516.049 2624.878 13:55:19
5.088 514.244 2651.707 13:55:20
5.108 464.659 2374.634 13:55:21
5.088 517.049 2588.780 13:55:22
5.092 517.659 2633.659 13:55:23
5.088 523.244 2605.366 13:55:24
5.064 557.439 2839.024 13:55:25
5.100 510.049 2657.561 13:55:26
5.080 533.854 2842.927 13:55:27
5.108 469.366 2397.561 13:55:28
5.080 518.439 2652.683 13:55:29
5.120 429.951 2193.171 13:55:30
5.092 513.854 2617.561 13:55:31
5.076 566.951 2811.707 13:55:32
5.076 550.049 2782.927 13:55:33
5.088 520.951 2611.220 13:55:34
5.092 515.439 2627.317 13:55:35
5.104 466.244 2398.537 13:55:36
5.088 517.756 2622.927 13:55:37
5.072 579.537 2877.073 13:55:38
5.088 513.756 2675.610 13:55:39
5.068 513.244 2680.000 13:55:40
5.096 475.244 2406.341 13:55:41
5.088 565.049 2832.683 13:55:42
5.092 512.439 2607.805 13:55:43
5.092 511.561 2607.317 13:55:44
5.084 541.659 2853.171 13:55:45
5.092 517.341 2633.659 13:55:46
5.088 515.341 2620.000 13:55:47
5.108 466.049 2388.780 13:55:48
5.092 515.951 2607.317 13:55:49
5.076 539.146 2739.024 13:55:50
5.092 514.049 2629.268 13:55:51
5.076 546.049 2795.122 13:55:52
5.088 516.049 2638.049 13:55:53
5.088 517.049 2624.878 13:55:54
5.092 513.146 2616.585 13:55:55
5.088 514.854 2638.049 13:55:56
5.076 548.341 2785.366 13:55:57
5.072 550.049 2770.732 13:55:58
5.092 517.341 2648.780 13:55:59
5.108 465.756 2395.122 13:56:00
5.088 521.756 2838.049 13:56:01
5.092 516.659 2620.488 13:56:02
5.108 466.756 2381.951 13:56:03
5.104 467.561 2376.098 13:56:04
5.104 465.366 2384.878 13:56:05
5.100 479.854 2387.317 13:56:06
5.108 465.659 2384.878 13:56:07
5.096 502.463 2556.585 13:56:08
5.108 465.049 2372.683 13:56:09
5.104 465.854 2377.561 13:56:10
5.104 466.463 2412.195 13:56:11
5.104 465.854 2380.000 13:56:12
5.108 467.146 2385.854 13:56:13
5.108 468.561 2380.000 13:56:14
5.076 555.854 2866.829 13:56:15
5.080 552.951 2791.707 13:56:16
5.076 555.439 2795.122 13:56:17
