5.076 551.659 2794.146 15:03:40
5.036 688.732 3291.220 15:03:41
5.076 552.659 2791.707 15:03:42
5.080 551.756 2797.073 15:03:43
5.100 475.146 2422.439 15:03:44
5.108 468.146 2426.341 15:03:45
5.108 464.756 2377.561 15:03:46
5.108 465.146 2372.683 15:03:47
5.108 465.146 2373.659 15:03:48
5.108 466.366 2384.878 15:03:49
5.108 465.659 2432.195 15:03:50
5.108 469.854 2389.756 15:03:51
5.088 512.244 2607.805 15:03:52
5.088 515.146 2615.122 15:03:53
5.108 465.756 2377.561 15:03:54
5.092 512.659 2603.902 15:03:55
5.088 514.561 2623.902 15:03:56
5.088 514.659 2612.683 15:03:57
5.104 464.951 2371.220 15:03:58
5.092 512.756 2608.780 15:03:59
5.112 464.854 2377.073 15:04:00
5.088 511.561 2610.244 15:04:01
5.076 557.439 2770.244 15:04:02
5.088 518.854 2631.220 15:04:04
5.088 515.756 2637.561 15:04:05
5.092 512.561 2623.902 15:04:06
5.088 512.854 2604.878 15:04:07
5.088 514.854 2659.024 15:04:08
5.080 544.537 2790.244 15:04:09
5.088 528.341 2640.000 15:04:10
5.092 512.951 2611.220 15:04:11
5.104 465.049 2394.634 15:04:12
5.108 464.854 2372.195 15:04:13
5.088 514.049 2621.463 15:04:14
5.092 512.439 2617.561 15:04:15
5.076 543.439 2761.951 15:04:16
5.092 512.146 2610.244 15:04:17
5.092 515.561 2612.683 15:04:18
5.072 544.341 2853.171 15:04:19
5.076 541.537 2901.951 15:04:20
5.092 465.659 2386.341 15:04:21
5.084 543.439 2810.732 15:04:22
5.064 515.439 2621.463 15:04:23
5.092 513.049 2612.683 15:04:24
5.076 546.756 2659.024 15:04:25
5.092 522.854 2610.244 15:04:26
5.088 514.951 2622.439 15:04:27
5.092 513.561 2616.098 15:04:28
5.092 512.341 2664.878 15:04:29
5.108 475.561 2440.000 15:04:30
5.088 512.659 2604.878 15:04:31
5.092 512.341 2660.488 15:04:32
5.092 515.854 2649.268 15:04:33
5.072 574.951 2655.122 15:04:34
5.080 606.732 3005.854 15:04:35
5.092 513.659 2618.049 15:04:36
5.092 511.049 2686.829 15:04:37
5.088 511.463 2635.122 15:04:38
5.088 514.244 2604.878 15:04:39
5.092 514.439 2623.902 15:04:40
5.108 465.146 2383.902 15:04:41
5.072 500.951 2536.585 15:04:42
5.092 514.049 2612.683 15:04:43
5.108 464.951 2373.659 15:04:44
5.080 541.951 2663.902 15:04:45
5.092 513.561 2618.049 15:04:46
5.096 486.146 2481.463 15:04:47
5.068 565.537 2975.610 15:04:48
5.092 525.244 2658.049 15:04:49
5.092 514.244 2617.561 15:04:50
5.088 514.244 2607.805 15:04:51
5.092 512.049 2606.341 15:04:52
5.088 513.756 2611.220 15:04:53
5.080 548.439 2872.683 15:04:54
5.084 511.561 2610.244 15:04:55
5.088 512.756 2611.220 15:04:56
5.088 531.854 2673.659 15:04:57
5.076 554.146 2881.463 15:04:58
5.104 466.951 2388.293 15:04:59
5.092 512.951 2607.805 15:05:00
5.068 603.146 3219.512 15:05:01
5.076 558.854 2949.268 15:05:02
5.088 516.756 2625.366 15:05:03
5.092 517.244 2618.049 15:05:04
5.108 466.951 2390.732 15:05:05
5.104 468.049 2381.951 15:05:06
5.104 464.854 2392.683 15:05:07
5.108 465.756 2373.659 15:05:08
5.108 464.561 2376.098 15:05:09
5.108 466.951 2375.122 15:05:10
5.108 517.439 2600.000 15:05:11
5.108 464.756 2374.634 15:05:12
5.108 464.756 2401.463 15:05:13
5.104 465.366 2372.683 15:05:14
5.108 465.244 2386.341 15:05:15
5.104 465.756 2374.634 15:05:16
5.104 464.951 2380.000 15:05:17
5.080 552.341 2790.244 15:05:18
5.080 554.049 2812.683 15:05:19
