5.012 733.341 3675.610 13:13:16
5.068 555.537 2870.732 13:13:17
5.076 550.146 2796.585 13:13:18
5.064 589.049 2982.927 13:13:19
5.076 553.049 2812.683 13:13:20
5.100 479.561 2436.098 13:13:21
5.132 394.073 2021.463 13:13:22
5.088 516.244 2625.366 13:13:23
5.104 484.854 2474.634 13:13:24
5.092 513.341 2608.780 13:13:25
5.108 466.463 2380.976 13:13:26
5.108 465.049 2382.439 13:13:27
5.092 516.244 2628.780 13:13:28
5.116 471.366 2389.756 13:13:29
5.088 488.341 2487.317 13:13:30
5.116 440.366 2251.220 13:13:31
5.092 512.341 2623.902 13:13:33
5.104 466.049 2382.439 13:13:34
5.108 465.463 2376.098 13:13:35
5.104 468.561 2444.878 13:13:36
5.088 511.463 2614.146 13:13:37
5.112 467.463 2395.122 13:13:38
5.104 466.049 2385.854 13:13:39
5.092 517.049 2622.927 13:13:40
5.108 466.049 2381.951 13:13:41
5.088 514.854 2631.707 13:13:42
5.072 574.756 2770.732 13:13:43
5.092 513.951 2610.244 13:13:44
5.072 574.951 2934.146 13:13:45
5.092 513.756 2620.000 13:13:46
5.092 515.341 2627.805 13:13:47
5.084 545.537 2806.829 13:13:48
5.108 465.366 2379.512 13:13:49
5.088 511.756 2602.927 13:13:50
5.076 563.439 2758.049 13:13:51
5.084 574.634 2905.854 13:13:52
5.072 559.659 2736.585 13:13:53
5.108 465.366 2375.122 13:13:54
5.092 512.659 2614.146 13:13:55
5.088 513.561 2612.683 13:13:56
5.104 466.756 2380.000 13:13:57
5.088 515.561 2622.927 13:13:58
5.092 516.439 2622.439 13:13:59
5.088 518.049 2633.659 13:14:00
5.084 519.244 2637.561 13:14:01
5.076 551.244 2814.146 13:14:02
5.108 474.146 2373.659 13:14:03
5.092 514.561 2608.780 13:14:04
5.092 514.244 2685.366 13:14:05
5.108 466.049 2383.902 13:14:06
5.108 465.366 2389.756 13:14:07
5.092 514.561 2612.683 13:14:08
5.092 512.561 2611.220 13:14:09
5.104 468.854 2377.073 13:14:10
5.092 513.561 2610.244 13:14:11
5.084 513.146 2617.561 13:14:12
5.108 465.659 2379.512 13:14:13
5.108 465.854 2384.878 13:14:14
5.108 467.951 2382.439 13:14:15
5.080 545.537 2842.927 13:14:16
5.092 512.146 2622.439 13:14:17
5.108 465.463 2377.073 13:14:18
5.108 468.561 2383.415 13:14:19
5.068 575.756 2905.854 13:14:20
5.076 551.951 2799.024 13:14:21
