5.012 725.732 3682.927 14:18:59
5.028 725.927 3483.902 14:19:00
5.076 551.756 2799.512 14:19:01
5.076 550.951 2796.585 14:19:02
5.076 551.659 2794.146 14:19:03
5.092 500.854 2565.366 14:19:04
5.108 466.561 2392.683 14:19:05
5.104 466.366 2389.756 14:19:06
5.108 465.244 2375.122 14:19:07
5.108 464.951 2381.951 14:19:08
5.096 465.561 2386.341 14:19:09
5.104 466.366 2378.537 14:19:10
5.080 549.659 2876.585 14:19:11
5.092 518.049 2623.902 14:19:12
5.104 465.659 2378.537 14:19:13
5.108 465.561 2375.122 14:19:14
5.088 502.049 2580.488 14:19:15
5.092 534.659 2617.561 14:19:16
5.092 489.854 2531.220 14:19:17
5.108 466.561 2386.341 14:19:18
5.108 468.146 2382.439 14:19:19
5.092 517.244 2622.927 14:19:20
5.092 518.561 2623.902 14:19:21
5.092 516.561 2650.244 14:19:22
5.100 466.366 2382.439 14:19:23
5.060 527.049 2633.659 14:19:24
5.092 513.049 2621.463 14:19:25
5.092 524.244 2560.000 14:19:26
5.092 513.951 2618.049 14:19:27
5.092 513.561 2610.244 14:19:28
5.108 468.561 2440.976 14:19:29
5.100 486.366 2480.976 14:19:30
5.116 440.268 2253.171 14:19:31
5.080 549.537 2861.463 14:19:32
5.096 515.341 2627.805 14:19:33
5.092 515.854 2614.146 14:19:34
5.060 538.439 2761.951 14:19:35
5.092 530.561 2618.049 14:19:36
5.072 572.146 2905.854 14:19:37
5.080 542.659 2799.512 14:19:38
5.088 517.659 2622.439 14:19:39
5.092 515.659 2620.000 14:19:40
5.088 520.561 2664.878 14:19:41
5.088 522.341 2630.244 14:19:42
5.088 514.854 2621.463 14:19:43
5.092 514.341 2612.683 14:19:44
5.108 465.561 2377.073 14:19:45
5.084 548.439 2798.049 14:19:46
5.088 516.439 2640.000 14:19:47
5.076 525.341 2645.366 14:19:48
5.088 516.341 2632.683 14:19:49
5.076 570.049 2905.854 14:19:50
5.092 512.341 2620.488 14:19:51
5.092 513.951 2651.707 14:19:52
5.076 538.659 2837.073 14:19:53
5.104 467.049 2393.659 14:19:55
5.076 571.634 2753.171 14:19:56
5.092 513.561 2628.780 14:19:57
5.108 466.366 2399.512 14:19:58
5.092 517.951 2623.902 14:19:59
5.108 479.756 2391.220 14:20:00
5.104 473.756 2444.878 14:20:01
5.076 545.341 2871.707 14:20:02
5.108 468.146 2602.927 14:20:03
5.088 516.756 2622.439 14:20:04
5.092 491.244 2493.659 14:20:05
5.092 512.049 2760.488 14:20:06
5.072 544.146 2841.951 14:20:07
5.092 518.244 2609.268 14:20:08
5.088 518.756 2638.049 14:20:09
5.112 468.244 2391.220 14:20:10
5.104 473.854 2399.512 14:20:11
5.104 480.854 2424.878 14:20:12
5.104 470.659 2404.878 14:20:13
5.108 469.366 2429.756 14:20:14
5.108 467.854 2387.317 14:20:15
5.108 467.463 2377.561 14:20:16
5.108 466.854 2380.976 14:20:17
5.108 465.561 2379.512 14:20:18
5.088 517.146 2607.805 14:20:19
5.092 513.341 2607.317 14:20:20
5.092 516.561 2626.341 14:20:21
5.104 468.756 2381.951 14:20:22
5.108 467.756 2378.537 14:20:23
5.108 466.561 2377.073 14:20:24
4.972 682.927 3520.000 14:20:25
5.076 556.439 2808.293 14:20:26
5.076 552.341 2815.610 14:20:27
