5.012 728.634 3658.049 13:46:01
5.028 687.829 3478.049 13:46:02
5.076 552.146 2813.171 13:46:03
5.076 550.756 2797.073 13:46:04
5.076 550.439 2799.024 13:46:05
5.088 511.951 2607.805 13:46:06
5.108 468.463 2392.195 13:46:07
5.092 502.854 2557.561 13:46:08
5.092 514.951 2606.341 13:46:09
5.092 514.244 2613.659 13:46:10
5.108 468.146 2380.976 13:46:11
5.104 469.049 2381.951 13:46:12
5.088 516.756 2611.220 13:46:13
5.092 513.951 2623.902 13:46:14
5.108 465.366 2388.293 13:46:15
5.096 498.244 2738.049 13:46:16
5.092 515.341 2609.268 13:46:17
5.104 467.756 2379.512 13:46:18
5.068 576.244 2994.634 13:46:19
5.092 519.049 2628.780 13:46:20
5.064 544.537 2890.732 13:46:21
5.088 517.049 2629.268 13:46:22
5.108 479.244 2389.756 13:46:23
5.108 467.951 2392.195 13:46:24
5.088 570.756 2841.463 13:46:25
5.088 516.049 2627.805 13:46:26
5.080 556.244 3009.756 13:46:27
5.092 515.854 2640.000 13:46:28
5.092 513.341 2634.146 13:46:29
5.088 511.463 2575.122 13:46:30
5.108 472.244 2373.659 13:46:31
5.060 597.146 2719.024 13:46:32
5.076 547.439 2861.463 13:46:33
5.108 468.463 2400.976 13:46:34
5.088 514.756 2631.220 13:46:35
5.072 598.146 2840.488 13:46:36
5.084 512.146 2622.439 13:46:37
5.088 521.341 2717.561 13:46:38
5.108 465.951 2381.951 13:46:39
5.088 515.659 2653.659 13:46:40
5.076 593.049 2996.098 13:46:41
5.088 512.244 2618.049 13:46:42
5.092 514.756 2606.341 13:46:43
5.088 518.439 2621.463 13:46:44
5.088 513.561 2631.220 13:46:45
5.076 565.634 2774.146 13:46:46
5.088 515.146 2614.146 13:46:47
5.088 522.854 2662.927 13:46:48
5.060 629.829 3031.707 13:46:49
5.088 514.756 2633.659 13:46:50
5.068 543.244 2856.585 13:46:51
5.056 601.439 3024.390 13:46:52
5.092 559.244 2837.073 13:46:53
5.068 564.439 2774.146 13:46:54
5.088 517.756 2657.561 13:46:55
5.092 513.659 2631.220 13:46:56
5.088 512.854 2621.463 13:46:57
5.088 520.756 2637.561 13:46:58
5.092 514.659 2525.366 13:46:59
5.108 470.146 2376.098 13:47:00
5.088 515.244 2639.024 13:47:01
5.092 516.244 2646.341 13:47:02
5.096 500.756 2552.683 13:47:03
5.108 465.659 2390.732 13:47:04
5.112 467.146 2388.780 13:47:05
5.108 467.854 2380.976 13:47:06
5.108 467.951 2372.195 13:47:07
5.108 466.463 2376.098 13:47:08
5.108 465.366 2379.512 13:47:09
5.108 465.049 2372.683 13:47:10
5.108 467.561 2378.537 13:47:11
5.092 515.951 2607.317 13:47:12
5.108 464.951 2377.073 13:47:13
5.096 465.659 2377.561 13:47:14
5.104 471.366 2391.220 13:47:15
5.016 700.341 3504.878 13:47:16
5.076 561.049 2857.073 13:47:17
