5.020 730.537 3651.707 14:32:31
5.032 662.341 3462.439 14:32:32
5.072 553.659 2807.805 14:32:33
5.080 551.146 2804.390 14:32:34
5.068 574.439 2965.854 14:32:35
5.092 516.341 2635.122 14:32:36
5.108 465.951 2374.634 14:32:37
5.104 466.854 2400.000 14:32:38
5.108 465.561 2375.122 14:32:39
5.108 465.854 2380.976 14:32:40
5.096 487.341 2483.902 14:32:41
5.104 466.146 2378.537 14:32:42
5.088 516.659 2616.585 14:32:43
5.104 465.756 2383.902 14:32:44
5.080 559.659 2806.829 14:32:45
5.088 515.951 2620.000 14:32:46
5.108 465.463 2376.098 14:32:47
5.108 465.561 2376.098 14:32:48
5.108 468.146 2460.000 14:32:49
5.088 517.756 2630.244 14:32:50
5.092 514.854 2623.902 14:32:51
5.108 467.244 2384.878 14:32:52
5.088 515.439 2622.927 14:32:53
5.108 469.561 2388.780 14:32:54
5.088 514.244 2618.049 14:32:55
5.108 467.463 2608.780 14:32:56
5.088 511.659 2612.683 14:32:57
5.088 525.049 2622.927 14:32:58
5.104 465.366 2378.537 14:32:59
5.076 520.341 2646.829 14:33:00
5.084 516.049 2609.268 14:33:01
5.092 514.146 2629.268 14:33:02
5.104 466.561 2380.976 14:33:03
5.108 469.854 2393.659 14:33:04
5.068 585.049 2954.146 14:33:05
5.108 467.659 2622.439 14:33:06
5.088 520.854 2661.463 14:33:07
5.092 513.951 2621.463 14:33:08
5.092 517.439 2632.683 14:33:09
5.088 520.439 2612.683 14:33:10
5.088 524.146 2647.805 14:33:11
5.104 469.146 2404.878 14:33:12
5.088 518.049 2611.220 14:33:13
5.072 547.439 2806.341 14:33:14
5.092 517.561 2616.585 14:33:15
5.092 513.951 2616.098 14:33:16
5.088 514.341 2649.268 14:33:17
5.088 515.854 2627.317 14:33:18
5.076 546.049 2813.171 14:33:19
5.088 515.561 2610.244 14:33:20
5.076 564.634 2925.366 14:33:21
5.092 514.659 2899.512 14:33:22
5.080 522.951 2659.024 14:33:23
5.092 512.854 2612.683 14:33:24
5.104 476.049 2495.122 14:33:25
5.064 516.146 2625.366 14:33:26
5.092 517.439 2640.000 14:33:27
5.108 468.659 2392.195 14:33:28
5.076 514.756 2894.634 14:33:29
5.100 490.049 2497.561 14:33:30
5.060 575.756 3133.659 14:33:31
5.092 468.244 2416.098 14:33:32
5.104 530.439 2629.268 14:33:33
5.088 519.341 2631.220 14:33:34
5.088 517.341 2620.000 14:33:35
5.092 511.854 2623.902 14:33:36
5.072 555.049 2845.366 14:33:37
5.092 514.049 2687.805 14:33:38
5.092 568.341 2630.244 14:33:39
5.108 469.659 2386.341 14:33:40
5.092 515.561 2628.780 14:33:41
5.108 467.463 2380.976 14:33:42
5.092 516.244 2627.317 14:33:43
5.092 514.756 2628.780 14:33:44
5.088 503.561 2644.878 14:33:45
5.088 515.244 2616.585 14:33:46
5.108 466.463 2383.902 14:33:47
5.092 514.561 2618.049 14:33:48
5.108 465.951 2376.098 14:33:49
5.108 466.146 2379.512 14:33:50
5.092 513.244 2608.780 14:33:51
5.088 514.659 2619.024 14:33:52
5.092 513.854 2616.098 14:33:53
5.092 512.049 2614.146 14:33:54
5.092 512.659 2612.683 14:33:55
5.068 552.854 2835.122 14:33:56
5.088 514.561 2610.244 14:33:57
5.108 465.463 2380.000 14:33:58
5.108 465.244 2375.122 14:33:59
5.108 465.463 2373.659 14:34:00
5.088 518.049 2636.585 14:34:01
5.076 550.146 2793.171 14:34:02
5.076 555.244 2800.488 14:34:03
