5.016 728.927 3642.927 14:46:50
5.076 557.049 2814.146 14:46:51
5.076 552.756 2796.585 14:46:52
5.064 589.341 2989.756 14:46:53
5.104 475.463 2433.659 14:46:54
5.120 437.268 2242.439 14:46:55
5.108 466.146 2398.537 14:46:56
5.104 468.854 2380.976 14:46:57
5.072 569.439 2636.585 14:46:58
5.104 468.659 2390.732 14:46:59
5.088 519.146 2634.146 14:47:00
5.108 468.463 2388.780 14:47:01
5.076 589.854 2961.951 14:47:02
5.092 521.951 2620.000 14:47:03
5.080 549.537 2791.707 14:47:04
5.092 516.146 2625.366 14:47:05
5.108 469.561 2487.805 14:47:06
5.080 578.146 2808.293 14:47:07
5.088 512.561 2611.220 14:47:08
5.092 514.854 2618.049 14:47:09
5.104 465.244 2377.073 14:47:10
5.092 514.244 2621.463 14:47:11
5.072 577.634 2603.902 14:47:12
5.108 467.756 2384.878 14:47:13
5.076 566.146 2949.756 14:47:15
5.072 590.146 2886.829 14:47:16
5.088 514.561 2616.098 14:47:17
5.072 548.951 2780.488 14:47:18
5.076 580.951 2747.805 14:47:19
5.076 554.756 2892.195 14:47:20
5.080 574.049 2891.707 14:47:21
5.076 557.244 2768.780 14:47:22
5.092 514.146 2620.000 14:47:23
5.092 518.049 2629.268 14:47:24
5.084 474.951 2388.293 14:47:25
5.076 543.854 2749.268 14:47:26
5.056 590.732 3009.756 14:47:27
5.092 515.049 2627.805 14:47:28
5.088 517.659 2615.122 14:47:29
5.072 613.951 2763.902 14:47:30
5.100 489.659 2494.634 14:47:31
5.088 537.049 2528.780 14:47:32
5.092 559.341 2845.854 14:47:33
5.092 527.341 2908.293 14:47:34
5.080 546.854 2797.073 14:47:35
5.088 516.561 2627.805 14:47:36
5.092 494.146 2500.000 14:47:37
5.076 552.537 2793.171 14:47:38
5.088 521.049 2642.927 14:47:39
5.088 515.049 2614.146 14:47:40
5.092 513.854 2866.829 14:47:41
5.080 546.854 2786.341 14:47:42
5.092 512.341 2612.683 14:47:43
5.092 515.439 2633.659 14:47:44
5.104 467.366 2387.317 14:47:45
5.092 515.244 2847.805 14:47:46
5.092 513.244 2611.220 14:47:47
5.108 468.951 2391.220 14:47:48
5.076 550.854 2793.171 14:47:49
5.088 515.659 2623.902 14:47:50
5.092 513.854 2625.366 14:47:51
5.088 513.659 2631.220 14:47:52
5.072 542.146 2810.732 14:47:53
5.092 515.341 2605.366 14:47:54
5.108 467.146 2380.976 14:47:55
5.088 514.146 2610.244 14:47:56
5.092 513.659 2607.317 14:47:57
5.108 464.463 2375.122 14:47:58
5.080 542.951 2770.732 14:47:59
5.064 580.951 2709.268 14:48:00
5.092 514.854 2622.439 14:48:01
5.092 514.854 2620.488 14:48:02
5.080 577.854 2962.927 14:48:03
5.080 543.659 2954.146 14:48:04
5.088 516.756 2625.366 14:48:05
5.104 465.756 2380.976 14:48:06
5.088 512.561 2612.683 14:48:07
5.104 465.244 2372.683 14:48:08
5.108 465.244 2375.122 14:48:09
5.088 515.854 2634.146 14:48:10
5.096 502.049 2552.683 14:48:11
5.108 465.561 2381.951 14:48:12
5.092 518.439 2667.805 14:48:13
5.104 466.463 2383.902 14:48:14
5.092 513.049 2608.780 14:48:15
5.092 516.341 2619.024 14:48:16
5.108 466.659 2394.634 14:48:17
5.084 525.049 2616.585 14:48:18
5.104 464.951 2374.634 14:48:19
5.108 466.659 2442.439 14:48:20
5.108 467.146 2375.122 14:48:21
5.092 500.854 2569.756 14:48:22
5.108 464.951 2380.976 14:48:23
5.108 464.561 2373.659 14:48:24
5.108 464.756 2369.756 14:48:25
5.076 553.341 2795.122 14:48:26
5.076 548.951 2786.341 14:48:27
