5.016 731.024 3670.244 14:24:49
4.964 864.732 4253.659 14:24:50
5.072 583.268 2832.195 14:24:51
5.080 558.634 2809.756 14:24:52
5.064 592.146 3011.707 14:24:53
5.084 521.561 2654.634 14:24:54
5.104 470.146 2393.171 14:24:55
5.104 467.756 2389.268 14:24:56
5.108 470.146 2391.220 14:24:57
5.104 469.171 2389.268 14:24:58
5.108 466.537 2403.902 14:24:59
5.108 465.268 2393.171 14:25:00
5.108 466.049 2378.537 14:25:01
5.104 470.049 2402.927 14:25:02
5.108 466.634 2389.268 14:25:03
5.092 503.951 2568.780 14:25:04
5.108 469.268 2380.488 14:25:05
5.108 468.878 2388.293 14:25:06
5.092 516.439 2619.512 14:25:07
5.108 468.976 2389.268 14:25:08
5.104 467.854 2381.463 14:25:09
5.088 515.463 2619.512 14:25:10
5.104 465.951 2394.146 14:25:11
5.092 514.049 2658.537 14:25:12
5.088 517.366 2645.854 14:25:13
5.092 519.463 2629.268 14:25:14
5.056 632.049 2874.146 14:25:15
5.092 513.463 2629.268 14:25:16
5.088 514.049 2613.659 14:25:17
5.072 541.951 2773.659 14:25:18
5.092 515.171 2611.707 14:25:19
5.088 514.829 2611.707 14:25:20
5.092 514.341 2623.415 14:25:21
5.088 516.341 2632.195 14:25:22
5.068 576.439 2955.122 14:25:23
5.088 517.951 2629.268 14:25:24
5.104 479.951 2389.268 14:25:25
5.064 584.439 3052.683 14:25:26
5.092 514.537 2621.463 14:25:27
5.076 546.049 2761.951 14:25:28
5.048 612.927 3117.073 14:25:29
5.100 492.146 2504.390 14:25:30
5.100 488.341 2481.951 14:25:31
5.076 588.439 2827.317 14:25:32
5.088 519.854 2648.780 14:25:33
5.076 586.244 2801.951 14:25:34
5.088 516.829 2628.293 14:25:35
5.088 524.829 2659.512 14:25:36
5.076 553.659 2801.951 14:25:37
5.060 612.049 2994.146 14:25:38
5.092 512.829 2610.732 14:25:39
5.084 581.659 3061.463 14:25:40
5.088 514.146 2606.829 14:25:41
5.092 512.829 2614.634 14:25:42
5.092 514.146 2621.463 14:25:43
5.108 467.366 2386.341 14:25:44
5.092 514.634 2618.537 14:25:45
5.068 526.439 2906.341 14:25:46
5.108 466.341 2380.488 14:25:47
5.076 552.634 2789.268 14:25:48
5.092 514.146 2610.732 14:25:49
5.088 512.341 2611.707 14:25:50
5.092 530.146 2614.634 14:25:51
5.084 538.244 2716.098 14:25:52
5.108 465.659 2381.463 14:25:53
5.088 517.171 2601.951 14:25:54
5.088 468.341 2385.366 14:25:55
5.088 513.854 2611.707 14:25:56
5.104 465.659 2383.415 14:25:57
5.108 472.244 2386.341 14:25:58
5.080 546.927 2786.341 14:25:59
5.084 513.268 2619.512 14:26:00
5.112 467.463 2375.610 14:26:01
5.088 514.146 2608.780 14:26:02
5.100 496.829 2525.854 14:26:03
5.092 515.171 2637.073 14:26:04
5.080 566.049 2880.000 14:26:05
5.088 512.829 2608.780 14:26:06
5.088 515.659 2616.585 14:26:07
5.092 513.366 2616.585 14:26:08
5.108 465.463 2388.293 14:26:09
5.092 503.854 2570.732 14:26:10
5.108 466.244 2376.585 14:26:11
5.088 512.829 2614.634 14:26:12
5.108 465.561 2375.610 14:26:13
5.108 464.634 2388.293 14:26:14
5.108 464.878 2389.268 14:26:16
5.068 577.561 3167.805 14:26:17
5.076 552.146 2804.878 14:26:18
5.076 552.146 2803.902 14:26:19
