5.012 732.024 3710.732 14:44:48
5.020 719.024 3646.829 14:44:49
5.076 550.756 2798.049 14:44:50
5.080 554.854 2806.341 14:44:51
5.076 550.244 2800.488 14:44:52
5.092 514.244 2616.098 14:44:53
5.096 502.756 2546.341 14:44:54
5.092 516.756 2622.927 14:44:55
5.108 465.951 2378.537 14:44:56
5.080 537.854 2931.707 14:44:57
5.108 464.561 2372.195 14:44:58
5.092 512.439 2602.439 14:44:59
5.092 514.756 2623.902 14:45:00
5.088 521.341 2652.683 14:45:01
5.108 466.561 2377.561 14:45:02
5.068 570.341 2899.024 14:45:03
5.088 511.951 2603.902 14:45:04
5.080 548.049 2618.049 14:45:05
5.088 512.659 2624.878 14:45:06
5.076 543.341 2754.146 14:45:07
5.088 513.341 2611.707 14:45:08
5.084 561.854 2749.268 14:45:09
5.092 512.049 2606.341 14:45:10
5.092 512.756 2614.146 14:45:11
5.088 513.049 2612.683 14:45:13
5.092 517.049 2631.707 14:45:14
5.112 467.756 2371.220 14:45:15
5.088 534.049 2670.244 14:45:16
5.092 515.756 2621.463 14:45:17
5.088 511.756 2605.366 14:45:18
5.088 516.439 2629.268 14:45:19
5.088 514.756 2673.659 14:45:20
5.096 517.049 2623.902 14:45:21
5.088 538.439 2750.732 14:45:22
5.092 512.659 2611.220 14:45:23
5.080 514.146 2634.146 14:45:24
5.068 573.854 3055.610 14:45:25
5.088 515.341 2622.439 14:45:26
5.092 514.561 2621.463 14:45:27
5.080 540.439 2749.268 14:45:28
5.092 588.634 2907.805 14:45:29
5.068 570.049 3017.073 14:45:30
5.100 496.049 2733.171 14:45:31
5.080 540.146 2755.122 14:45:32
5.060 517.049 2640.000 14:45:33
5.068 584.634 3050.732 14:45:34
5.076 544.854 2860.488 14:45:35
5.084 565.244 2738.049 14:45:36
5.084 548.659 2820.488 14:45:37
5.068 592.537 2894.634 14:45:38
5.068 575.244 2747.805 14:45:39
5.092 518.854 2636.585 14:45:40
5.084 546.341 2746.829 14:45:41
5.088 517.049 2633.659 14:45:42
5.092 514.439 2632.683 14:45:43
5.100 497.756 2667.805 14:45:44
5.092 513.244 2611.707 14:45:45
5.088 515.146 2616.098 14:45:46
5.092 511.463 2611.220 14:45:47
5.092 515.244 2619.024 14:45:48
5.076 556.146 2783.902 14:45:49
5.088 517.341 2636.098 14:45:50
5.072 545.439 2870.732 14:45:51
5.092 511.659 2620.488 14:45:52
5.092 566.049 2894.146 14:45:53
5.104 466.146 2581.463 14:45:54
5.092 515.146 2620.000 14:45:55
5.108 477.561 2382.439 14:45:56
5.092 515.049 2642.439 14:45:57
5.104 465.756 2375.122 14:45:58
5.104 465.951 2379.512 14:45:59
5.092 516.244 2616.098 14:46:00
5.108 465.146 2373.659 14:46:01
5.104 465.951 2404.878 14:46:02
5.108 465.756 2373.659 14:46:03
5.088 515.341 2623.902 14:46:04
5.108 468.366 2378.537 14:46:05
5.072 555.439 2842.927 14:46:06
5.092 512.659 2602.927 14:46:07
5.108 466.244 2384.878 14:46:08
5.108 465.244 2377.561 14:46:09
5.092 514.951 2611.220 14:46:10
5.092 512.049 2607.317 14:46:11
5.092 512.854 2608.780 14:46:12
5.092 512.439 2604.878 14:46:13
5.092 513.561 2607.805 14:46:14
5.108 465.463 2376.098 14:46:15
5.108 465.756 2381.951 14:46:16
5.108 465.049 2373.659 14:46:17
5.108 464.756 2375.122 14:46:18
5.108 466.463 2375.122 14:46:19
5.056 630.341 3115.610 14:46:20
5.072 549.756 2808.293 14:46:21
5.080 549.854 2801.951 14:46:22
