5.016 727.732 3650.244 14:57:10
5.032 679.537 3466.829 14:57:11
5.076 550.146 2791.707 14:57:13
5.076 550.439 2790.732 14:57:14
5.076 562.146 2802.927 14:57:15
5.136 390.268 2005.366 14:57:16
5.108 465.561 2375.122 14:57:17
5.108 465.756 2388.780 14:57:18
5.092 511.756 2605.366 14:57:19
5.108 465.463 2375.122 14:57:20
5.092 514.341 2608.780 14:57:21
5.108 467.659 2375.122 14:57:22
5.108 468.756 2384.878 14:57:23
5.108 465.463 2377.073 14:57:24
5.088 511.854 2603.902 14:57:25
5.092 511.756 2602.927 14:57:26
5.108 465.146 2376.098 14:57:27
5.092 513.439 2614.146 14:57:28
5.092 512.951 2606.341 14:57:29
5.104 468.561 2384.878 14:57:30
5.100 466.146 2487.317 14:57:31
5.120 439.268 2249.268 14:57:32
5.088 511.146 2609.268 14:57:33
5.092 514.854 2627.317 14:57:34
5.092 513.244 2697.561 14:57:35
5.100 504.049 2525.366 14:57:36
5.092 515.659 2609.268 14:57:37
5.092 500.951 2622.927 14:57:38
5.080 542.951 2902.927 14:57:39
5.092 512.561 2610.244 14:57:40
5.092 512.439 2605.366 14:57:41
5.108 467.146 2377.073 14:57:42
5.096 516.341 2841.463 14:57:43
5.092 511.244 2601.463 14:57:44
5.092 517.854 2612.683 14:57:45
5.084 537.561 2728.780 14:57:46
5.092 512.146 2608.780 14:57:47
5.092 514.049 2611.220 14:57:48
5.100 516.756 2531.220 14:57:49
5.088 514.561 2626.341 14:57:50
5.072 552.951 2752.683 14:57:51
5.092 514.049 2611.707 14:57:52
5.076 515.244 2616.098 14:57:53
5.092 515.244 2636.585 14:57:54
5.108 473.854 2391.220 14:57:55
5.092 512.244 2774.146 14:57:56
5.080 559.854 2785.366 14:57:57
5.092 512.659 2610.244 14:57:58
5.092 513.659 2619.024 14:57:59
5.100 500.854 2517.561 14:58:00
5.088 512.951 2598.537 14:58:01
5.088 513.756 2620.000 14:58:02
5.092 515.439 2604.878 14:58:03
5.096 512.049 2620.488 14:58:04
5.088 515.854 2620.000 14:58:05
5.108 464.854 2390.732 14:58:06
5.092 515.951 2616.585 14:58:07
5.092 517.244 2627.317 14:58:08
5.108 465.463 2384.878 14:58:09
5.092 515.951 2615.122 14:58:10
5.092 525.244 2611.707 14:58:11
5.108 475.756 2376.098 14:58:12
5.084 546.049 2770.732 14:58:13
5.084 529.561 2753.171 14:58:14
5.084 546.659 2779.512 14:58:15
5.084 541.951 2886.829 14:58:16
5.092 513.244 2611.707 14:58:17
5.092 513.659 2609.268 14:58:18
5.080 564.439 2745.366 14:58:19
5.092 515.049 2620.000 14:58:20
5.088 513.146 2616.098 14:58:21
5.088 515.341 2621.463 14:58:22
5.088 515.049 2605.366 14:58:23
5.088 520.244 2624.878 14:58:24
5.092 512.659 2612.683 14:58:25
5.092 514.659 2615.122 14:58:26
5.092 499.951 2530.244 14:58:27
5.088 512.049 2607.317 14:58:28
5.076 488.561 2494.634 14:58:29
5.084 483.951 2472.683 14:58:30
5.100 490.561 2492.195 14:58:31
5.088 524.561 2666.341 14:58:32
5.108 465.463 2372.683 14:58:33
5.092 515.951 2635.122 14:58:34
5.108 464.146 2451.220 14:58:35
5.092 511.854 2608.780 14:58:36
5.092 512.439 2605.366 14:58:37
5.096 483.951 2471.220 14:58:38
5.092 511.561 2607.805 14:58:39
5.088 516.854 2625.366 14:58:40
5.092 514.659 2610.244 14:58:41
5.108 466.049 2384.878 14:58:42
5.108 464.756 2375.122 14:58:43
5.104 464.463 2376.098 14:58:44
5.088 517.439 2605.366 14:58:45
5.108 467.756 2460.976 14:58:46
5.104 467.049 2389.756 14:58:47
5.108 466.049 2372.683 14:58:48
5.016 749.732 3660.488 14:58:49
5.076 551.951 2804.390 14:58:50
5.076 551.341 2800.488 14:58:51
