5.016 729.122 3660.488 12:27:22
5.024 688.537 3438.537 12:27:23
5.080 553.659 2801.463 12:27:24
5.080 556.854 2794.146 12:27:25
5.076 550.341 2795.610 12:27:26
5.092 511.146 2610.244 12:27:27
5.108 464.244 2370.732 12:27:28
5.108 465.561 2370.732 12:27:29
5.096 674.829 2426.341 12:27:30
5.112 466.049 2384.878 12:27:31
5.116 440.561 2256.098 12:27:32
5.108 463.854 2368.293 12:27:33
5.088 510.951 2640.000 12:27:34
5.092 513.146 2600.000 12:27:35
5.108 463.049 2379.512 12:27:36
5.108 465.561 2372.195 12:27:37
5.092 510.951 2618.049 12:27:38
5.108 466.244 2376.098 12:27:39
5.104 467.146 2369.756 12:27:40
5.104 465.854 2375.122 12:27:41
5.092 511.049 2601.463 12:27:42
5.108 463.951 2374.634 12:27:43
5.084 572.951 2879.512 12:27:44
5.092 510.463 2596.585 12:27:45
5.104 464.366 2372.683 12:27:46
5.108 463.561 2368.780 12:27:47
5.092 509.854 2600.488 12:27:48
5.108 463.854 2376.098 12:27:49
5.108 465.951 2373.659 12:27:50
5.092 514.049 2624.878 12:27:51
5.092 512.049 2618.049 12:27:52
5.092 515.854 2629.268 12:27:53
5.108 463.561 2369.756 12:27:54
5.104 466.244 2369.756 12:27:55
5.092 512.049 2607.317 12:27:56
5.092 510.561 2600.000 12:27:57
5.084 536.244 2781.951 12:27:58
5.092 511.951 2605.366 12:27:59
5.088 514.244 2620.000 12:28:00
5.108 464.951 2374.634 12:28:01
5.104 463.854 2372.195 12:28:02
5.092 511.341 2600.488 12:28:03
5.092 510.951 2600.488 12:28:04
5.020 725.341 3647.805 12:28:05
5.076 550.854 2796.585 12:28:06
5.080 555.951 2824.390 12:28:07
