5.020 732.829 3673.171 12:48:25
5.028 675.732 3621.951 12:48:26
5.076 552.049 2814.146 12:48:27
5.076 552.049 2806.829 12:48:28
5.092 516.756 2629.268 12:48:29
5.116 442.561 2253.659 12:48:30
5.116 440.951 2273.171 12:48:31
5.104 465.366 2376.098 12:48:32
5.108 465.561 2383.902 12:48:33
5.088 512.659 2606.341 12:48:34
5.092 515.561 2614.146 12:48:35
5.088 518.439 2636.585 12:48:36
5.088 514.146 2637.561 12:48:37
5.108 465.049 2378.537 12:48:38
5.108 465.463 2374.634 12:48:39
5.108 465.756 2373.659 12:48:40
5.104 465.561 2381.951 12:48:41
5.108 464.463 2388.780 12:48:42
5.108 466.756 2380.000 12:48:43
5.088 516.756 2625.366 12:48:44
5.108 466.366 2378.537 12:48:45
5.104 465.561 2395.122 12:48:46
5.088 515.049 2620.000 12:48:47
5.108 466.659 2374.634 12:48:48
5.092 513.561 2616.098 12:48:49
5.092 467.049 2387.317 12:48:50
5.088 527.659 2608.780 12:48:51
5.092 514.854 2618.049 12:48:52
5.100 492.146 2508.780 12:48:53
5.108 465.854 2377.073 12:48:54
5.108 465.049 2374.634 12:48:55
5.108 465.951 2379.512 12:48:56
5.108 466.756 2376.098 12:48:57
5.108 464.463 2376.098 12:48:58
5.108 463.854 2372.195 12:48:59
5.076 548.049 2782.927 12:49:00
5.104 468.659 2376.098 12:49:01
5.092 492.244 2495.122 12:49:02
5.092 511.341 2609.268 12:49:04
5.092 513.951 2653.659 12:49:05
5.092 512.659 2612.683 12:49:06
5.108 470.244 2383.902 12:49:07
5.104 466.854 2373.659 12:49:08
5.104 465.561 2373.659 12:49:09
5.108 463.854 2375.122 12:49:10
5.108 464.561 2380.976 12:49:11
5.092 502.341 2573.659 12:49:12
5.108 467.561 2379.512 12:49:13
5.104 467.366 2619.024 12:49:14
5.108 467.049 2383.902 12:49:15
5.092 519.049 2608.780 12:49:16
5.076 551.659 2797.073 12:49:17
5.080 551.659 2798.049 12:49:18
