5.012 731.341 3680.488 13:56:44
5.024 702.829 3564.390 13:56:45
5.076 552.951 2790.732 13:56:46
5.076 549.756 2797.073 13:56:47
5.104 474.561 2436.098 13:56:48
5.132 393.073 2013.171 13:56:49
5.104 466.463 2379.512 13:56:50
5.108 468.049 2382.439 13:56:51
5.104 466.146 2380.000 13:56:52
5.104 469.244 2393.659 13:56:53
5.108 496.756 2580.488 13:56:54
5.108 470.366 2403.902 13:56:55
5.092 516.341 2622.439 13:56:56
5.104 468.561 2386.341 13:56:57
5.104 469.561 2381.951 13:56:58
5.104 465.146 2375.122 13:56:59
5.088 513.659 2604.878 13:57:00
5.080 555.951 2839.512 13:57:01
5.088 513.049 2605.366 13:57:02
5.104 468.659 2379.512 13:57:03
5.096 494.756 2516.585 13:57:04
5.104 468.366 2396.098 13:57:05
5.092 516.756 2620.000 13:57:06
5.088 517.146 2634.146 13:57:07
5.088 512.146 2616.098 13:57:08
5.084 540.341 2770.732 13:57:09
5.088 516.146 2614.146 13:57:10
5.088 512.244 2604.878 13:57:11
5.088 515.756 2618.049 13:57:12
5.088 517.049 2628.780 13:57:13
5.088 512.854 2602.439 13:57:14
5.092 515.049 2618.049 13:57:15
5.072 562.341 2853.171 13:57:16
5.088 523.244 2675.610 13:57:17
5.080 559.537 2826.829 13:57:18
5.092 522.049 2618.049 13:57:19
5.072 570.146 2899.512 13:57:20
5.088 516.854 2606.341 13:57:21
5.088 518.756 2649.268 13:57:22
5.088 494.854 2567.317 13:57:23
5.092 512.659 2623.902 13:57:24
5.072 554.537 2815.610 13:57:25
5.088 516.244 2625.366 13:57:26
5.092 516.049 2618.049 13:57:27
5.108 467.366 2375.122 13:57:28
5.008 486.951 2433.659 13:57:29
5.064 607.341 2790.244 13:57:30
5.096 489.561 2499.024 13:57:31
5.092 513.439 2617.561 13:57:32
5.088 517.854 2918.049 13:57:33
5.088 517.854 2630.244 13:57:34
5.088 513.659 2619.024 13:57:35
5.092 516.659 2628.780 13:57:36
5.092 512.049 2610.244 13:57:37
5.088 581.756 2883.415 13:57:38
5.092 515.439 2620.000 13:57:39
5.088 513.439 2635.122 13:57:40
5.092 512.146 2611.220 13:57:41
5.080 544.854 2812.683 13:57:42
5.092 529.049 2620.000 13:57:43
5.080 588.244 2730.244 13:57:44
5.100 466.366 2388.780 13:57:45
5.092 532.951 2611.220 13:57:46
5.108 471.659 2383.902 13:57:47
5.088 518.756 2623.902 13:57:48
5.104 466.659 2378.537 13:57:49
5.088 516.659 2627.805 13:57:50
5.092 517.244 2622.439 13:57:51
5.088 513.756 2611.220 13:57:52
5.088 513.854 2623.902 13:57:53
5.088 517.659 2622.439 13:57:54
5.104 467.561 2383.902 13:57:55
5.112 465.756 2397.073 13:57:56
5.108 468.049 2374.634 13:57:57
5.108 468.049 2382.439 13:57:58
5.108 490.244 2450.244 13:57:59
5.108 467.366 2372.195 13:58:00
5.108 466.244 2390.732 13:58:01
5.076 549.756 2791.707 13:58:02
5.080 551.049 2791.707 13:58:03
5.076 549.659 2790.244 13:58:04
