5.076 550.244 2795.122 12:47:02
5.076 554.146 2811.707 12:47:03
5.080 550.439 2816.585 12:47:04
5.076 551.951 2789.268 12:47:05
5.076 552.756 2806.341 12:47:06
5.108 464.854 2377.073 12:47:07
5.092 514.756 2610.244 12:47:08
5.108 466.463 2382.439 12:47:09
5.108 466.244 2383.902 12:47:10
5.108 465.659 2379.512 12:47:11
5.080 541.049 2766.341 12:47:12
5.104 465.561 2381.951 12:47:13
5.076 558.146 2774.146 12:47:14
5.092 480.366 2562.439 12:47:15
5.104 491.244 2647.805 12:47:16
5.108 464.244 2378.537 12:47:17
5.108 468.756 2401.463 12:47:18
5.104 466.659 2375.122 12:47:19
5.108 465.146 2404.878 12:47:20
5.108 465.244 2380.976 12:47:21
5.108 464.854 2374.634 12:47:22
5.108 469.366 2378.537 12:47:23
5.076 544.951 2743.902 12:47:24
5.080 537.756 2796.585 12:47:25
5.092 514.756 2612.683 12:47:26
5.108 466.146 2378.537 12:47:27
5.092 512.049 2611.220 12:47:28
5.120 441.854 2253.659 12:47:29
5.108 468.049 2386.341 12:47:30
5.116 485.561 2464.878 12:47:31
5.092 523.951 2629.268 12:47:32
5.108 466.146 2378.537 12:47:33
5.068 551.049 2760.488 12:47:34
5.092 570.756 2826.829 12:47:35
5.092 514.854 2624.878 12:47:36
5.092 514.146 2682.927 12:47:37
5.108 520.341 2620.000 12:47:38
5.108 466.463 2383.415 12:47:39
5.108 465.244 2380.976 12:47:40
5.092 513.756 2613.659 12:47:41
5.104 464.561 2375.122 12:47:42
5.108 466.561 2377.073 12:47:43
5.092 513.341 2611.220 12:47:44
5.096 529.341 2636.585 12:47:45
5.104 474.146 2407.317 12:47:46
5.108 465.561 2376.098 12:47:47
5.104 468.146 2372.683 12:47:48
5.104 466.854 2388.293 12:47:49
5.108 467.049 2374.634 12:47:50
5.108 465.756 2377.561 12:47:51
5.112 463.951 2372.195 12:47:52
5.132 392.073 1998.049 12:47:53
5.072 553.659 2891.707 12:47:54
5.076 551.537 2803.902 12:47:55
