5.012 732.927 3675.610 12:35:01
5.024 699.927 3667.805 12:35:02
5.076 551.537 2821.463 12:35:03
5.076 551.854 2802.927 12:35:04
5.104 474.659 2425.854 12:35:05
5.136 389.854 2004.390 12:35:06
5.092 503.146 2559.024 12:35:07
5.088 512.854 2604.878 12:35:08
5.108 466.146 2374.634 12:35:09
5.092 515.244 2888.293 12:35:10
5.108 467.049 2386.341 12:35:11
5.104 466.463 2401.463 12:35:12
5.108 468.146 2394.634 12:35:13
5.088 515.561 2620.488 12:35:14
5.108 467.463 2387.317 12:35:15
5.104 470.146 2390.732 12:35:16
5.104 470.049 2387.317 12:35:17
5.096 502.463 2571.220 12:35:18
5.104 467.561 2389.756 12:35:19
5.108 466.561 2393.659 12:35:20
5.108 475.366 2439.024 12:35:21
5.104 469.244 2384.878 12:35:22
5.104 467.561 2455.122 12:35:23
5.108 466.756 2380.000 12:35:24
5.092 512.854 2651.220 12:35:25
5.092 511.854 2603.902 12:35:26
5.108 467.756 2372.683 12:35:27
5.108 464.854 2379.512 12:35:28
5.076 512.756 2615.122 12:35:29
5.116 439.756 2253.171 12:35:30
5.108 467.146 2540.976 12:35:31
5.092 514.439 2623.902 12:35:32
5.092 512.659 2608.780 12:35:33
5.108 466.146 2377.073 12:35:35
5.092 517.756 2636.098 12:35:36
5.108 464.561 2370.732 12:35:37
5.092 511.951 2607.317 12:35:38
5.104 470.463 2383.415 12:35:39
5.088 513.756 2617.561 12:35:40
5.108 464.854 2374.634 12:35:41
5.108 464.951 2372.683 12:35:42
5.084 550.951 2876.585 12:35:43
5.092 515.341 2616.585 12:35:44
5.064 593.439 3007.317 12:35:45
5.076 551.659 2804.390 12:35:46
5.076 551.756 2799.512 12:35:47
