5.016 730.439 3663.902 12:40:19
5.024 690.146 3519.024 12:40:20
5.064 580.049 2988.293 12:40:21
5.076 552.146 2804.390 12:40:22
5.108 474.561 2424.878 12:40:23
5.092 512.659 2614.146 12:40:24
5.104 465.659 2400.000 12:40:25
5.108 466.756 2682.439 12:40:26
5.084 511.756 2622.927 12:40:27
5.092 512.439 2611.220 12:40:28
5.080 542.659 2885.854 12:40:29
5.116 440.049 2427.317 12:40:30
5.116 481.561 2392.195 12:40:31
5.088 516.951 2625.366 12:40:32
5.088 515.049 2631.220 12:40:33
5.088 513.854 2616.098 12:40:34
5.092 513.561 2613.659 12:40:35
5.072 561.854 2835.122 12:40:36
5.088 514.244 2618.049 12:40:37
5.092 514.049 2618.049 12:40:38
5.092 514.561 2620.488 12:40:39
5.088 515.146 2622.439 12:40:40
5.108 465.561 2393.659 12:40:41
5.104 466.244 2383.415 12:40:42
5.088 517.341 2627.317 12:40:43
5.108 465.951 2376.098 12:40:44
5.088 513.244 2605.366 12:40:45
5.092 513.146 2618.049 12:40:46
5.092 512.049 2604.878 12:40:47
5.092 512.951 2616.098 12:40:48
5.092 512.854 2605.366 12:40:49
5.108 519.561 2633.659 12:40:50
5.108 465.049 2405.854 12:40:51
5.076 513.341 2625.366 12:40:52
5.088 518.561 2627.805 12:40:53
5.092 514.341 2613.659 12:40:55
5.084 532.854 2718.049 12:40:56
5.092 513.146 2604.878 12:40:57
5.108 465.756 2384.878 12:40:58
5.096 492.561 2539.024 12:40:59
5.092 511.756 2608.780 12:41:00
5.108 466.146 2375.122 12:41:01
5.108 465.244 2388.293 12:41:02
5.104 464.951 2385.854 12:41:03
5.104 465.366 2371.220 12:41:04
5.104 465.463 2375.122 12:41:05
5.084 537.659 2750.244 12:41:06
5.092 512.244 2612.683 12:41:07
5.104 465.854 2391.220 12:41:08
5.076 575.049 2807.805 12:41:09
5.080 553.146 2806.829 12:41:10
5.076 554.854 2817.073 12:41:11
