5.016 722.927 3646.341 13:47:51
5.028 688.829 3496.585 13:47:52
5.080 549.659 2793.171 13:47:53
5.076 554.049 2812.683 13:47:54
5.104 475.244 2425.854 13:47:55
5.092 514.756 2623.902 13:47:56
5.088 515.049 2620.000 13:47:57
5.104 469.756 2385.854 13:47:58
5.108 466.756 2379.512 13:47:59
5.108 465.366 2382.439 13:48:00
5.084 539.756 2730.244 13:48:01
5.088 512.659 2615.122 13:48:02
5.092 512.244 2606.341 13:48:03
5.108 466.049 2378.537 13:48:04
5.108 465.659 2416.098 13:48:05
5.092 513.659 2628.780 13:48:06
5.108 465.854 2379.512 13:48:07
5.092 512.854 2612.683 13:48:08
5.080 556.951 2806.341 13:48:09
5.080 566.244 2748.780 13:48:10
5.092 512.439 2620.000 13:48:11
5.104 513.659 2624.878 13:48:12
5.104 475.561 2473.659 13:48:13
5.092 518.659 2635.122 13:48:15
5.108 470.561 2377.073 13:48:16
5.108 465.561 2377.073 13:48:17
5.088 518.951 2629.268 13:48:18
5.108 466.244 2391.220 13:48:19
5.092 515.561 2611.707 13:48:20
5.088 514.146 2607.317 13:48:21
5.088 517.756 2649.268 13:48:22
5.060 551.146 2694.146 13:48:23
5.096 498.463 2496.585 13:48:24
5.092 516.756 2632.683 13:48:25
5.080 570.756 2855.610 13:48:26
5.088 515.341 2616.585 13:48:27
5.092 513.854 2618.049 13:48:28
5.072 574.049 2770.244 13:48:29
5.104 475.049 2474.634 13:48:30
5.072 554.537 2720.488 13:48:31
5.100 489.049 2316.098 13:48:32
5.080 551.537 2860.488 13:48:33
5.084 542.341 2870.244 13:48:34
5.088 517.244 2624.878 13:48:35
5.068 577.146 2920.488 13:48:36
5.088 513.439 2634.146 13:48:37
5.092 520.146 2700.488 13:48:38
5.092 515.341 2636.585 13:48:39
5.088 513.146 2621.463 13:48:40
5.088 512.244 2616.098 13:48:41
5.108 464.854 2374.634 13:48:42
5.072 567.341 2941.951 13:48:43
5.108 466.659 2381.951 13:48:44
5.092 517.146 2609.268 13:48:45
5.072 556.659 2739.024 13:48:46
5.092 513.049 2645.366 13:48:47
5.072 579.756 2906.829 13:48:48
5.088 512.439 2608.780 13:48:49
5.108 469.951 2388.780 13:48:50
5.104 469.049 2388.780 13:48:51
5.092 514.439 2633.659 13:48:52
5.076 544.439 2723.902 13:48:53
5.088 512.951 2626.341 13:48:54
5.108 466.951 2385.854 13:48:55
5.104 467.756 2480.976 13:48:56
5.092 516.244 2615.122 13:48:57
5.108 464.854 2373.659 13:48:58
5.104 464.854 2381.951 13:48:59
5.096 489.854 2502.439 13:49:00
5.088 515.951 2625.366 13:49:01
5.108 468.146 2380.976 13:49:02
5.104 491.463 2393.659 13:49:03
5.108 469.244 2400.976 13:49:04
5.132 389.854 2003.902 13:49:05
5.016 728.927 3661.951 13:49:06
5.080 553.659 2838.049 13:49:07
5.072 550.951 2796.585 13:49:08
