5.076 552.756 2797.073 14:30:34
5.020 703.024 3585.366 14:30:35
5.060 586.146 2967.317 14:30:36
5.080 566.951 2797.073 14:30:37
5.104 475.463 2423.902 14:30:38
5.132 399.854 2045.366 14:30:39
5.092 512.854 2622.439 14:30:40
5.108 465.463 2379.512 14:30:41
5.088 513.854 2611.220 14:30:42
5.108 466.366 2382.439 14:30:43
5.108 466.049 2389.756 14:30:44
5.092 512.146 2636.585 14:30:45
5.108 465.146 2388.293 14:30:46
5.064 596.537 2940.976 14:30:47
5.088 515.244 2618.049 14:30:48
5.108 466.366 2377.561 14:30:49
5.108 464.951 2380.976 14:30:50
5.108 474.756 2395.122 14:30:51
5.104 467.244 2375.122 14:30:52
5.112 468.561 2395.122 14:30:53
5.080 548.341 2628.780 14:30:54
5.092 513.756 2629.268 14:30:55
5.088 515.854 2633.659 14:30:56
5.104 466.659 2378.537 14:30:57
5.076 549.146 2786.341 14:30:58
5.108 467.463 2377.561 14:30:59
5.084 497.659 2622.439 14:31:00
5.072 555.439 2918.049 14:31:01
5.088 515.756 2622.927 14:31:02
5.092 513.854 2612.683 14:31:03
5.108 469.366 2377.073 14:31:04
5.108 473.854 2450.244 14:31:05
5.092 562.537 2835.610 14:31:06
5.108 467.366 2378.537 14:31:07
5.092 517.561 2632.683 14:31:08
5.060 610.732 2929.756 14:31:09
5.092 515.561 2630.244 14:31:10
5.088 514.439 2631.707 14:31:11
5.108 470.561 2380.976 14:31:12
5.088 513.951 2616.585 14:31:13
5.088 513.146 2551.220 14:31:14
5.088 514.146 2632.683 14:31:15
5.092 521.049 2631.220 14:31:16
5.088 545.244 2814.146 14:31:17
5.088 516.756 2635.122 14:31:18
5.088 519.854 2627.805 14:31:19
5.076 593.049 2968.293 14:31:21
5.092 517.244 2675.610 14:31:22
5.076 591.439 2725.366 14:31:23
5.108 467.659 2407.317 14:31:24
5.092 518.561 2620.488 14:31:25
5.092 514.244 2629.268 14:31:26
5.088 512.951 2622.439 14:31:27
5.092 503.146 2662.927 14:31:28
5.088 513.756 2611.707 14:31:29
5.108 573.854 2751.707 14:31:30
5.100 487.244 2514.146 14:31:31
5.076 549.341 2799.512 14:31:32
5.084 542.537 2801.951 14:31:33
5.092 517.341 2625.366 14:31:34
5.084 543.756 2749.268 14:31:35
5.088 516.244 2643.902 14:31:36
5.092 514.049 2622.439 14:31:37
5.080 533.659 2733.171 14:31:38
5.092 520.049 2618.049 14:31:39
5.092 563.951 2811.707 14:31:40
5.092 512.854 2611.220 14:31:41
5.088 514.854 2379.512 14:31:42
5.064 552.146 2790.732 14:31:43
5.088 512.854 2610.244 14:31:44
5.076 547.537 2791.707 14:31:45
5.088 515.951 2623.902 14:31:46
5.112 466.244 2379.512 14:31:47
5.092 512.561 2606.341 14:31:48
5.092 512.561 2612.683 14:31:49
5.092 513.049 2607.805 14:31:50
5.108 467.244 2387.317 14:31:51
5.100 465.366 2375.122 14:31:52
5.092 511.561 2610.244 14:31:53
5.100 500.561 2382.439 14:31:54
5.108 465.854 2379.512 14:31:55
5.108 465.366 2379.512 14:31:56
5.092 512.854 2612.683 14:31:57
5.108 465.854 2437.073 14:31:58
5.108 465.049 2380.976 14:31:59
5.108 464.146 2373.659 14:32:00
5.016 725.927 3655.122 14:32:01
5.076 552.854 2804.390 14:32:02
5.076 550.146 2790.244 14:32:03
