5.016 722.537 3636.585 12:33:44
5.024 709.927 3555.610 12:33:45
5.080 551.951 2801.951 12:33:46
5.076 549.756 2786.829 12:33:47
5.104 491.146 2419.512 12:33:48
5.116 438.756 2255.610 12:33:49
5.136 389.659 2019.512 12:33:50
5.104 464.951 2369.756 12:33:51
5.108 465.561 2372.195 12:33:52
5.108 469.049 2382.439 12:33:53
5.108 465.049 2388.293 12:33:54
5.104 465.244 2413.659 12:33:55
5.108 465.049 2377.073 12:33:56
5.108 465.049 2378.537 12:33:57
5.108 464.854 2374.634 12:33:58
5.108 466.756 2373.659 12:33:59
5.108 465.244 2373.659 12:34:00
5.088 512.439 2607.805 12:34:01
5.108 464.756 2369.756 12:34:02
5.108 464.854 2371.220 12:34:03
5.108 466.244 2373.659 12:34:04
5.112 465.049 2374.634 12:34:05
5.104 464.561 2371.220 12:34:06
5.108 464.463 2369.756 12:34:07
5.108 465.366 2377.073 12:34:08
5.100 491.659 2520.976 12:34:09
5.108 465.659 2378.537 12:34:10
5.108 465.756 2379.512 12:34:11
5.136 388.463 1996.585 12:34:12
5.092 516.244 2620.000 12:34:13
5.092 516.439 2622.439 12:34:14
5.108 467.366 2419.512 12:34:15
5.092 513.049 2611.707 12:34:16
5.104 498.341 2413.659 12:34:17
5.108 465.366 2378.537 12:34:18
5.088 513.341 2625.366 12:34:19
5.088 511.854 2614.146 12:34:20
5.108 467.146 2411.220 12:34:21
5.108 466.854 2382.439 12:34:22
5.092 518.561 2627.805 12:34:23
5.108 464.049 2377.561 12:34:24
5.108 465.659 2402.439 12:34:25
5.104 465.951 2378.537 12:34:26
5.108 465.561 2392.195 12:34:27
5.108 471.366 2389.756 12:34:28
5.108 469.244 2403.902 12:34:29
5.108 466.756 2383.902 12:34:30
5.120 438.366 2244.878 12:34:31
5.088 516.854 2632.683 12:34:32
5.108 475.366 2406.341 12:34:33
5.076 549.146 2786.829 12:34:34
5.080 551.537 2800.488 12:34:35
