5.016 728.732 3641.463 12:29:54
5.028 675.146 3466.341 12:29:55
5.076 549.854 2789.268 12:29:56
5.080 551.439 2806.829 12:29:57
5.104 474.146 2419.512 12:29:58
5.136 390.073 2000.488 12:29:59
5.108 465.854 2402.439 12:30:00
5.088 511.951 2608.780 12:30:01
5.092 508.659 2556.585 12:30:02
5.068 596.146 3003.415 12:30:03
5.076 551.951 2737.561 12:30:04
5.088 513.659 2636.585 12:30:05
5.104 465.366 2378.537 12:30:06
5.108 463.756 2369.756 12:30:07
5.108 465.049 2372.683 12:30:08
5.108 465.244 2391.220 12:30:09
5.108 465.561 2401.463 12:30:10
5.088 516.341 2393.659 12:30:11
5.092 522.854 2616.098 12:30:12
5.088 514.146 2616.098 12:30:13
5.096 505.951 2559.024 12:30:14
5.088 519.854 2861.463 12:30:15
5.092 514.854 2618.049 12:30:16
5.088 513.854 2614.146 12:30:17
5.108 466.854 2381.951 12:30:18
5.108 466.366 2379.512 12:30:19
5.108 466.854 2397.073 12:30:20
5.104 466.854 2380.976 12:30:21
5.108 465.366 2372.195 12:30:22
5.088 514.244 2612.683 12:30:23
5.092 514.659 2603.902 12:30:24
5.076 549.756 2800.488 12:30:25
5.108 467.561 2387.317 12:30:26
5.108 467.951 2386.341 12:30:27
5.108 466.049 2379.512 12:30:28
5.092 525.244 2613.659 12:30:29
5.108 474.049 2432.683 12:30:30
5.092 514.244 2608.780 12:30:31
5.088 515.146 2620.488 12:30:32
5.108 471.951 2383.902 12:30:33
5.104 469.561 2379.512 12:30:34
5.108 463.366 2376.098 12:30:35
5.080 547.854 2785.366 12:30:36
5.108 466.244 2371.220 12:30:37
5.016 729.439 3659.024 12:30:38
5.076 550.341 2799.512 12:30:39
5.076 554.756 2795.610 12:30:40
