5.016 732.341 3673.171 13:04:09
4.980 855.707 4233.171 13:04:10
5.076 556.439 2811.707 13:04:11
5.076 556.146 2821.463 13:04:12
5.104 477.659 2451.707 13:04:13
5.128 393.951 2035.122 13:04:14
5.104 466.537 2396.098 13:04:15
5.104 465.463 2380.488 13:04:16
5.108 466.732 2381.463 13:04:17
5.104 466.976 2381.463 13:04:18
5.108 465.951 2385.366 13:04:19
5.108 466.341 2383.415 13:04:20
5.108 465.756 2398.049 13:04:21
5.088 513.268 2611.707 13:04:22
5.084 537.268 2726.829 13:04:23
5.088 516.829 2626.341 13:04:24
5.088 514.049 2618.537 13:04:25
5.080 544.146 2771.707 13:04:26
5.104 466.878 2380.488 13:04:27
5.072 559.756 2896.585 13:04:28
5.088 516.439 2637.073 13:04:29
5.100 487.366 2486.829 13:04:30
5.088 498.829 2533.659 13:04:31
5.092 514.927 2619.512 13:04:32
5.088 517.171 2636.098 13:04:33
5.108 465.366 2375.610 13:04:34
5.064 521.268 2629.268 13:04:35
5.104 465.854 2391.220 13:04:36
5.092 516.829 2629.268 13:04:37
5.104 466.634 2386.341 13:04:38
5.088 514.732 2616.585 13:04:39
5.088 512.829 2603.902 13:04:40
5.108 466.341 2376.585 13:04:41
5.108 466.146 2380.488 13:04:42
5.108 465.756 2378.537 13:04:43
5.108 467.951 2375.610 13:04:44
5.108 465.561 2383.415 13:04:45
5.092 514.146 2616.585 13:04:46
5.092 514.537 2624.390 13:04:47
5.092 515.171 2621.463 13:04:48
5.084 545.561 2769.756 13:04:49
5.108 465.659 2380.488 13:04:50
5.104 465.659 2386.341 13:04:51
5.108 465.756 2375.610 13:04:52
5.088 516.049 2629.268 13:04:53
5.108 467.951 2376.585 13:04:54
5.108 464.732 2385.366 13:04:55
5.104 463.951 2388.293 13:04:56
5.104 465.463 2381.463 13:04:57
5.080 566.634 2734.634 13:04:58
5.092 515.268 2611.707 13:04:59
5.108 468.634 2388.293 13:05:00
5.108 464.976 2386.341 13:05:01
5.104 466.439 2380.488 13:05:02
5.108 467.756 2388.293 13:05:03
5.108 466.439 2375.610 13:05:04
5.108 466.439 2394.146 13:05:05
5.076 552.146 2819.512 13:05:06
5.076 555.171 2799.024 13:05:08
5.076 549.756 2792.195 13:05:09
