5.076 556.756 2789.268 14:28:39
5.028 693.341 3449.268 14:28:40
5.080 552.854 2806.829 14:28:41
5.084 551.756 2791.707 14:28:42
5.104 473.951 2426.341 14:28:43
5.108 466.146 2386.341 14:28:44
5.108 466.659 2377.073 14:28:45
5.132 391.268 2005.854 14:28:46
5.104 465.561 2377.073 14:28:47
5.108 467.659 2393.659 14:28:48
5.088 512.951 2616.098 14:28:49
5.108 464.659 2377.561 14:28:50
5.104 465.049 2386.341 14:28:51
5.108 467.244 2383.902 14:28:52
5.072 553.537 2850.244 14:28:53
5.088 516.659 2640.488 14:28:54
5.088 512.756 2611.707 14:28:55
5.092 515.244 2625.366 14:28:56
5.076 568.634 2648.780 14:28:57
5.092 515.146 2695.122 14:28:58
5.088 514.049 2626.341 14:28:59
5.104 467.244 2389.756 14:29:00
5.104 511.854 2629.268 14:29:01
5.108 467.463 2382.439 14:29:02
5.104 467.756 2392.195 14:29:03
5.092 514.049 2627.317 14:29:04
5.108 465.561 2378.537 14:29:05
5.092 520.049 2634.146 14:29:06
5.072 540.146 2811.707 14:29:07
5.092 513.341 2646.341 14:29:08
5.068 575.537 2939.512 14:29:09
5.104 465.951 2380.976 14:29:10
5.092 512.146 2612.683 14:29:12
5.092 519.146 2626.341 14:29:13
5.108 470.951 2393.659 14:29:14
5.108 465.463 2409.756 14:29:15
5.092 516.561 2627.805 14:29:16
5.108 465.366 2381.951 14:29:17
5.072 563.537 2819.512 14:29:18
5.108 468.951 2388.293 14:29:19
5.092 514.659 2607.317 14:29:20
5.108 467.561 2380.000 14:29:21
5.088 522.659 2660.000 14:29:22
5.092 465.463 2379.512 14:29:23
5.092 517.049 2607.317 14:29:24
5.084 514.244 2619.024 14:29:25
5.104 465.463 2379.512 14:29:26
5.088 523.659 2625.366 14:29:27
5.064 575.634 3058.049 14:29:28
5.104 465.561 2379.512 14:29:29
5.108 476.854 2435.122 14:29:30
5.088 512.756 2615.122 14:29:31
5.096 489.049 2496.585 14:29:32
5.088 514.561 2623.902 14:29:33
5.088 514.854 2616.098 14:29:34
5.092 513.756 2618.049 14:29:35
5.072 551.049 2722.927 14:29:36
5.088 517.756 2622.927 14:29:37
5.092 513.146 2625.366 14:29:38
5.092 512.341 2616.585 14:29:39
5.088 520.049 2619.024 14:29:40
5.092 513.561 2613.659 14:29:41
5.088 516.146 2622.439 14:29:42
5.108 467.854 2378.537 14:29:43
5.112 465.951 2381.951 14:29:44
5.088 518.244 2680.000 14:29:45
5.092 512.439 2611.220 14:29:46
5.092 522.146 2612.683 14:29:47
5.076 543.951 2785.366 14:29:48
5.064 517.951 2632.683 14:29:49
5.088 516.561 2628.780 14:29:50
5.108 465.951 2380.976 14:29:51
5.088 513.049 2612.683 14:29:52
5.108 464.951 2374.634 14:29:53
5.108 465.366 2372.683 14:29:54
5.104 465.951 2392.683 14:29:55
5.108 466.951 2378.537 14:29:56
5.108 465.756 2382.439 14:29:57
5.088 516.341 2635.122 14:29:58
5.108 466.463 2378.537 14:29:59
5.104 468.854 2389.756 14:30:00
5.088 513.854 2621.463 14:30:01
5.104 522.439 2664.878 14:30:02
5.108 465.463 2374.634 14:30:03
5.092 512.659 2616.098 14:30:04
5.016 731.927 3676.585 14:30:05
5.076 554.659 2813.171 14:30:06
5.076 553.537 2825.366 14:30:07
