5.020 728.634 3674.146 13:35:45
4.976 847.902 4223.415 13:35:46
5.076 551.366 2794.146 13:35:47
5.076 554.146 2806.829 13:35:48
5.080 477.561 2423.415 13:35:49
5.136 392.878 2002.927 13:35:50
5.092 512.927 2614.634 13:35:51
5.108 467.171 2391.220 13:35:52
5.092 512.732 2613.659 13:35:53
5.108 465.463 2376.585 13:35:54
5.108 466.878 2376.585 13:35:55
5.088 516.927 2611.707 13:35:56
5.092 514.634 2614.634 13:35:57
5.088 513.951 2613.659 13:35:58
5.088 515.463 2618.537 13:35:59
5.108 468.732 2376.585 13:36:00
5.088 514.439 2614.634 13:36:01
5.104 467.951 2376.585 13:36:02
5.108 465.756 2380.488 13:36:03
5.108 466.146 2375.610 13:36:04
5.084 513.073 2606.829 13:36:05
5.108 465.561 2378.537 13:36:07
5.108 467.951 2375.610 13:36:08
5.092 512.244 2619.512 13:36:09
5.108 466.634 2378.537 13:36:10
5.104 465.951 2376.585 13:36:11
5.108 466.244 2371.707 13:36:12
5.108 474.049 2400.976 13:36:13
5.108 468.976 2389.268 13:36:14
5.100 521.073 2641.951 13:36:15
5.076 545.659 2816.585 13:36:16
5.108 467.268 2434.146 13:36:17
5.080 586.439 2763.902 13:36:18
5.092 514.732 2631.220 13:36:19
5.096 512.927 2628.293 13:36:20
5.076 555.659 2763.902 13:36:21
5.088 516.049 2616.585 13:36:22
5.088 516.439 2628.293 13:36:23
5.072 542.829 2792.195 13:36:24
5.092 515.854 2608.780 13:36:25
5.092 514.049 2623.415 13:36:26
5.088 531.073 2570.732 13:36:27
5.088 515.659 2659.512 13:36:28
5.088 519.366 2636.098 13:36:29
5.108 467.366 2389.268 13:36:30
5.084 523.073 2645.854 13:36:31
5.096 489.951 2493.659 13:36:32
5.104 467.854 2383.415 13:36:33
5.084 570.341 2853.659 13:36:34
5.088 516.439 2632.195 13:36:35
5.108 469.854 2406.829 13:36:36
5.092 515.171 2629.268 13:36:37
5.096 519.073 2586.341 13:36:38
5.108 466.146 2373.659 13:36:39
5.092 514.634 2614.634 13:36:40
5.108 471.659 2400.976 13:36:41
5.108 466.878 2378.537 13:36:42
5.104 479.073 2488.780 13:36:43
5.108 465.463 2388.293 13:36:44
5.088 518.341 2613.659 13:36:45
5.092 514.634 2611.707 13:36:46
5.092 517.854 2606.829 13:36:47
5.108 464.341 2376.585 13:36:48
5.108 465.854 2388.293 13:36:49
5.084 502.976 2491.707 13:36:50
5.108 471.659 2388.293 13:36:51
5.136 389.854 2000.976 13:36:52
5.136 389.756 2012.683 13:36:53
5.104 472.976 2396.098 13:36:54
5.104 479.951 2381.463 13:36:55
5.020 739.512 3676.098 13:36:56
5.076 550.634 2821.463 13:36:57
5.076 550.049 2803.902 13:36:58
