5.016 729.829 3652.683 14:52:53
4.968 866.634 4219.512 14:52:54
5.080 550.537 2797.073 14:52:55
5.076 549.756 2794.146 14:52:56
5.104 545.268 2421.463 14:52:57
5.108 459.756 2358.049 14:52:58
5.092 500.829 2556.098 14:52:59
5.108 465.756 2383.415 14:53:00
5.088 513.561 2618.537 14:53:01
5.108 466.244 2399.024 14:53:02
5.108 471.463 2402.927 14:53:03
5.104 466.244 2388.293 14:53:04
5.108 465.561 2383.415 14:53:05
5.108 465.366 2376.585 14:53:06
5.092 512.146 2608.780 14:53:07
5.108 467.951 2378.537 14:53:08
5.088 518.146 2631.220 14:53:09
5.056 609.024 3000.000 14:53:10
5.088 517.366 2629.268 14:53:11
5.088 513.854 2613.659 14:53:12
5.092 513.268 2613.659 14:53:13
5.112 465.659 2385.366 14:53:14
5.092 516.244 2626.341 14:53:15
5.088 512.537 2605.854 14:53:16
5.104 465.073 2376.585 14:53:17
5.092 514.244 2626.341 14:53:18
5.092 512.341 2606.829 14:53:19
5.092 513.659 2636.098 14:53:20
5.076 547.756 2779.512 14:53:21
5.088 511.366 2605.854 14:53:22
5.088 516.439 2614.634 14:53:23
5.108 467.951 2376.585 14:53:24
5.092 511.659 2611.707 14:53:25
5.080 556.634 2902.439 14:53:26
5.092 517.073 2623.415 14:53:27
5.088 511.561 2606.829 14:53:28
5.100 492.146 2506.341 14:53:29
5.076 547.756 2733.659 14:53:30
5.088 518.537 2601.951 14:53:31
5.088 554.732 2869.268 14:53:32
5.088 516.341 2623.415 14:53:33
5.072 577.268 2664.390 14:53:34
5.076 561.463 2769.756 14:53:35
5.092 514.927 2672.195 14:53:36
5.068 555.024 2859.512 14:53:37
5.076 516.049 2623.415 14:53:38
5.076 565.122 2979.512 14:53:39
5.076 547.268 2792.195 14:53:40
5.092 513.659 2621.463 14:53:41
5.084 550.439 2848.780 14:53:42
5.080 548.732 2784.390 14:53:43
5.088 516.439 2623.415 14:53:44
5.108 466.146 2378.537 14:53:45
5.092 511.951 2618.537 14:53:46
5.080 540.829 2902.439 14:53:47
5.108 474.976 2438.049 14:53:48
5.084 534.146 2726.829 14:53:49
5.088 517.073 2629.268 14:53:50
5.092 513.756 2618.537 14:53:51
5.092 513.268 2611.707 14:53:52
5.072 548.049 2761.951 14:53:53
5.064 580.439 2934.634 14:53:54
5.088 516.829 2634.146 14:53:55
5.092 513.854 2606.829 14:53:56
5.104 466.049 2393.171 14:53:57
5.080 548.829 2794.146 14:53:58
5.072 515.659 2619.512 14:53:59
5.088 511.463 2719.024 14:54:00
5.092 518.634 2629.268 14:54:01
5.088 515.951 2611.707 14:54:02
5.112 464.537 2371.707 14:54:03
5.092 515.073 2616.585 14:54:04
5.096 504.146 2553.171 14:54:05
5.108 465.073 2373.659 14:54:06
5.108 465.171 2385.366 14:54:07
5.092 516.829 2606.829 14:54:08
5.108 467.073 2380.488 14:54:09
5.072 569.951 2862.439 14:54:10
5.088 513.854 2618.537 14:54:11
5.092 514.634 2640.976 14:54:12
5.092 513.854 2614.634 14:54:13
5.092 593.024 2832.195 14:54:14
5.108 467.756 2380.488 14:54:15
5.088 502.634 2556.098 14:54:16
5.108 465.171 2396.098 14:54:17
5.092 516.537 2611.707 14:54:18
5.104 464.634 2373.659 14:54:19
5.088 512.732 2603.902 14:54:20
5.108 466.244 2383.415 14:54:21
5.108 465.756 2380.488 14:54:22
5.092 513.659 2606.829 14:54:23
5.092 511.854 2605.854 14:54:24
5.104 465.659 2378.537 14:54:25
5.108 465.171 2378.537 14:54:26
5.096 500.732 2553.171 14:54:27
5.064 594.341 3014.634 14:54:28
5.092 512.732 2613.659 14:54:29
5.084 523.561 2668.293 14:54:30
