5.076 547.341 2781.951 12:24:45
5.036 684.244 3388.780 12:24:46
5.068 661.732 3694.634 12:24:47
5.080 547.439 2783.902 12:24:48
5.080 552.439 2787.805 12:24:49
5.072 563.439 2865.366 12:24:50
5.108 477.756 2594.146 12:24:51
5.112 462.244 2357.561 12:24:52
5.108 462.951 2362.439 12:24:53
5.104 462.854 2378.537 12:24:54
5.088 509.854 2597.561 12:24:55
5.108 463.244 2357.561 12:24:56
5.092 511.341 2602.927 12:24:57
5.096 499.659 2535.122 12:24:58
5.108 462.561 2376.098 12:24:59
5.092 508.854 2595.122 12:25:00
5.104 494.244 2392.683 12:25:01
5.108 461.244 2359.512 12:25:02
5.092 529.146 2611.220 12:25:03
5.108 462.366 2372.195 12:25:04
5.108 462.244 2368.780 12:25:05
5.104 463.659 2362.439 12:25:06
5.108 461.854 2373.659 12:25:07
5.100 487.659 2500.000 12:25:08
5.096 497.463 2540.000 12:25:09
5.108 462.366 2369.756 12:25:10
5.092 509.561 2594.146 12:25:11
5.108 466.756 2388.293 12:25:12
5.104 462.854 2359.512 12:25:13
5.108 462.146 2367.317 12:25:14
5.084 551.049 2733.171 12:25:15
5.096 510.049 2591.707 12:25:16
5.108 462.463 2373.659 12:25:17
5.092 513.561 2606.341 12:25:18
5.108 461.659 2362.439 12:25:19
5.096 501.659 2549.756 12:25:20
5.108 462.561 2357.561 12:25:21
5.092 510.756 2601.463 12:25:22
5.108 462.049 2360.976 12:25:23
5.108 461.854 2361.951 12:25:24
5.108 463.463 2362.439 12:25:25
5.108 462.854 2363.415 12:25:26
5.104 462.244 2376.098 12:25:27
5.108 462.756 2362.439 12:25:28
5.108 464.366 2375.122 12:25:29
5.116 440.463 2236.098 12:25:30
5.104 472.146 2489.756 12:25:31
5.032 690.024 3464.878 12:25:33
5.032 695.439 3432.683 12:25:34
5.080 568.244 2884.390 12:25:35
