5.012 731.024 3656.585 13:02:42
5.024 697.537 3446.341 13:02:43
5.076 550.659 2817.073 13:02:44
5.076 552.951 2803.902 13:02:45
5.076 553.659 2811.707 13:02:46
5.136 390.268 2008.293 13:02:47
5.104 468.366 2392.683 13:02:48
5.108 470.146 2390.732 13:02:49
5.104 469.854 2386.341 13:02:50
5.104 467.463 2387.317 13:02:51
5.104 467.366 2387.317 13:02:52
5.088 545.146 2622.439 13:02:53
5.104 468.244 2389.756 13:02:54
5.088 518.146 2631.220 13:02:55
5.108 467.756 2386.341 13:02:56
5.104 469.561 2392.683 13:02:57
5.108 468.463 2389.756 13:02:58
5.104 469.463 2395.122 13:02:59
5.088 515.659 2607.317 13:03:00
5.088 517.756 2625.366 13:03:01
5.084 517.049 2639.024 13:03:02
5.092 511.951 2618.049 13:03:03
5.092 516.244 2633.659 13:03:04
5.088 519.561 2626.341 13:03:05
5.108 469.756 2387.317 13:03:06
5.092 518.854 2654.146 13:03:07
5.088 514.951 2620.000 13:03:08
5.092 514.951 2617.561 13:03:09
5.104 472.146 2390.732 13:03:10
5.088 522.756 2627.805 13:03:11
5.088 517.659 2646.341 13:03:12
5.108 465.561 2377.561 13:03:13
5.076 552.854 2736.585 13:03:14
5.092 520.049 2631.220 13:03:15
5.092 514.341 2620.000 13:03:16
5.088 514.146 2707.805 13:03:17
5.108 469.659 2379.512 13:03:18
5.104 466.244 2376.098 13:03:19
5.084 516.439 2635.122 13:03:20
5.092 515.244 2630.244 13:03:21
5.088 515.341 2620.488 13:03:22
5.108 465.463 2381.951 13:03:23
5.108 466.854 2378.537 13:03:24
5.092 513.146 2616.585 13:03:25
5.108 465.561 2381.951 13:03:26
5.100 505.854 2407.317 13:03:27
5.108 465.366 2378.537 13:03:28
5.104 477.854 2445.854 13:03:29
5.108 464.659 2376.098 13:03:30
5.112 441.049 2248.293 13:03:31
5.108 467.146 2390.732 13:03:32
5.104 472.146 2407.317 13:03:33
5.108 467.659 2397.561 13:03:34
5.108 465.366 2388.293 13:03:35
5.104 468.049 2383.902 13:03:36
5.108 464.854 2371.220 13:03:37
5.108 466.756 2388.780 13:03:38
5.016 553.341 2808.293 13:03:39
5.080 551.439 2788.293 13:03:40
5.076 557.951 2874.146 13:03:41
