5.076 553.439 2809.268 13:19:24
5.076 566.244 2892.195 13:19:25
5.076 550.951 2806.341 13:19:26
5.072 552.049 2795.122 13:19:27
5.104 474.756 2427.317 13:19:28
5.116 441.561 2315.610 13:19:29
5.124 431.756 2202.927 13:19:30
5.104 448.049 2253.171 13:19:31
5.116 444.756 2278.049 13:19:32
5.108 468.756 2389.756 13:19:33
5.104 466.561 2397.561 13:19:34
5.104 467.463 2380.000 13:19:35
5.108 467.756 2391.220 13:19:36
5.088 516.659 2616.585 13:19:37
5.108 472.951 2436.098 13:19:38
5.092 512.951 2622.927 13:19:39
5.108 465.659 2383.415 13:19:40
5.108 524.659 2379.512 13:19:41
5.092 497.341 2574.146 13:19:42
5.088 540.439 2881.463 13:19:43
5.104 475.756 2390.732 13:19:44
5.092 513.561 2608.780 13:19:45
5.092 513.439 2884.390 13:19:46
5.088 512.951 2607.317 13:19:47
5.092 516.049 2530.244 13:19:48
5.108 465.561 2382.439 13:19:49
5.080 558.049 2800.488 13:19:50
5.088 517.341 2631.220 13:19:51
5.076 554.244 2868.293 13:19:52
5.108 467.561 2608.780 13:19:53
5.096 488.951 2483.415 13:19:54
5.092 512.659 2604.878 13:19:55
5.104 466.244 2439.024 13:19:56
5.108 465.854 2379.512 13:19:57
5.076 560.659 2829.268 13:19:58
5.088 514.561 2872.683 13:19:59
5.092 516.439 2634.146 13:20:00
5.072 572.951 2633.659 13:20:01
5.088 516.049 2633.659 13:20:02
5.080 575.146 2831.707 13:20:03
5.088 515.951 2617.561 13:20:04
5.108 466.049 2389.756 13:20:05
5.104 465.854 2451.220 13:20:06
5.088 514.561 2616.585 13:20:07
5.088 514.439 2609.268 13:20:08
5.104 465.561 2392.195 13:20:09
5.088 512.244 2620.000 13:20:10
5.088 515.756 2625.366 13:20:11
5.108 466.366 2380.000 13:20:12
5.092 512.439 2605.366 13:20:13
5.108 466.049 2380.976 13:20:14
5.080 542.756 2796.585 13:20:15
5.092 512.341 2606.341 13:20:16
5.092 515.439 2620.000 13:20:17
5.092 513.146 2605.366 13:20:18
5.092 514.341 2613.659 13:20:19
5.084 550.341 2782.927 13:20:20
5.104 466.463 2375.122 13:20:21
5.108 466.561 2380.976 13:20:22
5.108 465.951 2383.415 13:20:23
5.132 390.268 2001.463 13:20:24
5.108 466.049 2384.878 13:20:25
5.104 465.951 2380.976 13:20:26
4.964 799.195 3659.512 13:20:27
5.076 553.049 2821.463 13:20:28
