5.076 559.146 2829.268 13:30:54
5.020 707.341 3509.268 13:30:55
5.068 567.146 2796.585 13:30:56
5.076 552.341 2840.488 13:30:57
5.072 571.634 2865.366 13:30:58
5.132 390.756 2005.366 13:30:59
5.084 537.049 2710.244 13:31:00
5.104 504.659 2484.878 13:31:01
5.080 578.244 2913.171 13:31:02
5.108 466.244 2400.976 13:31:03
5.088 516.756 2627.317 13:31:04
5.104 488.561 2477.561 13:31:05
5.108 474.244 2390.732 13:31:06
5.092 514.439 2623.902 13:31:07
5.104 512.951 2642.439 13:31:08
5.088 516.659 2627.805 13:31:09
5.088 518.561 2629.268 13:31:10
5.076 549.537 2766.829 13:31:11
5.088 525.561 2659.024 13:31:12
5.096 504.463 2562.439 13:31:13
5.088 516.341 2736.585 13:31:14
5.104 466.659 2397.561 13:31:15
5.088 515.244 2622.439 13:31:16
5.092 515.561 2681.463 13:31:17
5.088 539.049 2617.561 13:31:18
5.080 515.244 2620.000 13:31:20
5.092 514.341 2631.220 13:31:21
5.080 533.951 2755.610 13:31:22
5.080 538.756 2718.049 13:31:23
5.092 516.049 2622.439 13:31:24
5.076 555.049 2806.341 13:31:25
5.088 519.561 2591.707 13:31:26
5.088 515.439 2622.439 13:31:27
5.108 467.561 2399.512 13:31:28
5.092 513.951 2616.098 13:31:29
5.000 514.854 2575.122 13:31:30
5.088 515.756 2623.902 13:31:31
5.076 514.341 2636.098 13:31:32
5.076 566.146 2823.902 13:31:33
5.088 516.244 2636.098 13:31:34
5.060 540.146 2761.951 13:31:35
5.092 501.244 2556.585 13:31:36
5.092 512.341 2607.317 13:31:37
5.084 513.854 2612.683 13:31:38
5.092 514.341 2625.366 13:31:39
5.084 510.951 2759.512 13:31:40
5.092 513.049 2610.244 13:31:41
5.092 514.561 2620.000 13:31:42
5.092 513.244 2607.317 13:31:43
5.104 469.463 2507.805 13:31:44
5.080 581.634 2787.805 13:31:45
5.092 513.049 2616.098 13:31:46
5.076 553.146 2797.073 13:31:47
5.092 514.951 2617.561 13:31:48
5.088 514.244 2627.805 13:31:49
5.100 472.049 2390.732 13:31:50
5.092 515.561 2586.341 13:31:51
5.108 466.049 2384.878 13:31:52
5.108 465.951 2419.512 13:31:53
5.088 513.146 2611.707 13:31:54
5.108 467.366 2378.537 13:31:55
5.092 515.439 2660.000 13:31:56
5.108 471.049 2380.976 13:31:57
5.096 500.463 2548.780 13:31:58
5.092 515.951 2626.341 13:31:59
5.088 519.561 2626.341 13:32:00
5.092 512.439 2625.366 13:32:01
5.108 465.049 2379.512 13:32:02
5.016 729.024 3690.244 13:32:03
5.080 552.341 2803.902 13:32:04
