5.076 562.951 2808.293 12:51:11
5.004 739.829 3772.195 12:51:12
5.076 553.244 2810.244 12:51:13
5.076 552.341 2794.146 12:51:14
5.104 474.244 2437.073 12:51:15
5.132 391.561 2001.951 12:51:16
5.112 465.366 2381.951 12:51:17
5.104 466.366 2384.878 12:51:18
5.108 465.463 2380.976 12:51:19
5.104 476.146 2651.707 12:51:20
5.108 465.756 2382.439 12:51:21
5.108 466.463 2381.951 12:51:22
5.076 546.341 2866.829 12:51:23
5.108 466.244 2385.854 12:51:24
5.108 465.756 2376.098 12:51:25
5.108 465.854 2380.976 12:51:26
5.108 465.244 2380.000 12:51:27
5.108 466.463 2380.000 12:51:28
5.104 512.049 2440.976 12:51:29
5.100 489.854 2496.098 12:51:30
5.092 524.049 2611.707 12:51:31
5.064 571.341 2781.951 12:51:32
5.104 473.561 2411.220 12:51:33
5.088 513.756 2605.366 12:51:34
5.108 465.854 2380.000 12:51:35
5.072 586.439 2987.317 12:51:36
5.108 467.049 2383.902 12:51:37
5.108 465.049 2372.195 12:51:38
5.108 466.049 2374.634 12:51:39
5.108 466.146 2387.317 12:51:40
5.092 511.146 2623.902 12:51:41
5.088 514.244 2616.098 12:51:42
5.108 467.244 2390.732 12:51:43
5.108 465.244 2383.415 12:51:44
5.084 585.634 2666.341 12:51:45
5.088 512.659 2611.707 12:51:46
5.084 539.439 2835.122 12:51:47
5.088 513.854 2620.000 12:51:48
5.108 466.244 2377.561 12:51:49
5.076 541.341 2806.341 12:51:50
5.104 466.756 2379.512 12:51:51
5.084 542.049 2388.293 12:51:52
5.112 465.854 2378.537 12:51:53
5.108 464.854 2377.561 12:51:54
5.092 521.439 2639.024 12:51:55
5.092 498.146 2377.561 12:51:56
5.092 513.561 2610.244 12:51:57
5.088 514.854 2616.585 12:51:58
5.104 467.146 2377.561 12:51:59
5.092 511.659 2611.220 12:52:00
5.108 467.659 2372.683 12:52:01
5.092 512.951 2605.366 12:52:02
5.108 464.854 2372.683 12:52:03
5.080 560.756 2859.024 12:52:04
5.104 466.756 2378.537 12:52:05
5.088 513.146 2611.220 12:52:06
5.076 551.537 2801.463 12:52:07
5.076 551.951 2803.902 12:52:08
