5.076 558.854 2809.268 14:48:54
5.024 702.244 3477.561 14:48:55
5.076 552.146 2802.927 14:48:56
5.076 553.537 2810.244 14:48:57
5.080 550.951 2787.805 14:48:58
5.108 465.244 2373.659 14:48:59
5.136 392.854 2001.463 14:49:00
5.092 511.756 2608.780 14:49:01
5.112 467.146 2375.122 14:49:02
5.096 488.756 2532.683 14:49:03
5.108 466.463 2378.537 14:49:04
5.092 515.341 2620.000 14:49:05
5.084 511.659 2611.220 14:49:06
5.072 515.049 2627.317 14:49:07
5.108 465.146 2384.878 14:49:08
5.104 465.146 2380.000 14:49:09
5.092 513.854 2613.659 14:49:10
5.108 465.854 2380.976 14:49:11
5.092 513.756 2607.317 14:49:12
5.084 535.049 2755.122 14:49:13
5.092 512.341 2625.366 14:49:14
5.068 558.146 2784.390 14:49:15
5.072 565.244 2925.366 14:49:16
5.092 516.561 2620.000 14:49:17
5.108 465.951 2381.951 14:49:18
5.108 465.951 2392.195 14:49:19
5.092 536.951 2628.780 14:49:20
5.108 466.049 2376.098 14:49:21
5.072 539.659 2741.951 14:49:22
5.088 517.049 2622.439 14:49:23
5.108 467.146 2372.683 14:49:24
5.092 554.146 2618.049 14:49:25
5.108 464.951 2426.341 14:49:26
5.092 512.439 2603.902 14:49:27
5.092 512.146 2604.878 14:49:28
5.100 489.951 2493.659 14:49:29
5.100 663.927 2440.000 14:49:30
5.116 441.366 2250.732 14:49:31
5.088 522.659 2655.610 14:49:32
5.092 516.341 2624.878 14:49:33
5.080 564.146 2766.829 14:49:34
5.068 515.561 2648.780 14:49:35
5.072 579.634 2899.512 14:49:36
5.076 552.951 2900.488 14:49:37
5.076 514.756 2623.902 14:49:38
5.092 515.244 2627.317 14:49:39
5.108 465.463 2432.195 14:49:40
5.092 514.049 2623.902 14:49:41
5.080 540.951 2712.683 14:49:42
5.092 512.951 2616.585 14:49:43
5.088 516.146 2620.000 14:49:44
5.096 511.244 2562.439 14:49:45
5.088 579.341 2842.927 14:49:46
5.092 525.244 2620.488 14:49:47
5.092 511.756 2614.146 14:49:48
5.092 513.854 2612.683 14:49:49
5.092 515.659 2620.488 14:49:50
5.080 548.659 2871.707 14:49:51
5.088 514.341 2615.122 14:49:52
5.076 539.049 2746.829 14:49:53
5.092 514.341 2904.390 14:49:54
5.092 515.244 2629.268 14:49:55
5.092 514.951 2603.902 14:49:56
5.080 541.341 2731.220 14:49:57
5.076 557.854 2769.268 14:49:58
5.068 546.146 2748.780 14:49:59
5.092 513.561 2611.707 14:50:00
5.088 517.951 2638.049 14:50:01
5.092 516.659 2608.780 14:50:02
5.088 513.561 2620.000 14:50:03
5.092 494.659 2573.659 14:50:04
5.084 515.146 2618.049 14:50:05
5.084 563.146 2786.829 14:50:06
5.092 513.951 2616.585 14:50:07
5.088 514.341 2620.000 14:50:08
5.104 465.463 2377.073 14:50:09
5.104 466.561 2398.537 14:50:10
5.104 465.659 2379.512 14:50:11
5.092 513.146 2614.146 14:50:12
5.092 512.951 2602.439 14:50:13
5.108 468.561 2377.073 14:50:14
5.100 492.146 2561.463 14:50:15
5.108 464.951 2386.341 14:50:16
5.088 540.756 2874.634 14:50:17
5.108 465.463 2376.098 14:50:18
5.092 514.341 2605.366 14:50:19
5.088 512.146 2600.488 14:50:20
5.092 514.659 2622.439 14:50:21
5.092 512.049 2603.902 14:50:22
5.092 514.439 2605.366 14:50:23
5.108 465.146 2376.098 14:50:24
5.108 465.561 2376.098 14:50:25
5.080 551.756 2797.073 14:50:26
5.080 550.244 2795.122 14:50:27
5.076 551.756 2799.024 14:50:28
