5.076 559.951 2844.390 14:55:03
5.032 691.829 3503.902 14:55:04
5.076 550.439 2810.732 14:55:05
5.076 553.049 2822.927 14:55:06
5.108 479.561 2791.707 14:55:07
5.120 438.854 2246.829 14:55:08
5.104 468.244 2389.756 14:55:09
5.104 468.366 2389.756 14:55:10
5.092 516.854 2629.268 14:55:11
5.108 466.049 2387.317 14:55:12
5.088 512.951 2611.707 14:55:13
5.092 518.561 2635.122 14:55:14
5.108 470.561 2383.902 14:55:15
5.108 465.561 2380.976 14:55:16
5.108 465.756 2386.341 14:55:17
5.104 465.463 2386.341 14:55:18
5.092 512.659 2650.244 14:55:19
5.104 468.659 2380.000 14:55:20
5.092 514.561 2614.146 14:55:21
5.088 465.756 2374.634 14:55:22
5.088 518.439 2637.561 14:55:23
5.088 513.854 2625.366 14:55:24
5.076 517.951 2625.366 14:55:25
5.080 553.146 2772.683 14:55:26
5.076 549.341 2778.049 14:55:27
5.092 517.146 2630.244 14:55:28
5.096 489.561 2496.098 14:55:29
5.092 517.244 2534.146 14:55:30
5.116 439.854 2261.951 14:55:31
5.112 441.659 2263.415 14:55:32
5.092 514.561 2627.805 14:55:33
5.108 472.756 2383.902 14:55:34
5.108 468.146 2374.634 14:55:35
5.092 512.049 2621.463 14:55:36
5.096 498.659 2574.146 14:55:37
5.088 512.951 2601.463 14:55:38
5.096 520.439 2629.268 14:55:39
5.088 522.561 2623.902 14:55:40
5.088 514.561 2616.098 14:55:41
5.088 518.659 2628.780 14:55:42
5.092 514.146 2612.683 14:55:43
5.092 566.756 2854.146 14:55:44
5.080 546.756 2868.293 14:55:45
5.088 513.439 2602.927 14:55:46
5.072 573.439 2877.073 14:55:47
5.084 529.244 2701.463 14:55:48
5.092 515.244 2622.439 14:55:49
5.088 516.244 2635.122 14:55:50
5.072 520.244 2621.463 14:55:51
5.072 569.049 2850.244 14:55:52
5.076 573.439 2916.585 14:55:53
5.088 514.854 2607.317 14:55:54
5.088 514.756 2604.878 14:55:55
5.084 535.439 2760.488 14:55:56
5.088 515.049 2664.878 14:55:57
5.092 513.951 2612.683 14:55:58
5.092 515.854 2608.780 14:55:59
5.092 515.659 2629.268 14:56:00
5.068 585.634 2645.366 14:56:01
5.088 516.756 2627.805 14:56:02
5.104 468.366 2389.756 14:56:03
5.088 507.244 2542.439 14:56:04
5.092 517.244 2620.000 14:56:05
5.088 514.341 2616.585 14:56:06
5.092 515.439 2634.146 14:56:07
5.088 517.854 2633.659 14:56:08
5.108 469.049 2375.122 14:56:09
5.088 516.049 2632.683 14:56:10
5.092 519.341 2640.000 14:56:11
5.088 521.561 2726.829 14:56:12
5.104 467.854 2385.854 14:56:13
5.088 497.463 2544.878 14:56:14
5.076 518.146 2702.927 14:56:15
5.092 516.146 2596.585 14:56:16
5.080 548.439 2720.000 14:56:17
5.084 533.854 2719.024 14:56:18
5.068 587.146 2644.878 14:56:19
5.084 530.854 2709.268 14:56:20
5.092 512.951 2610.244 14:56:21
5.092 518.756 2706.829 14:56:22
5.092 513.244 2608.780 14:56:23
5.100 467.463 2388.293 14:56:24
5.072 561.951 2740.488 14:56:25
5.092 512.439 2621.463 14:56:26
5.108 467.756 2385.854 14:56:27
5.108 467.366 2388.780 14:56:28
5.120 437.951 2182.927 14:56:29
5.120 442.951 2265.854 14:56:30
5.092 526.756 2841.463 14:56:31
5.088 583.146 2966.829 14:56:32
5.088 514.244 2616.585 14:56:33
5.108 470.146 2387.317 14:56:34
5.108 469.854 2393.659 14:56:35
5.108 466.756 2383.902 14:56:36
5.108 466.854 2391.220 14:56:37
5.100 492.049 2621.463 14:56:38
5.108 465.244 2377.561 14:56:39
5.108 464.854 2378.537 14:56:40
5.108 467.146 2385.854 14:56:41
5.016 734.537 3653.171 14:56:42
5.080 551.659 2800.488 14:56:43
5.080 549.854 2788.293 14:56:44
