5.012 735.220 3681.951 13:49:40
5.024 702.122 3531.707 13:49:41
5.080 553.439 2812.683 13:49:42
5.076 553.537 2825.366 13:49:43
5.100 480.659 2448.780 13:49:44
5.116 439.049 2240.488 13:49:45
5.132 390.366 2014.146 13:49:46
5.088 514.756 2623.902 13:49:47
5.108 470.049 2384.878 13:49:48
5.108 473.049 2405.854 13:49:49
5.100 490.244 2383.415 13:49:50
5.108 465.561 2386.341 13:49:51
5.088 513.049 2620.000 13:49:52
5.104 465.561 2389.756 13:49:53
5.092 529.561 2614.146 13:49:54
5.088 517.049 2632.683 13:49:55
5.088 513.951 2609.268 13:49:56
5.108 465.146 2388.293 13:49:57
5.076 551.854 2802.927 13:49:58
5.108 465.463 2376.098 13:49:59
5.092 512.854 2610.244 13:50:00
5.108 469.463 2396.098 13:50:01
5.088 517.244 2616.585 13:50:02
5.092 516.854 2646.341 13:50:03
5.104 465.756 2376.098 13:50:04
5.088 517.439 2625.366 13:50:05
5.088 552.049 2702.439 13:50:06
5.088 513.146 2612.683 13:50:07
5.104 472.561 2392.683 13:50:08
5.092 495.463 2547.317 13:50:09
5.104 466.463 2383.902 13:50:10
5.092 507.341 2646.829 13:50:11
5.088 515.951 2631.220 13:50:12
5.092 511.659 2627.317 13:50:13
5.088 513.561 2620.000 13:50:14
5.108 466.561 2405.854 13:50:15
5.088 515.146 2635.122 13:50:16
5.088 514.951 2616.585 13:50:17
5.072 567.146 2639.024 13:50:18
5.088 516.244 2607.317 13:50:19
5.076 540.854 2864.390 13:50:20
5.088 514.756 2603.902 13:50:21
5.080 539.439 2813.171 13:50:22
5.108 465.951 2410.244 13:50:23
5.088 514.341 2628.780 13:50:24
5.080 542.341 2747.805 13:50:25
5.088 512.244 2607.317 13:50:26
5.108 473.951 2375.122 13:50:27
5.080 550.341 2765.366 13:50:28
5.104 482.951 2432.683 13:50:29
5.116 440.854 2253.171 13:50:30
5.100 489.244 2492.683 13:50:31
5.092 513.854 2635.122 13:50:33
5.088 515.659 2644.878 13:50:34
5.080 562.951 2854.146 13:50:35
5.092 512.756 2606.341 13:50:36
5.080 543.756 2748.780 13:50:37
5.092 513.756 2621.463 13:50:38
5.104 465.951 2460.000 13:50:39
5.092 514.756 2628.780 13:50:40
5.100 488.049 2512.683 13:50:41
5.092 515.951 2613.659 13:50:42
5.108 466.244 2377.561 13:50:43
5.108 474.146 2411.220 13:50:44
5.108 470.561 2377.561 13:50:45
5.108 466.049 2393.659 13:50:46
5.108 465.244 2390.732 13:50:47
5.088 512.659 2609.268 13:50:48
5.088 521.854 2648.780 13:50:49
5.092 515.244 2695.610 13:50:50
5.104 469.049 2379.512 13:50:51
5.104 469.463 2401.463 13:50:52
5.104 465.244 2393.659 13:50:53
5.108 466.244 2389.756 13:50:54
5.108 472.561 2378.537 13:50:55
5.104 465.659 2393.659 13:50:56
5.080 550.341 2809.268 13:50:57
5.080 550.659 2795.122 13:50:58
5.076 556.244 2849.268 13:50:59
