5.016 731.732 3660.488 13:40:53
5.032 693.829 3506.829 13:40:54
5.076 554.049 2850.732 13:40:55
5.076 551.756 2811.707 13:40:56
5.104 475.366 2424.878 13:40:57
5.116 439.561 2247.317 13:40:58
5.104 467.951 2384.878 13:40:59
5.108 469.561 2382.439 13:41:00
5.108 475.146 2420.976 13:41:01
5.108 465.463 2383.902 13:41:02
5.108 466.049 2380.976 13:41:03
5.108 467.463 2381.951 13:41:04
5.108 466.854 2378.537 13:41:05
5.108 468.146 2380.000 13:41:06
5.108 468.561 2387.317 13:41:07
5.092 517.854 2949.756 13:41:08
5.080 467.049 2383.902 13:41:09
5.088 514.756 2636.585 13:41:10
5.080 547.439 2895.610 13:41:11
5.088 516.854 2608.780 13:41:12
5.092 515.049 2620.488 13:41:13
5.072 543.659 2736.585 13:41:14
5.092 512.146 2616.098 13:41:15
5.076 539.146 2786.341 13:41:16
5.088 518.049 2390.732 13:41:17
5.088 512.049 2606.341 13:41:18
5.092 517.756 2638.049 13:41:19
5.080 546.659 2757.561 13:41:20
5.092 513.951 2612.683 13:41:21
5.088 517.659 2634.146 13:41:22
5.092 512.854 2619.024 13:41:23
5.108 465.049 2380.976 13:41:24
5.084 528.244 2622.439 13:41:25
5.088 514.659 2655.610 13:41:26
5.080 565.634 2751.707 13:41:27
5.092 516.049 2626.341 13:41:28
5.072 564.634 2870.732 13:41:29
5.036 513.244 2428.780 13:41:30
5.080 556.244 2646.341 13:41:31
5.072 540.439 2665.366 13:41:32
5.088 514.854 2622.439 13:41:33
5.092 512.854 2624.878 13:41:34
5.092 516.049 2619.024 13:41:35
5.092 516.561 2631.220 13:41:36
5.088 515.756 2607.805 13:41:37
5.088 525.659 2628.780 13:41:38
5.072 577.951 2910.244 13:41:39
5.092 513.341 2627.317 13:41:40
5.088 517.659 2607.805 13:41:41
5.092 513.854 2872.683 13:41:42
5.092 516.049 2616.098 13:41:43
5.068 554.854 2838.049 13:41:44
5.088 516.659 2622.439 13:41:45
5.068 547.341 2616.585 13:41:46
5.080 560.049 2869.268 13:41:47
5.108 467.049 2388.293 13:41:48
5.108 524.439 2611.707 13:41:49
5.088 514.561 2639.024 13:41:50
5.108 464.659 2376.098 13:41:51
5.108 465.244 2376.098 13:41:52
5.088 528.439 2624.878 13:41:53
5.092 515.341 2645.366 13:41:54
5.108 466.561 2396.098 13:41:55
5.092 515.659 2639.024 13:41:56
5.108 466.146 2377.073 13:41:57
5.108 466.854 2380.000 13:41:58
5.092 514.244 2602.927 13:41:59
5.092 512.341 2623.902 13:42:00
5.108 465.561 2384.878 13:42:01
5.108 464.561 2383.902 13:42:02
5.108 465.854 2377.073 13:42:03
5.104 467.659 2371.220 13:42:04
4.976 555.951 2791.220 13:42:05
5.076 550.439 2794.146 13:42:06
