5.016 719.634 3610.244 15:05:46
5.032 695.537 3566.829 15:05:47
5.076 550.951 2793.171 15:05:48
5.080 550.854 2791.707 15:05:49
5.104 474.854 2423.902 15:05:50
5.088 513.951 2607.317 15:05:51
5.108 466.244 2380.976 15:05:52
5.108 466.463 2380.976 15:05:53
5.108 465.756 2399.512 15:05:54
5.108 465.561 2374.634 15:05:55
5.080 554.146 2885.854 15:05:56
5.080 593.049 2662.439 15:05:57
5.108 466.244 2389.756 15:05:58
5.108 500.951 2551.707 15:05:59
5.092 512.951 2614.146 15:06:00
5.108 465.756 2372.683 15:06:01
5.108 466.756 2380.000 15:06:02
5.092 517.049 2629.268 15:06:03
5.088 518.244 2632.683 15:06:04
5.088 517.244 2627.317 15:06:05
5.104 467.146 2418.537 15:06:06
5.080 536.659 2876.585 15:06:07
5.088 513.659 2614.146 15:06:08
5.088 515.049 2642.439 15:06:09
5.064 580.951 3020.976 15:06:10
5.068 513.561 2616.585 15:06:11
5.088 519.439 2627.317 15:06:12
5.088 512.561 2603.902 15:06:13
5.088 558.854 2815.122 15:06:14
5.104 467.659 2389.756 15:06:16
5.092 515.659 2622.439 15:06:17
5.088 467.146 2384.878 15:06:18
5.088 513.244 2606.341 15:06:19
5.080 533.561 2885.854 15:06:20
5.092 516.756 2618.049 15:06:21
5.076 550.244 2790.732 15:06:22
5.076 540.537 2758.049 15:06:23
5.092 512.341 2612.683 15:06:24
5.080 562.146 2839.024 15:06:25
5.108 467.049 2393.659 15:06:26
5.100 493.463 2552.683 15:06:27
5.076 552.244 2787.805 15:06:28
5.088 580.951 2921.951 15:06:29
5.096 598.341 2954.146 15:06:30
5.104 487.341 2491.220 15:06:31
5.088 515.659 2616.098 15:06:32
5.060 594.537 3123.415 15:06:33
5.080 573.049 2847.805 15:06:34
5.084 565.146 2750.732 15:06:35
5.068 519.049 2638.049 15:06:36
5.092 514.854 2612.683 15:06:37
5.092 512.146 2635.122 15:06:38
5.092 515.561 2629.268 15:06:39
5.088 515.951 2621.463 15:06:40
5.092 512.439 2622.927 15:06:41
5.072 566.146 2875.610 15:06:42
5.084 537.561 2737.561 15:06:43
5.080 551.049 2795.610 15:06:44
5.088 516.659 2862.927 15:06:45
5.060 586.756 3021.951 15:06:46
5.088 575.146 3013.171 15:06:47
5.088 532.146 2623.902 15:06:48
5.080 536.244 2725.366 15:06:49
5.092 518.756 2610.244 15:06:50
5.088 507.463 2528.780 15:06:51
5.088 515.341 2626.341 15:06:52
5.080 540.854 2796.585 15:06:53
5.092 512.146 2605.366 15:06:54
5.072 581.951 2922.927 15:06:55
5.092 511.756 2611.707 15:06:56
5.092 515.244 2620.000 15:06:57
5.088 516.049 2622.927 15:06:58
5.104 467.366 2384.878 15:06:59
5.092 514.561 2623.902 15:07:00
5.076 566.244 2865.854 15:07:01
5.072 573.951 2842.927 15:07:02
5.092 512.244 2623.902 15:07:03
5.108 466.366 2379.512 15:07:04
5.104 465.366 2376.098 15:07:05
5.080 549.659 2778.049 15:07:06
5.084 548.537 2786.829 15:07:07
5.108 465.146 2379.512 15:07:08
5.088 512.659 2608.780 15:07:09
5.092 513.561 2607.317 15:07:10
5.092 511.561 2609.268 15:07:11
5.104 465.756 2380.000 15:07:12
5.072 538.951 2763.902 15:07:13
5.108 465.366 2383.902 15:07:14
5.104 465.756 2377.561 15:07:15
5.108 465.049 2375.122 15:07:16
5.096 500.244 2557.561 15:07:17
5.108 464.366 2382.439 15:07:18
5.108 465.146 2388.293 15:07:19
5.104 492.561 2527.805 15:07:20
5.108 466.146 2378.537 15:07:21
5.108 467.366 2379.512 15:07:22
5.108 465.951 2377.073 15:07:23
5.108 467.854 2385.854 15:07:24
5.016 734.122 3670.244 15:07:25
5.080 551.659 2800.488 15:07:26
5.072 552.049 2799.512 15:07:27
