5.012 735.024 3686.829 12:54:07
5.032 673.537 3500.488 12:54:08
5.076 552.659 2796.585 12:54:09
5.076 551.537 2804.390 12:54:10
5.104 474.756 2424.878 12:54:11
5.112 465.049 2378.537 12:54:12
5.108 467.854 2377.073 12:54:13
5.108 466.366 2393.659 12:54:14
5.104 467.951 2393.659 12:54:15
5.104 469.244 2392.195 12:54:16
5.092 515.951 2621.463 12:54:17
5.092 515.439 2618.049 12:54:18
5.092 514.049 2618.049 12:54:19
5.092 514.756 2625.366 12:54:20
5.108 468.951 2393.659 12:54:21
5.108 467.659 2386.341 12:54:22
5.108 467.854 2388.780 12:54:23
5.104 513.951 2381.951 12:54:24
5.080 572.146 2893.171 12:54:25
5.092 515.439 2620.000 12:54:26
5.088 514.049 2611.707 12:54:27
5.108 467.244 2388.293 12:54:28
5.120 429.561 3039.512 12:54:29
5.116 439.561 2250.732 12:54:30
5.116 440.561 2251.220 12:54:31
5.088 512.341 2607.317 12:54:32
5.088 514.659 2614.146 12:54:33
5.088 514.854 2618.049 12:54:34
5.088 514.244 2626.341 12:54:35
5.104 467.463 2619.024 12:54:36
5.108 468.659 2388.293 12:54:37
5.088 514.854 2617.561 12:54:38
5.092 516.854 2634.146 12:54:39
5.108 466.951 2387.317 12:54:40
5.080 555.756 2818.049 12:54:41
5.092 514.951 2621.463 12:54:42
5.088 514.756 2618.049 12:54:43
5.092 519.854 2610.244 12:54:44
5.088 517.439 2632.683 12:54:45
5.092 514.049 2664.878 12:54:46
5.092 514.146 2618.049 12:54:47
5.092 515.756 2616.098 12:54:48
5.088 518.561 2622.927 12:54:49
5.092 511.854 2610.244 12:54:50
5.108 464.561 2388.293 12:54:51
5.104 466.756 2385.854 12:54:52
5.108 468.854 2393.659 12:54:53
5.092 514.854 2616.585 12:54:54
5.108 467.366 2388.293 12:54:55
5.100 496.244 2546.341 12:54:56
5.108 467.659 2386.341 12:54:57
5.108 469.146 2380.000 12:54:58
5.108 466.561 2378.537 12:54:59
5.112 466.659 2379.512 12:55:00
5.016 732.024 3664.390 12:55:02
5.076 552.439 2790.244 12:55:03
5.072 549.341 2789.268 12:55:04
