5.008 733.634 3649.268 13:58:31
5.032 799.195 3324.878 13:58:32
5.064 583.561 2961.951 13:58:33
5.080 553.561 2804.878 13:58:34
5.076 553.854 2808.780 13:58:35
5.108 469.268 2396.098 13:58:36
5.104 471.561 2408.780 13:58:37
5.108 466.537 2389.268 13:58:38
5.108 466.244 2399.024 13:58:39
5.092 516.829 2618.537 13:58:40
5.088 518.537 2624.390 13:58:41
5.104 465.463 2380.488 13:58:42
5.108 468.976 2394.146 13:58:43
5.108 466.537 2405.854 13:58:44
5.108 466.049 2388.293 13:58:45
5.096 508.634 2498.537 13:58:46
5.108 466.976 2391.220 13:58:47
5.104 469.756 2410.732 13:58:48
5.104 468.244 2399.024 13:58:49
5.108 466.732 2380.488 13:58:50
5.072 576.146 2995.122 13:58:51
5.092 512.634 2632.195 13:58:52
5.092 518.829 2626.341 13:58:53
5.108 474.341 2400.976 13:58:54
5.104 470.878 2396.098 13:58:55
5.084 568.341 2883.902 13:58:56
5.072 548.244 2792.195 13:58:57
5.104 470.049 2402.927 13:58:58
5.100 493.171 2388.293 13:58:59
5.088 514.244 2621.463 13:59:00
5.088 514.829 2614.634 13:59:01
5.092 516.732 2624.390 13:59:02
5.088 516.439 2640.976 13:59:03
5.084 550.439 2874.146 13:59:04
5.088 519.854 2632.195 13:59:05
5.076 555.366 2783.415 13:59:06
5.088 513.756 2624.390 13:59:07
5.084 537.171 2650.732 13:59:08
5.076 559.756 2877.073 13:59:09
5.064 518.537 2631.220 13:59:10
5.092 521.756 2779.512 13:59:11
5.084 541.268 2643.902 13:59:12
5.092 517.073 2624.390 13:59:13
5.088 519.756 2636.098 13:59:14
5.088 516.244 2624.390 13:59:15
5.060 556.439 2811.707 13:59:16
5.076 542.732 2741.463 13:59:17
5.092 514.341 2623.415 13:59:18
5.080 607.561 3087.805 13:59:19
5.064 572.049 2923.902 13:59:20
5.092 516.341 2624.390 13:59:21
5.080 556.732 2749.268 13:59:22
5.092 512.634 2666.341 13:59:23
5.088 513.463 2626.341 13:59:24
5.092 561.366 2701.463 13:59:25
5.088 514.927 2611.707 13:59:26
5.108 467.171 2375.610 13:59:27
5.108 466.537 2396.098 13:59:28
5.104 481.951 3758.049 13:59:29
5.088 536.634 2726.829 13:59:30
5.104 469.951 2480.976 13:59:31
5.108 471.073 2380.488 13:59:32
5.104 468.244 2618.537 13:59:33
5.092 518.634 2613.659 13:59:34
5.088 515.463 2658.537 13:59:35
5.092 512.537 2386.341 13:59:36
5.088 513.951 2621.463 13:59:37
5.088 516.927 2639.024 13:59:38
5.092 517.171 2637.073 13:59:39
5.104 467.463 2381.463 13:59:40
5.108 465.171 2376.585 13:59:41
5.088 515.463 2640.976 13:59:42
5.112 466.049 2396.098 13:59:43
5.076 553.951 2876.098 13:59:44
5.108 466.732 2380.488 13:59:45
5.108 468.976 2396.098 13:59:46
5.108 465.659 2375.610 13:59:47
5.088 518.732 2481.951 13:59:48
5.104 473.854 2402.927 13:59:49
5.104 470.634 2394.146 13:59:50
5.016 736.732 3650.732 13:59:51
5.076 579.854 2911.220 13:59:52
