5.024 551.439 2801.463 13:39:09
5.036 706.829 3584.390 13:39:10
5.076 555.244 2819.512 13:39:11
5.080 550.439 2797.073 13:39:12
5.076 552.537 2804.390 13:39:13
5.116 438.659 2245.854 13:39:14
5.132 390.171 2010.732 13:39:15
5.104 467.951 2394.634 13:39:16
5.104 480.756 2440.000 13:39:17
5.076 557.146 2813.171 13:39:18
5.096 491.049 2492.683 13:39:19
5.100 469.659 2408.780 13:39:20
5.088 517.244 2623.902 13:39:21
5.104 467.951 2388.780 13:39:22
5.108 469.659 2391.220 13:39:23
5.108 470.244 2380.000 13:39:24
5.108 467.244 2383.902 13:39:25
5.092 514.659 2616.098 13:39:26
5.092 513.854 2616.098 13:39:27
5.092 513.244 2622.439 13:39:28
5.072 617.732 3217.073 13:39:29
5.068 475.854 2540.000 13:39:30
5.120 440.366 2250.732 13:39:31
5.104 474.659 2420.976 13:39:32
5.108 469.854 2401.463 13:39:33
5.088 514.951 2622.927 13:39:34
5.108 465.951 2376.098 13:39:35
5.076 561.439 2850.732 13:39:36
5.092 511.756 2611.707 13:39:37
5.088 514.244 2673.659 13:39:38
5.088 515.439 2622.439 13:39:39
5.076 550.439 2793.171 13:39:40
5.092 514.244 2622.439 13:39:41
5.092 512.659 2632.683 13:39:42
5.072 566.244 2853.171 13:39:43
5.092 516.854 2625.366 13:39:44
5.092 526.341 2613.659 13:39:45
5.076 545.049 2753.171 13:39:46
5.084 512.756 2624.878 13:39:47
5.088 520.561 2662.439 13:39:48
5.108 472.366 2380.976 13:39:49
5.088 559.244 2893.171 13:39:50
5.080 548.439 2776.585 13:39:51
5.108 466.146 2377.561 13:39:52
5.088 516.659 2628.780 13:39:53
5.080 548.439 2840.488 13:39:54
5.092 519.439 2652.683 13:39:55
5.080 560.854 2790.244 13:39:56
5.088 514.756 2622.439 13:39:57
5.076 570.756 2873.171 13:39:58
5.084 520.341 2806.341 13:39:59
5.092 513.146 2611.220 13:40:00
5.088 520.756 2646.341 13:40:01
5.056 550.756 2799.024 13:40:02
5.080 544.439 2743.902 13:40:03
5.088 514.756 2621.463 13:40:04
5.080 534.439 2741.951 13:40:05
5.088 517.341 2621.463 13:40:06
5.108 465.463 2397.561 13:40:07
5.104 466.854 2382.439 13:40:08
5.108 466.854 2378.537 13:40:09
5.108 465.463 2377.073 13:40:10
5.092 514.439 2625.366 13:40:11
5.112 466.146 2377.561 13:40:12
5.096 503.146 2554.146 13:40:13
5.088 514.756 2615.122 13:40:14
5.088 514.951 2613.659 13:40:15
5.108 466.049 2391.220 13:40:16
5.092 512.341 2610.244 13:40:17
5.092 512.244 2602.927 13:40:18
5.092 517.439 2631.707 13:40:19
5.100 467.146 2395.122 13:40:20
5.108 465.463 2376.098 13:40:21
5.108 466.463 2391.220 13:40:22
5.016 734.927 3663.902 13:40:23
5.064 588.634 2975.610 13:40:24
5.076 551.951 2795.122 13:40:25
