5.016 731.439 3665.854 13:51:27
4.968 869.707 4303.415 13:51:28
5.092 526.927 3883.902 13:51:29
5.088 530.634 2683.902 13:51:30
5.084 525.366 2672.195 13:51:31
5.108 467.463 2394.146 13:51:32
5.104 466.878 2393.171 13:51:33
5.108 469.268 2380.488 13:51:34
5.092 519.854 2645.854 13:51:35
5.108 472.732 2380.488 13:51:36
5.092 515.756 2631.220 13:51:37
5.088 516.341 2639.024 13:51:38
5.088 514.732 2631.220 13:51:39
5.104 484.439 2398.049 13:51:40
5.076 545.659 2786.341 13:51:41
5.096 515.854 2621.463 13:51:42
5.108 467.366 2399.024 13:51:43
5.108 464.732 2371.707 13:51:44
5.104 464.976 2378.537 13:51:45
5.092 514.732 2614.634 13:51:46
5.108 472.341 2403.902 13:51:47
5.092 514.439 2636.098 13:51:48
5.092 512.439 2606.829 13:51:50
5.100 503.756 2519.024 13:51:51
5.088 516.634 2656.585 13:51:52
5.088 538.634 2681.951 13:51:53
5.104 465.951 2380.488 13:51:54
5.092 515.951 2624.390 13:51:55
5.088 532.537 2733.659 13:51:56
5.088 512.439 2632.195 13:51:57
5.092 521.463 2629.268 13:51:58
5.088 517.366 2639.024 13:51:59
5.088 519.268 2946.341 13:52:00
5.096 524.439 2600.976 13:52:01
5.084 512.829 2663.415 13:52:02
5.092 512.341 2626.341 13:52:03
5.104 468.537 2381.463 13:52:04
5.088 513.073 2605.854 13:52:05
5.080 551.951 2783.415 13:52:06
5.088 516.927 2623.415 13:52:07
5.088 521.171 2651.707 13:52:08
5.088 519.268 2631.220 13:52:09
5.084 468.244 2396.098 13:52:10
5.088 516.537 2624.390 13:52:11
5.088 527.366 2611.707 13:52:12
5.088 515.951 2618.537 13:52:13
5.092 513.463 2608.780 13:52:14
5.108 466.537 2383.415 13:52:15
5.092 513.756 2623.415 13:52:16
5.064 570.439 2914.146 13:52:17
5.104 530.732 2621.463 13:52:18
5.104 475.268 2458.537 13:52:19
5.092 514.634 2632.195 13:52:20
5.104 468.146 2380.488 13:52:21
5.088 515.951 2629.268 13:52:22
5.072 600.146 2818.537 13:52:23
5.068 550.732 2763.902 13:52:24
5.076 550.341 2803.902 13:52:25
5.108 464.244 2376.585 13:52:26
5.088 517.073 2624.390 13:52:27
5.096 517.561 2639.024 13:52:28
5.100 488.244 2554.146 13:52:29
5.108 467.854 2388.293 13:52:30
5.112 439.756 2248.780 13:52:31
5.100 489.951 2496.585 13:52:32
5.108 468.341 2375.610 13:52:33
5.104 464.878 2388.293 13:52:34
5.096 476.732 2391.220 13:52:35
5.108 471.756 2376.585 13:52:36
5.108 465.463 2376.585 13:52:37
5.108 501.463 2565.854 13:52:38
5.104 466.146 2381.463 13:52:39
5.108 464.878 2370.732 13:52:40
5.108 467.854 2421.463 13:52:41
5.016 727.610 3650.732 13:52:42
5.076 549.561 2792.195 13:52:43
