5.028 698.634 3512.683 13:32:31
4.972 879.707 4359.024 13:32:32
5.080 550.927 2799.024 13:32:33
5.076 551.171 2809.756 13:32:34
5.080 552.049 2809.756 13:32:35
5.104 471.463 2416.585 13:32:36
5.092 514.927 2616.585 13:32:37
5.108 468.732 2386.341 13:32:38
5.080 550.732 2794.146 13:32:39
5.108 466.341 2383.415 13:32:40
5.088 516.049 2621.463 13:32:41
5.084 518.732 2626.341 13:32:42
5.108 468.878 2433.171 13:32:43
5.108 465.268 2451.707 13:32:44
5.108 468.732 2394.146 13:32:45
5.108 467.073 2385.366 13:32:46
5.108 475.366 2378.537 13:32:47
5.108 468.341 2381.463 13:32:48
5.104 472.732 2424.390 13:32:49
5.080 551.561 2794.146 13:32:50
5.108 466.439 2376.585 13:32:51
5.104 468.732 2394.146 13:32:52
5.088 514.439 2624.390 13:32:53
5.088 513.561 2618.537 13:32:54
5.088 515.073 2614.634 13:32:55
5.104 469.561 2376.585 13:32:56
5.084 517.659 2681.951 13:32:57
5.088 512.146 2616.585 13:32:58
5.088 514.244 2618.537 13:32:59
5.092 517.756 2634.146 13:33:00
5.088 500.049 2554.146 13:33:01
5.088 466.878 2381.463 13:33:02
5.088 512.927 2614.634 13:33:03
5.080 537.463 2725.854 13:33:04
5.092 514.829 2610.732 13:33:05
5.072 566.244 2866.341 13:33:06
5.084 515.659 2650.732 13:33:07
5.084 535.756 2723.902 13:33:08
5.092 513.951 2616.585 13:33:09
5.092 557.268 2848.780 13:33:10
5.092 515.951 2626.341 13:33:12
5.068 614.439 3117.073 13:33:13
5.076 512.829 2623.415 13:33:14
5.084 543.951 2784.390 13:33:15
5.088 515.756 2608.780 13:33:16
5.100 475.951 2455.610 13:33:17
5.092 515.659 2619.512 13:33:18
5.092 515.073 2614.634 13:33:19
5.108 465.756 2381.463 13:33:20
5.092 512.537 2613.659 13:33:21
5.108 465.659 2385.366 13:33:22
5.092 515.951 2629.268 13:33:23
5.076 549.854 2794.146 13:33:24
5.092 515.854 2629.268 13:33:25
5.108 465.659 2388.293 13:33:26
5.084 537.659 2704.390 13:33:27
5.108 465.171 2373.659 13:33:28
5.108 466.146 2376.585 13:33:29
5.120 429.463 2202.927 13:33:30
5.116 442.049 2265.366 13:33:31
5.116 443.561 2265.366 13:33:32
5.108 466.634 2403.902 13:33:33
5.096 469.073 2941.463 13:33:34
5.096 548.049 2553.171 13:33:35
5.100 465.073 2380.488 13:33:36
5.104 467.854 2394.146 13:33:37
5.092 513.073 2618.537 13:33:38
5.112 465.951 2380.488 13:33:39
5.016 729.122 3700.488 13:33:40
5.076 550.244 2792.195 13:33:41
5.080 550.146 2800.976 13:33:42
