5.016 730.024 3654.146 13:20:55
5.076 555.341 2819.024 13:20:56
5.076 551.146 2810.732 13:20:57
5.072 551.659 2799.024 13:20:58
5.076 551.146 2796.585 13:20:59
5.108 465.756 2378.537 13:21:00
5.088 513.951 2618.049 13:21:01
5.108 467.049 2381.951 13:21:02
5.108 465.756 2383.902 13:21:03
5.108 466.756 2378.537 13:21:04
5.108 467.854 2380.000 13:21:05
5.108 466.244 2383.902 13:21:06
5.088 517.341 2624.878 13:21:07
5.108 466.244 2381.951 13:21:08
5.108 466.049 2383.902 13:21:09
5.088 518.951 2611.707 13:21:10
5.088 515.049 2615.122 13:21:11
5.108 466.756 2392.195 13:21:12
5.092 511.756 2606.341 13:21:13
5.108 466.854 2382.439 13:21:14
5.092 511.756 2611.707 13:21:15
5.088 517.439 2622.927 13:21:16
5.088 512.561 2624.878 13:21:17
5.104 466.756 2379.512 13:21:18
5.080 549.341 2825.366 13:21:19
5.088 516.659 2624.878 13:21:20
5.108 466.366 2378.537 13:21:21
5.088 514.951 2636.585 13:21:22
5.068 546.659 2755.122 13:21:23
5.092 513.951 2620.000 13:21:24
5.088 549.756 2760.488 13:21:25
5.088 515.439 2625.366 13:21:26
5.088 509.341 2658.049 13:21:27
5.076 541.951 2744.390 13:21:28
5.068 520.244 2636.585 13:21:29
5.100 799.195 2652.683 13:21:30
5.100 491.341 2510.244 13:21:31
5.080 545.854 2751.707 13:21:32
5.072 558.659 2859.512 13:21:33
5.096 518.854 2624.878 13:21:34
5.084 511.463 2610.244 13:21:35
5.108 477.561 2388.780 13:21:36
5.092 513.146 2616.098 13:21:37
5.092 513.341 2607.317 13:21:38
5.076 535.951 2730.244 13:21:39
5.104 465.659 2377.561 13:21:40
5.084 554.537 2742.927 13:21:41
5.088 512.244 2608.780 13:21:42
5.088 481.756 2528.780 13:21:43
5.092 513.146 2644.878 13:21:44
5.108 466.659 2381.951 13:21:45
5.096 513.854 2619.024 13:21:46
5.108 465.659 2380.976 13:21:47
5.108 466.463 2376.098 13:21:48
5.088 512.439 2614.146 13:21:49
5.108 467.951 2389.756 13:21:50
5.108 465.244 2375.122 13:21:51
5.080 542.659 2861.951 13:21:52
5.092 509.854 2684.390 13:21:53
5.108 468.049 2386.341 13:21:54
5.112 465.854 2377.073 13:21:55
5.108 467.146 2395.122 13:21:56
5.088 512.244 2608.780 13:21:57
5.108 466.366 2386.341 13:21:58
5.104 465.146 2375.122 13:21:59
5.108 467.659 2372.683 13:22:00
5.064 553.049 2910.732 13:22:01
5.076 555.439 2806.829 13:22:02
5.076 552.659 2807.805 13:22:03
