5.012 728.537 3658.049 14:22:50
4.968 888.927 4387.317 14:22:51
5.076 553.463 2816.585 14:22:52
5.076 551.463 2806.829 14:22:53
5.072 555.463 2811.707 14:22:54
5.108 465.951 2383.415 14:22:55
5.084 517.561 2559.024 14:22:56
5.100 472.049 2490.732 14:22:57
5.088 514.732 2623.415 14:22:58
5.100 489.171 2461.463 14:22:59
5.108 467.561 2398.049 14:23:00
5.104 487.951 2486.829 14:23:01
5.064 585.951 2939.512 14:23:02
5.080 534.439 2728.780 14:23:03
5.108 468.049 2389.268 14:23:04
5.084 514.049 2626.341 14:23:05
5.088 523.171 2613.659 14:23:06
5.092 514.634 2613.659 14:23:07
5.108 468.976 2403.902 14:23:08
5.092 468.146 2389.268 14:23:09
5.108 466.049 2381.463 14:23:10
5.092 513.854 2624.390 14:23:11
5.076 540.732 2800.976 14:23:12
5.060 604.927 2862.439 14:23:13
5.068 557.951 2814.634 14:23:14
5.084 512.439 2611.707 14:23:15
5.076 568.829 2792.195 14:23:16
5.072 515.268 2616.585 14:23:17
5.092 516.341 2610.732 14:23:18
5.092 516.341 2624.390 14:23:19
5.104 468.049 2388.293 14:23:20
5.084 522.049 2614.634 14:23:21
5.072 543.756 2808.780 14:23:22
5.092 514.439 2637.073 14:23:23
5.080 550.244 2799.024 14:23:24
5.092 516.244 2619.512 14:23:25
5.092 516.634 2621.463 14:23:26
5.088 516.439 2626.341 14:23:27
5.072 556.146 2822.439 14:23:28
5.104 531.073 2488.780 14:23:29
5.084 603.951 2688.780 14:23:30
5.100 489.756 2485.854 14:23:31
5.092 514.634 2614.634 14:23:32
5.072 514.341 2621.463 14:23:33
5.064 585.951 2989.268 14:23:34
5.080 550.146 2799.024 14:23:35
5.060 527.463 2636.098 14:23:36
5.100 535.659 2626.341 14:23:37
5.092 517.073 2679.024 14:23:38
5.092 514.341 2618.537 14:23:39
5.088 513.854 2613.659 14:23:40
5.080 564.732 2761.951 14:23:41
5.104 470.537 2394.146 14:23:42
5.088 511.854 2606.829 14:23:43
5.068 589.756 2901.463 14:23:44
5.072 541.268 2834.146 14:23:45
5.076 547.659 2789.268 14:23:46
5.092 516.537 2629.268 14:23:47
5.092 514.439 2623.415 14:23:48
5.092 511.756 2605.854 14:23:50
5.084 527.171 2651.707 14:23:51
5.108 500.829 2641.951 14:23:52
5.088 518.829 2636.098 14:23:53
5.092 512.439 2610.732 14:23:54
5.084 515.951 2623.415 14:23:55
5.108 469.268 2400.976 14:23:56
5.088 536.244 2632.195 14:23:57
5.092 500.634 2557.073 14:23:58
5.096 497.561 2538.537 14:23:59
5.108 466.341 2381.463 14:24:00
5.108 468.341 2389.268 14:24:01
5.092 515.854 2717.073 14:24:02
5.092 512.927 2608.780 14:24:03
5.108 465.561 2380.488 14:24:04
5.080 542.634 2756.098 14:24:05
5.088 519.951 2640.976 14:24:06
5.108 469.073 2376.585 14:24:07
5.092 512.732 2618.537 14:24:08
5.060 582.732 2959.024 14:24:09
5.092 512.244 2613.659 14:24:10
5.088 515.463 2631.220 14:24:11
5.104 467.171 2443.902 14:24:12
5.108 466.537 2410.732 14:24:13
5.096 500.341 2405.854 14:24:14
5.092 515.854 2618.537 14:24:15
5.104 468.878 2439.024 14:24:16
5.108 466.537 2389.268 14:24:17
5.076 550.732 2787.317 14:24:18
5.080 554.829 2794.146 14:24:19
