5.060 326.793 1653.659 14:08:55
5.072 158.390 803.171 14:08:56
5.076 145.390 737.805 14:08:57
5.060 375.780 1634.634 14:08:58
5.068 232.366 1165.854 14:08:59
5.076 145.585 941.463 14:09:00
5.072 152.683 777.561 14:09:01
5.076 145.098 780.976 14:09:02
5.072 167.073 847.317 14:09:03
5.072 254.976 1544.878 14:09:04
5.072 195.488 867.317 14:09:05
5.076 147.878 746.341 14:09:06
5.072 151.390 899.024 14:09:07
5.072 146.390 738.537 14:09:08
5.068 248.171 1368.293 14:09:09
5.068 184.683 962.927 14:09:10
5.068 252.171 1235.610 14:09:11
5.072 220.683 1141.951 14:09:12
5.072 179.976 1048.780 14:09:13
5.056 243.073 1384.390 14:09:14
5.072 159.585 810.244 14:09:15
5.076 161.390 818.537 14:09:16
5.072 159.780 810.244 14:09:17
5.072 148.293 740.976 14:09:18
5.052 268.073 1289.268 14:09:19
5.076 147.683 748.293 14:09:20
5.068 238.683 812.195 14:09:21
5.072 151.195 769.756 14:09:22
5.072 191.878 937.561 14:09:23
5.072 220.585 1371.707 14:09:24
5.072 147.293 751.220 14:09:25
5.072 212.390 1184.390 14:09:26
5.072 146.780 740.000 14:09:27
5.072 189.878 936.098 14:09:28
5.064 316.366 1602.439 14:09:29
5.068 222.488 1127.805 14:09:30
5.064 285.683 1545.854 14:09:31
5.072 163.073 749.756 14:09:33
5.076 146.098 743.415 14:09:34
5.076 185.976 1319.512 14:09:35
5.072 146.195 743.902 14:09:36
5.068 161.780 820.976 14:09:37
5.068 184.293 982.439 14:09:38
5.072 192.976 962.439 14:09:39
5.076 146.780 1003.902 14:09:40
5.068 243.683 1234.634 14:09:41
5.076 147.585 748.780 14:09:42
5.072 152.098 771.220 14:09:43
5.072 152.390 768.780 14:09:44
5.076 150.390 1095.610 14:09:45
5.072 248.171 1311.707 14:09:46
5.076 151.195 1095.610 14:09:47
5.060 314.780 1333.171 14:09:48
5.076 213.878 1031.707 14:09:49
5.072 211.268 1080.488 14:09:50
5.060 330.780 1657.561 14:09:51
5.076 147.683 1174.146 14:09:52
5.068 208.585 1018.049 14:09:53
5.072 150.488 764.878 14:09:54
5.076 146.390 739.512 14:09:55
5.060 326.171 1239.512 14:09:56
5.068 229.390 1278.537 14:09:57
5.072 198.683 1010.244 14:09:58
5.068 191.488 1429.756 14:09:59
5.076 145.878 744.878 14:10:00
5.068 219.878 1169.268 14:10:01
5.076 148.390 748.780 14:10:02
5.076 161.195 815.122 14:10:03
5.072 161.293 815.122 14:10:04
5.072 150.585 760.976 14:10:05
5.056 344.659 1996.585 14:10:06
5.076 147.585 748.780 14:10:07
5.068 261.463 1329.756 14:10:08
5.072 160.195 818.537 14:10:09
5.072 182.878 933.659 14:10:10
5.072 253.488 1427.317 14:10:11
5.072 216.585 857.561 14:10:12
5.072 159.878 811.220 14:10:13
5.072 152.195 763.415 14:10:14
5.072 168.293 808.780 14:10:15
5.060 255.366 1371.707 14:10:16
5.068 290.463 1384.390 14:10:17
5.064 325.976 1553.659 14:10:18
5.076 147.195 756.098 14:10:19
5.068 186.293 973.659 14:10:20
5.076 159.780 809.756 14:10:21
5.072 151.878 767.317 14:10:22
5.068 235.366 990.244 14:10:23
5.068 249.366 1015.122 14:10:24
5.064 191.390 1291.707 14:10:25
5.068 231.171 1060.000 14:10:26
5.068 254.171 1234.634 14:10:27
5.072 161.073 818.537 14:10:28
5.076 159.780 811.220 14:10:29
5.076 160.878 820.976 14:10:30
5.076 158.780 747.317 14:10:31
5.072 158.683 803.902 14:10:32
5.072 159.683 878.537 14:10:33
5.056 380.463 1992.683 14:10:34
5.072 188.780 920.488 14:10:35
5.072 159.976 816.585 14:10:36
5.072 160.585 816.585 14:10:37
5.064 212.073 1097.561 14:10:38
5.072 161.073 815.122 14:10:39
5.060 214.488 1725.366 14:10:40
5.076 198.390 748.293 14:10:41
5.072 152.195 772.683 14:10:42
5.072 248.878 816.585 14:10:43
5.056 323.366 1728.780 14:10:44
5.072 202.683 990.244 14:10:45
5.072 205.976 1048.780 14:10:46
5.072 151.488 772.195 14:10:47
5.072 170.195 748.780 14:10:48
5.076 161.073 818.537 14:10:49
5.072 160.976 817.561 14:10:50
5.068 269.878 1067.805 14:10:51
5.072 159.585 808.780 14:10:52
5.072 202.780 1032.683 14:10:53
5.068 181.585 945.366 14:10:54
5.072 172.293 867.317 14:10:55
5.072 160.976 816.098 14:10:56
5.072 161.293 819.024 14:10:57
5.072 186.976 808.780 14:10:58
5.076 159.683 809.756 14:10:59
5.068 217.780 1095.122 14:11:00
5.072 147.195 746.341 14:11:01
5.072 157.585 759.512 14:11:02
5.076 161.195 817.561 14:11:03
5.072 161.390 818.537 14:11:04
5.072 151.098 767.317 14:11:05
5.052 342.268 2190.732 14:11:06
5.072 190.585 815.122 14:11:07
5.068 200.976 1042.439 14:11:08
5.072 145.976 745.854 14:11:09
5.076 147.390 754.634 14:11:10
5.072 166.585 1453.171 14:11:11
5.052 284.976 1651.220 14:11:12
5.068 200.293 1014.146 14:11:13
5.072 239.488 1174.146 14:11:14
5.072 149.878 769.756 14:11:15
5.068 162.293 830.244 14:11:16
5.076 168.878 818.537 14:11:17
5.064 198.878 1139.512 14:11:18
5.068 254.366 1422.439 14:11:19
5.072 147.683 740.000 14:11:20
5.076 151.683 768.293 14:11:21
5.072 151.390 771.220 14:11:22
5.072 160.780 818.537 14:11:23
5.072 152.098 768.293 14:11:24
5.064 221.390 1071.707 14:11:25
5.072 151.976 1239.512 14:11:27
5.072 145.195 743.902 14:11:28
5.068 326.780 1235.610 14:11:29
5.072 147.780 748.293 14:11:30
5.064 308.878 1727.317 14:11:31
5.072 179.683 955.122 14:11:32
5.072 224.683 763.415 14:11:33
5.064 211.073 1067.805 14:11:34
5.072 149.488 758.537 14:11:35
5.052 379.171 1274.634 14:11:36
5.076 147.780 748.780 14:11:37
5.072 185.780 1235.610 14:11:38
5.076 161.390 809.756 14:11:39
5.076 148.780 752.683 14:11:40
5.072 213.878 1004.878 14:11:41
5.064 192.171 1027.805 14:11:42
5.072 190.073 798.537 14:11:43
5.076 150.780 761.463 14:11:44
5.072 145.683 746.341 14:11:45
5.064 246.488 1246.829 14:11:46
5.064 225.488 1318.049 14:11:47
5.072 203.976 1152.683 14:11:48
5.076 150.878 772.195 14:11:49
5.076 149.780 758.537 14:11:50
5.056 243.171 1308.293 14:11:51
5.072 179.683 930.244 14:11:52
5.072 196.390 937.561 14:11:53
5.072 253.585 805.854 14:11:54
5.076 176.073 928.780 14:11:55
5.068 248.268 1225.366 14:11:56
5.072 147.683 752.683 14:11:57
5.064 152.390 749.756 14:11:58
5.068 151.585 773.659 14:11:59
5.072 149.683 759.512 14:12:00
5.064 203.293 969.268 14:12:01
5.076 147.195 748.293 14:12:02
5.064 245.585 1245.854 14:12:03
5.076 150.195 763.415 14:12:04
5.072 195.683 927.317 14:12:05
5.068 161.488 954.146 14:12:06
5.068 241.488 1068.780 14:12:07
5.072 149.195 760.976 14:12:08
5.072 161.195 816.098 14:12:09
5.060 304.171 1569.756 14:12:10
5.068 158.976 772.683 14:12:11
5.072 226.488 1130.732 14:12:12
5.064 404.366 2041.951 14:12:13
5.072 148.976 752.683 14:12:14
5.072 160.780 811.220 14:12:15
5.076 151.780 775.122 14:12:16
5.072 181.878 916.098 14:12:17
5.044 467.854 1990.244 14:12:18
5.072 148.390 748.780 14:12:19
5.068 296.268 1288.293 14:12:20
5.068 221.073 922.439 14:12:21
5.076 216.073 815.122 14:12:22
5.072 252.366 1286.829 14:12:23
5.068 212.268 1044.390 14:12:24
5.064 251.268 1266.829 14:12:25
5.068 148.293 748.780 14:12:26
5.068 153.293 777.073 14:12:27
5.072 300.561 960.488 14:12:28
5.072 149.488 756.098 14:12:29
5.060 247.488 1225.854 14:12:30
5.072 152.976 745.854 14:12:31
5.072 183.683 1001.463 14:12:32
5.068 151.976 1088.780 14:12:33
5.076 145.878 740.000 14:12:34
5.068 244.878 1290.732 14:12:35
5.064 206.073 1214.634 14:12:36
5.060 343.463 1516.098 14:12:37
5.072 148.293 744.878 14:12:38
5.076 160.976 811.220 14:12:39
5.060 203.976 995.610 14:12:40
5.072 171.585 752.683 14:12:41
5.068 152.780 772.683 14:12:42
5.068 148.976 758.537 14:12:43
5.060 364.171 1742.439 14:12:44
5.072 205.073 819.024 14:12:45
5.064 283.463 1129.268 14:12:46
5.076 244.683 1173.171 14:12:47
5.072 151.780 1128.293 14:12:48
5.072 245.366 1315.610 14:12:49
5.072 149.683 759.512 14:12:50
5.064 280.463 1669.756 14:12:51
5.072 147.488 747.317 14:12:52
5.072 184.293 988.780 14:12:53
5.052 327.659 1950.732 14:12:54
5.068 200.171 931.220 14:12:55
5.072 238.878 895.122 14:12:56
5.068 242.171 1227.805 14:12:57
5.072 158.976 807.805 14:12:58
5.068 271.976 1629.756 14:12:59
5.072 147.976 1092.683 14:13:00
5.060 297.780 1570.732 14:13:01
5.072 165.195 832.195 14:13:02
5.076 150.976 758.537 14:13:03
5.056 337.659 1923.902 14:13:04
5.068 179.976 876.098 14:13:05
5.060 260.976 1242.927 14:13:06
5.060 246.488 1297.073 14:13:07
5.072 250.488 878.537 14:13:08
5.076 161.073 815.122 14:13:09
5.072 161.488 773.659 14:13:10
5.072 161.488 916.585 14:13:11
5.072 160.195 809.756 14:13:12
5.064 287.366 1389.268 14:13:13
5.072 161.390 815.122 14:13:14
5.076 225.488 947.317 14:13:15
5.068 256.366 1242.927 14:13:16
5.072 259.878 1290.732 14:13:17
5.072 175.488 891.707 14:13:18
5.068 183.780 1045.366 14:13:19
5.072 162.488 1006.829 14:13:20
5.068 258.585 987.805 14:13:22
5.064 257.463 1619.024 14:13:23
5.076 213.878 1026.829 14:13:24
5.072 159.293 808.780 14:13:25
5.072 160.780 820.000 14:13:26
5.068 159.976 836.585 14:13:27
5.060 288.268 1289.756 14:13:28
5.072 173.780 880.976 14:13:29
5.076 147.585 747.317 14:13:30
5.076 161.585 815.122 14:13:31
5.072 251.366 818.537 14:13:32
5.060 317.073 1620.976 14:13:33
5.072 156.390 797.561 14:13:34
5.064 257.683 1316.098 14:13:35
5.072 201.878 1107.805 14:13:36
5.076 146.585 747.317 14:13:37
5.072 160.488 1029.268 14:13:38
5.072 161.390 817.561 14:13:39
5.072 178.683 960.488 14:13:40
5.064 213.585 1437.073 14:13:41
5.068 200.390 991.707 14:13:42
5.068 219.683 769.756 14:13:43
5.072 153.195 752.683 14:13:44
5.064 307.780 1552.195 14:13:45
5.068 212.683 1140.488 14:13:46
5.060 348.171 1852.683 14:13:47
5.068 148.195 1091.707 14:13:48
5.068 148.098 751.220 14:13:49
5.068 247.585 1259.512 14:13:50
5.064 240.878 1295.610 14:13:51
5.072 156.488 751.220 14:13:52
5.072 154.878 784.878 14:13:53
5.076 153.293 775.122 14:13:54
5.068 369.171 2060.488 14:13:55
5.072 210.268 820.976 14:13:56
5.072 148.390 751.220 14:13:57
5.068 243.366 1244.390 14:13:58
5.076 150.390 763.902 14:13:59
5.068 229.878 1155.610 14:14:00
5.064 197.488 881.463 14:14:01
5.072 218.780 1125.366 14:14:02
5.072 161.195 1107.805 14:14:03
5.072 149.585 761.463 14:14:04
5.060 324.268 1854.146 14:14:05
5.076 150.488 763.415 14:14:06
5.076 150.390 762.439 14:14:07
5.072 164.293 885.366 14:14:08
5.076 147.585 805.854 14:14:09
5.068 253.878 1242.927 14:14:10
5.068 188.878 1097.561 14:14:11
5.064 261.878 1181.463 14:14:12
5.068 287.463 1453.659 14:14:13
5.076 151.390 748.780 14:14:14
5.076 160.683 1001.463 14:14:15
5.072 160.878 1270.732 14:14:16
5.068 181.976 828.780 14:14:17
5.064 239.268 1216.585 14:14:18
5.068 195.073 1060.000 14:14:19
5.068 221.073 752.195 14:14:20
5.068 195.683 1100.488 14:14:21
5.076 161.488 820.976 14:14:22
5.072 166.585 811.220 14:14:23
5.060 287.366 1755.122 14:14:24
5.068 257.073 1903.902 14:14:25
5.072 146.488 742.439 14:14:26
5.068 287.976 1225.854 14:14:27
5.072 161.195 817.561 14:14:28
5.060 239.780 1332.195 14:14:29
5.068 216.488 1420.976 14:14:30
5.076 145.293 740.976 14:14:31
5.072 256.073 818.537 14:14:32
5.072 150.195 761.463 14:14:33
5.060 203.585 1030.244 14:14:34
5.068 364.756 1871.707 14:14:35
5.072 147.098 750.244 14:14:36
5.068 245.585 1239.024 14:14:37
5.068 160.585 814.634 14:14:38
5.056 310.659 2069.268 14:14:39
5.064 168.976 1056.585 14:14:40
5.064 295.073 1606.341 14:14:41
5.072 148.293 754.634 14:14:42
5.072 147.780 767.317 14:14:43
5.068 192.390 1111.707 14:14:44
5.076 152.585 871.220 14:14:45
5.056 364.171 2163.415 14:14:46
5.064 277.073 980.488 14:14:47
5.072 147.293 747.317 14:14:48
5.064 250.780 1094.146 14:14:49
5.072 146.098 746.341 14:14:50
5.068 412.561 2317.561 14:14:51
5.076 157.390 1165.366 14:14:52
5.072 152.780 775.122 14:14:53
5.056 329.171 1685.366 14:14:54
5.072 156.073 791.220 14:14:55
5.064 152.878 781.463 14:14:56
5.076 148.390 984.878 14:14:57
5.068 209.488 1062.927 14:14:58
5.072 148.390 756.098 14:14:59
5.072 177.390 807.317 14:15:00
5.072 152.293 772.195 14:15:01
5.060 284.268 1414.634 14:15:02
5.072 199.390 2041.951 14:15:03
5.076 146.488 740.976 14:15:04
5.072 152.585 768.780 14:15:05
5.076 172.195 744.878 14:15:06
5.064 295.561 1381.951 14:15:07
5.072 148.683 752.683 14:15:08
5.068 271.366 1399.512 14:15:09
5.064 211.488 1388.293 14:15:10
5.076 148.195 741.463 14:15:11
5.068 161.878 826.341 14:15:12
5.072 161.293 822.439 14:15:13
5.064 241.976 1221.951 14:15:14
5.060 317.073 1597.073 14:15:15
5.072 148.976 758.537 14:15:16
5.072 148.390 781.463 14:15:18
5.072 160.683 820.976 14:15:19
5.060 408.463 2088.293 14:15:20
5.044 467.049 2279.512 14:15:21
5.076 153.878 740.976 14:15:22
5.072 209.683 748.780 14:15:23
5.068 152.585 1170.732 14:15:24
5.076 172.195 904.878 14:15:25
5.072 159.293 808.780 14:15:26
5.076 159.683 809.756 14:15:27
5.072 183.683 956.585 14:15:28
5.060 321.073 1762.439 14:15:29
5.064 333.878 1689.756 14:15:30
5.048 455.049 1214.146 14:15:31
5.076 184.683 1054.146 14:15:32
5.072 152.098 985.366 14:15:33
5.072 160.390 815.122 14:15:34
5.064 244.780 1230.732 14:15:35
5.064 270.463 1365.854 14:15:36
5.064 279.268 1592.195 14:15:37
5.072 188.073 943.902 14:15:38
5.076 149.195 757.073 14:15:39
5.076 161.780 869.756 14:15:40
5.072 161.390 815.122 14:15:41
5.068 186.171 980.488 14:15:42
5.072 170.976 1053.171 14:15:43
5.072 163.878 831.220 14:15:44
5.072 161.073 823.415 14:15:45
5.072 160.585 814.634 14:15:46
5.048 270.683 1218.049 14:15:47
5.072 160.390 900.976 14:15:48
5.076 151.585 768.780 14:15:49
5.068 184.390 1277.073 14:15:50
5.068 147.976 752.683 14:15:51
5.052 458.146 2137.073 14:15:52
5.072 146.195 791.220 14:15:53
5.076 146.780 743.415 14:15:54
5.052 344.756 1252.195 14:15:55
5.068 242.268 1266.829 14:15:56
5.076 210.171 997.561 14:15:57
5.072 152.878 816.098 14:15:58
5.072 146.098 744.878 14:15:59
5.068 156.488 788.780 14:16:00
5.072 159.780 811.220 14:16:01
5.072 146.780 740.976 14:16:02
5.060 337.073 1384.878 14:16:03
5.068 231.073 1092.683 14:16:04
5.068 219.268 1147.805 14:16:05
5.068 265.780 819.024 14:16:06
5.072 145.293 745.854 14:16:07
5.076 152.098 770.244 14:16:08
5.072 161.195 817.561 14:16:09
5.064 255.585 1248.293 14:16:10
5.064 287.073 1670.244 14:16:11
5.052 147.488 751.220 14:16:12
5.076 159.488 801.463 14:16:13
5.072 281.171 821.463 14:16:14
5.072 161.073 813.659 14:16:15
5.060 249.780 1231.707 14:16:16
5.056 318.268 1589.756 14:16:17
5.068 209.268 1063.902 14:16:18
5.064 210.390 1360.976 14:16:19
5.072 186.293 814.634 14:16:20
5.072 159.780 810.244 14:16:21
5.064 246.683 1259.024 14:16:22
5.072 193.976 1041.463 14:16:23
5.068 322.561 1572.683 14:16:24
5.072 148.293 1069.268 14:16:25
5.076 161.585 819.024 14:16:26
5.072 161.390 819.024 14:16:27
5.068 327.976 1651.220 14:16:28
5.064 274.463 1523.902 14:16:29
5.068 179.878 932.683 14:16:30
5.072 177.488 951.220 14:16:31
5.072 161.293 819.024 14:16:32
5.068 161.293 817.561 14:16:33
5.072 187.293 1003.902 14:16:34
5.072 161.683 819.024 14:16:35
5.072 316.268 1615.122 14:16:36
5.060 337.561 1875.122 14:16:37
5.064 208.390 1165.366 14:16:38
5.076 147.780 751.220 14:16:39
5.072 161.390 818.537 14:16:40
5.068 160.780 818.537 14:16:41
5.060 292.976 1424.878 14:16:42
5.060 321.878 1562.439 14:16:43
5.076 146.780 741.463 14:16:44
5.072 160.683 816.585 14:16:45
5.072 159.780 809.756 14:16:46
5.072 159.683 809.756 14:16:47
5.064 240.073 1216.585 14:16:48
5.072 212.073 1068.780 14:16:49
5.072 151.293 953.659 14:16:50
5.056 250.073 1340.976 14:16:51
5.072 194.293 812.683 14:16:52
5.076 169.073 772.683 14:16:53
5.072 160.073 812.683 14:16:54
5.076 188.171 967.805 14:16:55
5.072 194.073 1013.659 14:16:56
5.076 152.098 771.220 14:16:57
5.064 263.780 1302.927 14:16:58
5.072 379.561 1240.488 14:16:59
5.068 236.268 854.146 14:17:00
5.068 185.171 787.317 14:17:01
5.072 211.488 1084.390 14:17:02
5.076 151.683 768.780 14:17:03
5.072 160.195 812.195 14:17:04
5.060 296.073 1457.073 14:17:05
5.068 206.683 921.463 14:17:06
5.072 157.976 746.341 14:17:07
5.076 161.878 810.244 14:17:08
5.072 160.390 816.098 14:17:09
5.072 265.585 1292.195 14:17:10
5.068 193.073 963.902 14:17:11
5.072 191.488 932.683 14:17:13
5.072 160.195 814.634 14:17:14
5.072 159.683 813.659 14:17:15
5.068 245.073 1380.488 14:17:16
5.072 170.073 777.073 14:17:17
5.072 152.683 824.878 14:17:18
5.072 161.878 818.537 14:17:19
5.072 160.390 818.537 14:17:20
5.060 217.780 1128.293 14:17:21
5.068 195.073 1014.146 14:17:22
5.076 158.976 803.415 14:17:23
5.076 159.878 811.220 14:17:24
5.068 274.878 822.439 14:17:25
5.064 290.878 1659.024 14:17:26
5.068 189.780 787.317 14:17:27
5.072 230.390 1048.780 14:17:28
5.072 159.585 809.756 14:17:29
5.064 169.390 816.098 14:17:30
5.068 161.488 819.024 14:17:31
5.068 184.683 1000.000 14:17:32
5.072 151.585 769.756 14:17:33
5.052 267.463 1292.195 14:17:34
5.064 248.171 811.220 14:17:35
5.072 166.073 842.439 14:17:36
5.068 215.585 1380.976 14:17:37
5.072 247.585 1075.610 14:17:38
5.072 152.293 772.683 14:17:39
5.072 162.073 814.634 14:17:40
5.064 221.073 1130.732 14:17:41
5.072 147.585 751.220 14:17:42
5.072 152.293 889.756 14:17:43
5.072 163.976 832.195 14:17:44
5.056 245.976 1309.756 14:17:45
5.072 197.488 979.024 14:17:46
5.072 179.585 1022.927 14:17:47
5.076 148.488 752.195 14:17:48
5.068 166.293 1446.829 14:17:49
5.072 161.293 820.976 14:17:50
5.076 222.171 907.805 14:17:51
5.072 318.073 1340.488 14:17:52
5.072 161.488 818.537 14:17:53
5.072 184.073 1020.488 14:17:54
5.064 270.366 1306.829 14:17:55
5.076 148.585 757.073 14:17:56
5.076 161.390 820.000 14:17:57
5.072 158.780 809.756 14:17:58
5.064 267.976 1707.805 14:17:59
5.064 162.293 1310.732 14:18:00
5.072 145.878 740.976 14:18:01
5.068 246.171 1245.854 14:18:02
5.076 148.683 749.756 14:18:03
5.060 401.171 1961.463 14:18:04
5.072 161.683 820.000 14:18:05
5.068 199.780 1012.683 14:18:06
5.072 220.976 982.439 14:18:07
5.076 147.585 1058.049 14:18:08
5.072 160.073 810.244 14:18:09
5.072 185.073 986.341 14:18:10
5.068 210.585 933.659 14:18:11
5.064 248.488 1306.829 14:18:12
5.080 209.683 1218.049 14:18:13
5.068 211.171 1065.366 14:18:14
5.072 193.585 834.634 14:18:15
5.076 146.195 748.780 14:18:16
5.072 161.195 814.634 14:18:17
5.072 183.878 790.244 14:18:18
5.072 185.390 1005.366 14:18:19
5.068 260.073 819.024 14:18:20
5.072 150.878 761.463 14:18:21
5.064 246.366 816.098 14:18:22
5.064 248.878 1254.146 14:18:23
5.076 234.585 1128.293 14:18:24
5.072 196.585 882.927 14:18:25
5.072 151.585 813.659 14:18:26
5.076 146.293 808.780 14:18:27
5.064 243.878 1234.634 14:18:28
5.064 328.073 2299.512 14:18:29
5.068 251.683 1221.951 14:18:30
5.072 157.293 752.683 14:18:31
5.076 158.976 812.683 14:18:32
5.072 246.171 1202.927 14:18:33
5.072 161.585 1307.317 14:18:34
5.072 178.293 902.439 14:18:35
5.076 172.780 877.561 14:18:36
5.072 171.195 944.878 14:18:37
5.072 172.878 902.439 14:18:38
5.076 187.293 848.780 14:18:39
5.072 185.976 866.341 14:18:40
5.076 182.683 922.927 14:18:41
5.072 177.585 956.585 14:18:42
5.072 172.976 917.561 14:18:43
5.068 174.780 877.561 14:18:44
5.056 456.951 2513.659 14:18:45
5.064 222.878 1026.829 14:18:46
5.076 147.878 747.317 14:18:47
5.076 152.195 770.244 14:18:48
5.072 161.390 815.122 14:18:49
5.056 268.366 1371.707 14:18:50
5.076 148.976 1042.927 14:18:51
5.072 159.585 808.780 14:18:52
5.072 161.585 2113.171 14:18:53
5.068 239.878 1200.488 14:18:54
5.076 145.878 1003.902 14:18:55
5.072 241.073 1234.146 14:18:56
5.072 159.488 809.756 14:18:57
5.048 429.951 2265.854 14:18:58
5.060 246.073 1223.415 14:18:59
5.068 244.073 1233.171 14:19:00
5.076 147.976 748.780 14:19:01
5.072 147.488 1028.780 14:19:02
5.060 343.976 1672.683 14:19:03
5.076 150.195 1120.488 14:19:04
5.064 280.073 969.268 14:19:05
5.056 301.463 1267.805 14:19:06
5.076 163.976 1027.805 14:19:08
5.072 160.195 1210.732 14:19:09
5.072 162.195 819.024 14:19:10
5.064 278.780 1401.951 14:19:11
5.072 161.585 819.024 14:19:12
5.072 153.293 778.537 14:19:13
5.072 161.683 817.561 14:19:14
5.072 159.683 810.244 14:19:15
5.048 400.268 1769.268 14:19:16
5.060 288.976 1493.659 14:19:17
5.072 159.878 809.756 14:19:18
5.068 209.268 1015.610 14:19:19
5.072 162.293 818.537 14:19:20
5.068 185.073 911.220 14:19:21
5.072 251.683 1286.829 14:19:22
5.072 158.976 807.317 14:19:23
5.064 289.683 1373.171 14:19:24
5.056 292.683 1081.951 14:19:25
5.072 198.488 1034.146 14:19:26
5.064 161.293 819.024 14:19:27
5.076 247.585 818.537 14:19:28
5.068 246.488 1296.585 14:19:29
5.076 161.073 820.976 14:19:30
5.072 159.976 811.220 14:19:31
5.068 209.585 1142.927 14:19:32
5.072 147.488 754.634 14:19:33
5.072 159.195 812.195 14:19:34
5.072 161.293 860.976 14:19:35
5.072 146.390 743.902 14:19:36
5.076 161.585 819.024 14:19:37
5.068 256.268 1220.488 14:19:38
5.072 204.878 754.634 14:19:39
5.072 178.073 900.000 14:19:40
5.068 191.073 1011.707 14:19:41
5.076 227.073 907.317 14:19:42
5.060 292.561 1463.415 14:19:43
5.068 222.585 1124.390 14:19:44
5.068 224.585 1110.244 14:19:45
5.068 244.073 1499.512 14:19:46
5.072 161.073 820.000 14:19:47
5.060 320.878 1614.634 14:19:48
5.068 237.878 1386.829 14:19:49
5.076 167.293 994.146 14:19:50
5.072 160.073 809.756 14:19:51
5.068 185.683 962.927 14:19:52
5.068 221.390 1289.756 14:19:53
5.072 161.585 820.000 14:19:54
5.072 159.390 807.317 14:19:55
5.052 407.268 2055.610 14:19:56
5.076 155.585 788.780 14:19:57
5.072 182.171 960.000 14:19:58
5.072 160.195 860.976 14:19:59
5.068 245.780 1246.829 14:20:00
5.060 302.878 1857.561 14:20:01
5.072 206.976 985.366 14:20:02
5.072 226.683 786.341 14:20:03
5.072 180.073 952.683 14:20:04
5.064 161.488 970.244 14:20:05
5.072 161.488 820.000 14:20:06
5.064 300.073 1444.878 14:20:07
5.068 196.390 1006.341 14:20:08
5.076 146.976 739.512 14:20:09
5.076 160.195 863.902 14:20:10
5.068 213.683 1018.049 14:20:11
5.048 368.561 1668.780 14:20:12
5.072 198.683 947.805 14:20:13
5.072 161.878 818.537 14:20:14
5.076 160.390 818.537 14:20:15
5.076 206.683 823.902 14:20:16
5.072 218.780 1023.902 14:20:17
5.068 162.683 824.878 14:20:18
5.068 151.195 1112.683 14:20:19
5.076 159.976 809.756 14:20:20
5.076 159.683 810.244 14:20:21
5.072 244.976 1278.537 14:20:22
5.076 160.683 1248.293 14:20:23
5.068 331.463 1325.854 14:20:24
5.068 209.488 1438.537 14:20:25
5.064 209.585 1074.146 14:20:26
5.060 221.585 933.659 14:20:27
5.076 150.585 768.293 14:20:28
5.064 301.463 1070.732 14:20:29
5.068 234.976 813.659 14:20:30
5.072 169.195 820.000 14:20:31
5.068 330.659 1530.732 14:20:32
5.072 224.268 1110.732 14:20:33
5.068 201.585 751.220 14:20:34
5.072 161.585 817.561 14:20:35
5.072 265.073 931.707 14:20:36
5.076 150.293 760.000 14:20:37
5.064 255.780 1723.902 14:20:38
5.072 153.098 889.756 14:20:39
5.064 318.976 1729.756 14:20:40
5.068 248.585 1490.732 14:20:41
5.076 146.293 742.439 14:20:42
5.072 151.585 765.854 14:20:43
5.072 161.488 818.537 14:20:44
5.064 245.171 1237.073 14:20:45
5.072 150.390 765.854 14:20:46
5.076 147.293 742.439 14:20:47
5.052 347.561 1429.756 14:20:48
5.076 154.195 743.415 14:20:49
5.072 249.488 1231.707 14:20:50
5.072 160.585 812.683 14:20:51
5.076 151.878 752.195 14:20:52
5.048 356.561 1639.024 14:20:53
5.064 275.171 1095.610 14:20:54
5.068 233.366 1083.902 14:20:55
5.068 247.488 1281.951 14:20:56
5.072 173.683 901.463 14:20:57
5.056 418.366 1949.268 14:20:58
5.072 208.390 1364.878 14:20:59
5.076 145.878 741.463 14:21:00
5.068 337.976 1316.098 14:21:01
5.072 190.171 941.463 14:21:02
5.064 287.683 1566.341 14:21:03
5.072 155.073 782.439 14:21:05
5.076 145.878 740.000 14:21:06
5.068 245.366 1244.390 14:21:07
5.076 158.195 876.098 14:21:08
5.056 319.659 1994.146 14:21:09
5.072 210.390 941.463 14:21:10
5.072 204.683 747.317 14:21:11
5.072 160.878 1289.756 14:21:12
5.072 209.488 754.634 14:21:13
5.064 247.073 1256.585 14:21:14
5.060 269.585 822.439 14:21:15
5.064 157.878 1037.561 14:21:16
5.068 283.561 984.878 14:21:17
5.072 146.293 745.854 14:21:18
5.072 251.878 813.659 14:21:19
5.072 209.073 971.707 14:21:20
5.072 210.390 1002.439 14:21:21
5.068 193.683 1102.927 14:21:22
5.072 146.293 745.854 14:21:23
5.072 161.073 819.024 14:21:24
5.072 159.780 811.220 14:21:25
5.072 221.171 975.122 14:21:26
5.072 161.683 823.902 14:21:27
5.072 185.488 1110.732 14:21:28
5.068 191.878 1444.390 14:21:29
5.068 161.976 819.024 14:21:30
5.060 376.366 1762.927 14:21:31
5.060 351.463 1627.805 14:21:32
5.076 211.878 878.537 14:21:33
5.068 224.488 1126.341 14:21:34
5.072 151.488 769.756 14:21:35
5.060 250.171 1262.927 14:21:36
5.072 274.585 1279.512 14:21:37
5.068 147.683 1141.463 14:21:38
5.072 153.195 771.220 14:21:39
5.068 177.195 750.244 14:21:40
5.064 243.488 1239.024 14:21:41
5.068 194.488 924.878 14:21:42
5.072 146.098 742.439 14:21:43
5.060 224.976 1195.610 14:21:44
5.076 145.976 741.463 14:21:45
5.068 246.366 1631.220 14:21:46
5.072 201.293 1005.366 14:21:47
5.068 212.780 1068.780 14:21:48
5.068 215.780 1051.707 14:21:49
5.072 167.878 753.659 14:21:50
5.064 161.293 819.024 14:21:51
5.076 146.878 740.976 14:21:52
5.076 146.878 741.463 14:21:53
5.072 161.683 819.024 14:21:54
5.072 151.390 768.780 14:21:55
5.064 248.488 1245.854 14:21:56
5.072 161.878 756.098 14:21:57
5.072 159.585 808.780 14:21:58
5.076 162.073 1194.634 14:21:59
5.068 202.878 795.122 14:22:00
5.064 272.976 1613.659 14:22:01
5.072 202.390 1174.634 14:22:02
5.072 148.195 751.220 14:22:03
5.064 302.683 2293.659 14:22:04
5.076 161.585 1085.366 14:22:05
5.060 335.976 1362.927 14:22:06
5.068 212.976 1146.341 14:22:07
5.072 146.195 744.878 14:22:08
5.072 178.585 927.805 14:22:09
5.064 209.585 994.146 14:22:10
5.056 285.366 1522.439 14:22:11
5.056 147.195 741.463 14:22:12
5.076 149.976 764.878 14:22:13
5.060 328.268 1647.317 14:22:14
5.048 453.049 2052.195 14:22:15
5.072 146.488 746.341 14:22:16
5.072 162.073 995.122 14:22:17
5.072 162.195 1086.829 14:22:18
5.060 321.659 1661.463 14:22:19
5.076 161.683 820.976 14:22:20
5.072 178.585 918.537 14:22:21
5.076 146.195 739.512 14:22:22
5.072 215.073 772.195 14:22:23
5.060 275.073 817.561 14:22:24
5.064 257.683 1258.049 14:22:25
5.072 203.293 1094.146 14:22:26
5.068 220.585 1364.390 14:22:27
5.076 146.195 744.878 14:22:28
5.072 212.171 1401.951 14:22:29
5.072 161.390 822.439 14:22:30
5.072 173.293 822.439 14:22:31
5.064 289.171 1578.537 14:22:32
5.072 195.976 1152.683 14:22:33
5.072 161.683 820.000 14:22:34
5.064 250.878 1259.024 14:22:35
5.072 256.268 1391.707 14:22:36
5.072 152.293 773.659 14:22:37
5.064 160.195 920.488 14:22:38
5.072 161.976 820.976 14:22:39
5.068 268.463 1436.098 14:22:40
5.056 324.878 1632.195 14:22:41
5.072 148.195 754.634 14:22:42
5.072 164.073 830.244 14:22:43
5.072 162.585 824.878 14:22:44
5.072 160.780 815.122 14:22:45
5.052 304.073 1448.293 14:22:46
5.068 184.683 750.244 14:22:47
5.072 161.976 823.415 14:22:48
5.072 159.976 807.317 14:22:49
5.076 160.073 891.220 14:22:50
5.072 194.488 1279.512 14:22:51
5.072 207.976 1056.585 14:22:52
5.068 159.073 806.341 14:22:53
5.068 248.073 1240.976 14:22:54
5.068 195.171 1107.805 14:22:55
5.060 336.366 1696.585 14:22:56
5.072 164.780 762.439 14:22:57
5.068 161.976 813.659 14:22:59
5.068 213.488 1196.585 14:23:00
5.068 197.878 1020.000 14:23:01
5.064 246.585 1677.561 14:23:02
5.068 234.268 1220.488 14:23:03
5.076 146.293 743.415 14:23:04
5.064 173.293 880.000 14:23:05
5.064 202.683 976.098 14:23:06
5.056 324.561 1689.756 14:23:07
5.072 160.073 811.220 14:23:08
5.064 226.171 1450.732 14:23:09
5.072 161.683 818.537 14:23:10
5.072 147.780 752.683 14:23:11
5.072 161.488 1280.976 14:23:12
5.072 152.976 780.976 14:23:13
5.064 243.488 1210.732 14:23:14
5.064 169.488 820.976 14:23:15
5.072 149.976 745.854 14:23:16
5.060 278.463 1416.098 14:23:17
5.072 148.390 755.122 14:23:18
5.072 163.073 826.341 14:23:19
5.064 154.293 782.439 14:23:20
5.064 161.073 752.683 14:23:21
5.060 175.780 820.976 14:23:22
5.076 146.293 743.902 14:23:23
5.056 323.976 1875.610 14:23:24
5.076 148.098 748.293 14:23:25
5.072 161.683 857.561 14:23:26
5.072 150.683 1087.805 14:23:27
5.076 205.976 748.293 14:23:28
5.068 161.976 822.439 14:23:29
5.072 150.878 761.463 14:23:30
5.064 326.878 1488.293 14:23:31
5.060 249.683 1142.927 14:23:32
5.072 201.171 1041.463 14:23:33
5.064 152.878 1300.976 14:23:34
5.072 155.585 749.756 14:23:35
5.068 418.463 1687.805 14:23:36
5.068 155.293 783.902 14:23:37
5.072 177.780 819.024 14:23:38
5.076 148.488 750.244 14:23:39
5.072 159.195 803.415 14:23:40
5.072 161.390 951.707 14:23:41
5.072 199.293 1087.805 14:23:42
5.068 273.585 1051.220 14:23:43
5.076 148.585 752.683 14:23:44
5.072 159.683 811.220 14:23:45
5.072 227.268 824.878 14:23:46
5.076 161.683 819.024 14:23:47
5.064 330.878 1695.122 14:23:48
5.068 148.098 750.244 14:23:49
5.072 159.878 811.220 14:23:50
5.072 161.878 1875.610 14:23:51
5.076 161.780 820.000 14:23:52
5.072 181.878 1091.707 14:23:53
5.072 161.683 815.122 14:23:54
5.072 150.683 761.463 14:23:55
5.056 381.463 2145.854 14:23:56
5.072 186.171 930.244 14:23:57
5.064 161.488 1525.854 14:23:58
5.072 162.488 823.415 14:23:59
5.068 246.878 1251.707 14:24:00
5.056 288.976 1465.854 14:24:01
5.072 148.683 754.634 14:24:02
5.072 212.268 1365.854 14:24:03
5.068 161.780 824.878 14:24:04
5.064 260.366 1229.268 14:24:05
5.056 347.171 1808.780 14:24:06
5.060 248.878 1110.732 14:24:07
5.064 260.171 1033.171 14:24:08
5.072 148.195 750.244 14:24:09
5.072 161.780 820.976 14:24:10
5.076 161.878 823.415 14:24:11
5.064 223.878 1051.220 14:24:12
5.076 149.390 755.122 14:24:13
5.072 256.780 2339.512 14:24:14
5.064 220.878 980.488 14:24:15
5.068 148.683 1097.561 14:24:16
5.076 161.195 817.561 14:24:17
5.072 183.780 1608.293 14:24:18
5.060 348.976 1457.073 14:24:19
5.064 305.561 1726.341 14:24:20
5.076 149.098 745.854 14:24:21
5.068 246.878 1363.415 14:24:22
5.076 161.585 822.439 14:24:23
5.060 398.366 2213.171 14:24:24
5.064 328.463 1808.780 14:24:25
5.076 146.293 1035.610 14:24:26
5.072 250.366 816.585 14:24:27
5.076 162.488 820.976 14:24:28
5.060 331.780 1920.488 14:24:29
5.068 162.488 823.902 14:24:30
5.072 148.780 883.902 14:24:31
5.072 161.878 820.000 14:24:32
5.072 160.976 816.585 14:24:33
5.072 159.488 805.854 14:24:34
5.072 160.293 812.683 14:24:35
5.072 159.780 807.805 14:24:36
5.072 162.585 824.878 14:24:37
5.072 145.976 798.537 14:24:38
5.064 256.366 1365.854 14:24:39
5.064 275.585 1647.317 14:24:40
5.076 150.683 762.439 14:24:41
5.064 328.171 1257.073 14:24:42
5.072 176.073 810.244 14:24:43
5.072 161.976 820.000 14:24:44
5.072 161.683 820.976 14:24:45
5.068 285.976 1210.244 14:24:46
5.060 255.366 1935.122 14:24:47
5.064 242.268 1230.732 14:24:48
5.068 220.390 786.341 14:24:49
5.072 149.780 752.683 14:24:50
5.076 161.293 916.585 14:24:51
5.072 161.293 1245.854 14:24:52
5.068 178.976 880.976 14:24:54
5.076 145.585 742.439 14:24:55
5.072 174.780 819.024 14:24:56
5.072 176.390 816.585 14:24:57
5.068 213.488 855.122 14:24:58
5.064 303.561 1614.634 14:24:59
5.072 149.390 749.756 14:25:00
5.044 241.976 1246.829 14:25:01
5.076 147.293 745.854 14:25:02
5.072 145.976 744.878 14:25:03
5.072 161.976 1042.927 14:25:04
5.076 147.390 744.878 14:25:05
5.064 245.268 1240.976 14:25:06
5.072 151.780 768.780 14:25:07
5.068 212.073 1066.829 14:25:08
5.064 186.390 822.439 14:25:09
5.072 147.098 740.000 14:25:10
5.060 358.659 1062.927 14:25:11
5.072 334.561 770.244 14:25:12
5.072 160.195 813.659 14:25:13
5.064 243.488 1259.024 14:25:14
5.068 302.463 1382.439 14:25:15
5.068 221.488 1122.927 14:25:16
5.076 149.195 752.195 14:25:17
5.064 161.488 819.024 14:25:18
5.072 177.878 824.878 14:25:19
5.068 334.976 1472.195 14:25:20
5.064 281.878 1676.585 14:25:21
5.072 179.585 774.634 14:25:22
5.064 241.488 1273.171 14:25:23
5.072 200.390 1023.902 14:25:24
5.076 146.585 742.439 14:25:25
5.072 161.683 816.585 14:25:26
5.068 225.073 1146.829 14:25:27
5.072 256.463 1299.512 14:25:28
5.076 146.878 743.902 14:25:29
5.072 172.195 902.439 14:25:30
5.068 203.073 755.122 14:25:31
5.072 150.780 761.463 14:25:32
5.056 332.561 2218.537 14:25:33
5.068 157.390 792.195 14:25:34
5.072 216.268 1105.366 14:25:35
5.072 148.195 750.244 14:25:36
5.076 183.171 962.439 14:25:37
5.072 146.878 743.902 14:25:38
5.060 248.171 1681.463 14:25:39
5.064 392.756 2348.780 14:25:40
5.076 148.390 757.561 14:25:41
5.064 249.073 1256.585 14:25:42
5.076 152.780 774.634 14:25:43
5.068 402.268 1954.146 14:25:44
5.072 162.293 820.976 14:25:45
5.072 149.195 810.244 14:25:46
5.056 248.976 1251.707 14:25:47
5.072 189.976 1001.463 14:25:48
5.076 145.780 738.537 14:25:49
5.060 240.976 1040.488 14:25:50
5.072 160.683 812.683 14:25:51
5.068 222.488 1353.171 14:25:52
5.060 375.659 1838.049 14:25:53
5.072 197.585 927.805 14:25:54
5.072 159.878 905.366 14:25:55
5.068 200.878 1225.366 14:25:56
5.076 148.293 750.244 14:25:57
5.076 174.195 880.976 14:25:58
5.068 164.293 1607.317 14:25:59
5.056 324.366 2061.951 14:26:00
5.060 332.463 1754.146 14:26:01
5.068 192.293 975.122 14:26:02
5.076 147.683 754.634 14:26:03
5.072 161.390 820.976 14:26:04
5.072 159.878 811.220 14:26:05
5.048 405.366 1955.610 14:26:06
5.064 272.171 1434.634 14:26:07
5.076 147.780 753.659 14:26:08
5.072 147.293 1043.902 14:26:09
5.072 146.878 747.317 14:26:10
5.072 161.585 819.024 14:26:11
5.048 329.463 1251.707 14:26:12
5.072 187.683 920.488 14:26:13
5.072 173.073 883.902 14:26:14
5.072 160.073 807.317 14:26:15
5.064 293.073 818.537 14:26:16
5.064 194.780 1161.951 14:26:17
5.072 145.976 997.561 14:26:18
5.076 155.195 791.220 14:26:19
5.076 146.585 744.878 14:26:20
5.052 395.659 2018.049 14:26:21
5.072 193.683 773.659 14:26:22
5.072 147.780 748.293 14:26:23
5.076 153.878 777.561 14:26:24
5.076 146.683 744.878 14:26:25
5.068 287.683 1687.805 14:26:26
5.076 148.780 754.634 14:26:27
5.068 281.268 1254.146 14:26:28
5.072 161.488 816.098 14:26:29
5.076 150.976 848.780 14:26:30
5.064 334.366 2080.488 14:26:31
5.076 150.488 763.415 14:26:32
5.076 149.976 760.000 14:26:33
5.072 162.390 821.463 14:26:34
5.072 200.976 782.439 14:26:35
5.076 168.195 769.756 14:26:36
5.068 268.585 816.098 14:26:37
5.072 159.976 811.220 14:26:38
5.076 161.488 821.463 14:26:39
5.072 210.390 1148.293 14:26:40
5.064 300.366 1306.829 14:26:41
5.072 212.683 769.756 14:26:42
5.064 241.976 1732.683 14:26:43
5.076 161.976 817.561 14:26:44
5.072 159.390 807.317 14:26:45
5.068 186.390 926.341 14:26:46
5.076 148.683 751.220 14:26:47
5.072 162.073 823.902 14:26:49
5.072 173.780 1095.122 14:26:50
5.072 159.878 812.195 14:26:51
5.072 250.585 1491.220 14:26:52
5.076 146.585 745.854 14:26:53
5.068 215.976 949.268 14:26:54
5.064 332.268 1274.146 14:26:55
5.068 212.683 1082.927 14:26:56
5.064 209.976 1073.171 14:26:57
5.072 182.488 1312.195 14:26:58
5.068 246.683 1240.488 14:26:59
5.072 160.878 821.463 14:27:00
5.068 190.293 1020.488 14:27:01
5.064 248.878 1694.146 14:27:02
5.068 203.878 754.634 14:27:03
5.076 162.195 822.439 14:27:04
5.072 161.878 820.000 14:27:05
5.072 220.488 948.780 14:27:06
5.072 244.073 822.439 14:27:07
5.064 253.976 1317.073 14:27:08
5.064 261.780 1266.829 14:27:09
5.072 238.585 1061.951 14:27:10
5.076 160.976 819.024 14:27:11
5.060 161.976 822.439 14:27:12
5.064 278.463 1578.537 14:27:13
5.068 200.585 945.366 14:27:14
5.068 199.976 1020.488 14:27:15
5.064 147.683 856.585 14:27:16
5.076 152.293 771.220 14:27:17
5.072 161.683 820.000 14:27:18
5.068 216.171 974.146 14:27:19
5.068 255.073 1413.659 14:27:20
5.076 150.683 767.317 14:27:21
5.072 161.683 982.927 14:27:22
5.072 152.293 826.341 14:27:23
5.068 160.683 816.585 14:27:24
5.056 385.854 1889.268 14:27:25
5.072 237.683 985.366 14:27:26
5.068 219.780 1121.951 14:27:27
5.076 148.195 752.195 14:27:28
5.072 160.293 813.659 14:27:29
5.068 160.488 814.634 14:27:30
5.064 193.878 979.024 14:27:31
5.076 240.878 972.683 14:27:32
5.064 248.780 1308.293 14:27:33
5.068 289.463 935.122 14:27:34
5.072 199.293 820.976 14:27:35
5.072 192.488 982.439 14:27:36
5.076 172.073 876.585 14:27:37
5.068 244.976 1229.268 14:27:38
5.064 330.561 1584.878 14:27:39
5.068 201.073 1000.488 14:27:40
5.076 248.683 1005.366 14:27:41
5.076 152.488 773.659 14:27:42
5.072 160.683 818.537 14:27:43
5.064 243.585 1654.634 14:27:44
5.072 192.780 928.780 14:27:45
5.072 253.878 1014.146 14:27:46
5.076 146.293 746.341 14:27:47
5.072 160.780 815.122 14:27:48
5.072 161.878 823.902 14:27:49
5.068 191.780 928.780 14:27:50
5.068 227.878 1096.585 14:27:51
5.076 146.293 741.463 14:27:52
5.068 198.878 972.683 14:27:53
5.072 255.585 1037.561 14:27:54
5.072 147.878 750.244 14:27:55
5.064 162.073 823.415 14:27:56
5.076 190.976 819.024 14:27:57
5.064 234.976 1190.732 14:27:58
5.064 160.976 822.439 14:27:59
5.076 149.878 924.878 14:28:00
5.068 166.585 786.341 14:28:01
5.068 161.878 819.024 14:28:02
5.068 276.366 1209.268 14:28:03
5.072 160.195 813.659 14:28:04
5.068 248.366 1264.390 14:28:05
5.068 212.780 1230.244 14:28:06
5.076 152.293 768.780 14:28:07
5.060 273.780 1401.951 14:28:08
5.076 174.293 1190.244 14:28:09
5.068 256.878 1305.854 14:28:10
5.076 161.878 822.439 14:28:11
5.072 175.683 876.585 14:28:12
5.068 188.171 1539.512 14:28:13
5.076 153.390 774.634 14:28:14
5.076 243.171 1264.390 14:28:15
5.064 337.976 1255.610 14:28:16
5.072 178.488 1010.244 14:28:17
5.076 215.171 919.024 14:28:18
5.076 152.488 773.659 14:28:19
5.072 160.293 812.195 14:28:20
5.060 250.878 1274.146 14:28:21
5.072 219.488 976.585 14:28:22
5.072 288.976 1511.220 14:28:23
5.076 148.098 749.756 14:28:24
5.064 250.171 1255.610 14:28:25
5.072 161.878 818.537 14:28:26
5.072 183.293 1184.390 14:28:27
5.068 241.976 1142.927 14:28:28
5.072 146.683 745.854 14:28:29
5.064 246.073 1219.512 14:28:30
5.072 160.878 823.902 14:28:31
5.064 334.073 1716.098 14:28:32
5.068 224.268 1138.049 14:28:33
5.072 147.878 752.683 14:28:34
5.060 270.878 1309.268 14:28:35
5.064 225.780 774.634 14:28:36
5.060 328.561 1693.659 14:28:37
5.072 244.073 867.805 14:28:38
5.068 159.585 810.244 14:28:39
5.068 245.585 1389.756 14:28:40
5.072 180.585 946.341 14:28:41
5.052 245.366 1258.049 14:28:42
5.072 236.171 933.659 14:28:43
5.076 146.195 745.854 14:28:44
5.052 355.073 2034.146 14:28:46
5.076 153.195 775.122 14:28:47
5.072 159.878 811.220 14:28:48
5.076 160.683 812.683 14:28:49
5.076 146.488 743.415 14:28:50
5.064 280.878 1364.390 14:28:51
5.076 146.585 741.463 14:28:52
5.072 159.976 811.220 14:28:53
5.064 241.976 1252.195 14:28:54
5.076 148.976 752.683 14:28:55
5.072 228.171 1082.927 14:28:56
5.044 479.244 2016.585 14:28:57
5.076 147.585 854.146 14:28:58
5.076 161.195 822.439 14:28:59
5.072 161.683 816.585 14:29:00
5.076 160.293 810.244 14:29:01
5.056 341.073 1460.000 14:29:02
5.072 147.098 747.317 14:29:03
5.068 150.488 767.317 14:29:04
5.072 196.073 980.488 14:29:05
5.072 233.683 1389.756 14:29:06
5.056 407.756 2024.390 14:29:07
5.072 148.780 751.220 14:29:08
5.072 151.098 762.439 14:29:09
5.076 150.780 773.659 14:29:10
5.056 358.854 1796.098 14:29:11
5.072 155.683 793.659 14:29:12
5.072 182.683 1137.073 14:29:13
5.060 161.073 1430.732 14:29:14
5.068 213.585 1213.171 14:29:15
5.076 211.268 751.220 14:29:16
5.072 160.488 813.659 14:29:17
5.072 162.488 819.024 14:29:18
5.068 177.878 1292.195 14:29:19
5.072 161.683 818.537 14:29:20
5.076 164.195 824.878 14:29:21
5.060 338.878 2309.756 14:29:22
5.060 277.878 1623.902 14:29:23
5.076 237.780 1224.390 14:29:24
5.072 237.366 818.537 14:29:25
5.068 152.585 774.634 14:29:26
5.060 334.976 1684.878 14:29:27
5.076 161.976 822.439 14:29:28
5.072 149.683 749.756 14:29:29
5.072 213.683 1052.683 14:29:30
5.076 147.976 753.659 14:29:31
5.048 397.366 2433.659 14:29:32
5.072 161.878 813.659 14:29:33
5.076 148.293 1117.561 14:29:34
5.068 208.585 1058.049 14:29:35
5.072 147.780 752.683 14:29:36
5.044 450.146 2049.268 14:29:37
5.072 270.878 1380.488 14:29:38
5.076 146.878 743.902 14:29:39
5.072 208.390 1198.049 14:29:40
5.064 258.268 1640.976 14:29:41
5.072 209.390 922.927 14:29:42
5.064 334.268 1878.049 14:29:43
5.076 178.073 765.854 14:29:44
5.072 181.293 905.366 14:29:45
5.064 241.780 1261.951 14:29:46
5.068 210.268 1028.780 14:29:47
5.068 222.585 1121.951 14:29:48
5.072 210.780 1077.561 14:29:49
5.072 149.098 896.098 14:29:50
5.060 294.780 2506.341 14:29:51
5.072 159.585 804.878 14:29:52
5.076 147.976 749.756 14:29:53
5.064 259.585 1384.878 14:29:54
5.076 157.780 756.098 14:29:55
5.076 159.780 813.659 14:29:56
5.068 242.488 1700.976 14:29:57
5.076 155.195 740.000 14:29:58
5.056 368.171 1944.390 14:29:59
5.076 148.976 742.439 14:30:00
5.072 161.488 818.537 14:30:01
5.072 209.171 826.341 14:30:02
5.060 302.073 1513.171 14:30:03
5.060 327.171 1287.805 14:30:04
5.072 146.683 740.976 14:30:05
5.056 301.878 1240.976 14:30:06
5.060 169.780 864.878 14:30:07
5.072 325.073 900.000 14:30:08
5.072 162.293 823.902 14:30:09
5.076 184.976 750.244 14:30:10
5.068 304.463 1266.829 14:30:11
5.068 236.878 1214.146 14:30:12
5.068 196.585 993.659 14:30:13
5.072 250.171 861.463 14:30:14
5.076 147.976 754.634 14:30:15
5.076 153.390 776.098 14:30:16
5.076 161.683 774.634 14:30:17
5.056 410.268 2051.707 14:30:18
5.076 242.780 1348.293 14:30:19
5.072 184.488 929.268 14:30:20
5.068 268.683 1079.024 14:30:21
5.072 157.878 748.293 14:30:22
5.068 161.073 1252.195 14:30:23
5.072 160.878 816.098 14:30:24
5.072 170.073 966.341 14:30:25
5.076 153.098 1128.293 14:30:26
5.072 161.585 812.683 14:30:27
5.064 248.585 1405.854 14:30:28
5.076 162.390 827.805 14:30:29
5.072 182.585 1119.024 14:30:30
5.076 150.878 763.902 14:30:31
5.072 160.073 810.244 14:30:32
5.060 204.390 1081.463 14:30:33
5.068 186.878 1029.268 14:30:34
5.068 195.171 995.122 14:30:35
5.072 148.976 1035.122 14:30:36
5.072 162.683 1271.707 14:30:37
5.064 295.561 1172.683 14:30:38
5.068 180.293 1006.341 14:30:39
5.068 258.976 1261.951 14:30:41
5.076 148.098 756.098 14:30:42
5.072 161.585 818.537 14:30:43
5.076 161.878 908.780 14:30:44
5.068 188.293 912.683 14:30:45
5.072 161.976 822.439 14:30:46
5.072 147.293 740.000 14:30:47
5.068 162.390 1233.171 14:30:48
5.072 206.683 754.634 14:30:49
5.068 398.171 2372.683 14:30:50
5.076 240.488 1339.512 14:30:51
5.072 185.293 984.878 14:30:52
5.064 245.683 1307.317 14:30:53
5.072 160.390 812.683 14:30:54
5.076 146.976 745.854 14:30:55
5.064 169.780 860.000 14:30:56
5.072 199.488 856.585 14:30:57
5.076 161.780 823.902 14:30:58
5.064 364.854 1794.146 14:30:59
5.072 203.488 752.195 14:31:00
5.072 164.390 833.659 14:31:01
5.076 161.585 832.683 14:31:02
5.068 254.073 1735.122 14:31:03
5.076 160.488 814.634 14:31:04
5.072 146.976 1144.390 14:31:05
5.076 160.390 814.634 14:31:06
5.076 159.585 810.244 14:31:07
5.056 183.976 1022.927 14:31:08
5.076 161.878 1032.683 14:31:09
5.068 212.683 1119.512 14:31:10
5.068 214.268 1083.902 14:31:11
5.076 149.585 1640.976 14:31:12
5.072 173.683 879.024 14:31:13
5.064 248.585 1420.976 14:31:14
5.072 185.488 1174.146 14:31:15
5.076 145.390 1025.366 14:31:16
5.068 229.268 830.244 14:31:17
5.072 146.195 746.341 14:31:18
5.072 162.293 1240.488 14:31:19
5.076 198.390 743.415 14:31:20
5.052 409.951 1969.268 14:31:21
5.068 211.976 1031.707 14:31:22
5.076 148.683 755.122 14:31:23
5.072 168.293 816.585 14:31:24
5.072 150.878 774.634 14:31:25
5.068 209.585 1182.927 14:31:26
5.072 185.293 982.439 14:31:27
5.072 161.390 820.976 14:31:28
5.052 411.756 2389.756 14:31:29
5.076 146.390 743.415 14:31:30
5.076 161.390 818.537 14:31:31
5.076 213.683 776.098 14:31:32
5.076 160.073 812.683 14:31:33
5.056 471.951 2313.171 14:31:34
5.076 147.780 752.195 14:31:35
5.068 244.073 1228.293 14:31:36
5.072 161.780 823.902 14:31:37
5.076 159.585 808.780 14:31:38
5.056 412.659 2094.146 14:31:39
5.076 146.390 740.000 14:31:40
5.072 152.488 773.659 14:31:41
5.076 161.878 816.585 14:31:42
5.060 418.561 2060.488 14:31:43
5.064 260.463 1418.537 14:31:44
5.072 148.195 800.000 14:31:45
5.076 161.780 817.561 14:31:46
5.072 158.683 812.195 14:31:47
5.064 291.683 1448.293 14:31:48
5.060 338.756 1662.439 14:31:49
5.076 147.390 742.439 14:31:50
5.068 161.976 820.976 14:31:51
5.064 288.171 1231.707 14:31:52
5.076 151.976 768.780 14:31:53
5.068 208.488 1374.634 14:31:54
5.072 146.488 748.293 14:31:55
5.060 335.659 1646.341 14:31:56
5.072 192.683 940.000 14:31:57
5.076 161.488 817.561 14:31:58
5.072 215.780 827.805 14:31:59
5.072 150.195 765.854 14:32:00
5.052 369.463 1920.000 14:32:01
5.076 148.195 749.756 14:32:02
5.072 160.195 812.683 14:32:03
5.072 222.268 976.585 14:32:04
5.072 161.976 1221.951 14:32:05
5.072 161.878 822.439 14:32:06
5.072 244.683 1457.073 14:32:07
5.072 160.293 812.683 14:32:08
5.060 294.683 1438.049 14:32:09
5.076 148.098 823.415 14:32:10
5.072 152.390 1328.293 14:32:11
5.060 324.073 1880.488 14:32:12
5.064 267.073 1429.756 14:32:13
5.068 224.683 1159.024 14:32:14
5.076 153.390 774.634 14:32:15
5.072 175.488 815.122 14:32:16
5.076 210.390 824.878 14:32:17
5.064 249.488 1411.220 14:32:18
5.064 242.268 1223.415 14:32:19
5.072 210.683 1064.390 14:32:20
5.076 150.976 761.463 14:32:21
5.076 151.390 760.976 14:32:22
5.072 210.073 1006.341 14:32:23
5.060 270.878 1659.024 14:32:24
5.068 214.585 991.707 14:32:25
5.064 262.683 1681.463 14:32:26
5.072 161.073 1037.561 14:32:27
5.072 246.780 1954.146 14:32:28
5.068 194.585 985.366 14:32:29
5.064 169.878 861.463 14:32:30
5.056 245.268 1800.488 14:32:31
5.072 162.390 823.902 14:32:32
5.060 318.073 1388.293 14:32:33
5.076 161.390 820.000 14:32:35
5.072 162.073 820.976 14:32:36
5.072 305.463 1018.049 14:32:37
5.072 276.366 1384.390 14:32:38
5.072 225.073 1294.634 14:32:39
5.072 151.098 812.683 14:32:40
5.072 161.195 820.976 14:32:41
5.072 217.976 988.780 14:32:42
5.072 171.293 916.585 14:32:43
5.068 186.780 945.366 14:32:44
5.072 164.390 834.634 14:32:45
5.068 169.780 862.439 14:32:46
5.064 343.268 1726.341 14:32:47
5.072 159.780 1233.171 14:32:48
5.068 339.659 2395.122 14:32:49
5.076 160.390 1127.805 14:32:50
5.068 244.366 1236.585 14:32:51
5.064 298.463 1761.463 14:32:52
5.072 262.463 867.317 14:32:53
5.056 406.951 1130.732 14:32:54
5.060 332.463 1632.195 14:32:55
5.072 325.976 1291.707 14:32:56
5.072 195.488 989.268 14:32:57
5.064 258.268 1250.244 14:32:58
5.068 151.390 862.439 14:32:59
5.060 218.268 1069.268 14:33:00
5.072 193.780 897.561 14:33:01
5.072 147.098 739.512 14:33:02
5.072 217.488 858.537 14:33:03
5.072 180.073 774.634 14:33:04
5.068 246.878 1226.829 14:33:05
5.060 417.756 1377.073 14:33:06
5.072 148.878 754.634 14:33:07
5.076 160.293 817.561 14:33:08
5.072 152.195 768.293 14:33:09
5.060 316.073 1687.317 14:33:10
5.064 298.366 1103.902 14:33:11
5.076 152.780 773.659 14:33:12
5.064 205.073 1042.439 14:33:13
5.060 332.463 1685.366 14:33:14
5.068 224.073 1112.683 14:33:15
5.072 147.390 746.341 14:33:16
5.072 159.488 810.244 14:33:17
5.072 247.171 1233.171 14:33:18
5.064 337.366 1619.024 14:33:19
5.072 190.293 919.024 14:33:20
5.072 152.585 772.683 14:33:21
5.072 160.293 820.976 14:33:22
5.060 325.366 2116.585 14:33:23
5.072 162.195 821.463 14:33:24
5.072 200.780 1018.049 14:33:25
5.072 162.878 822.439 14:33:26
5.076 182.976 784.878 14:33:27
5.052 365.366 2131.707 14:33:28
5.072 159.878 1286.829 14:33:29
5.068 276.268 1286.829 14:33:30
5.068 250.585 1265.854 14:33:31
5.072 176.293 1077.561 14:33:32
5.064 473.561 2047.805 14:33:33
5.076 161.976 926.341 14:33:34
5.068 200.073 951.220 14:33:35
5.072 228.268 792.195 14:33:36
5.076 148.976 751.220 14:33:37
5.052 342.171 2322.439 14:33:38
5.076 159.585 812.195 14:33:39
5.072 146.195 744.878 14:33:40
5.060 249.488 1278.049 14:33:41
5.076 149.976 763.902 14:33:42
5.068 204.293 985.366 14:33:43
5.072 148.293 752.195 14:33:44
5.076 147.585 748.780 14:33:45
5.060 389.463 1464.390 14:33:46
5.076 146.780 743.415 14:33:47
5.060 342.976 1607.317 14:33:48
5.076 188.585 1233.171 14:33:49
5.068 211.585 1076.585 14:33:50
5.064 314.878 1493.659 14:33:51
5.072 146.585 748.293 14:33:52
5.072 160.195 811.220 14:33:53
5.072 166.878 840.000 14:33:54
5.072 148.683 752.195 14:33:55
5.064 253.585 1523.902 14:33:56
5.068 206.268 1071.707 14:33:57
5.072 215.976 1243.415 14:33:58
5.072 150.878 763.902 14:33:59
5.072 147.976 1014.146 14:34:00
5.056 254.268 1240.488 14:34:01
5.076 146.488 1037.561 14:34:02
5.064 336.268 1791.707 14:34:03
5.076 162.073 822.439 14:34:04
5.072 160.390 813.659 14:34:05
5.068 331.073 1309.756 14:34:06
5.072 183.585 1110.244 14:34:07
5.056 403.171 2037.073 14:34:08
5.064 208.073 1245.366 14:34:09
5.072 288.463 1022.439 14:34:10
5.064 271.585 1577.073 14:34:11
5.072 207.390 1246.829 14:34:12
5.076 149.585 757.073 14:34:13
5.064 252.683 824.878 14:34:14
5.072 207.390 1023.902 14:34:15
5.064 247.171 1260.488 14:34:16
5.060 300.683 1123.902 14:34:17
5.076 146.293 744.878 14:34:18
5.060 251.268 1248.293 14:34:19
5.064 268.268 1101.463 14:34:20
5.068 264.073 1300.976 14:34:21
5.076 160.293 812.683 14:34:22
5.072 146.390 739.512 14:34:23
5.064 290.878 1144.390 14:34:24
5.076 147.488 743.415 14:34:25
5.068 206.585 1122.927 14:34:26
5.072 160.293 814.634 14:34:27
5.072 253.585 903.902 14:34:28
5.068 216.780 1076.585 14:34:30
5.076 147.293 742.439 14:34:31
5.060 330.976 1652.195 14:34:32
5.072 177.780 1099.512 14:34:33
5.064 316.171 1230.732 14:34:34
5.060 246.976 1257.073 14:34:35
5.076 148.098 750.244 14:34:36
5.072 219.268 825.366 14:34:37
5.076 160.976 822.439 14:34:38
5.056 281.171 1289.756 14:34:39
5.072 161.878 820.976 14:34:40
5.072 148.390 1053.171 14:34:41
5.068 263.073 1239.512 14:34:42
5.076 148.293 833.659 14:34:43
5.076 150.293 759.512 14:34:44
5.076 230.268 1270.732 14:34:45
5.068 206.683 1114.146 14:34:46
5.072 185.488 957.561 14:34:47
5.068 169.585 766.341 14:34:48
5.076 161.488 820.976 14:34:49
5.072 162.073 827.805 14:34:50
5.068 224.171 1132.683 14:34:51
5.076 160.976 815.122 14:34:52
5.076 160.390 812.683 14:34:53
5.064 252.976 817.561 14:34:54
5.072 159.683 810.244 14:34:55
5.072 161.585 971.707 14:34:56
5.044 389.366 1270.732 14:34:57
5.072 159.780 815.122 14:34:58
5.060 327.171 1636.098 14:34:59
5.072 161.878 816.585 14:35:00
5.072 195.683 947.805 14:35:01
5.072 151.878 769.756 14:35:02
5.068 160.488 815.122 14:35:03
5.076 246.780 1254.146 14:35:04
5.072 187.293 942.927 14:35:05
5.064 241.976 1373.171 14:35:06
5.052 330.463 1647.805 14:35:07
5.076 148.683 760.976 14:35:08
5.076 191.293 754.634 14:35:09
5.072 155.390 1225.366 14:35:10
5.076 159.780 810.244 14:35:11
5.068 212.171 922.439 14:35:12
5.064 271.073 1260.976 14:35:13
5.060 282.171 1425.854 14:35:14
5.052 409.659 1787.805 14:35:15
5.064 216.878 1091.707 14:35:16
5.076 147.488 743.902 14:35:17
5.072 159.585 810.244 14:35:18
5.072 159.878 810.244 14:35:19
5.068 337.756 1293.171 14:35:20
5.068 162.195 823.415 14:35:21
5.076 147.976 767.317 14:35:22
5.068 244.268 1234.146 14:35:23
5.076 147.585 755.122 14:35:24
5.064 263.780 1258.049 14:35:25
5.072 152.976 771.220 14:35:26
5.068 213.171 924.878 14:35:27
5.072 253.488 820.976 14:35:28
5.072 150.780 1081.463 14:35:29
5.072 201.878 1240.976 14:35:30
5.076 147.683 763.902 14:35:31
5.072 245.488 1046.829 14:35:32
5.068 245.976 1237.073 14:35:33
5.076 148.585 1027.805 14:35:34
5.072 359.463 1022.927 14:35:35
5.076 153.293 769.756 14:35:36
5.076 160.780 814.634 14:35:37
5.076 160.683 812.683 14:35:38
5.068 213.976 1092.683 14:35:39
5.068 312.268 1249.268 14:35:40
5.072 148.683 756.098 14:35:41
5.068 245.488 1286.829 14:35:42
5.072 183.293 979.024 14:35:43
5.076 187.390 1007.805 14:35:44
5.072 179.683 776.098 14:35:45
5.072 174.780 907.317 14:35:46
5.068 207.488 1161.951 14:35:47
5.068 226.073 1199.512 14:35:48
5.072 187.878 988.780 14:35:49
5.072 148.585 847.317 14:35:50
5.076 162.073 820.976 14:35:51
5.076 160.293 813.659 14:35:52
5.072 147.976 754.634 14:35:53
5.072 161.390 822.439 14:35:54
5.068 247.488 1017.561 14:35:55
5.056 409.854 2340.000 14:35:56
5.068 224.976 1115.610 14:35:57
5.072 161.195 818.537 14:35:58
5.060 259.780 1276.585 14:35:59
5.068 243.171 810.244 14:36:00
5.068 248.488 1214.146 14:36:01
5.064 245.073 1250.244 14:36:02
5.072 189.585 825.366 14:36:03
5.072 162.293 820.976 14:36:04
5.072 162.683 825.366 14:36:05
5.064 326.463 1481.951 14:36:06
5.064 288.878 1437.073 14:36:07
5.072 202.878 1015.122 14:36:08
5.072 243.073 1201.951 14:36:09
5.068 248.268 1260.488 14:36:10
5.064 232.780 756.098 14:36:11
5.064 245.366 1238.049 14:36:12
5.072 202.976 999.024 14:36:13
5.076 159.878 813.659 14:36:14
5.060 282.561 1643.902 14:36:15
5.064 280.878 1270.732 14:36:16
5.068 244.585 1619.024 14:36:17
5.072 147.780 761.463 14:36:18
5.068 246.488 1265.366 14:36:19
5.064 250.268 1238.049 14:36:20
5.072 186.878 971.707 14:36:21
5.076 150.488 768.293 14:36:22
5.076 151.878 765.854 14:36:23
5.072 197.171 1009.268 14:36:25
5.064 243.268 1244.390 14:36:26
5.064 236.878 1044.390 14:36:27
5.076 177.878 899.024 14:36:28
5.068 249.585 1251.707 14:36:29
5.064 247.268 1239.024 14:36:30
5.064 293.073 1466.829 14:36:31
5.068 213.171 1080.000 14:36:32
5.076 148.098 757.073 14:36:33
5.072 162.073 827.317 14:36:34
5.076 158.683 772.683 14:36:35
5.052 423.659 2213.171 14:36:36
5.068 161.976 821.463 14:36:37
5.076 160.390 813.659 14:36:38
5.056 339.561 2198.049 14:36:39
5.072 181.878 1084.390 14:36:40
5.072 265.585 1240.976 14:36:41
5.044 485.463 2432.683 14:36:42
5.072 153.098 773.659 14:36:43
5.068 245.073 1246.829 14:36:44
5.060 251.976 1271.707 14:36:45
5.072 148.098 752.683 14:36:46
5.076 147.098 746.341 14:36:47
5.072 155.293 787.805 14:36:48
5.076 159.585 814.634 14:36:49
5.064 276.878 1396.098 14:36:50
5.072 181.683 953.659 14:36:51
5.076 160.780 820.976 14:36:52
5.068 209.585 1063.902 14:36:53
5.072 148.585 749.756 14:36:54
5.068 237.171 1778.537 14:36:55
5.060 391.463 1652.683 14:36:56
5.060 248.878 1309.268 14:36:57
5.060 238.780 1798.049 14:36:58
5.072 203.780 844.878 14:36:59
5.076 152.780 1537.561 14:37:00
5.072 162.195 1289.756 14:37:01
5.072 161.780 820.976 14:37:02
5.068 259.366 1605.854 14:37:03
5.072 326.366 1230.732 14:37:04
5.068 195.293 1048.780 14:37:05
5.072 152.976 775.122 14:37:06
5.064 248.073 1261.951 14:37:07
5.072 184.488 973.659 14:37:08
5.068 274.463 1434.634 14:37:09
5.064 291.171 1490.732 14:37:10
5.072 152.780 775.122 14:37:11
5.064 343.463 851.220 14:37:12
5.068 198.683 987.805 14:37:13
5.052 323.268 1383.415 14:37:14
5.068 248.585 1250.244 14:37:15
5.072 176.293 1239.512 14:37:16
5.068 184.878 826.341 14:37:17
5.072 162.488 820.000 14:37:18
5.076 152.878 772.195 14:37:19
5.072 184.390 927.317 14:37:20
5.076 211.171 773.659 14:37:21
5.068 162.488 822.439 14:37:22
5.060 276.171 1530.732 14:37:23
5.076 160.683 815.122 14:37:24
5.068 214.488 1089.268 14:37:25
5.076 148.293 752.195 14:37:26
5.072 162.073 911.220 14:37:27
5.064 340.756 1103.902 14:37:28
5.064 320.561 1219.512 14:37:29
5.064 348.463 1687.805 14:37:30
5.072 148.585 752.195 14:37:31
5.076 146.390 744.878 14:37:32
5.076 160.585 814.634 14:37:33
5.072 159.878 1234.634 14:37:34
5.056 305.561 1553.659 14:37:35
5.068 244.488 1231.707 14:37:36
5.076 155.683 746.341 14:37:37
5.064 253.073 819.024 14:37:38
5.072 200.073 969.268 14:37:39
5.060 265.366 893.659 14:37:40
5.060 332.659 1778.537 14:37:41
5.068 190.878 985.366 14:37:42
5.076 177.293 821.463 14:37:43
5.076 151.390 768.293 14:37:44
5.056 427.659 2142.927 14:37:45
5.076 146.098 748.293 14:37:46
5.076 160.195 809.756 14:37:47
5.064 319.268 2402.439 14:37:48
5.072 160.488 885.366 14:37:49
5.068 196.073 1011.707 14:37:50
5.076 160.488 811.220 14:37:51
5.076 159.488 815.122 14:37:52
5.068 241.171 1221.951 14:37:53
5.068 230.488 1129.268 14:37:54
5.072 159.195 807.317 14:37:55
5.056 321.659 1643.902 14:37:56
5.068 218.683 999.024 14:37:57
5.056 348.976 1245.366 14:37:58
5.076 224.878 1019.024 14:37:59
5.064 296.171 1238.049 14:38:00
5.072 161.878 1269.268 14:38:01
5.072 161.780 920.488 14:38:02
5.068 423.561 1854.146 14:38:03
5.072 240.268 1001.463 14:38:04
5.072 146.488 746.341 14:38:05
5.064 213.268 1171.707 14:38:06
5.072 254.683 1300.976 14:38:07
5.072 198.171 995.610 14:38:08
5.072 162.073 822.439 14:38:09
5.076 187.585 951.220 14:38:10
5.072 179.073 897.561 14:38:11
5.072 161.878 1256.585 14:38:12
5.068 287.073 1254.634 14:38:13
5.072 216.878 1199.024 14:38:14
5.060 253.585 1229.268 14:38:15
5.072 148.098 749.756 14:38:16
5.072 165.073 836.098 14:38:17
5.072 171.195 822.439 14:38:18
5.064 248.366 1267.805 14:38:20
5.044 351.756 1474.634 14:38:21
5.076 146.878 743.902 14:38:22
5.060 473.951 2372.683 14:38:23
5.072 170.488 1127.805 14:38:24
5.068 160.683 854.146 14:38:25
5.068 249.780 1288.293 14:38:26
5.072 161.073 820.976 14:38:27
5.044 405.463 1816.098 14:38:28
5.060 331.878 1285.854 14:38:29
5.068 198.488 947.805 14:38:30
5.072 146.976 999.024 14:38:31
5.072 146.780 740.000 14:38:32
5.044 462.854 2259.512 14:38:33
5.056 324.171 1543.415 14:38:34
5.068 247.878 1338.049 14:38:35
5.072 203.585 791.220 14:38:36
5.072 160.073 812.195 14:38:37
5.056 416.561 2106.829 14:38:38
5.076 161.293 814.634 14:38:39
5.052 406.073 1687.317 14:38:40
5.072 200.585 754.634 14:38:41
5.072 148.878 750.244 14:38:42
5.052 333.659 1651.220 14:38:43
5.072 151.976 771.220 14:38:44
5.056 350.366 1677.561 14:38:45
5.072 162.780 824.878 14:38:46
5.076 147.585 754.634 14:38:47
5.056 362.976 1735.122 14:38:48
5.072 178.780 817.561 14:38:49
5.076 159.976 812.195 14:38:50
5.072 154.780 945.366 14:38:51
5.064 274.366 1405.854 14:38:52
5.076 153.585 774.634 14:38:53
5.072 161.585 818.537 14:38:54
5.064 274.780 1392.195 14:38:55
5.060 327.878 1677.561 14:38:56
5.076 148.878 752.195 14:38:57
5.072 161.976 822.439 14:38:58
5.056 248.976 1312.195 14:38:59
5.072 272.268 1165.366 14:39:00
5.068 150.683 767.317 14:39:01
5.072 161.780 823.415 14:39:02
5.072 166.390 1994.146 14:39:03
5.056 334.268 1864.390 14:39:04
5.072 213.390 1161.951 14:39:05
5.076 227.268 774.634 14:39:06
5.072 161.878 816.585 14:39:07
5.064 249.073 1266.829 14:39:08
5.056 360.268 1762.439 14:39:09
5.072 185.073 935.122 14:39:10
5.076 147.488 747.317 14:39:11
5.076 159.878 819.024 14:39:12
5.060 341.366 1636.098 14:39:13
5.060 340.561 1687.805 14:39:14
5.068 244.268 1263.415 14:39:15
5.076 216.878 827.317 14:39:16
5.072 148.683 796.098 14:39:17
5.068 250.683 1219.512 14:39:18
5.068 236.268 979.024 14:39:19
5.068 249.268 1390.732 14:39:20
5.068 208.171 1055.610 14:39:21
5.072 152.780 775.122 14:39:22
5.076 211.683 777.073 14:39:23
5.068 247.366 1250.244 14:39:24
5.064 252.073 1284.390 14:39:25
5.068 273.073 1378.049 14:39:26
5.072 182.976 948.780 14:39:27
5.068 263.073 1333.171 14:39:28
5.064 325.463 1386.829 14:39:29
5.060 346.171 1754.146 14:39:30
5.064 290.171 1469.756 14:39:31
5.076 149.098 756.098 14:39:32
5.076 162.195 823.415 14:39:33
5.072 159.488 852.195 14:39:34
5.064 189.780 1046.829 14:39:35
5.060 329.268 1684.878 14:39:36
5.060 223.683 1129.268 14:39:37
5.072 152.195 776.098 14:39:38
5.072 189.780 1350.732 14:39:39
5.056 379.268 1692.683 14:39:40
5.068 285.683 1143.902 14:39:41
5.064 242.171 1263.415 14:39:42
5.072 252.488 818.537 14:39:43
5.072 156.488 754.634 14:39:44
5.064 243.488 1280.488 14:39:45
5.072 162.390 1500.000 14:39:46
5.068 250.878 1139.512 14:39:47
5.076 148.195 744.878 14:39:48
5.076 151.098 768.293 14:39:49
5.068 263.878 816.098 14:39:50
5.064 247.780 1246.829 14:39:51
5.068 222.976 1121.951 14:39:52
5.076 174.683 744.878 14:39:53
5.072 161.878 823.415 14:39:54
5.060 344.463 1640.976 14:39:55
5.060 355.463 1481.951 14:39:56
5.072 148.585 831.220 14:39:57
5.076 160.585 1265.366 14:39:58
5.068 250.488 1229.268 14:39:59
5.064 281.171 1674.634 14:40:00
5.068 334.976 1293.171 14:40:01
5.068 219.390 1113.171 14:40:02
5.072 193.293 1506.341 14:40:03
5.060 332.268 1742.927 14:40:04
5.068 149.293 752.683 14:40:05
5.072 166.585 966.829 14:40:06
5.076 160.683 812.683 14:40:07
5.052 395.171 1424.878 14:40:08
5.068 155.780 792.683 14:40:09
5.076 212.073 750.244 14:40:10
5.052 315.171 1360.488 14:40:11
5.076 150.293 772.683 14:40:12
5.068 249.268 1215.610 14:40:13
5.076 162.390 822.439 14:40:14
5.072 179.585 913.659 14:40:15
5.064 305.976 1398.537 14:40:16
5.056 404.463 2120.488 14:40:17
5.072 203.171 752.195 14:40:19
5.072 159.878 812.683 14:40:20
5.072 161.293 827.317 14:40:21
5.060 254.878 1214.634 14:40:22
5.068 246.268 1358.049 14:40:23
5.068 185.878 758.537 14:40:24
5.076 163.073 812.683 14:40:25
5.072 162.073 813.659 14:40:26
5.060 287.366 1574.634 14:40:27
5.064 279.366 1566.341 14:40:28
5.068 202.390 752.683 14:40:29
5.076 146.780 743.902 14:40:30
5.072 161.878 820.976 14:40:31
5.052 372.366 1867.805 14:40:32
5.068 334.561 1727.805 14:40:33
5.072 234.488 1046.341 14:40:34
5.072 152.585 824.878 14:40:35
5.072 161.683 942.927 14:40:36
5.068 242.780 1230.732 14:40:37
5.072 201.488 982.439 14:40:38
5.052 390.951 1784.878 14:40:39
5.060 288.073 1033.171 14:40:40
5.076 161.976 964.878 14:40:41
5.068 215.976 944.878 14:40:42
5.072 205.171 1002.439 14:40:43
5.068 248.780 1273.171 14:40:44
5.072 162.390 823.902 14:40:45
5.064 267.463 1418.537 14:40:46
5.072 181.976 933.659 14:40:47
5.068 160.488 812.683 14:40:48
5.072 150.878 767.317 14:40:49
5.064 319.780 1344.878 14:40:50
5.056 246.073 1244.390 14:40:51
5.068 181.390 896.585 14:40:52
5.068 297.366 1229.268 14:40:53
5.076 160.293 1619.024 14:40:54
5.072 161.585 819.024 14:40:55
5.060 254.366 1248.293 14:40:56
5.072 262.976 1523.415 14:40:57
5.072 155.585 784.878 14:40:58
5.076 206.683 900.000 14:40:59
5.072 239.268 1427.317 14:41:00
5.072 212.683 986.829 14:41:01
5.072 152.780 772.683 14:41:02
5.068 272.683 1076.585 14:41:03
5.060 445.268 1241.951 14:41:04
5.064 270.976 1384.878 14:41:05
5.076 162.585 1007.805 14:41:06
5.072 261.463 821.463 14:41:07
5.072 257.366 1285.854 14:41:08
5.072 191.488 1022.927 14:41:09
5.072 193.293 986.829 14:41:10
5.056 327.561 1618.537 14:41:11
5.076 148.390 1039.024 14:41:12
5.076 162.195 819.024 14:41:13
5.072 162.488 820.976 14:41:14
5.064 249.171 1254.634 14:41:15
5.072 201.390 1015.122 14:41:16
5.072 150.098 761.463 14:41:17
5.072 153.098 777.073 14:41:18
5.076 163.390 831.220 14:41:19
5.064 183.878 940.488 14:41:20
5.064 306.878 1552.683 14:41:21
5.068 264.585 2290.732 14:41:22
5.072 160.488 818.537 14:41:23
5.064 285.976 1848.780 14:41:24
5.068 213.780 1079.024 14:41:25
5.064 209.585 1269.756 14:41:26
5.064 242.268 1251.707 14:41:27
5.072 162.293 821.463 14:41:28
5.068 279.585 1521.951 14:41:29
5.064 203.976 1031.220 14:41:30
5.064 284.976 1400.976 14:41:31
5.072 182.683 988.780 14:41:32
5.068 248.366 1295.610 14:41:33
5.072 162.585 819.024 14:41:34
5.072 160.683 813.659 14:41:35
5.060 342.659 1729.756 14:41:36
5.072 162.073 821.463 14:41:37
5.076 160.585 816.585 14:41:38
5.068 245.585 1254.146 14:41:39
5.072 184.390 928.780 14:41:40
5.076 161.976 822.439 14:41:41
5.060 274.073 1230.732 14:41:42
5.060 334.366 1726.341 14:41:43
5.064 241.976 1238.049 14:41:44
5.076 148.976 757.073 14:41:45
5.068 164.585 820.976 14:41:46
5.068 177.195 898.537 14:41:47
5.072 182.073 889.756 14:41:48
5.064 194.171 822.439 14:41:49
5.064 274.073 1239.024 14:41:50
5.076 162.488 767.317 14:41:51
5.076 163.488 1206.829 14:41:52
5.068 258.780 1260.488 14:41:53
5.072 207.268 1116.585 14:41:54
5.072 172.878 977.561 14:41:55
5.072 148.195 743.902 14:41:56
5.076 160.683 815.122 14:41:57
5.068 246.366 1239.024 14:41:58
5.072 263.780 1066.341 14:41:59
5.068 220.780 1086.341 14:42:00
5.076 152.878 777.073 14:42:01
5.060 268.366 1544.878 14:42:02
5.068 209.073 1002.439 14:42:03
5.068 205.780 997.561 14:42:04
5.068 243.878 823.415 14:42:05
5.068 203.878 1086.341 14:42:06
5.076 161.390 823.415 14:42:07
5.072 164.488 834.634 14:42:08
5.060 290.780 1371.707 14:42:09
5.072 291.171 1018.049 14:42:10
5.072 169.976 751.220 14:42:11
5.072 163.293 827.317 14:42:12
5.076 152.195 773.659 14:42:13
5.068 282.683 1493.171 14:42:14
5.060 244.976 1242.927 14:42:16
5.072 161.585 818.537 14:42:17
5.064 347.756 1381.951 14:42:18
5.076 147.585 980.488 14:42:19
5.076 162.976 899.024 14:42:20
5.076 252.073 1053.171 14:42:21
5.064 173.488 827.317 14:42:22
5.068 200.683 1448.293 14:42:23
5.072 213.488 1108.293 14:42:24
5.072 169.683 820.976 14:42:25
5.076 153.195 1100.488 14:42:26
5.072 195.878 986.829 14:42:27
5.052 365.976 1945.366 14:42:28
5.072 200.976 966.341 14:42:29
5.068 241.878 1556.098 14:42:30
5.076 162.488 1298.537 14:42:31
5.072 162.195 888.780 14:42:32
5.068 194.780 974.146 14:42:33
5.068 184.171 1006.341 14:42:34
5.068 214.390 1083.902 14:42:35
5.076 152.976 774.634 14:42:36
5.072 162.195 823.415 14:42:37
5.064 300.073 1259.512 14:42:38
5.064 254.488 1348.293 14:42:39
5.076 162.585 823.415 14:42:40
5.072 152.390 777.073 14:42:41
5.068 246.073 1240.488 14:42:42
5.068 228.488 1149.268 14:42:43
5.072 182.390 940.488 14:42:44
5.072 162.195 826.341 14:42:45
5.076 280.976 1146.341 14:42:46
5.056 252.171 1292.195 14:42:47
5.072 214.171 1089.268 14:42:48
5.072 148.585 750.244 14:42:49
5.072 162.390 969.268 14:42:50
5.064 242.683 1228.293 14:42:51
5.072 161.780 823.902 14:42:52
5.072 221.878 880.976 14:42:53
5.064 310.268 1419.512 14:42:54
5.076 152.780 779.024 14:42:55
5.064 214.073 1087.805 14:42:56
5.072 148.585 757.073 14:42:57
5.076 160.293 816.098 14:42:58
5.068 211.073 980.488 14:42:59
5.068 214.390 1098.049 14:43:00
5.068 319.463 1265.366 14:43:01
5.072 162.073 823.902 14:43:02
5.056 341.756 1688.780 14:43:03
5.068 215.390 1134.146 14:43:04
5.068 273.073 1481.951 14:43:05
5.072 152.976 775.122 14:43:06
5.076 160.195 817.561 14:43:07
5.052 471.951 2396.098 14:43:08
5.068 245.683 1240.976 14:43:09
5.060 276.976 1540.976 14:43:10
5.072 148.976 754.634 14:43:11
5.072 162.195 818.537 14:43:12
5.068 299.976 955.122 14:43:13
5.072 207.585 1056.585 14:43:14
5.068 271.171 1447.317 14:43:15
5.076 162.293 824.878 14:43:16
5.072 260.878 1369.268 14:43:17
5.076 241.780 1110.732 14:43:18
5.072 217.683 789.756 14:43:19
5.072 180.488 820.976 14:43:20
5.064 245.488 1234.634 14:43:21
5.072 165.683 840.000 14:43:22
5.072 176.683 1242.927 14:43:23
5.072 148.488 752.195 14:43:24
5.072 151.976 777.073 14:43:25
5.076 161.488 820.000 14:43:26
5.048 410.951 1653.659 14:43:27
5.064 312.268 1336.098 14:43:28
5.076 148.683 801.463 14:43:29
5.072 147.390 777.073 14:43:30
5.060 248.585 1401.951 14:43:31
5.064 248.585 1265.366 14:43:32
5.060 337.756 1476.098 14:43:33
5.076 162.073 1049.268 14:43:34
5.076 217.268 816.585 14:43:35
5.072 203.488 859.024 14:43:36
5.072 162.585 823.902 14:43:37
5.056 322.171 1871.220 14:43:38
5.068 148.098 757.561 14:43:39
5.076 152.878 1003.902 14:43:40
5.072 276.780 1739.024 14:43:41
5.072 373.976 1256.585 14:43:42
5.060 474.561 2186.829 14:43:43
5.072 164.390 783.902 14:43:44
5.072 160.780 813.659 14:43:45
5.072 162.390 823.902 14:43:46
5.068 277.366 992.683 14:43:47
5.072 163.073 978.049 14:43:48
5.068 273.463 948.780 14:43:49
5.044 416.561 1236.585 14:43:50
5.068 207.171 1193.171 14:43:51
5.076 152.780 775.122 14:43:52
5.052 465.366 1235.610 14:43:53
5.060 280.976 1842.927 14:43:54
5.064 244.780 1061.463 14:43:55
5.072 159.683 808.780 14:43:56
5.060 203.683 982.927 14:43:57
5.068 237.268 1069.268 14:43:58
5.072 202.878 984.878 14:43:59
5.068 215.488 1029.268 14:44:00
5.064 243.171 1232.195 14:44:01
5.064 297.561 1517.561 14:44:02
5.076 161.585 824.878 14:44:03
5.064 162.390 824.878 14:44:04
5.072 195.585 824.878 14:44:05
5.072 162.195 824.878 14:44:06
5.064 225.171 1094.146 14:44:07
5.076 222.585 789.756 14:44:08
5.068 162.195 818.537 14:44:09
5.064 257.073 1267.805 14:44:11
5.068 195.976 1189.268 14:44:12
5.060 324.171 1412.195 14:44:13
5.076 216.171 1259.512 14:44:14
5.076 158.195 860.976 14:44:15
5.044 432.951 2014.634 14:44:16
5.068 196.976 981.463 14:44:17
5.068 216.390 1314.634 14:44:18
5.048 489.463 2394.634 14:44:19
5.068 195.878 1332.195 14:44:20
5.072 152.683 756.098 14:44:21
5.072 228.780 793.659 14:44:22
5.072 155.390 831.220 14:44:23
5.056 332.976 1659.024 14:44:24
5.076 161.780 823.902 14:44:25
5.064 156.073 788.780 14:44:26
5.048 414.756 2135.610 14:44:27
5.076 210.390 1022.927 14:44:28
5.064 284.171 1184.390 14:44:29
5.076 161.976 1217.073 14:44:30
5.064 221.488 1398.049 14:44:31
5.064 283.268 1401.951 14:44:32
5.076 154.780 752.683 14:44:33
5.072 160.878 813.659 14:44:34
5.072 152.976 1011.707 14:44:35
5.064 248.976 1267.805 14:44:36
5.072 205.585 1062.927 14:44:37
5.072 167.195 743.902 14:44:38
5.064 174.976 822.439 14:44:39
5.072 188.488 773.659 14:44:40
5.056 366.366 1805.366 14:44:41
5.060 333.463 1432.195 14:44:42
5.068 337.561 1750.244 14:44:43
5.072 213.171 1083.902 14:44:44
5.072 189.293 902.927 14:44:45
5.076 163.073 813.659 14:44:46
5.056 353.878 1742.927 14:44:47
5.064 250.488 1233.171 14:44:48
5.064 287.561 1424.878 14:44:49
5.076 149.390 758.537 14:44:50
5.072 245.976 818.537 14:44:51
5.076 200.585 1591.220 14:44:52
5.072 148.878 947.805 14:44:53
5.068 180.390 939.024 14:44:54
5.076 152.585 871.220 14:44:55
5.072 161.976 878.537 14:44:56
5.056 326.659 1293.171 14:44:57
5.072 162.390 823.902 14:44:58
5.068 211.878 1126.341 14:44:59
5.072 283.463 876.098 14:45:00
5.068 268.683 1230.244 14:45:01
5.064 244.976 1255.610 14:45:02
5.072 147.780 748.780 14:45:03
5.064 251.073 1271.707 14:45:04
5.072 161.976 821.463 14:45:05
5.052 328.780 1661.463 14:45:06
5.068 280.073 1674.634 14:45:07
5.072 147.098 745.854 14:45:08
5.052 322.561 2054.146 14:45:09
5.072 151.293 818.537 14:45:10
5.064 290.171 1440.000 14:45:11
5.072 162.488 826.341 14:45:12
5.068 148.878 752.683 14:45:13
5.052 344.073 1731.220 14:45:14
5.072 166.780 836.098 14:45:15
5.072 293.366 894.146 14:45:16
5.072 162.073 960.000 14:45:17
5.076 146.585 748.780 14:45:18
5.060 347.756 1733.659 14:45:19
5.072 152.195 858.537 14:45:20
5.056 332.780 1531.220 14:45:21
5.064 162.195 827.805 14:45:22
5.076 150.293 747.317 14:45:23
5.068 243.585 1349.268 14:45:24
5.072 214.683 797.561 14:45:25
5.068 162.683 824.878 14:45:26
5.076 161.585 809.756 14:45:27
5.068 189.171 1042.439 14:45:28
5.072 188.878 941.463 14:45:29
5.068 469.659 2303.415 14:45:30
5.056 412.366 2065.366 14:45:31
5.076 215.268 1033.171 14:45:32
5.072 151.098 866.341 14:45:33
5.064 318.366 1495.122 14:45:34
5.072 162.683 909.756 14:45:35
5.068 243.780 2053.171 14:45:36
5.076 147.878 744.878 14:45:37
5.072 160.195 812.683 14:45:38
5.068 162.780 824.878 14:45:39
5.072 161.195 823.902 14:45:40
5.068 244.878 1226.829 14:45:41
5.076 146.585 749.756 14:45:42
5.064 254.171 1286.829 14:45:43
5.064 286.268 1517.561 14:45:44
5.068 188.976 967.805 14:45:45
5.052 332.463 1808.780 14:45:46
5.052 272.268 1423.415 14:45:47
5.072 148.683 752.683 14:45:48
5.072 207.780 754.634 14:45:49
5.072 151.390 768.780 14:45:50
5.068 196.683 1871.220 14:45:51
5.064 257.073 1269.268 14:45:52
5.076 148.390 757.073 14:45:53
5.072 186.390 935.122 14:45:54
5.064 262.585 1482.439 14:45:55
5.076 148.585 760.976 14:45:56
5.056 341.366 1760.000 14:45:57
5.072 161.488 819.024 14:45:58
5.064 213.268 1081.951 14:45:59
5.072 189.585 932.683 14:46:00
5.076 205.780 755.122 14:46:01
5.072 161.293 1358.537 14:46:02
5.060 247.878 1326.829 14:46:03
5.064 245.268 1239.024 14:46:04
5.068 212.976 1071.707 14:46:05
5.068 209.488 1062.927 14:46:07
5.076 147.098 749.756 14:46:08
5.048 340.561 1993.171 14:46:09
5.068 338.366 1314.146 14:46:10
5.076 159.390 816.098 14:46:11
5.076 163.683 825.366 14:46:12
5.076 150.585 768.293 14:46:13
5.068 272.585 1267.805 14:46:14
5.064 252.683 1229.268 14:46:15
5.068 245.878 1214.146 14:46:16
5.056 336.073 1687.805 14:46:17
5.072 210.976 752.683 14:46:18
5.072 162.780 821.463 14:46:19
5.064 218.073 1095.122 14:46:20
5.068 250.683 1269.756 14:46:21
5.048 335.463 1672.683 14:46:22
5.076 160.976 820.000 14:46:23
5.060 356.268 1528.293 14:46:24
5.072 162.585 1036.585 14:46:25
5.064 274.976 1393.171 14:46:26
5.060 318.171 1637.073 14:46:27
5.076 148.390 756.098 14:46:28
5.068 155.585 792.195 14:46:29
5.072 162.293 823.902 14:46:30
5.072 186.390 906.341 14:46:31
5.072 162.195 812.683 14:46:32
5.072 189.073 1099.512 14:46:33
5.068 339.463 1407.317 14:46:34
5.068 148.293 1021.463 14:46:35
5.068 254.488 1337.073 14:46:36
5.072 162.585 830.244 14:46:37
5.072 263.976 822.439 14:46:38
5.072 160.073 810.244 14:46:39
5.072 201.293 1273.171 14:46:40
5.068 248.171 1021.463 14:46:41
5.056 333.561 1653.659 14:46:42
5.076 148.683 752.683 14:46:43
5.072 161.073 824.878 14:46:44
5.060 454.049 2402.439 14:46:45
5.056 339.976 2428.780 14:46:46
5.052 332.561 2213.659 14:46:47
5.076 186.390 813.659 14:46:48
5.072 206.878 1227.805 14:46:49
5.068 223.976 1202.927 14:46:50
5.076 151.976 775.122 14:46:51
5.064 339.171 1326.829 14:46:52
5.072 195.293 982.439 14:46:53
5.072 150.780 818.537 14:46:54
5.072 194.780 1031.220 14:46:55
5.064 266.073 1239.024 14:46:56
5.076 148.098 756.098 14:46:57
5.060 223.878 1133.171 14:46:58
5.072 162.293 823.902 14:46:59
5.060 244.073 1480.000 14:47:00
5.060 361.268 1477.073 14:47:01
5.072 203.585 752.683 14:47:02
5.076 153.098 776.098 14:47:03
5.076 225.268 825.366 14:47:04
5.068 250.488 1265.366 14:47:05
5.076 162.195 1263.415 14:47:06
5.072 178.488 943.902 14:47:07
5.076 160.390 814.634 14:47:08
5.076 162.976 827.805 14:47:09
5.068 225.268 1119.024 14:47:10
5.056 284.976 1480.976 14:47:11
5.076 152.098 1619.024 14:47:12
5.072 153.098 916.098 14:47:13
5.072 171.683 816.585 14:47:14
5.072 186.780 1386.829 14:47:15
5.064 264.683 1685.366 14:47:16
5.064 261.073 1226.829 14:47:17
5.076 149.390 1181.951 14:47:18
5.072 163.390 1318.537 14:47:19
5.056 402.756 1230.732 14:47:20
5.076 162.293 823.902 14:47:21
5.064 342.171 1219.024 14:47:22
5.068 220.976 1558.537 14:47:23
5.076 146.976 756.098 14:47:24
5.068 243.488 1237.073 14:47:25
5.076 162.390 824.878 14:47:26
5.060 285.561 1377.073 14:47:27
5.072 162.390 821.463 14:47:28
5.076 148.976 747.317 14:47:29
5.076 162.878 920.000 14:47:30
5.072 243.488 881.463 14:47:31
5.072 214.268 1088.780 14:47:32
5.064 251.073 1530.732 14:47:33
5.068 168.390 854.146 14:47:34
5.052 423.366 2146.829 14:47:35
5.068 229.683 1284.390 14:47:36
5.068 268.976 1504.390 14:47:37
5.052 325.659 1640.976 14:47:38
5.068 244.976 818.537 14:47:39
5.072 145.878 744.878 14:47:40
5.056 342.171 1970.732 14:47:41
5.072 149.293 1169.268 14:47:42
5.060 200.585 1310.732 14:47:43
5.068 436.659 1727.805 14:47:44
5.068 221.780 1520.000 14:47:45
5.068 272.878 1165.366 14:47:46
5.076 149.293 753.659 14:47:47
5.068 340.463 1221.463 14:47:48
5.060 162.293 829.756 14:47:49
5.064 187.683 937.561 14:47:50
5.068 213.976 1083.902 14:47:51
5.076 152.098 772.683 14:47:52
5.064 340.171 1773.659 14:47:53
5.072 160.488 815.122 14:47:54
5.072 146.488 747.317 14:47:55
5.076 161.195 818.537 14:47:56
5.068 206.268 1180.488 14:47:57
5.060 258.463 1261.951 14:47:58
5.072 150.585 763.902 14:47:59
5.072 161.976 822.439 14:48:00
5.068 345.366 1906.341 14:48:02
5.076 243.268 1082.927 14:48:03
5.064 212.878 1082.927 14:48:04
5.072 153.390 777.073 14:48:05
5.072 248.488 822.439 14:48:06
5.064 249.268 1265.854 14:48:07
5.072 148.488 756.098 14:48:08
5.068 236.683 1022.927 14:48:09
5.052 470.049 2438.537 14:48:10
5.064 248.171 1535.122 14:48:11
5.072 152.976 925.366 14:48:12
5.072 152.488 775.122 14:48:13
5.068 214.488 1060.488 14:48:14
5.068 291.683 1695.122 14:48:15
5.068 210.171 1020.000 14:48:16
5.072 282.366 1390.732 14:48:17
5.068 258.780 1081.951 14:48:18
5.068 271.780 1256.585 14:48:19
5.060 273.463 1507.317 14:48:20
5.072 159.878 807.805 14:48:21
5.048 509.049 1575.122 14:48:22
5.072 150.878 769.756 14:48:23
5.072 160.585 1361.951 14:48:24
5.060 267.585 1313.171 14:48:25
5.060 188.488 1374.634 14:48:26
5.064 319.073 1241.951 14:48:27
5.072 152.585 791.220 14:48:28
5.076 165.780 813.659 14:48:29
5.064 281.780 837.561 14:48:30
5.060 287.268 1362.927 14:48:31
5.056 332.976 1768.780 14:48:32
5.076 147.390 752.195 14:48:33
5.072 160.293 1230.732 14:48:34
5.072 168.293 765.854 14:48:35
5.060 324.780 1779.024 14:48:36
5.060 275.073 1499.512 14:48:37
5.072 272.073 776.098 14:48:38
5.068 257.585 1120.488 14:48:39
5.076 157.976 763.902 14:48:40
5.072 160.488 808.780 14:48:41
5.060 337.171 1855.122 14:48:42
5.060 238.878 1126.829 14:48:43
5.064 253.488 1250.244 14:48:44
5.076 172.585 870.244 14:48:45
5.076 162.878 825.366 14:48:46
5.072 170.293 865.366 14:48:47
5.068 305.976 1239.512 14:48:48
5.064 280.585 1767.317 14:48:49
5.072 148.098 825.366 14:48:50
5.064 162.195 819.024 14:48:51
5.044 243.585 1213.171 14:48:52
5.064 250.268 971.707 14:48:53
5.072 162.488 823.902 14:48:54
5.064 279.366 1833.659 14:48:55
5.064 354.268 1828.780 14:48:56
5.064 245.585 1248.293 14:48:57
5.076 149.293 802.439 14:48:58
5.072 186.488 986.829 14:48:59
5.072 156.073 792.195 14:49:00
5.060 427.659 1391.707 14:49:01
5.052 418.756 2051.707 14:49:02
5.072 195.293 972.683 14:49:03
5.072 244.366 950.244 14:49:04
5.076 156.195 792.195 14:49:05
5.064 332.561 1683.415 14:49:06
5.064 264.268 1381.951 14:49:07
5.072 152.293 772.683 14:49:08
5.068 242.171 1269.268 14:49:09
5.072 155.780 787.317 14:49:10
5.064 245.268 1237.073 14:49:11
5.068 215.780 1152.683 14:49:12
5.072 148.488 754.634 14:49:13
5.060 298.561 1239.024 14:49:14
5.064 286.780 971.220 14:49:15
5.072 162.585 826.341 14:49:16
5.068 226.268 1141.463 14:49:17
5.052 398.171 2030.244 14:49:18
5.060 307.561 1404.878 14:49:19
5.076 222.073 896.585 14:49:20
5.072 150.683 766.341 14:49:21
5.076 162.488 827.317 14:49:22
5.076 162.293 820.000 14:49:23
5.068 326.073 1338.049 14:49:24
5.072 147.683 745.854 14:49:25
5.068 268.366 1071.707 14:49:26
5.064 255.073 1000.488 14:49:27
5.064 298.780 1380.976 14:49:28
5.072 162.488 819.024 14:49:29
5.064 237.366 1057.561 14:49:30
5.072 234.585 1455.610 14:49:31
5.076 150.585 770.244 14:49:32
5.060 281.976 1665.366 14:49:33
5.064 250.488 1265.366 14:49:34
5.072 151.878 769.756 14:49:35
5.068 248.780 1267.805 14:49:36
5.068 161.976 822.439 14:49:37
5.064 249.878 1245.854 14:49:38
5.076 162.488 823.902 14:49:39
5.072 310.268 1150.244 14:49:40
5.076 163.585 1002.439 14:49:41
5.072 236.268 1107.805 14:49:42
5.068 216.780 1170.732 14:49:43
5.072 162.195 822.439 14:49:44
5.068 174.780 955.122 14:49:45
5.060 242.073 1659.024 14:49:46
5.052 417.659 1215.610 14:49:47
5.076 157.585 751.220 14:49:48
5.076 178.073 824.878 14:49:49
5.076 159.488 768.780 14:49:50
5.064 243.585 1358.049 14:49:51
5.076 148.488 757.561 14:49:52
5.072 249.976 997.561 14:49:53
5.060 246.878 1256.585 14:49:54
5.060 312.976 1401.951 14:49:55
5.068 213.780 1080.488 14:49:56
5.072 209.585 1059.024 14:49:57
5.076 218.683 1105.366 14:49:59
5.064 245.171 1252.195 14:50:00
5.072 211.976 827.317 14:50:01
5.072 198.780 1308.293 14:50:02
5.068 318.366 1473.659 14:50:03
5.068 149.098 757.073 14:50:04
5.076 149.488 754.634 14:50:05
5.064 340.976 1309.756 14:50:06
5.064 318.976 1852.683 14:50:07
5.072 161.976 822.439 14:50:08
5.068 225.073 1135.122 14:50:09
5.076 148.488 844.878 14:50:10
5.068 243.171 1346.829 14:50:11
5.064 302.683 1050.244 14:50:12
5.060 289.171 1409.268 14:50:13
5.072 215.488 1081.951 14:50:14
5.072 148.098 754.634 14:50:15
5.072 223.171 784.878 14:50:16
5.068 202.073 1026.829 14:50:17
5.064 272.585 1831.707 14:50:18
5.072 213.171 1139.512 14:50:19
5.072 161.780 1026.341 14:50:20
5.072 249.268 820.000 14:50:21
5.068 348.073 1780.488 14:50:22
5.076 232.878 1033.171 14:50:23
5.072 161.293 822.439 14:50:24
5.060 331.780 1694.146 14:50:25
5.068 194.390 1239.024 14:50:26
5.076 148.488 1032.683 14:50:27
5.072 154.878 791.220 14:50:28
5.068 162.683 826.341 14:50:29
5.068 404.951 2039.512 14:50:30
5.068 222.488 1164.390 14:50:31
5.076 159.878 752.683 14:50:32
5.072 163.195 825.366 14:50:33
5.052 510.146 1670.244 14:50:34
5.064 196.585 1014.146 14:50:35
5.068 212.171 1079.024 14:50:36
5.072 152.976 776.098 14:50:37
5.076 160.780 1233.171 14:50:38
5.056 329.878 1806.341 14:50:39
5.068 250.268 1249.268 14:50:40
5.060 332.561 1985.854 14:50:41
5.072 187.293 1244.390 14:50:42
5.072 161.976 820.976 14:50:43
5.068 244.268 1707.317 14:50:44
5.064 260.585 1274.634 14:50:45
5.060 339.561 1719.024 14:50:46
5.064 162.585 825.366 14:50:47
5.072 149.098 751.220 14:50:48
5.068 261.780 2059.512 14:50:49
5.072 160.878 816.585 14:50:50
5.044 429.854 1829.268 14:50:51
5.072 160.488 812.683 14:50:52
5.072 161.683 820.000 14:50:53
5.064 314.073 1782.439 14:50:54
5.076 148.683 750.244 14:50:55
5.072 163.293 829.756 14:50:56
5.072 187.171 906.341 14:50:57
5.072 154.390 782.439 14:50:58
5.072 162.390 823.902 14:50:59
5.060 305.561 1477.561 14:51:00
5.068 220.268 1113.171 14:51:01
5.076 148.195 752.683 14:51:02
5.068 162.683 963.902 14:51:03
5.072 162.488 823.902 14:51:04
5.068 214.073 1056.585 14:51:05
5.068 219.976 1177.073 14:51:06
5.072 147.585 744.878 14:51:07
5.064 242.780 1915.122 14:51:08
5.068 162.293 820.976 14:51:09
5.072 175.293 873.659 14:51:10
5.072 176.073 885.366 14:51:11
5.064 176.390 905.366 14:51:12
5.072 180.390 920.488 14:51:13
5.060 327.561 1755.122 14:51:14
5.068 221.171 1228.293 14:51:15
5.060 329.659 1675.122 14:51:16
5.072 163.195 823.415 14:51:17
5.068 148.098 752.195 14:51:18
5.052 410.659 1663.902 14:51:19
5.072 154.780 945.366 14:51:20
5.068 290.780 1258.049 14:51:21
5.064 263.976 1315.610 14:51:22
5.072 151.976 809.756 14:51:23
5.068 298.268 1692.683 14:51:24
5.076 152.390 777.073 14:51:25
5.044 436.146 1490.732 14:51:26
5.072 162.683 825.366 14:51:27
5.076 147.488 745.854 14:51:28
5.060 274.366 1741.463 14:51:29
5.064 209.780 1266.829 14:51:30
5.076 147.293 1086.829 14:51:31
5.068 163.585 828.780 14:51:32
5.072 148.488 757.073 14:51:33
5.044 412.854 1687.805 14:51:34
5.068 162.195 823.902 14:51:35
5.072 147.195 741.463 14:51:36
5.076 239.585 921.463 14:51:37
5.068 151.780 768.780 14:51:38
5.060 329.878 1683.415 14:51:39
5.076 245.171 1358.537 14:51:40
5.068 258.878 1270.732 14:51:41
5.068 252.073 1258.049 14:51:42
5.072 159.585 809.756 14:51:43
5.072 183.171 934.146 14:51:44
5.072 162.390 823.902 14:51:45
5.072 151.195 766.341 14:51:46
5.064 303.878 1360.488 14:51:47
5.072 161.585 822.439 14:51:48
5.072 219.976 1278.049 14:51:49
5.052 387.756 2039.512 14:51:50
5.072 148.585 752.195 14:51:51
5.048 323.171 1702.927 14:51:52
5.076 161.073 811.220 14:51:54
5.076 197.171 1026.829 14:51:55
5.072 252.268 1349.756 14:51:56
5.068 162.488 863.415 14:51:57
5.072 146.683 748.293 14:51:58
5.072 248.488 1031.707 14:51:59
5.072 149.488 1044.390 14:52:00
5.068 202.780 1017.561 14:52:01
5.072 167.683 819.024 14:52:02
5.072 161.976 822.439 14:52:03
5.072 149.488 763.902 14:52:04
5.072 162.195 819.024 14:52:05
5.064 247.488 1251.707 14:52:06
5.068 244.268 1235.610 14:52:07
5.072 165.073 1310.732 14:52:08
5.072 159.780 815.122 14:52:09
5.072 245.585 1259.512 14:52:10
5.060 334.073 1683.902 14:52:11
5.064 171.683 995.610 14:52:12
5.068 289.171 1263.415 14:52:13
5.072 164.585 831.220 14:52:14
5.068 244.171 1250.244 14:52:15
5.068 238.683 1271.707 14:52:16
5.064 251.171 1269.756 14:52:17
5.064 227.488 777.073 14:52:18
5.068 262.683 1068.780 14:52:19
5.068 243.976 1305.366 14:52:20
5.076 161.878 820.000 14:52:21
5.064 206.390 1046.341 14:52:22
5.068 214.976 1085.366 14:52:23
5.072 147.195 743.902 14:52:24
5.064 290.976 915.122 14:52:25
5.060 195.073 990.244 14:52:26
5.064 215.780 1372.195 14:52:27
5.048 414.268 1669.756 14:52:28
5.068 182.976 1155.610 14:52:29
5.076 162.073 820.976 14:52:30
5.072 249.366 1239.024 14:52:31
5.068 225.390 1143.902 14:52:32
5.060 246.780 1242.927 14:52:33
5.076 147.976 751.220 14:52:34
5.064 244.073 1234.634 14:52:35
5.072 161.390 843.902 14:52:36
5.072 160.073 811.220 14:52:37
5.072 147.098 743.415 14:52:38
5.072 145.780 743.415 14:52:39
5.072 227.268 768.293 14:52:40
5.072 180.878 970.244 14:52:41
5.072 161.488 1577.561 14:52:42
5.072 147.683 753.659 14:52:43
5.072 196.780 1081.463 14:52:44
5.076 159.878 810.244 14:52:45
5.072 147.390 799.024 14:52:46
5.068 241.780 1661.463 14:52:47
5.076 148.098 748.780 14:52:48
5.068 240.878 1220.488 14:52:49
5.072 145.780 803.415 14:52:50
5.076 151.195 743.902 14:52:51
5.076 159.195 807.317 14:52:52
5.072 145.390 777.073 14:52:53
5.072 160.073 804.878 14:52:54
5.076 145.683 737.561 14:52:55
5.072 145.390 997.561 14:52:56
5.072 159.293 803.415 14:52:57
5.076 146.098 737.561 14:52:58
5.072 158.878 807.317 14:52:59
5.076 146.098 740.000 14:53:00
5.076 145.683 737.073 14:53:01
5.072 146.683 738.537 14:53:02
5.072 158.878 806.341 14:53:03
