5.060 334.683 1693.659 10:31:54
5.076 158.695 805.610 10:31:55
5.076 144.890 738.537 10:31:56
5.068 256.195 1210.000 10:31:57
5.072 185.793 987.805 10:31:58
5.072 180.890 949.024 10:31:59
5.076 145.890 738.780 10:32:00
5.076 145.598 734.146 10:32:01
5.072 159.098 806.341 10:32:02
5.072 145.793 739.756 10:32:03
5.072 144.793 734.878 10:32:04
5.072 210.488 764.146 10:32:05
5.076 144.793 738.780 10:32:06
5.072 160.293 967.805 10:32:07
5.076 147.000 747.317 10:32:08
5.060 306.488 1528.049 10:32:09
5.080 150.500 762.927 10:32:10
5.068 146.000 741.220 10:32:11
5.076 159.890 811.707 10:32:12
5.076 150.195 754.878 10:32:13
5.064 337.890 1597.561 10:32:14
5.072 146.598 748.049 10:32:15
5.076 157.500 804.390 10:32:17
5.076 147.293 745.610 10:32:18
5.076 145.000 739.756 10:32:19
5.076 150.890 942.683 10:32:20
5.076 145.195 731.220 10:32:21
5.076 156.890 743.171 10:32:22
5.076 170.793 738.049 10:32:23
5.072 193.793 1616.341 10:32:24
5.076 201.598 811.220 10:32:25
5.076 145.793 740.000 10:32:26
5.060 161.598 813.902 10:32:27
5.072 179.098 973.902 10:32:28
5.064 317.183 1233.659 10:32:29
5.072 203.695 896.829 10:32:30
5.072 192.098 1240.732 10:32:31
5.072 147.000 745.610 10:32:32
5.076 145.000 738.049 10:32:33
5.076 151.500 771.951 10:32:34
5.076 145.598 736.098 10:32:35
5.064 297.085 1560.488 10:32:36
5.072 146.598 1021.463 10:32:37
5.072 183.695 940.000 10:32:38
5.076 146.793 749.756 10:32:39
5.072 148.098 748.780 10:32:40
5.072 262.793 810.732 10:32:41
5.076 145.598 736.829 10:32:42
5.048 328.878 991.707 10:32:43
5.076 146.683 747.317 10:32:44
5.076 150.390 763.415 10:32:45
5.072 178.390 859.024 10:32:46
5.072 144.585 735.122 10:32:47
5.076 181.878 818.537 10:32:48
5.076 148.195 748.780 10:32:49
5.060 401.463 2040.488 10:32:50
5.068 162.488 743.415 10:32:51
5.072 158.976 801.463 10:32:52
5.072 161.585 763.902 10:32:53
5.072 189.488 762.439 10:32:54
5.080 146.195 1051.707 10:32:55
5.068 147.390 798.537 10:32:56
5.076 145.976 735.122 10:32:57
5.072 168.390 907.317 10:32:58
5.072 157.780 805.854 10:32:59
5.072 210.780 1053.171 10:33:00
5.064 254.268 1028.780 10:33:01
5.072 200.488 1112.683 10:33:02
5.064 248.976 1061.951 10:33:03
5.076 261.976 743.415 10:33:04
5.076 147.390 743.902 10:33:05
5.076 159.488 804.878 10:33:06
5.072 179.390 901.463 10:33:07
5.056 320.171 1609.756 10:33:08
5.072 211.171 767.317 10:33:09
5.072 146.488 747.317 10:33:10
5.076 181.878 744.878 10:33:11
5.076 371.561 769.756 10:33:12
5.068 245.878 1293.171 10:33:13
5.076 146.488 749.756 10:33:14
5.072 201.073 931.707 10:33:15
5.076 187.073 1537.073 10:33:16
5.076 147.195 1177.073 10:33:17
5.072 175.780 979.024 10:33:18
5.072 158.780 803.415 10:33:19
5.076 158.976 1223.415 10:33:20
5.076 196.488 1246.829 10:33:21
5.072 165.976 836.098 10:33:22
5.072 160.878 812.195 10:33:23
5.072 188.293 927.317 10:33:24
5.072 147.488 787.317 10:33:25
5.068 160.195 813.659 10:33:26
5.072 158.488 805.854 10:33:27
5.076 164.390 823.902 10:33:28
5.076 164.878 803.415 10:33:29
5.068 241.268 1214.146 10:33:30
5.076 146.585 851.220 10:33:31
5.072 284.171 989.268 10:33:32
5.076 150.976 767.317 10:33:33
5.068 198.488 942.927 10:33:34
5.072 160.976 820.000 10:33:35
5.068 264.171 1328.293 10:33:36
5.068 296.463 1263.415 10:33:37
5.072 145.390 735.122 10:33:38
5.072 148.780 821.463 10:33:39
5.076 166.976 792.195 10:33:40
5.068 239.878 1214.146 10:33:41
5.072 159.585 813.659 10:33:42
5.072 256.268 1043.902 10:33:43
5.064 205.390 1050.244 10:33:44
5.076 145.195 739.512 10:33:45
5.076 160.390 811.220 10:33:46
5.076 147.293 737.073 10:33:47
5.072 163.488 827.805 10:33:48
5.072 289.561 1341.951 10:33:49
5.072 189.683 909.756 10:33:50
5.064 152.390 771.220 10:33:51
5.076 144.976 735.122 10:33:52
5.076 160.293 813.659 10:33:53
5.068 234.073 1045.366 10:33:54
5.072 146.488 1064.390 10:33:55
5.072 217.171 1037.561 10:33:56
5.072 158.293 804.878 10:33:57
5.076 159.878 810.244 10:33:58
5.072 316.561 1124.390 10:33:59
5.064 251.976 1448.780 10:34:00
5.072 199.390 1066.829 10:34:01
5.072 159.488 798.537 10:34:02
5.076 171.683 812.195 10:34:03
5.076 152.293 772.195 10:34:04
5.068 159.488 831.220 10:34:05
5.068 178.390 748.780 10:34:06
5.060 255.366 1383.415 10:34:07
5.076 153.878 781.463 10:34:08
5.072 245.780 971.707 10:34:10
5.072 147.098 744.878 10:34:11
5.076 263.463 767.317 10:34:12
5.068 152.293 1229.268 10:34:13
5.076 159.878 810.244 10:34:14
5.068 289.073 1199.024 10:34:15
5.064 227.268 1086.829 10:34:16
5.064 249.878 1249.268 10:34:17
5.076 148.293 752.683 10:34:18
5.072 207.780 812.195 10:34:19
5.076 158.780 806.341 10:34:20
5.072 170.878 805.854 10:34:21
5.068 243.683 1240.488 10:34:22
5.068 146.878 744.878 10:34:23
5.068 211.390 1081.463 10:34:24
5.076 230.976 893.659 10:34:25
5.072 158.585 804.878 10:34:26
5.072 158.585 806.341 10:34:27
5.068 207.585 1065.366 10:34:28
5.060 243.683 1250.244 10:34:29
5.076 201.293 799.024 10:34:30
5.064 218.488 1218.049 10:34:31
5.076 145.098 737.561 10:34:32
5.076 145.878 740.976 10:34:33
5.072 158.390 803.415 10:34:34
5.076 148.488 755.122 10:34:35
5.072 206.878 1070.244 10:34:36
5.072 150.683 1066.341 10:34:37
5.072 157.585 800.976 10:34:38
5.068 245.171 881.463 10:34:39
5.072 144.878 739.512 10:34:40
5.064 243.366 1240.976 10:34:41
5.076 155.976 765.854 10:34:42
5.072 161.878 818.537 10:34:43
5.076 148.293 1055.610 10:34:44
5.068 325.463 1230.732 10:34:45
5.076 144.488 757.073 10:34:46
5.076 145.585 735.122 10:34:47
5.076 160.390 814.634 10:34:48
5.068 181.073 1045.366 10:34:49
5.068 242.976 1258.049 10:34:50
5.060 201.488 999.024 10:34:51
5.076 145.585 1021.463 10:34:52
5.068 245.171 1394.634 10:34:53
5.064 217.171 1060.000 10:34:54
5.068 236.780 1136.585 10:34:55
5.072 163.488 747.317 10:34:56
5.076 174.073 812.683 10:34:57
5.072 166.780 805.854 10:34:58
5.076 145.195 787.317 10:34:59
5.064 438.756 2374.634 10:35:00
5.072 194.073 1082.927 10:35:01
5.076 147.098 743.415 10:35:02
5.076 160.293 814.634 10:35:03
5.072 148.780 757.561 10:35:04
5.076 158.073 801.463 10:35:05
5.072 158.780 765.854 10:35:06
5.068 146.585 1150.244 10:35:07
5.072 212.488 785.854 10:35:08
5.072 247.976 935.122 10:35:09
5.076 146.780 747.317 10:35:10
5.076 151.390 1084.390 10:35:11
5.052 446.951 1650.244 10:35:12
5.076 145.878 816.585 10:35:13
5.076 146.683 1002.927 10:35:14
5.076 159.195 1273.171 10:35:15
5.076 145.780 735.122 10:35:16
5.076 160.585 817.561 10:35:17
5.060 271.171 1171.707 10:35:18
5.068 160.073 743.415 10:35:19
5.076 146.488 747.317 10:35:20
5.076 158.195 805.854 10:35:21
5.076 189.171 812.683 10:35:22
5.076 146.585 772.683 10:35:23
5.052 290.073 1252.195 10:35:24
5.076 198.171 930.244 10:35:25
5.076 146.488 735.122 10:35:26
5.076 151.293 786.341 10:35:27
5.076 153.585 775.122 10:35:28
5.068 159.585 1299.512 10:35:29
5.072 152.488 772.683 10:35:30
5.060 323.171 1636.098 10:35:31
5.068 202.171 750.244 10:35:32
5.076 144.683 736.098 10:35:33
5.064 150.293 768.780 10:35:34
5.076 151.390 803.415 10:35:35
5.076 163.073 1002.927 10:35:36
5.072 209.683 1055.610 10:35:37
5.064 244.366 1221.463 10:35:38
5.076 177.293 1031.707 10:35:39
5.076 145.976 740.000 10:35:40
5.076 146.780 748.780 10:35:41
5.076 158.585 803.902 10:35:42
5.072 161.195 820.976 10:35:43
5.068 187.683 1210.732 10:35:44
5.072 195.976 1225.854 10:35:45
5.076 159.976 812.683 10:35:46
5.072 158.390 803.902 10:35:47
5.076 159.488 809.756 10:35:48
5.076 177.073 805.854 10:35:49
5.064 293.878 1427.317 10:35:50
5.072 145.780 747.317 10:35:51
5.076 144.976 735.122 10:35:52
5.060 268.585 1325.854 10:35:53
5.072 154.878 748.293 10:35:54
5.076 148.683 1016.585 10:35:55
5.072 160.293 814.634 10:35:56
5.072 158.683 803.415 10:35:57
5.076 158.976 1401.951 10:35:58
5.076 151.098 763.415 10:35:59
5.060 368.268 1707.317 10:36:00
5.076 158.683 805.854 10:36:01
5.076 146.976 745.854 10:36:02
5.072 174.683 812.683 10:36:03
5.076 147.585 797.561 10:36:04
5.072 159.585 808.780 10:36:06
5.076 199.780 1002.927 10:36:07
5.076 160.195 1427.317 10:36:08
5.076 146.585 747.317 10:36:09
5.076 144.878 740.976 10:36:10
5.072 151.293 764.878 10:36:11
5.072 160.293 809.756 10:36:12
5.064 293.268 1228.293 10:36:13
5.076 146.683 748.293 10:36:14
5.048 462.049 1881.463 10:36:15
5.076 145.293 773.659 10:36:16
5.076 160.585 812.683 10:36:17
5.076 160.195 808.780 10:36:18
5.076 144.488 737.561 10:36:19
5.068 320.976 2207.317 10:36:20
5.072 208.780 1060.000 10:36:21
5.072 213.878 808.780 10:36:22
5.076 144.976 737.073 10:36:23
5.064 304.268 1448.293 10:36:24
5.076 147.585 748.293 10:36:25
5.076 147.195 740.976 10:36:26
5.052 476.854 1288.293 10:36:27
5.076 146.488 748.780 10:36:28
5.072 167.683 867.805 10:36:29
5.072 182.976 936.585 10:36:30
5.072 183.488 937.561 10:36:31
5.076 174.780 780.000 10:36:32
5.072 145.488 733.659 10:36:33
5.068 242.976 1234.634 10:36:34
5.076 150.293 760.000 10:36:35
5.072 249.585 1003.902 10:36:36
5.072 147.390 743.415 10:36:37
5.072 148.585 757.561 10:36:38
5.068 190.073 968.780 10:36:39
5.076 173.780 848.780 10:36:40
5.076 144.878 737.561 10:36:41
5.076 147.390 1002.927 10:36:42
5.076 146.390 743.415 10:36:43
5.072 160.073 813.659 10:36:44
5.068 244.073 809.756 10:36:45
5.048 398.073 2033.171 10:36:46
5.076 160.585 1424.390 10:36:47
5.076 145.488 735.122 10:36:48
5.076 157.683 816.098 10:36:49
5.076 145.293 740.976 10:36:50
5.072 177.780 915.122 10:36:51
5.076 232.780 1027.805 10:36:52
5.076 145.293 735.122 10:36:53
5.076 166.195 803.902 10:36:54
5.076 145.780 737.073 10:36:55
5.076 150.878 766.341 10:36:56
5.068 247.366 1051.220 10:36:57
5.064 252.878 1104.390 10:36:58
5.072 156.073 747.317 10:36:59
5.068 152.195 1119.512 10:37:00
5.076 160.390 813.659 10:37:01
5.076 145.878 735.122 10:37:02
5.076 158.683 805.854 10:37:03
5.072 219.780 1148.293 10:37:04
5.076 145.976 735.122 10:37:05
5.076 144.585 737.561 10:37:06
5.068 208.976 1059.024 10:37:07
5.076 160.073 816.098 10:37:08
5.076 206.268 905.366 10:37:09
5.068 314.366 1230.244 10:37:10
5.072 191.878 1080.488 10:37:11
5.068 280.171 1420.976 10:37:12
5.068 276.171 1062.927 10:37:13
5.076 146.585 740.976 10:37:14
5.076 144.878 740.000 10:37:15
5.068 159.976 807.805 10:37:16
5.072 158.585 803.902 10:37:17
5.072 158.293 1442.439 10:37:18
5.072 210.780 1012.683 10:37:19
5.076 162.878 747.317 10:37:20
5.072 147.585 747.317 10:37:21
5.072 158.585 823.902 10:37:22
5.072 159.878 813.659 10:37:23
5.060 306.683 1616.098 10:37:24
5.068 284.171 1307.317 10:37:25
5.076 144.878 736.098 10:37:26
5.072 181.976 803.902 10:37:27
5.064 165.976 1477.561 10:37:28
5.076 158.488 803.415 10:37:29
5.072 160.488 803.415 10:37:30
5.076 146.390 747.317 10:37:31
5.076 160.390 812.683 10:37:32
5.072 144.098 732.683 10:37:33
5.076 159.195 801.463 10:37:34
5.076 159.390 813.659 10:37:35
5.068 206.683 969.268 10:37:36
5.068 213.976 1497.073 10:37:37
5.072 144.878 738.537 10:37:38
5.076 160.390 845.366 10:37:39
5.072 158.780 817.561 10:37:40
5.056 368.976 1901.951 10:37:41
5.072 220.878 1121.463 10:37:42
5.072 144.878 739.512 10:37:43
5.076 160.073 812.683 10:37:44
5.072 160.195 812.683 10:37:45
5.076 158.976 810.244 10:37:46
5.072 151.293 767.317 10:37:47
5.076 146.585 808.780 10:37:48
5.064 199.293 880.976 10:37:49
5.076 145.390 736.098 10:37:50
5.064 349.756 1764.878 10:37:51
5.068 147.293 748.780 10:37:52
5.076 144.976 735.122 10:37:53
5.048 463.756 2406.341 10:37:54
5.076 146.488 737.073 10:37:55
5.072 144.780 734.634 10:37:56
5.076 160.390 812.683 10:37:57
5.072 144.976 738.537 10:37:58
5.068 203.878 978.049 10:38:00
5.072 144.488 734.634 10:38:01
5.076 145.293 737.073 10:38:02
5.072 160.488 813.659 10:38:03
5.076 144.878 735.122 10:38:04
5.068 159.683 815.122 10:38:05
5.072 167.293 953.659 10:38:06
5.076 152.585 773.659 10:38:07
5.068 159.073 1275.610 10:38:08
5.072 144.878 783.415 10:38:09
5.064 248.780 1600.976 10:38:10
5.072 169.073 899.024 10:38:11
5.076 252.488 747.317 10:38:12
5.072 158.683 803.902 10:38:13
5.072 206.073 975.122 10:38:14
5.072 159.780 1234.634 10:38:15
5.072 147.878 748.780 10:38:16
5.072 210.073 1229.268 10:38:17
5.076 145.976 737.561 10:38:18
5.068 219.171 1114.146 10:38:19
5.068 205.073 757.073 10:38:20
5.076 152.195 768.293 10:38:21
5.076 224.976 1335.610 10:38:22
5.076 144.780 735.122 10:38:23
5.072 158.488 805.854 10:38:24
5.076 146.683 755.122 10:38:25
5.064 211.780 1050.244 10:38:26
5.076 144.878 736.098 10:38:27
5.072 180.585 1042.439 10:38:28
5.076 187.293 1071.707 10:38:29
5.072 192.585 1240.488 10:38:30
5.068 242.073 1221.463 10:38:31
5.072 158.488 804.878 10:38:32
5.076 160.878 813.659 10:38:33
5.072 150.390 760.000 10:38:34
5.076 147.293 741.463 10:38:35
5.076 160.683 767.317 10:38:36
5.068 146.683 745.854 10:38:37
5.076 144.780 735.122 10:38:38
5.076 150.878 753.659 10:38:39
5.068 244.780 1213.171 10:38:40
5.068 221.171 1106.341 10:38:41
5.068 243.073 1250.244 10:38:42
5.076 155.195 784.878 10:38:43
5.072 156.390 860.000 10:38:44
5.068 210.878 744.878 10:38:45
5.072 159.293 811.220 10:38:46
5.076 160.488 815.122 10:38:47
5.072 192.780 880.976 10:38:48
5.068 206.171 1074.146 10:38:49
5.072 230.780 743.415 10:38:50
5.076 146.683 748.293 10:38:51
5.076 150.683 768.293 10:38:52
5.068 175.780 811.220 10:38:53
5.068 214.976 1090.244 10:38:54
5.072 160.073 812.195 10:38:55
5.076 148.780 758.537 10:38:56
5.064 245.268 1390.732 10:38:57
5.072 148.098 752.195 10:38:58
5.068 220.878 1484.390 10:38:59
5.080 242.683 996.585 10:39:00
5.072 248.268 1038.049 10:39:01
5.076 158.390 842.439 10:39:02
5.072 180.976 970.244 10:39:03
5.060 327.780 1641.463 10:39:04
5.072 207.878 1007.805 10:39:05
5.072 147.780 1061.463 10:39:06
5.076 148.878 1098.049 10:39:07
5.076 145.098 733.659 10:39:08
5.076 170.878 1267.805 10:39:09
5.076 150.976 766.341 10:39:10
5.060 184.683 921.463 10:39:11
5.076 149.488 763.902 10:39:12
5.076 146.293 808.780 10:39:13
5.076 160.780 812.683 10:39:14
5.076 148.488 739.512 10:39:15
5.072 149.098 856.585 10:39:16
5.076 156.878 736.098 10:39:17
5.076 145.585 734.634 10:39:18
5.072 173.780 813.659 10:39:19
5.076 150.976 771.220 10:39:20
5.072 202.488 1040.488 10:39:21
5.076 147.488 753.659 10:39:22
5.072 145.878 740.976 10:39:23
5.072 160.390 813.659 10:39:24
5.076 145.780 736.098 10:39:25
5.052 400.756 2004.390 10:39:26
5.072 199.171 995.610 10:39:27
5.076 147.976 751.220 10:39:28
5.064 160.293 812.683 10:39:29
5.076 145.780 740.000 10:39:30
5.060 327.878 1601.463 10:39:31
5.072 201.293 752.195 10:39:32
5.056 363.463 1469.756 10:39:33
5.076 157.390 807.317 10:39:34
5.060 213.171 1140.488 10:39:35
5.068 160.488 999.024 10:39:36
5.068 195.488 978.049 10:39:37
5.072 150.585 763.902 10:39:38
5.072 146.878 743.902 10:39:39
5.072 240.976 1104.390 10:39:40
5.072 177.488 836.585 10:39:41
5.068 204.976 1044.390 10:39:42
5.064 269.780 2331.220 10:39:43
5.076 144.976 975.122 10:39:44
5.076 159.683 825.366 10:39:45
5.076 158.390 801.463 10:39:46
5.064 320.366 1525.854 10:39:47
5.072 182.878 909.756 10:39:48
5.076 157.780 804.878 10:39:49
5.072 207.268 1354.634 10:39:50
5.072 147.098 739.512 10:39:51
5.072 151.293 769.756 10:39:52
5.068 170.293 962.439 10:39:53
5.076 152.390 772.683 10:39:54
5.076 209.780 748.780 10:39:55
5.076 210.878 767.317 10:39:56
5.072 215.488 1265.366 10:39:57
5.072 150.976 769.756 10:39:58
5.076 146.780 752.683 10:40:00
5.072 265.878 2380.976 10:40:01
5.068 207.268 1047.805 10:40:02
5.064 327.073 2099.512 10:40:03
5.072 178.585 759.512 10:40:04
5.076 144.976 737.073 10:40:05
5.072 160.073 812.683 10:40:06
5.072 144.976 739.512 10:40:07
5.064 243.878 1250.244 10:40:08
5.072 150.488 1235.610 10:40:09
5.068 373.463 2264.390 10:40:10
5.072 146.780 1389.268 10:40:11
5.076 146.780 743.902 10:40:12
5.076 171.683 812.195 10:40:13
5.076 151.098 767.317 10:40:14
5.052 356.756 1838.049 10:40:15
5.068 287.463 1066.341 10:40:16
5.072 145.098 740.000 10:40:17
5.076 160.390 1198.049 10:40:18
5.076 145.683 732.195 10:40:19
5.068 166.585 808.780 10:40:20
5.072 150.780 762.439 10:40:21
5.072 199.293 913.659 10:40:22
5.064 260.585 942.439 10:40:23
5.076 145.585 734.634 10:40:24
5.052 394.951 2033.171 10:40:25
5.072 146.976 744.878 10:40:26
5.076 148.878 757.561 10:40:27
5.076 159.488 910.244 10:40:28
5.076 145.683 736.098 10:40:29
5.076 159.683 808.780 10:40:30
5.076 147.293 752.195 10:40:31
5.064 199.171 1268.293 10:40:32
5.072 233.878 947.805 10:40:33
5.064 218.268 1194.634 10:40:34
5.072 160.683 884.878 10:40:35
5.076 147.098 748.293 10:40:36
5.060 287.878 1587.317 10:40:37
5.072 146.780 744.878 10:40:38
5.076 146.683 902.927 10:40:39
5.072 158.976 804.878 10:40:40
5.072 148.878 751.220 10:40:41
5.064 248.683 1505.854 10:40:42
5.076 169.878 871.220 10:40:43
5.076 205.585 1015.122 10:40:44
5.076 162.195 763.902 10:40:45
5.076 151.098 763.415 10:40:46
5.072 161.195 818.537 10:40:47
5.072 198.390 1027.805 10:40:48
5.072 153.683 776.098 10:40:49
5.072 145.195 737.561 10:40:50
5.072 170.293 865.366 10:40:51
5.064 241.171 1252.195 10:40:52
5.064 152.488 744.878 10:40:53
5.064 192.683 1095.610 10:40:54
5.076 160.878 1232.195 10:40:55
5.064 206.390 1298.537 10:40:56
5.072 144.780 778.537 10:40:57
5.068 207.976 1077.561 10:40:58
5.076 146.488 746.341 10:40:59
5.072 160.683 815.122 10:41:00
5.076 146.098 735.122 10:41:01
5.072 177.195 901.463 10:41:02
5.072 149.390 757.073 10:41:03
5.068 181.976 1006.829 10:41:04
5.072 158.976 805.854 10:41:05
5.068 149.585 829.756 10:41:06
5.064 285.171 1426.829 10:41:07
5.072 201.171 999.024 10:41:08
5.072 192.585 812.683 10:41:09
5.044 327.073 1254.146 10:41:10
5.076 145.390 736.098 10:41:11
5.064 241.268 1269.756 10:41:12
5.072 165.780 749.756 10:41:13
5.076 158.780 800.000 10:41:14
5.072 160.976 867.317 10:41:15
5.072 149.683 752.195 10:41:16
5.072 361.854 1523.902 10:41:17
5.064 196.878 995.122 10:41:18
5.068 256.780 1323.415 10:41:19
5.072 147.390 740.976 10:41:20
5.064 200.293 969.268 10:41:21
5.076 159.780 810.244 10:41:22
5.072 265.366 1652.683 10:41:23
5.072 296.976 1451.220 10:41:24
5.072 146.780 747.317 10:41:25
5.072 208.585 986.829 10:41:26
5.072 209.390 863.415 10:41:27
5.068 197.073 1011.707 10:41:28
5.076 160.683 810.244 10:41:29
5.068 181.390 940.488 10:41:30
5.060 244.073 1225.366 10:41:31
5.072 199.171 1020.000 10:41:32
5.072 144.976 736.098 10:41:33
5.064 159.488 814.634 10:41:34
5.080 152.293 769.756 10:41:35
5.044 396.561 2397.561 10:41:36
5.076 147.488 744.878 10:41:37
5.076 145.195 739.512 10:41:38
5.072 160.390 813.659 10:41:39
5.076 150.293 737.561 10:41:40
5.076 158.780 803.902 10:41:41
5.060 338.756 1800.488 10:41:42
5.068 221.878 777.561 10:41:43
5.076 145.098 740.000 10:41:44
5.076 300.171 1066.829 10:41:45
5.076 246.976 1095.610 10:41:46
5.076 144.683 735.122 10:41:47
5.064 274.976 1070.244 10:41:48
5.076 145.195 737.073 10:41:49
5.068 208.268 1057.561 10:41:50
5.064 243.878 1693.659 10:41:51
5.076 145.098 739.512 10:41:53
5.072 157.878 801.463 10:41:54
5.068 233.878 850.244 10:41:55
5.068 211.585 1379.512 10:41:56
5.068 218.878 1075.610 10:41:57
5.072 144.878 735.122 10:41:58
5.076 159.878 812.195 10:41:59
5.072 160.488 812.683 10:42:00
5.076 161.390 818.537 10:42:01
5.076 160.585 816.098 10:42:02
5.072 144.878 735.122 10:42:03
5.076 158.878 807.805 10:42:04
5.076 148.585 758.537 10:42:05
5.072 230.488 809.756 10:42:06
5.072 160.390 801.463 10:42:07
5.068 211.073 1122.927 10:42:08
5.064 192.171 1278.049 10:42:09
5.068 146.585 747.317 10:42:10
5.068 208.073 1055.122 10:42:11
5.072 160.585 875.122 10:42:12
5.072 222.268 991.220 10:42:13
5.060 329.463 1631.220 10:42:14
5.076 156.488 843.415 10:42:15
5.072 161.976 814.634 10:42:16
5.072 158.780 1011.707 10:42:17
5.068 239.976 1233.171 10:42:18
5.068 290.780 1563.415 10:42:19
5.072 176.878 960.488 10:42:20
5.072 146.683 748.780 10:42:21
5.076 147.390 743.415 10:42:22
5.072 160.073 820.000 10:42:23
5.076 161.976 763.902 10:42:24
5.068 265.171 1352.195 10:42:25
5.064 287.463 1464.390 10:42:26
5.076 144.780 736.098 10:42:27
5.076 159.976 809.756 10:42:28
5.076 157.976 804.878 10:42:29
5.064 243.976 1245.366 10:42:30
5.072 158.878 803.415 10:42:31
5.076 144.878 735.122 10:42:32
5.076 158.073 801.463 10:42:33
5.076 147.976 748.780 10:42:34
5.076 160.488 902.927 10:42:35
5.076 160.390 864.878 10:42:36
5.072 194.976 1029.268 10:42:37
5.064 260.976 1493.659 10:42:38
5.076 144.878 740.000 10:42:39
5.072 220.878 823.415 10:42:40
5.076 160.195 813.659 10:42:41
5.068 247.976 1056.585 10:42:42
5.072 160.293 810.244 10:42:43
5.072 160.293 810.244 10:42:44
5.076 146.390 739.512 10:42:45
5.072 203.390 1182.927 10:42:46
5.072 149.195 755.122 10:42:47
5.072 160.390 812.683 10:42:48
5.072 190.171 976.098 10:42:49
5.064 286.976 1752.683 10:42:50
5.068 267.073 1458.537 10:42:51
5.076 196.683 1298.049 10:42:52
5.076 158.585 805.854 10:42:53
5.076 158.195 800.976 10:42:54
5.068 146.683 745.854 10:42:55
5.076 149.488 740.976 10:42:56
5.072 158.780 797.561 10:42:57
5.072 176.488 813.659 10:42:58
5.068 282.171 1220.488 10:42:59
5.072 251.171 966.829 10:43:00
5.060 297.073 1472.195 10:43:01
5.076 145.195 740.000 10:43:02
5.076 158.195 806.341 10:43:03
5.072 150.390 768.780 10:43:04
5.064 261.780 1342.927 10:43:05
5.072 154.195 971.707 10:43:06
5.076 146.488 747.317 10:43:07
5.072 284.171 1119.512 10:43:08
5.068 160.293 1227.805 10:43:09
5.076 151.098 768.780 10:43:10
5.064 219.585 1115.122 10:43:11
5.072 194.878 963.902 10:43:12
5.072 212.073 1475.610 10:43:13
5.072 171.878 807.317 10:43:14
5.072 198.488 920.000 10:43:15
5.060 328.073 1536.098 10:43:16
5.076 185.390 1070.732 10:43:17
5.064 197.171 1024.390 10:43:18
5.076 250.488 818.537 10:43:19
5.076 152.098 772.195 10:43:20
5.072 160.488 815.122 10:43:21
5.076 146.683 748.293 10:43:22
5.064 259.780 1566.341 10:43:23
5.064 333.659 1099.512 10:43:24
5.072 154.585 1013.659 10:43:25
5.076 145.390 737.073 10:43:26
5.076 158.976 805.854 10:43:27
5.072 160.390 1261.951 10:43:28
5.076 151.293 766.341 10:43:29
5.076 154.683 784.878 10:43:30
5.076 147.293 745.854 10:43:31
5.064 352.976 2038.049 10:43:32
5.072 159.878 812.683 10:43:33
5.072 149.390 760.000 10:43:34
5.068 220.780 1134.146 10:43:35
5.076 173.683 860.000 10:43:36
5.076 160.293 811.220 10:43:37
5.076 160.195 813.659 10:43:38
5.064 244.366 1221.951 10:43:39
5.064 248.976 1235.610 10:43:40
5.076 147.195 743.415 10:43:41
5.076 159.878 810.244 10:43:42
5.076 147.488 751.220 10:43:43
5.060 251.585 1303.415 10:43:44
5.072 159.780 1172.683 10:43:45
5.072 187.780 1158.049 10:43:47
5.072 242.366 1198.049 10:43:48
5.076 145.585 735.122 10:43:49
5.072 159.195 803.415 10:43:50
5.076 250.366 826.341 10:43:51
5.072 189.780 986.341 10:43:52
5.068 393.073 2047.805 10:43:53
5.076 150.390 830.244 10:43:54
5.072 181.683 961.463 10:43:55
5.072 151.390 762.439 10:43:56
5.076 144.878 739.512 10:43:57
5.060 246.585 1207.805 10:43:58
5.076 144.488 737.561 10:43:59
5.052 421.171 2146.829 10:44:00
5.076 188.073 1089.268 10:44:01
5.072 145.780 735.122 10:44:02
5.072 160.293 813.659 10:44:03
5.076 145.585 735.122 10:44:04
5.060 437.951 2069.268 10:44:05
5.076 149.390 976.098 10:44:06
5.076 144.878 739.512 10:44:07
5.076 158.878 805.854 10:44:08
5.076 145.098 738.537 10:44:09
5.064 290.268 1818.049 10:44:10
5.076 151.293 767.317 10:44:11
5.076 299.366 749.756 10:44:12
5.076 160.293 811.220 10:44:13
5.076 150.293 756.098 10:44:14
5.056 258.463 1376.098 10:44:15
5.072 147.585 746.341 10:44:16
5.076 144.878 735.122 10:44:17
5.072 160.878 815.122 10:44:18
5.072 147.683 752.683 10:44:19
5.068 242.073 849.756 10:44:20
5.076 147.390 744.878 10:44:21
5.072 183.171 742.439 10:44:22
5.072 146.683 749.756 10:44:23
5.072 159.878 740.000 10:44:24
5.056 451.463 2189.756 10:44:25
5.072 188.585 749.756 10:44:26
5.076 161.195 812.683 10:44:27
5.072 147.976 745.854 10:44:28
5.076 145.585 736.098 10:44:29
5.076 151.780 771.220 10:44:30
5.076 202.171 744.878 10:44:31
5.076 158.976 867.805 10:44:32
5.076 160.585 814.634 10:44:33
5.064 283.268 1545.854 10:44:34
5.076 160.683 815.122 10:44:35
5.076 212.268 888.780 10:44:36
5.072 194.488 1625.854 10:44:37
5.076 146.683 1027.805 10:44:38
5.076 161.390 817.561 10:44:39
5.076 160.683 1284.390 10:44:40
5.072 210.073 983.902 10:44:41
5.064 286.171 1399.512 10:44:42
5.076 149.488 754.634 10:44:43
5.072 161.195 816.585 10:44:44
5.072 158.683 1252.195 10:44:45
5.072 158.780 803.415 10:44:46
5.076 160.780 816.585 10:44:47
5.076 145.878 737.073 10:44:48
5.072 158.976 810.244 10:44:49
5.072 191.976 976.585 10:44:50
5.068 245.073 1283.415 10:44:51
5.076 158.683 828.780 10:44:52
5.076 144.780 740.000 10:44:53
5.064 283.171 1115.610 10:44:54
5.072 271.976 819.024 10:44:55
5.068 271.878 1342.927 10:44:56
5.068 292.683 1135.610 10:44:57
5.076 145.098 737.073 10:44:58
5.068 173.976 827.317 10:44:59
5.072 160.390 802.439 10:45:00
5.068 240.488 807.805 10:45:01
5.076 158.976 806.341 10:45:02
5.080 144.878 740.000 10:45:03
5.076 160.390 812.683 10:45:04
5.076 145.098 1067.805 10:45:05
5.072 161.073 816.098 10:45:06
5.068 249.171 852.195 10:45:07
5.072 303.683 1239.024 10:45:08
5.072 271.878 924.878 10:45:09
5.076 146.488 737.073 10:45:10
5.076 160.585 811.220 10:45:11
5.068 278.171 1268.293 10:45:12
5.076 159.878 737.073 10:45:13
5.068 208.390 1050.244 10:45:14
5.076 145.585 737.073 10:45:15
5.072 161.073 816.098 10:45:16
5.072 150.585 769.756 10:45:17
5.072 201.073 947.805 10:45:18
5.068 156.878 746.341 10:45:19
5.076 146.878 787.317 10:45:20
5.060 349.366 1314.146 10:45:21
5.076 145.780 737.561 10:45:22
5.060 341.366 1767.317 10:45:23
5.076 150.390 767.317 10:45:24
5.072 178.683 912.683 10:45:25
5.068 289.561 1260.488 10:45:26
5.076 144.683 740.000 10:45:27
5.052 403.951 2137.073 10:45:28
5.076 145.878 737.073 10:45:29
5.076 145.488 735.122 10:45:30
5.072 184.780 1260.976 10:45:31
5.076 145.878 739.512 10:45:32
5.048 476.561 2155.610 10:45:33
5.072 146.683 796.098 10:45:34
5.064 231.366 896.585 10:45:35
5.052 399.268 2013.171 10:45:36
5.072 211.585 934.146 10:45:37
5.072 147.195 997.561 10:45:38
5.076 149.098 760.976 10:45:39
5.072 145.683 742.439 10:45:41
5.072 158.976 803.902 10:45:42
5.068 199.976 919.024 10:45:43
5.076 145.780 737.073 10:45:44
5.072 151.390 763.902 10:45:45
5.076 145.098 736.098 10:45:46
5.064 270.878 1601.463 10:45:47
5.076 146.976 745.854 10:45:48
5.072 200.293 948.780 10:45:49
5.072 232.073 1245.854 10:45:50
5.076 148.780 760.000 10:45:51
5.072 242.073 1241.951 10:45:52
5.072 196.171 979.024 10:45:53
5.076 147.195 748.293 10:45:54
5.076 160.488 815.122 10:45:55
5.072 196.171 928.780 10:45:56
5.060 387.854 1558.537 10:45:57
5.072 158.780 765.854 10:45:58
5.060 327.976 1432.195 10:45:59
5.076 150.585 762.439 10:46:00
5.064 251.683 1265.366 10:46:01
5.072 247.268 812.195 10:46:02
5.068 247.976 931.707 10:46:03
5.068 258.366 1265.366 10:46:04
5.076 146.683 748.780 10:46:05
5.072 145.390 736.098 10:46:06
5.072 160.683 813.659 10:46:07
5.072 206.878 1047.805 10:46:08
5.064 241.878 1224.390 10:46:09
5.072 178.585 962.927 10:46:10
5.060 246.878 1393.659 10:46:11
5.072 394.073 1020.488 10:46:12
5.072 150.390 758.537 10:46:13
5.072 241.488 817.561 10:46:14
5.072 146.195 744.878 10:46:15
5.064 363.366 1285.366 10:46:16
5.068 155.195 794.634 10:46:17
5.068 179.390 1165.366 10:46:18
5.072 160.293 813.659 10:46:19
5.076 158.585 807.317 10:46:20
5.072 161.585 1225.366 10:46:21
5.072 184.488 991.220 10:46:22
5.072 263.683 1365.854 10:46:23
5.072 210.878 1146.341 10:46:24
5.076 146.878 747.317 10:46:25
5.076 145.098 737.073 10:46:26
5.068 221.780 1089.268 10:46:27
5.052 346.366 1675.122 10:46:28
5.076 146.683 732.195 10:46:29
5.060 282.073 1439.512 10:46:30
5.076 150.488 763.902 10:46:31
5.072 151.098 767.317 10:46:32
5.068 331.878 1751.707 10:46:33
5.064 212.488 969.268 10:46:34
5.064 372.976 1690.244 10:46:35
5.076 163.293 747.317 10:46:36
5.072 158.585 804.878 10:46:37
5.072 160.073 1351.707 10:46:38
5.076 158.293 802.439 10:46:39
5.076 263.366 1106.341 10:46:40
5.072 147.585 745.854 10:46:41
5.076 144.488 743.415 10:46:42
5.076 159.878 811.220 10:46:43
5.072 150.585 763.415 10:46:44
5.068 255.073 1161.951 10:46:45
5.072 150.488 766.341 10:46:46
5.076 147.390 743.902 10:46:47
5.072 185.073 817.561 10:46:48
5.068 247.683 1081.463 10:46:49
5.068 298.561 1719.024 10:46:50
5.076 147.488 748.780 10:46:51
5.076 171.390 737.073 10:46:52
5.056 324.976 1449.756 10:46:53
5.072 235.171 835.122 10:46:54
5.076 145.390 735.122 10:46:55
5.072 158.293 804.878 10:46:56
5.072 146.780 748.780 10:46:57
5.060 323.561 1628.780 10:46:58
5.076 159.683 813.659 10:46:59
5.068 150.293 765.854 10:47:00
5.072 146.878 747.317 10:47:01
5.076 160.073 812.195 10:47:02
5.072 160.585 815.122 10:47:03
5.076 150.390 763.902 10:47:04
5.072 262.073 1457.561 10:47:05
5.072 186.293 1098.049 10:47:06
5.072 157.293 748.293 10:47:07
5.064 161.683 815.122 10:47:08
5.076 147.585 745.854 10:47:09
5.076 146.878 812.683 10:47:10
5.076 151.390 768.293 10:47:11
5.072 168.683 816.585 10:47:12
5.076 174.488 802.439 10:47:13
5.076 157.683 768.780 10:47:14
5.068 209.488 1061.951 10:47:15
5.072 148.585 749.756 10:47:16
5.076 158.683 804.878 10:47:17
5.072 162.878 970.244 10:47:18
5.068 290.463 1100.488 10:47:19
5.056 326.463 1647.805 10:47:20
5.076 151.293 767.317 10:47:21
5.076 146.683 747.317 10:47:22
5.072 160.293 812.683 10:47:23
5.068 216.976 1029.268 10:47:24
5.068 257.268 2311.220 10:47:25
5.068 200.780 945.366 10:47:26
5.072 151.195 772.195 10:47:27
5.072 158.073 806.341 10:47:28
5.076 145.976 739.512 10:47:29
5.056 245.976 1280.976 10:47:30
5.064 223.780 1118.049 10:47:31
5.072 211.171 1070.732 10:47:32
5.072 146.780 747.317 10:47:33
5.044 462.049 1207.805 10:47:34
5.072 179.488 818.537 10:47:36
5.076 150.585 764.878 10:47:37
5.060 309.073 1280.488 10:47:38
5.076 210.268 750.244 10:47:39
5.072 150.390 760.000 10:47:40
5.076 162.976 826.341 10:47:41
5.076 170.293 836.585 10:47:42
5.068 258.463 1389.268 10:47:43
5.072 291.366 1430.732 10:47:44
5.072 158.195 803.902 10:47:45
5.072 160.390 813.659 10:47:46
5.076 157.878 803.902 10:47:47
5.068 282.683 1654.634 10:47:48
5.068 242.683 1379.512 10:47:49
5.076 147.293 743.902 10:47:50
5.072 206.683 1044.390 10:47:51
5.072 170.585 879.024 10:47:52
5.076 145.976 740.976 10:47:53
5.072 200.171 1339.512 10:47:54
5.064 181.073 1247.805 10:47:55
5.064 293.366 1460.000 10:47:56
5.076 147.195 767.317 10:47:57
5.072 158.683 805.854 10:47:58
5.072 160.488 813.659 10:47:59
5.044 397.756 1642.439 10:48:00
5.068 241.585 1234.634 10:48:01
5.076 146.683 747.317 10:48:02
5.068 198.073 984.878 10:48:03
5.076 146.683 732.683 10:48:04
5.076 146.488 748.780 10:48:05
5.076 151.293 767.317 10:48:06
5.068 219.683 1109.268 10:48:07
5.056 401.366 1940.488 10:48:08
5.072 193.585 935.122 10:48:09
5.076 145.976 739.512 10:48:10
5.076 160.195 813.659 10:48:11
5.060 232.585 819.024 10:48:12
5.060 367.561 2298.537 10:48:13
5.072 243.488 1226.829 10:48:14
5.076 146.683 739.512 10:48:15
5.072 160.073 808.780 10:48:16
5.072 158.780 805.854 10:48:17
5.076 193.293 907.805 10:48:18
5.076 149.293 760.976 10:48:19
5.076 147.293 750.244 10:48:20
5.068 267.366 1125.366 10:48:21
5.072 255.268 1443.415 10:48:22
5.072 150.390 765.854 10:48:23
5.072 211.268 1076.585 10:48:24
5.076 145.195 750.244 10:48:25
5.076 160.488 891.220 10:48:26
5.076 150.585 765.854 10:48:27
5.056 430.756 1651.220 10:48:28
5.068 151.293 767.317 10:48:29
5.072 205.976 1050.244 10:48:30
5.076 200.073 1055.122 10:48:31
5.076 146.683 748.780 10:48:32
5.072 159.195 806.341 10:48:33
5.076 158.976 1240.488 10:48:34
5.068 244.268 1270.732 10:48:35
5.076 161.878 819.024 10:48:36
5.072 195.488 927.317 10:48:37
5.076 151.293 806.341 10:48:38
5.072 157.878 850.244 10:48:39
5.072 161.195 1242.927 10:48:40
5.076 160.073 812.683 10:48:41
5.076 366.561 1225.854 10:48:42
5.068 214.390 1070.732 10:48:43
5.076 145.390 736.098 10:48:44
5.060 211.268 813.659 10:48:45
5.076 253.976 1250.244 10:48:46
5.060 327.659 1648.780 10:48:47
5.072 147.488 750.244 10:48:48
5.068 241.171 1219.512 10:48:49
5.076 145.390 745.854 10:48:50
5.076 157.878 802.439 10:48:51
5.064 196.976 987.805 10:48:52
5.076 146.683 747.317 10:48:53
5.064 264.073 1273.171 10:48:54
5.068 219.073 998.049 10:48:55
5.072 144.878 737.073 10:48:56
5.072 200.878 745.854 10:48:57
5.072 147.195 746.341 10:48:58
5.072 160.780 816.098 10:48:59
5.068 160.780 812.683 10:49:00
5.072 204.488 965.366 10:49:01
5.076 200.878 768.293 10:49:02
5.076 148.585 774.634 10:49:03
5.076 160.976 815.122 10:49:04
5.072 158.878 803.415 10:49:05
5.064 264.366 1254.146 10:49:06
5.072 150.683 763.902 10:49:07
5.072 184.073 947.317 10:49:08
5.076 160.780 816.098 10:49:09
5.076 146.585 737.073 10:49:10
5.044 285.683 1230.732 10:49:11
5.076 152.195 768.780 10:49:12
5.076 147.390 743.415 10:49:13
5.068 265.171 1428.293 10:49:14
5.076 145.780 740.000 10:49:15
5.068 269.366 1369.756 10:49:16
5.076 152.195 772.683 10:49:17
5.072 327.366 1376.098 10:49:18
5.072 202.976 1015.122 10:49:19
5.076 161.585 865.366 10:49:20
5.072 242.976 1051.220 10:49:21
5.072 145.195 737.561 10:49:22
5.056 470.366 1200.488 10:49:23
5.072 147.878 746.341 10:49:24
5.072 144.878 739.512 10:49:25
5.072 159.073 807.317 10:49:26
5.076 145.195 737.073 10:49:27
5.056 453.659 2300.976 10:49:28
5.064 199.390 948.780 10:49:29
5.072 145.195 736.098 10:49:31
5.076 151.683 769.756 10:49:32
5.076 146.585 792.683 10:49:33
5.044 243.073 1230.732 10:49:34
5.076 150.878 763.902 10:49:35
5.064 207.976 1234.634 10:49:36
5.076 145.585 737.073 10:49:37
5.076 147.976 754.634 10:49:38
5.056 366.268 1530.732 10:49:39
5.076 154.195 744.878 10:49:40
5.064 206.488 1099.512 10:49:41
5.076 146.780 749.756 10:49:42
5.076 145.488 735.122 10:49:43
5.072 175.488 940.488 10:49:44
5.076 145.488 742.439 10:49:45
5.076 158.878 807.317 10:49:46
5.072 233.976 1086.341 10:49:47
5.064 255.171 1192.683 10:49:48
5.076 147.293 749.756 10:49:49
5.076 187.976 922.927 10:49:50
5.076 159.073 807.805 10:49:51
5.076 215.390 1042.927 10:49:52
5.064 239.976 1244.390 10:49:53
5.072 244.366 1027.805 10:49:54
5.076 146.780 748.780 10:49:55
5.076 160.780 814.634 10:49:56
5.064 257.683 811.220 10:49:57
5.064 289.268 1466.829 10:49:58
5.068 245.073 1274.146 10:49:59
5.076 145.878 982.439 10:50:00
5.072 160.585 812.683 10:50:01
5.064 159.683 808.780 10:50:02
5.072 159.293 805.854 10:50:03
5.064 250.171 1458.537 10:50:04
5.072 179.585 902.439 10:50:05
5.072 317.073 1139.024 10:50:06
5.076 146.780 745.854 10:50:07
5.076 159.878 815.122 10:50:08
5.076 158.683 805.854 10:50:09
5.064 281.585 1688.780 10:50:10
5.072 160.878 818.537 10:50:11
5.076 148.293 752.683 10:50:12
5.068 211.878 1068.780 10:50:13
5.068 186.780 1161.463 10:50:14
5.060 322.463 1710.244 10:50:15
5.072 161.488 813.659 10:50:16
5.072 205.585 1041.463 10:50:17
5.072 158.683 807.317 10:50:18
5.076 146.780 749.756 10:50:19
5.076 160.073 814.634 10:50:20
5.072 229.390 797.561 10:50:21
5.060 291.366 1733.659 10:50:22
5.068 160.073 816.585 10:50:23
5.068 191.780 967.805 10:50:24
5.076 149.878 757.561 10:50:25
5.072 156.976 804.878 10:50:26
5.072 159.878 812.195 10:50:27
5.064 237.878 1220.488 10:50:28
5.072 152.195 771.220 10:50:29
5.068 250.780 1076.585 10:50:30
5.072 146.683 744.878 10:50:31
5.072 162.073 938.537 10:50:32
5.076 147.585 890.244 10:50:33
5.060 331.171 1691.220 10:50:34
5.068 213.268 1054.146 10:50:35
5.064 388.756 1604.878 10:50:36
5.072 146.878 746.341 10:50:37
5.072 155.878 735.122 10:50:38
5.064 243.488 1237.073 10:50:39
5.072 269.366 1511.220 10:50:40
5.072 160.293 812.683 10:50:41
5.076 153.293 780.976 10:50:42
5.072 191.683 921.463 10:50:43
5.072 160.073 812.683 10:50:44
5.076 146.878 748.293 10:50:45
5.060 270.366 1250.244 10:50:46
5.076 160.585 803.902 10:50:47
5.076 151.488 772.195 10:50:48
5.068 255.366 1316.098 10:50:49
5.072 149.683 757.561 10:50:50
5.076 146.683 750.244 10:50:51
5.076 151.390 765.854 10:50:52
5.072 209.171 1070.244 10:50:53
5.072 180.878 879.024 10:50:54
5.072 150.585 766.341 10:50:55
5.072 168.390 966.829 10:50:56
5.060 329.780 1630.244 10:50:57
5.072 180.780 885.366 10:50:58
5.072 237.488 1344.390 10:50:59
5.072 159.976 812.195 10:51:00
5.072 147.780 752.683 10:51:01
5.060 242.488 1239.024 10:51:02
5.076 147.585 747.317 10:51:03
5.076 145.585 736.098 10:51:04
5.072 160.683 912.683 10:51:05
5.076 145.195 740.000 10:51:06
5.064 260.683 1316.098 10:51:07
5.076 147.683 746.341 10:51:08
5.076 144.878 739.512 10:51:09
5.076 160.585 815.122 10:51:10
5.076 150.585 763.902 10:51:11
5.072 207.683 1051.707 10:51:12
5.072 152.878 850.244 10:51:13
5.072 146.098 739.512 10:51:14
5.056 402.854 1892.683 10:51:15
5.072 147.683 745.854 10:51:16
5.068 179.390 993.659 10:51:17
5.076 155.390 1065.366 10:51:18
5.076 192.171 770.244 10:51:19
5.068 257.463 2395.122 10:51:20
5.072 145.390 741.463 10:51:21
5.076 145.098 740.976 10:51:22
5.072 159.488 810.244 10:51:23
5.076 149.293 760.976 10:51:25
5.068 161.073 818.537 10:51:26
5.076 147.390 1095.610 10:51:27
5.060 230.073 1127.805 10:51:28
5.068 150.488 763.902 10:51:29
5.072 198.683 1099.024 10:51:30
5.072 160.293 1236.585 10:51:31
5.076 148.976 759.512 10:51:32
5.060 322.976 1628.780 10:51:33
5.072 200.488 900.000 10:51:34
5.076 145.780 737.561 10:51:35
5.072 160.488 1317.073 10:51:36
5.072 158.488 805.854 10:51:37
5.060 322.976 1991.707 10:51:38
5.076 146.098 748.780 10:51:39
5.068 232.683 1219.512 10:51:40
5.076 200.171 748.780 10:51:41
5.072 159.390 809.756 10:51:42
5.072 161.073 816.585 10:51:43
5.072 213.683 985.366 10:51:44
5.076 158.390 807.317 10:51:45
5.072 146.683 744.878 10:51:46
5.072 146.683 740.976 10:51:47
5.072 158.780 804.878 10:51:48
5.072 172.585 805.854 10:51:49
5.064 203.976 1010.244 10:51:50
5.072 145.585 737.561 10:51:51
5.072 157.780 801.463 10:51:52
5.060 265.585 855.122 10:51:53
5.072 224.780 1050.244 10:51:54
5.072 146.293 1121.951 10:51:55
5.068 151.195 768.293 10:51:56
5.072 145.098 740.000 10:51:57
5.076 158.976 803.902 10:51:58
5.064 235.976 1194.146 10:51:59
5.064 285.780 1742.927 10:52:00
5.076 147.488 1015.610 10:52:01
5.068 146.098 743.415 10:52:02
5.064 160.585 813.659 10:52:03
5.072 151.780 768.780 10:52:04
5.052 417.171 1649.756 10:52:05
5.072 146.585 745.854 10:52:06
5.076 146.683 1051.220 10:52:07
5.076 158.683 806.341 10:52:08
5.076 158.585 800.976 10:52:09
5.076 160.585 816.098 10:52:10
5.072 151.195 767.317 10:52:11
5.076 150.293 758.537 10:52:12
5.072 153.195 792.195 10:52:13
5.076 150.683 759.512 10:52:14
5.064 260.171 843.415 10:52:15
5.076 163.780 1025.366 10:52:16
5.072 204.073 924.878 10:52:17
5.076 147.098 1014.146 10:52:18
5.076 149.683 758.537 10:52:19
5.068 268.878 1398.537 10:52:20
5.068 185.488 1237.073 10:52:21
5.064 267.366 1595.122 10:52:22
5.072 145.293 741.463 10:52:23
5.076 145.293 737.561 10:52:24
5.072 202.390 1012.683 10:52:25
5.072 217.073 1473.171 10:52:26
5.056 268.366 1429.756 10:52:27
5.072 208.268 745.854 10:52:28
5.076 145.293 739.512 10:52:29
5.072 160.585 811.220 10:52:30
5.076 151.585 770.244 10:52:31
5.060 330.073 1665.366 10:52:32
5.068 171.488 745.854 10:52:33
5.072 160.878 812.683 10:52:34
5.076 147.195 748.780 10:52:35
5.076 158.780 805.854 10:52:36
5.068 260.171 1452.195 10:52:37
5.068 325.780 1157.073 10:52:38
5.064 241.073 1403.415 10:52:39
5.076 147.195 745.854 10:52:40
5.072 158.195 801.463 10:52:41
5.068 246.171 1530.732 10:52:42
5.072 210.268 1066.829 10:52:43
5.060 331.561 1637.561 10:52:44
5.064 201.878 1016.585 10:52:45
5.060 199.585 1072.683 10:52:46
5.076 254.878 813.659 10:52:47
5.076 151.488 769.756 10:52:48
5.076 153.293 777.561 10:52:49
5.068 188.073 783.415 10:52:50
5.068 189.293 816.585 10:52:51
5.060 160.488 814.634 10:52:52
5.068 227.268 989.268 10:52:53
5.068 160.780 1246.829 10:52:54
5.072 153.976 757.073 10:52:55
5.068 219.585 1121.951 10:52:56
5.068 240.488 1216.585 10:52:57
5.064 234.976 1242.927 10:52:58
5.072 220.488 1088.780 10:52:59
5.072 159.195 977.561 10:53:00
5.068 210.585 1073.171 10:53:01
5.072 189.976 971.707 10:53:02
5.072 148.780 751.220 10:53:03
5.056 251.366 1416.098 10:53:04
5.072 160.488 815.122 10:53:05
5.068 247.780 1706.341 10:53:06
5.076 162.976 962.439 10:53:07
5.072 146.780 745.854 10:53:08
5.072 159.878 814.634 10:53:09
5.072 151.293 768.780 10:53:10
5.068 192.488 989.268 10:53:11
5.072 161.390 815.122 10:53:12
5.068 195.780 940.488 10:53:13
5.068 147.098 812.195 10:53:14
5.080 146.390 747.317 10:53:15
5.072 160.195 823.902 10:53:16
5.068 244.073 1221.951 10:53:17
5.068 218.878 1101.951 10:53:18
5.060 244.171 1236.585 10:53:20
5.076 144.976 740.976 10:53:21
5.076 244.488 813.659 10:53:22
5.072 158.976 805.854 10:53:23
5.060 418.463 1654.634 10:53:24
5.072 181.585 806.341 10:53:25
5.076 145.293 740.976 10:53:26
5.068 193.878 1024.390 10:53:27
5.072 160.488 812.195 10:53:28
5.064 308.878 1598.537 10:53:29
5.068 160.878 811.220 10:53:30
5.076 145.780 736.098 10:53:31
5.056 203.293 1482.439 10:53:32
5.068 179.073 934.146 10:53:33
5.060 397.756 1752.683 10:53:34
5.064 160.683 815.122 10:53:35
5.072 145.878 737.073 10:53:36
5.072 160.488 812.683 10:53:37
5.076 145.195 741.463 10:53:38
5.072 160.073 809.756 10:53:39
5.072 147.098 751.220 10:53:40
5.068 273.683 826.341 10:53:41
5.072 167.390 752.195 10:53:42
5.076 145.976 740.976 10:53:43
5.072 174.878 902.439 10:53:44
5.076 151.780 770.244 10:53:45
5.072 145.293 737.561 10:53:46
5.060 339.756 2377.073 10:53:47
5.072 145.488 737.561 10:53:48
5.076 152.195 763.415 10:53:49
5.076 155.073 778.537 10:53:50
5.076 146.098 736.098 10:53:51
5.060 314.268 1647.805 10:53:52
5.076 146.293 743.415 10:53:53
5.076 145.195 737.561 10:53:54
5.064 311.268 1380.488 10:53:55
5.072 147.976 752.683 10:53:56
5.068 187.073 807.317 10:53:57
5.076 159.683 815.122 10:53:58
5.072 210.780 1045.366 10:53:59
5.056 330.171 1632.683 10:54:00
5.076 146.098 738.537 10:54:01
5.068 200.488 983.902 10:54:02
5.072 160.073 814.634 10:54:03
5.068 241.366 1222.927 10:54:04
5.060 325.463 1624.878 10:54:05
5.072 147.683 857.561 10:54:06
5.068 146.976 800.000 10:54:07
5.076 160.488 816.098 10:54:08
5.072 174.780 1540.976 10:54:09
5.072 253.171 856.585 10:54:10
5.064 235.366 1159.512 10:54:11
5.076 146.878 755.122 10:54:12
5.072 168.390 745.854 10:54:13
5.072 165.976 813.659 10:54:14
5.072 161.585 823.902 10:54:15
5.068 218.585 1008.780 10:54:16
5.072 267.366 1090.244 10:54:17
5.076 146.976 748.780 10:54:18
5.076 159.195 806.341 10:54:19
5.064 160.585 815.122 10:54:20
5.068 263.073 1117.561 10:54:21
5.068 259.780 1254.146 10:54:22
5.076 285.463 766.341 10:54:23
5.072 321.268 1627.317 10:54:24
5.072 151.390 765.854 10:54:25
5.076 158.976 807.317 10:54:26
5.076 161.195 1425.854 10:54:27
5.076 146.878 749.756 10:54:28
5.068 267.268 1266.829 10:54:29
5.064 221.976 1089.268 10:54:30
5.064 247.878 1337.073 10:54:31
5.076 160.488 912.683 10:54:32
5.064 271.366 1053.171 10:54:33
5.076 158.390 805.854 10:54:34
5.076 145.878 736.098 10:54:35
5.072 159.976 807.317 10:54:36
5.072 176.878 871.220 10:54:37
5.068 195.683 1488.780 10:54:38
5.076 159.878 812.683 10:54:39
5.076 145.098 736.098 10:54:40
5.068 211.780 1046.341 10:54:41
5.076 146.488 740.000 10:54:42
5.072 161.780 817.561 10:54:43
5.076 145.585 739.512 10:54:44
5.056 266.463 1357.073 10:54:45
5.072 225.488 992.683 10:54:46
5.076 147.390 765.854 10:54:47
5.068 218.390 1115.610 10:54:48
5.068 174.878 808.780 10:54:49
5.076 159.390 807.317 10:54:50
5.064 240.780 1220.488 10:54:51
5.068 189.683 951.220 10:54:52
5.076 149.098 756.098 10:54:53
5.068 214.268 1077.561 10:54:54
5.068 242.976 1502.439 10:54:55
5.072 160.073 812.195 10:54:56
5.076 145.098 737.073 10:54:57
5.072 159.780 969.268 10:54:58
5.076 158.293 880.976 10:54:59
5.064 246.488 1227.805 10:55:00
5.064 160.976 883.902 10:55:01
5.072 198.780 1012.683 10:55:02
5.060 291.463 1500.976 10:55:03
5.076 145.390 737.561 10:55:04
5.064 193.293 1042.439 10:55:05
5.068 185.390 960.000 10:55:06
5.072 158.976 806.341 10:55:07
5.072 160.073 812.195 10:55:08
5.076 146.878 749.756 10:55:09
5.076 176.390 891.707 10:55:10
5.076 147.098 756.098 10:55:11
5.060 334.171 1691.220 10:55:12
5.072 150.585 814.634 10:55:13
5.072 169.976 845.366 10:55:14
5.072 159.976 812.195 10:55:15
5.076 145.683 740.976 10:55:16
5.048 413.756 1956.585 10:55:17
5.072 158.073 1120.488 10:55:18
5.072 224.268 1077.561 10:55:19
5.068 208.780 1060.000 10:55:21
5.076 147.585 740.976 10:55:22
5.072 161.293 816.098 10:55:23
5.068 201.390 938.537 10:55:24
5.064 246.488 1250.244 10:55:25
5.072 160.780 815.122 10:55:26
5.072 208.268 1047.805 10:55:27
5.072 193.171 927.805 10:55:28
5.076 149.293 760.000 10:55:29
5.072 274.683 1373.659 10:55:30
5.076 147.780 758.537 10:55:31
5.076 158.780 806.341 10:55:32
5.068 226.585 1143.902 10:55:33
5.072 145.390 740.976 10:55:34
5.072 151.878 772.195 10:55:35
5.072 276.366 900.000 10:55:36
5.072 160.683 816.585 10:55:37
5.072 160.683 814.634 10:55:38
5.060 264.683 1342.927 10:55:39
5.076 244.780 1094.146 10:55:40
5.076 148.780 758.537 10:55:41
5.056 362.268 1778.537 10:55:42
5.072 160.780 816.098 10:55:43
5.056 496.244 1369.756 10:55:44
5.068 223.390 1128.293 10:55:45
5.076 152.683 747.317 10:55:46
5.076 160.780 815.122 10:55:47
5.072 162.195 818.537 10:55:48
5.056 321.878 1880.488 10:55:49
5.072 154.195 777.073 10:55:50
5.072 166.390 887.317 10:55:51
5.076 151.195 764.878 10:55:52
5.076 146.390 738.537 10:55:53
5.072 217.683 1298.049 10:55:54
5.076 159.780 827.805 10:55:55
5.076 159.683 807.805 10:55:56
5.072 175.780 902.927 10:55:57
5.072 161.073 816.585 10:55:58
5.076 149.488 1051.707 10:55:59
5.072 178.073 964.878 10:56:00
5.068 192.293 972.683 10:56:01
5.076 150.780 765.854 10:56:02
5.076 160.878 1254.146 10:56:03
5.060 269.878 1234.634 10:56:04
5.064 217.976 1114.146 10:56:05
5.064 245.683 1218.049 10:56:06
5.076 147.585 745.854 10:56:07
5.072 160.780 815.122 10:56:08
5.068 245.171 1244.390 10:56:09
5.060 261.585 1280.488 10:56:10
5.076 156.073 743.902 10:56:11
5.072 160.585 816.098 10:56:12
5.068 173.878 770.244 10:56:13
5.068 216.976 1125.366 10:56:14
5.072 261.780 1406.829 10:56:15
5.076 147.390 1039.024 10:56:16
5.076 161.585 818.537 10:56:17
5.072 162.293 1256.585 10:56:18
5.076 181.683 912.683 10:56:19
5.072 225.073 856.098 10:56:20
5.076 146.976 749.756 10:56:21
5.076 160.780 820.976 10:56:22
5.076 161.293 816.585 10:56:23
5.072 195.585 1111.707 10:56:24
5.072 243.683 1230.732 10:56:25
5.076 147.098 746.341 10:56:26
5.072 146.976 750.244 10:56:27
5.072 160.976 920.000 10:56:28
5.076 161.390 816.585 10:56:29
5.060 325.561 1960.488 10:56:30
5.072 151.683 769.756 10:56:31
5.072 212.878 1009.268 10:56:32
5.072 160.780 810.244 10:56:33
5.072 159.878 810.244 10:56:34
5.076 161.488 1170.732 10:56:35
5.064 247.683 1239.024 10:56:36
5.076 160.585 812.195 10:56:37
5.072 146.878 823.902 10:56:38
5.072 145.390 740.976 10:56:39
5.068 182.780 813.659 10:56:40
5.060 295.171 1389.268 10:56:41
5.060 319.561 1327.317 10:56:42
5.068 255.268 1207.805 10:56:43
5.072 207.780 1052.683 10:56:44
5.072 145.585 777.073 10:56:45
5.076 160.488 813.659 10:56:46
5.064 242.366 836.098 10:56:47
5.072 246.366 956.098 10:56:48
5.068 246.268 1250.244 10:56:49
5.076 147.488 742.439 10:56:50
5.076 145.390 740.000 10:56:51
5.076 160.195 809.756 10:56:52
5.068 273.171 1378.049 10:56:53
5.072 187.171 994.146 10:56:54
5.076 161.073 816.098 10:56:55
5.072 160.683 811.220 10:56:56
5.072 158.976 801.463 10:56:57
5.064 267.878 1370.732 10:56:58
5.064 206.780 1052.683 10:56:59
5.072 147.293 1046.341 10:57:00
5.072 159.195 807.317 10:57:01
5.072 160.878 818.537 10:57:02
5.056 364.171 1784.878 10:57:03
5.076 150.780 765.854 10:57:04
5.072 160.780 813.659 10:57:05
5.076 160.683 814.634 10:57:06
5.076 151.976 768.780 10:57:07
5.076 159.976 809.756 10:57:08
5.060 375.366 1484.390 10:57:09
5.076 147.098 745.854 10:57:10
5.072 164.878 1141.951 10:57:11
5.076 197.976 740.976 10:57:12
5.056 322.659 1585.854 10:57:13
5.072 290.683 1468.293 10:57:15
5.072 148.683 758.537 10:57:16
5.068 242.488 1229.268 10:57:17
5.072 165.195 826.341 10:57:18
5.064 323.659 1705.366 10:57:19
5.076 163.293 800.000 10:57:20
5.072 146.390 736.098 10:57:21
5.076 161.976 819.024 10:57:22
5.068 181.171 867.805 10:57:23
5.068 276.878 1042.927 10:57:24
5.064 265.976 1151.707 10:57:25
5.076 153.390 748.780 10:57:26
5.072 150.878 765.854 10:57:27
5.072 158.195 802.439 10:57:28
5.068 244.488 1643.902 10:57:29
5.072 198.878 979.024 10:57:30
5.072 146.390 746.341 10:57:31
5.076 158.976 986.341 10:57:32
5.072 159.878 818.537 10:57:33
5.068 245.976 1358.537 10:57:34
5.068 241.268 956.585 10:57:35
5.072 154.878 787.805 10:57:36
5.076 214.683 1223.415 10:57:37
5.076 145.293 737.561 10:57:38
5.076 149.195 756.098 10:57:39
5.076 159.976 814.634 10:57:40
5.068 161.878 816.098 10:57:41
5.072 211.585 1048.780 10:57:42
5.060 325.366 1379.512 10:57:43
5.072 190.683 869.756 10:57:44
5.076 160.488 883.902 10:57:45
5.068 246.488 1262.927 10:57:46
5.064 243.366 1239.024 10:57:47
5.076 159.585 810.244 10:57:48
5.072 161.878 752.195 10:57:49
5.072 159.293 805.854 10:57:50
5.076 149.488 754.634 10:57:51
5.076 160.878 815.122 10:57:52
5.076 187.976 919.024 10:57:53
5.072 194.073 902.927 10:57:54
5.076 148.390 1081.951 10:57:55
5.068 246.073 1236.585 10:57:56
5.072 183.073 923.902 10:57:57
5.072 243.488 1367.317 10:57:58
5.076 161.878 818.537 10:57:59
5.072 170.683 902.439 10:58:00
5.072 159.195 806.341 10:58:01
5.076 159.390 814.634 10:58:02
5.064 485.659 2399.512 10:58:03
5.072 161.585 818.537 10:58:04
5.072 151.976 735.122 10:58:05
5.072 159.073 805.854 10:58:06
5.076 147.976 747.317 10:58:07
5.076 159.585 811.220 10:58:08
5.064 240.780 1201.463 10:58:09
5.076 146.683 737.561 10:58:10
5.068 270.780 1485.854 10:58:11
5.076 160.976 878.537 10:58:12
5.044 452.561 2045.854 10:58:13
5.064 245.488 1251.707 10:58:14
5.076 182.878 1030.244 10:58:15
5.076 160.878 812.683 10:58:16
5.076 156.585 786.341 10:58:17
5.076 296.976 1342.927 10:58:18
5.064 199.976 1106.341 10:58:19
5.068 206.073 1050.244 10:58:20
5.072 160.585 883.902 10:58:21
5.076 177.195 816.585 10:58:22
5.068 212.171 1075.122 10:58:23
5.064 252.488 1241.951 10:58:24
5.068 214.171 1356.098 10:58:25
5.068 218.171 1172.683 10:58:26
5.076 160.780 814.634 10:58:27
5.068 194.171 1428.293 10:58:28
5.064 278.268 1238.049 10:58:29
5.076 161.488 818.537 10:58:30
5.076 147.878 746.341 10:58:31
5.064 163.293 1265.366 10:58:32
5.068 254.976 1005.366 10:58:33
5.072 202.780 1223.415 10:58:34
5.076 148.195 747.317 10:58:35
5.076 160.976 913.659 10:58:36
5.076 160.390 816.098 10:58:37
5.064 210.268 996.585 10:58:38
5.076 146.488 737.561 10:58:39
5.076 147.098 751.220 10:58:40
5.068 271.171 1250.732 10:58:41
5.076 305.976 1111.707 10:58:42
5.060 276.171 1615.122 10:58:43
5.068 211.488 1073.171 10:58:44
5.076 147.098 746.341 10:58:45
5.072 158.488 808.780 10:58:46
5.072 160.293 815.122 10:58:47
5.068 222.390 1136.585 10:58:48
5.076 159.293 808.780 10:58:49
5.072 147.683 750.244 10:58:50
5.064 255.488 1484.390 10:58:51
5.064 246.171 1240.488 10:58:52
5.076 146.195 737.073 10:58:53
5.072 177.195 814.634 10:58:54
5.072 159.195 807.317 10:58:55
5.068 251.366 1263.415 10:58:56
5.048 461.756 1227.805 10:58:57
5.068 292.366 1607.317 10:58:58
5.076 147.195 749.756 10:58:59
5.076 269.780 816.098 10:59:00
5.068 245.488 1539.512 10:59:01
5.068 181.780 982.927 10:59:02
5.068 172.585 901.463 10:59:03
5.076 248.878 817.561 10:59:04
5.076 241.073 815.122 10:59:05
5.060 241.976 1230.732 10:59:06
5.056 346.976 1439.512 10:59:07
5.076 165.073 748.780 10:59:08
5.072 166.585 814.634 10:59:09
5.072 160.585 814.634 10:59:11
5.052 396.561 2415.122 10:59:12
5.060 282.683 1443.415 10:59:13
5.076 146.293 742.439 10:59:14
5.076 158.585 803.415 10:59:15
5.072 158.878 807.317 10:59:16
5.056 331.659 1669.756 10:59:17
5.076 217.268 1271.707 10:59:18
5.076 148.780 750.244 10:59:19
5.072 160.683 814.634 10:59:20
5.076 149.878 766.341 10:59:21
5.076 160.976 816.098 10:59:22
5.072 243.683 816.098 10:59:23
5.072 160.683 816.098 10:59:24
5.064 268.780 1214.634 10:59:25
5.076 153.098 752.195 10:59:26
5.076 214.268 767.317 10:59:27
5.072 160.878 815.122 10:59:28
5.072 218.878 1072.683 10:59:29
5.060 293.268 1457.073 10:59:30
5.068 210.390 1123.902 10:59:31
5.072 147.390 747.317 10:59:32
5.072 159.976 812.195 10:59:33
5.060 336.073 2337.561 10:59:34
5.068 246.073 1240.976 10:59:35
5.068 246.171 817.561 10:59:36
5.076 145.585 739.512 10:59:37
5.076 158.195 807.317 10:59:38
5.076 158.585 807.805 10:59:39
5.072 159.585 1285.854 10:59:40
5.072 159.878 809.756 10:59:41
5.072 145.585 737.561 10:59:42
5.076 150.488 764.878 10:59:43
5.076 149.195 797.561 10:59:44
5.072 161.683 809.756 10:59:45
5.060 246.073 1486.341 10:59:46
5.072 188.878 1489.756 10:59:47
5.064 219.073 1072.683 10:59:48
5.072 151.585 769.756 10:59:49
5.072 159.976 906.341 10:59:50
5.056 291.073 1438.537 10:59:51
5.044 483.463 2058.049 10:59:52
5.076 146.683 988.780 10:59:53
5.064 260.463 1785.366 10:59:54
5.052 400.659 1636.098 10:59:55
5.076 159.585 803.415 10:59:56
5.076 158.073 749.756 10:59:57
5.072 160.488 816.098 10:59:58
5.076 147.683 744.878 10:59:59
5.076 158.780 800.976 11:00:00
5.072 196.878 816.585 11:00:01
5.076 146.195 737.561 11:00:02
5.072 190.878 967.805 11:00:03
5.068 179.293 750.244 11:00:04
5.072 160.976 807.805 11:00:05
5.076 160.780 1830.244 11:00:06
5.072 211.268 955.122 11:00:07
5.060 322.878 1563.902 11:00:08
5.076 147.878 747.317 11:00:09
5.072 160.585 815.122 11:00:10
5.072 159.780 815.122 11:00:11
5.072 195.976 991.707 11:00:12
5.076 160.488 811.220 11:00:13
5.076 146.976 749.756 11:00:14
5.072 161.683 819.024 11:00:15
5.072 160.195 861.463 11:00:16
5.072 188.585 1010.244 11:00:17
5.076 147.878 747.317 11:00:18
5.072 160.390 815.122 11:00:19
5.072 160.976 819.024 11:00:20
5.076 160.488 815.122 11:00:21
5.072 161.585 745.854 11:00:22
5.072 166.780 768.780 11:00:23
5.072 158.195 807.317 11:00:24
5.064 282.268 1248.293 11:00:25
5.076 158.293 804.878 11:00:26
5.060 280.366 1816.585 11:00:27
5.072 229.073 1181.463 11:00:28
5.072 144.683 736.098 11:00:29
5.072 160.683 813.659 11:00:30
5.072 160.488 815.122 11:00:31
5.048 416.268 2059.512 11:00:32
5.068 253.976 1250.244 11:00:33
5.068 231.488 1377.073 11:00:34
5.076 147.780 747.317 11:00:35
5.072 158.780 807.317 11:00:36
5.076 160.585 817.561 11:00:37
5.068 244.780 1235.610 11:00:38
5.072 161.683 816.098 11:00:39
5.072 147.878 746.341 11:00:40
5.072 147.976 742.439 11:00:41
5.076 160.878 1308.293 11:00:42
5.068 175.195 840.000 11:00:43
5.064 255.585 812.195 11:00:44
5.072 151.585 820.976 11:00:45
5.068 193.976 1016.585 11:00:46
5.076 213.585 832.195 11:00:47
5.076 160.683 816.098 11:00:48
5.068 284.780 1231.707 11:00:49
5.068 212.390 1246.829 11:00:50
5.068 283.073 1460.000 11:00:51
5.072 186.976 943.902 11:00:52
5.076 160.488 813.659 11:00:53
5.064 252.488 1193.171 11:00:54
5.076 200.488 1019.024 11:00:55
5.076 164.683 741.463 11:00:56
5.072 160.390 816.098 11:00:57
5.068 205.780 1080.000 11:00:58
5.068 248.171 1305.366 11:00:59
5.072 230.780 1029.268 11:01:00
5.076 158.293 805.854 11:01:01
5.072 160.878 816.098 11:01:02
5.072 159.073 802.439 11:01:03
5.060 417.268 2286.829 11:01:04
5.072 197.976 787.805 11:01:06
5.072 208.390 752.683 11:01:07
5.076 151.488 769.756 11:01:08
5.072 160.390 814.634 11:01:09
5.064 247.073 1402.439 11:01:10
5.072 179.585 999.024 11:01:11
5.072 210.390 1002.439 11:01:12
5.068 151.780 770.244 11:01:13
5.076 159.195 901.463 11:01:14
5.056 349.659 1877.561 11:01:15
5.072 267.878 1442.439 11:01:16
5.072 236.488 1082.927 11:01:17
5.068 151.780 769.756 11:01:18
5.072 159.073 809.756 11:01:19
5.068 255.171 1235.610 11:01:20
5.072 223.683 1121.951 11:01:21
5.076 192.683 1060.000 11:01:22
5.076 147.780 747.317 11:01:23
5.072 159.585 805.854 11:01:24
5.068 160.073 1608.780 11:01:25
5.072 160.976 813.659 11:01:26
5.064 318.659 1259.512 11:01:27
5.076 234.366 993.659 11:01:28
5.072 177.293 819.024 11:01:29
5.076 160.878 816.585 11:01:30
5.068 186.293 968.780 11:01:31
5.064 279.366 1429.268 11:01:32
5.076 147.878 746.341 11:01:33
5.072 160.878 812.683 11:01:34
5.072 157.488 807.805 11:01:35
5.068 217.878 1517.561 11:01:36
5.064 311.561 1525.854 11:01:37
5.076 147.098 1207.805 11:01:38
5.076 150.683 768.293 11:01:39
5.076 147.976 748.293 11:01:40
5.076 159.073 811.220 11:01:41
5.060 335.878 1679.024 11:01:42
5.072 222.976 1095.122 11:01:43
5.072 245.171 1052.683 11:01:44
5.076 147.878 743.415 11:01:45
5.072 161.293 820.000 11:01:46
5.076 159.683 809.756 11:01:47
5.068 242.073 1230.732 11:01:48
5.064 262.366 2028.293 11:01:49
5.068 216.488 1070.244 11:01:50
5.076 169.683 807.805 11:01:51
5.068 173.293 746.341 11:01:52
5.072 245.366 1282.927 11:01:53
5.076 159.976 815.122 11:01:54
5.076 144.585 735.122 11:01:55
5.076 149.488 760.976 11:01:56
5.068 211.390 1127.805 11:01:57
5.064 304.073 1886.341 11:01:58
5.064 160.780 959.024 11:01:59
5.072 152.488 820.976 11:02:00
5.068 211.268 1112.683 11:02:01
5.072 160.780 839.024 11:02:02
5.076 160.195 811.220 11:02:03
5.076 161.195 818.537 11:02:04
5.068 249.268 1561.463 11:02:05
5.072 220.171 1073.171 11:02:06
5.072 157.488 750.244 11:02:07
5.068 160.780 816.098 11:02:08
5.068 321.878 1258.049 11:02:09
5.064 254.683 1483.415 11:02:10
5.064 178.585 760.976 11:02:11
5.072 235.268 1232.195 11:02:12
5.076 161.585 1369.756 11:02:13
5.072 198.073 825.366 11:02:14
5.068 240.171 1334.634 11:02:15
5.068 150.878 792.195 11:02:16
5.072 149.390 766.341 11:02:17
5.076 151.683 768.780 11:02:18
5.068 211.073 1072.683 11:02:19
5.072 159.390 804.878 11:02:20
5.060 257.268 1298.537 11:02:21
5.064 247.488 1252.195 11:02:22
5.072 205.683 1009.268 11:02:23
5.076 151.878 772.683 11:02:24
5.072 184.293 965.366 11:02:25
5.068 284.878 977.561 11:02:26
5.068 209.878 1060.000 11:02:27
5.068 192.171 1059.024 11:02:28
5.072 147.878 748.780 11:02:29
5.072 150.976 767.317 11:02:30
5.072 206.683 1042.927 11:02:31
5.072 147.780 747.317 11:02:32
5.060 250.171 1756.098 11:02:33
5.064 204.390 1230.732 11:02:34
5.068 186.683 968.780 11:02:35
5.072 163.878 750.244 11:02:36
5.076 161.683 815.122 11:02:37
5.072 160.780 815.122 11:02:38
5.064 282.878 1465.854 11:02:39
5.072 153.683 783.902 11:02:40
5.072 160.878 819.024 11:02:41
5.072 160.195 814.634 11:02:42
5.064 248.683 1325.854 11:02:43
5.076 159.488 809.756 11:02:44
5.064 307.366 1246.829 11:02:45
5.080 147.390 747.317 11:02:46
5.076 150.195 757.073 11:02:47
5.072 160.683 816.098 11:02:48
5.068 217.268 1065.366 11:02:49
5.076 159.195 1276.585 11:02:50
5.068 155.488 787.317 11:02:51
5.068 219.585 1074.146 11:02:52
5.064 472.366 1201.463 11:02:53
5.076 201.780 889.756 11:02:54
5.072 158.195 929.268 11:02:55
5.072 159.878 811.220 11:02:56
5.060 354.659 2368.780 11:02:57
5.068 302.268 1253.171 11:02:58
5.076 147.878 745.854 11:02:59
5.076 149.683 757.073 11:03:01
5.072 160.976 959.024 11:03:02
5.068 257.463 2305.854 11:03:03
5.072 266.463 1291.707 11:03:04
5.072 243.683 879.024 11:03:05
5.068 212.390 1075.122 11:03:06
5.072 160.390 814.634 11:03:07
5.060 244.073 1252.195 11:03:08
5.060 244.366 1029.268 11:03:09
5.068 242.073 1212.195 11:03:10
5.072 159.293 809.756 11:03:11
5.076 145.683 737.073 11:03:12
5.068 317.659 1228.293 11:03:13
5.072 161.683 819.024 11:03:14
5.064 318.073 1269.268 11:03:15
5.068 248.073 1243.415 11:03:16
5.076 146.976 751.220 11:03:17
5.072 161.585 980.488 11:03:18
5.072 159.390 807.805 11:03:19
5.068 246.366 1214.634 11:03:20
5.060 333.268 1239.024 11:03:21
5.064 218.488 1089.268 11:03:22
5.072 146.976 751.220 11:03:23
5.072 158.780 804.878 11:03:24
5.064 193.293 818.537 11:03:25
5.076 161.293 812.683 11:03:26
5.072 179.976 916.585 11:03:27
5.076 145.585 739.512 11:03:28
5.076 150.878 765.854 11:03:29
5.076 160.390 999.024 11:03:30
5.076 159.073 807.317 11:03:31
5.068 222.878 1139.024 11:03:32
5.076 145.585 739.512 11:03:33
5.072 184.878 880.976 11:03:34
5.068 200.171 814.634 11:03:35
5.072 159.976 808.780 11:03:36
5.056 325.878 1676.585 11:03:37
5.072 255.366 1141.951 11:03:38
5.072 155.585 811.220 11:03:39
5.072 160.683 815.122 11:03:40
5.068 262.073 1279.512 11:03:41
5.072 159.073 1075.122 11:03:42
5.076 160.780 816.585 11:03:43
5.072 160.488 815.122 11:03:44
5.072 170.780 871.220 11:03:45
5.076 159.293 809.756 11:03:46
5.052 337.463 2071.707 11:03:47
5.076 156.780 749.756 11:03:48
5.076 177.878 962.927 11:03:49
5.076 160.683 816.098 11:03:50
5.076 159.585 1622.439 11:03:51
5.064 244.268 1771.707 11:03:52
5.076 145.390 738.537 11:03:53
5.076 160.780 816.585 11:03:54
5.068 230.780 1165.854 11:03:55
5.064 219.073 1528.293 11:03:56
5.068 175.488 1287.805 11:03:57
5.072 160.976 815.122 11:03:58
5.076 159.073 803.415 11:03:59
5.064 269.683 1345.854 11:04:00
5.076 161.293 816.585 11:04:01
5.068 271.463 1205.366 11:04:02
5.072 148.098 740.976 11:04:03
5.072 151.390 765.854 11:04:04
5.060 256.366 1246.829 11:04:05
5.076 160.976 812.683 11:04:06
5.068 169.293 855.122 11:04:07
5.064 211.390 1334.634 11:04:08
5.072 262.683 1046.829 11:04:09
5.076 201.488 748.780 11:04:10
5.076 160.073 816.098 11:04:11
5.064 213.976 812.683 11:04:12
5.056 318.780 1630.244 11:04:13
5.072 178.878 989.268 11:04:14
5.076 150.195 771.220 11:04:15
5.072 147.293 749.756 11:04:16
5.064 225.488 1111.707 11:04:17
5.072 160.488 816.585 11:04:18
5.076 161.585 1007.805 11:04:19
5.068 307.171 1886.829 11:04:20
5.072 145.390 741.463 11:04:21
5.068 251.073 1271.707 11:04:22
5.076 158.780 876.098 11:04:23
5.068 240.585 1208.293 11:04:24
5.060 290.073 1413.171 11:04:25
5.076 145.683 737.561 11:04:26
5.076 159.073 808.780 11:04:27
5.076 145.683 1016.585 11:04:28
5.068 246.683 1254.146 11:04:29
5.060 249.976 1251.707 11:04:30
5.076 146.976 748.780 11:04:31
5.076 151.195 1084.390 11:04:32
5.076 159.073 811.220 11:04:33
5.072 283.976 1294.634 11:04:34
5.068 468.463 2054.146 11:04:35
5.072 145.390 737.561 11:04:36
5.072 160.390 864.878 11:04:37
5.076 158.585 803.902 11:04:38
5.060 364.854 1667.805 11:04:39
5.064 196.878 1318.537 11:04:40
5.076 176.878 747.317 11:04:41
5.072 151.098 1119.512 11:04:42
5.076 159.976 807.317 11:04:43
5.064 200.171 997.561 11:04:44
5.068 159.683 986.341 11:04:45
5.076 197.390 899.024 11:04:46
5.072 151.683 1072.683 11:04:47
5.072 145.488 737.561 11:04:48
5.060 362.561 1920.000 11:04:49
5.072 161.780 815.122 11:04:50
5.068 280.683 1234.634 11:04:51
5.076 161.195 816.585 11:04:52
5.076 147.098 752.195 11:04:53
5.072 163.293 827.805 11:04:55
5.076 161.073 816.585 11:04:56
5.064 246.976 1704.878 11:04:57
5.060 221.488 1123.902 11:04:58
5.072 147.390 745.854 11:04:59
5.072 160.878 808.780 11:05:00
5.072 160.585 815.122 11:05:01
5.060 292.366 1229.268 11:05:02
5.068 258.780 1107.805 11:05:03
5.076 147.098 748.780 11:05:04
5.076 178.878 1303.415 11:05:05
5.060 246.976 1234.634 11:05:06
5.072 187.976 1212.195 11:05:07
5.072 181.171 876.098 11:05:08
5.072 158.293 801.463 11:05:09
5.060 242.683 1220.488 11:05:10
5.068 160.780 2310.732 11:05:11
5.064 242.366 1233.171 11:05:12
5.068 159.683 1058.049 11:05:13
5.072 162.073 807.317 11:05:14
5.072 159.293 1035.610 11:05:15
5.064 246.366 1781.463 11:05:16
5.064 274.171 1387.317 11:05:17
5.076 185.171 997.561 11:05:18
5.076 154.195 745.854 11:05:19
5.076 161.683 767.317 11:05:20
5.072 158.488 869.756 11:05:21
5.072 193.683 993.659 11:05:22
5.072 190.073 1018.049 11:05:23
5.064 247.585 1258.049 11:05:24
5.076 159.293 808.780 11:05:25
5.060 252.366 1252.195 11:05:26
5.076 145.390 1026.829 11:05:27
5.076 146.976 748.780 11:05:28
5.064 266.268 1223.415 11:05:29
5.076 147.780 1060.488 11:05:30
5.064 248.976 1238.049 11:05:31
5.068 168.488 854.146 11:05:32
5.068 197.171 1358.049 11:05:33
5.060 289.878 1480.000 11:05:34
5.076 145.293 740.976 11:05:35
5.068 247.976 1256.585 11:05:36
5.072 160.073 816.585 11:05:37
5.068 221.683 1113.171 11:05:38
5.072 237.171 747.317 11:05:39
5.076 146.488 741.463 11:05:40
5.076 160.976 816.585 11:05:41
5.080 145.293 737.561 11:05:42
5.064 267.585 1334.146 11:05:43
5.072 151.195 757.561 11:05:44
5.072 151.683 799.024 11:05:45
5.076 159.780 869.756 11:05:46
5.076 146.293 738.537 11:05:47
5.068 243.780 1276.585 11:05:48
5.072 146.293 737.073 11:05:49
5.068 193.976 1065.366 11:05:50
5.076 210.171 1069.268 11:05:51
5.068 195.171 1012.683 11:05:52
5.072 245.976 1011.220 11:05:53
5.072 149.780 1187.805 11:05:54
5.068 244.683 1232.195 11:05:55
5.068 242.268 1242.927 11:05:56
5.068 208.268 888.780 11:05:57
5.072 224.878 1229.268 11:05:58
5.076 151.585 768.780 11:05:59
5.068 252.878 1287.805 11:06:00
5.076 146.195 740.976 11:06:01
5.076 145.293 737.073 11:06:02
5.068 220.976 1191.707 11:06:03
5.076 145.390 737.073 11:06:04
5.064 323.171 1634.634 11:06:05
5.072 182.073 1236.585 11:06:06
5.052 322.878 1239.024 11:06:07
5.072 164.585 748.293 11:06:08
5.076 145.585 737.561 11:06:09
5.072 243.878 1749.756 11:06:10
5.072 147.976 745.854 11:06:11
5.060 362.756 1436.098 11:06:12
5.072 147.488 752.195 11:06:13
5.072 161.195 817.561 11:06:14
5.068 242.171 1318.537 11:06:15
5.076 146.878 745.854 11:06:16
5.072 152.195 771.220 11:06:17
5.072 162.585 807.317 11:06:18
5.072 243.976 1018.049 11:06:19
5.064 289.561 1466.829 11:06:20
5.068 147.195 867.805 11:06:21
5.072 148.976 763.902 11:06:22
5.072 243.585 818.537 11:06:23
5.072 213.683 983.902 11:06:24
5.072 154.780 769.756 11:06:25
5.076 145.488 738.537 11:06:26
5.076 148.878 756.098 11:06:27
5.072 158.488 807.317 11:06:28
5.044 471.146 2410.244 11:06:29
5.048 449.146 1212.195 11:06:30
5.076 146.683 748.780 11:06:31
5.072 161.878 820.976 11:06:32
5.072 159.073 810.244 11:06:33
5.068 382.366 1961.463 11:06:34
5.064 247.683 1295.610 11:06:35
5.072 178.073 948.780 11:06:36
5.072 271.878 968.780 11:06:37
5.076 145.878 740.000 11:06:38
5.072 214.268 818.537 11:06:39
5.072 145.390 735.122 11:06:40
5.064 240.683 1225.854 11:06:41
5.076 257.780 878.537 11:06:42
5.076 145.488 743.415 11:06:43
5.056 193.293 998.049 11:06:44
5.072 147.976 748.780 11:06:45
5.072 160.976 820.000 11:06:46
5.048 478.854 1672.683 11:06:47
5.068 211.976 750.244 11:06:49
5.076 145.293 739.512 11:06:50
5.076 159.976 816.098 11:06:51
5.068 161.073 961.463 11:06:52
5.076 150.585 767.317 11:06:53
5.072 168.780 762.439 11:06:54
5.076 185.293 816.098 11:06:55
5.072 208.878 1218.049 11:06:56
5.072 228.488 1051.707 11:06:57
5.072 146.293 737.561 11:06:58
5.056 340.268 2383.902 11:06:59
5.076 147.293 747.317 11:07:00
5.072 146.585 740.976 11:07:01
5.072 161.780 818.537 11:07:02
5.072 145.390 743.415 11:07:03
5.068 196.683 1166.829 11:07:04
5.076 194.073 1061.951 11:07:05
5.076 159.780 904.878 11:07:06
5.076 161.976 821.463 11:07:07
5.076 159.488 808.780 11:07:08
5.068 242.585 1234.146 11:07:09
5.076 168.073 842.439 11:07:10
5.064 248.366 1261.951 11:07:11
5.076 149.098 757.561 11:07:12
5.076 145.488 739.512 11:07:13
5.064 246.878 1222.927 11:07:14
5.072 159.976 815.122 11:07:15
5.076 159.195 807.317 11:07:16
5.068 194.171 1263.415 11:07:17
5.076 158.293 807.317 11:07:18
5.064 323.073 1254.146 11:07:19
5.072 205.585 951.220 11:07:20
5.076 160.488 816.098 11:07:21
5.072 206.976 1100.488 11:07:22
5.076 170.488 941.463 11:07:23
5.076 149.488 757.073 11:07:24
5.068 285.366 1270.732 11:07:25
5.048 446.756 1994.146 11:07:26
5.072 235.366 1028.780 11:07:27
5.076 145.780 740.976 11:07:28
5.076 149.293 760.976 11:07:29
5.076 145.390 737.561 11:07:30
5.072 146.195 741.463 11:07:31
5.076 160.683 815.122 11:07:32
5.068 188.488 1246.829 11:07:33
5.064 245.171 1633.659 11:07:34
5.068 191.073 931.220 11:07:35
5.076 146.780 745.854 11:07:36
5.076 158.195 806.341 11:07:37
5.076 150.390 758.537 11:07:38
5.076 159.878 891.220 11:07:39
5.072 159.488 920.488 11:07:40
5.072 147.293 1088.780 11:07:41
5.068 243.171 1094.146 11:07:42
5.072 147.098 752.683 11:07:43
5.068 160.878 818.537 11:07:44
5.072 160.195 816.098 11:07:45
5.072 147.098 750.244 11:07:46
5.068 287.171 1440.976 11:07:47
5.076 147.878 747.317 11:07:48
5.076 161.488 816.098 11:07:49
5.072 151.976 767.317 11:07:50
5.076 159.488 809.756 11:07:51
5.064 245.780 1237.073 11:07:52
5.072 147.488 750.244 11:07:53
5.064 175.390 820.976 11:07:54
5.072 159.780 811.220 11:07:55
5.076 158.976 860.976 11:07:56
5.064 329.780 1292.195 11:07:57
5.076 148.098 1003.902 11:07:58
5.076 145.878 741.463 11:07:59
5.076 159.390 807.317 11:08:00
5.068 241.585 1260.976 11:08:01
5.060 198.878 942.439 11:08:02
5.060 258.976 1598.537 11:08:03
5.072 146.488 742.439 11:08:04
5.076 159.488 809.756 11:08:05
5.076 160.073 1009.268 11:08:06
5.048 257.171 1238.049 11:08:07
5.072 205.878 1201.951 11:08:08
5.076 185.780 891.220 11:08:09
5.072 161.073 817.561 11:08:10
5.072 192.293 750.244 11:08:11
5.068 244.366 1463.415 11:08:12
5.076 159.976 1135.610 11:08:13
5.068 205.878 1042.439 11:08:14
5.064 242.878 1357.073 11:08:15
5.076 144.780 740.000 11:08:16
5.076 161.683 816.585 11:08:17
5.076 159.488 803.415 11:08:18
5.052 325.780 1426.829 11:08:19
5.072 168.488 848.780 11:08:20
5.072 249.683 1046.341 11:08:21
5.072 150.976 763.902 11:08:22
5.076 146.098 733.659 11:08:23
5.060 246.171 1249.268 11:08:24
5.068 160.780 816.098 11:08:25
5.068 187.171 993.659 11:08:26
5.072 158.780 804.878 11:08:27
5.072 166.293 807.317 11:08:28
5.072 161.073 816.098 11:08:29
5.072 158.878 800.000 11:08:30
5.064 239.878 1212.195 11:08:31
5.064 160.390 811.220 11:08:32
5.072 227.683 1069.268 11:08:33
5.072 212.268 1051.707 11:08:34
5.076 147.098 756.098 11:08:35
5.068 159.878 810.244 11:08:36
5.072 160.683 818.537 11:08:37
5.076 201.073 1099.512 11:08:38
5.076 160.878 817.561 11:08:39
5.076 160.390 816.098 11:08:40
5.076 222.268 1019.024 11:08:41
5.076 145.390 737.561 11:08:43
5.076 160.293 817.561 11:08:44
5.076 145.195 736.098 11:08:45
5.068 240.780 1252.195 11:08:46
5.072 160.683 815.122 11:08:47
5.072 244.780 1245.854 11:08:48
5.072 151.488 1309.756 11:08:49
5.076 146.683 745.854 11:08:50
5.068 324.366 1244.390 11:08:51
5.072 178.585 815.122 11:08:52
5.064 219.390 1099.512 11:08:53
5.064 216.268 1081.951 11:08:54
5.064 160.780 1300.976 11:08:55
5.076 160.073 811.220 11:08:56
5.068 240.366 1666.341 11:08:57
5.068 146.878 748.780 11:08:58
5.072 151.878 771.220 11:08:59
5.072 176.195 807.317 11:09:00
5.068 241.976 1225.854 11:09:01
5.076 158.683 807.317 11:09:02
5.068 211.073 1205.854 11:09:03
5.072 146.390 740.000 11:09:04
5.076 147.780 747.317 11:09:05
5.064 244.683 1018.049 11:09:06
5.076 149.878 761.463 11:09:07
5.064 249.268 1261.951 11:09:08
5.064 359.854 1639.024 11:09:09
5.068 160.878 881.463 11:09:10
5.064 242.488 1610.244 11:09:11
5.064 145.878 743.902 11:09:12
5.068 260.878 1063.902 11:09:13
5.076 154.195 783.902 11:09:14
5.076 162.780 819.024 11:09:15
5.072 161.585 820.000 11:09:16
5.068 199.780 1009.268 11:09:17
5.072 159.293 837.561 11:09:18
5.072 161.780 978.049 11:09:19
5.076 159.195 807.317 11:09:20
5.068 249.780 1214.634 11:09:21
5.072 160.878 813.659 11:09:22
5.064 244.780 1237.073 11:09:23
5.072 159.293 808.780 11:09:24
5.072 207.390 1048.780 11:09:25
5.064 267.878 1229.268 11:09:26
5.072 178.488 942.927 11:09:27
5.076 158.976 808.780 11:09:28
5.072 158.683 805.854 11:09:29
5.072 147.293 747.317 11:09:30
5.076 157.780 800.000 11:09:31
5.076 150.683 763.902 11:09:32
5.076 160.683 816.098 11:09:33
5.064 248.366 1263.415 11:09:34
5.060 193.878 920.488 11:09:35
5.064 348.073 1410.732 11:09:36
5.072 147.976 746.341 11:09:37
5.076 178.780 940.000 11:09:38
5.072 159.390 807.317 11:09:39
5.072 187.488 911.707 11:09:40
5.072 169.585 813.659 11:09:41
5.068 179.195 816.585 11:09:42
5.072 192.488 1126.341 11:09:43
5.072 152.293 1112.683 11:09:44
5.068 158.488 749.756 11:09:45
5.072 211.585 1294.634 11:09:46
5.072 160.780 816.585 11:09:47
5.060 279.268 1537.073 11:09:48
5.068 216.073 1078.049 11:09:49
5.076 145.683 740.976 11:09:50
5.064 326.463 1770.244 11:09:51
5.072 159.390 807.805 11:09:52
5.072 147.098 747.317 11:09:53
5.072 214.488 1072.683 11:09:54
5.060 346.366 1371.707 11:09:55
5.068 159.683 808.780 11:09:56
5.076 161.195 816.585 11:09:57
5.072 208.268 752.195 11:09:58
5.068 213.878 1383.415 11:09:59
5.072 278.463 1174.146 11:10:00
5.076 187.780 1073.171 11:10:01
5.064 246.976 1285.854 11:10:02
5.056 299.878 1448.780 11:10:03
5.076 149.780 759.512 11:10:04
5.076 146.195 737.561 11:10:05
5.064 244.268 1749.756 11:10:06
5.072 150.098 764.878 11:10:07
5.076 159.585 808.780 11:10:08
5.060 332.463 1670.244 11:10:09
5.072 178.878 1023.902 11:10:10
5.056 153.390 998.049 11:10:11
5.072 159.195 812.195 11:10:12
5.060 324.780 1642.439 11:10:13
5.072 209.171 1061.463 11:10:14
5.076 241.366 944.878 11:10:15
5.076 161.390 821.463 11:10:16
5.076 160.878 815.122 11:10:17
5.068 276.171 1438.049 11:10:18
5.068 213.073 1075.122 11:10:19
5.076 145.390 737.561 11:10:20
5.076 161.390 818.537 11:10:21
5.076 160.780 815.122 11:10:22
5.068 247.366 1256.585 11:10:23
5.060 262.976 814.634 11:10:24
5.076 145.585 740.976 11:10:25
5.072 161.293 817.561 11:10:26
5.068 188.585 1084.390 11:10:27
5.064 289.683 1261.951 11:10:28
5.076 160.683 805.854 11:10:29
5.068 156.488 843.902 11:10:30
5.072 253.073 1021.463 11:10:31
5.072 147.195 749.756 11:10:32
5.056 219.171 1026.829 11:10:33
5.064 253.878 816.585 11:10:34
5.064 278.976 1368.293 11:10:35
5.064 244.171 1233.171 11:10:36
5.076 145.780 742.439 11:10:37
5.060 240.683 1283.415 11:10:39
5.076 201.976 748.780 11:10:40
5.076 160.780 816.585 11:10:41
5.068 246.878 1254.146 11:10:42
5.068 234.366 918.537 11:10:43
5.068 251.488 2311.220 11:10:44
5.072 145.390 739.512 11:10:45
5.072 159.195 807.317 11:10:46
5.072 160.488 804.878 11:10:47
5.068 219.976 1131.707 11:10:48
5.068 342.268 1230.732 11:10:49
5.068 173.585 1218.049 11:10:50
5.064 210.976 1110.244 11:10:51
5.072 219.488 1074.146 11:10:52
5.068 251.585 1207.805 11:10:53
5.076 146.976 749.756 11:10:54
5.076 151.195 1075.610 11:10:55
5.076 158.878 808.780 11:10:56
5.064 247.488 1261.951 11:10:57
5.076 232.268 965.366 11:10:58
5.068 210.171 1161.463 11:10:59
5.072 146.585 738.537 11:11:00
5.060 246.488 816.585 11:11:01
5.068 243.073 1514.634 11:11:02
5.072 199.878 971.220 11:11:03
5.068 220.488 1079.024 11:11:04
5.072 165.780 748.293 11:11:05
5.076 160.293 814.634 11:11:06
5.072 158.683 842.439 11:11:07
5.072 223.780 1131.707 11:11:08
5.064 238.488 1254.146 11:11:09
5.072 202.878 746.341 11:11:10
5.068 249.366 1266.829 11:11:11
5.064 162.780 816.585 11:11:12
5.060 290.878 1413.659 11:11:13
5.076 149.488 752.683 11:11:14
5.076 144.585 740.000 11:11:15
5.060 470.049 1269.756 11:11:16
5.072 161.293 815.122 11:11:17
5.072 192.976 980.000 11:11:18
5.072 147.390 1259.512 11:11:19
5.076 146.195 741.463 11:11:20
5.076 149.585 762.439 11:11:21
5.076 154.293 783.415 11:11:22
5.060 300.561 1175.610 11:11:23
5.076 147.293 750.244 11:11:24
5.072 148.098 745.854 11:11:25
5.068 240.488 1227.805 11:11:26
5.064 263.463 816.585 11:11:27
5.072 211.268 962.439 11:11:28
5.064 230.878 1298.049 11:11:29
5.076 145.488 740.976 11:11:30
5.076 159.780 1185.854 11:11:31
5.064 208.390 1537.561 11:11:32
5.052 319.268 1566.341 11:11:33
5.064 275.878 1418.537 11:11:34
5.072 201.293 1182.927 11:11:35
5.072 151.098 766.341 11:11:36
5.072 160.683 816.098 11:11:37
5.056 338.073 2008.293 11:11:38
5.072 282.463 1376.098 11:11:39
5.076 145.878 741.463 11:11:40
5.072 164.390 817.561 11:11:41
5.076 161.293 816.098 11:11:42
5.068 222.878 1130.732 11:11:43
5.072 151.293 767.317 11:11:44
5.076 145.683 740.000 11:11:45
5.068 352.976 1223.415 11:11:46
5.072 150.878 767.317 11:11:47
5.076 158.976 807.317 11:11:48
5.068 173.683 880.000 11:11:49
5.076 145.390 737.561 11:11:50
5.064 292.976 1728.780 11:11:51
5.076 147.390 754.634 11:11:52
5.060 226.780 1043.902 11:11:53
5.064 413.951 1758.537 11:11:54
5.072 147.390 748.293 11:11:55
5.076 158.878 807.317 11:11:56
5.076 160.976 1557.073 11:11:57
5.072 195.488 995.122 11:11:58
5.060 326.659 1608.293 11:11:59
5.068 195.585 1230.732 11:12:00
5.068 242.976 1231.707 11:12:01
5.072 160.073 807.805 11:12:02
5.076 158.780 920.000 11:12:03
5.064 287.780 1489.756 11:12:04
5.072 147.976 757.561 11:12:05
5.068 244.268 823.902 11:12:06
5.072 159.293 808.780 11:12:07
5.072 192.878 1138.049 11:12:08
5.064 330.878 1641.463 11:12:09
5.072 239.268 901.463 11:12:10
5.076 147.195 747.317 11:12:11
5.060 243.268 1230.244 11:12:12
5.068 242.366 1219.512 11:12:13
5.076 147.293 739.512 11:12:14
5.072 160.878 819.024 11:12:15
5.076 159.683 811.220 11:12:16
5.072 160.683 812.683 11:12:17
5.064 357.561 1746.341 11:12:18
5.072 277.683 1460.976 11:12:19
5.072 145.585 735.122 11:12:20
5.076 149.293 1094.146 11:12:21
5.076 150.976 766.341 11:12:22
5.068 248.488 1263.415 11:12:23
5.068 343.366 1292.195 11:12:24
5.072 183.780 922.927 11:12:25
5.068 163.488 827.317 11:12:26
5.072 160.878 816.585 11:12:27
5.060 290.366 1866.341 11:12:28
5.060 389.366 2020.488 11:12:29
5.072 147.488 751.220 11:12:30
5.064 325.561 1747.317 11:12:31
5.072 147.488 1080.000 11:12:32
5.076 145.293 738.537 11:12:34
5.068 161.683 816.098 11:12:35
5.076 150.683 758.537 11:12:36
5.072 272.268 1482.439 11:12:37
5.076 147.878 747.317 11:12:38
5.076 145.390 740.976 11:12:39
5.076 160.585 1235.610 11:12:40
5.076 144.780 737.073 11:12:41
5.072 173.683 1384.878 11:12:42
5.072 147.976 747.317 11:12:43
5.076 146.683 737.561 11:12:44
5.068 234.268 1131.707 11:12:45
5.072 217.683 1227.805 11:12:46
5.060 331.073 1676.585 11:12:47
5.076 147.878 743.415 11:12:48
5.068 210.976 1065.366 11:12:49
5.060 318.073 1720.000 11:12:50
5.076 151.683 765.854 11:12:51
5.072 160.780 813.659 11:12:52
5.076 160.878 823.902 11:12:53
5.076 145.488 741.463 11:12:54
5.076 159.195 1208.293 11:12:55
5.064 160.976 814.634 11:12:56
5.072 158.585 803.415 11:12:57
5.072 204.073 1000.488 11:12:58
5.072 158.878 807.317 11:12:59
5.064 238.780 1240.976 11:13:00
5.072 163.195 822.439 11:13:01
5.068 239.878 1216.585 11:13:02
5.076 147.683 749.756 11:13:03
5.076 149.390 757.561 11:13:04
5.068 163.976 770.244 11:13:05
5.064 284.561 1737.561 11:13:06
5.068 315.268 1174.146 11:13:07
5.072 230.585 1075.122 11:13:08
5.072 214.780 1010.244 11:13:09
5.076 173.390 743.415 11:13:10
5.072 161.073 816.585 11:13:11
5.072 202.171 1098.049 11:13:12
5.072 148.878 749.756 11:13:13
5.068 211.683 1060.000 11:13:14
5.068 248.073 1333.171 11:13:15
5.076 160.293 813.659 11:13:16
5.068 242.585 1230.732 11:13:17
5.076 147.585 745.854 11:13:18
5.076 161.293 1274.634 11:13:19
5.064 160.293 1310.732 11:13:20
5.060 332.268 1696.585 11:13:21
5.076 159.488 808.780 11:13:22
5.072 147.488 745.854 11:13:23
5.076 150.195 761.463 11:13:24
5.076 167.195 737.561 11:13:25
5.060 322.073 1600.000 11:13:26
5.076 158.390 1329.756 11:13:27
5.072 180.390 932.683 11:13:28
5.076 162.390 1261.951 11:13:29
5.076 147.098 748.293 11:13:30
5.064 278.780 1468.293 11:13:31
5.076 145.488 740.000 11:13:32
5.076 146.293 750.244 11:13:33
5.076 275.268 815.122 11:13:34
5.076 149.488 752.683 11:13:35
5.060 324.561 1689.756 11:13:36
5.072 211.780 786.341 11:13:37
5.076 147.098 1072.683 11:13:38
5.072 151.780 771.220 11:13:39
5.076 147.976 752.195 11:13:40
5.060 262.780 1409.268 11:13:41
5.072 185.878 958.049 11:13:42
5.068 228.780 891.707 11:13:43
5.072 149.098 777.073 11:13:44
5.072 145.585 739.512 11:13:45
5.060 332.878 1627.805 11:13:46
5.076 214.488 1022.439 11:13:47
5.068 206.585 1009.268 11:13:48
5.076 146.488 1070.732 11:13:49
5.076 145.390 737.561 11:13:50
5.072 206.878 972.683 11:13:51
5.076 145.585 741.463 11:13:52
5.068 200.073 987.805 11:13:53
5.064 287.561 1221.951 11:13:54
5.076 148.878 763.902 11:13:55
5.072 160.585 817.561 11:13:56
5.076 160.780 816.098 11:13:57
5.052 465.366 1234.634 11:13:58
5.052 314.561 1643.902 11:13:59
5.076 158.390 753.659 11:14:00
5.072 161.073 817.561 11:14:01
5.076 259.366 1254.146 11:14:02
5.068 239.585 1215.610 11:14:03
5.060 327.171 1602.439 11:14:04
5.076 145.683 743.415 11:14:05
5.068 209.976 1063.902 11:14:06
5.076 147.488 752.195 11:14:07
5.068 161.293 816.585 11:14:08
5.068 247.976 1251.707 11:14:09
5.072 207.073 1077.561 11:14:10
5.076 153.488 746.341 11:14:11
5.076 159.390 807.805 11:14:12
5.064 245.488 1311.707 11:14:13
5.076 144.780 739.512 11:14:14
5.076 161.073 811.220 11:14:15
5.076 200.878 742.439 11:14:16
5.064 459.463 1770.244 11:14:17
5.076 147.098 746.341 11:14:18
5.076 145.098 737.561 11:14:19
5.068 247.585 1242.927 11:14:20
5.072 145.976 739.512 11:14:21
5.076 158.878 1855.610 11:14:22
5.076 197.390 759.512 11:14:23
5.072 145.293 739.512 11:14:24
5.076 145.683 741.463 11:14:25
5.072 197.585 740.976 11:14:26
5.076 160.585 1054.146 11:14:27
5.076 147.195 743.902 11:14:29
5.064 161.780 743.415 11:14:30
5.080 145.780 735.122 11:14:31
5.076 144.878 734.634 11:14:32
5.076 160.585 813.659 11:14:33
5.076 145.878 737.073 11:14:34
5.072 159.073 812.195 11:14:35
5.076 144.878 737.073 11:14:36
5.076 145.293 737.073 11:14:37
5.076 158.585 804.878 11:14:38
5.076 144.976 737.073 11:14:39
5.068 244.683 1568.293 11:14:40
5.076 149.780 809.756 11:14:41
5.072 202.780 980.000 11:14:42
5.072 144.976 736.098 11:14:43
5.076 145.683 735.122 11:14:44
5.072 158.585 810.244 11:14:45
5.076 145.293 736.098 11:14:46
5.068 240.878 1216.585 11:14:47
5.072 146.488 746.341 11:14:48
5.072 144.878 735.122 11:14:49
5.076 160.073 813.659 11:14:50
5.072 155.195 737.073 11:14:51
5.076 144.780 784.878 11:14:52
5.076 145.390 739.512 11:14:53
5.076 158.683 800.000 11:14:54
5.076 161.976 734.634 11:14:55
5.072 144.878 735.122 11:14:56
5.072 144.585 735.122 11:14:57
5.072 158.585 803.902 11:14:58
