5.064 329.988 1669.512 22:17:23
5.076 163.195 826.098 22:17:24
5.076 149.098 756.098 22:17:25
5.048 458.463 2312.195 22:17:26
5.072 153.390 777.073 22:17:27
5.072 148.585 745.854 22:17:28
5.064 250.976 823.902 22:17:29
5.072 212.585 1118.049 22:17:30
5.044 463.756 1974.146 22:17:31
5.076 162.585 824.878 22:17:32
5.072 215.780 1068.780 22:17:33
5.064 245.268 829.756 22:17:34
5.072 162.390 824.878 22:17:35
5.056 284.878 1400.488 22:17:36
5.072 149.976 757.073 22:17:37
5.076 152.488 773.659 22:17:38
5.076 163.585 827.805 22:17:39
5.056 261.171 1295.610 22:17:40
5.044 488.049 2215.610 22:17:41
5.056 411.854 1701.463 22:17:42
5.068 213.171 1273.171 22:17:43
5.068 307.780 827.805 22:17:44
5.072 162.488 826.341 22:17:45
5.052 483.146 2443.415 22:17:46
5.072 165.878 891.220 22:17:47
5.072 207.171 1170.732 22:17:48
5.068 205.488 976.585 22:17:49
5.068 243.878 1234.634 22:17:50
5.048 431.561 1434.634 22:17:51
5.068 249.073 1119.024 22:17:52
5.072 155.195 787.805 22:17:53
5.068 163.585 830.244 22:17:54
5.068 203.171 986.829 22:17:55
5.072 271.073 1377.073 22:17:56
5.064 230.073 971.707 22:17:57
5.072 162.390 823.415 22:17:58
5.072 165.878 841.463 22:17:59
5.068 281.585 1106.829 22:18:00
5.056 323.073 1668.780 22:18:01
5.072 190.976 957.561 22:18:02
5.068 270.585 1079.024 22:18:03
5.064 308.366 1644.878 22:18:04
5.064 226.585 1282.927 22:18:05
5.064 329.073 1481.951 22:18:06
5.068 222.976 1107.805 22:18:07
5.076 153.780 779.024 22:18:08
5.064 328.976 1250.244 22:18:09
5.064 252.073 1061.951 22:18:10
5.060 335.976 1644.878 22:18:11
5.064 162.195 827.805 22:18:12
5.068 244.073 834.634 22:18:13
5.072 153.683 1280.976 22:18:14
5.068 258.683 1261.951 22:18:15
5.056 298.366 1417.073 22:18:16
5.076 152.878 780.000 22:18:17
5.068 211.683 1078.049 22:18:18
5.072 153.195 777.073 22:18:19
5.072 163.488 831.220 22:18:20
5.072 161.195 816.585 22:18:21
5.064 323.561 1360.488 22:18:22
5.064 192.488 1173.171 22:18:23
5.072 148.585 1006.341 22:18:24
5.072 163.073 826.341 22:18:25
5.068 282.878 1235.610 22:18:26
5.064 246.073 1045.366 22:18:27
5.068 211.780 1221.951 22:18:28
5.068 274.878 1066.829 22:18:29
5.072 169.780 827.317 22:18:30
5.072 163.073 827.317 22:18:31
5.076 163.195 824.878 22:18:32
5.064 281.463 2053.171 22:18:33
5.064 288.878 1628.780 22:18:34
5.072 192.488 987.805 22:18:35
5.072 160.390 817.561 22:18:36
5.068 155.293 1150.244 22:18:37
5.076 163.293 827.317 22:18:38
5.064 247.171 1250.244 22:18:39
5.068 220.878 1027.805 22:18:40
5.060 354.073 1639.024 22:18:41
5.068 150.195 1103.902 22:18:42
5.072 163.293 1035.122 22:18:43
5.072 251.780 1334.146 22:18:44
5.060 280.171 1761.463 22:18:45
5.060 331.976 1683.415 22:18:46
5.076 149.780 763.902 22:18:47
5.072 151.390 769.756 22:18:48
5.076 162.976 826.341 22:18:49
5.044 458.049 2156.098 22:18:50
5.072 180.073 920.488 22:18:51
5.060 318.878 1718.537 22:18:52
5.072 149.585 761.463 22:18:53
5.072 163.073 827.805 22:18:54
5.068 381.268 1655.122 22:18:55
5.068 412.561 1664.878 22:18:56
5.064 235.878 1475.610 22:18:57
5.064 162.976 1480.000 22:18:58
5.068 162.780 906.341 22:18:59
5.064 423.659 2070.244 22:19:00
5.072 313.073 1307.317 22:19:01
5.076 147.976 747.317 22:19:02
5.060 290.976 1457.073 22:19:03
5.076 181.293 906.341 22:19:04
5.072 150.098 751.220 22:19:06
5.072 163.195 827.805 22:19:07
5.072 226.171 1504.390 22:19:08
5.052 327.268 1841.463 22:19:09
5.072 153.780 1249.268 22:19:10
5.068 283.561 1068.780 22:19:11
5.072 266.366 825.366 22:19:12
5.072 190.488 1124.390 22:19:13
5.056 297.171 1861.463 22:19:14
5.068 241.366 1557.561 22:19:15
5.072 163.293 827.805 22:19:16
5.076 185.878 1144.390 22:19:17
5.076 154.585 780.000 22:19:18
5.056 428.463 2264.390 22:19:19
5.072 147.390 753.659 22:19:20
5.068 217.488 1370.732 22:19:21
5.068 160.780 807.805 22:19:22
5.060 331.171 1691.220 22:19:23
5.064 163.293 827.805 22:19:24
5.068 215.073 1235.610 22:19:25
5.076 292.073 824.878 22:19:26
5.076 149.878 760.000 22:19:27
5.064 268.976 1063.902 22:19:28
5.072 249.976 1243.415 22:19:29
5.064 256.976 1318.049 22:19:30
5.072 250.171 827.317 22:19:31
5.072 153.390 775.122 22:19:32
5.068 243.366 1384.390 22:19:33
5.064 194.390 919.024 22:19:34
5.064 248.780 1240.976 22:19:35
5.072 225.585 1203.415 22:19:36
5.060 249.073 1243.415 22:19:37
5.064 198.683 796.098 22:19:38
5.072 197.390 937.561 22:19:39
5.072 181.293 897.561 22:19:40
5.076 162.390 824.878 22:19:41
5.072 164.976 899.024 22:19:42
5.072 163.488 827.805 22:19:43
5.068 220.390 1115.122 22:19:44
5.060 372.561 2039.512 22:19:45
5.068 178.976 913.659 22:19:46
5.072 162.976 826.341 22:19:47
5.064 316.366 1274.634 22:19:48
5.064 199.488 1350.732 22:19:49
5.060 383.268 1413.171 22:19:50
5.068 204.878 758.537 22:19:51
5.068 446.049 1692.683 22:19:52
5.068 279.463 1084.390 22:19:53
5.076 147.976 752.683 22:19:54
5.072 163.195 1270.732 22:19:55
5.072 162.976 829.756 22:19:56
5.072 193.683 958.049 22:19:57
5.072 264.878 1767.317 22:19:58
5.072 149.293 763.415 22:19:59
5.072 318.366 1072.683 22:20:00
5.072 162.976 826.341 22:20:01
5.052 423.463 2072.195 22:20:02
5.072 163.293 828.780 22:20:03
5.072 146.878 752.195 22:20:04
5.068 163.293 822.439 22:20:05
5.076 152.098 767.317 22:20:06
5.044 482.561 2460.976 22:20:07
5.068 207.390 996.585 22:20:08
5.068 203.488 1031.220 22:20:09
5.068 246.488 1526.341 22:20:10
5.068 189.683 919.024 22:20:11
5.072 188.073 1343.415 22:20:12
5.072 163.390 1269.268 22:20:13
5.072 160.585 907.805 22:20:14
5.052 471.244 1762.927 22:20:15
5.072 177.073 939.024 22:20:16
5.068 186.171 1082.927 22:20:17
5.076 162.780 822.439 22:20:18
5.072 201.683 1024.390 22:20:19
5.060 280.780 1767.805 22:20:20
5.076 150.683 760.000 22:20:21
5.068 326.268 1728.780 22:20:22
5.072 162.780 826.341 22:20:23
5.064 242.585 1245.854 22:20:24
5.076 163.683 831.220 22:20:25
5.076 200.293 1018.049 22:20:26
5.060 266.585 2033.171 22:20:27
5.068 203.585 1000.000 22:20:28
5.056 339.366 1650.244 22:20:29
5.064 162.976 1254.146 22:20:30
5.060 286.268 1450.732 22:20:31
5.060 298.463 1374.634 22:20:32
5.076 156.878 757.073 22:20:33
5.052 410.854 2024.390 22:20:34
5.060 264.073 836.585 22:20:35
5.072 161.195 849.756 22:20:36
5.060 466.049 2443.415 22:20:37
5.068 213.683 907.317 22:20:38
5.072 151.488 763.902 22:20:39
5.072 250.683 827.317 22:20:40
5.060 250.268 826.341 22:20:41
5.048 480.049 2062.927 22:20:42
5.068 189.780 1700.976 22:20:43
5.064 291.366 1253.171 22:20:44
5.076 175.390 847.317 22:20:45
5.072 200.293 1066.829 22:20:46
5.072 294.366 1225.854 22:20:47
5.064 241.976 1250.244 22:20:48
5.064 272.171 1438.537 22:20:49
5.072 162.878 826.341 22:20:50
5.064 266.878 1316.098 22:20:51
5.064 274.366 1060.488 22:20:52
5.072 153.098 776.098 22:20:53
5.068 229.976 1076.585 22:20:54
5.072 151.390 954.146 22:20:55
5.068 187.073 873.659 22:20:56
5.072 162.780 826.341 22:20:57
5.072 257.683 826.341 22:20:58
5.072 190.488 1100.488 22:20:59
5.060 324.561 1426.829 22:21:00
5.064 204.488 757.561 22:21:02
5.060 171.976 1776.585 22:21:03
5.072 258.585 867.317 22:21:04
5.068 270.171 1260.976 22:21:05
5.068 163.195 1323.415 22:21:06
5.076 148.293 757.073 22:21:07
5.064 413.366 1490.732 22:21:08
5.072 153.195 779.024 22:21:09
5.044 429.049 2139.512 22:21:10
5.068 291.366 1487.317 22:21:11
5.060 322.780 1118.049 22:21:12
5.072 358.659 1658.537 22:21:13
5.072 202.976 1032.683 22:21:14
5.052 467.561 2496.098 22:21:15
5.072 162.195 827.317 22:21:16
5.072 195.171 1004.878 22:21:17
5.076 244.488 832.195 22:21:18
5.068 239.488 1139.024 22:21:19
5.060 349.756 1533.659 22:21:20
5.072 163.073 827.317 22:21:21
5.068 197.293 1104.390 22:21:22
5.068 163.488 827.805 22:21:23
5.064 178.390 1004.878 22:21:24
5.072 272.683 1404.390 22:21:25
5.068 155.073 783.902 22:21:26
5.072 201.488 995.122 22:21:27
5.072 162.780 828.780 22:21:28
5.076 153.390 776.098 22:21:29
5.064 266.683 1417.073 22:21:30
5.072 236.683 840.000 22:21:31
5.076 147.195 747.317 22:21:32
5.068 163.073 825.366 22:21:33
5.068 163.488 827.805 22:21:34
5.040 466.659 1854.146 22:21:35
5.064 273.366 1148.293 22:21:36
5.060 205.878 1661.463 22:21:37
5.068 200.780 1009.268 22:21:38
5.072 153.488 1074.146 22:21:39
5.072 246.585 826.341 22:21:40
5.068 245.780 1249.268 22:21:41
5.056 348.366 1795.122 22:21:42
5.072 177.878 827.805 22:21:43
5.064 262.585 1346.829 22:21:44
5.068 208.268 762.439 22:21:45
5.068 170.390 782.439 22:21:46
5.068 246.171 1250.244 22:21:47
5.076 161.976 826.341 22:21:48
5.052 229.488 1240.976 22:21:49
5.064 273.268 1464.390 22:21:50
5.076 147.878 752.195 22:21:51
5.060 344.171 1635.122 22:21:52
5.076 150.390 764.878 22:21:53
5.044 242.878 1256.585 22:21:54
5.064 261.268 1256.585 22:21:55
5.072 217.268 1495.122 22:21:56
5.056 404.951 2355.122 22:21:57
5.064 281.976 1677.561 22:21:58
5.072 162.878 823.415 22:21:59
5.064 249.366 1239.512 22:22:00
5.060 254.073 1295.610 22:22:01
5.056 384.659 1823.902 22:22:02
5.072 163.585 827.317 22:22:03
5.068 185.780 1054.146 22:22:04
5.072 170.195 825.366 22:22:05
5.072 184.976 1033.171 22:22:06
5.072 180.780 880.000 22:22:07
5.068 302.780 827.805 22:22:08
5.068 163.488 829.756 22:22:09
5.068 211.073 1120.488 22:22:10
5.072 223.683 1031.220 22:22:11
5.072 147.878 894.146 22:22:12
5.076 162.488 827.805 22:22:13
5.076 155.073 784.878 22:22:14
5.048 446.366 2293.659 22:22:15
5.076 204.976 825.366 22:22:16
5.076 148.976 763.902 22:22:17
5.060 223.171 1381.951 22:22:18
5.076 151.976 771.220 22:22:19
5.048 401.073 1970.244 22:22:20
5.052 370.561 1835.122 22:22:21
5.068 241.878 1327.317 22:22:22
5.056 359.659 1816.098 22:22:23
5.068 263.878 975.122 22:22:24
5.060 341.463 1464.390 22:22:25
5.072 162.976 826.341 22:22:26
5.068 255.976 823.902 22:22:27
5.060 254.683 1491.220 22:22:28
5.068 177.488 888.780 22:22:29
5.072 162.976 1037.561 22:22:30
5.060 249.366 1337.073 22:22:31
5.076 162.195 826.341 22:22:32
5.060 251.171 1459.512 22:22:33
5.076 166.488 749.756 22:22:34
5.072 267.683 1184.390 22:22:35
5.068 203.683 1093.171 22:22:36
5.072 162.073 929.268 22:22:37
5.048 442.366 2456.098 22:22:38
5.056 293.268 1674.634 22:22:39
5.072 213.780 957.561 22:22:40
5.068 251.683 1239.024 22:22:41
5.072 167.073 777.073 22:22:42
5.060 338.878 1667.805 22:22:43
5.068 200.488 865.366 22:22:44
5.040 492.049 2649.268 22:22:45
5.072 162.878 827.805 22:22:46
5.068 175.073 876.098 22:22:47
5.056 329.561 1244.390 22:22:48
5.072 162.976 829.756 22:22:49
5.076 163.878 831.220 22:22:50
5.068 210.683 1343.415 22:22:51
5.076 161.878 827.805 22:22:52
5.068 215.171 1405.854 22:22:53
5.068 233.976 1210.732 22:22:54
5.072 149.195 760.000 22:22:55
5.072 162.683 821.463 22:22:56
5.072 162.878 823.902 22:22:58
5.072 163.390 824.878 22:22:59
5.068 246.683 1774.146 22:23:00
5.064 286.268 1441.951 22:23:01
5.076 148.390 758.537 22:23:02
5.072 151.683 770.244 22:23:03
5.068 162.976 829.756 22:23:04
5.076 163.293 826.341 22:23:05
5.052 436.463 1647.805 22:23:06
5.052 335.976 1377.073 22:23:07
5.072 212.878 1206.829 22:23:08
5.064 247.976 1250.244 22:23:09
5.076 162.780 824.878 22:23:10
5.052 329.878 1669.756 22:23:11
5.060 321.561 1892.683 22:23:12
5.068 319.659 1844.390 22:23:13
5.072 219.268 968.780 22:23:14
5.072 163.195 826.341 22:23:15
5.060 249.585 1404.390 22:23:16
5.060 297.073 1890.244 22:23:17
5.064 225.780 1024.390 22:23:18
5.076 149.976 756.098 22:23:19
5.072 162.683 824.878 22:23:20
5.060 371.463 1238.049 22:23:21
5.076 163.293 827.805 22:23:22
5.056 311.561 1880.000 22:23:23
5.064 268.780 1274.634 22:23:24
5.064 242.585 1249.268 22:23:25
5.072 153.293 1339.512 22:23:26
5.072 197.878 1080.000 22:23:27
5.056 303.366 1776.585 22:23:28
5.064 194.683 1139.024 22:23:29
5.048 284.561 1471.220 22:23:30
5.076 154.195 775.122 22:23:31
5.068 238.488 1128.293 22:23:32
5.072 161.390 819.024 22:23:33
5.068 199.780 1145.366 22:23:34
5.072 163.293 827.805 22:23:35
5.068 257.585 1456.098 22:23:36
5.068 244.488 1632.683 22:23:37
5.072 163.390 829.756 22:23:38
5.072 162.195 825.366 22:23:39
5.064 216.780 982.927 22:23:40
5.060 252.585 2368.780 22:23:41
5.068 289.463 1130.732 22:23:42
5.068 210.585 1474.634 22:23:43
5.060 247.683 1259.512 22:23:44
5.068 244.171 1239.024 22:23:45
5.060 210.683 1031.707 22:23:46
5.064 270.171 1245.854 22:23:47
5.072 159.780 780.000 22:23:48
5.068 226.780 1325.854 22:23:49
5.068 218.780 1380.488 22:23:50
5.072 209.171 1093.171 22:23:51
5.068 243.488 1258.049 22:23:52
5.068 154.683 785.854 22:23:53
5.076 194.171 1053.171 22:23:54
5.056 459.951 1658.537 22:23:55
5.064 329.073 1768.780 22:23:56
5.072 208.780 1334.634 22:23:57
5.072 264.463 1139.024 22:23:58
5.072 262.073 1410.732 22:23:59
5.072 153.098 776.098 22:24:00
5.068 190.976 936.098 22:24:01
5.072 180.585 938.537 22:24:02
5.072 162.878 821.463 22:24:03
5.072 160.976 816.585 22:24:04
5.048 413.561 2160.488 22:24:05
5.072 163.195 827.805 22:24:06
5.068 220.878 942.439 22:24:07
5.072 163.073 827.805 22:24:08
5.076 148.683 759.512 22:24:09
5.060 327.780 1725.366 22:24:10
5.072 197.683 888.780 22:24:11
5.068 324.463 1424.878 22:24:12
5.052 372.463 1845.366 22:24:13
5.072 153.098 819.024 22:24:14
5.048 387.463 1415.610 22:24:15
5.076 152.780 773.659 22:24:16
5.060 351.878 1523.415 22:24:17
5.076 153.390 823.902 22:24:18
5.068 154.390 784.878 22:24:19
5.064 240.366 829.756 22:24:20
5.064 250.683 1105.366 22:24:21
5.052 373.171 1695.122 22:24:22
5.068 154.195 779.024 22:24:23
5.068 187.390 932.683 22:24:24
5.072 162.585 825.366 22:24:25
5.064 318.561 1419.512 22:24:26
5.068 222.073 1082.927 22:24:27
5.072 165.293 839.024 22:24:28
5.072 227.390 1039.024 22:24:29
5.044 477.049 1655.122 22:24:30
5.072 163.390 1106.341 22:24:31
5.068 249.585 1450.732 22:24:32
5.072 283.463 1067.805 22:24:33
5.064 229.683 1144.390 22:24:34
5.072 194.976 829.756 22:24:35
5.068 179.683 997.561 22:24:36
5.060 267.780 1304.390 22:24:37
5.068 250.073 1259.512 22:24:38
5.060 313.073 1946.829 22:24:39
5.052 333.171 2100.976 22:24:40
5.064 298.073 969.268 22:24:41
5.064 257.878 1306.829 22:24:42
5.072 154.390 780.000 22:24:43
5.076 162.976 825.366 22:24:44
5.076 163.488 815.122 22:24:45
5.068 302.073 1343.415 22:24:46
5.068 196.585 973.659 22:24:47
5.072 153.585 780.000 22:24:48
5.072 154.073 906.341 22:24:49
5.076 242.976 781.463 22:24:50
5.044 294.171 1386.829 22:24:52
5.064 248.268 1259.024 22:24:53
5.072 147.780 751.220 22:24:54
5.056 451.049 1749.756 22:24:55
5.068 242.488 774.634 22:24:56
5.072 179.683 902.439 22:24:57
5.072 163.683 821.463 22:24:58
5.072 247.585 1288.293 22:24:59
5.056 245.366 1428.293 22:25:00
5.064 362.171 1894.146 22:25:01
5.068 218.390 1112.683 22:25:02
5.076 149.976 757.561 22:25:03
5.076 162.073 826.341 22:25:04
5.064 324.780 2045.366 22:25:05
5.064 326.878 1647.805 22:25:06
5.068 221.171 1011.220 22:25:07
5.060 223.683 1597.073 22:25:08
5.072 178.293 900.976 22:25:09
5.076 152.878 771.220 22:25:10
5.072 162.976 826.341 22:25:11
5.072 161.878 820.000 22:25:12
5.068 241.073 1126.341 22:25:13
5.068 162.390 760.976 22:25:14
5.072 162.976 861.463 22:25:15
5.072 170.073 1977.073 22:25:16
5.068 248.073 1086.829 22:25:17
5.064 210.073 1179.024 22:25:18
5.068 223.268 1123.902 22:25:19
5.068 260.073 1000.488 22:25:20
5.068 162.683 828.780 22:25:21
5.064 358.756 1724.878 22:25:22
5.072 162.390 1390.732 22:25:23
5.076 153.390 780.976 22:25:24
5.064 162.488 827.317 22:25:25
5.072 326.780 1338.049 22:25:26
5.064 222.976 1051.707 22:25:27
5.072 178.683 807.317 22:25:28
5.072 151.488 768.780 22:25:29
5.072 162.293 824.878 22:25:30
5.068 404.268 1647.805 22:25:31
5.064 246.780 1934.146 22:25:32
5.072 154.195 775.122 22:25:33
5.064 214.683 1073.171 22:25:34
5.072 187.171 782.439 22:25:35
5.064 205.073 841.463 22:25:36
5.068 199.488 1611.220 22:25:37
5.064 338.976 2406.341 22:25:38
5.068 208.390 1106.829 22:25:39
5.072 151.780 772.683 22:25:40
5.064 253.780 1378.537 22:25:41
5.072 163.878 830.244 22:25:42
5.064 264.976 1274.634 22:25:43
5.068 185.488 942.439 22:25:44
5.076 151.780 770.244 22:25:45
5.072 161.585 820.000 22:25:46
5.072 152.390 773.659 22:25:47
5.064 290.463 1363.415 22:25:48
5.068 217.878 827.317 22:25:49
5.072 207.488 983.902 22:25:50
5.072 244.780 1248.293 22:25:51
5.060 412.049 1521.951 22:25:52
5.076 153.390 765.854 22:25:53
5.068 280.463 1153.171 22:25:54
5.064 163.073 826.341 22:25:55
5.068 201.780 1677.561 22:25:56
5.068 203.390 1858.049 22:25:57
5.076 152.976 775.122 22:25:58
5.072 166.293 842.439 22:25:59
5.064 335.268 993.659 22:26:00
5.060 307.073 1535.122 22:26:01
5.060 256.585 1294.146 22:26:02
5.072 153.488 779.024 22:26:03
5.076 393.463 1251.707 22:26:04
5.064 254.366 1641.463 22:26:05
5.064 455.854 2532.683 22:26:06
5.072 155.878 797.561 22:26:07
5.076 149.976 756.098 22:26:08
5.064 346.366 1334.146 22:26:09
5.076 212.171 780.976 22:26:10
5.068 303.171 1312.195 22:26:11
5.072 230.878 1516.098 22:26:12
5.068 225.390 1144.390 22:26:13
5.052 329.780 1254.146 22:26:14
5.072 224.390 1130.732 22:26:15
5.068 236.171 832.683 22:26:16
5.068 156.585 793.659 22:26:17
5.072 395.951 1339.512 22:26:18
5.044 465.244 2192.195 22:26:19
5.072 153.585 775.122 22:26:20
5.068 338.268 1540.000 22:26:21
5.072 209.780 758.537 22:26:22
5.076 221.683 1624.878 22:26:23
5.060 309.561 1063.902 22:26:24
5.068 209.585 1087.805 22:26:25
5.072 220.171 1400.488 22:26:26
5.052 450.049 2141.951 22:26:27
5.068 234.780 1090.244 22:26:28
5.076 149.390 757.073 22:26:29
5.072 207.878 829.756 22:26:30
5.072 214.976 779.024 22:26:31
5.076 241.780 1500.976 22:26:32
5.068 227.488 785.854 22:26:33
5.060 325.561 1614.634 22:26:34
5.076 165.585 839.024 22:26:35
5.064 269.366 1225.366 22:26:36
5.052 400.268 1888.780 22:26:37
5.072 164.683 1081.951 22:26:38
5.064 248.585 823.415 22:26:39
5.064 287.171 1460.000 22:26:40
5.060 324.073 1910.244 22:26:41
5.068 249.585 1233.171 22:26:42
5.064 304.171 1677.561 22:26:43
5.076 156.488 792.195 22:26:44
5.068 150.878 757.561 22:26:45
5.068 357.976 1746.341 22:26:46
5.072 233.171 820.976 22:26:48
5.060 323.268 1694.146 22:26:49
5.064 355.659 1449.756 22:26:50
5.076 149.976 758.537 22:26:51
5.068 227.488 1152.683 22:26:52
5.072 171.488 757.561 22:26:53
5.060 219.780 1054.146 22:26:54
5.064 164.073 834.634 22:26:55
5.076 149.878 758.537 22:26:56
5.072 201.073 976.585 22:26:57
5.072 239.585 1033.171 22:26:58
5.060 327.659 1649.756 22:26:59
5.060 292.976 1306.829 22:27:00
5.068 228.390 1081.463 22:27:01
5.060 280.073 1880.488 22:27:02
5.072 162.976 827.805 22:27:03
5.064 300.366 1921.463 22:27:04
5.064 245.683 1651.220 22:27:05
5.068 198.683 1255.610 22:27:06
5.064 163.073 827.805 22:27:07
5.072 150.098 757.073 22:27:08
5.068 196.171 826.341 22:27:09
5.072 163.293 829.756 22:27:10
5.060 321.268 1796.585 22:27:11
5.072 198.976 1418.049 22:27:12
5.060 268.585 1629.756 22:27:13
5.072 153.585 782.439 22:27:14
5.060 308.878 1575.122 22:27:15
5.060 319.463 1723.902 22:27:16
5.068 366.561 1676.585 22:27:17
5.064 247.073 1259.024 22:27:18
5.068 210.780 1069.268 22:27:19
5.068 153.976 777.561 22:27:20
5.076 153.780 851.220 22:27:21
5.060 170.976 866.341 22:27:22
5.060 203.488 775.122 22:27:23
5.072 176.976 777.561 22:27:24
5.064 272.268 1388.293 22:27:25
5.060 242.585 1281.951 22:27:26
5.076 162.878 824.878 22:27:27
5.076 163.390 828.780 22:27:28
5.072 156.390 789.756 22:27:29
5.048 388.366 2007.805 22:27:30
5.068 193.585 786.341 22:27:31
5.064 334.976 1469.756 22:27:32
5.052 368.463 1855.610 22:27:33
5.072 215.171 1390.732 22:27:34
5.068 154.390 1327.317 22:27:35
5.068 162.683 827.317 22:27:36
5.064 245.268 1305.366 22:27:37
5.060 274.463 1413.171 22:27:38
5.072 211.488 1002.927 22:27:39
5.072 229.683 971.220 22:27:40
5.068 150.780 1040.000 22:27:41
5.072 161.390 818.537 22:27:42
5.068 472.049 1747.317 22:27:43
5.072 292.463 1455.610 22:27:44
5.064 248.976 1256.585 22:27:45
5.072 279.171 1433.659 22:27:46
5.072 251.878 1275.610 22:27:47
5.060 348.659 1584.878 22:27:48
5.072 192.585 983.902 22:27:49
5.048 420.463 2070.244 22:27:50
5.056 356.976 1811.707 22:27:51
5.072 147.780 752.683 22:27:52
5.076 161.585 819.024 22:27:53
5.044 409.268 1827.805 22:27:54
5.076 149.098 832.683 22:27:55
5.072 162.878 824.878 22:27:56
5.060 250.366 1371.707 22:27:57
5.068 292.976 1276.585 22:27:58
5.072 241.585 1488.293 22:27:59
5.064 265.171 1888.780 22:28:00
5.072 152.878 771.220 22:28:01
5.072 163.195 1055.122 22:28:02
5.064 249.683 1258.049 22:28:03
5.072 255.780 1157.073 22:28:04
5.068 154.073 779.024 22:28:05
5.072 201.585 1033.171 22:28:06
5.056 393.561 2145.366 22:28:07
5.072 243.366 1126.341 22:28:08
5.072 221.073 1022.927 22:28:09
5.076 162.780 915.122 22:28:10
5.072 162.293 823.902 22:28:11
5.060 279.171 1400.488 22:28:12
5.072 155.073 1135.122 22:28:13
5.064 272.780 1417.073 22:28:14
5.072 266.171 843.415 22:28:15
5.076 191.780 963.902 22:28:16
5.056 380.854 1418.537 22:28:17
5.064 254.268 1175.610 22:28:18
5.072 241.878 1023.902 22:28:19
5.068 182.780 1066.341 22:28:20
5.068 163.683 824.878 22:28:21
5.068 246.976 1672.683 22:28:22
5.056 418.049 1891.220 22:28:23
5.060 249.366 1267.805 22:28:24
5.068 243.976 1240.976 22:28:25
5.072 261.073 1403.415 22:28:26
5.068 231.268 1413.171 22:28:27
5.048 369.463 1623.415 22:28:28
5.068 221.976 916.098 22:28:29
5.068 219.585 1300.976 22:28:30
5.064 315.073 1387.317 22:28:31
5.068 211.171 1364.878 22:28:32
5.072 187.488 974.146 22:28:33
5.072 262.976 824.878 22:28:34
5.060 406.756 1632.195 22:28:35
5.060 351.659 1806.829 22:28:36
5.068 210.073 1424.390 22:28:37
5.072 164.976 926.341 22:28:38
5.072 163.073 829.756 22:28:39
5.060 270.585 1281.951 22:28:40
5.064 248.366 1245.366 22:28:41
5.068 220.780 1526.341 22:28:42
5.072 148.878 749.756 22:28:43
5.072 160.683 852.683 22:28:45
5.060 358.171 1875.122 22:28:46
5.064 341.878 1242.927 22:28:47
5.048 288.683 1880.488 22:28:48
5.076 162.073 826.341 22:28:49
5.076 322.463 1511.220 22:28:50
5.076 179.585 826.341 22:28:51
5.064 285.366 1250.244 22:28:52
5.068 207.171 1087.805 22:28:53
5.064 231.976 1336.098 22:28:54
5.056 246.366 1305.854 22:28:55
5.072 215.683 999.024 22:28:56
5.060 163.195 1259.512 22:28:57
5.068 282.878 1439.512 22:28:58
5.064 267.366 1265.366 22:28:59
5.068 244.585 1261.951 22:29:00
5.060 246.268 1380.488 22:29:01
5.048 437.951 1898.049 22:29:02
5.072 162.976 822.439 22:29:03
5.072 200.780 1024.390 22:29:04
5.072 163.488 829.756 22:29:05
5.052 439.561 2353.659 22:29:06
5.072 201.390 1321.951 22:29:07
5.076 306.878 910.244 22:29:08
5.064 290.780 1643.415 22:29:09
5.068 191.585 1002.439 22:29:10
5.064 257.878 1240.976 22:29:11
5.068 170.878 824.878 22:29:12
5.064 230.171 1260.976 22:29:13
5.064 245.683 829.756 22:29:14
5.076 151.878 752.195 22:29:15
5.068 163.683 830.244 22:29:16
5.072 162.976 873.659 22:29:17
5.072 289.463 1305.854 22:29:18
5.072 221.780 1087.805 22:29:19
5.072 172.683 940.000 22:29:20
5.072 278.073 828.780 22:29:21
5.068 271.171 1245.854 22:29:22
5.040 495.756 2483.902 22:29:23
5.072 202.976 1068.780 22:29:24
5.068 271.268 1558.537 22:29:25
5.076 163.293 827.317 22:29:26
5.072 162.585 826.341 22:29:27
5.044 468.366 2387.317 22:29:28
5.072 289.683 991.220 22:29:29
5.064 246.366 1361.951 22:29:30
5.072 294.561 1350.732 22:29:31
5.068 181.683 982.439 22:29:32
5.060 333.463 2344.878 22:29:33
5.076 161.585 820.000 22:29:34
5.040 454.951 1648.780 22:29:35
5.072 195.390 952.683 22:29:36
5.072 161.878 819.024 22:29:37
5.056 362.073 1638.537 22:29:38
5.056 350.171 1276.585 22:29:39
5.068 332.878 1708.780 22:29:40
5.076 198.488 1069.268 22:29:41
5.072 163.488 833.659 22:29:42
5.060 260.878 1347.317 22:29:43
5.068 232.976 1099.024 22:29:44
5.060 341.976 1696.585 22:29:45
5.072 147.585 752.683 22:29:46
5.064 244.073 1238.049 22:29:47
5.072 163.073 823.902 22:29:48
5.068 252.073 1269.268 22:29:49
5.060 260.683 1879.024 22:29:50
5.072 203.073 1041.463 22:29:51
5.060 323.366 1720.000 22:29:52
5.072 195.171 979.024 22:29:53
5.064 334.659 1230.732 22:29:54
5.060 345.561 1595.122 22:29:55
5.060 244.366 1264.390 22:29:56
5.064 272.366 1537.561 22:29:57
5.068 298.268 1248.293 22:29:58
5.060 296.366 1734.146 22:29:59
5.072 276.585 1623.902 22:30:00
5.060 258.878 1796.098 22:30:01
5.056 250.780 1269.268 22:30:02
5.072 163.073 826.341 22:30:03
5.052 311.268 1265.366 22:30:04
5.072 187.976 945.366 22:30:05
5.064 197.488 947.317 22:30:06
5.072 209.488 861.463 22:30:07
5.072 163.683 826.341 22:30:08
5.056 327.780 1662.439 22:30:09
5.068 167.878 1042.439 22:30:10
5.064 324.463 1269.268 22:30:11
5.072 206.073 1372.195 22:30:12
5.064 282.463 1225.854 22:30:13
5.064 311.268 1307.317 22:30:14
5.068 209.683 1344.878 22:30:15
5.064 163.488 839.024 22:30:16
5.056 423.268 2085.854 22:30:17
5.076 154.878 784.878 22:30:18
5.072 212.976 1061.951 22:30:19
5.064 320.780 1464.878 22:30:20
5.064 194.780 1185.366 22:30:21
5.052 335.268 1747.805 22:30:22
5.068 237.488 1324.390 22:30:23
5.072 161.293 816.585 22:30:24
5.064 188.293 1060.000 22:30:25
5.068 274.878 1395.610 22:30:26
5.068 246.366 1246.829 22:30:27
5.076 163.488 1313.171 22:30:28
5.072 163.488 826.341 22:30:29
5.064 240.976 1816.098 22:30:30
5.056 246.780 1250.244 22:30:31
5.072 162.488 823.902 22:30:32
5.068 163.585 980.000 22:30:33
5.060 240.268 1372.195 22:30:34
5.068 225.073 1061.951 22:30:35
5.072 163.585 825.366 22:30:36
5.072 203.390 961.463 22:30:37
5.064 275.268 1464.878 22:30:38
5.068 304.171 1745.366 22:30:39
5.072 153.195 777.073 22:30:41
5.068 202.390 867.805 22:30:42
5.064 271.683 1632.683 22:30:43
5.060 250.976 1304.390 22:30:44
5.068 277.073 1455.610 22:30:45
5.072 271.585 1080.000 22:30:46
5.068 172.390 928.780 22:30:47
5.048 412.854 940.488 22:30:48
5.052 388.171 2149.268 22:30:49
5.072 149.878 756.098 22:30:50
5.076 156.683 792.683 22:30:51
5.072 187.488 825.366 22:30:52
5.052 321.976 1386.829 22:30:53
5.072 152.293 1160.488 22:30:54
5.072 246.171 826.341 22:30:55
5.076 156.683 1299.512 22:30:56
5.060 250.268 1269.268 22:30:57
5.072 148.293 745.854 22:30:58
5.060 323.171 1512.195 22:30:59
5.068 321.878 1350.732 22:31:00
5.060 256.366 1563.902 22:31:01
5.068 248.878 1252.195 22:31:02
5.060 300.561 1537.073 22:31:03
5.044 271.780 1255.610 22:31:04
5.072 148.780 757.073 22:31:05
5.068 244.488 1231.707 22:31:06
5.044 495.561 2351.220 22:31:07
5.076 162.976 1044.390 22:31:08
5.076 148.585 758.537 22:31:09
5.072 163.195 823.902 22:31:10
5.072 157.073 994.146 22:31:11
5.060 372.561 1540.000 22:31:12
5.060 244.585 820.976 22:31:13
5.076 149.683 757.561 22:31:14
5.072 163.780 829.756 22:31:15
5.044 243.073 1239.024 22:31:16
5.068 152.683 780.976 22:31:17
5.072 181.293 1047.805 22:31:18
5.064 163.293 830.244 22:31:19
5.068 247.073 1268.293 22:31:20
5.040 326.878 1806.341 22:31:21
5.072 162.878 823.902 22:31:22
5.068 213.268 1338.537 22:31:23
5.076 217.585 1191.707 22:31:24
5.068 236.073 1355.610 22:31:25
5.072 164.683 1139.024 22:31:26
5.076 153.780 779.024 22:31:27
5.060 400.854 1613.659 22:31:28
5.072 247.976 1272.195 22:31:29
5.060 329.561 1670.244 22:31:30
5.060 338.878 1522.439 22:31:31
5.076 149.488 761.463 22:31:32
5.068 162.488 831.220 22:31:33
5.068 248.683 1246.829 22:31:34
5.072 190.171 962.439 22:31:35
5.068 313.659 1250.244 22:31:36
5.060 408.366 1700.000 22:31:37
5.060 322.561 1692.195 22:31:38
5.076 162.878 1420.976 22:31:39
5.060 329.976 1906.341 22:31:40
5.072 163.390 827.317 22:31:41
5.068 306.878 1339.512 22:31:42
5.060 357.561 1843.902 22:31:43
5.064 277.683 1240.488 22:31:44
5.076 163.390 1352.195 22:31:45
5.072 153.488 777.561 22:31:46
5.072 258.366 1668.780 22:31:47
5.076 250.976 824.878 22:31:48
5.068 288.171 1217.073 22:31:49
5.056 351.171 1385.854 22:31:50
5.072 161.878 819.024 22:31:51
5.060 271.878 1811.707 22:31:52
5.068 244.780 819.024 22:31:53
5.072 160.585 815.122 22:31:54
5.060 246.488 1242.927 22:31:55
5.056 300.976 1233.171 22:31:56
5.064 157.390 784.878 22:31:57
5.072 163.073 827.805 22:31:58
5.072 197.976 934.146 22:31:59
5.068 227.488 1452.195 22:32:00
5.076 163.585 829.756 22:32:01
5.076 154.585 1194.634 22:32:02
5.056 398.951 1796.585 22:32:03
5.060 241.366 955.122 22:32:04
5.076 162.780 825.366 22:32:05
5.056 331.366 1355.610 22:32:06
5.064 306.463 1702.927 22:32:07
5.068 261.976 1321.951 22:32:08
5.068 304.073 1201.951 22:32:09
5.064 358.659 1457.561 22:32:10
5.060 337.268 1700.000 22:32:11
5.072 186.171 974.146 22:32:12
5.076 193.390 818.537 22:32:13
5.060 342.878 1754.146 22:32:14
5.072 288.780 1011.220 22:32:15
5.068 304.976 1400.488 22:32:16
5.068 215.585 1086.341 22:32:17
5.056 307.366 1819.024 22:32:18
5.072 171.293 867.805 22:32:19
5.064 255.878 1551.220 22:32:20
5.064 274.463 1394.634 22:32:21
5.072 150.195 1214.146 22:32:22
5.076 163.195 828.780 22:32:23
5.072 163.073 827.805 22:32:24
5.060 326.878 1692.683 22:32:25
5.064 243.585 1713.659 22:32:26
5.060 275.073 1348.293 22:32:27
5.072 149.390 1081.463 22:32:28
5.068 245.780 1705.366 22:32:29
5.064 251.171 1242.927 22:32:30
5.052 293.073 1416.098 22:32:31
5.076 219.683 1081.951 22:32:32
5.068 209.878 1419.512 22:32:33
5.068 154.488 772.683 22:32:34
5.076 248.878 1254.146 22:32:35
5.072 272.366 943.902 22:32:37
5.068 209.073 1460.976 22:32:38
5.076 245.976 834.634 22:32:39
5.068 214.171 1154.146 22:32:40
5.064 243.268 1741.463 22:32:41
5.056 480.561 2593.659 22:32:42
5.064 163.195 949.268 22:32:43
5.076 163.488 829.756 22:32:44
5.072 257.073 1129.268 22:32:45
5.068 218.683 1720.000 22:32:46
5.068 214.488 1218.049 22:32:47
5.076 148.780 754.634 22:32:48
5.076 163.488 828.780 22:32:49
5.072 162.488 862.439 22:32:50
5.060 405.756 1235.610 22:32:51
5.068 250.488 831.220 22:32:52
5.076 147.683 749.756 22:32:53
5.060 275.268 1357.073 22:32:54
5.068 250.780 1259.024 22:32:55
5.068 163.073 819.024 22:32:56
5.076 164.073 833.659 22:32:57
5.064 163.390 971.220 22:32:58
5.064 268.878 1104.390 22:32:59
5.068 188.585 1067.805 22:33:00
5.068 251.976 925.366 22:33:01
5.068 249.268 1219.024 22:33:02
5.064 278.268 1479.512 22:33:03
5.068 216.683 1104.390 22:33:04
5.072 163.293 827.805 22:33:05
5.072 163.293 823.902 22:33:06
5.064 248.976 1258.049 22:33:07
5.060 251.268 1228.293 22:33:08
5.064 210.878 1095.610 22:33:09
5.064 318.976 1720.976 22:33:10
5.068 266.780 1371.707 22:33:11
5.056 250.488 1784.878 22:33:12
5.068 258.585 1441.951 22:33:13
5.068 225.488 1141.463 22:33:14
5.060 328.976 1667.317 22:33:15
5.068 163.683 836.098 22:33:16
5.076 163.293 823.902 22:33:17
5.068 245.780 1243.415 22:33:18
5.072 165.073 814.634 22:33:19
5.072 265.366 843.415 22:33:20
5.072 251.488 896.098 22:33:21
5.072 161.390 823.902 22:33:22
5.068 252.366 1236.585 22:33:23
5.060 271.268 1252.195 22:33:24
5.072 153.098 777.073 22:33:25
5.072 163.585 991.220 22:33:26
5.068 219.683 939.024 22:33:27
5.068 257.171 1234.634 22:33:28
5.072 149.585 1243.415 22:33:29
5.072 151.683 771.220 22:33:30
5.064 227.878 1156.585 22:33:31
5.064 251.268 1137.073 22:33:32
5.072 174.585 1199.512 22:33:33
5.076 217.171 1072.683 22:33:34
5.048 452.463 1250.244 22:33:35
5.068 259.463 1234.634 22:33:36
5.060 261.976 1285.854 22:33:37
5.068 198.073 1027.805 22:33:38
5.072 197.976 918.537 22:33:39
5.072 212.488 1086.829 22:33:40
5.068 149.488 757.561 22:33:41
5.056 326.659 1800.488 22:33:42
5.072 163.976 829.756 22:33:43
5.064 222.976 1134.146 22:33:44
5.060 453.756 2108.293 22:33:45
5.076 149.585 761.463 22:33:46
5.072 162.780 898.537 22:33:47
5.068 156.780 903.902 22:33:48
5.056 340.268 1665.366 22:33:49
5.056 361.268 2204.878 22:33:50
5.064 248.366 1632.683 22:33:51
5.076 163.195 827.317 22:33:52
5.068 275.878 1522.439 22:33:53
5.072 147.488 748.293 22:33:54
5.068 266.878 1263.415 22:33:55
5.076 163.976 831.220 22:33:56
5.056 233.683 1182.927 22:33:57
5.072 222.488 1123.902 22:33:58
5.072 149.878 758.537 22:33:59
5.064 230.878 1460.000 22:34:00
5.076 251.073 1009.268 22:34:01
5.068 251.366 1274.634 22:34:02
5.068 262.366 1246.829 22:34:03
5.068 276.268 1422.439 22:34:04
5.064 476.659 2224.390 22:34:05
5.072 149.780 758.537 22:34:06
5.072 162.683 827.317 22:34:07
5.072 165.585 839.024 22:34:08
5.064 188.073 1269.268 22:34:09
5.072 165.073 836.585 22:34:10
5.076 154.195 1135.610 22:34:11
5.064 244.585 1306.829 22:34:12
5.064 163.293 829.756 22:34:13
5.072 163.293 827.317 22:34:14
5.076 163.390 827.805 22:34:15
5.076 220.683 816.098 22:34:16
5.072 163.488 827.805 22:34:17
5.072 254.488 1239.024 22:34:18
5.072 246.268 972.683 22:34:19
5.064 307.976 1422.439 22:34:20
5.068 275.366 1421.951 22:34:21
5.068 216.171 1274.634 22:34:22
5.064 244.585 1232.195 22:34:23
5.064 366.756 1398.049 22:34:24
5.072 188.390 831.220 22:34:25
5.060 336.976 1871.707 22:34:26
5.076 161.488 867.805 22:34:27
5.072 215.976 1097.561 22:34:28
5.048 470.951 2009.268 22:34:29
5.072 148.195 752.195 22:34:30
5.064 261.878 1256.585 22:34:32
5.068 284.463 1476.098 22:34:33
5.048 403.561 1800.000 22:34:34
5.060 351.756 1695.122 22:34:35
5.064 420.268 2527.805 22:34:36
5.056 248.780 1316.098 22:34:37
5.068 243.683 1243.415 22:34:38
5.072 162.976 830.244 22:34:39
5.072 207.878 1043.902 22:34:40
5.060 245.976 832.683 22:34:41
5.060 352.463 1281.951 22:34:42
5.072 200.976 1008.780 22:34:43
5.056 290.561 1478.537 22:34:44
5.072 150.098 763.415 22:34:45
5.072 232.268 844.878 22:34:46
5.072 231.780 1156.585 22:34:47
5.064 281.073 1513.171 22:34:48
5.060 255.976 1077.561 22:34:49
5.072 149.976 746.341 22:34:50
5.064 261.073 1394.634 22:34:51
5.060 333.463 1258.049 22:34:52
5.072 245.683 1174.634 22:34:53
5.064 154.195 880.000 22:34:54
5.048 368.561 1670.244 22:34:55
5.072 207.878 995.610 22:34:56
5.072 263.171 1007.805 22:34:57
5.072 163.780 1299.512 22:34:58
5.052 425.854 2120.488 22:34:59
5.060 306.780 1023.902 22:35:00
5.072 161.293 827.317 22:35:01
5.076 149.488 757.561 22:35:02
5.072 161.390 821.463 22:35:03
5.052 389.854 1668.780 22:35:04
5.068 162.976 826.341 22:35:05
5.060 245.366 1281.951 22:35:06
5.064 231.171 1123.902 22:35:07
5.072 162.390 827.317 22:35:08
5.076 163.488 827.805 22:35:09
5.072 153.878 757.561 22:35:10
5.064 245.488 1271.707 22:35:11
5.044 245.683 1230.732 22:35:12
5.068 245.488 1244.390 22:35:13
5.068 262.171 830.244 22:35:14
5.064 211.683 863.415 22:35:15
5.060 413.366 2457.073 22:35:16
5.064 378.561 1659.024 22:35:17
5.068 204.585 1015.122 22:35:18
5.068 163.195 827.805 22:35:19
5.072 175.390 833.659 22:35:20
5.068 366.854 1811.707 22:35:21
5.068 163.293 829.756 22:35:22
5.072 384.951 1834.146 22:35:23
5.064 247.585 1248.293 22:35:24
5.068 211.780 1067.805 22:35:25
5.072 180.683 896.585 22:35:26
5.064 245.268 1263.415 22:35:27
5.056 258.878 1270.732 22:35:28
5.068 234.976 1149.268 22:35:29
5.064 247.171 1242.927 22:35:30
5.056 360.171 1766.341 22:35:31
5.056 332.463 1553.659 22:35:32
5.056 310.073 1500.000 22:35:33
5.064 272.878 1545.854 22:35:34
5.072 208.878 1061.463 22:35:35
5.072 231.878 872.195 22:35:36
5.076 156.488 796.098 22:35:37
5.060 217.585 1025.366 22:35:38
5.072 169.293 819.024 22:35:39
5.068 221.585 1676.585 22:35:40
5.064 465.366 2380.000 22:35:41
5.064 219.073 1076.585 22:35:42
5.060 341.756 1393.659 22:35:43
5.064 197.073 1468.780 22:35:44
5.064 251.488 1284.390 22:35:45
5.064 256.268 1300.976 22:35:46
5.076 153.488 752.683 22:35:47
5.072 162.683 827.317 22:35:48
5.060 330.463 1643.902 22:35:49
5.044 482.951 1932.683 22:35:50
5.064 244.073 1244.390 22:35:51
5.068 307.780 1052.683 22:35:52
5.072 162.976 832.195 22:35:53
5.068 163.195 826.341 22:35:54
5.072 215.780 993.659 22:35:55
5.072 169.683 1238.049 22:35:56
5.064 256.073 1070.244 22:35:57
5.064 327.463 1867.805 22:35:58
5.060 308.976 1302.927 22:35:59
5.064 326.659 1260.976 22:36:00
5.060 272.366 1721.463 22:36:01
5.076 222.390 830.244 22:36:02
5.076 255.585 1284.390 22:36:03
5.068 275.463 1521.951 22:36:04
5.076 251.073 829.756 22:36:05
5.064 268.585 1646.341 22:36:06
5.060 249.976 1232.195 22:36:07
5.072 163.683 974.146 22:36:08
5.056 353.756 1674.634 22:36:09
5.072 293.976 1484.878 22:36:10
5.068 257.366 1016.585 22:36:11
5.060 245.073 1285.366 22:36:12
5.068 197.585 1034.146 22:36:13
5.056 249.073 1265.366 22:36:14
5.068 217.488 1099.024 22:36:15
5.068 201.585 927.805 22:36:16
5.072 157.073 791.220 22:36:17
5.072 163.293 1165.366 22:36:18
5.060 338.463 1588.780 22:36:19
5.064 202.780 1048.780 22:36:20
5.072 219.976 1022.927 22:36:21
5.064 340.976 1683.415 22:36:22
5.076 218.073 1246.829 22:36:23
5.060 206.878 1027.805 22:36:24
5.068 248.171 1311.707 22:36:25
5.072 161.585 821.463 22:36:26
5.044 395.854 1654.634 22:36:27
5.076 163.195 827.317 22:36:29
5.072 163.390 827.805 22:36:30
5.056 250.171 1663.415 22:36:31
5.068 268.683 2397.073 22:36:32
5.064 314.878 1469.756 22:36:33
5.072 163.390 1272.195 22:36:34
5.072 163.585 819.024 22:36:35
5.076 163.683 832.195 22:36:36
5.072 195.585 1042.927 22:36:37
5.068 219.780 1091.707 22:36:38
5.060 330.659 1242.927 22:36:39
5.072 163.293 827.805 22:36:40
5.060 305.171 1568.293 22:36:41
5.060 277.463 1390.732 22:36:42
5.076 149.390 754.634 22:36:43
5.068 163.073 830.244 22:36:44
5.064 245.073 1271.707 22:36:45
5.056 376.463 1844.390 22:36:46
5.076 153.976 776.098 22:36:47
5.076 151.683 765.854 22:36:48
5.068 161.585 824.878 22:36:49
5.064 246.683 1306.829 22:36:50
5.068 215.268 1083.902 22:36:51
5.072 189.073 1002.927 22:36:52
5.068 244.976 1255.610 22:36:53
5.060 250.488 1434.634 22:36:54
5.072 205.976 756.098 22:36:55
5.068 244.780 1250.244 22:36:56
5.060 359.366 1491.220 22:36:57
5.072 149.976 756.098 22:36:58
5.068 246.366 2065.366 22:36:59
5.076 162.195 849.756 22:37:00
5.048 503.659 1659.024 22:37:01
5.072 163.390 830.244 22:37:02
5.056 319.659 1418.537 22:37:03
5.072 164.195 831.220 22:37:04
5.072 217.073 777.561 22:37:05
5.056 310.780 1597.073 22:37:06
5.064 162.878 952.683 22:37:07
5.072 162.878 827.805 22:37:08
5.052 423.268 2113.171 22:37:09
5.068 169.293 777.561 22:37:10
5.072 160.780 816.098 22:37:11
5.060 279.780 1665.366 22:37:12
5.076 153.195 780.976 22:37:13
5.072 162.976 852.683 22:37:14
5.056 333.976 1702.439 22:37:15
5.056 341.366 1398.049 22:37:16
5.060 245.488 1244.390 22:37:17
5.068 248.585 1267.805 22:37:18
5.072 163.780 828.780 22:37:19
5.060 244.073 1250.244 22:37:20
5.060 226.878 1101.463 22:37:21
5.068 252.878 1280.488 22:37:22
5.072 156.878 934.146 22:37:23
5.072 163.293 827.805 22:37:24
5.052 323.561 1743.902 22:37:25
5.064 268.683 1363.415 22:37:26
5.064 250.780 1240.488 22:37:27
5.064 313.366 1523.902 22:37:28
5.068 277.585 1274.146 22:37:29
5.068 154.073 1113.171 22:37:30
5.064 282.171 1487.317 22:37:31
5.072 153.780 777.073 22:37:32
5.068 163.585 829.756 22:37:33
5.064 316.463 1534.634 22:37:34
5.060 220.268 1214.146 22:37:35
5.056 310.780 1475.610 22:37:36
5.072 191.293 762.439 22:37:37
5.076 148.488 750.244 22:37:38
5.056 298.780 1172.683 22:37:39
5.068 249.268 1224.390 22:37:40
5.064 245.683 1242.927 22:37:41
5.068 211.390 1066.829 22:37:42
5.068 215.585 1089.268 22:37:43
5.064 181.488 762.439 22:37:44
5.052 278.366 1369.756 22:37:45
5.068 245.878 1245.366 22:37:46
5.072 188.585 1152.683 22:37:47
5.060 293.366 1486.341 22:37:48
5.064 249.683 1603.902 22:37:49
5.068 171.488 827.317 22:37:50
5.056 515.659 1580.000 22:37:51
5.068 192.780 1004.878 22:37:52
5.068 243.268 1305.366 22:37:53
5.068 227.268 1161.463 22:37:54
5.068 179.390 1013.659 22:37:55
5.076 151.683 826.341 22:37:56
5.076 163.488 829.756 22:37:57
5.064 351.878 1095.610 22:37:58
5.072 229.390 1013.659 22:37:59
5.072 152.683 774.634 22:38:00
5.056 357.268 1818.049 22:38:01
5.052 280.073 1451.220 22:38:02
5.072 151.976 771.220 22:38:03
5.068 226.780 1151.707 22:38:04
5.072 149.683 758.537 22:38:05
5.052 329.878 1656.098 22:38:06
5.072 206.268 891.707 22:38:07
5.068 214.268 1490.732 22:38:08
5.068 268.268 1230.732 22:38:09
5.068 153.976 778.537 22:38:10
5.060 230.878 1122.927 22:38:11
5.076 212.683 780.000 22:38:12
5.064 379.073 1849.268 22:38:13
5.064 362.171 1364.390 22:38:14
5.060 275.878 1390.732 22:38:15
5.064 330.561 1684.878 22:38:16
5.072 407.463 1483.415 22:38:17
5.064 189.780 953.659 22:38:18
5.072 306.171 1110.244 22:38:19
5.072 245.585 1240.488 22:38:20
5.060 337.463 1680.976 22:38:21
5.064 243.878 1252.195 22:38:22
5.072 163.073 825.366 22:38:23
5.068 284.366 1311.707 22:38:25
5.076 162.073 823.415 22:38:26
5.064 326.659 1650.244 22:38:27
5.068 267.878 864.878 22:38:28
5.072 209.585 1171.707 22:38:29
5.052 347.073 1889.268 22:38:30
5.072 162.780 1516.098 22:38:31
5.072 162.293 826.341 22:38:32
5.064 278.585 1504.878 22:38:33
5.072 196.171 954.146 22:38:34
5.072 163.585 835.122 22:38:35
5.072 247.488 1245.854 22:38:36
5.064 300.073 1399.512 22:38:37
5.072 164.195 827.317 22:38:38
5.072 148.780 1243.415 22:38:39
5.072 163.488 830.244 22:38:40
5.068 202.878 1362.927 22:38:41
5.068 243.488 1066.829 22:38:42
5.064 211.488 1072.683 22:38:43
5.072 202.780 1031.707 22:38:44
5.068 279.878 1331.707 22:38:45
5.072 161.780 816.098 22:38:46
5.064 277.366 1487.317 22:38:47
5.072 163.488 827.805 22:38:48
5.056 335.171 1699.024 22:38:49
5.048 483.244 2148.293 22:38:50
5.072 153.488 780.976 22:38:51
5.072 163.073 826.341 22:38:52
5.064 409.463 2050.732 22:38:53
5.072 153.195 777.073 22:38:54
5.064 218.878 779.024 22:38:55
5.048 435.366 2180.976 22:38:56
5.068 251.073 1720.000 22:38:57
5.072 150.098 805.854 22:38:58
5.064 247.585 1303.415 22:38:59
5.076 151.683 772.683 22:39:00
5.052 317.073 1789.268 22:39:01
5.068 192.073 1118.049 22:39:02
5.052 257.878 2287.317 22:39:03
5.068 250.268 1250.244 22:39:04
5.060 303.463 1245.854 22:39:05
5.056 281.585 1640.000 22:39:06
5.068 196.390 1250.244 22:39:07
5.072 163.585 920.488 22:39:08
5.068 197.585 990.244 22:39:09
5.068 357.463 1665.366 22:39:10
5.060 263.171 995.610 22:39:11
5.072 341.463 830.244 22:39:12
5.052 487.951 1639.024 22:39:13
5.044 468.463 2355.122 22:39:14
5.072 191.976 962.439 22:39:15
5.076 162.780 826.341 22:39:16
5.060 332.073 2121.951 22:39:17
5.064 303.366 1608.293 22:39:18
5.076 147.683 746.341 22:39:19
5.072 163.585 1066.341 22:39:20
5.072 171.390 825.366 22:39:21
5.056 337.756 1656.585 22:39:22
5.060 419.268 1837.561 22:39:23
5.072 207.268 1346.829 22:39:24
5.072 179.585 831.220 22:39:25
5.072 163.293 823.902 22:39:26
5.064 242.976 828.780 22:39:27
5.060 360.366 1823.902 22:39:28
5.072 151.976 776.098 22:39:29
5.072 162.683 824.878 22:39:30
5.068 197.878 988.780 22:39:31
5.052 483.951 2440.976 22:39:32
5.064 199.780 1042.439 22:39:33
5.072 195.683 998.049 22:39:34
5.064 301.171 1274.634 22:39:35
5.068 160.073 779.024 22:39:36
5.064 250.171 1302.927 22:39:37
5.072 185.390 1219.024 22:39:38
5.064 247.268 1245.854 22:39:39
5.064 270.585 1277.073 22:39:40
5.064 163.195 827.805 22:39:41
5.076 147.780 748.293 22:39:42
5.068 249.488 1637.073 22:39:43
5.072 163.073 828.780 22:39:44
5.068 196.390 962.439 22:39:45
5.056 353.659 1834.146 22:39:46
5.068 245.683 1245.854 22:39:47
5.052 343.976 1645.854 22:39:48
5.076 163.195 827.805 22:39:49
5.072 163.073 865.366 22:39:50
5.060 334.268 1699.024 22:39:51
5.068 236.683 1619.024 22:39:52
5.072 202.585 1030.244 22:39:53
5.060 336.268 1700.000 22:39:54
5.064 377.659 1193.171 22:39:55
5.064 177.073 1030.244 22:39:56
5.076 153.195 780.976 22:39:57
5.064 291.366 1999.512 22:39:58
5.048 356.756 1967.805 22:39:59
5.060 352.561 2031.707 22:40:00
5.064 230.268 826.341 22:40:01
5.068 226.585 1095.610 22:40:02
5.068 252.171 1349.268 22:40:03
5.060 280.878 1364.390 22:40:04
5.068 263.366 1312.195 22:40:05
5.068 245.268 1252.195 22:40:06
5.072 150.098 757.073 22:40:07
5.064 305.561 1460.000 22:40:08
5.060 274.073 1162.927 22:40:09
5.068 233.366 1257.073 22:40:10
5.072 191.171 975.122 22:40:11
5.072 154.976 1396.098 22:40:12
5.064 291.561 1404.878 22:40:13
5.060 371.366 1915.610 22:40:14
5.044 324.780 1680.976 22:40:15
5.060 163.293 823.902 22:40:16
5.072 162.780 1391.707 22:40:17
5.068 245.366 1050.244 22:40:18
5.048 363.268 1760.488 22:40:19
5.068 251.878 1346.829 22:40:20
5.076 148.780 752.195 22:40:21
5.052 327.659 1534.634 22:40:23
5.056 296.463 1287.805 22:40:24
5.068 215.585 1095.610 22:40:25
5.076 163.488 1277.073 22:40:26
5.072 164.195 826.341 22:40:27
5.064 284.683 1018.049 22:40:28
5.056 229.878 1138.049 22:40:29
5.072 165.683 1429.756 22:40:30
5.076 154.073 780.976 22:40:31
5.064 170.488 828.780 22:40:32
5.056 404.366 1672.195 22:40:33
5.072 273.878 1059.024 22:40:34
5.068 214.878 1141.951 22:40:35
5.072 190.585 952.683 22:40:36
5.064 351.561 1329.756 22:40:37
5.072 192.073 1245.854 22:40:38
5.076 173.390 881.463 22:40:39
5.064 250.780 1265.366 22:40:40
5.064 266.683 1307.317 22:40:41
5.068 215.585 1126.341 22:40:42
5.072 317.561 829.756 22:40:43
5.076 221.073 830.244 22:40:44
5.064 339.171 1727.805 22:40:45
5.072 192.878 1040.488 22:40:46
5.072 163.293 831.220 22:40:47
5.068 321.976 1233.171 22:40:48
5.072 208.976 1502.439 22:40:49
5.060 308.463 1273.171 22:40:50
5.064 212.585 1189.268 22:40:51
5.076 153.878 842.439 22:40:52
5.052 505.951 2173.171 22:40:53
5.068 185.585 940.000 22:40:54
5.072 156.878 763.902 22:40:55
5.072 183.780 984.878 22:40:56
5.068 163.780 796.098 22:40:57
5.044 348.366 1316.098 22:40:58
5.068 250.268 1858.049 22:40:59
5.076 152.780 772.195 22:41:00
5.060 327.878 1230.732 22:41:01
5.076 182.780 783.415 22:41:02
5.060 278.878 1677.561 22:41:03
5.064 283.268 1453.659 22:41:04
5.064 198.073 954.146 22:41:05
5.064 250.878 1387.317 22:41:06
5.072 162.976 824.878 22:41:07
5.064 163.390 834.634 22:41:08
5.064 277.171 1306.829 22:41:09
5.068 265.366 1278.537 22:41:10
5.068 163.976 1478.537 22:41:11
5.068 161.488 785.854 22:41:12
5.060 350.756 1643.415 22:41:13
5.064 202.878 1082.927 22:41:14
5.064 343.268 1949.268 22:41:15
5.072 161.780 877.561 22:41:16
5.072 161.683 824.878 22:41:17
5.072 297.976 963.902 22:41:18
5.076 162.488 827.805 22:41:19
5.064 262.976 1245.854 22:41:20
5.072 203.390 1455.610 22:41:21
5.060 339.268 1520.976 22:41:22
5.072 176.780 830.244 22:41:23
5.072 192.683 976.585 22:41:24
5.072 199.171 979.024 22:41:25
5.064 245.585 1236.585 22:41:26
5.056 356.756 1881.463 22:41:27
5.064 279.585 1740.488 22:41:28
5.068 180.073 827.805 22:41:29
5.060 249.878 1570.732 22:41:30
5.060 253.976 1265.854 22:41:31
5.072 204.585 1381.951 22:41:32
5.044 441.366 2085.366 22:41:33
5.064 249.073 1248.293 22:41:34
5.064 253.366 1230.732 22:41:35
5.068 193.293 829.756 22:41:36
5.060 332.659 1688.780 22:41:37
5.060 253.366 1225.366 22:41:38
5.072 163.293 826.341 22:41:39
5.072 208.171 1006.341 22:41:40
5.072 161.976 820.000 22:41:41
5.060 336.171 1708.780 22:41:42
5.052 293.073 1601.463 22:41:43
5.068 203.585 1342.927 22:41:44
5.064 197.171 1006.341 22:41:45
5.072 191.780 936.098 22:41:46
5.068 218.171 1129.268 22:41:47
5.060 243.488 1244.390 22:41:48
5.072 203.488 763.902 22:41:49
5.076 163.293 829.756 22:41:50
5.064 300.561 1241.951 22:41:51
5.076 162.683 820.976 22:41:52
5.068 243.585 1371.707 22:41:53
5.076 163.073 830.244 22:41:54
5.072 258.878 1051.220 22:41:55
5.068 263.683 1273.171 22:41:56
5.072 160.390 930.244 22:41:57
5.068 234.268 1222.927 22:41:58
5.072 163.390 820.976 22:41:59
5.056 209.780 1210.244 22:42:00
5.052 397.561 2136.585 22:42:01
5.068 292.878 1088.780 22:42:02
5.064 250.976 1360.488 22:42:03
5.072 172.293 763.902 22:42:04
5.072 178.488 896.585 22:42:05
5.068 193.488 1090.244 22:42:06
5.072 236.878 1000.000 22:42:07
5.076 151.683 1038.049 22:42:08
5.064 339.756 1431.220 22:42:09
5.076 161.683 820.976 22:42:10
5.068 252.073 1644.878 22:42:11
5.060 155.780 787.317 22:42:12
5.052 262.780 1377.073 22:42:13
5.060 252.878 1617.561 22:42:14
5.072 160.073 777.561 22:42:15
5.064 352.366 1855.610 22:42:16
5.060 226.585 1037.561 22:42:17
5.072 164.390 833.659 22:42:19
5.072 298.561 1046.829 22:42:20
5.056 252.585 1403.415 22:42:21
5.060 304.976 1458.537 22:42:22
5.072 164.073 833.659 22:42:23
5.068 206.268 1006.829 22:42:24
5.068 244.171 1265.366 22:42:25
5.068 246.683 1161.463 22:42:26
5.072 204.073 1503.415 22:42:27
5.076 162.390 834.634 22:42:28
5.072 263.073 826.341 22:42:29
5.060 388.659 1542.439 22:42:30
5.064 250.488 1286.829 22:42:31
5.068 220.488 1107.805 22:42:32
5.060 261.976 1286.829 22:42:33
5.064 195.878 911.707 22:42:34
5.076 272.463 1176.585 22:42:35
5.068 239.488 1672.683 22:42:36
5.060 307.976 1526.341 22:42:37
5.068 286.463 1210.244 22:42:38
5.076 149.585 1120.488 22:42:39
5.068 203.878 1019.024 22:42:40
5.072 164.390 831.220 22:42:41
5.060 338.878 1639.024 22:42:42
5.068 185.780 951.220 22:42:43
5.056 271.780 1007.805 22:42:44
5.064 162.976 1153.171 22:42:45
5.064 305.780 1435.610 22:42:46
5.068 251.683 1274.146 22:42:47
5.068 184.488 958.049 22:42:48
5.072 162.293 830.244 22:42:49
5.072 163.073 831.220 22:42:50
5.044 414.756 1882.927 22:42:51
5.072 228.488 1125.366 22:42:52
5.076 153.976 784.878 22:42:53
5.068 197.488 992.683 22:42:54
5.060 306.976 1663.902 22:42:55
5.076 163.390 829.756 22:42:56
5.068 294.976 1594.634 22:42:57
5.072 161.683 820.976 22:42:58
5.072 163.293 1334.146 22:42:59
5.064 202.171 1026.829 22:43:00
5.072 163.585 825.366 22:43:01
5.064 463.854 2326.341 22:43:02
5.064 250.268 1250.244 22:43:03
5.064 284.366 1744.878 22:43:04
5.064 293.976 1246.829 22:43:05
5.064 216.780 1424.390 22:43:06
5.056 352.171 1736.098 22:43:07
5.072 162.195 821.463 22:43:08
5.068 248.268 1225.854 22:43:09
5.072 220.585 827.317 22:43:10
5.056 343.171 2448.293 22:43:11
5.060 294.683 1683.415 22:43:12
5.076 175.293 1111.707 22:43:13
5.068 279.780 1739.024 22:43:14
5.072 185.976 960.488 22:43:15
5.068 177.585 917.561 22:43:16
5.068 252.488 1281.951 22:43:17
5.064 248.171 1463.415 22:43:18
5.064 469.146 2340.000 22:43:19
5.044 247.171 1787.805 22:43:20
5.072 172.780 1343.415 22:43:21
5.064 287.073 1715.122 22:43:22
5.068 223.976 1161.463 22:43:23
5.068 215.683 866.341 22:43:24
5.064 351.561 1480.976 22:43:25
5.068 163.585 829.756 22:43:26
5.068 211.073 1069.268 22:43:27
5.060 334.756 1696.098 22:43:28
5.056 474.951 1215.610 22:43:29
5.068 244.780 1239.512 22:43:30
5.072 224.878 1503.415 22:43:31
5.056 250.366 1267.805 22:43:32
5.072 161.683 975.122 22:43:33
5.072 162.976 824.878 22:43:34
5.060 287.268 1417.073 22:43:35
5.072 163.585 829.756 22:43:36
5.068 184.390 789.756 22:43:37
5.060 259.585 1303.415 22:43:38
5.060 446.756 1806.341 22:43:39
5.068 284.463 1052.683 22:43:40
5.072 267.878 1557.561 22:43:41
5.068 163.780 830.244 22:43:42
5.068 245.878 1246.829 22:43:43
5.060 327.976 2129.268 22:43:44
5.076 190.073 831.220 22:43:45
5.076 162.683 826.341 22:43:46
5.064 294.463 1480.000 22:43:47
5.072 163.488 830.244 22:43:48
5.060 331.561 1656.585 22:43:49
5.056 286.463 1280.488 22:43:50
5.072 223.390 1090.732 22:43:51
5.068 255.366 1277.073 22:43:52
5.076 161.293 822.439 22:43:53
5.068 182.073 1089.268 22:43:54
5.068 270.268 1682.439 22:43:55
5.072 163.488 829.756 22:43:56
5.072 162.780 826.341 22:43:57
5.068 296.171 1730.244 22:43:58
5.068 225.268 1066.829 22:43:59
5.064 299.268 1598.537 22:44:00
5.072 154.585 783.415 22:44:01
5.060 327.976 1721.463 22:44:02
5.064 245.878 1247.805 22:44:03
5.076 154.390 783.902 22:44:04
5.068 248.073 1218.049 22:44:05
5.076 149.488 760.000 22:44:06
5.060 251.878 1288.293 22:44:07
5.076 163.976 832.195 22:44:08
5.060 369.976 1744.878 22:44:09
5.056 328.561 1759.024 22:44:10
5.068 278.976 1630.244 22:44:11
5.052 355.659 1735.122 22:44:12
5.068 154.683 1061.951 22:44:13
5.068 252.488 1285.854 22:44:15
5.060 325.780 1877.561 22:44:16
5.068 216.268 1095.122 22:44:17
5.056 480.146 2028.293 22:44:18
5.072 262.171 1245.854 22:44:19
5.068 258.585 1312.195 22:44:20
5.068 163.683 1322.927 22:44:21
5.072 149.098 759.512 22:44:22
5.056 405.366 1560.976 22:44:23
5.060 290.683 1275.610 22:44:24
5.064 286.683 1288.293 22:44:25
5.072 163.585 827.805 22:44:26
5.072 163.073 1002.439 22:44:27
5.068 249.268 1337.073 22:44:28
5.064 247.780 829.756 22:44:29
5.068 286.463 1045.366 22:44:30
5.072 164.683 831.220 22:44:31
5.068 269.878 1356.098 22:44:32
5.064 270.683 1444.878 22:44:33
5.060 305.366 1199.512 22:44:34
5.064 245.976 1242.927 22:44:35
5.068 271.976 1466.829 22:44:36
5.060 363.659 1438.049 22:44:37
5.056 289.268 1658.537 22:44:38
5.056 318.878 2089.268 22:44:39
5.072 163.488 829.756 22:44:40
5.076 163.073 827.805 22:44:41
5.068 259.780 1318.537 22:44:42
5.060 318.268 1306.829 22:44:43
5.064 200.293 1373.171 22:44:44
5.072 156.390 791.220 22:44:45
5.076 160.683 1162.927 22:44:46
5.064 216.585 1099.024 22:44:47
5.064 222.268 1110.732 22:44:48
5.072 236.366 1078.049 22:44:49
5.072 163.683 1150.732 22:44:50
5.072 163.293 832.195 22:44:51
5.068 208.976 1061.463 22:44:52
5.072 149.098 752.195 22:44:53
5.064 261.171 1466.829 22:44:54
5.064 354.073 1544.878 22:44:55
5.076 150.390 762.439 22:44:56
5.072 273.683 1077.561 22:44:57
5.064 196.073 1479.512 22:44:58
5.068 253.488 1261.951 22:44:59
5.068 182.976 1316.098 22:45:00
5.072 164.195 832.195 22:45:01
5.068 230.976 1067.805 22:45:02
5.072 267.463 1245.854 22:45:03
5.068 199.171 1026.829 22:45:04
5.068 241.683 1428.293 22:45:05
5.064 217.171 1232.195 22:45:06
5.056 363.366 2212.195 22:45:07
5.068 208.390 1307.317 22:45:08
5.060 298.171 1942.927 22:45:09
5.064 185.976 1440.000 22:45:10
5.064 205.171 1070.732 22:45:11
5.072 341.878 777.073 22:45:12
5.060 342.756 1734.146 22:45:13
5.076 154.683 783.415 22:45:14
5.060 335.171 2118.537 22:45:15
5.072 225.780 1056.585 22:45:16
5.068 245.976 1277.073 22:45:17
5.064 244.488 1285.854 22:45:18
5.076 148.683 752.683 22:45:19
5.052 327.976 1702.927 22:45:20
5.076 163.488 827.805 22:45:21
5.068 247.780 1255.610 22:45:22
5.068 302.268 1580.976 22:45:23
5.072 268.585 972.683 22:45:24
5.060 332.463 1680.976 22:45:25
5.072 154.195 783.415 22:45:26
5.056 320.780 1724.878 22:45:27
5.056 315.976 2008.293 22:45:28
5.064 333.268 2528.780 22:45:29
5.060 306.780 1080.000 22:45:30
5.072 163.683 827.805 22:45:31
5.064 287.780 1440.976 22:45:32
5.072 161.293 827.317 22:45:33
5.056 331.878 1430.732 22:45:34
5.068 245.268 1762.439 22:45:35
5.068 300.683 1393.171 22:45:36
5.072 290.780 1468.780 22:45:37
5.076 178.390 750.244 22:45:38
5.072 171.488 1013.659 22:45:39
5.072 164.073 920.488 22:45:40
5.060 277.366 1418.049 22:45:41
5.064 315.171 1373.171 22:45:42
5.072 194.976 1077.561 22:45:43
5.072 154.293 777.561 22:45:44
5.072 165.488 841.463 22:45:45
5.052 460.146 2348.780 22:45:46
5.060 359.366 1273.171 22:45:47
5.076 222.390 1067.805 22:45:48
5.064 251.878 1280.976 22:45:49
5.076 153.585 782.439 22:45:50
5.056 336.561 2125.854 22:45:51
5.072 199.293 1078.049 22:45:52
5.068 274.976 1096.585 22:45:53
5.072 164.073 902.439 22:45:54
5.064 291.171 1461.951 22:45:55
5.064 255.488 1276.585 22:45:56
5.052 500.659 1683.415 22:45:57
5.072 163.585 825.366 22:45:58
5.076 245.878 1058.049 22:45:59
5.072 181.171 831.220 22:46:00
5.064 312.976 1408.293 22:46:01
5.064 273.366 1669.756 22:46:02
5.068 205.878 763.415 22:46:03
5.072 178.195 836.585 22:46:04
5.048 384.171 2457.073 22:46:05
5.076 201.073 1024.390 22:46:06
5.072 153.195 833.659 22:46:07
5.068 252.171 844.878 22:46:08
5.064 265.268 1265.366 22:46:09
5.072 393.854 1910.244 22:46:11
5.072 187.073 1135.610 22:46:12
5.068 184.390 1118.049 22:46:13
5.052 409.268 1781.463 22:46:14
5.060 337.659 1696.098 22:46:15
5.064 253.780 1286.829 22:46:16
5.068 191.878 961.463 22:46:17
5.060 327.780 1722.927 22:46:18
5.064 298.878 1510.732 22:46:19
5.072 150.585 764.878 22:46:20
5.072 163.683 829.756 22:46:21
5.060 328.463 1657.561 22:46:22
5.072 163.195 827.317 22:46:23
5.072 215.488 1373.171 22:46:24
5.060 284.073 1440.000 22:46:25
5.056 334.878 1987.805 22:46:26
5.068 262.585 828.780 22:46:27
5.072 163.390 828.780 22:46:28
5.068 216.488 1101.951 22:46:29
5.060 243.268 1234.634 22:46:30
5.052 343.878 1239.024 22:46:31
5.072 170.683 823.902 22:46:32
5.072 164.073 822.439 22:46:33
5.052 353.561 1955.610 22:46:34
5.076 162.488 846.341 22:46:35
5.044 391.756 2046.829 22:46:36
5.052 404.854 1771.707 22:46:37
5.068 285.683 1660.976 22:46:38
5.072 163.878 832.683 22:46:39
5.072 202.878 872.195 22:46:40
5.068 302.463 1322.927 22:46:41
5.072 186.171 956.585 22:46:42
5.060 338.756 1673.659 22:46:43
5.072 162.976 831.220 22:46:44
5.060 331.976 1685.366 22:46:45
5.064 252.268 1278.049 22:46:46
5.072 163.390 831.220 22:46:47
5.060 336.366 1707.317 22:46:48
5.076 162.585 1246.829 22:46:49
5.072 265.780 870.244 22:46:50
5.068 267.463 1238.049 22:46:51
5.068 188.171 974.146 22:46:52
5.068 231.878 1028.780 22:46:53
5.068 245.780 1289.756 22:46:54
5.052 301.171 1519.512 22:46:55
5.068 227.268 1295.610 22:46:56
5.064 252.780 923.902 22:46:57
5.068 253.073 1288.293 22:46:58
5.068 246.780 1062.927 22:46:59
5.068 239.366 1301.951 22:47:00
5.056 380.171 2000.488 22:47:01
5.076 177.390 827.805 22:47:02
5.068 201.878 872.195 22:47:03
5.072 299.463 1159.512 22:47:04
5.072 169.390 1106.829 22:47:05
5.064 369.756 1456.098 22:47:06
5.068 223.073 949.268 22:47:07
5.064 230.488 830.244 22:47:08
5.076 161.488 818.537 22:47:09
5.068 330.171 1627.805 22:47:10
5.072 186.976 1122.927 22:47:11
5.072 168.585 1677.561 22:47:12
5.072 177.293 858.537 22:47:13
5.072 182.976 928.780 22:47:14
5.076 162.390 845.366 22:47:15
5.056 363.463 1745.366 22:47:16
5.072 218.171 1610.244 22:47:17
5.064 264.463 1187.805 22:47:18
5.072 164.073 826.341 22:47:19
5.060 248.366 1256.585 22:47:20
5.056 259.976 1336.098 22:47:21
5.072 150.390 756.098 22:47:22
5.068 216.488 1115.122 22:47:23
5.072 208.780 751.220 22:47:24
5.056 341.976 1711.220 22:47:25
5.056 365.463 1909.268 22:47:26
5.068 202.976 1023.902 22:47:27
5.060 305.683 1229.268 22:47:28
5.076 153.488 779.024 22:47:29
5.060 319.268 1706.341 22:47:30
5.072 221.976 1161.951 22:47:31
5.064 282.780 1946.341 22:47:32
5.060 190.683 1214.634 22:47:33
5.076 160.878 833.659 22:47:34
5.072 160.585 819.024 22:47:35
5.064 259.073 1272.195 22:47:36
5.048 519.146 1803.902 22:47:37
5.072 163.390 830.244 22:47:38
5.068 186.780 966.829 22:47:39
5.048 453.756 2041.951 22:47:40
5.064 375.756 2323.415 22:47:41
5.072 196.171 1871.707 22:47:42
5.060 180.171 1156.585 22:47:43
5.072 246.878 1073.171 22:47:44
5.052 425.268 1993.171 22:47:45
5.060 309.268 1557.561 22:47:46
5.072 149.878 1084.390 22:47:47
5.060 346.463 1723.902 22:47:48
5.068 189.390 827.805 22:47:49
5.064 255.780 1461.951 22:47:50
5.060 245.585 1054.146 22:47:51
5.072 163.073 827.317 22:47:52
5.076 187.073 1727.317 22:47:53
5.072 153.585 778.537 22:47:54
5.072 162.195 822.439 22:47:55
5.068 312.073 1309.756 22:47:56
5.068 243.585 1087.805 22:47:57
5.060 292.976 1441.951 22:47:58
5.056 378.854 1643.415 22:47:59
5.068 195.488 967.805 22:48:00
5.064 250.171 1323.415 22:48:01
5.072 163.585 829.756 22:48:02
5.068 195.171 990.244 22:48:03
5.064 190.780 1942.927 22:48:04
5.076 154.073 778.537 22:48:06
5.068 305.780 1492.195 22:48:07
5.052 329.659 2145.366 22:48:08
5.068 424.463 1776.098 22:48:09
5.064 283.073 1608.293 22:48:10
5.072 163.293 829.756 22:48:11
5.064 247.780 1250.244 22:48:12
5.056 332.976 1519.512 22:48:13
5.068 254.780 1127.805 22:48:14
5.068 261.683 2352.195 22:48:15
5.060 289.463 1490.732 22:48:16
5.072 286.561 1312.195 22:48:17
5.072 204.878 761.463 22:48:18
5.076 163.976 826.341 22:48:19
5.060 295.171 1521.951 22:48:20
5.072 193.585 960.000 22:48:21
5.044 368.561 1888.780 22:48:22
5.076 214.390 1034.146 22:48:23
5.064 261.780 1331.707 22:48:24
5.056 331.268 2069.268 22:48:25
5.068 188.073 971.707 22:48:26
5.072 205.390 831.220 22:48:27
5.072 191.585 1000.488 22:48:28
5.064 282.878 1520.976 22:48:29
5.064 209.171 1393.659 22:48:30
5.060 277.976 1424.390 22:48:31
5.068 192.073 831.220 22:48:32
5.076 148.683 750.244 22:48:33
5.076 162.683 772.195 22:48:34
5.068 229.878 1445.854 22:48:35
5.072 177.976 886.341 22:48:36
5.072 171.878 831.220 22:48:37
5.072 277.585 1019.024 22:48:38
5.056 342.366 2118.537 22:48:39
5.064 272.780 1215.610 22:48:40
5.072 210.585 1120.488 22:48:41
5.064 247.683 1598.537 22:48:42
5.072 315.659 982.927 22:48:43
5.064 321.268 1795.122 22:48:44
5.060 256.780 1525.854 22:48:45
5.052 419.951 2092.195 22:48:46
5.048 467.146 2240.488 22:48:47
5.072 184.073 1068.780 22:48:48
5.056 247.585 1240.488 22:48:49
5.076 153.780 780.000 22:48:50
5.060 407.171 2116.585 22:48:51
5.056 251.976 1279.512 22:48:52
5.076 149.683 762.439 22:48:53
5.060 243.878 1240.976 22:48:54
5.072 164.073 831.220 22:48:55
5.060 209.171 1022.927 22:48:56
5.056 306.366 1515.122 22:48:57
5.060 258.878 1282.927 22:48:58
5.072 295.878 1528.780 22:48:59
5.064 235.268 1233.171 22:49:00
5.072 301.683 1228.293 22:49:01
5.068 227.488 1540.976 22:49:02
5.072 201.780 869.756 22:49:03
5.076 163.488 976.585 22:49:04
5.064 312.659 1225.854 22:49:05
5.064 334.976 1769.268 22:49:06
5.060 320.878 1661.463 22:49:07
5.072 213.073 831.220 22:49:08
5.060 333.756 1295.610 22:49:09
5.068 260.976 1274.634 22:49:10
5.064 285.683 1343.415 22:49:11
5.076 164.293 832.195 22:49:12
5.064 198.976 1086.829 22:49:13
5.064 253.780 1284.390 22:49:14
5.068 251.366 1276.585 22:49:15
5.060 251.366 1756.585 22:49:16
5.072 163.878 1325.854 22:49:17
5.064 271.780 1047.805 22:49:18
5.064 243.683 1473.171 22:49:19
5.044 250.488 1254.146 22:49:20
5.060 327.073 1627.317 22:49:21
5.048 436.146 1981.951 22:49:22
5.072 162.780 823.415 22:49:23
5.060 248.488 1326.829 22:49:24
5.060 332.878 1641.463 22:49:25
5.072 217.268 1326.829 22:49:26
5.076 152.976 823.902 22:49:27
5.072 163.683 829.756 22:49:28
5.060 283.268 1439.512 22:49:29
5.044 466.366 2243.415 22:49:30
5.072 224.171 1036.585 22:49:31
5.064 198.390 1298.049 22:49:32
5.064 279.878 1411.220 22:49:33
5.072 245.171 1140.488 22:49:34
5.076 154.293 865.366 22:49:35
5.064 243.878 1235.610 22:49:36
5.052 385.561 1276.585 22:49:37
5.064 309.878 1610.244 22:49:38
5.072 251.683 1112.683 22:49:39
5.060 398.561 2295.610 22:49:40
5.052 269.268 1248.293 22:49:41
5.056 281.268 1985.854 22:49:42
5.072 163.390 1138.049 22:49:43
5.072 163.073 880.976 22:49:44
5.052 400.561 1999.512 22:49:45
5.068 246.366 1490.732 22:49:46
5.072 163.780 829.756 22:49:47
5.068 249.366 1228.293 22:49:48
5.052 326.780 1658.537 22:49:49
5.068 280.585 1684.878 22:49:50
5.056 235.171 1153.171 22:49:51
5.064 398.854 2532.683 22:49:52
5.076 163.390 975.122 22:49:53
5.072 216.073 1097.561 22:49:54
5.056 335.366 1688.780 22:49:55
5.064 301.463 1377.073 22:49:56
5.072 175.293 1278.049 22:49:57
5.056 307.171 2340.976 22:49:58
5.068 274.585 1393.659 22:49:59
5.068 291.878 1358.049 22:50:00
5.068 192.293 938.537 22:50:02
5.064 251.780 1276.585 22:50:03
5.076 212.683 1061.463 22:50:04
5.076 290.073 1066.829 22:50:05
5.072 173.878 828.780 22:50:06
5.060 252.683 1844.390 22:50:07
5.068 232.171 1194.634 22:50:08
5.076 156.195 1166.829 22:50:09
5.064 277.780 2333.659 22:50:10
5.060 330.780 1664.878 22:50:11
5.064 269.878 1418.049 22:50:12
5.060 324.073 1407.317 22:50:13
5.068 163.293 876.585 22:50:14
5.060 373.659 1722.927 22:50:15
5.072 227.488 1185.854 22:50:16
5.056 248.268 829.756 22:50:17
5.060 261.073 1274.146 22:50:18
5.064 165.390 831.220 22:50:19
5.072 163.780 834.634 22:50:20
5.064 247.073 1252.195 22:50:21
5.068 195.073 1508.293 22:50:22
5.072 261.268 942.927 22:50:23
5.068 224.585 1131.707 22:50:24
5.072 163.976 829.756 22:50:25
5.060 242.585 1245.854 22:50:26
5.060 274.171 1874.146 22:50:27
5.064 275.463 1065.366 22:50:28
5.072 225.683 1118.049 22:50:29
5.068 213.488 879.024 22:50:30
5.076 164.195 832.195 22:50:31
5.060 201.171 1525.854 22:50:32
5.072 162.390 823.902 22:50:33
5.064 274.683 1470.732 22:50:34
5.072 203.390 760.000 22:50:35
5.068 152.488 777.073 22:50:36
5.060 331.976 1695.122 22:50:37
5.060 357.073 1763.902 22:50:38
5.064 302.268 1985.366 22:50:39
5.076 195.683 896.098 22:50:40
5.072 264.171 1528.293 22:50:41
5.060 306.171 1270.732 22:50:42
5.076 276.780 1192.683 22:50:43
5.072 164.073 831.220 22:50:44
5.060 292.780 1520.976 22:50:45
5.072 195.780 1190.732 22:50:46
5.068 190.683 840.000 22:50:47
5.072 163.878 830.244 22:50:48
5.072 195.683 1080.000 22:50:49
5.068 162.780 885.366 22:50:50
5.068 195.976 980.488 22:50:51
5.060 302.780 2083.415 22:50:52
5.072 163.073 824.878 22:50:53
5.076 199.780 1061.463 22:50:54
5.072 189.293 1167.805 22:50:55
5.072 191.585 1227.805 22:50:56
5.064 285.878 1391.707 22:50:57
5.068 248.488 1240.488 22:50:58
5.052 274.585 1632.683 22:50:59
5.060 292.683 1489.756 22:51:00
5.072 277.683 1181.951 22:51:01
5.068 287.878 1250.244 22:51:02
5.068 203.171 986.341 22:51:03
5.072 211.780 777.561 22:51:04
5.056 337.268 1643.415 22:51:05
5.068 244.366 1333.171 22:51:06
5.052 334.073 1735.122 22:51:07
5.068 157.293 783.415 22:51:08
5.072 204.293 1029.268 22:51:09
5.072 163.976 832.195 22:51:10
5.068 217.585 970.244 22:51:11
5.060 270.780 1383.415 22:51:12
5.068 208.390 1133.171 22:51:13
5.052 339.756 1732.683 22:51:14
5.076 162.780 826.341 22:51:15
5.064 276.878 832.195 22:51:16
5.072 163.390 827.805 22:51:17
5.068 205.878 1075.122 22:51:18
5.068 328.780 1245.366 22:51:19
5.076 163.488 828.780 22:51:20
5.068 172.293 834.634 22:51:21
5.072 166.488 840.000 22:51:22
5.068 285.268 1276.585 22:51:23
5.064 252.488 1274.634 22:51:24
5.064 286.366 1494.634 22:51:25
5.060 252.683 1277.073 22:51:26
5.076 162.878 831.220 22:51:27
5.072 215.171 824.878 22:51:28
5.064 252.488 1278.537 22:51:29
5.052 645.732 2427.317 22:51:30
5.060 386.854 1664.878 22:51:31
5.072 197.073 962.927 22:51:32
5.068 233.268 941.463 22:51:33
5.072 183.878 1267.805 22:51:34
5.060 152.878 924.878 22:51:35
5.072 174.585 934.146 22:51:36
5.060 416.659 2100.488 22:51:37
5.072 163.878 832.195 22:51:38
5.072 250.585 1174.634 22:51:39
5.072 203.171 1043.902 22:51:40
5.072 246.976 940.488 22:51:41
5.068 211.171 1017.561 22:51:42
5.076 163.878 829.756 22:51:43
5.072 206.780 1057.561 22:51:44
5.064 252.585 1276.585 22:51:45
5.068 218.488 1069.268 22:51:46
5.064 328.073 1953.171 22:51:47
5.068 163.780 830.244 22:51:48
5.068 193.171 1444.878 22:51:49
5.068 303.171 1516.098 22:51:50
5.068 299.976 823.902 22:51:51
5.072 178.683 939.024 22:51:52
5.076 187.780 914.146 22:51:53
5.072 187.293 945.366 22:51:54
5.048 323.268 1660.000 22:51:55
5.060 241.585 1324.390 22:51:57
5.072 147.878 752.683 22:51:58
5.056 399.659 1717.561 22:51:59
5.068 253.683 831.220 22:52:00
5.076 162.488 824.878 22:52:01
5.072 246.366 1248.293 22:52:02
5.064 291.683 1169.268 22:52:03
5.064 280.073 1927.805 22:52:04
5.068 246.976 1229.268 22:52:05
5.072 152.488 769.756 22:52:06
5.060 165.073 836.585 22:52:07
5.068 153.878 918.537 22:52:08
5.052 413.951 2062.927 22:52:09
5.064 252.976 1422.439 22:52:10
5.072 198.390 1004.878 22:52:11
5.060 288.561 1672.683 22:52:12
5.072 153.976 1552.683 22:52:13
5.068 176.293 930.244 22:52:14
5.052 364.463 1823.902 22:52:15
5.076 152.683 777.561 22:52:16
5.068 253.976 1753.659 22:52:17
5.072 176.878 1258.049 22:52:18
5.068 244.683 1239.512 22:52:19
5.056 411.268 1703.902 22:52:20
5.076 251.878 840.000 22:52:21
5.068 275.683 1280.488 22:52:22
5.064 260.585 1280.488 22:52:23
5.072 194.073 1277.073 22:52:24
5.064 380.463 1821.463 22:52:25
5.072 154.585 780.976 22:52:26
5.060 300.878 1514.634 22:52:27
5.072 172.780 865.366 22:52:28
5.068 178.195 1429.268 22:52:29
5.056 292.366 1378.049 22:52:30
5.068 197.683 1135.610 22:52:31
5.076 155.073 781.463 22:52:32
5.068 245.488 1246.829 22:52:33
5.064 367.659 1038.049 22:52:34
5.064 242.366 1629.756 22:52:35
5.072 154.488 1099.024 22:52:36
5.052 344.268 2125.854 22:52:37
5.064 214.585 967.805 22:52:38
5.072 244.976 1321.951 22:52:39
5.060 250.488 1280.976 22:52:40
5.068 244.683 1263.415 22:52:41
5.072 192.976 1003.902 22:52:42
5.064 244.976 1239.512 22:52:43
5.072 162.195 823.902 22:52:44
5.072 198.488 1008.780 22:52:45
5.072 164.293 832.195 22:52:46
5.064 162.488 783.415 22:52:47
5.064 272.878 2393.659 22:52:48
5.064 284.171 1337.073 22:52:49
5.060 244.268 1227.805 22:52:50
5.068 255.366 1284.390 22:52:51
5.072 196.878 782.439 22:52:52
5.068 202.976 1081.463 22:52:53
5.072 154.585 775.122 22:52:54
5.064 266.683 1331.707 22:52:55
5.056 352.171 1827.805 22:52:56
5.064 288.463 1277.073 22:52:57
5.072 163.390 829.756 22:52:58
5.056 330.561 1880.488 22:52:59
5.056 341.366 1727.317 22:53:00
5.056 339.268 1670.244 22:53:01
5.064 250.268 1511.220 22:53:02
5.064 252.683 1377.073 22:53:03
5.052 507.854 2089.268 22:53:04
5.072 257.780 1061.951 22:53:05
5.076 163.293 832.195 22:53:06
5.052 380.366 2105.366 22:53:07
5.060 326.878 1734.146 22:53:08
5.068 216.268 1101.951 22:53:09
5.076 163.878 1070.732 22:53:10
5.068 290.561 1207.805 22:53:11
5.072 150.293 763.415 22:53:12
5.068 229.683 1138.049 22:53:13
5.064 221.780 1122.927 22:53:14
5.072 219.780 951.220 22:53:15
5.072 182.488 1498.537 22:53:16
5.068 306.268 1167.805 22:53:17
5.064 250.585 1618.537 22:53:18
5.064 395.561 1438.537 22:53:19
5.064 292.878 1793.659 22:53:20
5.064 251.976 1274.146 22:53:21
5.068 285.171 1255.610 22:53:22
5.064 327.976 1418.049 22:53:23
5.068 243.585 1235.610 22:53:24
5.068 250.488 834.634 22:53:25
5.068 206.976 1484.390 22:53:26
5.068 191.585 1281.951 22:53:27
5.068 278.683 900.976 22:53:28
5.060 250.488 1739.024 22:53:29
5.056 368.659 1805.366 22:53:30
5.060 321.073 1191.707 22:53:31
5.048 297.171 1223.415 22:53:32
5.068 251.780 1250.732 22:53:33
5.068 254.683 1285.854 22:53:34
5.064 294.878 1446.829 22:53:35
5.056 284.463 1284.390 22:53:36
5.060 341.756 1736.098 22:53:37
5.064 278.585 1410.732 22:53:38
5.064 239.488 1265.366 22:53:39
5.064 338.268 2313.171 22:53:40
5.068 252.366 1282.927 22:53:41
5.064 252.488 1281.951 22:53:42
5.060 238.171 1153.171 22:53:43
5.064 282.268 1334.146 22:53:44
5.076 162.390 825.366 22:53:45
5.060 330.976 1693.659 22:53:46
5.064 295.171 1097.561 22:53:47
5.056 316.268 1574.634 22:53:48
5.072 164.390 1003.902 22:53:49
5.072 162.073 822.439 22:53:50
5.064 246.488 1389.268 22:53:51
5.068 245.585 1236.585 22:53:53
5.068 219.073 1086.341 22:53:54
5.064 292.171 1413.659 22:53:55
5.068 243.585 1349.268 22:53:56
5.048 500.463 2125.854 22:53:57
5.064 312.171 1437.073 22:53:58
5.072 286.463 831.220 22:53:59
5.060 302.976 1510.732 22:54:00
5.072 149.976 1009.268 22:54:01
5.068 227.073 1852.683 22:54:02
5.056 490.146 2263.415 22:54:03
5.060 332.268 1672.683 22:54:04
5.072 197.171 995.610 22:54:05
5.072 214.683 961.463 22:54:06
5.068 285.976 1403.415 22:54:07
5.064 355.756 1645.854 22:54:08
5.072 163.195 827.805 22:54:09
5.072 246.268 829.756 22:54:10
5.060 334.659 1717.561 22:54:11
5.064 252.488 1504.390 22:54:12
5.072 169.683 924.878 22:54:13
5.068 223.488 1141.951 22:54:14
5.060 283.463 1545.854 22:54:15
5.064 198.390 1123.902 22:54:16
5.064 280.683 1401.951 22:54:17
5.060 205.683 1026.829 22:54:18
5.072 164.683 832.195 22:54:19
5.068 163.488 831.220 22:54:20
5.068 303.780 1066.829 22:54:21
5.068 228.390 1093.171 22:54:22
5.068 194.390 983.902 22:54:23
5.064 275.268 1084.390 22:54:24
5.072 186.171 977.561 22:54:25
5.068 252.878 1105.366 22:54:26
5.076 249.073 1260.976 22:54:27
5.072 278.268 1526.341 22:54:28
5.072 164.195 832.683 22:54:29
5.064 252.878 1158.049 22:54:30
5.056 336.756 1278.537 22:54:31
5.068 250.878 1251.707 22:54:32
5.072 163.390 1292.195 22:54:33
5.068 163.780 830.244 22:54:34
5.060 291.683 1523.415 22:54:35
5.060 253.976 1380.976 22:54:36
5.068 173.073 876.098 22:54:37
5.068 163.878 832.683 22:54:38
5.072 224.878 837.561 22:54:39
5.056 334.463 1846.341 22:54:40
5.064 270.366 1278.049 22:54:41
5.064 316.366 1545.854 22:54:42
5.072 169.878 920.488 22:54:43
5.056 266.073 1780.000 22:54:44
5.060 164.195 833.659 22:54:45
5.060 413.049 1761.463 22:54:46
5.068 246.366 1252.195 22:54:47
5.060 362.756 1929.268 22:54:48
5.060 410.854 1727.805 22:54:49
5.072 161.976 817.561 22:54:50
5.060 467.463 2042.927 22:54:51
5.064 305.366 1546.341 22:54:52
5.072 156.488 785.854 22:54:53
5.068 164.683 836.098 22:54:54
5.072 169.195 822.439 22:54:55
5.064 263.171 1221.951 22:54:56
5.056 344.171 1696.098 22:54:57
5.072 149.878 791.220 22:54:58
5.068 251.268 1354.634 22:54:59
5.076 163.878 827.805 22:55:00
5.052 369.976 1734.146 22:55:01
5.068 235.488 1212.195 22:55:02
5.072 155.585 795.122 22:55:03
5.052 388.268 2120.488 22:55:04
5.064 288.073 1696.585 22:55:05
5.072 243.585 1795.122 22:55:06
5.072 194.976 1029.268 22:55:07
5.072 163.878 831.220 22:55:08
5.064 304.073 1274.146 22:55:09
5.068 228.683 1152.683 22:55:10
5.060 278.171 1396.098 22:55:11
5.068 218.780 1150.732 22:55:12
5.056 368.463 1637.561 22:55:13
5.064 250.073 1390.732 22:55:14
5.068 181.293 948.780 22:55:15
5.060 327.878 1994.146 22:55:16
5.064 273.463 1298.049 22:55:17
5.068 250.585 1344.878 22:55:18
5.060 326.171 1697.561 22:55:19
5.056 333.756 1851.707 22:55:20
5.060 302.976 1453.171 22:55:21
5.068 227.073 1210.244 22:55:22
5.072 162.488 822.439 22:55:23
5.072 165.293 840.000 22:55:24
5.068 172.488 871.220 22:55:25
5.060 275.366 1537.561 22:55:26
5.064 248.366 1238.049 22:55:27
5.052 361.854 2129.756 22:55:28
5.072 164.293 944.878 22:55:29
5.080 163.488 833.659 22:55:30
5.060 284.463 1448.780 22:55:31
5.072 163.976 830.244 22:55:32
5.068 253.171 1326.829 22:55:33
5.076 163.683 830.244 22:55:34
5.076 162.073 822.439 22:55:35
5.056 249.366 1250.732 22:55:36
5.064 253.878 1299.512 22:55:37
5.052 390.756 2012.683 22:55:38
5.048 472.659 1938.049 22:55:39
5.072 149.780 760.000 22:55:40
5.060 328.463 1663.415 22:55:41
5.064 248.171 2268.293 22:55:42
5.068 279.585 1638.537 22:55:43
5.060 278.366 1585.854 22:55:44
5.072 162.293 822.439 22:55:45
5.064 194.585 1060.000 22:55:46
5.072 163.488 830.244 22:55:47
5.072 294.780 1234.634 22:55:49
5.052 353.878 1675.122 22:55:50
5.068 261.780 1247.805 22:55:51
5.064 223.585 1082.927 22:55:52
5.072 166.585 851.220 22:55:53
5.072 164.488 1796.098 22:55:54
5.072 160.683 820.976 22:55:55
5.068 167.488 1025.366 22:55:56
5.068 252.780 1276.585 22:55:57
5.064 282.366 1426.829 22:55:58
5.060 338.976 1815.122 22:55:59
5.076 163.195 828.780 22:56:00
5.068 249.366 1687.805 22:56:01
5.064 282.073 1430.732 22:56:02
5.072 239.171 1107.805 22:56:03
5.068 223.976 1363.415 22:56:04
5.072 164.195 920.000 22:56:05
5.072 181.683 893.659 22:56:06
5.044 454.951 2302.439 22:56:07
5.076 162.878 829.756 22:56:08
5.064 280.171 1921.951 22:56:09
5.052 332.463 1652.683 22:56:10
5.072 176.585 830.244 22:56:11
5.056 347.878 1780.000 22:56:12
5.072 164.073 1575.122 22:56:13
5.076 163.488 830.244 22:56:14
5.048 408.854 2120.488 22:56:15
5.068 235.171 1076.585 22:56:16
5.064 328.171 1652.683 22:56:17
5.060 331.780 1632.683 22:56:18
5.072 173.488 750.244 22:56:19
5.064 251.073 1242.927 22:56:20
5.072 163.683 834.634 22:56:21
5.060 303.171 1554.634 22:56:22
5.076 163.683 1090.732 22:56:23
5.068 201.878 921.463 22:56:24
5.052 333.268 1707.317 22:56:25
5.076 163.585 823.902 22:56:26
5.064 278.171 1062.927 22:56:27
5.068 275.171 1245.854 22:56:28
5.068 330.878 1622.439 22:56:29
5.056 355.756 2279.512 22:56:30
5.072 198.780 991.707 22:56:31
5.072 152.976 957.561 22:56:32
5.060 293.683 1457.073 22:56:33
5.064 265.878 1263.415 22:56:34
5.068 279.366 1436.098 22:56:35
5.056 341.171 1882.927 22:56:36
5.072 162.780 1274.634 22:56:37
5.068 228.585 1159.024 22:56:38
5.068 248.073 1333.171 22:56:39
5.068 252.488 1371.707 22:56:40
5.072 198.976 830.244 22:56:41
5.072 152.098 772.195 22:56:42
5.064 229.585 1157.073 22:56:43
5.072 199.878 931.707 22:56:44
5.064 157.683 799.024 22:56:45
5.056 416.049 2099.024 22:56:46
5.060 342.878 1700.976 22:56:47
5.064 244.683 1234.146 22:56:48
5.064 252.073 1528.293 22:56:49
5.076 166.073 831.220 22:56:50
5.060 275.683 1266.829 22:56:51
5.056 452.854 2452.195 22:56:52
5.068 163.878 832.195 22:56:53
5.068 253.171 1592.683 22:56:54
5.060 294.171 1500.976 22:56:55
5.064 248.366 1260.488 22:56:56
5.052 411.951 1869.268 22:56:57
5.064 261.585 1231.707 22:56:58
5.068 336.976 1256.585 22:56:59
5.064 328.561 2032.683 22:57:00
5.068 271.366 1508.293 22:57:01
5.064 334.463 1656.585 22:57:02
5.052 339.171 1297.073 22:57:03
5.056 243.878 1269.756 22:57:04
5.064 251.366 1460.000 22:57:05
5.072 164.390 828.780 22:57:06
5.076 163.878 829.756 22:57:07
5.060 481.561 2448.293 22:57:08
5.060 267.268 1377.073 22:57:09
5.060 408.756 1663.415 22:57:10
5.072 182.878 830.244 22:57:11
5.076 164.390 897.561 22:57:12
5.068 349.463 1723.902 22:57:13
5.068 201.390 1026.829 22:57:14
5.060 324.878 1836.585 22:57:15
5.068 252.976 1284.390 22:57:16
5.076 180.390 1234.634 22:57:17
5.072 163.683 830.244 22:57:18
5.068 361.854 1270.732 22:57:19
5.068 292.366 1219.512 22:57:20
5.064 274.171 1374.634 22:57:21
5.072 234.073 1307.317 22:57:22
5.068 245.268 1681.463 22:57:23
5.068 211.268 1067.805 22:57:24
5.060 486.366 2472.683 22:57:25
5.068 248.585 1317.073 22:57:26
5.068 214.780 1022.439 22:57:27
5.064 303.561 1672.683 22:57:28
5.060 251.878 1276.585 22:57:29
5.076 208.073 1236.585 22:57:30
5.060 297.976 1453.171 22:57:31
5.064 246.683 1246.829 22:57:32
5.060 289.366 1468.293 22:57:33
5.072 283.463 1165.366 22:57:34
5.076 155.488 786.341 22:57:35
5.064 310.976 1220.488 22:57:36
5.076 223.073 1030.244 22:57:37
5.064 268.585 1240.976 22:57:38
5.072 151.683 1170.244 22:57:39
5.052 418.268 2021.463 22:57:40
5.060 304.268 1472.195 22:57:41
5.068 216.976 1099.024 22:57:42
5.060 331.780 1699.024 22:57:43
5.072 297.780 899.024 22:57:44
5.076 162.878 830.244 22:57:46
5.064 288.561 1384.390 22:57:47
5.068 227.488 1205.366 22:57:48
5.068 348.561 1278.537 22:57:49
5.064 259.878 1332.195 22:57:50
5.064 227.268 1097.561 22:57:51
5.076 152.585 780.000 22:57:52
5.060 339.659 1704.878 22:57:53
5.068 204.293 1431.220 22:57:54
5.064 253.683 1439.512 22:57:55
5.064 338.073 1716.098 22:57:56
5.060 495.659 2395.122 22:57:57
5.060 347.073 2406.341 22:57:58
5.064 249.366 1261.951 22:57:59
5.068 198.293 958.049 22:58:00
5.060 277.878 1405.854 22:58:01
5.060 365.756 1695.122 22:58:02
5.076 170.585 1040.488 22:58:03
5.072 176.390 822.439 22:58:04
5.072 185.171 957.561 22:58:05
5.060 276.976 1079.024 22:58:06
5.064 246.366 1325.854 22:58:07
5.060 340.171 1352.195 22:58:08
5.056 264.780 1294.146 22:58:09
5.068 214.976 1146.829 22:58:10
5.064 289.561 1342.927 22:58:11
5.072 162.780 829.756 22:58:12
5.064 279.073 1379.512 22:58:13
5.060 251.878 1626.341 22:58:14
5.072 149.585 1032.683 22:58:15
5.056 334.659 1721.463 22:58:16
5.068 325.659 1680.976 22:58:17
5.076 154.195 763.902 22:58:18
5.052 394.268 2001.463 22:58:19
5.068 149.683 1048.780 22:58:20
5.056 245.366 1660.000 22:58:21
5.060 348.756 1804.878 22:58:22
5.068 224.390 1140.488 22:58:23
5.060 245.366 1240.488 22:58:24
5.060 225.585 1637.073 22:58:25
5.068 322.659 1518.537 22:58:26
5.060 286.683 1660.000 22:58:27
5.076 192.585 1060.000 22:58:28
5.064 292.780 1276.585 22:58:29
5.076 258.366 848.780 22:58:30
5.072 200.780 1061.951 22:58:31
5.060 439.951 2329.756 22:58:32
5.068 216.390 1093.171 22:58:33
5.068 273.073 1380.488 22:58:34
5.072 163.683 833.659 22:58:35
5.072 206.171 1174.146 22:58:36
5.052 376.171 1973.171 22:58:37
5.072 160.780 806.341 22:58:38
5.072 277.585 1424.878 22:58:39
5.072 164.195 862.439 22:58:40
5.060 332.463 1490.732 22:58:41
5.060 342.659 1724.878 22:58:42
5.072 164.195 833.659 22:58:43
5.064 213.488 954.146 22:58:44
5.068 306.878 1631.220 22:58:45
5.068 232.488 1191.707 22:58:46
5.052 330.878 2403.415 22:58:47
5.076 163.976 963.902 22:58:48
5.068 250.976 1318.537 22:58:49
5.064 245.268 1244.390 22:58:50
5.068 200.585 952.683 22:58:51
5.064 345.659 1245.854 22:58:52
5.064 334.878 1679.024 22:58:53
5.076 151.098 761.463 22:58:54
5.060 342.463 1736.098 22:58:55
5.040 397.756 1999.024 22:58:56
5.072 163.585 828.780 22:58:57
5.072 245.683 1716.098 22:58:58
5.068 265.878 1284.390 22:58:59
5.064 253.171 1274.634 22:59:00
5.052 404.561 2432.195 22:59:01
5.072 163.878 831.220 22:59:02
5.060 326.561 1761.463 22:59:03
5.072 172.488 871.220 22:59:04
5.076 163.195 1248.293 22:59:05
5.064 254.366 1293.171 22:59:06
5.072 154.195 784.878 22:59:07
5.064 222.073 1462.439 22:59:08
5.076 164.976 836.098 22:59:09
5.060 288.366 1765.366 22:59:10
5.068 245.683 1242.927 22:59:11
5.076 164.073 832.683 22:59:12
5.064 353.561 1727.317 22:59:13
5.068 228.073 1155.610 22:59:14
5.068 215.976 1096.585 22:59:15
5.072 177.585 884.878 22:59:16
5.052 329.780 1267.805 22:59:17
5.068 255.268 1289.756 22:59:18
5.064 324.366 2211.707 22:59:19
5.060 259.976 1321.951 22:59:20
5.072 277.683 1599.024 22:59:21
5.064 246.488 1264.390 22:59:22
5.064 270.878 1282.927 22:59:23
5.064 251.268 1280.488 22:59:24
5.064 250.171 1247.805 22:59:25
5.076 164.585 1244.390 22:59:26
5.068 160.073 1238.049 22:59:27
5.068 191.683 1271.707 22:59:28
5.068 251.585 1281.951 22:59:29
5.052 401.463 1707.317 22:59:30
5.060 336.878 1782.439 22:59:31
5.064 348.878 1367.317 22:59:32
5.068 218.585 1101.951 22:59:33
5.068 241.488 1380.488 22:59:34
5.056 340.268 1735.122 22:59:35
5.064 250.073 1688.780 22:59:36
5.064 292.683 1481.951 22:59:37
5.068 184.293 1313.171 22:59:38
5.068 249.073 1265.854 22:59:39
5.056 341.976 1731.707 22:59:41
5.056 253.268 1248.293 22:59:42
5.068 192.780 1002.927 22:59:43
5.072 162.073 824.878 22:59:44
5.072 202.780 1083.902 22:59:45
5.064 293.463 1305.854 22:59:46
5.068 245.171 1294.146 22:59:47
5.072 154.976 785.854 22:59:48
5.072 153.098 831.220 22:59:49
5.068 254.073 1265.366 22:59:50
5.048 402.073 1293.171 22:59:51
5.072 161.976 819.024 22:59:52
5.064 246.366 1250.732 22:59:53
5.072 180.585 942.439 22:59:54
5.072 161.976 849.756 22:59:55
5.064 251.683 1273.171 22:59:56
5.064 253.976 1281.951 22:59:57
5.072 176.878 932.683 22:59:58
5.056 390.659 1235.610 22:59:59
5.072 218.268 781.463 23:00:00
5.052 411.463 2110.732 23:00:01
5.064 252.878 1288.293 23:00:02
5.072 186.171 1050.244 23:00:03
5.068 192.780 909.756 23:00:04
5.068 252.780 1269.756 23:00:05
5.048 303.366 1352.195 23:00:06
5.068 345.366 1283.415 23:00:07
5.076 204.976 1303.415 23:00:08
5.056 373.073 1791.220 23:00:09
5.072 164.585 834.634 23:00:10
5.064 245.073 1261.951 23:00:11
5.060 285.268 1401.951 23:00:12
5.056 301.878 1460.000 23:00:13
5.064 259.171 1286.829 23:00:14
5.060 326.780 2009.268 23:00:15
5.060 289.561 1402.439 23:00:16
5.068 192.976 986.829 23:00:17
5.072 318.171 1255.610 23:00:18
5.072 162.293 824.878 23:00:19
5.060 345.463 1950.732 23:00:20
5.068 252.488 1282.927 23:00:21
5.068 251.073 1277.073 23:00:22
5.060 439.146 2125.366 23:00:23
5.068 212.390 1083.902 23:00:24
5.068 223.488 1094.146 23:00:25
5.056 380.561 1337.073 23:00:26
5.072 262.171 832.195 23:00:27
5.064 270.878 1247.805 23:00:28
5.064 252.073 1285.366 23:00:29
5.064 209.390 1227.805 23:00:30
5.060 308.976 1317.073 23:00:31
5.072 163.293 832.195 23:00:32
5.068 162.390 829.756 23:00:33
5.072 181.976 938.537 23:00:34
5.048 429.049 1879.024 23:00:35
5.076 164.878 765.854 23:00:36
5.064 331.171 1703.902 23:00:37
5.068 247.683 1259.512 23:00:38
5.068 224.268 833.659 23:00:39
5.068 339.659 1720.976 23:00:40
5.064 290.878 1204.390 23:00:41
5.064 253.976 1274.634 23:00:42
5.044 416.171 1704.878 23:00:43
5.060 251.488 1302.927 23:00:44
5.052 414.854 2129.756 23:00:45
5.076 163.488 829.756 23:00:46
5.072 163.976 829.756 23:00:47
5.068 253.976 1244.390 23:00:48
5.068 207.171 1525.854 23:00:49
5.064 250.976 1269.268 23:00:50
5.052 429.268 1976.585 23:00:51
5.056 326.463 1637.073 23:00:52
5.068 248.878 1241.951 23:00:53
5.072 200.390 1882.927 23:00:54
5.068 246.976 1240.488 23:00:55
5.060 329.976 1652.683 23:00:56
5.068 253.488 1281.951 23:00:57
5.064 287.683 1439.512 23:00:58
5.068 319.268 1429.756 23:00:59
5.060 263.976 1716.585 23:01:00
5.060 247.976 1232.195 23:01:01
5.060 343.659 1340.976 23:01:02
5.056 337.878 1550.732 23:01:03
5.060 368.463 1505.854 23:01:04
5.064 263.878 1398.537 23:01:05
5.064 248.366 1509.756 23:01:06
5.056 447.659 2119.512 23:01:07
5.060 292.683 1515.122 23:01:08
5.060 448.268 1409.756 23:01:09
5.068 214.683 1113.171 23:01:10
5.048 457.049 2125.366 23:01:11
5.072 163.878 965.366 23:01:12
5.072 165.293 830.244 23:01:13
5.068 245.366 1274.634 23:01:14
5.072 164.488 1187.805 23:01:15
5.068 164.195 926.341 23:01:16
5.064 245.268 1280.976 23:01:17
5.068 180.585 851.220 23:01:18
5.052 427.854 1992.683 23:01:19
5.072 165.390 1196.585 23:01:20
5.072 199.293 1165.366 23:01:21
5.072 203.878 1033.171 23:01:22
5.072 163.683 830.244 23:01:23
5.068 199.073 1075.122 23:01:24
5.068 282.976 1464.878 23:01:25
5.064 251.878 1280.976 23:01:26
5.064 245.488 1583.902 23:01:27
5.068 391.561 1690.244 23:01:28
5.068 313.463 1620.976 23:01:29
5.068 211.171 1074.146 23:01:30
5.060 283.463 1594.634 23:01:31
5.068 247.268 1804.878 23:01:32
5.048 356.976 1698.537 23:01:33
5.072 223.073 836.585 23:01:34
5.052 284.976 1264.390 23:01:35
5.060 287.878 1982.927 23:01:37
5.068 247.171 1610.244 23:01:38
5.064 300.976 1403.415 23:01:39
5.064 252.878 1279.512 23:01:40
5.064 186.488 891.707 23:01:41
5.076 152.293 772.195 23:01:42
5.060 332.561 1691.220 23:01:43
5.064 293.171 956.098 23:01:44
5.060 329.780 1307.317 23:01:45
5.068 233.780 1012.683 23:01:46
5.064 298.561 1517.561 23:01:47
5.052 505.049 2087.805 23:01:48
5.076 148.488 755.122 23:01:49
5.048 421.854 2184.878 23:01:50
5.068 217.073 1405.854 23:01:51
5.068 151.098 768.293 23:01:52
5.076 163.585 827.805 23:01:53
5.076 197.073 1025.366 23:01:54
5.060 393.171 2294.634 23:01:55
5.072 163.488 931.707 23:01:56
5.052 251.366 1256.585 23:01:57
5.068 246.488 1262.927 23:01:58
5.076 150.878 764.878 23:01:59
5.064 306.073 1719.024 23:02:00
5.076 181.073 786.341 23:02:01
5.052 367.756 1825.366 23:02:02
5.056 428.854 1890.244 23:02:03
5.068 163.780 827.805 23:02:04
5.060 338.171 1277.073 23:02:05
5.060 253.366 1284.390 23:02:06
5.072 215.780 1152.683 23:02:07
5.068 243.073 1242.927 23:02:08
5.076 150.780 765.854 23:02:09
5.072 195.293 1000.000 23:02:10
5.052 373.268 2029.268 23:02:11
5.072 200.390 2123.415 23:02:12
5.060 331.073 1710.244 23:02:13
5.072 163.683 832.683 23:02:14
5.064 163.683 830.244 23:02:15
5.056 344.366 1770.244 23:02:16
5.076 154.780 780.976 23:02:17
5.064 256.171 1297.073 23:02:18
5.076 163.878 828.780 23:02:19
5.072 163.780 828.780 23:02:20
5.064 267.463 1015.610 23:02:21
5.072 163.488 830.244 23:02:22
5.064 250.366 1276.585 23:02:23
5.072 162.683 827.805 23:02:24
5.072 151.780 770.244 23:02:25
5.068 215.073 1095.610 23:02:26
5.076 147.293 754.634 23:02:27
5.076 161.390 818.537 23:02:28
5.072 161.390 819.024 23:02:29
5.072 148.390 746.341 23:02:30
5.076 146.488 750.244 23:02:31
5.076 147.585 750.244 23:02:32
5.068 225.488 1146.341 23:02:33
5.072 148.780 754.634 23:02:34
5.076 146.683 742.439 23:02:35
5.072 161.976 823.902 23:02:36
5.072 146.878 743.902 23:02:37
5.076 148.390 744.878 23:02:38
5.076 146.976 745.854 23:02:39
5.072 162.293 827.317 23:02:40
5.068 188.976 951.220 23:02:41
5.076 146.488 748.780 23:02:42
