5.060 327.293 1654.390 07:40:25
5.076 171.390 869.268 07:40:26
5.076 143.793 734.390 07:40:27
5.072 241.793 1240.000 07:40:28
5.076 256.085 1038.293 07:40:29
5.076 144.500 729.268 07:40:30
5.076 148.390 749.268 07:40:31
5.076 144.598 730.000 07:40:32
5.076 158.500 806.341 07:40:33
5.072 148.390 753.171 07:40:34
5.060 350.988 1771.951 07:40:35
5.076 146.000 742.195 07:40:36
5.076 143.695 732.927 07:40:38
5.076 149.390 761.951 07:40:39
5.076 144.598 730.976 07:40:40
5.052 399.598 1642.439 07:40:41
5.072 193.793 1012.195 07:40:42
5.076 260.488 837.561 07:40:43
5.076 144.195 737.805 07:40:44
5.076 144.890 730.000 07:40:45
5.076 160.195 808.049 07:40:46
5.076 144.195 734.146 07:40:47
5.076 180.793 805.610 07:40:48
5.072 173.390 1048.293 07:40:49
5.072 239.195 1192.439 07:40:50
5.076 143.695 732.927 07:40:51
5.076 144.793 730.000 07:40:52
5.060 330.183 1887.317 07:40:53
5.076 144.598 738.780 07:40:54
5.076 143.793 732.927 07:40:55
5.076 159.098 806.098 07:40:56
5.076 144.293 733.415 07:40:57
5.056 295.585 1435.366 07:40:58
5.076 146.098 730.976 07:40:59
5.076 151.098 895.610 07:41:00
5.076 159.000 804.146 07:41:01
5.076 143.793 730.000 07:41:02
5.076 150.195 760.976 07:41:03
5.072 144.793 732.195 07:41:04
5.064 267.390 1354.634 07:41:05
5.080 149.195 732.439 07:41:06
5.076 156.793 800.000 07:41:07
5.076 143.890 734.390 07:41:08
5.076 144.598 729.268 07:41:09
5.072 159.293 1230.732 07:41:10
5.068 152.890 738.537 07:41:11
5.072 264.695 1087.317 07:41:12
5.076 146.000 748.049 07:41:13
5.068 230.195 1054.634 07:41:14
5.076 159.598 804.146 07:41:15
5.072 143.793 732.195 07:41:16
5.076 200.488 810.000 07:41:17
5.076 144.598 733.659 07:41:18
5.076 145.390 810.000 07:41:19
5.076 151.195 762.439 07:41:20
5.076 179.488 738.537 07:41:21
5.076 159.695 808.537 07:41:22
5.076 166.098 894.634 07:41:23
5.076 144.598 730.000 07:41:24
5.076 149.000 749.268 07:41:25
5.072 196.598 1277.073 07:41:26
5.072 190.988 1087.805 07:41:27
5.076 268.293 760.976 07:41:28
5.068 190.488 1179.268 07:41:29
5.076 143.500 730.488 07:41:30
5.076 144.695 730.976 07:41:31
5.076 158.500 801.951 07:41:32
5.076 147.695 753.171 07:41:33
5.060 284.695 1099.268 07:41:34
5.068 238.195 1087.317 07:41:35
5.076 266.988 1277.073 07:41:36
5.072 194.098 1060.244 07:41:37
5.076 143.890 732.195 07:41:38
5.076 159.098 908.780 07:41:39
5.076 144.793 731.707 07:41:40
5.076 157.695 799.512 07:41:41
5.076 151.890 776.098 07:41:42
5.080 144.598 726.585 07:41:43
5.076 157.598 799.268 07:41:44
5.076 145.695 1012.195 07:41:45
5.068 158.598 811.220 07:41:46
5.076 173.098 752.195 07:41:47
5.072 190.390 1029.512 07:41:48
5.072 146.793 741.707 07:41:49
5.076 144.293 732.195 07:41:50
5.072 159.293 811.220 07:41:51
5.080 143.598 734.390 07:41:52
5.072 143.890 734.146 07:41:53
5.080 157.598 800.000 07:41:54
5.072 149.293 749.268 07:41:55
5.072 298.195 1399.756 07:41:56
5.076 144.098 768.537 07:41:57
5.076 187.793 898.049 07:41:58
5.076 157.793 800.732 07:41:59
5.076 144.000 730.488 07:42:00
5.072 158.500 805.122 07:42:01
5.076 144.793 739.756 07:42:02
5.076 144.793 732.439 07:42:03
5.076 158.695 801.707 07:42:04
5.076 144.598 732.439 07:42:05
5.072 159.293 869.512 07:42:06
5.072 184.890 921.463 07:42:07
5.064 274.488 2009.268 07:42:08
5.072 145.390 739.756 07:42:09
5.076 144.695 729.268 07:42:10
5.076 160.000 1312.683 07:42:11
5.072 157.390 803.171 07:42:12
5.060 332.683 2018.780 07:42:13
5.076 144.890 734.146 07:42:14
5.076 145.890 730.488 07:42:15
5.080 159.195 808.049 07:42:16
5.076 144.293 734.390 07:42:17
5.068 245.488 1299.512 07:42:18
5.072 205.293 780.000 07:42:19
5.068 252.793 1460.488 07:42:20
5.076 161.390 739.756 07:42:21
5.072 145.098 730.976 07:42:22
5.076 158.098 800.488 07:42:23
5.076 143.890 727.805 07:42:24
5.076 159.890 1301.463 07:42:25
5.076 145.695 1139.756 07:42:26
5.076 145.390 743.171 07:42:27
5.076 147.598 758.537 07:42:28
5.076 144.598 738.049 07:42:29
5.072 158.890 805.610 07:42:31
5.072 143.293 730.976 07:42:32
5.060 325.085 1387.805 07:42:33
5.076 144.098 732.195 07:42:34
5.076 143.500 734.878 07:42:35
5.076 157.890 801.707 07:42:36
5.076 144.098 736.098 07:42:37
5.072 182.293 966.341 07:42:38
5.076 153.793 1025.122 07:42:39
5.072 148.500 750.000 07:42:40
5.072 157.598 800.000 07:42:41
5.076 143.793 730.488 07:42:42
5.076 150.293 764.390 07:42:43
5.080 147.000 747.561 07:42:44
5.072 186.098 986.585 07:42:45
5.076 144.598 1004.146 07:42:46
5.076 157.195 794.390 07:42:47
5.076 144.195 736.098 07:42:48
5.076 144.598 730.488 07:42:49
5.076 159.793 796.098 07:42:50
5.076 146.293 796.829 07:42:51
5.076 145.390 736.585 07:42:52
5.076 159.098 808.537 07:42:53
5.076 146.390 738.537 07:42:54
5.072 205.390 1279.268 07:42:55
5.076 159.293 808.049 07:42:56
5.076 149.890 1275.854 07:42:57
5.076 159.293 806.829 07:42:58
5.072 173.488 875.610 07:42:59
5.068 241.085 1192.927 07:43:00
5.076 145.793 742.439 07:43:01
5.076 144.500 734.390 07:43:02
5.072 170.695 800.488 07:43:03
5.076 145.293 730.488 07:43:04
5.060 253.390 1296.341 07:43:05
5.076 144.098 735.366 07:43:06
5.076 223.988 1062.927 07:43:07
5.076 144.000 967.805 07:43:08
5.076 147.000 743.171 07:43:09
5.076 314.890 1374.634 07:43:10
5.072 228.598 1272.439 07:43:11
5.076 234.390 1567.317 07:43:12
5.076 143.598 777.561 07:43:13
5.076 145.890 734.878 07:43:14
5.076 159.890 814.878 07:43:15
5.076 143.890 735.366 07:43:16
5.076 144.390 730.488 07:43:17
5.076 159.390 808.049 07:43:18
5.080 144.000 776.098 07:43:19
5.072 150.390 815.122 07:43:20
5.076 144.195 735.366 07:43:21
5.064 360.390 1554.146 07:43:22
5.076 144.890 751.220 07:43:23
5.072 158.293 801.951 07:43:24
5.076 145.695 741.707 07:43:25
5.076 144.000 727.317 07:43:26
5.072 261.488 808.049 07:43:27
5.076 144.098 731.220 07:43:28
5.064 193.195 1093.659 07:43:29
5.076 173.098 743.171 07:43:30
5.076 152.293 768.537 07:43:31
5.076 150.000 762.927 07:43:32
5.076 146.890 743.659 07:43:33
5.076 156.890 800.000 07:43:34
5.076 144.293 731.220 07:43:35
5.064 367.659 1572.683 07:43:36
5.076 144.098 735.122 07:43:37
5.076 195.585 739.512 07:43:38
5.076 157.878 1278.537 07:43:39
5.072 225.390 1426.829 07:43:40
5.072 150.390 1225.366 07:43:41
5.076 148.293 752.683 07:43:42
5.072 174.780 996.585 07:43:43
5.076 145.976 743.902 07:43:44
5.072 248.585 1444.878 07:43:45
5.072 191.585 737.561 07:43:46
5.076 144.390 728.780 07:43:47
5.068 308.659 1236.585 07:43:48
5.076 186.878 989.268 07:43:49
5.068 198.780 1400.488 07:43:50
5.072 261.171 1009.268 07:43:51
5.076 144.390 729.756 07:43:52
5.080 181.585 763.902 07:43:53
5.076 190.976 1054.146 07:43:54
5.076 157.976 801.463 07:43:55
5.072 197.293 1378.537 07:43:56
5.080 143.683 731.220 07:43:57
5.076 149.585 768.780 07:43:58
5.076 144.780 783.415 07:43:59
5.064 238.585 1391.707 07:44:00
5.076 156.878 757.073 07:44:01
5.068 267.463 1221.951 07:44:02
5.076 145.780 741.463 07:44:03
5.076 216.683 1090.244 07:44:04
5.076 144.293 741.463 07:44:05
5.076 144.098 730.732 07:44:06
5.076 159.585 808.780 07:44:07
5.076 148.683 750.244 07:44:08
5.060 239.585 1196.585 07:44:09
5.076 144.780 732.683 07:44:10
5.076 145.976 744.878 07:44:11
5.072 159.488 813.659 07:44:12
5.076 178.195 1163.902 07:44:13
5.072 241.268 1676.098 07:44:14
5.072 181.390 1095.122 07:44:15
5.076 145.585 737.561 07:44:16
5.076 159.293 808.780 07:44:17
5.072 143.976 731.220 07:44:18
5.072 239.878 1220.488 07:44:19
5.076 143.878 1052.683 07:44:20
5.076 144.098 732.195 07:44:21
5.076 234.585 932.683 07:44:22
5.076 143.878 730.732 07:44:24
5.076 159.390 808.780 07:44:25
5.076 146.488 741.463 07:44:26
5.072 237.976 1225.854 07:44:27
5.068 177.585 737.073 07:44:28
5.076 151.098 767.317 07:44:29
5.076 159.195 807.317 07:44:30
5.076 144.585 732.195 07:44:31
5.068 207.488 1270.732 07:44:32
5.076 144.585 733.659 07:44:33
5.076 145.390 742.439 07:44:34
5.076 159.195 1297.073 07:44:35
5.072 150.976 763.902 07:44:36
5.060 400.171 1722.927 07:44:37
5.068 207.073 951.220 07:44:38
5.068 146.976 1155.610 07:44:39
5.076 146.683 743.415 07:44:40
5.072 219.878 757.561 07:44:41
5.072 159.195 846.341 07:44:42
5.072 220.268 1099.512 07:44:43
5.052 246.878 808.780 07:44:44
5.072 144.098 734.634 07:44:45
5.072 143.878 730.732 07:44:46
5.076 157.780 799.024 07:44:47
5.080 145.878 743.415 07:44:48
5.072 212.976 981.463 07:44:49
5.068 145.976 740.976 07:44:50
5.072 143.976 731.220 07:44:51
5.076 157.976 1044.390 07:44:52
5.072 181.976 956.098 07:44:53
5.080 144.780 731.220 07:44:54
5.064 277.878 1322.927 07:44:55
5.076 228.878 1300.976 07:44:56
5.076 153.976 731.220 07:44:57
5.072 298.463 1276.585 07:44:58
5.076 144.488 730.732 07:44:59
5.076 178.293 937.561 07:45:00
5.076 145.683 739.512 07:45:01
5.072 148.780 1061.951 07:45:02
5.076 149.585 757.561 07:45:03
5.076 144.098 730.732 07:45:04
5.072 209.878 1065.366 07:45:05
5.076 199.171 740.976 07:45:06
5.072 158.683 810.244 07:45:07
5.076 146.683 739.512 07:45:08
5.076 147.780 750.244 07:45:09
5.076 159.293 808.780 07:45:10
5.076 144.585 730.732 07:45:11
5.064 320.561 1242.927 07:45:12
5.076 145.780 748.780 07:45:13
5.072 208.976 1043.902 07:45:14
5.072 192.390 1333.171 07:45:15
5.072 173.585 967.805 07:45:16
5.076 158.293 810.244 07:45:17
5.076 148.976 800.000 07:45:18
5.064 227.073 1306.829 07:45:19
5.076 144.683 732.195 07:45:20
5.076 151.293 766.341 07:45:21
5.072 188.390 1064.390 07:45:22
5.076 144.585 729.756 07:45:23
5.068 158.488 801.463 07:45:24
5.072 210.683 837.561 07:45:25
5.076 145.390 734.634 07:45:26
5.064 167.390 1183.902 07:45:27
5.068 218.268 1106.829 07:45:28
5.076 158.293 805.854 07:45:29
5.076 149.293 758.537 07:45:30
5.068 285.463 1025.366 07:45:31
5.076 145.780 743.415 07:45:32
5.076 160.780 735.122 07:45:33
5.076 258.073 874.146 07:45:34
5.072 245.585 1366.829 07:45:35
5.068 240.976 1248.293 07:45:36
5.076 195.073 738.537 07:45:37
5.068 176.585 936.585 07:45:38
5.076 159.293 808.780 07:45:39
5.076 158.390 803.415 07:45:40
5.076 158.976 810.244 07:45:41
5.072 225.268 1049.268 07:45:42
5.064 252.488 1584.878 07:45:43
5.080 145.390 739.512 07:45:44
5.068 166.878 739.512 07:45:45
5.076 159.293 807.805 07:45:46
5.076 147.976 749.756 07:45:47
5.064 268.683 1343.415 07:45:48
5.072 152.488 739.512 07:45:49
5.060 243.683 1352.195 07:45:50
5.076 146.878 735.122 07:45:51
5.072 186.390 1034.146 07:45:52
5.076 182.488 1252.195 07:45:53
5.068 167.585 807.805 07:45:54
5.068 253.366 1079.024 07:45:55
5.080 159.293 808.780 07:45:56
5.068 250.683 1477.561 07:45:57
5.076 198.293 1070.732 07:45:58
5.068 205.268 955.122 07:45:59
5.076 157.293 801.463 07:46:00
5.072 157.073 745.854 07:46:01
5.076 157.488 1083.902 07:46:02
5.076 144.195 726.341 07:46:03
5.076 159.488 803.415 07:46:04
5.072 162.390 760.000 07:46:05
5.068 189.390 971.220 07:46:06
5.076 144.098 732.195 07:46:07
5.076 146.293 739.512 07:46:08
5.076 157.585 793.659 07:46:09
5.072 165.585 1026.341 07:46:10
5.072 221.390 1385.854 07:46:11
5.076 149.780 826.341 07:46:12
5.072 193.976 1114.146 07:46:13
5.072 144.390 742.439 07:46:14
5.076 145.878 743.415 07:46:15
5.064 218.171 1134.146 07:46:16
5.068 242.268 1167.805 07:46:18
5.072 146.098 1002.439 07:46:19
5.072 146.683 739.512 07:46:20
5.076 144.098 731.220 07:46:21
5.076 157.195 838.537 07:46:22
5.076 145.683 740.976 07:46:23
5.064 254.073 1214.146 07:46:24
5.068 217.585 1101.463 07:46:25
5.072 216.171 1099.024 07:46:26
5.076 170.683 811.220 07:46:27
5.076 145.585 743.415 07:46:28
5.076 159.488 811.220 07:46:29
5.064 290.780 1443.415 07:46:30
5.080 143.976 726.341 07:46:31
5.076 149.976 762.439 07:46:32
5.076 145.585 741.463 07:46:33
5.076 270.268 1046.829 07:46:34
5.076 148.780 750.244 07:46:35
5.072 208.976 1493.171 07:46:36
5.072 143.585 797.073 07:46:37
5.076 144.098 727.317 07:46:38
5.076 159.585 809.756 07:46:39
5.076 144.293 730.732 07:46:40
5.064 397.659 2020.488 07:46:41
5.076 145.293 732.683 07:46:42
5.076 144.293 732.195 07:46:43
5.076 159.073 808.780 07:46:44
5.080 147.488 735.122 07:46:45
5.076 158.195 799.024 07:46:46
5.076 144.780 735.122 07:46:47
5.076 145.878 730.732 07:46:48
5.072 160.293 808.780 07:46:49
5.076 144.098 732.683 07:46:50
5.040 460.854 2313.171 07:46:51
5.076 143.976 732.683 07:46:52
5.076 153.878 732.195 07:46:53
5.060 326.780 1638.537 07:46:54
5.076 187.780 1068.780 07:46:55
5.076 220.780 1017.561 07:46:56
5.068 146.683 743.415 07:46:57
5.076 143.488 730.732 07:46:58
5.068 159.683 810.244 07:46:59
5.076 144.195 732.195 07:47:00
5.064 402.073 1487.317 07:47:01
5.076 145.780 741.463 07:47:02
5.076 144.780 734.634 07:47:03
5.072 157.293 797.561 07:47:04
5.076 145.683 737.073 07:47:05
5.076 145.878 740.000 07:47:06
5.076 161.780 822.439 07:47:07
5.068 194.976 995.610 07:47:08
5.076 160.683 762.439 07:47:09
5.076 144.293 773.659 07:47:10
5.060 321.878 1926.829 07:47:11
5.076 151.293 764.878 07:47:12
5.072 242.366 1227.805 07:47:13
5.076 158.878 800.976 07:47:14
5.076 143.195 735.122 07:47:15
5.076 158.488 803.415 07:47:16
5.076 145.780 743.415 07:47:17
5.076 159.073 810.244 07:47:18
5.076 150.390 761.463 07:47:19
5.072 194.390 1067.805 07:47:20
5.076 144.293 731.220 07:47:21
5.076 147.780 752.683 07:47:22
5.068 160.073 816.585 07:47:23
5.076 186.878 1078.049 07:47:24
5.076 150.683 764.878 07:47:25
5.072 159.585 808.780 07:47:26
5.076 143.878 735.122 07:47:27
5.076 150.488 763.415 07:47:28
5.076 146.488 846.341 07:47:29
5.076 180.488 887.805 07:47:30
5.076 146.683 739.512 07:47:31
5.076 150.585 762.439 07:47:32
5.068 159.488 808.780 07:47:33
5.072 167.683 899.024 07:47:34
5.076 144.976 735.122 07:47:35
5.080 157.488 808.780 07:47:36
5.076 146.390 731.220 07:47:37
5.072 209.976 1075.122 07:47:38
5.064 200.585 1371.707 07:47:39
5.064 242.780 1019.024 07:47:40
5.076 191.878 933.659 07:47:41
5.072 191.488 951.707 07:47:42
5.076 145.878 1060.488 07:47:43
5.076 149.098 754.634 07:47:44
5.076 157.585 798.537 07:47:45
5.064 213.683 1422.439 07:47:46
5.076 262.268 931.220 07:47:47
5.076 144.293 731.220 07:47:48
5.072 159.195 820.000 07:47:49
5.076 159.195 814.634 07:47:50
5.068 207.073 1048.780 07:47:51
5.072 196.878 998.049 07:47:52
5.076 154.293 731.220 07:47:53
5.072 206.488 1084.390 07:47:54
5.068 241.171 1233.171 07:47:55
5.076 145.585 743.415 07:47:56
5.064 202.878 1174.634 07:47:57
5.076 147.390 743.902 07:47:58
5.076 159.073 804.878 07:47:59
5.072 159.683 1240.488 07:48:00
5.072 210.171 1077.561 07:48:01
5.072 296.171 1240.976 07:48:02
5.072 182.390 905.366 07:48:03
5.076 154.878 1090.244 07:48:04
5.076 159.780 804.878 07:48:05
5.076 157.585 836.585 07:48:06
5.060 319.366 1628.780 07:48:07
5.072 145.683 740.000 07:48:08
5.076 155.878 739.512 07:48:09
5.076 158.780 797.073 07:48:10
5.076 146.585 767.317 07:48:12
5.068 162.878 806.341 07:48:13
5.072 206.585 1042.927 07:48:14
5.076 146.195 752.195 07:48:15
5.076 159.390 807.805 07:48:16
5.076 147.780 743.902 07:48:17
5.076 157.195 805.854 07:48:18
5.072 210.585 1066.341 07:48:19
5.076 170.195 845.366 07:48:20
5.076 144.878 735.122 07:48:21
5.076 143.780 735.122 07:48:22
5.076 148.878 751.220 07:48:23
5.076 143.878 732.195 07:48:24
5.064 282.171 1424.878 07:48:25
5.072 217.878 1100.488 07:48:26
5.072 158.390 808.780 07:48:27
5.072 145.976 804.878 07:48:28
5.080 165.780 808.780 07:48:29
5.072 160.488 809.756 07:48:30
5.076 148.976 751.220 07:48:31
5.064 280.073 1758.537 07:48:32
5.076 144.878 736.098 07:48:33
5.072 221.171 1044.390 07:48:34
5.068 207.878 1418.537 07:48:35
5.076 143.976 732.195 07:48:36
5.076 150.878 768.293 07:48:37
5.076 159.195 812.683 07:48:38
5.076 144.293 731.220 07:48:39
5.072 157.488 796.098 07:48:40
5.076 145.390 737.073 07:48:41
5.068 191.390 1008.780 07:48:42
5.076 152.585 743.415 07:48:43
5.068 194.780 948.780 07:48:44
5.076 241.488 808.780 07:48:45
5.076 148.976 753.659 07:48:46
5.076 159.585 807.317 07:48:47
5.076 143.585 735.122 07:48:48
5.068 221.878 1027.805 07:48:49
5.068 145.585 743.415 07:48:50
5.076 146.780 730.732 07:48:51
5.072 156.878 801.463 07:48:52
5.076 144.195 735.122 07:48:53
5.076 145.976 742.439 07:48:54
5.076 157.780 800.976 07:48:55
5.076 147.780 752.195 07:48:56
5.076 159.488 806.341 07:48:57
5.072 189.488 986.341 07:48:58
5.072 238.780 1194.146 07:48:59
5.068 198.683 1088.780 07:49:00
5.072 200.683 820.976 07:49:01
5.072 213.878 1155.122 07:49:02
5.076 157.780 800.000 07:49:03
5.072 175.585 986.829 07:49:04
5.072 158.683 811.220 07:49:05
5.068 199.390 969.268 07:49:06
5.076 188.878 739.512 07:49:07
5.072 217.585 761.463 07:49:08
5.072 145.780 739.512 07:49:09
5.068 242.268 1223.415 07:49:10
5.076 236.366 745.854 07:49:11
5.072 274.268 1042.439 07:49:12
5.076 160.293 808.780 07:49:13
5.076 151.585 765.854 07:49:14
5.076 159.780 808.780 07:49:15
5.080 145.683 742.439 07:49:16
5.068 262.976 1360.488 07:49:17
5.076 241.878 752.683 07:49:18
5.076 152.683 777.073 07:49:19
5.076 159.293 809.756 07:49:20
5.072 185.390 918.537 07:49:21
5.072 162.976 822.439 07:49:22
5.076 145.683 739.512 07:49:23
5.080 147.293 739.512 07:49:24
5.076 159.780 808.780 07:49:25
5.076 151.098 753.659 07:49:26
5.060 245.171 1261.951 07:49:27
5.076 185.293 891.707 07:49:28
5.072 232.780 1301.951 07:49:29
5.076 144.195 731.220 07:49:30
5.076 144.878 737.073 07:49:31
5.076 242.488 812.683 07:49:32
5.052 215.171 1117.561 07:49:33
5.068 265.073 1669.756 07:49:34
5.076 143.976 732.195 07:49:35
5.076 147.976 751.220 07:49:36
5.080 157.780 797.561 07:49:37
5.076 145.683 742.439 07:49:38
5.076 159.488 1287.805 07:49:39
5.076 150.390 763.902 07:49:40
5.072 183.390 911.220 07:49:41
5.076 236.488 1011.707 07:49:42
5.072 218.073 1102.927 07:49:43
5.076 157.780 801.463 07:49:44
5.076 143.976 751.220 07:49:45
5.076 181.171 941.463 07:49:46
5.076 157.585 799.024 07:49:47
5.068 172.780 808.780 07:49:48
5.076 159.585 943.902 07:49:49
5.072 210.073 1051.220 07:49:50
5.072 196.780 978.049 07:49:51
5.076 159.195 805.854 07:49:52
5.072 257.073 948.780 07:49:53
5.072 146.488 744.878 07:49:54
5.076 195.390 1015.122 07:49:55
5.076 204.073 743.415 07:49:56
5.076 144.293 736.098 07:49:57
5.076 161.195 777.073 07:49:58
5.072 204.585 1043.902 07:49:59
5.072 219.268 1109.268 07:50:00
5.076 146.293 737.073 07:50:01
5.080 145.780 847.805 07:50:02
5.076 157.585 800.000 07:50:03
5.064 265.073 1442.439 07:50:04
5.072 230.683 1063.902 07:50:05
5.064 182.488 743.415 07:50:07
5.072 176.780 1133.171 07:50:08
5.072 144.780 733.659 07:50:09
5.076 151.195 781.463 07:50:10
5.076 146.488 745.854 07:50:11
5.072 197.780 998.049 07:50:12
5.076 158.780 814.634 07:50:13
5.072 161.878 821.463 07:50:14
5.076 156.390 796.098 07:50:15
5.076 149.878 752.683 07:50:16
5.076 149.683 763.902 07:50:17
5.076 159.073 762.439 07:50:18
5.072 145.098 741.463 07:50:19
5.068 193.073 986.341 07:50:20
5.076 146.293 739.512 07:50:21
5.072 204.976 936.585 07:50:22
5.072 157.976 801.463 07:50:23
5.068 204.878 1076.585 07:50:24
5.072 147.976 755.122 07:50:25
5.072 144.390 731.220 07:50:26
5.072 159.585 810.244 07:50:27
5.076 144.195 732.195 07:50:28
5.076 157.683 803.415 07:50:29
5.076 200.683 743.902 07:50:30
5.076 143.878 732.195 07:50:31
5.076 159.488 808.780 07:50:32
5.076 157.780 801.463 07:50:33
5.076 159.976 809.756 07:50:34
5.072 159.585 807.805 07:50:35
5.072 199.976 904.878 07:50:36
5.076 143.488 731.220 07:50:37
5.076 157.683 797.561 07:50:38
5.072 157.780 798.537 07:50:39
5.076 159.488 808.780 07:50:40
5.064 268.878 1349.268 07:50:41
5.068 206.073 1040.000 07:50:42
5.076 144.976 733.659 07:50:43
5.076 224.073 1021.463 07:50:44
5.076 159.293 804.878 07:50:45
5.076 157.195 795.122 07:50:46
5.064 243.268 1229.268 07:50:47
5.076 144.976 734.634 07:50:48
5.076 159.073 807.805 07:50:49
5.076 146.098 743.415 07:50:50
5.080 151.585 768.293 07:50:51
5.076 159.488 800.976 07:50:52
5.076 145.488 823.902 07:50:53
5.076 160.073 2297.561 07:50:54
5.076 225.780 1284.390 07:50:55
5.068 196.976 997.561 07:50:56
5.076 175.878 805.854 07:50:57
5.072 144.293 730.732 07:50:58
5.072 158.780 804.878 07:50:59
5.076 158.073 800.000 07:51:00
5.076 166.585 801.463 07:51:01
5.076 155.683 804.878 07:51:02
5.072 143.780 784.878 07:51:03
5.076 157.780 877.561 07:51:04
5.076 143.976 732.195 07:51:05
5.076 159.390 807.805 07:51:06
5.072 170.488 872.683 07:51:07
5.076 156.878 795.122 07:51:08
5.064 163.976 823.902 07:51:09
5.076 152.195 737.561 07:51:10
5.076 147.585 778.537 07:51:11
5.076 158.878 804.878 07:51:12
5.072 148.683 752.683 07:51:13
5.068 244.488 1237.073 07:51:14
5.072 184.488 976.585 07:51:15
5.076 146.488 738.537 07:51:16
5.076 159.878 739.512 07:51:17
5.072 155.293 735.122 07:51:18
5.072 159.585 1044.390 07:51:19
5.072 208.878 1060.000 07:51:20
5.072 218.390 1066.829 07:51:21
5.076 144.098 731.220 07:51:22
5.076 149.585 760.000 07:51:23
5.072 158.878 803.902 07:51:24
5.068 206.585 1043.902 07:51:25
5.076 145.585 741.463 07:51:26
5.076 146.195 785.854 07:51:27
5.072 191.976 932.683 07:51:28
5.076 145.976 742.439 07:51:29
5.076 147.780 751.220 07:51:30
5.068 159.585 810.244 07:51:31
5.076 145.780 740.976 07:51:32
5.044 267.780 1424.390 07:51:33
5.076 145.098 732.683 07:51:34
5.076 155.878 740.000 07:51:35
5.072 159.488 808.780 07:51:36
5.076 153.098 779.024 07:51:37
5.076 159.488 809.756 07:51:38
5.076 145.585 743.415 07:51:39
5.072 248.073 939.024 07:51:40
5.076 146.683 743.415 07:51:41
5.072 143.878 732.195 07:51:42
5.076 159.390 808.780 07:51:43
5.072 212.976 1035.122 07:51:44
5.056 402.171 1744.878 07:51:45
5.076 146.488 732.195 07:51:46
5.076 145.780 742.439 07:51:47
5.072 158.585 809.756 07:51:48
5.076 151.488 770.244 07:51:49
5.072 159.293 811.220 07:51:50
5.076 144.878 733.659 07:51:51
5.076 143.976 730.732 07:51:52
5.076 157.976 797.561 07:51:53
5.072 206.878 1094.146 07:51:54
5.072 248.073 966.829 07:51:55
5.076 159.488 797.561 07:51:56
5.068 185.976 985.366 07:51:57
5.068 306.268 1086.341 07:51:58
5.068 158.878 882.439 07:51:59
5.076 144.878 730.732 07:52:01
5.076 190.683 860.000 07:52:02
5.076 150.098 761.463 07:52:03
5.072 221.073 1114.146 07:52:04
5.076 149.390 756.098 07:52:05
5.072 145.878 740.000 07:52:06
5.072 163.976 800.000 07:52:07
5.072 147.878 797.561 07:52:08
5.064 295.366 1442.439 07:52:09
5.076 145.878 740.000 07:52:10
5.068 210.780 1070.732 07:52:11
5.076 157.780 805.854 07:52:12
5.072 144.195 731.220 07:52:13
5.060 244.073 1234.634 07:52:14
5.068 148.780 752.195 07:52:15
5.056 293.780 1115.122 07:52:16
5.072 246.976 809.756 07:52:17
5.076 143.976 735.122 07:52:18
5.072 158.073 1086.829 07:52:19
5.076 145.390 740.976 07:52:20
5.072 188.976 926.341 07:52:21
5.072 145.098 746.341 07:52:22
5.076 159.683 812.683 07:52:23
5.072 159.585 808.780 07:52:24
5.072 181.171 902.927 07:52:25
5.064 281.780 1623.415 07:52:26
5.072 144.488 735.122 07:52:27
5.076 144.195 734.634 07:52:28
5.072 145.878 744.878 07:52:29
5.076 147.976 752.683 07:52:30
5.076 159.390 803.902 07:52:31
5.076 144.683 731.220 07:52:32
5.072 256.683 810.244 07:52:33
5.076 145.683 780.000 07:52:34
5.068 258.683 1031.220 07:52:35
5.076 146.488 740.976 07:52:36
5.076 150.683 768.780 07:52:37
5.072 177.293 808.780 07:52:38
5.076 144.195 732.195 07:52:39
5.064 352.561 1628.780 07:52:40
5.076 145.683 737.561 07:52:41
5.076 146.195 730.732 07:52:42
5.076 159.073 807.805 07:52:43
5.076 146.683 739.512 07:52:44
5.072 167.293 1037.561 07:52:45
5.072 167.390 1003.902 07:52:46
5.076 144.683 729.756 07:52:47
5.076 156.878 800.000 07:52:48
5.072 151.195 750.244 07:52:49
5.072 159.878 805.854 07:52:50
5.076 184.171 1404.878 07:52:51
5.076 145.293 735.122 07:52:52
5.076 158.488 805.854 07:52:53
5.068 253.683 1488.293 07:52:54
5.064 195.878 741.463 07:52:55
5.076 146.390 740.000 07:52:56
5.076 144.098 735.122 07:52:57
5.072 177.585 808.780 07:52:58
5.072 147.390 752.195 07:52:59
5.064 269.073 2323.415 07:53:00
5.076 145.780 740.976 07:53:01
5.076 144.098 732.195 07:53:02
5.076 156.878 800.000 07:53:03
5.076 149.098 757.073 07:53:04
5.072 304.976 1232.195 07:53:05
5.064 273.585 1380.488 07:53:06
5.076 143.878 732.683 07:53:07
5.076 157.293 797.073 07:53:08
5.076 197.488 899.024 07:53:09
5.060 367.171 1702.927 07:53:10
5.072 187.780 1089.268 07:53:11
5.068 212.585 1043.902 07:53:12
5.076 144.195 732.195 07:53:13
5.076 145.390 730.732 07:53:14
5.076 157.683 807.805 07:53:15
5.072 199.171 1007.805 07:53:16
5.060 278.366 1379.512 07:53:17
5.076 145.780 739.512 07:53:18
5.080 146.585 740.000 07:53:19
5.076 150.390 762.439 07:53:20
5.076 147.683 755.122 07:53:21
5.068 239.366 1250.244 07:53:22
5.068 208.171 1060.000 07:53:23
5.072 220.171 1258.049 07:53:24
5.076 146.780 804.878 07:53:25
5.076 157.585 797.073 07:53:26
5.076 159.488 811.220 07:53:27
5.076 199.171 800.000 07:53:28
5.064 257.073 1288.293 07:53:29
5.068 233.268 1323.415 07:53:30
5.072 196.683 935.122 07:53:31
5.072 145.878 730.732 07:53:32
5.072 144.293 734.634 07:53:33
5.072 228.878 1326.829 07:53:34
5.076 159.488 809.756 07:53:35
5.072 184.488 1005.366 07:53:36
5.076 147.195 739.512 07:53:37
5.076 145.780 739.512 07:53:38
5.076 156.780 796.098 07:53:39
5.076 148.878 752.195 07:53:40
5.068 240.171 1221.951 07:53:41
5.072 144.683 730.732 07:53:42
5.076 143.976 733.659 07:53:43
5.072 192.976 975.122 07:53:44
5.076 149.195 759.512 07:53:45
5.068 239.878 1309.268 07:53:46
5.072 197.171 986.341 07:53:47
5.072 160.683 777.073 07:53:48
5.076 145.878 743.415 07:53:49
5.076 145.098 743.415 07:53:50
5.064 159.195 811.220 07:53:51
5.064 214.073 1000.000 07:53:52
5.076 145.293 738.537 07:53:54
5.072 159.683 810.244 07:53:55
5.076 144.976 736.098 07:53:56
5.076 160.293 812.683 07:53:57
5.072 145.878 740.000 07:53:58
5.076 174.488 884.878 07:53:59
5.068 209.878 1176.585 07:54:00
5.076 145.098 735.122 07:54:01
5.072 158.073 800.976 07:54:02
5.076 157.780 800.000 07:54:03
5.068 239.268 1221.951 07:54:04
5.072 210.390 1059.024 07:54:05
5.076 143.390 728.293 07:54:06
5.068 241.585 822.439 07:54:07
5.076 143.976 735.122 07:54:08
5.060 348.878 2111.707 07:54:09
5.072 159.390 807.317 07:54:10
5.076 144.390 736.098 07:54:11
5.072 160.293 808.780 07:54:12
5.076 158.780 800.000 07:54:13
5.060 347.463 2075.610 07:54:14
5.076 144.878 735.122 07:54:15
5.076 144.878 735.122 07:54:16
5.060 393.659 2304.390 07:54:17
5.068 191.780 944.878 07:54:18
5.072 181.293 1033.171 07:54:19
5.068 251.780 1316.098 07:54:20
5.076 144.780 730.732 07:54:21
5.076 187.976 810.244 07:54:22
5.076 146.098 750.244 07:54:23
5.068 188.293 1026.341 07:54:24
5.076 154.976 743.902 07:54:25
5.076 144.390 735.122 07:54:26
5.076 159.390 809.756 07:54:27
5.076 147.780 754.634 07:54:28
5.068 153.293 774.634 07:54:29
5.080 146.683 740.976 07:54:30
5.068 221.488 1119.024 07:54:31
5.076 177.293 1182.927 07:54:32
5.076 147.098 754.634 07:54:33
5.052 317.878 1655.122 07:54:34
5.076 146.585 740.976 07:54:35
5.076 148.976 752.195 07:54:36
5.076 147.976 750.244 07:54:37
5.072 256.878 1039.024 07:54:38
5.072 259.073 1518.537 07:54:39
5.072 223.585 1324.390 07:54:40
5.072 217.585 1072.683 07:54:41
5.076 145.098 736.098 07:54:42
5.076 150.780 732.195 07:54:43
5.076 174.976 1275.610 07:54:44
5.076 196.878 735.122 07:54:45
5.068 281.585 1425.854 07:54:46
5.072 219.780 1138.049 07:54:47
5.076 159.195 807.805 07:54:48
5.072 158.683 801.463 07:54:49
5.072 151.390 983.902 07:54:50
5.052 319.878 1644.878 07:54:51
5.076 145.780 743.415 07:54:52
5.076 143.585 729.756 07:54:53
5.064 240.073 1288.293 07:54:54
5.076 149.195 750.244 07:54:55
5.076 144.878 735.122 07:54:56
5.072 257.463 805.854 07:54:57
5.076 161.878 1043.902 07:54:58
5.076 236.366 808.780 07:54:59
5.068 217.171 1362.927 07:55:00
5.068 284.976 1582.439 07:55:01
5.076 190.390 874.146 07:55:02
5.072 158.195 801.463 07:55:03
5.068 247.073 1234.634 07:55:04
5.076 145.585 740.000 07:55:05
5.072 152.098 772.195 07:55:06
5.072 156.878 800.976 07:55:07
5.072 149.195 758.537 07:55:08
5.068 254.171 1239.512 07:55:09
5.072 205.073 787.317 07:55:10
5.064 187.073 816.098 07:55:11
5.072 172.683 861.463 07:55:12
5.076 161.073 732.683 07:55:13
5.076 149.878 759.512 07:55:14
5.068 153.195 856.585 07:55:15
5.072 208.488 1153.171 07:55:16
5.072 145.293 740.976 07:55:17
5.068 183.683 960.000 07:55:18
5.072 201.878 1115.610 07:55:19
5.076 150.976 767.317 07:55:20
5.072 219.976 1745.366 07:55:21
5.076 144.780 730.732 07:55:22
5.076 151.390 763.902 07:55:23
5.076 202.171 855.122 07:55:24
5.072 204.171 1072.683 07:55:25
5.072 240.585 900.976 07:55:26
5.072 143.488 730.732 07:55:27
5.076 159.585 1169.268 07:55:28
5.076 152.390 773.659 07:55:29
5.076 157.976 801.463 07:55:30
5.076 148.683 756.098 07:55:31
5.072 207.390 1039.024 07:55:32
5.072 146.585 740.000 07:55:33
5.076 148.878 756.098 07:55:34
5.076 162.073 821.463 07:55:35
5.072 209.976 1050.244 07:55:36
5.076 245.878 810.244 07:55:37
5.060 290.463 1363.415 07:55:38
5.068 209.073 743.902 07:55:39
5.076 143.878 735.122 07:55:40
5.076 150.195 758.537 07:55:41
5.076 159.390 803.415 07:55:42
5.072 150.293 837.561 07:55:43
5.072 212.171 1045.366 07:55:44
5.068 210.780 981.463 07:55:45
5.056 255.268 1260.488 07:55:46
5.076 144.098 732.195 07:55:47
5.076 148.683 756.098 07:55:48
5.076 159.683 807.317 07:55:49
5.076 159.195 809.756 07:55:51
5.044 353.171 1227.805 07:55:52
5.080 144.683 733.659 07:55:53
5.076 145.195 737.561 07:55:54
5.076 144.098 1065.366 07:55:55
5.068 217.171 1095.122 07:55:56
5.072 205.878 1018.049 07:55:57
5.068 242.366 1290.732 07:55:58
5.072 196.976 947.317 07:55:59
5.076 157.195 860.000 07:56:00
5.076 207.488 1267.805 07:56:01
5.064 233.976 1400.488 07:56:02
5.072 152.195 775.122 07:56:03
5.072 194.683 892.683 07:56:04
5.068 210.171 1040.488 07:56:05
5.068 237.268 1228.293 07:56:06
5.072 179.780 921.463 07:56:07
5.072 170.073 778.537 07:56:08
5.076 150.976 768.780 07:56:09
5.072 178.073 796.098 07:56:10
5.068 281.878 1462.439 07:56:11
5.076 146.585 737.561 07:56:12
5.076 144.976 735.122 07:56:13
5.076 159.585 810.244 07:56:14
5.076 158.073 814.634 07:56:15
5.064 263.268 1460.976 07:56:16
5.076 150.878 760.000 07:56:17
5.076 147.293 797.561 07:56:18
5.076 150.390 763.415 07:56:19
5.076 145.683 739.512 07:56:20
5.064 324.366 1246.829 07:56:21
5.068 149.780 763.902 07:56:22
5.076 215.390 1351.707 07:56:23
5.076 148.488 751.220 07:56:24
5.076 159.195 808.780 07:56:25
5.076 157.976 803.902 07:56:26
5.076 157.293 800.976 07:56:27
5.072 207.073 1356.098 07:56:28
5.068 244.683 1310.732 07:56:29
5.076 144.683 731.220 07:56:30
5.076 157.683 798.537 07:56:31
5.076 145.878 740.976 07:56:32
5.076 159.585 809.756 07:56:33
5.068 216.390 1101.463 07:56:34
5.076 146.488 743.415 07:56:35
5.072 145.390 740.000 07:56:36
5.072 461.561 1235.610 07:56:37
5.076 157.878 797.073 07:56:38
5.076 145.976 739.512 07:56:39
5.076 210.171 972.683 07:56:40
5.068 250.488 1100.488 07:56:41
5.076 158.195 802.439 07:56:42
5.076 145.098 729.756 07:56:43
5.068 255.366 1254.146 07:56:44
5.072 157.878 796.098 07:56:45
5.072 160.488 807.805 07:56:46
5.076 145.293 970.244 07:56:47
5.076 144.293 731.220 07:56:48
5.076 146.195 742.439 07:56:49
5.076 159.585 807.805 07:56:50
5.076 158.878 806.341 07:56:51
5.072 145.780 743.902 07:56:52
5.072 167.488 743.415 07:56:53
5.060 330.561 1776.585 07:56:54
5.072 211.390 1066.341 07:56:55
5.072 217.780 1214.146 07:56:56
5.076 167.488 744.878 07:56:57
5.072 144.780 732.195 07:56:58
5.072 159.585 808.780 07:56:59
5.076 148.780 752.195 07:57:00
5.068 217.976 1000.488 07:57:01
5.072 246.780 1006.341 07:57:02
5.076 143.293 731.220 07:57:03
5.076 157.878 801.463 07:57:04
5.072 181.780 740.976 07:57:05
5.072 159.878 809.756 07:57:06
5.072 252.976 1103.902 07:57:07
5.072 153.098 772.683 07:57:08
5.076 144.878 732.195 07:57:09
5.076 143.683 732.683 07:57:10
5.072 170.780 938.537 07:57:11
5.072 188.073 980.000 07:57:12
5.068 196.878 917.561 07:57:13
5.076 147.878 744.878 07:57:14
5.076 144.390 731.220 07:57:15
5.076 172.390 801.463 07:57:16
5.076 157.780 799.024 07:57:17
5.072 183.390 1326.829 07:57:18
5.072 144.878 731.220 07:57:19
5.072 157.878 803.902 07:57:20
5.076 147.585 744.878 07:57:21
5.068 208.976 1066.341 07:57:22
5.076 158.293 803.902 07:57:23
5.072 192.976 912.683 07:57:24
5.072 237.878 812.683 07:57:25
5.076 146.683 897.561 07:57:26
5.068 267.366 1227.805 07:57:27
5.076 145.878 744.878 07:57:28
5.072 262.976 891.707 07:57:29
5.056 239.585 1001.463 07:57:30
5.076 144.098 735.122 07:57:31
5.064 243.976 1231.707 07:57:32
5.072 181.073 1039.024 07:57:33
5.072 303.878 1509.756 07:57:34
5.076 191.976 781.463 07:57:35
5.076 148.878 751.220 07:57:36
5.076 200.976 744.878 07:57:37
5.076 143.976 730.732 07:57:38
5.064 158.293 809.756 07:57:39
5.068 174.976 1046.829 07:57:40
5.060 319.073 2206.829 07:57:41
5.072 194.683 1101.463 07:57:42
5.076 144.780 731.220 07:57:44
5.072 214.390 1118.049 07:57:45
5.076 144.195 731.220 07:57:46
5.048 394.561 2009.268 07:57:47
5.076 145.976 742.439 07:57:48
5.076 144.390 730.732 07:57:49
5.076 159.390 860.000 07:57:50
5.076 148.683 750.244 07:57:51
5.072 214.780 845.366 07:57:52
5.072 239.366 739.512 07:57:53
5.076 144.878 733.659 07:57:54
5.052 398.561 2157.073 07:57:55
5.076 145.683 745.854 07:57:56
5.076 143.683 732.195 07:57:57
5.076 159.585 810.244 07:57:58
5.060 229.780 941.463 07:57:59
5.072 209.683 1069.268 07:58:00
5.072 148.390 755.122 07:58:01
5.076 144.780 737.073 07:58:02
5.076 160.293 871.220 07:58:03
5.076 145.878 744.878 07:58:04
5.076 150.878 764.878 07:58:05
5.068 193.878 1015.610 07:58:06
5.072 144.098 730.732 07:58:07
5.072 180.293 933.659 07:58:08
5.072 145.585 743.415 07:58:09
5.072 194.683 1413.171 07:58:10
5.072 159.488 811.220 07:58:11
5.076 146.780 740.976 07:58:12
5.076 183.878 1279.512 07:58:13
5.076 147.683 753.659 07:58:14
5.076 151.195 765.854 07:58:15
5.076 150.293 829.756 07:58:16
5.076 144.098 732.683 07:58:17
5.076 158.073 1144.390 07:58:18
5.076 146.976 732.195 07:58:19
5.064 334.756 1627.317 07:58:20
5.076 179.293 1069.268 07:58:21
5.064 145.780 805.854 07:58:22
5.076 150.390 763.415 07:58:23
5.076 145.585 816.585 07:58:24
5.072 248.976 757.561 07:58:25
5.072 232.488 1185.854 07:58:26
5.068 193.976 1030.244 07:58:27
5.076 147.098 732.195 07:58:28
5.072 157.878 801.463 07:58:29
5.076 159.780 808.780 07:58:30
5.076 153.976 740.976 07:58:31
5.072 159.195 810.244 07:58:32
5.076 144.195 732.195 07:58:33
5.072 150.293 761.463 07:58:34
5.072 201.171 757.073 07:58:35
5.072 189.390 1132.683 07:58:36
5.068 245.488 1563.902 07:58:37
5.076 146.585 759.512 07:58:38
5.072 191.390 1139.024 07:58:39
5.072 210.585 784.878 07:58:40
5.076 162.780 763.415 07:58:41
5.076 158.073 874.146 07:58:42
5.076 149.878 751.220 07:58:43
5.064 266.366 1046.341 07:58:44
5.076 144.293 737.073 07:58:45
5.076 147.976 750.244 07:58:46
5.076 157.780 1237.073 07:58:47
5.072 193.171 1002.927 07:58:48
5.076 146.293 903.902 07:58:49
5.076 147.098 741.463 07:58:50
5.076 145.585 739.512 07:58:51
5.068 253.073 1216.585 07:58:52
5.076 145.878 743.415 07:58:53
5.076 157.390 796.098 07:58:54
5.068 250.976 1239.512 07:58:55
5.076 150.195 763.902 07:58:56
5.068 235.683 911.707 07:58:57
5.076 149.488 758.537 07:58:58
5.076 143.976 732.683 07:58:59
5.076 159.585 840.976 07:59:00
5.072 158.780 949.268 07:59:01
5.072 210.390 1040.488 07:59:02
5.068 205.976 1433.659 07:59:03
5.068 186.390 923.902 07:59:04
5.076 151.878 742.439 07:59:05
5.072 158.488 802.439 07:59:06
5.072 158.390 807.317 07:59:07
5.076 147.780 1086.341 07:59:08
5.076 148.780 756.098 07:59:09
5.076 148.098 750.244 07:59:10
5.076 145.780 743.415 07:59:11
5.076 159.780 810.244 07:59:12
5.076 157.488 800.000 07:59:13
5.072 193.976 936.585 07:59:14
5.076 154.195 753.659 07:59:15
5.076 144.878 731.220 07:59:16
5.076 162.976 752.683 07:59:17
5.076 150.390 764.878 07:59:18
5.068 244.366 1202.927 07:59:19
5.076 146.488 737.073 07:59:20
5.072 187.585 908.780 07:59:21
5.076 145.878 743.415 07:59:22
5.072 159.195 796.098 07:59:23
5.072 198.976 1006.829 07:59:24
5.072 157.293 801.463 07:59:25
5.064 322.878 1648.780 07:59:26
5.076 194.073 1006.829 07:59:27
5.072 210.171 1055.610 07:59:28
5.076 146.683 740.000 07:59:29
5.076 144.878 730.732 07:59:30
5.072 157.976 801.463 07:59:31
5.072 145.683 743.415 07:59:32
5.068 166.976 847.317 07:59:33
5.076 157.488 801.463 07:59:34
5.076 144.878 735.122 07:59:35
5.076 150.098 1020.488 07:59:37
5.076 145.585 800.000 07:59:38
5.068 240.780 1395.610 07:59:39
5.072 159.390 808.780 07:59:40
5.068 285.171 1513.171 07:59:41
5.076 149.878 763.415 07:59:42
5.076 144.488 730.732 07:59:43
5.068 250.976 1250.732 07:59:44
5.072 146.488 743.415 07:59:45
5.064 243.488 1231.707 07:59:46
5.076 144.098 733.659 07:59:47
5.076 143.976 732.195 07:59:48
5.072 162.073 825.366 07:59:49
5.072 144.976 732.195 07:59:50
5.068 157.488 802.439 07:59:51
5.076 145.878 803.902 07:59:52
5.072 216.878 778.537 07:59:53
5.068 159.073 1113.171 07:59:54
5.072 181.780 955.122 07:59:55
5.076 144.780 748.293 07:59:56
5.072 157.878 800.976 07:59:57
5.072 239.976 1044.390 07:59:58
5.072 216.976 1099.512 07:59:59
5.076 144.293 733.659 08:00:00
5.076 157.878 802.439 08:00:01
5.072 158.585 1250.244 08:00:02
5.072 158.390 1201.463 08:00:03
5.076 197.780 743.415 08:00:04
5.076 143.878 730.732 08:00:05
5.076 305.073 810.244 08:00:06
5.072 145.878 737.561 08:00:07
5.040 457.756 2342.439 08:00:08
5.076 147.780 735.122 08:00:09
5.076 144.098 734.634 08:00:10
5.076 147.780 748.780 08:00:11
5.076 146.585 739.512 08:00:12
5.060 295.683 1604.878 08:00:13
5.072 202.878 1193.171 08:00:14
5.076 144.390 730.732 08:00:15
5.072 150.390 1223.415 08:00:16
5.076 145.195 735.122 08:00:17
5.072 169.683 811.220 08:00:18
5.076 148.488 749.756 08:00:19
5.064 351.976 1990.732 08:00:20
5.076 145.780 748.780 08:00:21
5.076 144.878 733.659 08:00:22
5.072 157.488 939.024 08:00:23
5.076 144.390 732.195 08:00:24
5.048 441.659 2334.634 08:00:25
5.072 188.683 884.878 08:00:26
5.072 292.171 865.366 08:00:27
5.072 145.488 738.537 08:00:28
5.076 144.098 731.220 08:00:29
5.072 313.780 1764.878 08:00:30
5.072 149.293 757.073 08:00:31
5.060 371.268 1907.805 08:00:32
5.072 146.780 743.415 08:00:33
5.076 144.098 735.122 08:00:34
5.080 159.585 807.317 08:00:35
5.076 148.098 750.244 08:00:36
5.076 204.976 1051.220 08:00:37
5.076 145.780 740.000 08:00:38
5.080 144.098 816.098 08:00:39
5.072 159.683 808.780 08:00:40
5.072 192.780 977.561 08:00:41
5.076 159.293 805.854 08:00:42
5.076 150.488 760.000 08:00:43
5.072 206.488 1441.951 08:00:44
5.076 151.098 732.683 08:00:45
5.068 240.268 1231.707 08:00:46
5.072 162.073 813.659 08:00:47
5.076 149.098 759.512 08:00:48
5.056 308.561 1671.220 08:00:49
5.072 181.878 1041.463 08:00:50
5.068 179.390 746.341 08:00:51
5.072 176.390 896.098 08:00:52
5.076 160.073 813.659 08:00:53
5.072 248.366 911.220 08:00:54
5.072 175.488 900.976 08:00:55
5.076 146.585 790.244 08:00:56
5.076 144.293 780.976 08:00:57
5.076 157.683 799.024 08:00:58
5.072 157.293 797.073 08:00:59
5.068 193.390 810.244 08:01:00
5.072 235.683 807.805 08:01:01
5.068 212.683 1041.463 08:01:02
5.076 209.390 743.415 08:01:03
5.072 157.073 797.561 08:01:04
5.076 158.073 856.098 08:01:05
5.076 172.195 861.463 08:01:06
5.076 146.780 744.878 08:01:07
5.076 159.390 808.780 08:01:08
5.072 158.976 810.244 08:01:09
5.076 159.878 808.780 08:01:10
5.072 145.976 744.878 08:01:11
5.076 150.098 750.244 08:01:12
5.076 169.683 801.463 08:01:13
5.072 253.171 1123.902 08:01:14
5.068 238.878 1210.244 08:01:15
5.076 145.780 742.439 08:01:16
5.080 157.683 801.463 08:01:17
5.076 158.878 809.756 08:01:18
5.076 159.073 797.073 08:01:19
5.076 165.293 805.854 08:01:20
5.076 184.780 1033.171 08:01:21
5.076 147.098 745.854 08:01:22
5.068 179.073 1031.220 08:01:23
5.076 248.683 810.244 08:01:24
5.076 159.390 809.756 08:01:25
5.064 320.659 1669.756 08:01:26
5.064 230.268 1068.780 08:01:27
5.076 144.878 732.195 08:01:28
5.076 158.293 802.439 08:01:29
5.076 159.585 810.244 08:01:31
5.068 240.268 1254.146 08:01:32
5.076 171.585 1329.268 08:01:33
5.076 143.878 731.220 08:01:34
5.076 202.390 744.878 08:01:35
5.076 146.585 740.976 08:01:36
5.064 244.585 1597.073 08:01:37
5.072 221.878 842.439 08:01:38
5.076 145.878 743.902 08:01:39
5.076 148.390 750.244 08:01:40
5.076 166.488 807.317 08:01:41
5.076 191.488 1009.268 08:01:42
5.076 198.683 769.756 08:01:43
5.076 146.683 737.561 08:01:44
5.076 150.488 759.512 08:01:45
5.076 144.098 732.683 08:01:46
5.076 158.780 803.415 08:01:47
5.072 197.073 1051.707 08:01:48
5.072 177.195 922.439 08:01:49
5.068 232.683 761.463 08:01:50
5.076 146.488 741.463 08:01:51
5.076 158.073 803.415 08:01:52
5.072 144.976 728.293 08:01:53
5.080 157.780 899.024 08:01:54
5.056 404.659 2045.366 08:01:55
5.076 205.780 810.244 08:01:56
5.076 144.780 731.220 08:01:57
5.072 197.585 1438.537 08:01:58
5.076 144.195 732.195 08:01:59
5.064 355.268 2302.439 08:02:00
5.076 170.488 760.976 08:02:01
5.076 178.976 1061.951 08:02:02
5.076 146.390 744.878 08:02:03
5.076 144.098 1029.268 08:02:04
5.068 263.268 1294.146 08:02:05
5.076 212.683 843.902 08:02:06
5.076 156.683 796.098 08:02:07
5.076 150.683 763.902 08:02:08
5.076 147.098 1020.000 08:02:09
5.072 159.585 809.756 08:02:10
5.076 157.585 793.659 08:02:11
5.072 182.390 925.366 08:02:12
5.076 160.488 815.122 08:02:13
5.076 171.195 800.000 08:02:14
5.060 206.585 1005.366 08:02:15
5.076 150.293 740.976 08:02:16
5.072 210.268 1129.268 08:02:17
5.076 200.683 743.415 08:02:18
5.068 240.268 1227.805 08:02:19
5.076 158.073 820.976 08:02:20
5.072 159.488 813.659 08:02:21
5.076 145.878 746.341 08:02:22
5.076 159.390 808.780 08:02:23
5.072 261.780 966.829 08:02:24
5.076 181.488 763.415 08:02:25
5.068 239.073 1331.707 08:02:26
5.068 208.171 1063.902 08:02:27
5.072 207.073 1112.683 08:02:28
5.072 157.488 801.463 08:02:29
5.076 146.488 792.683 08:02:30
5.076 156.976 800.976 08:02:31
5.076 157.780 2262.439 08:02:32
5.068 245.488 1210.732 08:02:33
5.076 143.878 734.634 08:02:34
5.076 147.488 744.878 08:02:35
5.076 150.683 965.366 08:02:36
5.076 157.976 797.073 08:02:37
5.064 248.976 1310.732 08:02:38
5.056 248.073 1264.390 08:02:39
5.072 257.585 1281.951 08:02:40
5.076 146.683 743.902 08:02:41
5.072 196.585 970.244 08:02:42
5.076 161.683 889.756 08:02:43
5.076 145.293 745.854 08:02:44
5.076 159.683 821.463 08:02:45
5.072 146.878 818.537 08:02:46
5.068 173.073 892.683 08:02:47
5.076 157.293 797.561 08:02:48
5.076 159.976 812.683 08:02:49
5.072 185.171 918.537 08:02:50
5.076 146.293 742.439 08:02:51
5.076 146.585 740.976 08:02:52
5.076 223.976 1395.610 08:02:53
5.072 146.780 739.512 08:02:54
5.076 147.390 744.878 08:02:55
5.072 159.878 810.244 08:02:56
5.072 157.293 801.463 08:02:57
5.064 205.390 1040.000 08:02:58
5.064 207.780 1064.390 08:02:59
5.076 180.976 819.024 08:03:00
5.076 159.683 1274.634 08:03:01
5.076 157.780 797.561 08:03:02
5.060 264.683 1348.293 08:03:03
5.068 290.366 1484.390 08:03:04
5.076 195.683 975.122 08:03:05
5.072 159.585 1248.293 08:03:06
5.076 144.098 732.195 08:03:07
5.076 156.878 802.439 08:03:08
5.076 146.878 740.000 08:03:09
5.076 151.390 769.756 08:03:10
5.072 209.585 1060.000 08:03:11
5.076 144.293 732.195 08:03:12
5.076 158.780 807.317 08:03:13
5.076 146.585 751.220 08:03:14
5.076 157.780 806.341 08:03:15
5.076 160.488 812.683 08:03:16
5.072 145.976 743.902 08:03:17
5.072 164.195 760.000 08:03:18
5.072 157.488 797.073 08:03:19
5.064 242.366 1228.293 08:03:20
5.076 158.195 807.317 08:03:21
5.072 158.878 805.854 08:03:22
5.072 274.463 855.122 08:03:23
5.080 146.683 742.439 08:03:25
5.064 184.585 807.805 08:03:26
5.076 146.683 741.463 08:03:27
5.068 249.171 1239.024 08:03:28
5.068 162.390 823.902 08:03:29
5.072 209.683 1066.341 08:03:30
5.068 244.366 1201.463 08:03:31
5.076 146.585 742.439 08:03:32
5.076 156.976 801.463 08:03:33
5.072 159.683 810.244 08:03:34
5.072 175.488 854.146 08:03:35
5.064 402.659 1663.902 08:03:36
5.072 224.878 1068.780 08:03:37
5.080 144.878 737.073 08:03:38
5.068 159.488 805.854 08:03:39
5.072 162.073 928.780 08:03:40
5.076 158.976 1282.927 08:03:41
5.076 147.878 755.122 08:03:42
5.076 144.293 732.683 08:03:43
5.076 145.098 737.561 08:03:44
5.076 149.488 760.976 08:03:45
5.076 159.780 810.244 08:03:46
5.080 157.976 800.000 08:03:47
5.064 202.878 1338.049 08:03:48
5.076 145.878 872.683 08:03:49
5.076 152.098 733.659 08:03:50
5.068 241.488 808.780 08:03:51
5.076 158.976 805.854 08:03:52
5.076 171.195 740.976 08:03:53
5.068 220.390 1066.829 08:03:54
5.076 145.878 831.220 08:03:55
5.076 158.780 811.220 08:03:56
5.076 146.976 797.073 08:03:57
5.076 144.293 731.220 08:03:58
5.076 159.195 807.805 08:03:59
5.072 158.976 805.854 08:04:00
5.068 211.683 807.805 08:04:01
5.072 167.073 811.220 08:04:02
5.068 265.976 1519.512 08:04:03
5.076 162.780 763.415 08:04:04
5.076 144.585 731.220 08:04:05
5.076 159.683 810.244 08:04:06
5.076 152.878 771.220 08:04:07
5.072 277.976 1329.756 08:04:08
5.076 146.098 746.341 08:04:09
5.080 145.585 740.976 08:04:10
5.068 159.780 810.244 08:04:11
5.064 270.366 1338.049 08:04:12
5.072 150.390 935.122 08:04:13
5.072 336.756 1651.220 08:04:14
5.076 145.195 734.634 08:04:15
5.076 159.195 808.780 08:04:16
5.076 145.976 733.659 08:04:17
5.076 144.293 807.317 08:04:18
5.068 148.390 756.098 08:04:19
5.076 144.195 732.195 08:04:20
5.076 273.073 1396.098 08:04:21
5.076 149.878 913.659 08:04:22
5.072 283.976 1409.756 08:04:23
5.076 145.390 765.854 08:04:24
5.068 208.390 1075.610 08:04:25
5.076 159.195 810.244 08:04:26
5.076 145.098 736.098 08:04:27
5.076 158.195 798.537 08:04:28
5.076 179.390 938.537 08:04:29
5.076 163.780 752.683 08:04:30
5.076 159.878 807.805 08:04:31
5.072 189.171 781.463 08:04:32
5.068 245.073 1333.171 08:04:33
5.072 191.683 742.439 08:04:34
5.076 144.098 732.195 08:04:35
5.072 158.073 803.415 08:04:36
5.072 257.976 1199.512 08:04:37
5.076 190.780 812.195 08:04:38
5.080 144.683 737.073 08:04:39
5.076 147.585 745.854 08:04:40
5.076 225.780 761.463 08:04:41
5.048 239.488 1282.927 08:04:42
5.072 213.976 1263.415 08:04:43
5.072 147.390 901.463 08:04:44
5.072 216.585 1130.244 08:04:45
5.076 159.585 809.756 08:04:46
5.076 158.878 807.317 08:04:47
5.068 242.585 1346.829 08:04:48
5.072 175.488 813.659 08:04:49
5.064 411.659 1410.732 08:04:50
5.076 145.195 732.195 08:04:51
5.076 157.976 800.976 08:04:52
5.076 258.780 1101.463 08:04:53
5.076 208.390 1360.976 08:04:54
5.076 157.878 801.463 08:04:55
5.072 148.293 752.195 08:04:56
5.072 180.293 805.854 08:04:57
5.076 159.585 809.756 08:04:58
5.064 154.073 741.463 08:04:59
5.068 239.488 1329.756 08:05:00
5.072 149.390 756.098 08:05:01
5.076 159.390 803.415 08:05:02
5.068 159.976 815.122 08:05:03
5.076 197.293 977.561 08:05:04
5.072 159.976 814.634 08:05:05
5.076 146.780 743.902 08:05:06
5.072 198.390 1058.049 08:05:07
5.076 157.488 843.415 08:05:08
5.072 158.976 838.537 08:05:09
5.068 240.976 1218.049 08:05:10
5.076 171.293 770.244 08:05:11
5.076 145.195 731.220 08:05:12
5.076 147.780 759.512 08:05:13
5.076 159.683 810.244 08:05:14
5.060 301.073 1240.976 08:05:15
5.064 268.366 1515.122 08:05:16
5.068 178.780 1013.659 08:05:18
5.076 146.390 784.878 08:05:19
5.076 158.073 805.854 08:05:20
5.076 158.390 798.537 08:05:21
5.072 159.585 812.195 08:05:22
5.056 337.268 1733.659 08:05:23
5.076 144.488 733.659 08:05:24
5.076 182.293 1224.390 08:05:25
5.068 158.073 803.415 08:05:26
5.068 179.780 985.366 08:05:27
5.060 376.659 1831.220 08:05:28
5.072 273.171 1851.707 08:05:29
5.076 144.488 732.683 08:05:30
5.076 160.488 813.659 08:05:31
5.076 157.976 802.439 08:05:32
5.068 266.878 1350.732 08:05:33
5.068 180.683 1036.585 08:05:34
5.072 144.488 732.195 08:05:35
5.076 157.488 799.024 08:05:36
5.076 157.976 803.415 08:05:37
5.072 205.171 1070.732 08:05:38
5.076 144.293 734.634 08:05:39
5.072 149.976 759.512 08:05:40
5.072 159.488 810.244 08:05:41
5.076 158.878 810.244 08:05:42
5.068 468.854 2115.610 08:05:43
5.076 145.878 1150.244 08:05:44
5.076 144.293 737.561 08:05:45
5.072 157.780 803.415 08:05:46
5.064 159.585 812.683 08:05:47
5.076 158.073 802.439 08:05:48
5.056 365.171 1499.512 08:05:49
5.076 162.488 739.512 08:05:50
5.076 144.488 738.537 08:05:51
5.076 158.878 808.780 08:05:52
5.072 193.683 1007.805 08:05:53
5.072 144.293 732.195 08:05:54
5.076 157.976 801.463 08:05:55
5.076 157.488 800.000 08:05:56
5.072 222.976 1069.268 08:05:57
5.076 144.390 988.780 08:05:58
5.076 175.073 766.341 08:05:59
5.072 159.780 810.244 08:06:00
5.076 159.683 810.244 08:06:01
5.068 400.171 2045.366 08:06:02
5.068 183.073 1242.927 08:06:03
5.076 144.195 847.317 08:06:04
5.076 174.073 807.805 08:06:05
5.076 159.488 810.244 08:06:06
5.076 158.976 807.317 08:06:07
5.068 224.878 1727.805 08:06:08
5.068 216.878 1060.000 08:06:09
5.080 145.098 732.195 08:06:10
5.064 284.683 1452.195 08:06:11
5.072 211.268 1047.805 08:06:12
5.076 145.195 736.098 08:06:13
5.060 315.268 1258.049 08:06:14
5.076 160.293 813.659 08:06:15
5.076 158.390 803.902 08:06:16
5.076 149.098 847.317 08:06:17
5.072 145.878 743.415 08:06:18
5.076 159.585 810.244 08:06:19
5.072 145.098 732.195 08:06:20
5.068 245.488 1250.732 08:06:21
5.068 190.390 963.902 08:06:22
5.072 203.293 744.878 08:06:23
5.072 254.171 1185.854 08:06:24
5.076 144.293 732.683 08:06:25
5.064 250.171 1245.366 08:06:26
5.076 160.293 810.244 08:06:27
5.068 210.171 1787.805 08:06:28
5.072 170.195 810.244 08:06:29
5.076 162.073 728.780 08:06:30
5.076 161.073 866.341 08:06:31
5.076 145.780 732.195 08:06:32
5.060 321.561 1637.561 08:06:33
5.072 159.293 884.878 08:06:34
5.076 145.098 732.195 08:06:35
5.068 243.073 1219.512 08:06:36
5.076 163.585 740.976 08:06:37
5.076 158.195 804.878 08:06:38
5.076 159.195 752.195 08:06:39
5.072 206.780 1099.024 08:06:40
5.068 196.585 990.244 08:06:41
5.076 146.195 742.439 08:06:42
5.072 266.683 1263.415 08:06:43
5.076 144.780 731.220 08:06:44
5.060 323.366 1604.878 08:06:45
5.076 144.390 737.073 08:06:46
5.076 144.585 732.683 08:06:47
5.072 149.976 801.463 08:06:48
5.076 144.293 732.195 08:06:49
5.076 159.585 808.780 08:06:50
5.076 147.585 752.683 08:06:51
5.076 144.390 736.098 08:06:52
5.068 247.268 1254.146 08:06:53
5.072 154.878 743.902 08:06:54
5.072 200.073 969.268 08:06:55
5.068 181.488 808.780 08:06:56
5.076 144.293 728.293 08:06:57
5.076 256.171 811.220 08:06:58
5.076 146.488 741.463 08:06:59
5.076 151.780 765.854 08:07:00
5.076 149.585 1096.585 08:07:01
5.076 145.098 736.098 08:07:02
5.076 159.976 812.195 08:07:03
5.076 147.780 739.512 08:07:04
5.076 159.488 809.756 08:07:05
5.072 150.098 760.976 08:07:06
5.072 178.293 1395.610 08:07:07
5.072 150.098 760.976 08:07:08
5.076 148.976 752.195 08:07:09
5.064 250.171 1407.317 08:07:10
5.076 146.683 742.439 08:07:11
5.072 264.463 1240.488 08:07:13
5.072 171.293 763.902 08:07:14
5.072 144.293 734.634 08:07:15
5.064 339.073 1647.317 08:07:16
5.076 200.683 922.927 08:07:17
5.068 244.366 1238.049 08:07:18
5.072 184.293 904.878 08:07:19
5.076 173.878 880.976 08:07:20
5.072 211.878 1062.927 08:07:21
5.068 241.780 1536.098 08:07:22
5.076 146.683 794.634 08:07:23
5.076 157.878 797.561 08:07:24
5.076 157.878 1223.415 08:07:25
5.076 148.195 756.098 08:07:26
5.072 157.683 800.000 08:07:27
5.076 169.293 855.122 08:07:28
5.072 197.073 1004.878 08:07:29
5.076 145.195 732.195 08:07:30
5.076 166.780 810.244 08:07:31
5.076 159.780 807.317 08:07:32
5.068 281.366 1048.780 08:07:33
5.064 331.976 1666.341 08:07:34
5.076 154.073 733.659 08:07:35
5.072 145.878 790.244 08:07:36
5.072 159.683 810.244 08:07:37
5.076 157.293 798.537 08:07:38
5.076 158.195 802.439 08:07:39
5.076 146.780 749.756 08:07:40
5.076 146.585 792.195 08:07:41
5.072 226.171 1030.244 08:07:42
5.076 157.488 803.415 08:07:43
5.068 247.878 811.220 08:07:44
5.068 248.585 1605.854 08:07:45
5.072 235.780 1041.463 08:07:46
5.076 145.976 741.463 08:07:47
5.076 257.171 813.659 08:07:48
5.072 160.293 816.098 08:07:49
5.076 160.488 1185.366 08:07:50
5.068 292.463 1243.415 08:07:51
5.080 148.683 752.683 08:07:52
5.076 156.780 800.000 08:07:53
5.060 310.878 1856.585 08:07:54
5.072 147.098 740.000 08:07:55
5.076 145.390 732.683 08:07:56
5.072 157.195 817.561 08:07:57
5.076 162.488 820.976 08:07:58
5.068 241.073 1315.610 08:07:59
5.072 217.073 1058.049 08:08:00
5.076 145.683 738.537 08:08:01
5.076 209.976 763.902 08:08:02
5.072 159.683 800.000 08:08:03
5.076 159.976 809.756 08:08:04
5.068 244.366 1479.512 08:08:05
5.068 221.976 1121.951 08:08:06
5.068 218.488 1111.707 08:08:07
5.076 146.683 739.512 08:08:08
5.076 160.390 807.805 08:08:09
5.076 147.976 757.561 08:08:10
5.076 157.390 801.463 08:08:11
5.072 159.390 1338.537 08:08:12
5.076 145.390 737.073 08:08:13
5.076 159.488 797.561 08:08:14
5.072 150.488 1079.024 08:08:15
5.048 380.171 1225.366 08:08:16
5.076 213.585 1182.927 08:08:17
5.076 144.293 732.195 08:08:18
5.068 240.585 1221.951 08:08:19
5.076 157.073 801.463 08:08:20
5.076 157.976 800.976 08:08:21
5.064 301.683 1457.073 08:08:22
5.064 397.073 1476.098 08:08:23
5.068 309.561 1426.829 08:08:24
5.080 145.878 743.415 08:08:25
5.076 148.293 752.195 08:08:26
5.076 144.976 732.683 08:08:27
5.076 154.073 782.439 08:08:28
5.068 254.171 2226.829 08:08:29
5.072 216.878 1099.024 08:08:30
5.072 238.073 1233.171 08:08:31
5.072 145.585 1048.780 08:08:32
5.076 159.585 810.244 08:08:33
5.072 158.073 802.439 08:08:34
5.068 244.683 1600.976 08:08:35
5.064 240.268 1237.073 08:08:36
5.076 146.878 740.976 08:08:37
5.076 204.171 1380.488 08:08:38
5.076 149.683 755.122 08:08:39
5.076 159.683 811.220 08:08:40
5.076 159.073 808.780 08:08:41
5.072 198.585 925.366 08:08:42
5.076 159.878 808.780 08:08:43
5.076 144.585 733.659 08:08:44
5.076 159.585 861.463 08:08:45
5.076 154.293 860.976 08:08:46
5.072 210.878 1048.780 08:08:47
5.072 183.073 979.024 08:08:48
5.076 144.293 732.683 08:08:49
5.072 196.171 1539.512 08:08:50
5.072 162.073 822.439 08:08:51
5.076 149.780 757.561 08:08:52
5.076 145.098 735.122 08:08:53
5.080 157.195 799.024 08:08:54
5.064 335.878 1634.634 08:08:55
5.068 244.366 1230.244 08:08:56
5.076 144.390 779.024 08:08:57
5.068 241.780 1305.366 08:08:58
5.076 157.488 861.463 08:08:59
5.076 144.195 732.683 08:09:00
5.072 158.073 803.415 08:09:01
5.076 144.585 737.073 08:09:02
5.072 221.878 1123.902 08:09:03
5.076 144.976 732.683 08:09:04
5.076 203.585 1173.171 08:09:05
5.076 145.390 744.878 08:09:06
5.076 157.780 798.537 08:09:08
5.076 159.683 810.244 08:09:09
5.076 144.683 737.073 08:09:10
5.072 242.488 1234.146 08:09:11
5.068 200.585 800.976 08:09:12
5.068 273.463 1232.195 08:09:13
5.072 246.780 807.805 08:09:14
5.068 243.171 1231.707 08:09:15
5.076 178.293 920.000 08:09:16
5.068 199.976 965.366 08:09:17
5.076 144.390 733.659 08:09:18
5.072 146.390 740.976 08:09:19
5.076 157.976 801.463 08:09:20
5.072 160.195 972.683 08:09:21
5.076 144.683 732.683 08:09:22
5.072 245.268 1084.390 08:09:23
5.068 224.780 980.488 08:09:24
5.068 190.878 1024.390 08:09:25
5.072 159.780 811.220 08:09:26
5.072 157.878 801.463 08:09:27
5.076 157.878 798.537 08:09:28
5.072 195.390 991.220 08:09:29
5.068 146.878 966.829 08:09:30
5.072 150.683 1049.268 08:09:31
5.072 157.780 800.976 08:09:32
5.076 158.390 803.902 08:09:33
5.072 211.488 1066.341 08:09:34
5.072 205.878 1162.927 08:09:35
5.076 144.780 732.195 08:09:36
5.076 244.683 810.244 08:09:37
5.072 170.073 899.024 08:09:38
5.072 161.390 808.780 08:09:39
5.064 273.683 1400.488 08:09:40
5.076 144.488 752.683 08:09:41
5.076 148.293 757.561 08:09:42
5.072 159.585 812.195 08:09:43
5.068 158.878 805.854 08:09:44
5.060 325.268 1612.195 08:09:45
5.072 206.171 1046.341 08:09:46
5.076 144.293 732.683 08:09:47
5.076 159.878 810.244 08:09:48
5.076 158.488 803.902 08:09:49
5.072 253.585 963.902 08:09:50
5.068 360.073 2064.390 08:09:51
5.072 160.390 813.659 08:09:52
5.076 158.293 802.439 08:09:53
5.076 149.585 760.000 08:09:54
5.072 186.073 856.585 08:09:55
5.076 144.293 732.683 08:09:56
5.072 178.195 1142.927 08:09:57
5.076 160.585 814.634 08:09:58
5.072 246.683 1499.512 08:09:59
5.072 258.073 1208.293 08:10:00
5.072 175.683 849.756 08:10:01
5.076 145.098 732.683 08:10:02
5.072 159.195 809.756 08:10:03
5.072 275.585 991.220 08:10:04
5.068 241.878 811.220 08:10:05
5.068 246.171 1213.171 08:10:06
5.076 146.683 1020.000 08:10:07
5.076 158.683 855.122 08:10:08
5.076 159.585 808.780 08:10:09
5.068 246.976 1244.390 08:10:10
5.076 247.683 929.268 08:10:11
5.076 157.878 800.976 08:10:12
5.080 147.195 741.463 08:10:13
5.076 157.976 801.463 08:10:14
5.072 158.683 804.878 08:10:15
5.076 159.585 803.902 08:10:16
5.076 146.683 764.878 08:10:17
5.072 266.171 1066.341 08:10:18
5.076 144.390 733.659 08:10:19
5.068 243.780 1230.732 08:10:20
5.076 241.585 810.244 08:10:21
5.072 205.488 1040.488 08:10:22
5.068 219.780 1111.707 08:10:23
5.076 145.293 736.098 08:10:24
5.076 190.390 960.000 08:10:25
5.072 180.293 868.780 08:10:26
5.076 146.390 743.902 08:10:27
5.072 157.976 802.439 08:10:28
5.068 248.780 1600.976 08:10:29
5.076 162.390 823.902 08:10:30
5.068 223.073 1185.854 08:10:31
5.076 144.293 737.073 08:10:32
5.072 159.585 809.756 08:10:33
5.072 189.683 916.585 08:10:34
5.076 155.390 729.756 08:10:35
5.072 160.293 1625.854 08:10:36
5.068 225.683 1378.049 08:10:37
5.072 159.488 807.317 08:10:38
5.076 147.195 743.415 08:10:39
5.072 158.780 811.220 08:10:40
5.072 157.780 798.537 08:10:41
5.068 241.171 1222.927 08:10:42
5.072 222.171 1121.951 08:10:43
5.076 145.293 737.073 08:10:44
5.068 243.878 1212.195 08:10:45
5.068 188.073 873.659 08:10:46
5.076 158.976 807.317 08:10:47
5.060 355.976 2063.415 08:10:48
5.064 210.488 1020.488 08:10:50
5.076 197.073 1016.585 08:10:51
5.076 160.488 810.244 08:10:52
5.076 159.780 816.098 08:10:53
5.076 146.780 740.976 08:10:54
5.076 160.073 876.585 08:10:55
5.068 240.366 1835.610 08:10:56
5.068 251.073 986.341 08:10:57
5.072 206.073 1413.659 08:10:58
5.076 145.195 733.659 08:10:59
5.072 158.073 810.244 08:11:00
5.056 289.171 1226.829 08:11:01
5.064 200.683 1108.293 08:11:02
5.076 158.293 800.000 08:11:03
5.076 144.976 731.220 08:11:04
5.076 159.488 811.220 08:11:05
5.076 158.195 803.415 08:11:06
5.072 205.683 1002.439 08:11:07
5.064 284.780 1271.707 08:11:08
5.076 147.098 768.780 08:11:09
5.076 159.780 809.756 08:11:10
5.072 159.488 810.244 08:11:11
5.068 209.780 1069.268 08:11:12
5.072 217.585 1150.244 08:11:13
5.076 146.098 744.878 08:11:14
5.076 159.585 810.244 08:11:15
5.072 159.780 812.195 08:11:16
5.048 320.780 1646.341 08:11:17
5.076 158.390 803.415 08:11:18
5.072 144.780 738.537 08:11:19
5.072 248.585 1240.488 08:11:20
5.076 144.488 736.098 08:11:21
5.076 158.195 803.415 08:11:22
5.076 158.878 810.244 08:11:23
5.072 148.878 751.220 08:11:24
5.076 173.073 766.341 08:11:25
5.072 145.976 796.098 08:11:26
5.076 160.390 809.756 08:11:27
5.060 205.585 1147.805 08:11:28
5.076 147.780 747.317 08:11:29
5.076 159.683 808.780 08:11:30
5.072 146.098 740.000 08:11:31
5.072 159.683 1061.463 08:11:32
5.076 158.073 803.415 08:11:33
5.068 240.585 1218.049 08:11:34
5.076 158.073 803.415 08:11:35
5.056 278.976 1239.024 08:11:36
5.076 146.195 772.683 08:11:37
5.072 146.293 748.293 08:11:38
5.072 146.390 748.293 08:11:39
5.072 159.195 813.659 08:11:40
5.072 159.976 858.537 08:11:41
5.064 300.171 984.878 08:11:42
5.076 144.293 730.732 08:11:43
5.076 159.585 803.415 08:11:44
5.076 159.976 798.537 08:11:45
5.072 283.683 1309.268 08:11:46
5.072 258.683 1047.805 08:11:47
5.076 146.780 742.439 08:11:48
5.072 159.390 811.220 08:11:49
5.076 157.976 802.439 08:11:50
5.076 183.171 803.902 08:11:51
5.076 146.780 740.976 08:11:52
5.076 157.293 803.415 08:11:53
5.076 153.195 777.073 08:11:54
5.072 209.976 1225.854 08:11:55
5.072 229.073 1072.683 08:11:56
5.076 143.878 733.659 08:11:57
5.072 158.488 802.439 08:11:58
5.072 158.683 811.220 08:11:59
5.060 321.976 1618.537 08:12:00
5.076 160.073 814.634 08:12:01
5.068 190.390 966.829 08:12:02
5.076 159.683 806.341 08:12:03
5.076 144.488 732.683 08:12:04
5.052 451.561 2032.683 08:12:05
5.076 147.098 738.537 08:12:06
5.076 145.293 737.073 08:12:07
5.068 213.390 1086.829 08:12:08
5.080 146.878 745.854 08:12:09
5.072 159.293 863.902 08:12:10
5.076 150.683 767.317 08:12:11
5.072 184.683 954.146 08:12:12
5.068 229.585 1096.585 08:12:13
5.076 145.098 737.073 08:12:14
5.076 161.390 818.537 08:12:15
5.072 157.976 803.415 08:12:16
5.064 157.780 927.805 08:12:17
5.068 236.683 763.902 08:12:18
5.076 146.390 740.000 08:12:19
5.072 200.780 1095.610 08:12:20
5.072 160.585 744.878 08:12:21
5.052 352.268 1710.244 08:12:22
5.068 196.878 1280.976 08:12:23
5.080 144.098 732.683 08:12:24
5.076 160.073 1305.854 08:12:25
5.076 146.488 745.854 08:12:26
5.060 322.366 1686.341 08:12:27
5.072 147.098 744.878 08:12:28
5.076 144.976 732.195 08:12:29
5.068 146.390 1022.927 08:12:30
5.076 143.976 730.732 08:12:31
5.076 327.171 1240.488 08:12:32
5.068 185.976 1056.585 08:12:33
5.068 216.976 1103.902 08:12:34
5.076 149.683 760.000 08:12:35
5.076 144.195 732.683 08:12:36
5.068 191.171 974.146 08:12:37
5.064 412.756 2458.537 08:12:38
5.076 203.293 1039.024 08:12:39
5.076 145.976 1022.439 08:12:40
5.072 157.293 800.000 08:12:41
5.076 157.780 803.415 08:12:42
5.068 238.585 1478.537 08:12:44
5.068 240.780 1223.415 08:12:45
5.072 205.976 1172.683 08:12:46
5.076 144.976 733.659 08:12:47
5.076 157.878 801.463 08:12:48
5.076 159.683 814.634 08:12:49
5.068 237.878 1235.610 08:12:50
5.068 241.268 1225.854 08:12:51
5.076 145.195 734.634 08:12:52
5.076 159.585 810.244 08:12:53
5.060 272.585 1477.561 08:12:54
5.068 216.780 1255.610 08:12:55
5.076 145.488 743.902 08:12:56
5.072 161.488 742.439 08:12:57
5.072 160.488 811.220 08:12:58
5.076 157.780 804.878 08:12:59
5.072 211.268 1075.122 08:13:00
5.068 274.268 1568.293 08:13:01
5.076 160.073 811.220 08:13:02
5.076 159.585 810.244 08:13:03
5.072 249.073 1279.512 08:13:04
5.072 219.780 1059.024 08:13:05
5.080 148.293 756.098 08:13:06
5.072 267.463 1066.341 08:13:07
5.072 157.878 797.073 08:13:08
5.072 292.878 991.707 08:13:09
5.072 159.780 1240.976 08:13:10
5.052 470.659 1623.415 08:13:11
5.076 147.683 746.341 08:13:12
5.076 270.366 1114.146 08:13:13
5.072 158.585 803.415 08:13:14
5.072 159.878 810.244 08:13:15
5.068 239.683 1660.000 08:13:16
5.072 183.878 907.805 08:13:17
5.072 151.293 769.756 08:13:18
5.076 159.585 812.195 08:13:19
5.072 158.390 797.561 08:13:20
5.068 446.756 2304.390 08:13:21
5.072 220.976 908.780 08:13:22
5.076 146.585 747.317 08:13:23
5.076 159.976 887.317 08:13:24
5.076 158.390 802.439 08:13:25
5.064 248.073 1233.171 08:13:26
5.072 182.683 1107.805 08:13:27
5.072 204.878 1002.927 08:13:28
5.076 147.976 740.976 08:13:29
5.076 149.976 1080.488 08:13:30
5.076 157.488 1255.610 08:13:31
5.068 259.976 1255.610 08:13:32
5.060 211.488 1121.951 08:13:33
5.072 146.098 745.854 08:13:34
5.076 144.585 782.439 08:13:35
5.076 176.073 816.098 08:13:36
5.076 158.293 805.854 08:13:37
5.072 217.683 1099.024 08:13:38
5.072 158.293 803.415 08:13:39
5.076 159.780 807.805 08:13:40
5.076 213.976 742.439 08:13:41
5.076 159.780 811.220 08:13:42
5.076 158.878 811.220 08:13:43
5.076 158.390 803.902 08:13:44
5.068 252.976 1246.829 08:13:45
5.068 193.878 1039.024 08:13:46
5.076 145.976 788.780 08:13:47
5.076 146.293 745.854 08:13:48
5.080 158.488 802.439 08:13:49
5.072 157.293 801.463 08:13:50
5.068 271.878 1364.878 08:13:51
5.072 180.390 895.122 08:13:52
5.076 159.073 1017.561 08:13:53
5.072 245.073 1245.854 08:13:54
5.076 146.780 740.000 08:13:55
5.076 146.683 742.439 08:13:56
5.080 146.878 747.317 08:13:57
5.076 160.585 816.098 08:13:58
5.064 275.976 1353.659 08:13:59
5.056 291.366 1782.439 08:14:00
5.060 241.780 2017.073 08:14:01
5.076 145.098 733.659 08:14:02
5.072 157.390 801.463 08:14:03
5.064 248.171 811.220 08:14:04
5.076 159.195 807.317 08:14:05
5.076 162.976 824.878 08:14:06
5.064 256.268 780.000 08:14:07
5.076 188.878 897.561 08:14:08
5.068 185.585 745.854 08:14:09
5.076 243.878 812.195 08:14:10
5.072 160.195 911.707 08:14:11
5.068 222.683 1129.268 08:14:12
5.076 146.780 749.756 08:14:13
5.076 143.976 733.659 08:14:14
5.064 243.780 1245.366 08:14:15
5.076 174.195 809.756 08:14:16
5.076 160.488 812.683 08:14:17
5.072 211.683 1046.829 08:14:18
5.068 177.073 871.220 08:14:19
5.076 147.780 1067.805 08:14:20
5.076 157.878 797.561 08:14:21
5.064 246.488 1245.366 08:14:22
5.076 158.293 1076.585 08:14:23
5.064 283.268 1384.390 08:14:24
5.076 198.585 743.902 08:14:25
5.076 145.195 1015.122 08:14:26
5.072 157.488 801.463 08:14:27
5.068 158.683 802.439 08:14:28
5.064 331.171 1683.415 08:14:29
5.072 146.195 940.488 08:14:30
5.076 158.976 742.439 08:14:31
5.076 159.780 811.220 08:14:32
5.072 158.195 802.439 08:14:33
5.068 281.878 937.561 08:14:34
5.072 197.171 1012.683 08:14:35
5.076 144.878 732.683 08:14:36
5.076 159.976 841.463 08:14:38
5.076 144.390 733.659 08:14:39
5.052 375.976 1634.634 08:14:40
5.068 247.171 1287.805 08:14:41
5.076 150.878 1022.927 08:14:42
5.076 150.585 815.122 08:14:43
5.072 159.683 928.780 08:14:44
5.068 246.073 1221.463 08:14:45
5.076 144.585 737.561 08:14:46
5.068 206.878 1042.927 08:14:47
5.072 238.683 1066.341 08:14:48
5.076 155.293 740.976 08:14:49
5.072 158.195 803.415 08:14:50
5.072 159.585 815.122 08:14:51
5.072 245.683 1381.951 08:14:52
5.076 145.098 746.341 08:14:53
5.076 145.293 737.561 08:14:54
5.076 158.073 801.463 08:14:55
5.068 244.366 1292.195 08:14:56
5.076 209.488 780.976 08:14:57
5.072 171.878 942.927 08:14:58
5.076 144.976 732.195 08:14:59
5.076 151.293 986.829 08:15:00
5.076 157.976 800.000 08:15:01
5.076 158.073 803.415 08:15:02
5.044 241.585 1246.829 08:15:03
5.076 170.780 936.098 08:15:04
5.076 151.585 765.854 08:15:05
5.076 146.976 743.415 08:15:06
5.068 239.366 1231.707 08:15:07
5.076 157.488 847.317 08:15:08
5.064 282.463 1478.537 08:15:09
5.068 161.488 745.854 08:15:10
5.076 147.098 746.341 08:15:11
5.072 161.488 1312.195 08:15:12
5.068 287.463 1520.000 08:15:13
5.072 220.390 1118.049 08:15:14
5.068 236.268 1380.488 08:15:15
5.076 146.195 744.878 08:15:16
5.076 150.976 827.317 08:15:17
5.072 203.171 983.902 08:15:18
5.076 159.878 810.244 08:15:19
5.072 187.780 1039.024 08:15:20
5.072 193.878 982.927 08:15:21
5.076 146.683 744.878 08:15:22
5.072 157.878 802.439 08:15:23
5.076 158.390 803.415 08:15:24
5.076 159.780 808.780 08:15:25
5.072 240.976 1221.463 08:15:26
5.072 205.683 1073.171 08:15:27
5.076 144.195 737.073 08:15:28
5.076 148.780 752.683 08:15:29
5.072 157.073 802.439 08:15:30
5.072 251.171 1250.244 08:15:31
5.064 366.976 1394.634 08:15:32
5.072 218.390 1106.341 08:15:33
5.076 147.098 740.976 08:15:34
5.076 148.488 749.756 08:15:35
5.076 158.293 798.537 08:15:36
5.072 173.293 812.683 08:15:37
5.068 325.073 1309.268 08:15:38
5.068 186.171 986.829 08:15:39
5.068 159.780 807.317 08:15:40
5.076 158.195 802.439 08:15:41
5.068 240.171 1458.537 08:15:42
5.076 160.073 811.220 08:15:43
5.072 181.293 920.000 08:15:44
5.076 150.488 765.854 08:15:45
5.072 159.585 811.220 08:15:46
5.076 242.878 811.220 08:15:47
5.076 159.878 811.220 08:15:48
5.072 201.390 908.780 08:15:49
5.068 253.366 1281.951 08:15:50
5.076 145.683 732.683 08:15:51
5.072 197.171 980.488 08:15:52
5.072 157.488 1580.976 08:15:53
5.072 180.390 897.561 08:15:54
5.076 158.293 804.878 08:15:55
5.076 159.780 809.756 08:15:56
5.064 265.683 1062.927 08:15:57
5.076 159.976 811.220 08:15:58
5.072 151.976 777.073 08:15:59
5.076 158.780 805.854 08:16:00
5.076 148.878 757.073 08:16:01
5.076 157.585 803.902 08:16:02
5.076 159.780 811.220 08:16:03
5.076 144.878 737.561 08:16:04
5.072 210.976 1069.268 08:16:05
5.076 145.390 735.122 08:16:06
5.072 238.366 1704.878 08:16:07
5.068 160.195 1468.780 08:16:08
5.072 177.585 962.439 08:16:09
5.076 152.585 770.244 08:16:10
5.076 145.878 743.902 08:16:11
5.064 243.683 1246.829 08:16:12
5.068 190.073 920.000 08:16:13
5.064 317.780 1246.829 08:16:14
5.076 149.293 759.512 08:16:15
5.076 144.585 739.512 08:16:16
5.064 245.366 1215.610 08:16:17
5.072 146.293 746.341 08:16:18
5.068 240.268 1221.951 08:16:19
5.076 144.683 738.537 08:16:20
5.076 145.195 737.073 08:16:21
5.076 159.976 1390.732 08:16:22
5.076 154.073 742.439 08:16:23
5.060 242.976 1639.024 08:16:24
5.076 200.585 741.463 08:16:25
5.072 198.073 1011.707 08:16:26
5.076 159.390 810.244 08:16:27
5.076 144.976 732.683 08:16:28
5.060 352.756 1913.171 08:16:29
5.076 145.976 741.463 08:16:30
5.076 307.561 1174.146 08:16:32
5.076 145.390 740.976 08:16:33
5.076 144.683 736.098 08:16:34
5.076 186.976 883.902 08:16:35
5.076 158.195 802.439 08:16:36
5.064 239.878 1214.146 08:16:37
5.076 159.780 810.244 08:16:38
5.068 157.878 802.439 08:16:39
5.076 146.293 745.854 08:16:40
5.076 145.976 742.439 08:16:41
5.076 159.780 811.220 08:16:42
5.076 158.390 802.439 08:16:43
5.068 244.488 1212.195 08:16:44
5.072 199.171 974.146 08:16:45
5.072 215.780 1348.293 08:16:46
5.076 210.976 997.561 08:16:47
5.072 159.585 810.244 08:16:48
5.072 210.585 811.220 08:16:49
5.072 158.488 813.659 08:16:50
5.076 158.780 801.463 08:16:51
5.076 149.293 754.634 08:16:52
5.072 159.780 811.220 08:16:53
5.076 195.683 990.244 08:16:54
5.072 144.488 737.073 08:16:55
5.076 145.878 744.878 08:16:56
5.072 172.293 810.244 08:16:57
5.076 170.488 860.000 08:16:58
5.068 240.683 1220.488 08:16:59
5.072 158.390 808.780 08:17:00
5.076 146.683 877.561 08:17:01
5.072 247.585 808.780 08:17:02
5.076 158.293 802.439 08:17:03
5.076 158.195 1129.268 08:17:04
5.072 373.659 1649.756 08:17:05
5.076 146.780 740.976 08:17:06
5.072 150.585 764.878 08:17:07
5.076 249.073 806.341 08:17:08
5.068 239.585 1324.390 08:17:09
5.076 378.976 1353.659 08:17:10
5.072 184.171 1128.293 08:17:11
5.072 179.780 852.195 08:17:12
5.076 144.195 1064.390 08:17:13
5.076 160.488 808.780 08:17:14
5.072 159.390 811.220 08:17:15
5.076 198.878 969.268 08:17:16
5.076 147.195 741.463 08:17:17
5.076 205.976 744.878 08:17:18
5.072 206.073 975.122 08:17:19
5.076 205.171 801.463 08:17:20
5.064 268.073 1353.659 08:17:21
5.068 242.780 1230.732 08:17:22
5.076 145.585 737.073 08:17:23
5.076 159.878 812.195 08:17:24
5.076 158.195 801.463 08:17:25
5.068 242.585 1225.366 08:17:26
5.068 220.268 1317.073 08:17:27
5.076 146.780 749.756 08:17:28
5.068 190.976 931.220 08:17:29
5.076 144.390 734.634 08:17:30
5.076 157.293 800.000 08:17:31
5.076 245.073 951.707 08:17:32
5.072 198.293 1005.366 08:17:33
5.068 252.585 1227.805 08:17:34
5.076 145.098 786.341 08:17:35
5.060 287.561 818.537 08:17:36
5.072 159.780 807.317 08:17:37
5.076 187.171 976.098 08:17:38
5.076 146.390 740.976 08:17:39
5.076 144.195 734.634 08:17:40
5.072 184.171 1056.585 08:17:41
5.076 146.098 744.878 08:17:42
5.060 334.463 1940.488 08:17:43
5.076 159.780 810.244 08:17:44
5.072 218.073 1131.707 08:17:45
5.076 173.073 808.780 08:17:46
5.076 146.098 733.659 08:17:47
5.076 159.195 798.537 08:17:48
5.068 146.878 1052.683 08:17:49
5.076 157.976 801.463 08:17:50
5.072 161.073 813.659 08:17:51
5.076 144.293 736.098 08:17:52
5.072 255.366 1320.976 08:17:53
5.072 158.293 797.561 08:17:54
5.080 146.488 777.073 08:17:55
5.072 186.073 911.220 08:17:56
5.076 145.683 740.000 08:17:57
5.072 159.780 811.220 08:17:58
5.072 144.488 738.537 08:17:59
5.076 158.195 801.463 08:18:00
5.076 158.488 809.756 08:18:01
5.076 157.780 803.415 08:18:02
5.076 158.488 837.561 08:18:03
5.076 204.976 995.610 08:18:04
5.072 144.488 1000.000 08:18:05
5.076 148.195 752.683 08:18:06
5.076 159.878 810.244 08:18:07
5.068 240.073 1214.634 08:18:08
5.076 220.488 1115.610 08:18:09
5.064 197.878 1003.902 08:18:10
5.064 147.390 748.293 08:18:11
5.076 158.195 807.317 08:18:12
5.072 160.488 949.268 08:18:13
5.072 246.366 1254.634 08:18:14
5.072 227.585 1151.707 08:18:15
5.076 144.585 739.512 08:18:16
5.076 158.293 797.561 08:18:17
5.076 158.488 803.902 08:18:18
5.076 162.683 803.415 08:18:19
5.064 239.073 1225.854 08:18:20
5.076 146.878 745.854 08:18:21
5.064 206.976 1044.390 08:18:22
5.076 148.585 756.098 08:18:23
5.072 157.976 800.976 08:18:24
5.072 178.488 1237.073 08:18:26
5.076 189.976 920.000 08:18:27
5.076 195.780 802.439 08:18:28
5.076 159.780 810.244 08:18:29
5.072 158.293 800.000 08:18:30
5.076 236.780 933.659 08:18:31
5.076 146.683 1006.829 08:18:32
5.076 148.390 757.561 08:18:33
5.076 167.390 833.659 08:18:34
5.076 160.195 812.195 08:18:35
5.076 159.878 1257.073 08:18:36
5.072 210.488 1064.390 08:18:37
5.072 208.878 1091.707 08:18:38
5.076 145.488 1015.610 08:18:39
5.072 159.195 807.805 08:18:40
5.076 159.585 805.854 08:18:41
5.064 394.366 1473.659 08:18:42
5.072 255.073 809.756 08:18:43
5.076 144.976 735.122 08:18:44
5.076 150.780 752.683 08:18:45
5.072 146.195 745.854 08:18:46
5.072 159.976 811.220 08:18:47
5.076 159.683 811.220 08:18:48
5.068 242.683 1229.268 08:18:49
5.068 211.390 1073.171 08:18:50
5.076 146.098 740.976 08:18:51
5.076 158.195 803.415 08:18:52
5.076 157.488 799.024 08:18:53
5.072 146.098 744.878 08:18:54
5.076 159.878 810.244 08:18:55
5.076 145.390 732.683 08:18:56
5.060 330.878 1663.415 08:18:57
5.068 253.976 1607.317 08:18:58
5.076 146.585 768.780 08:18:59
5.076 159.878 811.220 08:19:00
5.072 159.780 811.220 08:19:01
5.060 313.780 1555.122 08:19:02
5.072 161.073 811.220 08:19:03
5.076 144.390 737.561 08:19:04
5.072 159.195 810.244 08:19:05
5.076 201.780 742.439 08:19:06
5.068 217.585 1095.122 08:19:07
5.076 147.293 735.122 08:19:08
5.076 145.488 742.439 08:19:09
5.068 241.073 1227.805 08:19:10
5.076 152.683 765.854 08:19:11
5.064 275.463 1569.756 08:19:12
5.076 145.976 747.317 08:19:13
5.076 157.293 808.780 08:19:14
5.068 253.073 1225.366 08:19:15
5.072 212.585 1077.561 08:19:16
5.060 307.659 1653.659 08:19:17
5.076 146.098 762.439 08:19:18
5.076 158.195 797.561 08:19:19
5.076 157.585 800.000 08:19:20
5.076 158.073 802.439 08:19:21
5.060 463.366 2032.683 08:19:22
5.076 229.683 1062.927 08:19:23
5.076 152.683 736.098 08:19:24
5.068 204.390 746.341 08:19:25
5.072 157.878 1230.244 08:19:26
5.072 159.878 913.659 08:19:27
5.068 233.976 1066.341 08:19:28
5.072 218.585 1064.390 08:19:29
5.072 155.390 758.537 08:19:30
5.076 159.585 867.317 08:19:31
5.076 159.585 807.805 08:19:32
5.072 185.976 901.463 08:19:33
5.076 163.585 760.000 08:19:34
5.076 159.976 810.244 08:19:35
5.076 160.073 812.683 08:19:36
5.068 461.561 2296.098 08:19:37
5.068 205.780 1042.927 08:19:38
5.076 145.878 743.415 08:19:39
5.068 188.976 1221.951 08:19:40
5.076 159.585 811.220 08:19:41
5.068 277.366 962.439 08:19:42
5.068 307.878 1379.512 08:19:43
5.068 146.195 852.683 08:19:44
5.076 183.293 911.707 08:19:45
5.076 175.780 886.341 08:19:46
5.072 175.073 892.683 08:19:47
5.076 174.585 904.878 08:19:48
5.060 262.366 1262.927 08:19:49
5.076 186.780 744.878 08:19:50
5.076 144.293 733.659 08:19:51
5.076 159.976 812.683 08:19:52
5.076 144.878 732.683 08:19:53
5.076 145.195 729.756 08:19:54
5.076 158.878 805.854 08:19:55
5.076 144.390 733.659 08:19:56
5.060 332.366 1656.585 08:19:57
5.080 144.683 733.659 08:19:58
5.076 145.195 736.098 08:19:59
5.076 150.098 755.122 08:20:00
5.076 144.488 734.634 08:20:01
5.056 402.268 2010.244 08:20:02
5.076 218.878 1180.488 08:20:03
5.076 145.098 742.439 08:20:04
5.076 148.976 757.073 08:20:05
5.076 144.976 730.732 08:20:06
5.060 324.366 1652.683 08:20:07
5.076 189.390 931.220 08:20:08
5.076 144.293 732.683 08:20:09
5.076 170.390 937.561 08:20:10
5.076 227.976 787.805 08:20:11
5.056 344.756 1892.683 08:20:12
5.076 146.195 810.244 08:20:13
5.076 144.293 732.683 08:20:14
5.076 159.780 808.780 08:20:15
5.080 149.585 756.098 08:20:16
5.072 310.268 1291.707 08:20:17
5.072 188.780 860.976 08:20:18
5.076 144.488 732.195 08:20:19
5.076 146.878 742.439 08:20:21
5.076 144.293 732.195 08:20:22
5.072 243.268 1218.049 08:20:23
5.076 237.878 1136.585 08:20:24
5.064 298.683 1462.439 08:20:25
5.076 146.390 745.854 08:20:26
5.076 144.293 731.220 08:20:27
5.076 159.878 912.683 08:20:28
5.076 145.390 733.659 08:20:29
5.072 215.390 1000.000 08:20:30
5.076 149.195 743.415 08:20:31
5.076 145.780 743.415 08:20:32
5.076 159.293 810.244 08:20:33
5.076 144.390 733.659 08:20:34
5.056 338.073 1326.829 08:20:35
5.076 146.390 743.415 08:20:36
5.076 144.488 737.561 08:20:37
5.076 158.195 803.415 08:20:38
5.076 144.488 733.659 08:20:39
5.064 281.878 1423.415 08:20:40
5.068 220.683 1092.683 08:20:41
5.080 143.878 729.756 08:20:42
5.076 149.878 757.073 08:20:43
5.076 181.293 922.927 08:20:44
5.076 172.293 933.659 08:20:45
5.076 150.098 1006.829 08:20:46
5.076 144.195 732.683 08:20:47
5.048 403.366 2037.073 08:20:48
5.076 145.390 732.195 08:20:49
5.072 150.585 743.902 08:20:50
5.076 148.293 756.098 08:20:51
5.076 146.878 748.293 08:20:52
5.076 158.195 803.415 08:20:53
5.076 145.488 737.073 08:20:54
5.076 144.195 732.683 08:20:55
5.064 245.976 1612.683 08:20:56
5.076 146.195 756.098 08:20:57
5.060 328.268 1651.220 08:20:58
5.068 204.293 1007.805 08:20:59
5.076 144.488 736.098 08:21:00
5.076 160.073 878.537 08:21:01
5.076 146.390 745.854 08:21:02
5.064 286.561 1464.878 08:21:03
5.076 149.585 754.634 08:21:04
5.076 157.976 801.463 08:21:05
5.076 159.878 811.220 08:21:06
5.076 146.976 734.634 08:21:07
5.060 328.073 1690.244 08:21:08
5.076 144.098 730.732 08:21:09
5.076 163.390 803.415 08:21:10
5.072 159.683 807.317 08:21:11
5.068 234.780 1411.220 08:21:12
5.068 217.683 1098.049 08:21:13
5.076 145.780 737.073 08:21:14
5.068 254.268 1230.732 08:21:15
5.076 149.976 758.537 08:21:16
5.076 159.683 814.634 08:21:17
5.076 158.585 802.439 08:21:18
5.072 249.073 1034.146 08:21:19
5.068 256.878 1298.537 08:21:20
5.076 145.293 736.098 08:21:21
5.068 200.171 1036.585 08:21:22
5.076 159.780 804.878 08:21:23
5.064 245.780 1233.171 08:21:24
5.076 160.073 810.244 08:21:25
5.072 146.390 783.902 08:21:26
5.064 281.171 1285.854 08:21:27
5.072 144.683 737.073 08:21:28
5.076 157.195 803.415 08:21:29
5.076 158.878 806.341 08:21:30
5.076 145.098 733.659 08:21:31
5.072 222.268 1124.390 08:21:32
5.076 144.488 732.683 08:21:33
5.068 243.171 1199.512 08:21:34
5.076 159.488 837.561 08:21:35
5.076 144.585 732.195 08:21:36
5.076 162.293 822.439 08:21:37
5.068 172.780 801.463 08:21:38
5.068 246.683 1216.585 08:21:39
5.076 146.585 750.244 08:21:40
5.060 279.463 1580.976 08:21:41
5.076 145.390 753.659 08:21:42
5.076 159.976 810.244 08:21:43
5.076 160.073 1252.195 08:21:44
5.068 199.171 915.122 08:21:45
5.064 309.659 1754.146 08:21:46
5.076 146.976 742.439 08:21:47
5.076 159.780 809.756 08:21:48
5.076 160.195 950.244 08:21:49
5.052 240.171 1220.488 08:21:50
5.068 251.780 1281.951 08:21:51
5.076 146.098 744.878 08:21:52
5.068 254.976 1230.732 08:21:53
5.068 287.976 1460.000 08:21:54
5.076 144.390 732.195 08:21:55
5.072 245.268 799.024 08:21:56
5.076 159.585 972.683 08:21:57
5.072 159.976 810.244 08:21:58
5.072 159.195 810.244 08:21:59
5.072 201.293 1022.439 08:22:00
5.076 159.780 810.244 08:22:01
5.076 146.780 744.878 08:22:02
5.072 157.976 802.439 08:22:03
5.072 157.976 801.463 08:22:04
5.068 242.488 1215.610 08:22:05
5.072 150.195 881.463 08:22:06
5.076 144.585 737.561 08:22:07
5.068 244.976 1252.195 08:22:08
5.076 145.390 737.073 08:22:09
5.072 157.780 800.000 08:22:10
5.072 147.976 743.415 08:22:11
5.072 218.683 1082.927 08:22:12
5.060 277.366 1400.488 08:22:13
5.072 167.683 1205.366 08:22:15
5.068 187.878 881.463 08:22:16
5.072 158.390 799.024 08:22:17
5.060 255.171 1285.366 08:22:18
5.060 263.171 1493.171 08:22:19
5.072 252.171 743.415 08:22:20
5.076 159.780 765.854 08:22:21
5.072 159.073 809.756 08:22:22
5.064 242.683 1236.585 08:22:23
5.060 240.366 957.561 08:22:24
5.072 205.780 1042.927 08:22:25
5.076 146.195 1019.024 08:22:26
5.072 280.585 765.854 08:22:27
5.064 159.073 807.805 08:22:28
5.076 186.780 801.463 08:22:29
5.072 144.488 733.659 08:22:30
5.072 197.390 951.220 08:22:31
5.060 474.146 1219.512 08:22:32
5.076 144.195 732.195 08:22:33
5.076 157.878 801.463 08:22:34
5.072 159.390 809.756 08:22:35
5.068 216.390 1095.610 08:22:36
5.072 146.878 741.463 08:22:37
5.076 150.585 737.561 08:22:38
5.064 206.976 1073.171 08:22:39
5.076 144.293 737.073 08:22:40
5.076 143.878 732.195 08:22:41
5.072 157.390 800.000 08:22:42
5.076 144.098 733.659 08:22:43
5.068 225.585 1041.463 08:22:44
5.076 144.098 730.732 08:22:45
5.076 146.488 743.902 08:22:46
5.080 159.293 807.317 08:22:47
5.076 145.488 739.512 08:22:48
5.076 157.878 797.561 08:22:49
5.076 144.098 730.732 08:22:50
5.076 144.098 734.634 08:22:51
5.076 157.683 799.024 08:22:52
5.076 217.683 907.317 08:22:53
