5.060 287.085 1701.463 21:32:03
5.076 161.890 818.537 21:32:04
5.076 147.000 745.610 21:32:05
5.048 471.244 2074.146 21:32:06
5.076 161.293 819.024 21:32:07
5.076 203.878 753.659 21:32:08
5.072 156.780 1204.390 21:32:09
5.076 153.878 784.878 21:32:10
5.052 266.463 1826.341 21:32:11
5.072 372.366 940.488 21:32:12
5.060 412.854 2187.317 21:32:13
5.072 174.073 825.366 21:32:14
5.072 159.683 1584.878 21:32:15
5.072 277.878 1413.659 21:32:16
5.072 210.878 797.561 21:32:17
5.068 162.976 1533.171 21:32:18
5.076 149.195 761.463 21:32:19
5.072 183.683 913.659 21:32:20
5.064 328.268 1652.683 21:32:21
5.060 188.780 1114.146 21:32:22
5.076 148.195 748.293 21:32:23
5.064 253.171 1535.122 21:32:24
5.072 177.878 902.439 21:32:25
5.072 147.976 749.756 21:32:26
5.072 165.780 841.463 21:32:27
5.076 202.683 1005.366 21:32:28
5.052 367.171 2016.585 21:32:29
5.076 152.976 774.634 21:32:30
5.056 330.780 1230.732 21:32:31
5.064 240.488 826.341 21:32:32
5.060 319.463 1119.024 21:32:33
5.068 166.683 845.366 21:32:34
5.056 327.976 1673.659 21:32:35
5.060 324.659 1495.122 21:32:36
5.076 153.293 776.098 21:32:37
5.064 246.976 1265.854 21:32:38
5.064 253.268 1338.049 21:32:39
5.068 201.976 1210.732 21:32:40
5.052 364.976 1844.390 21:32:41
5.056 395.073 1671.220 21:32:42
5.072 213.390 823.902 21:32:43
5.072 154.390 782.439 21:32:44
5.064 245.488 1262.927 21:32:45
5.064 211.268 1031.707 21:32:46
5.072 153.585 783.902 21:32:47
5.064 270.463 1095.610 21:32:48
5.076 150.098 757.073 21:32:49
5.068 280.268 965.366 21:32:50
5.072 246.976 827.317 21:32:51
5.068 187.683 936.585 21:32:52
5.064 235.780 779.024 21:32:53
5.072 152.488 781.463 21:32:54
5.072 206.390 1451.220 21:32:55
5.072 220.268 1149.268 21:32:56
5.072 160.488 818.537 21:32:57
5.076 163.293 824.878 21:32:58
5.072 152.293 770.244 21:32:59
5.072 175.683 902.927 21:33:00
5.064 247.585 1230.732 21:33:01
5.060 341.463 1462.439 21:33:02
5.076 149.293 760.000 21:33:03
5.068 161.878 818.537 21:33:04
5.072 166.195 843.902 21:33:05
5.064 246.878 1246.829 21:33:06
5.060 194.488 992.683 21:33:07
5.072 231.171 817.561 21:33:08
5.068 232.585 1688.780 21:33:09
5.076 153.488 777.073 21:33:10
5.068 198.780 1220.488 21:33:11
5.040 504.244 2178.049 21:33:12
5.072 155.293 783.415 21:33:13
5.064 211.488 1043.902 21:33:14
5.064 230.390 1139.024 21:33:15
5.064 311.659 1047.805 21:33:16
5.068 256.683 1252.195 21:33:17
5.048 264.976 1271.707 21:33:18
5.068 246.878 1280.488 21:33:19
5.072 164.073 827.317 21:33:20
5.072 163.073 827.317 21:33:21
5.060 324.366 1638.537 21:33:23
5.076 163.585 1278.537 21:33:24
5.072 182.976 891.220 21:33:25
5.072 153.098 780.000 21:33:26
5.076 179.976 925.366 21:33:27
5.072 163.780 828.780 21:33:28
5.056 403.854 2337.073 21:33:29
5.076 242.366 994.146 21:33:30
5.072 162.390 823.415 21:33:31
5.064 187.073 1244.390 21:33:32
5.072 162.976 826.341 21:33:33
5.068 162.976 1173.171 21:33:34
5.052 464.244 2442.439 21:33:35
5.064 214.268 827.317 21:33:36
5.076 274.683 1266.829 21:33:37
5.068 211.171 1079.024 21:33:38
5.076 152.488 774.634 21:33:39
5.068 248.878 1312.195 21:33:40
5.068 218.073 821.463 21:33:41
5.072 163.073 1460.000 21:33:42
5.072 189.585 1110.244 21:33:43
5.068 211.073 1409.268 21:33:44
5.056 462.854 2268.780 21:33:45
5.072 162.878 827.317 21:33:46
5.044 506.341 1816.098 21:33:47
5.072 262.585 828.780 21:33:48
5.072 162.390 825.366 21:33:49
5.068 339.366 1656.585 21:33:50
5.060 300.268 966.341 21:33:51
5.068 159.976 940.488 21:33:52
5.072 160.780 816.098 21:33:53
5.048 460.268 2021.951 21:33:54
5.076 162.780 827.805 21:33:55
5.076 162.390 820.976 21:33:56
5.064 341.268 1453.171 21:33:57
5.072 246.683 1278.537 21:33:58
5.060 327.366 1659.024 21:33:59
5.064 226.073 1151.707 21:34:00
5.068 222.585 1021.463 21:34:01
5.072 189.073 1168.293 21:34:02
5.056 270.878 1380.976 21:34:03
5.068 197.171 1277.073 21:34:04
5.076 147.390 752.683 21:34:05
5.076 246.780 1560.000 21:34:06
5.072 162.878 813.659 21:34:07
5.072 163.683 828.780 21:34:08
5.056 351.976 2380.976 21:34:09
5.076 169.293 797.561 21:34:10
5.068 216.171 1014.146 21:34:11
5.060 151.585 769.756 21:34:12
5.072 163.976 823.902 21:34:13
5.072 348.878 1480.976 21:34:14
5.060 406.171 2295.610 21:34:15
5.056 386.854 2064.390 21:34:16
5.076 149.098 760.000 21:34:17
5.072 162.976 825.366 21:34:18
5.072 156.293 786.341 21:34:19
5.064 244.171 1350.732 21:34:20
5.068 462.244 2452.195 21:34:21
5.064 177.878 894.146 21:34:22
5.072 172.488 882.439 21:34:23
5.064 216.878 782.439 21:34:24
5.072 162.878 884.878 21:34:25
5.076 163.293 827.805 21:34:26
5.076 164.195 830.244 21:34:27
5.060 267.976 1648.780 21:34:28
5.060 283.561 1218.049 21:34:29
5.072 189.780 750.244 21:34:30
5.076 163.195 826.341 21:34:31
5.076 235.073 829.756 21:34:32
5.068 213.390 986.341 21:34:33
5.064 318.171 1401.951 21:34:34
5.064 148.976 761.463 21:34:35
5.072 160.390 818.537 21:34:36
5.072 225.878 826.341 21:34:37
5.072 183.976 940.000 21:34:38
5.072 161.390 818.537 21:34:39
5.068 162.390 827.317 21:34:40
5.052 410.854 2030.244 21:34:41
5.068 309.659 1952.683 21:34:42
5.072 196.683 902.927 21:34:43
5.068 187.293 783.415 21:34:44
5.072 211.780 1079.024 21:34:45
5.064 247.976 1715.122 21:34:46
5.076 163.293 827.805 21:34:47
5.076 161.195 964.878 21:34:48
5.060 397.951 2221.951 21:34:49
5.072 152.098 820.976 21:34:50
5.076 151.683 769.756 21:34:51
5.072 162.683 827.805 21:34:52
5.072 162.878 825.366 21:34:53
5.076 148.098 748.780 21:34:54
5.072 149.488 761.463 21:34:55
5.072 252.488 829.756 21:34:56
5.052 482.561 2375.122 21:34:57
5.068 224.780 1174.634 21:34:58
5.056 330.366 2202.927 21:34:59
5.064 211.268 1097.561 21:35:00
5.076 204.585 755.122 21:35:01
5.068 237.488 1839.024 21:35:02
5.072 207.683 825.366 21:35:03
5.048 387.171 1430.732 21:35:04
5.072 234.268 867.805 21:35:05
5.064 294.463 1472.195 21:35:06
5.076 198.390 990.244 21:35:07
5.072 153.878 834.634 21:35:08
5.056 286.561 1292.195 21:35:09
5.076 149.293 760.000 21:35:10
5.072 162.683 825.366 21:35:11
5.048 395.951 2741.463 21:35:12
5.068 290.463 1318.537 21:35:13
5.072 154.073 1097.561 21:35:14
5.072 162.683 1080.488 21:35:15
5.076 160.390 818.537 21:35:17
5.056 386.854 2360.976 21:35:18
5.060 358.463 1644.878 21:35:19
5.072 149.683 803.902 21:35:20
5.072 162.878 824.878 21:35:21
5.072 162.878 827.317 21:35:22
5.060 365.463 2209.756 21:35:23
5.072 200.390 1592.683 21:35:24
5.064 206.390 971.707 21:35:25
5.072 207.683 1321.951 21:35:26
5.072 189.390 1250.244 21:35:27
5.076 257.171 1029.268 21:35:28
5.076 165.585 840.976 21:35:29
5.064 247.780 1576.098 21:35:30
5.060 236.976 1311.707 21:35:31
5.072 153.098 778.537 21:35:32
5.072 175.390 826.341 21:35:33
5.072 178.488 826.341 21:35:34
5.052 410.854 2112.195 21:35:35
5.060 209.976 1036.585 21:35:36
5.072 210.390 1110.732 21:35:37
5.076 153.780 826.341 21:35:38
5.072 163.073 1079.024 21:35:39
5.072 193.171 1150.732 21:35:40
5.072 161.976 825.366 21:35:41
5.048 451.463 2280.000 21:35:42
5.076 163.073 827.805 21:35:43
5.068 290.366 1572.683 21:35:44
5.072 153.683 1178.049 21:35:45
5.072 162.683 823.902 21:35:46
5.072 163.195 828.780 21:35:47
5.068 200.976 1378.537 21:35:48
5.060 297.976 1464.390 21:35:49
5.060 258.780 1410.732 21:35:50
5.064 203.976 1253.171 21:35:51
5.060 265.073 1207.805 21:35:52
5.072 162.585 816.098 21:35:53
5.072 162.390 827.317 21:35:54
5.076 162.585 827.317 21:35:55
5.072 163.073 844.878 21:35:56
5.060 351.171 1680.000 21:35:57
5.072 163.488 827.805 21:35:58
5.068 321.976 1260.488 21:35:59
5.072 189.878 1240.488 21:36:00
5.076 162.878 839.024 21:36:01
5.068 225.878 1721.463 21:36:02
5.072 212.585 1219.512 21:36:03
5.060 444.659 2298.537 21:36:04
5.064 213.878 1184.390 21:36:05
5.060 340.878 1623.902 21:36:06
5.064 271.585 1672.195 21:36:07
5.068 194.585 1034.146 21:36:08
5.072 161.293 818.537 21:36:09
5.072 163.683 829.756 21:36:10
5.072 190.585 945.366 21:36:11
5.072 226.268 1363.415 21:36:12
5.060 290.463 1133.171 21:36:13
5.056 401.366 2134.146 21:36:14
5.064 259.976 1245.366 21:36:15
5.076 149.683 752.195 21:36:16
5.072 163.293 829.756 21:36:17
5.072 235.976 833.659 21:36:18
5.068 245.878 1245.854 21:36:19
5.064 259.976 1267.805 21:36:20
5.064 211.390 1467.317 21:36:21
5.068 208.683 976.098 21:36:22
5.072 161.976 819.024 21:36:23
5.076 163.073 933.659 21:36:24
5.056 386.854 2041.951 21:36:25
5.072 204.293 1174.634 21:36:26
5.068 222.976 1360.976 21:36:27
5.068 203.171 1044.390 21:36:28
5.072 162.878 1289.268 21:36:29
5.060 246.268 1061.463 21:36:30
5.048 422.463 2262.439 21:36:31
5.064 326.976 1030.244 21:36:32
5.068 261.366 1090.732 21:36:33
5.076 162.073 870.244 21:36:34
5.064 300.878 829.756 21:36:35
5.072 163.195 827.805 21:36:36
5.068 183.683 950.244 21:36:37
5.068 157.195 796.098 21:36:38
5.068 162.976 827.317 21:36:39
5.060 249.268 1265.366 21:36:40
5.060 289.171 1001.463 21:36:41
5.060 365.659 1935.122 21:36:42
5.068 214.683 1084.390 21:36:43
5.072 153.195 786.341 21:36:44
5.076 161.683 818.537 21:36:45
5.068 240.488 1009.268 21:36:46
5.064 275.073 1389.268 21:36:47
5.044 473.244 2227.317 21:36:48
5.072 176.390 1018.049 21:36:49
5.072 182.585 1270.732 21:36:50
5.072 208.976 836.098 21:36:51
5.064 242.171 891.220 21:36:52
5.052 326.171 1457.561 21:36:53
5.072 183.878 905.366 21:36:54
5.072 150.098 760.000 21:36:55
5.072 161.585 821.463 21:36:56
5.060 344.366 1657.561 21:36:57
5.048 496.659 2028.293 21:36:58
5.068 256.976 830.244 21:36:59
5.072 149.488 1081.463 21:37:00
5.072 163.195 826.341 21:37:01
5.072 162.195 823.902 21:37:02
5.064 386.463 1424.878 21:37:03
5.064 246.073 1252.195 21:37:04
5.064 249.878 1287.805 21:37:05
5.064 162.683 826.341 21:37:06
5.068 244.366 1244.390 21:37:07
5.068 291.683 1556.098 21:37:08
5.060 289.976 1132.683 21:37:09
5.076 163.390 826.341 21:37:10
5.060 218.585 1101.463 21:37:12
5.068 166.878 827.805 21:37:13
5.072 294.366 1137.073 21:37:14
5.064 225.683 1133.171 21:37:15
5.064 276.073 1095.610 21:37:16
5.060 304.878 1502.439 21:37:17
5.072 231.683 950.244 21:37:18
5.076 160.878 816.585 21:37:19
5.076 160.976 1238.049 21:37:20
5.068 283.073 1400.976 21:37:21
5.064 297.171 1585.854 21:37:22
5.072 150.098 757.561 21:37:23
5.068 287.171 2462.439 21:37:24
5.072 163.293 824.878 21:37:25
5.068 243.585 1273.171 21:37:26
5.068 196.390 1484.390 21:37:27
5.072 167.390 978.049 21:37:28
5.072 162.878 824.878 21:37:29
5.072 162.976 826.341 21:37:30
5.056 414.756 1771.707 21:37:31
5.056 451.951 1641.463 21:37:32
5.060 218.390 1105.366 21:37:33
5.064 289.976 889.756 21:37:34
5.072 161.488 1325.366 21:37:35
5.068 162.976 826.341 21:37:36
5.048 397.756 2279.512 21:37:37
5.072 244.585 827.805 21:37:38
5.072 177.976 1131.707 21:37:39
5.064 283.073 1459.512 21:37:40
5.072 197.293 1133.171 21:37:41
5.048 432.854 2264.878 21:37:42
5.068 163.073 1276.585 21:37:43
5.068 197.390 954.146 21:37:44
5.068 203.488 1460.976 21:37:45
5.068 233.585 1131.707 21:37:46
5.072 161.780 816.585 21:37:47
5.072 198.390 1006.341 21:37:48
5.068 265.878 879.024 21:37:49
5.052 406.756 2306.829 21:37:50
5.068 202.878 1044.390 21:37:51
5.076 148.488 760.976 21:37:52
5.064 328.976 1075.610 21:37:53
5.072 184.488 1069.268 21:37:54
5.064 169.976 761.463 21:37:55
5.076 162.976 825.366 21:37:56
5.076 199.878 819.024 21:37:57
5.056 260.683 1313.171 21:37:58
5.060 256.878 1409.756 21:37:59
5.060 362.854 1680.976 21:38:00
5.064 308.659 1435.610 21:38:01
5.068 244.171 1063.902 21:38:02
5.072 162.390 827.805 21:38:03
5.064 266.780 1501.951 21:38:04
5.052 401.171 1795.122 21:38:05
5.060 221.976 1129.268 21:38:06
5.056 235.878 1453.171 21:38:07
5.072 162.878 827.317 21:38:08
5.076 162.293 1251.707 21:38:09
5.056 339.171 2071.707 21:38:10
5.076 212.390 1024.390 21:38:11
5.068 202.683 1068.780 21:38:12
5.068 216.171 1362.927 21:38:13
5.068 242.878 1235.610 21:38:14
5.072 163.780 1231.707 21:38:15
5.072 200.780 976.585 21:38:16
5.072 152.195 772.195 21:38:17
5.068 162.878 827.805 21:38:18
5.068 283.561 1259.024 21:38:19
5.072 217.171 1010.244 21:38:20
5.068 232.976 1046.341 21:38:21
5.076 162.585 916.585 21:38:22
5.068 202.976 1271.707 21:38:23
5.064 239.488 1024.390 21:38:24
5.072 163.073 826.341 21:38:25
5.060 257.171 1394.634 21:38:26
5.056 400.951 1649.756 21:38:27
5.068 181.073 1035.610 21:38:28
5.064 286.878 1260.488 21:38:29
5.068 162.293 824.878 21:38:30
5.072 185.780 972.683 21:38:31
5.072 163.976 827.317 21:38:32
5.052 330.268 1260.976 21:38:33
5.076 156.390 792.195 21:38:34
5.068 217.683 774.634 21:38:35
5.072 248.976 1170.732 21:38:36
5.068 248.366 1241.951 21:38:37
5.064 335.878 1575.122 21:38:38
5.052 473.463 1237.073 21:38:39
5.068 215.976 1629.756 21:38:40
5.064 187.488 866.341 21:38:41
5.056 274.878 1690.244 21:38:42
5.064 353.366 1505.854 21:38:43
5.064 232.585 1232.195 21:38:44
5.076 150.195 762.439 21:38:45
5.068 319.976 1313.171 21:38:46
5.064 205.268 1035.610 21:38:47
5.072 163.878 827.805 21:38:48
5.072 196.390 1040.000 21:38:49
5.064 249.268 1259.024 21:38:50
5.068 331.659 1966.829 21:38:51
5.068 289.073 1240.976 21:38:52
5.076 147.585 747.317 21:38:53
5.044 298.683 1245.854 21:38:54
5.052 390.463 2220.976 21:38:55
5.076 148.976 924.878 21:38:56
5.072 176.488 864.878 21:38:57
5.064 245.683 1262.927 21:38:58
5.064 308.073 1511.220 21:38:59
5.072 191.976 1303.415 21:39:00
5.068 162.780 824.878 21:39:01
5.068 248.073 1248.293 21:39:02
5.072 162.976 1531.220 21:39:03
5.064 258.268 1300.976 21:39:04
5.064 243.878 1610.244 21:39:05
5.072 161.073 1209.268 21:39:07
5.072 196.171 1285.854 21:39:08
5.064 271.976 1561.463 21:39:09
5.052 353.073 1948.293 21:39:10
5.060 360.756 1862.927 21:39:11
5.060 268.780 1408.293 21:39:12
5.068 163.293 1370.732 21:39:13
5.064 272.073 1359.512 21:39:14
5.056 324.976 1643.902 21:39:15
5.072 162.488 903.902 21:39:16
5.056 250.878 2014.146 21:39:17
5.072 154.585 784.878 21:39:18
5.052 317.268 1645.854 21:39:19
5.056 266.976 1112.683 21:39:20
5.072 212.268 1081.463 21:39:21
5.064 251.488 1069.268 21:39:22
5.072 172.780 777.073 21:39:23
5.072 224.976 1239.512 21:39:24
5.068 219.268 1131.707 21:39:25
5.064 299.463 1979.024 21:39:26
5.048 481.951 2534.146 21:39:27
5.072 197.683 978.049 21:39:28
5.060 286.683 1451.220 21:39:29
5.072 187.073 948.780 21:39:30
5.072 163.195 826.341 21:39:31
5.048 437.366 2392.683 21:39:32
5.068 217.268 1101.463 21:39:33
5.064 167.390 780.976 21:39:34
5.072 162.293 827.805 21:39:35
5.072 212.585 986.341 21:39:36
5.052 353.171 1692.683 21:39:37
5.068 282.561 1684.878 21:39:38
5.072 327.561 1258.049 21:39:39
5.068 295.366 1138.049 21:39:40
5.060 259.268 2384.878 21:39:41
5.072 161.390 818.537 21:39:42
5.076 161.293 818.537 21:39:43
5.072 240.976 1146.341 21:39:44
5.076 166.488 768.293 21:39:45
5.076 163.585 783.415 21:39:46
5.068 186.488 943.902 21:39:47
5.064 336.366 1117.561 21:39:48
5.068 253.268 887.805 21:39:49
5.072 182.073 936.585 21:39:50
5.072 252.976 1643.415 21:39:51
5.076 163.073 881.463 21:39:52
5.056 290.878 1408.293 21:39:53
5.072 210.073 910.244 21:39:54
5.072 162.878 825.366 21:39:55
5.068 247.683 1429.756 21:39:56
5.068 195.171 1084.390 21:39:57
5.056 376.268 1947.805 21:39:58
5.068 398.659 2061.463 21:39:59
5.072 155.878 777.561 21:40:00
5.072 272.683 1242.927 21:40:01
5.068 302.976 1364.390 21:40:02
5.056 354.659 1231.707 21:40:03
5.068 324.268 1687.317 21:40:04
5.068 224.488 1090.732 21:40:05
5.068 212.390 1094.146 21:40:06
5.076 156.488 1060.000 21:40:07
5.076 166.488 1253.171 21:40:08
5.060 342.976 1929.268 21:40:09
5.072 156.585 791.220 21:40:10
5.072 162.585 899.024 21:40:11
5.076 164.585 859.024 21:40:12
5.072 333.561 1168.293 21:40:13
5.060 403.073 2160.976 21:40:14
5.068 268.171 1071.707 21:40:15
5.064 300.268 2213.171 21:40:16
5.068 248.366 1314.146 21:40:17
5.076 163.488 896.098 21:40:18
5.060 258.366 1329.756 21:40:19
5.068 246.171 1242.927 21:40:20
5.060 279.780 1834.146 21:40:21
5.060 264.780 1060.000 21:40:22
5.072 211.268 1314.634 21:40:23
5.076 149.390 752.683 21:40:24
5.072 163.073 826.341 21:40:25
5.052 479.049 1595.122 21:40:26
5.064 269.585 1358.049 21:40:27
5.056 282.073 1223.415 21:40:28
5.072 218.171 796.098 21:40:29
5.072 171.585 1035.122 21:40:30
5.056 405.463 1875.610 21:40:31
5.060 331.463 1647.805 21:40:32
5.072 204.293 935.122 21:40:33
5.068 305.878 1038.049 21:40:34
5.072 265.683 1135.610 21:40:35
5.076 163.390 829.756 21:40:36
5.072 163.488 826.341 21:40:37
5.064 335.463 1798.049 21:40:38
5.068 246.780 1250.244 21:40:39
5.072 148.976 758.537 21:40:40
5.076 269.976 828.780 21:40:41
5.076 162.878 827.805 21:40:42
5.060 414.366 1612.195 21:40:43
5.060 321.171 1430.732 21:40:44
5.072 212.878 1072.683 21:40:45
5.076 162.073 825.366 21:40:46
5.072 163.390 962.927 21:40:47
5.072 214.390 1845.366 21:40:48
5.056 379.756 1362.927 21:40:49
5.060 269.878 826.341 21:40:50
5.076 156.878 797.073 21:40:51
5.068 179.195 922.439 21:40:52
5.072 162.976 995.610 21:40:53
5.060 250.683 1344.878 21:40:54
5.076 150.098 757.561 21:40:55
5.076 162.073 821.463 21:40:56
5.076 153.488 779.024 21:40:57
5.076 163.390 828.780 21:40:58
5.056 336.659 1778.537 21:40:59
5.060 212.488 1085.366 21:41:00
5.064 246.488 1342.927 21:41:01
5.072 153.780 777.073 21:41:02
5.060 258.073 827.317 21:41:03
5.068 250.683 1384.878 21:41:05
5.064 277.976 1528.293 21:41:06
5.044 331.463 2090.732 21:41:07
5.068 236.780 939.024 21:41:08
5.076 181.585 839.024 21:41:09
5.072 194.878 1502.439 21:41:10
5.072 318.073 829.756 21:41:11
5.064 208.585 971.707 21:41:12
5.068 374.073 997.561 21:41:13
5.076 151.293 754.634 21:41:14
5.052 246.268 1386.829 21:41:15
5.064 239.366 1237.073 21:41:16
5.052 347.878 1325.854 21:41:17
5.064 324.366 1663.415 21:41:18
5.068 186.390 900.976 21:41:19
5.068 164.195 832.683 21:41:20
5.060 293.268 1414.634 21:41:21
5.064 198.780 1004.878 21:41:22
5.052 248.878 1265.366 21:41:23
5.064 312.976 895.122 21:41:24
5.064 251.780 1267.805 21:41:25
5.068 261.073 1473.171 21:41:26
5.072 395.951 2110.732 21:41:27
5.072 151.488 777.073 21:41:28
5.068 199.073 1190.244 21:41:29
5.068 245.171 1448.780 21:41:30
5.072 153.390 775.122 21:41:31
5.072 151.683 767.317 21:41:32
5.064 258.366 1790.244 21:41:33
5.060 408.463 2046.829 21:41:34
5.052 405.073 2240.488 21:41:35
5.076 246.171 914.146 21:41:36
5.044 368.976 1871.707 21:41:37
5.072 162.683 1385.854 21:41:38
5.068 251.171 1263.415 21:41:39
5.072 256.683 832.195 21:41:40
5.072 226.488 1177.073 21:41:41
5.064 248.171 942.439 21:41:42
5.076 150.293 757.073 21:41:43
5.056 237.683 1074.146 21:41:44
5.072 162.976 832.195 21:41:45
5.068 185.390 1069.268 21:41:46
5.064 195.073 779.024 21:41:47
5.060 381.561 1761.463 21:41:48
5.064 475.244 2001.463 21:41:49
5.068 223.171 1019.024 21:41:50
5.052 350.463 1474.634 21:41:51
5.068 162.976 824.878 21:41:52
5.072 160.976 813.659 21:41:53
5.068 276.268 1537.561 21:41:54
5.072 162.585 826.341 21:41:55
5.068 221.073 1066.341 21:41:56
5.068 287.463 1314.634 21:41:57
5.068 210.171 1106.341 21:41:58
5.064 259.683 1615.122 21:41:59
5.072 163.073 833.659 21:42:00
5.048 471.854 2154.634 21:42:01
5.064 258.683 1260.488 21:42:02
5.072 162.780 915.122 21:42:03
5.064 183.976 1104.390 21:42:04
5.060 324.659 1634.634 21:42:05
5.044 325.780 1237.073 21:42:06
5.076 161.683 777.073 21:42:07
5.076 147.585 751.220 21:42:08
5.072 161.780 1655.122 21:42:09
5.068 184.390 962.439 21:42:10
5.060 285.780 1320.488 21:42:11
5.064 154.488 777.073 21:42:12
5.068 194.683 971.220 21:42:13
5.044 441.951 2009.268 21:42:14
5.064 153.878 780.976 21:42:15
5.072 212.073 1252.195 21:42:16
5.072 252.488 1060.000 21:42:17
5.068 220.390 1508.780 21:42:18
5.068 200.780 871.220 21:42:19
5.072 161.488 818.537 21:42:20
5.064 246.585 1365.854 21:42:21
5.072 218.585 867.805 21:42:22
5.072 228.976 1140.488 21:42:23
5.056 280.268 1359.512 21:42:24
5.076 149.976 760.000 21:42:25
5.072 162.878 826.341 21:42:26
5.072 163.073 827.805 21:42:27
5.072 171.195 863.415 21:42:28
5.064 334.463 1674.634 21:42:29
5.060 332.780 1381.951 21:42:30
5.072 220.585 775.122 21:42:31
5.068 226.780 1120.488 21:42:32
5.072 271.073 1102.927 21:42:33
5.056 480.146 2438.537 21:42:34
5.072 176.976 948.780 21:42:35
5.072 162.293 824.878 21:42:36
5.076 163.585 829.756 21:42:37
5.068 235.488 1152.683 21:42:38
5.072 197.488 1069.268 21:42:39
5.072 188.976 945.366 21:42:40
5.072 204.488 763.415 21:42:41
5.072 163.683 831.220 21:42:42
5.052 301.561 1423.415 21:42:43
5.064 245.073 1402.439 21:42:44
5.064 173.195 822.439 21:42:45
5.064 203.073 1265.366 21:42:46
5.076 167.976 1235.610 21:42:47
5.060 245.976 1866.341 21:42:48
5.072 162.073 898.537 21:42:49
5.068 278.366 1332.195 21:42:50
5.076 246.366 1335.610 21:42:51
5.056 335.756 1626.341 21:42:52
5.072 163.073 827.317 21:42:53
5.072 238.683 1073.171 21:42:54
5.072 163.293 829.756 21:42:55
5.060 346.366 1668.780 21:42:56
5.068 245.268 1309.756 21:42:57
5.068 195.585 946.341 21:42:58
5.072 153.098 1422.439 21:42:59
5.072 170.488 825.366 21:43:01
5.072 185.488 1298.049 21:43:02
5.072 153.878 782.439 21:43:03
5.060 279.976 1653.659 21:43:04
5.060 395.854 1612.195 21:43:05
5.052 415.268 2504.878 21:43:06
5.060 388.659 1851.707 21:43:07
5.068 191.878 995.610 21:43:08
5.076 149.878 761.463 21:43:09
5.064 243.488 1247.805 21:43:10
5.072 163.488 828.780 21:43:11
5.072 284.683 976.585 21:43:12
5.064 421.171 1584.878 21:43:13
5.072 150.098 1035.122 21:43:14
5.060 278.878 1409.268 21:43:15
5.076 154.195 782.439 21:43:16
5.072 202.293 1099.024 21:43:17
5.064 387.561 1557.561 21:43:18
5.064 198.390 1022.927 21:43:19
5.072 165.976 843.415 21:43:20
5.068 264.683 1430.732 21:43:21
5.068 157.390 798.537 21:43:22
5.064 251.073 832.195 21:43:23
5.076 147.683 747.317 21:43:24
5.048 477.146 2475.122 21:43:25
5.072 195.585 870.244 21:43:26
5.060 343.561 1543.902 21:43:27
5.072 163.878 931.220 21:43:28
5.072 148.488 748.780 21:43:29
5.048 411.049 2078.049 21:43:30
5.072 152.195 773.659 21:43:31
5.068 255.878 1453.171 21:43:32
5.064 298.878 1548.293 21:43:33
5.068 156.683 752.683 21:43:34
5.052 248.585 1636.098 21:43:35
5.072 153.780 802.439 21:43:36
5.072 182.488 925.366 21:43:37
5.072 163.390 828.780 21:43:38
5.072 224.390 1110.732 21:43:39
5.060 358.463 1751.707 21:43:40
5.072 162.195 827.805 21:43:41
5.048 391.951 1638.537 21:43:42
5.064 252.171 1266.829 21:43:43
5.072 187.585 979.024 21:43:44
5.060 357.756 1681.463 21:43:45
5.072 148.390 747.317 21:43:46
5.072 163.073 829.756 21:43:47
5.072 163.585 827.805 21:43:48
5.064 316.171 1392.195 21:43:49
5.068 292.171 1560.000 21:43:50
5.076 148.293 748.780 21:43:51
5.060 237.683 779.024 21:43:52
5.072 163.585 827.805 21:43:53
5.072 149.878 757.561 21:43:54
5.068 213.878 1088.780 21:43:55
5.072 162.878 820.000 21:43:56
5.060 335.756 1697.561 21:43:57
5.072 205.390 988.780 21:43:58
5.060 298.268 1617.561 21:43:59
5.072 156.488 794.634 21:44:00
5.072 231.585 780.976 21:44:01
5.064 282.878 1417.073 21:44:02
5.060 313.073 1756.098 21:44:03
5.068 257.683 1238.049 21:44:04
5.068 222.171 1130.732 21:44:05
5.072 149.878 762.439 21:44:06
5.072 161.780 820.000 21:44:07
5.068 245.171 1245.854 21:44:08
5.068 200.878 930.244 21:44:09
5.064 205.878 826.341 21:44:10
5.064 163.293 827.805 21:44:11
5.056 273.976 1320.488 21:44:12
5.068 182.293 896.585 21:44:13
5.068 279.780 1155.610 21:44:14
5.060 294.561 1470.732 21:44:15
5.076 148.683 752.683 21:44:16
5.072 162.585 827.805 21:44:17
5.068 164.073 918.537 21:44:18
5.052 302.171 1611.220 21:44:19
5.064 212.488 1074.146 21:44:20
5.068 244.073 1240.976 21:44:21
5.072 162.488 827.805 21:44:22
5.072 163.488 1310.732 21:44:23
5.060 246.366 1552.683 21:44:24
5.068 242.976 1115.122 21:44:25
5.068 208.073 1072.683 21:44:26
5.068 261.171 995.610 21:44:27
5.068 240.585 1312.195 21:44:28
5.064 341.268 1425.854 21:44:29
5.060 274.585 1060.000 21:44:30
5.072 263.171 829.756 21:44:31
5.064 212.073 1023.902 21:44:32
5.072 153.585 780.976 21:44:33
5.068 249.366 1258.049 21:44:34
5.072 163.585 830.244 21:44:35
5.064 317.171 1220.488 21:44:36
5.068 237.683 1095.122 21:44:37
5.068 208.585 1035.122 21:44:38
5.068 261.878 1255.610 21:44:39
5.060 248.073 1244.390 21:44:40
5.064 248.780 1245.854 21:44:41
5.076 153.878 777.073 21:44:42
5.072 191.073 1395.610 21:44:43
5.064 181.878 955.122 21:44:44
5.060 368.366 1805.366 21:44:45
5.068 349.366 2324.878 21:44:46
5.076 149.976 961.463 21:44:47
5.072 161.195 818.537 21:44:48
5.072 163.488 828.780 21:44:49
5.064 268.878 972.683 21:44:50
5.072 181.976 1039.024 21:44:51
5.072 160.585 817.561 21:44:52
5.072 162.878 826.341 21:44:53
5.072 196.293 992.683 21:44:54
5.068 155.976 794.634 21:44:56
5.072 206.683 827.805 21:44:57
5.056 413.049 2183.415 21:44:58
5.060 285.878 1409.268 21:44:59
5.064 298.268 1460.976 21:45:00
5.076 153.780 1308.293 21:45:01
5.072 161.195 891.707 21:45:02
5.056 422.561 1721.463 21:45:03
5.060 375.073 1978.049 21:45:04
5.064 257.976 1307.317 21:45:05
5.064 244.976 1254.146 21:45:06
5.064 153.098 775.122 21:45:07
5.064 310.366 1560.976 21:45:08
5.064 245.683 1250.244 21:45:09
5.072 163.073 1047.805 21:45:10
5.056 324.366 1752.683 21:45:11
5.072 215.488 1002.927 21:45:12
5.052 394.171 1647.317 21:45:13
5.068 227.488 1092.683 21:45:14
5.056 335.561 1656.098 21:45:15
5.068 265.585 1380.976 21:45:16
5.068 206.488 1089.268 21:45:17
5.072 219.268 1365.854 21:45:18
5.068 259.366 826.341 21:45:19
5.052 402.366 2025.366 21:45:20
5.068 219.073 932.683 21:45:21
5.072 178.073 876.098 21:45:22
5.072 162.585 827.805 21:45:23
5.044 490.854 2406.341 21:45:24
5.076 188.390 766.341 21:45:25
5.076 149.293 1085.366 21:45:26
5.076 240.878 768.780 21:45:27
5.052 323.878 1946.341 21:45:28
5.056 297.780 1726.341 21:45:29
5.072 149.780 760.000 21:45:30
5.072 156.585 1062.927 21:45:31
5.072 210.171 1000.488 21:45:32
5.068 290.683 1757.561 21:45:33
5.064 247.073 1193.171 21:45:34
5.068 193.780 1185.854 21:45:35
5.076 206.390 933.659 21:45:36
5.068 201.780 995.610 21:45:37
5.068 193.976 1005.366 21:45:38
5.064 333.268 1820.488 21:45:39
5.072 185.171 935.122 21:45:40
5.072 252.171 824.878 21:45:41
5.072 163.293 825.366 21:45:42
5.064 194.171 997.561 21:45:43
5.068 250.585 1269.268 21:45:44
5.068 163.073 831.220 21:45:45
5.068 202.976 985.366 21:45:46
5.060 493.341 2283.415 21:45:47
5.064 251.488 1279.512 21:45:48
5.068 228.683 1242.927 21:45:49
5.076 153.390 1126.341 21:45:50
5.072 276.976 828.780 21:45:51
5.076 237.878 1159.512 21:45:52
5.060 277.683 1145.366 21:45:53
5.072 148.585 748.780 21:45:54
5.072 163.195 768.780 21:45:55
5.060 440.756 2473.659 21:45:56
5.056 356.073 1866.341 21:45:57
5.076 185.390 1174.634 21:45:58
5.072 315.268 832.195 21:45:59
5.072 155.780 793.659 21:46:00
5.064 192.390 980.000 21:46:01
5.064 262.878 1268.293 21:46:02
5.064 244.073 1252.195 21:46:03
5.052 278.073 1588.780 21:46:04
5.072 153.585 780.976 21:46:05
5.072 185.683 1113.171 21:46:06
5.068 217.268 1220.488 21:46:07
5.056 277.585 1687.805 21:46:08
5.064 380.854 1363.415 21:46:09
5.068 285.780 1559.512 21:46:10
5.072 218.878 1278.537 21:46:11
5.068 153.780 916.098 21:46:12
5.076 152.488 777.073 21:46:13
5.060 326.976 1652.195 21:46:14
5.064 288.780 1047.805 21:46:15
5.068 231.585 1219.024 21:46:16
5.064 261.366 1095.122 21:46:17
5.076 155.073 780.976 21:46:18
5.064 222.683 1557.073 21:46:19
5.060 271.073 1495.122 21:46:20
5.072 237.366 940.000 21:46:21
5.072 163.390 829.756 21:46:22
5.064 163.488 829.756 21:46:23
5.072 186.780 925.366 21:46:24
5.064 274.073 1380.488 21:46:25
5.072 163.073 826.341 21:46:26
5.064 266.976 1629.756 21:46:27
5.072 189.293 943.902 21:46:28
5.064 247.585 828.780 21:46:29
5.048 494.049 2351.220 21:46:30
5.068 215.976 1066.829 21:46:31
5.064 254.780 1026.829 21:46:32
5.068 153.195 1068.780 21:46:33
5.068 257.878 1219.512 21:46:34
5.060 383.171 2412.195 21:46:35
5.064 309.268 1309.756 21:46:36
5.064 294.878 1608.293 21:46:37
5.068 218.585 786.341 21:46:38
5.072 162.976 826.341 21:46:39
5.044 466.244 2374.634 21:46:40
5.056 369.463 1701.463 21:46:41
5.068 191.585 1007.805 21:46:42
5.072 271.268 1367.317 21:46:43
5.076 154.073 780.000 21:46:44
5.056 405.951 2025.854 21:46:45
5.064 197.073 830.244 21:46:46
5.060 325.366 1470.732 21:46:47
5.068 222.878 1225.854 21:46:48
5.080 149.390 829.756 21:46:49
5.072 161.878 818.537 21:46:50
5.072 162.976 828.780 21:46:51
5.068 255.073 1268.293 21:46:53
5.072 163.390 827.805 21:46:54
5.072 163.293 950.244 21:46:55
5.068 245.366 1240.976 21:46:56
5.064 250.366 1328.293 21:46:57
5.076 151.293 767.317 21:46:58
5.052 417.756 2074.634 21:46:59
5.068 272.780 1039.024 21:47:00
5.072 149.390 753.659 21:47:01
5.072 153.098 780.976 21:47:02
5.068 244.488 1244.390 21:47:03
5.052 247.268 1269.268 21:47:04
5.068 215.268 1099.512 21:47:05
5.068 154.488 787.317 21:47:06
5.068 153.195 780.976 21:47:07
5.072 163.195 827.805 21:47:08
5.060 372.561 1820.488 21:47:09
5.068 250.585 1236.585 21:47:10
5.068 252.073 1269.268 21:47:11
5.072 162.683 830.244 21:47:12
5.072 250.780 1739.024 21:47:13
5.064 191.683 978.049 21:47:14
5.052 465.951 2350.732 21:47:15
5.072 163.195 1045.366 21:47:16
5.076 149.488 761.463 21:47:17
5.060 269.073 1142.927 21:47:18
5.064 320.268 1465.854 21:47:19
5.068 166.878 778.537 21:47:20
5.072 154.073 773.659 21:47:21
5.068 293.780 1251.707 21:47:22
5.072 253.976 870.244 21:47:23
5.072 327.976 1108.293 21:47:24
5.064 369.561 1460.000 21:47:25
5.068 195.390 1656.585 21:47:26
5.072 189.390 986.341 21:47:27
5.072 154.488 780.976 21:47:28
5.072 161.683 820.976 21:47:29
5.072 194.585 1022.439 21:47:30
5.048 323.780 1812.683 21:47:31
5.052 436.659 2019.512 21:47:32
5.068 180.073 1116.585 21:47:33
5.076 182.585 1304.390 21:47:34
5.072 152.585 1033.171 21:47:35
5.056 482.244 2370.732 21:47:36
5.068 252.488 1274.634 21:47:37
5.064 316.171 1559.512 21:47:38
5.064 271.366 1785.366 21:47:39
5.068 150.488 761.463 21:47:40
5.060 324.976 1654.634 21:47:41
5.072 163.878 830.244 21:47:42
5.060 310.659 1616.098 21:47:43
5.068 220.073 956.098 21:47:44
5.072 150.293 749.756 21:47:45
5.072 163.585 830.244 21:47:46
5.064 245.073 1854.146 21:47:47
5.056 340.659 1702.439 21:47:48
5.068 215.683 1091.707 21:47:49
5.076 150.195 761.463 21:47:50
5.060 324.878 1657.561 21:47:51
5.060 288.268 1540.976 21:47:52
5.076 151.976 771.220 21:47:53
5.072 163.585 829.756 21:47:54
5.072 163.780 833.659 21:47:55
5.060 336.073 1695.122 21:47:56
5.072 163.293 827.317 21:47:57
5.068 149.585 761.463 21:47:58
5.068 221.073 832.683 21:47:59
5.068 232.780 1168.293 21:48:00
5.072 213.073 936.585 21:48:01
5.068 180.171 985.366 21:48:02
5.056 244.171 2124.390 21:48:03
5.064 282.268 1577.073 21:48:04
5.072 218.780 776.098 21:48:05
5.068 251.268 1283.415 21:48:06
5.076 220.488 780.976 21:48:07
5.052 432.268 2072.195 21:48:08
5.076 153.976 892.683 21:48:09
5.072 302.878 1026.341 21:48:10
5.064 254.488 1423.415 21:48:11
5.072 154.878 1656.098 21:48:12
5.068 199.976 1714.146 21:48:13
5.068 245.878 1593.659 21:48:14
5.072 165.683 787.805 21:48:15
5.052 412.659 2079.024 21:48:16
5.072 187.585 988.780 21:48:17
5.064 195.390 1080.488 21:48:18
5.064 154.293 782.439 21:48:19
5.060 215.683 827.805 21:48:20
5.048 445.659 1992.683 21:48:21
5.072 321.171 1007.805 21:48:22
5.076 175.683 828.780 21:48:23
5.076 199.585 1606.341 21:48:24
5.064 210.073 1206.829 21:48:25
5.068 252.585 1278.537 21:48:26
5.064 288.073 1269.756 21:48:27
5.068 246.976 2005.366 21:48:28
5.072 162.976 827.805 21:48:29
5.072 163.780 828.780 21:48:30
5.060 341.561 1656.098 21:48:31
5.064 244.171 1349.756 21:48:32
5.072 178.878 1133.171 21:48:33
5.068 149.976 1020.488 21:48:34
5.072 150.585 762.439 21:48:35
5.052 416.463 2363.415 21:48:36
5.068 204.171 923.902 21:48:37
5.064 251.878 1221.951 21:48:38
5.068 243.488 1365.854 21:48:39
5.072 202.585 758.537 21:48:40
5.052 332.366 1652.683 21:48:41
5.072 164.073 833.659 21:48:42
5.060 193.488 1459.512 21:48:43
5.064 284.268 1270.732 21:48:44
5.076 163.878 760.976 21:48:45
5.048 417.049 2063.415 21:48:46
5.064 175.976 827.805 21:48:47
5.072 163.293 827.317 21:48:48
5.064 250.780 1304.390 21:48:50
5.072 212.390 1075.122 21:48:51
5.068 242.268 1625.854 21:48:52
5.076 164.073 1657.561 21:48:53
5.056 471.561 1981.951 21:48:54
5.076 151.488 772.683 21:48:55
5.068 244.976 1609.756 21:48:56
5.072 164.195 832.683 21:48:57
5.072 255.878 828.780 21:48:58
5.060 288.463 1400.976 21:48:59
5.068 194.293 937.561 21:49:00
5.068 296.561 1535.122 21:49:01
5.052 436.854 2112.195 21:49:02
5.072 162.488 825.366 21:49:03
5.068 177.293 912.683 21:49:04
5.060 333.976 1693.659 21:49:05
5.060 298.171 1635.122 21:49:06
5.068 262.585 1241.951 21:49:07
5.072 156.780 796.098 21:49:08
5.076 153.585 769.756 21:49:09
5.048 404.951 2010.732 21:49:10
5.060 283.780 1414.634 21:49:11
5.072 182.683 886.341 21:49:12
5.064 215.780 1086.341 21:49:13
5.072 150.293 762.439 21:49:14
5.076 150.585 758.537 21:49:15
5.052 395.756 2084.390 21:49:16
5.068 368.073 1714.146 21:49:17
5.076 148.976 778.537 21:49:18
5.060 359.854 1787.317 21:49:19
5.072 177.976 1141.463 21:49:20
5.068 222.171 1041.463 21:49:21
5.056 165.390 833.659 21:49:22
5.072 194.780 1369.756 21:49:23
5.056 285.268 1306.829 21:49:24
5.060 255.366 827.805 21:49:25
5.064 272.683 1937.561 21:49:26
5.068 164.293 1404.878 21:49:27
5.048 477.244 1738.537 21:49:28
5.076 147.878 750.244 21:49:29
5.072 164.488 833.659 21:49:30
5.072 162.585 1323.415 21:49:31
5.064 303.878 1510.732 21:49:32
5.072 163.293 830.244 21:49:33
5.072 163.195 909.756 21:49:34
5.056 299.878 1690.244 21:49:35
5.076 147.683 754.634 21:49:36
5.064 297.683 1995.610 21:49:37
5.064 292.073 1179.024 21:49:38
5.076 165.488 780.976 21:49:39
5.068 245.073 1133.171 21:49:40
5.076 162.683 827.805 21:49:41
5.072 160.976 819.024 21:49:42
5.044 418.463 2401.463 21:49:43
5.060 199.878 1339.512 21:49:44
5.064 213.268 1197.073 21:49:45
5.060 279.268 1484.390 21:49:46
5.076 149.585 750.244 21:49:47
5.060 268.268 1429.268 21:49:48
5.072 163.585 827.317 21:49:49
5.068 214.390 1176.585 21:49:50
5.072 164.073 832.195 21:49:51
5.072 163.390 831.220 21:49:52
5.072 323.463 967.805 21:49:53
5.072 163.780 827.805 21:49:54
5.072 246.976 1172.683 21:49:55
5.076 280.683 851.220 21:49:56
5.072 219.780 1046.829 21:49:57
5.068 237.488 1312.195 21:49:58
5.044 407.951 2278.049 21:49:59
5.068 157.683 1175.610 21:50:00
5.064 249.683 1231.707 21:50:01
5.064 251.073 1241.951 21:50:02
5.068 260.268 1789.268 21:50:03
5.068 295.463 1906.341 21:50:04
5.068 209.878 1179.512 21:50:05
5.068 229.976 1291.707 21:50:06
5.072 209.976 831.220 21:50:07
5.072 161.878 820.976 21:50:08
5.056 259.171 1635.122 21:50:09
5.072 246.780 976.585 21:50:10
5.048 460.854 1983.902 21:50:11
5.060 296.780 1647.317 21:50:12
5.076 151.098 767.317 21:50:13
5.064 245.976 1242.927 21:50:14
5.072 244.268 1447.317 21:50:15
5.068 207.390 1365.854 21:50:16
5.076 156.683 792.683 21:50:17
5.076 164.195 827.317 21:50:18
5.072 216.390 1065.366 21:50:19
5.064 389.171 2022.927 21:50:20
5.072 257.171 1093.171 21:50:21
5.076 174.878 779.024 21:50:22
5.068 237.171 1156.585 21:50:23
5.076 163.878 1601.463 21:50:24
5.052 330.878 1268.293 21:50:25
5.068 206.488 1302.927 21:50:26
5.064 257.780 1247.805 21:50:27
5.076 163.195 827.317 21:50:28
5.060 285.780 1848.780 21:50:29
5.072 275.366 1300.488 21:50:30
5.068 330.561 2086.829 21:50:31
5.064 190.585 829.756 21:50:32
5.064 251.878 1260.488 21:50:33
5.060 243.683 1619.024 21:50:34
5.068 223.585 1297.073 21:50:35
5.072 161.585 820.976 21:50:36
5.076 148.683 752.683 21:50:37
5.048 329.659 1254.146 21:50:38
5.064 285.073 1513.171 21:50:39
5.044 255.878 1286.829 21:50:40
5.076 249.585 987.805 21:50:41
5.072 161.488 820.000 21:50:42
5.060 253.683 1235.610 21:50:43
5.068 253.171 1018.049 21:50:45
5.064 263.683 1274.634 21:50:46
5.068 275.683 983.902 21:50:47
5.072 163.683 816.585 21:50:48
5.044 462.463 2038.049 21:50:49
5.060 306.268 1423.415 21:50:50
5.072 183.780 900.976 21:50:51
5.068 194.171 944.878 21:50:52
5.068 306.268 1121.951 21:50:53
5.072 293.171 1118.049 21:50:54
5.072 196.683 942.927 21:50:55
5.072 160.976 852.683 21:50:56
5.068 246.488 1244.390 21:50:57
5.060 323.073 1644.878 21:50:58
5.052 414.561 2133.171 21:50:59
5.076 162.878 1021.463 21:51:00
5.076 215.488 1093.171 21:51:01
5.072 228.683 1159.024 21:51:02
5.056 458.049 1662.439 21:51:03
5.056 334.463 1690.244 21:51:04
5.076 150.293 763.415 21:51:05
5.076 163.780 831.220 21:51:06
5.060 326.659 1256.585 21:51:07
5.064 276.585 1404.390 21:51:08
5.064 219.780 989.268 21:51:09
5.076 153.683 776.098 21:51:10
5.056 312.780 2013.171 21:51:11
5.072 163.780 826.341 21:51:12
5.064 343.366 1372.195 21:51:13
5.068 352.561 2388.780 21:51:14
5.072 217.683 870.244 21:51:15
5.048 415.366 2120.976 21:51:16
5.072 156.878 791.220 21:51:17
5.068 170.195 863.902 21:51:18
5.072 162.390 818.537 21:51:19
5.076 164.683 831.220 21:51:20
5.052 325.463 1644.878 21:51:21
5.060 411.463 1667.805 21:51:22
5.072 150.195 760.000 21:51:23
5.060 221.780 1528.293 21:51:24
5.076 162.195 825.366 21:51:25
5.064 250.976 1272.195 21:51:26
5.052 331.366 1787.317 21:51:27
5.060 255.878 986.341 21:51:28
5.064 254.073 1375.610 21:51:29
5.056 226.878 1207.805 21:51:30
5.056 351.366 1840.488 21:51:31
5.060 207.268 1028.780 21:51:32
5.072 163.683 829.756 21:51:33
5.056 172.390 832.683 21:51:34
5.048 474.463 1635.122 21:51:35
5.068 217.268 1033.171 21:51:36
5.068 238.878 1099.512 21:51:37
5.072 165.293 776.098 21:51:38
5.060 328.073 1722.439 21:51:39
5.060 186.585 967.805 21:51:40
5.060 329.171 1640.000 21:51:41
5.072 254.780 1373.171 21:51:42
5.076 154.585 1018.049 21:51:43
5.072 163.683 822.439 21:51:44
5.056 387.463 2078.049 21:51:45
5.060 296.171 1239.024 21:51:46
5.064 284.683 1286.829 21:51:47
5.072 176.293 1261.951 21:51:48
5.060 323.659 1905.366 21:51:49
5.072 163.488 830.244 21:51:50
5.076 161.073 820.000 21:51:51
5.076 163.585 836.585 21:51:52
5.072 187.780 940.488 21:51:53
5.056 332.561 1663.902 21:51:54
5.064 252.780 1742.927 21:51:55
5.076 149.390 758.537 21:51:56
5.072 163.073 826.341 21:51:57
5.060 326.073 1655.122 21:51:58
5.064 208.878 993.659 21:51:59
5.068 205.683 1180.488 21:52:00
5.064 220.390 1075.122 21:52:01
5.076 156.780 798.537 21:52:02
5.072 163.073 827.317 21:52:03
5.068 314.780 1309.268 21:52:04
5.060 397.659 1472.195 21:52:05
5.068 258.463 1543.415 21:52:06
5.072 163.683 829.756 21:52:07
5.068 163.073 828.780 21:52:08
5.072 214.976 862.439 21:52:09
5.072 162.976 830.244 21:52:10
5.072 255.488 1702.439 21:52:11
5.072 209.976 1141.463 21:52:12
5.072 163.195 827.805 21:52:13
5.068 271.366 1233.171 21:52:14
5.060 331.366 1642.439 21:52:15
5.072 150.488 1042.439 21:52:16
5.064 163.780 827.805 21:52:17
5.076 158.073 791.220 21:52:18
5.056 431.268 2159.512 21:52:19
5.060 421.951 1769.268 21:52:20
5.076 245.585 847.317 21:52:21
5.072 187.878 978.049 21:52:22
5.072 162.585 819.024 21:52:23
5.072 183.878 981.463 21:52:24
5.068 251.488 1066.829 21:52:25
5.072 231.268 1064.390 21:52:26
5.056 307.780 1394.634 21:52:27
5.076 394.171 1265.854 21:52:28
5.072 189.976 960.488 21:52:29
5.072 153.488 782.439 21:52:30
5.072 163.976 830.244 21:52:31
5.072 195.171 1088.780 21:52:32
5.052 339.976 1802.439 21:52:33
5.072 178.073 1245.366 21:52:35
5.076 168.780 782.439 21:52:36
5.056 320.878 1500.976 21:52:37
5.056 431.463 1393.171 21:52:38
5.076 163.073 827.805 21:52:39
5.072 192.073 969.268 21:52:40
5.072 173.293 924.878 21:52:41
5.060 331.463 1640.976 21:52:42
5.068 257.976 1591.220 21:52:43
5.072 153.195 783.902 21:52:44
5.068 252.878 1758.537 21:52:45
5.076 163.780 830.244 21:52:46
5.064 394.268 2576.098 21:52:47
5.072 149.683 1354.634 21:52:48
5.068 212.878 1076.585 21:52:49
5.068 317.073 833.659 21:52:50
5.072 161.195 818.537 21:52:51
5.068 163.488 829.756 21:52:52
5.072 162.878 832.195 21:52:53
5.064 293.780 1250.732 21:52:54
5.068 216.976 1099.024 21:52:55
5.072 163.488 1329.756 21:52:56
5.056 416.366 2067.805 21:52:57
5.052 403.463 1758.537 21:52:58
5.072 161.780 820.000 21:52:59
5.068 291.878 1432.195 21:53:00
5.060 332.463 1678.537 21:53:01
5.068 355.561 1685.366 21:53:02
5.072 161.683 818.537 21:53:03
5.072 162.976 829.756 21:53:04
5.064 247.585 833.659 21:53:05
5.064 239.878 1031.707 21:53:06
5.068 276.171 1248.293 21:53:07
5.076 153.878 777.073 21:53:08
5.052 487.951 2417.561 21:53:09
5.068 259.073 1473.659 21:53:10
5.072 149.195 760.000 21:53:11
5.064 253.268 1274.146 21:53:12
5.072 157.195 795.122 21:53:13
5.064 227.683 1158.049 21:53:14
5.060 244.585 1552.195 21:53:15
5.072 151.585 774.634 21:53:16
5.052 417.171 2067.805 21:53:17
5.072 150.488 810.244 21:53:18
5.068 212.585 1036.585 21:53:19
5.072 164.293 832.683 21:53:20
5.072 186.585 990.244 21:53:21
5.048 497.756 2136.585 21:53:22
5.068 150.585 760.000 21:53:23
5.064 271.878 1235.610 21:53:24
5.052 390.268 1658.537 21:53:25
5.068 214.780 1142.927 21:53:26
5.060 250.878 1270.732 21:53:27
5.076 154.073 1127.805 21:53:28
5.072 161.878 818.537 21:53:29
5.068 253.268 1285.366 21:53:30
5.072 190.073 1120.488 21:53:31
5.060 338.171 1672.195 21:53:32
5.076 161.780 782.439 21:53:33
5.064 255.976 1231.707 21:53:34
5.068 257.268 1006.829 21:53:35
5.072 186.171 925.366 21:53:36
5.068 246.780 1253.171 21:53:37
5.064 235.268 1043.902 21:53:38
5.048 406.463 1700.000 21:53:39
5.068 252.268 1387.317 21:53:40
5.076 161.488 820.000 21:53:41
5.060 396.756 1907.805 21:53:42
5.068 262.976 1400.488 21:53:43
5.044 403.463 2407.317 21:53:44
5.072 163.683 831.220 21:53:45
5.072 148.585 754.634 21:53:46
5.060 351.756 1656.585 21:53:47
5.072 163.390 829.756 21:53:48
5.056 366.366 1995.610 21:53:49
5.072 163.683 829.756 21:53:50
5.068 283.780 1199.024 21:53:51
5.060 286.976 1832.683 21:53:52
5.064 210.268 1077.561 21:53:53
5.072 256.780 872.195 21:53:54
5.060 238.073 1500.000 21:53:55
5.072 216.390 1200.488 21:53:56
5.076 156.780 1140.488 21:53:57
5.072 150.293 752.195 21:53:58
5.068 336.561 1714.146 21:53:59
5.060 290.073 2496.585 21:54:00
5.076 150.098 758.537 21:54:01
5.064 266.683 830.244 21:54:02
5.072 163.390 827.805 21:54:03
5.068 199.073 1011.707 21:54:04
5.060 332.171 1276.585 21:54:05
5.072 185.171 1049.268 21:54:06
5.060 291.780 1418.537 21:54:07
5.076 153.293 1193.171 21:54:08
5.060 400.659 1901.951 21:54:09
5.072 264.268 824.878 21:54:10
5.068 249.878 1269.756 21:54:11
5.068 163.195 820.000 21:54:12
5.064 336.171 1623.902 21:54:13
5.072 179.976 888.780 21:54:14
5.056 277.073 1449.756 21:54:15
5.068 166.390 826.341 21:54:16
5.076 147.878 750.244 21:54:17
5.072 215.488 1114.146 21:54:18
5.072 183.878 909.756 21:54:19
5.076 203.976 823.415 21:54:20
5.076 164.878 1259.512 21:54:21
5.072 312.366 1592.195 21:54:22
5.072 214.976 1077.561 21:54:23
5.072 165.195 837.561 21:54:24
5.072 204.780 1292.195 21:54:25
5.072 164.976 836.098 21:54:26
5.064 364.268 1494.634 21:54:27
5.064 248.878 1239.024 21:54:28
5.072 165.073 842.439 21:54:29
5.072 249.780 830.244 21:54:31
5.064 350.366 1737.561 21:54:32
5.056 228.878 980.488 21:54:33
5.072 163.976 832.195 21:54:34
5.068 163.488 872.683 21:54:35
5.044 472.463 2420.976 21:54:36
5.056 449.659 1913.171 21:54:37
5.072 150.390 807.805 21:54:38
5.044 243.585 1269.756 21:54:39
5.076 179.878 777.073 21:54:40
5.072 203.585 1201.951 21:54:41
5.060 339.268 1995.122 21:54:42
5.068 197.780 1072.683 21:54:43
5.064 503.244 2374.634 21:54:44
5.068 199.585 1057.561 21:54:45
5.068 153.390 780.000 21:54:46
5.068 213.171 1063.902 21:54:47
5.072 155.390 763.902 21:54:48
5.060 262.366 1240.488 21:54:49
5.072 236.683 1236.585 21:54:50
5.072 163.488 827.805 21:54:51
5.060 244.073 1225.854 21:54:52
5.076 160.976 820.000 21:54:53
5.068 255.171 1287.805 21:54:54
5.044 301.171 1239.024 21:54:55
5.068 209.780 1068.780 21:54:56
5.068 247.683 1145.366 21:54:57
5.064 253.683 1235.610 21:54:58
5.072 161.878 822.439 21:54:59
5.064 326.659 1656.585 21:55:00
5.068 190.780 1034.146 21:55:01
5.072 163.488 829.756 21:55:02
5.076 163.390 829.756 21:55:03
5.064 250.488 1273.171 21:55:04
5.072 163.976 830.244 21:55:05
5.064 259.268 1363.415 21:55:06
5.064 189.780 1278.049 21:55:07
5.076 150.293 762.439 21:55:08
5.076 163.878 833.659 21:55:09
5.048 379.366 1688.780 21:55:10
5.068 340.463 1654.634 21:55:11
5.072 213.171 832.683 21:55:12
5.072 244.366 960.000 21:55:13
5.056 312.561 1318.049 21:55:14
5.068 209.268 1115.610 21:55:15
5.076 166.683 778.537 21:55:16
5.068 250.683 1276.585 21:55:17
5.064 268.878 1239.512 21:55:18
5.064 355.659 1599.024 21:55:19
5.068 203.585 976.098 21:55:20
5.072 207.683 905.366 21:55:21
5.064 476.366 1748.780 21:55:22
5.056 247.780 1701.463 21:55:23
5.064 309.463 1728.780 21:55:24
5.064 284.780 1484.878 21:55:25
5.072 149.585 761.463 21:55:26
5.068 179.878 971.707 21:55:27
5.056 247.073 1274.146 21:55:28
5.060 327.976 1819.024 21:55:29
5.068 162.293 1527.317 21:55:30
5.072 150.976 758.537 21:55:31
5.076 250.488 832.195 21:55:32
5.064 353.463 1906.829 21:55:33
5.068 246.683 1389.268 21:55:34
5.064 334.878 1063.902 21:55:35
5.068 213.390 1161.463 21:55:36
5.060 247.976 1268.293 21:55:37
5.056 249.878 1354.634 21:55:38
5.068 192.073 990.244 21:55:39
5.064 340.073 1305.854 21:55:40
5.068 188.488 1281.951 21:55:41
5.076 163.683 1031.220 21:55:42
5.076 163.195 827.805 21:55:43
5.060 290.268 1559.512 21:55:44
5.048 361.756 2130.732 21:55:45
5.068 250.488 1627.805 21:55:46
5.072 284.683 829.756 21:55:47
5.068 293.878 1338.049 21:55:48
5.060 335.976 1696.585 21:55:49
5.060 377.463 1600.976 21:55:50
5.064 163.488 891.707 21:55:51
5.068 244.976 1379.512 21:55:52
5.060 344.976 1783.902 21:55:53
5.072 149.585 762.439 21:55:54
5.072 161.488 807.317 21:55:55
5.068 360.854 1409.756 21:55:56
5.060 247.488 1244.390 21:55:57
5.072 153.488 1012.683 21:55:58
5.072 221.585 983.902 21:55:59
5.064 248.171 1321.951 21:56:00
5.072 177.585 900.976 21:56:01
5.068 213.171 972.683 21:56:02
5.072 196.390 1599.024 21:56:03
5.072 248.488 829.756 21:56:04
5.064 507.049 2099.024 21:56:05
5.064 169.976 856.585 21:56:06
5.068 182.073 828.780 21:56:07
5.056 408.659 1701.463 21:56:08
5.072 165.293 905.366 21:56:09
5.072 162.878 826.341 21:56:10
5.056 327.878 1269.268 21:56:11
5.064 374.976 1868.780 21:56:12
5.072 152.976 775.122 21:56:13
5.076 162.976 1040.488 21:56:14
5.072 189.390 910.244 21:56:15
5.072 150.098 763.902 21:56:16
5.076 173.780 850.244 21:56:17
5.056 463.146 2055.610 21:56:18
5.068 198.878 1106.341 21:56:19
5.072 183.171 828.780 21:56:20
5.072 164.195 830.244 21:56:21
5.056 333.561 1790.244 21:56:22
5.068 242.366 1578.537 21:56:23
5.072 235.268 1293.171 21:56:24
5.072 159.390 805.854 21:56:25
5.076 163.195 827.317 21:56:27
5.060 268.878 1790.244 21:56:28
5.052 416.756 1666.341 21:56:29
5.064 264.073 1241.951 21:56:30
5.076 149.780 759.512 21:56:31
5.060 325.463 1747.805 21:56:32
5.060 407.463 1303.415 21:56:33
5.060 374.854 2291.220 21:56:34
5.068 243.171 1220.488 21:56:35
5.068 245.585 1057.561 21:56:36
5.076 163.488 830.244 21:56:37
5.056 290.268 2058.049 21:56:38
5.076 205.268 1653.659 21:56:39
5.076 196.976 1085.366 21:56:40
5.068 247.585 1314.634 21:56:41
5.060 326.659 1970.732 21:56:42
5.068 296.073 1123.902 21:56:43
5.064 293.463 1488.780 21:56:44
5.064 248.976 1239.512 21:56:45
5.064 246.268 1250.732 21:56:46
5.060 251.585 1258.049 21:56:47
5.064 364.854 2050.732 21:56:48
5.072 288.366 1378.049 21:56:49
5.076 161.293 760.000 21:56:50
5.072 221.976 977.561 21:56:51
5.068 202.390 1042.927 21:56:52
5.068 188.878 990.244 21:56:53
5.072 183.683 953.659 21:56:54
5.068 302.073 1681.463 21:56:55
5.068 215.585 1205.366 21:56:56
5.076 216.268 780.976 21:56:57
5.068 235.488 1137.073 21:56:58
5.072 211.268 957.561 21:56:59
5.064 348.756 1888.780 21:57:00
5.048 388.268 1628.780 21:57:01
5.076 173.293 761.463 21:57:02
5.064 340.171 1243.415 21:57:03
5.068 223.878 1254.146 21:57:04
5.064 293.780 1455.610 21:57:05
5.072 188.390 909.756 21:57:06
5.076 153.488 783.902 21:57:07
5.068 254.268 1704.878 21:57:08
5.064 345.878 1291.707 21:57:09
5.064 293.463 1705.366 21:57:10
5.064 203.976 1217.073 21:57:11
5.072 199.585 993.659 21:57:12
5.068 296.780 1229.268 21:57:13
5.068 325.976 1720.976 21:57:14
5.068 278.073 1269.268 21:57:15
5.072 163.488 826.341 21:57:16
5.052 462.951 1345.854 21:57:17
5.064 243.878 1242.927 21:57:18
5.068 157.195 1168.293 21:57:19
5.068 244.976 1239.024 21:57:20
5.064 251.171 1270.732 21:57:21
5.068 255.171 930.244 21:57:22
5.048 459.951 2294.634 21:57:23
5.064 204.780 1000.488 21:57:24
5.072 294.780 1170.244 21:57:25
5.064 254.878 1248.293 21:57:26
5.072 152.488 770.244 21:57:27
5.064 368.171 1846.341 21:57:28
5.068 193.683 1032.683 21:57:29
5.072 163.976 797.561 21:57:30
5.048 337.268 1349.756 21:57:31
5.076 243.268 1076.585 21:57:32
5.056 330.268 1775.122 21:57:33
5.064 244.171 1273.171 21:57:34
5.068 295.463 1712.683 21:57:35
5.048 392.366 2017.073 21:57:36
5.068 260.878 1765.366 21:57:37
5.076 157.488 798.537 21:57:38
5.072 186.585 831.220 21:57:39
5.060 243.585 1792.683 21:57:40
5.068 264.463 1274.634 21:57:41
5.072 180.171 916.098 21:57:42
5.072 154.683 783.902 21:57:43
5.076 152.683 775.122 21:57:44
5.064 282.561 1440.000 21:57:45
5.072 281.878 999.024 21:57:46
5.072 183.171 808.780 21:57:47
5.060 296.268 1512.195 21:57:48
5.076 150.683 787.317 21:57:49
5.044 384.951 1891.707 21:57:50
5.064 212.488 1070.732 21:57:51
5.076 163.293 995.610 21:57:52
5.072 220.878 956.585 21:57:53
5.068 228.488 1298.049 21:57:54
5.072 258.268 896.585 21:57:55
5.064 273.683 1443.415 21:57:56
5.064 264.073 1277.073 21:57:57
5.072 163.390 828.780 21:57:58
5.072 229.488 1072.683 21:57:59
5.072 216.073 1093.171 21:58:00
5.076 170.878 782.439 21:58:01
5.044 494.341 2492.683 21:58:02
5.068 153.878 1133.171 21:58:03
5.064 251.268 1270.732 21:58:04
5.044 408.463 1800.488 21:58:05
5.068 179.195 829.756 21:58:06
5.064 197.780 1690.244 21:58:07
5.072 319.268 830.244 21:58:08
5.076 192.976 831.220 21:58:09
5.056 347.268 1681.463 21:58:10
5.060 178.780 942.439 21:58:11
5.052 256.976 1186.829 21:58:12
5.064 188.488 1204.390 21:58:13
5.064 246.268 1253.171 21:58:14
5.068 266.366 1368.293 21:58:15
5.064 480.561 1663.902 21:58:16
5.072 242.073 827.805 21:58:17
5.072 247.976 830.244 21:58:18
5.060 408.756 2227.317 21:58:19
5.048 422.171 1903.902 21:58:20
5.064 245.488 833.659 21:58:22
5.060 288.878 1830.244 21:58:23
5.060 183.585 941.463 21:58:24
5.072 192.878 973.659 21:58:25
5.076 163.073 829.756 21:58:26
5.056 341.073 1672.683 21:58:27
5.068 262.463 1274.634 21:58:28
5.072 162.585 830.244 21:58:29
5.068 163.488 986.341 21:58:30
5.068 263.171 1280.976 21:58:31
5.072 195.683 970.244 21:58:32
5.060 377.854 1661.463 21:58:33
5.064 247.976 1678.537 21:58:34
5.072 163.878 1150.244 21:58:35
5.064 233.268 1101.951 21:58:36
5.064 270.073 1819.024 21:58:37
5.048 355.073 1751.707 21:58:38
5.072 205.683 763.902 21:58:39
5.056 320.073 1262.927 21:58:40
5.064 285.683 1995.610 21:58:41
5.040 406.268 1657.561 21:58:42
5.060 343.561 2024.390 21:58:43
5.076 163.488 828.780 21:58:44
5.072 164.073 973.659 21:58:45
5.072 164.073 1278.049 21:58:46
5.064 502.659 1438.049 21:58:47
5.076 164.073 1333.171 21:58:48
5.060 270.463 1075.122 21:58:49
5.072 164.390 832.195 21:58:50
5.068 264.683 785.854 21:58:51
5.072 263.463 997.561 21:58:52
5.068 247.366 2093.171 21:58:53
5.072 150.488 1274.146 21:58:54
5.060 208.683 1080.488 21:58:55
5.072 205.976 1024.390 21:58:56
5.060 299.683 1278.537 21:58:57
5.076 153.683 779.024 21:58:58
5.064 270.171 1496.098 21:58:59
5.076 209.780 1251.707 21:59:00
5.068 243.488 1887.805 21:59:01
5.056 382.073 2055.610 21:59:02
5.068 189.683 1012.683 21:59:03
5.060 279.171 1496.098 21:59:04
5.072 164.073 831.220 21:59:05
5.052 324.878 1660.000 21:59:06
5.064 314.659 1344.878 21:59:07
5.068 158.585 765.854 21:59:08
5.064 245.976 1240.976 21:59:09
5.072 157.585 1163.902 21:59:10
5.056 243.976 1338.049 21:59:11
5.056 166.878 846.341 21:59:12
5.064 461.756 2279.512 21:59:13
5.064 220.390 1047.805 21:59:14
5.072 179.390 1244.390 21:59:15
5.044 389.561 1429.756 21:59:16
5.072 172.390 807.317 21:59:17
5.068 276.073 1231.707 21:59:18
5.060 246.683 1885.366 21:59:19
5.076 222.976 812.683 21:59:20
5.064 245.171 1472.195 21:59:21
5.064 283.171 1905.366 21:59:22
5.044 466.561 1922.927 21:59:23
5.064 245.878 1239.512 21:59:24
5.068 198.293 1420.976 21:59:25
5.068 252.976 1195.610 21:59:26
5.052 418.366 2124.390 21:59:27
5.056 327.268 1819.024 21:59:28
5.064 221.780 915.122 21:59:29
5.068 163.976 1327.317 21:59:30
5.060 304.976 1544.878 21:59:31
5.048 395.854 1906.341 21:59:32
5.064 246.268 1244.390 21:59:33
5.076 164.683 827.805 21:59:34
5.060 292.683 1649.756 21:59:35
5.068 252.171 1530.732 21:59:36
5.060 243.366 1251.707 21:59:37
5.064 249.878 1269.268 21:59:38
5.072 185.683 1195.610 21:59:39
5.060 173.390 832.195 21:59:40
5.064 243.976 1250.244 21:59:41
5.068 312.171 1480.000 21:59:42
5.072 247.976 831.220 21:59:43
5.056 252.073 1275.610 21:59:44
5.076 157.293 800.000 21:59:45
5.072 162.195 902.439 21:59:46
5.064 270.976 1354.634 21:59:47
5.068 238.878 1702.927 21:59:48
5.068 249.488 918.537 21:59:49
5.072 188.878 901.463 21:59:50
5.072 275.463 1386.829 21:59:51
5.072 222.390 1166.829 21:59:52
5.068 154.073 922.927 21:59:53
5.072 214.780 1086.829 21:59:54
5.056 405.366 1716.585 21:59:55
5.068 209.780 831.220 21:59:56
5.072 183.171 942.439 21:59:57
5.072 151.780 769.756 21:59:58
5.056 336.366 1673.659 21:59:59
5.076 154.585 779.024 22:00:00
5.068 234.878 1040.000 22:00:01
5.068 223.683 1258.049 22:00:02
5.064 259.463 1313.171 22:00:03
5.056 398.561 2070.732 22:00:04
5.056 251.683 1262.927 22:00:05
5.072 163.488 824.878 22:00:06
5.064 249.268 1239.024 22:00:07
5.072 166.390 843.415 22:00:08
5.052 382.659 1702.439 22:00:09
5.076 163.976 832.195 22:00:10
5.064 253.976 1239.024 22:00:11
5.052 193.780 1106.829 22:00:12
5.068 164.195 832.195 22:00:13
5.064 246.976 1343.415 22:00:14
5.064 250.585 1286.829 22:00:15
5.068 244.171 1237.073 22:00:16
5.068 217.488 1101.951 22:00:18
5.064 219.683 1384.878 22:00:19
5.068 243.488 1880.000 22:00:20
5.068 244.073 1236.585 22:00:21
5.068 317.561 1119.024 22:00:22
5.072 294.073 940.000 22:00:23
5.068 255.073 1383.415 22:00:24
5.072 287.366 1050.244 22:00:25
5.064 275.683 1477.561 22:00:26
5.072 157.878 931.220 22:00:27
5.072 153.293 837.561 22:00:28
5.076 162.683 823.902 22:00:29
5.056 329.561 1891.220 22:00:30
5.068 249.073 1219.512 22:00:31
5.072 169.683 833.659 22:00:32
5.068 215.073 956.585 22:00:33
5.064 226.268 1219.512 22:00:34
5.068 317.561 1332.195 22:00:35
5.072 149.976 759.512 22:00:36
5.068 287.366 1457.073 22:00:37
5.064 172.073 1506.341 22:00:38
5.068 222.878 1080.000 22:00:39
5.068 252.268 1282.927 22:00:40
5.064 284.171 1254.146 22:00:41
5.056 348.659 1359.512 22:00:42
5.056 354.561 1977.073 22:00:43
5.060 262.268 1089.268 22:00:44
5.060 309.366 1721.463 22:00:45
5.068 196.585 1007.805 22:00:46
5.052 360.073 1325.366 22:00:47
5.064 342.268 1504.878 22:00:48
5.076 154.390 817.561 22:00:49
5.064 328.073 1658.537 22:00:50
5.068 188.171 943.902 22:00:51
5.072 153.780 774.634 22:00:52
5.072 226.683 1254.634 22:00:53
5.068 162.293 820.976 22:00:54
5.072 256.268 1234.634 22:00:55
5.060 263.268 1131.707 22:00:56
5.056 498.049 2178.049 22:00:57
5.068 370.756 1577.561 22:00:58
5.056 210.268 1335.610 22:00:59
5.068 164.073 901.463 22:01:00
5.064 252.976 1286.829 22:01:01
5.072 292.171 1307.317 22:01:02
5.068 281.366 1288.293 22:01:03
5.072 212.488 935.122 22:01:04
5.072 163.683 987.805 22:01:05
5.056 393.756 2046.829 22:01:06
5.068 198.878 1063.902 22:01:07
5.072 239.878 1412.195 22:01:08
5.072 215.073 1109.268 22:01:09
5.072 257.171 867.317 22:01:10
5.064 291.561 1558.537 22:01:11
5.072 164.293 863.902 22:01:12
5.068 163.585 924.878 22:01:13
5.056 371.659 1660.976 22:01:14
5.072 215.268 820.000 22:01:15
5.064 272.976 1383.415 22:01:16
5.068 163.976 827.805 22:01:17
5.072 163.780 1802.927 22:01:18
5.056 271.171 1274.146 22:01:19
5.072 163.488 831.220 22:01:20
5.064 244.268 1259.024 22:01:21
5.068 258.976 2365.854 22:01:22
5.056 280.976 1525.854 22:01:23
5.072 166.780 829.756 22:01:24
5.072 162.195 821.463 22:01:25
5.048 490.854 2010.732 22:01:26
5.064 354.073 1840.000 22:01:27
5.072 361.561 1603.415 22:01:28
5.072 163.073 1636.098 22:01:29
5.072 250.780 829.756 22:01:30
5.068 240.683 1486.341 22:01:31
5.072 195.293 992.683 22:01:32
5.068 216.683 1097.561 22:01:33
5.060 294.878 1156.585 22:01:34
5.064 309.073 1526.341 22:01:35
5.064 306.976 1274.146 22:01:36
5.072 161.976 823.902 22:01:37
5.056 250.366 1270.732 22:01:38
5.064 476.049 1457.561 22:01:39
5.064 171.585 1192.683 22:01:40
5.068 354.561 1577.561 22:01:41
5.072 163.878 831.220 22:01:42
5.072 395.463 1270.732 22:01:43
5.072 177.195 907.317 22:01:44
5.060 337.756 1660.976 22:01:45
5.064 323.463 1591.220 22:01:46
5.072 228.171 1188.293 22:01:47
5.072 151.098 1143.902 22:01:48
5.068 150.195 761.463 22:01:49
5.064 261.585 1325.366 22:01:50
5.068 228.073 1159.024 22:01:51
5.068 210.878 1063.902 22:01:52
5.064 421.268 2070.244 22:01:53
5.064 255.976 1300.488 22:01:54
5.072 160.683 763.902 22:01:55
5.044 306.463 1745.366 22:01:56
5.068 162.683 829.756 22:01:57
5.056 293.463 1804.878 22:01:58
5.064 281.463 1021.463 22:01:59
5.068 202.976 1027.805 22:02:00
5.072 164.293 832.683 22:02:01
5.068 267.976 1020.000 22:02:02
5.064 280.976 1123.902 22:02:03
5.068 226.073 830.244 22:02:04
5.064 199.073 1425.854 22:02:05
5.060 334.073 1702.439 22:02:06
5.072 162.390 832.195 22:02:07
5.076 149.780 757.073 22:02:08
5.064 252.780 1280.976 22:02:09
5.076 153.488 783.415 22:02:10
5.064 307.073 1823.902 22:02:11
5.072 163.878 835.122 22:02:12
5.072 220.976 1162.927 22:02:14
5.068 256.268 1730.244 22:02:15
5.072 154.390 775.122 22:02:16
5.056 278.780 1416.098 22:02:17
5.076 289.976 835.122 22:02:18
5.064 252.585 1267.805 22:02:19
5.064 332.659 1303.415 22:02:20
5.072 163.585 832.195 22:02:21
5.048 245.585 1256.585 22:02:22
5.072 162.976 827.805 22:02:23
5.072 258.585 1301.951 22:02:24
5.052 255.171 1696.585 22:02:25
5.068 209.390 998.049 22:02:26
5.060 250.366 1539.512 22:02:27
5.076 163.683 1181.951 22:02:28
5.064 250.683 1671.220 22:02:29
5.064 247.073 1256.585 22:02:30
5.064 245.878 1250.732 22:02:31
5.060 364.561 1849.268 22:02:32
5.068 244.366 1468.780 22:02:33
5.076 163.390 834.634 22:02:34
5.064 296.976 1437.073 22:02:35
5.064 310.463 1673.659 22:02:36
5.064 291.683 1092.683 22:02:37
5.064 272.780 1052.683 22:02:38
5.072 204.585 760.000 22:02:39
5.068 248.488 1229.268 22:02:40
5.056 330.878 1667.317 22:02:41
5.064 381.463 1404.390 22:02:42
5.068 252.585 1279.512 22:02:43
5.072 163.585 854.146 22:02:44
5.064 212.683 1078.049 22:02:45
5.056 336.268 1684.878 22:02:46
5.072 277.171 1368.293 22:02:47
5.060 243.878 1274.634 22:02:48
5.064 287.463 1223.415 22:02:49
5.068 230.073 1163.902 22:02:50
5.052 221.585 1127.805 22:02:51
5.064 163.488 836.585 22:02:52
5.072 153.976 776.098 22:02:53
5.064 280.683 1426.829 22:02:54
5.064 274.780 945.366 22:02:55
5.060 262.585 1256.585 22:02:56
5.052 432.049 2264.878 22:02:57
5.068 164.073 831.220 22:02:58
5.072 192.976 1250.244 22:02:59
5.064 248.488 1269.268 22:03:00
5.064 272.780 1420.976 22:03:01
5.068 385.951 1293.171 22:03:02
5.060 280.976 1258.049 22:03:03
5.056 335.463 1682.439 22:03:04
5.072 171.293 827.805 22:03:05
5.068 244.780 1268.293 22:03:06
5.068 238.878 1346.829 22:03:07
5.056 384.561 1789.268 22:03:08
5.052 332.976 1450.732 22:03:09
5.068 296.073 1491.220 22:03:10
5.068 288.561 1061.951 22:03:11
5.052 215.780 2451.220 22:03:12
5.068 276.585 1254.634 22:03:13
5.064 245.976 1235.610 22:03:14
5.072 183.390 1280.488 22:03:15
5.056 174.683 937.561 22:03:16
5.056 288.683 1165.854 22:03:17
5.064 203.878 1026.829 22:03:18
5.068 179.976 1303.415 22:03:19
5.068 255.683 1285.366 22:03:20
5.044 414.366 2049.268 22:03:21
5.072 193.585 1457.561 22:03:22
5.072 160.293 811.220 22:03:23
5.072 163.683 829.756 22:03:24
5.064 213.683 1081.951 22:03:25
5.072 206.585 1039.024 22:03:26
5.072 215.976 1121.463 22:03:27
5.060 334.976 1696.585 22:03:28
5.076 160.683 783.415 22:03:29
5.060 280.268 1274.146 22:03:30
5.068 289.976 1500.976 22:03:31
5.072 201.878 1024.390 22:03:32
5.060 252.366 1245.854 22:03:33
5.068 160.488 783.902 22:03:34
5.052 336.878 1689.756 22:03:35
5.072 153.683 1098.049 22:03:36
5.072 162.878 825.366 22:03:37
5.068 216.878 1095.122 22:03:38
5.076 195.585 760.976 22:03:39
5.064 278.780 1254.634 22:03:40
5.068 188.390 1000.000 22:03:41
5.068 194.171 998.049 22:03:42
5.064 213.585 793.659 22:03:43
5.068 194.878 966.829 22:03:44
5.072 163.293 827.317 22:03:45
5.068 163.683 831.220 22:03:46
5.064 273.683 1387.317 22:03:47
5.060 247.171 1261.951 22:03:48
5.060 299.683 1258.049 22:03:49
5.072 163.683 878.537 22:03:50
5.068 274.585 1444.390 22:03:51
5.060 452.951 2362.439 22:03:52
5.072 150.390 763.902 22:03:53
5.072 163.878 830.244 22:03:54
5.064 242.488 896.098 22:03:55
5.072 165.683 843.415 22:03:56
5.060 308.659 1490.732 22:03:57
5.064 255.683 1261.951 22:03:58
5.060 280.268 1459.512 22:03:59
5.056 330.073 1723.902 22:04:00
5.072 163.293 828.780 22:04:01
5.064 272.878 1996.585 22:04:02
5.076 154.585 783.902 22:04:03
5.076 148.488 752.195 22:04:04
5.064 221.488 1563.902 22:04:05
5.064 274.585 1344.878 22:04:06
5.072 288.268 995.610 22:04:07
5.072 185.488 966.341 22:04:09
5.056 439.659 2284.390 22:04:10
5.072 201.390 954.146 22:04:11
5.072 195.976 1322.927 22:04:12
5.064 163.683 1540.976 22:04:13
5.068 258.268 1160.488 22:04:14
5.064 250.878 1382.439 22:04:15
5.068 163.195 830.244 22:04:16
5.068 278.366 871.220 22:04:17
5.064 360.268 1332.195 22:04:18
5.064 391.854 1773.659 22:04:19
5.064 246.976 1314.634 22:04:20
5.064 333.976 1454.634 22:04:21
5.060 223.976 830.244 22:04:22
5.072 196.976 994.146 22:04:23
5.068 335.878 1642.439 22:04:24
5.068 273.268 1095.610 22:04:25
5.056 334.171 1680.976 22:04:26
5.048 341.659 1682.439 22:04:27
5.068 199.171 1001.463 22:04:28
5.072 278.878 1316.098 22:04:29
5.064 164.780 907.317 22:04:30
5.064 203.976 1153.171 22:04:31
5.068 212.683 1080.488 22:04:32
5.068 230.171 1095.610 22:04:33
5.068 217.878 784.878 22:04:34
5.060 295.878 1736.098 22:04:35
5.060 336.366 1666.341 22:04:36
5.052 406.073 2070.732 22:04:37
5.068 267.976 1610.244 22:04:38
5.072 163.293 905.366 22:04:39
5.068 194.488 1448.293 22:04:40
5.072 164.293 829.756 22:04:41
5.064 244.268 1707.805 22:04:42
5.060 195.683 1287.805 22:04:43
5.076 239.366 1313.171 22:04:44
5.076 272.268 1398.049 22:04:45
5.072 172.488 873.659 22:04:46
5.056 261.976 1269.756 22:04:47
5.056 355.366 1836.585 22:04:48
5.060 384.756 1661.463 22:04:49
5.056 337.463 1661.463 22:04:50
5.068 250.780 1341.951 22:04:51
5.072 184.683 901.463 22:04:52
5.060 300.561 1546.341 22:04:53
5.072 192.488 841.463 22:04:54
5.072 162.780 829.756 22:04:55
5.056 417.561 2131.707 22:04:56
5.056 319.780 2167.317 22:04:57
5.068 245.366 1979.024 22:04:58
5.068 381.171 1272.195 22:04:59
5.068 206.976 1032.683 22:05:00
5.060 335.073 1486.341 22:05:01
5.056 403.073 1717.561 22:05:02
5.072 163.780 827.317 22:05:03
5.072 179.293 893.659 22:05:04
5.064 175.878 1055.610 22:05:05
5.056 368.268 1828.780 22:05:06
5.060 349.976 1715.122 22:05:07
5.072 206.171 832.683 22:05:08
5.072 164.488 831.220 22:05:09
5.060 422.951 2317.073 22:05:10
5.072 204.293 1010.244 22:05:11
5.072 158.390 763.415 22:05:12
5.048 376.756 1667.805 22:05:13
5.056 347.366 2045.854 22:05:14
5.072 164.780 836.585 22:05:15
5.064 171.683 875.122 22:05:16
5.076 247.073 1037.561 22:05:17
5.064 320.268 1755.122 22:05:18
5.064 283.976 1439.512 22:05:19
5.064 209.683 1387.317 22:05:20
5.052 286.561 1320.488 22:05:21
5.056 292.780 1911.707 22:05:22
5.072 164.488 831.220 22:05:23
5.060 246.366 1849.268 22:05:24
5.064 223.878 1134.146 22:05:25
5.060 164.488 835.122 22:05:26
5.076 164.073 997.561 22:05:27
5.068 163.195 829.756 22:05:28
5.064 253.171 1270.732 22:05:29
5.056 306.780 1563.415 22:05:30
5.064 259.366 1313.171 22:05:31
5.068 249.585 1501.951 22:05:32
5.064 252.780 1281.951 22:05:33
5.060 210.073 1052.683 22:05:34
5.068 192.390 996.585 22:05:35
5.064 248.683 1281.951 22:05:36
5.064 383.756 1839.024 22:05:37
5.064 247.073 1239.024 22:05:38
5.060 252.171 1298.049 22:05:39
5.068 193.488 996.585 22:05:40
5.068 316.976 1433.171 22:05:41
5.052 423.366 2118.537 22:05:42
5.064 257.268 1397.073 22:05:43
5.072 163.976 830.244 22:05:44
5.052 334.561 1628.780 22:05:45
5.068 302.561 1404.390 22:05:46
5.064 251.976 1408.293 22:05:47
5.064 251.683 1234.146 22:05:48
5.076 157.780 796.098 22:05:49
5.068 248.488 1263.415 22:05:50
5.064 197.073 1182.927 22:05:51
5.068 289.268 1260.976 22:05:52
5.072 186.171 988.780 22:05:53
5.068 223.171 928.780 22:05:54
5.064 254.585 1277.073 22:05:55
5.056 340.463 2401.463 22:05:56
5.068 273.268 1308.293 22:05:57
5.060 289.561 1983.902 22:05:58
5.068 215.780 1094.146 22:05:59
5.068 254.488 1276.585 22:06:00
5.048 415.756 2096.585 22:06:01
5.064 249.488 1428.293 22:06:02
5.064 251.366 2339.512 22:06:04
5.064 267.683 1343.415 22:06:05
5.060 336.073 1695.122 22:06:06
5.052 338.268 1424.878 22:06:07
5.072 162.195 821.463 22:06:08
5.064 251.878 1280.976 22:06:09
5.072 164.488 849.756 22:06:10
5.060 358.171 1279.512 22:06:11
5.072 164.683 1058.049 22:06:12
5.072 187.780 949.268 22:06:13
5.076 165.073 838.537 22:06:14
5.064 264.073 1707.805 22:06:15
5.068 256.463 1482.439 22:06:16
5.072 161.878 837.561 22:06:17
5.060 329.366 2037.073 22:06:18
5.072 247.976 960.000 22:06:19
5.064 256.073 1244.390 22:06:20
5.064 198.293 1101.463 22:06:21
5.072 151.098 764.878 22:06:22
5.060 281.268 1380.976 22:06:23
5.072 164.195 832.683 22:06:24
5.068 242.683 1580.976 22:06:25
5.064 245.268 1239.512 22:06:26
5.064 246.073 1250.732 22:06:27
5.064 245.683 1241.951 22:06:28
5.072 164.683 836.098 22:06:29
5.060 260.585 1273.171 22:06:30
5.056 299.073 1418.537 22:06:31
5.072 201.585 920.000 22:06:32
5.060 314.366 1429.268 22:06:33
5.064 198.293 1084.390 22:06:34
5.068 164.878 836.098 22:06:35
5.072 253.976 1403.415 22:06:36
5.060 327.976 1713.659 22:06:37
5.056 289.683 1552.195 22:06:38
5.072 163.195 837.561 22:06:39
5.056 360.171 2188.293 22:06:40
5.068 251.780 1280.488 22:06:41
5.060 372.463 1661.463 22:06:42
5.060 244.073 1300.976 22:06:43
5.064 474.049 1460.976 22:06:44
5.064 253.073 1274.634 22:06:45
5.068 261.366 2407.317 22:06:46
5.072 253.488 1071.707 22:06:47
5.060 265.073 1435.610 22:06:48
5.060 298.976 1511.220 22:06:49
5.060 334.463 1700.000 22:06:50
5.072 206.683 759.512 22:06:51
5.064 301.780 1447.317 22:06:52
5.064 284.976 1475.610 22:06:53
5.072 154.488 783.415 22:06:54
5.056 415.951 1568.780 22:06:55
5.060 203.293 1359.512 22:06:56
5.068 216.073 1155.122 22:06:57
5.068 222.488 1188.293 22:06:58
5.072 215.171 1119.024 22:06:59
5.052 402.463 1681.463 22:07:00
5.064 235.366 1150.244 22:07:01
5.064 301.878 1524.878 22:07:02
5.056 351.268 1751.707 22:07:03
5.072 163.780 832.195 22:07:04
5.064 341.268 1745.366 22:07:05
5.064 295.683 1609.756 22:07:06
5.068 223.780 1125.366 22:07:07
5.056 362.268 1707.805 22:07:08
5.060 357.756 1688.780 22:07:09
5.072 183.488 911.220 22:07:10
5.072 157.195 853.659 22:07:11
5.048 413.268 2266.829 22:07:12
5.068 289.366 1437.073 22:07:13
5.072 213.073 1248.293 22:07:14
5.068 249.780 1282.927 22:07:15
5.052 242.780 1635.122 22:07:16
5.056 252.073 1285.854 22:07:17
5.068 225.171 1312.195 22:07:18
5.072 204.171 949.268 22:07:19
5.052 458.268 2350.732 22:07:20
5.072 165.585 980.000 22:07:21
5.072 161.878 1318.537 22:07:22
5.068 223.073 1095.610 22:07:23
5.072 160.780 812.683 22:07:24
5.068 211.171 991.707 22:07:25
5.072 164.390 832.195 22:07:26
5.072 190.390 1286.829 22:07:27
5.060 282.073 1420.976 22:07:28
5.068 249.073 1261.951 22:07:29
5.068 218.683 1063.902 22:07:30
5.064 253.780 1280.488 22:07:31
5.076 162.585 820.976 22:07:32
5.060 328.659 1685.366 22:07:33
5.068 265.683 1318.537 22:07:34
5.072 154.293 1098.049 22:07:35
5.068 216.390 1095.122 22:07:36
5.072 218.390 961.463 22:07:37
5.072 270.878 1090.732 22:07:38
5.068 217.268 1097.561 22:07:39
5.064 293.976 1170.244 22:07:40
5.064 357.366 1742.927 22:07:41
5.060 336.878 1742.927 22:07:42
5.060 279.073 1441.951 22:07:43
5.060 352.878 1250.244 22:07:44
5.064 245.488 1268.293 22:07:45
5.064 272.366 1335.610 22:07:46
5.064 289.268 1310.732 22:07:47
5.064 230.683 1115.610 22:07:48
5.064 264.683 1340.976 22:07:49
5.072 177.976 973.659 22:07:50
5.076 161.976 858.537 22:07:51
5.060 475.049 1669.756 22:07:52
5.076 153.780 783.415 22:07:53
5.072 155.073 784.878 22:07:54
5.064 253.073 1344.878 22:07:55
5.056 381.463 1933.171 22:07:56
5.060 332.659 1640.976 22:07:57
5.060 484.146 2464.878 22:07:58
5.056 373.171 2094.634 22:08:00
5.064 227.683 1000.000 22:08:01
5.056 285.976 1608.780 22:08:02
5.072 164.585 833.659 22:08:03
5.056 285.073 1098.049 22:08:04
5.072 196.073 1335.610 22:08:05
5.060 238.976 832.683 22:08:06
5.064 267.585 1282.927 22:08:07
5.076 157.293 793.659 22:08:08
5.064 261.585 1298.537 22:08:09
5.072 226.878 1078.049 22:08:10
5.060 272.268 1443.415 22:08:11
5.064 243.488 1245.854 22:08:12
5.072 189.073 920.000 22:08:13
5.064 473.659 1263.415 22:08:14
5.060 207.390 1305.854 22:08:15
5.068 237.585 1097.561 22:08:16
5.064 293.171 1207.805 22:08:17
5.064 164.390 931.707 22:08:18
5.056 341.561 1727.317 22:08:19
5.064 276.171 1543.902 22:08:20
5.068 238.366 1265.366 22:08:21
5.060 336.659 1664.878 22:08:22
5.068 185.976 832.195 22:08:23
5.060 268.366 1765.366 22:08:24
5.064 305.073 1436.098 22:08:25
5.064 193.683 937.561 22:08:26
5.056 332.780 1694.146 22:08:27
5.068 186.171 1025.366 22:08:28
5.064 295.463 1285.366 22:08:29
5.068 252.780 1278.537 22:08:30
5.064 245.780 1242.927 22:08:31
5.064 396.659 1577.073 22:08:32
5.072 207.390 1020.488 22:08:33
5.068 229.171 1163.902 22:08:34
5.064 290.780 1320.488 22:08:35
5.060 346.561 1657.561 22:08:36
5.072 164.195 927.805 22:08:37
5.052 308.780 1645.854 22:08:38
5.072 164.780 835.122 22:08:39
5.064 245.268 1280.976 22:08:40
5.060 320.561 1031.707 22:08:41
5.068 218.878 1125.366 22:08:42
5.060 252.366 1396.098 22:08:43
5.064 287.561 1446.829 22:08:44
5.064 245.878 1244.390 22:08:45
5.064 271.463 1320.488 22:08:46
5.056 322.976 1655.122 22:08:47
5.052 275.878 1795.122 22:08:48
5.064 389.756 1654.634 22:08:49
5.044 280.878 1433.659 22:08:50
5.064 302.976 1297.073 22:08:51
5.060 245.683 1259.512 22:08:52
5.072 150.390 760.000 22:08:53
5.072 183.390 828.780 22:08:54
5.068 218.780 1018.049 22:08:55
5.068 219.585 1069.268 22:08:56
5.072 154.780 773.659 22:08:57
5.060 335.073 1712.195 22:08:58
5.060 251.171 1241.951 22:08:59
5.072 164.195 880.000 22:09:00
5.052 510.341 2391.220 22:09:01
5.056 275.073 1742.439 22:09:02
5.072 276.366 1329.268 22:09:03
5.072 249.488 1075.122 22:09:04
5.072 163.488 832.683 22:09:05
5.052 352.976 1846.829 22:09:06
5.072 164.293 833.659 22:09:07
5.064 258.463 1274.634 22:09:08
5.072 190.073 997.561 22:09:09
5.064 195.683 983.902 22:09:10
5.064 154.585 873.659 22:09:11
5.064 250.366 1988.293 22:09:12
5.052 418.366 2100.488 22:09:13
5.056 257.780 2023.415 22:09:14
5.072 171.878 831.220 22:09:15
5.052 322.659 1644.878 22:09:16
5.064 284.780 1513.659 22:09:17
5.072 163.073 832.683 22:09:18
5.060 372.171 1725.366 22:09:19
5.068 200.171 1353.171 22:09:20
5.052 345.561 1820.488 22:09:21
5.072 193.780 939.024 22:09:22
5.068 244.976 1246.829 22:09:23
5.064 338.171 1412.195 22:09:24
5.064 216.585 1221.463 22:09:25
5.068 242.073 1206.829 22:09:26
5.072 164.195 824.878 22:09:27
5.072 219.683 1115.610 22:09:28
5.072 164.683 835.122 22:09:29
5.068 164.488 834.634 22:09:30
5.060 355.878 1800.488 22:09:31
5.068 231.585 1264.390 22:09:32
5.064 222.780 1270.732 22:09:33
5.060 420.049 1671.220 22:09:34
5.072 153.683 779.024 22:09:35
5.068 248.268 1314.146 22:09:36
5.064 399.268 2401.463 22:09:37
5.052 292.561 1767.805 22:09:38
5.052 343.463 1692.683 22:09:39
5.064 249.780 1309.268 22:09:40
5.056 359.659 2195.610 22:09:41
5.068 246.366 1777.561 22:09:42
5.072 164.195 833.659 22:09:43
5.064 253.683 1288.293 22:09:44
5.060 301.561 1431.220 22:09:45
5.060 314.659 1251.707 22:09:46
5.072 288.683 1022.439 22:09:47
5.076 164.390 824.878 22:09:48
5.064 292.366 1439.512 22:09:49
5.056 324.366 1258.049 22:09:50
5.064 254.073 1373.171 22:09:51
5.052 355.268 1796.098 22:09:52
5.076 153.195 781.463 22:09:53
5.072 210.171 1083.902 22:09:54
5.056 336.171 1642.439 22:09:55
5.068 235.171 995.610 22:09:56
5.072 161.878 1196.585 22:09:57
5.072 163.976 831.220 22:09:59
5.056 344.366 2048.293 22:10:00
5.064 309.659 1702.439 22:10:01
5.064 251.171 1620.000 22:10:02
5.068 203.585 1179.512 22:10:03
5.060 236.683 1444.390 22:10:04
5.068 201.171 999.024 22:10:05
5.064 216.683 1066.829 22:10:06
5.068 219.878 1116.585 22:10:07
5.072 171.780 847.317 22:10:08
5.068 163.976 828.780 22:10:09
5.068 197.488 1324.390 22:10:10
5.056 256.268 1548.293 22:10:11
5.072 161.390 822.439 22:10:12
5.056 245.171 1538.537 22:10:13
5.056 346.171 1448.780 22:10:14
5.060 251.268 1260.976 22:10:15
5.056 357.659 1856.585 22:10:16
5.068 169.293 840.976 22:10:17
5.072 256.585 1104.390 22:10:18
5.060 374.976 1550.732 22:10:19
5.076 154.390 783.902 22:10:20
5.060 303.976 1523.902 22:10:21
5.064 228.268 1489.756 22:10:22
5.064 243.171 1295.610 22:10:23
5.068 190.683 1006.829 22:10:24
5.064 246.268 1245.854 22:10:25
5.060 366.756 1683.902 22:10:26
5.064 245.268 1318.537 22:10:27
5.072 171.073 1372.195 22:10:28
5.072 166.585 1333.171 22:10:29
5.068 335.366 1073.171 22:10:30
5.064 247.780 1203.415 22:10:31
5.056 386.366 1253.171 22:10:32
5.076 163.683 1517.561 22:10:33
5.060 328.780 1707.805 22:10:34
5.072 291.171 1155.610 22:10:35
5.068 216.683 1095.610 22:10:36
5.060 245.073 1281.951 22:10:37
5.068 163.293 836.098 22:10:38
5.068 292.268 1269.268 22:10:39
5.064 251.780 1357.073 22:10:40
5.068 287.683 1267.805 22:10:41
5.048 435.366 1304.390 22:10:42
5.060 298.073 1389.268 22:10:43
5.056 285.073 1419.512 22:10:44
5.068 327.268 1069.268 22:10:45
5.060 278.366 1400.976 22:10:46
5.072 199.488 1055.122 22:10:47
5.064 289.976 1424.390 22:10:48
5.060 292.171 1361.951 22:10:49
5.068 217.585 1106.341 22:10:50
5.068 228.488 1153.171 22:10:51
5.064 245.171 1239.512 22:10:52
5.072 164.073 830.244 22:10:53
5.064 238.976 1269.756 22:10:54
5.068 163.780 832.683 22:10:55
5.068 215.780 1064.390 22:10:56
5.072 163.878 833.659 22:10:57
5.056 363.756 1473.659 22:10:58
5.064 284.171 1762.439 22:10:59
5.064 164.195 826.341 22:11:00
5.068 225.878 1120.488 22:11:01
5.052 394.951 1704.878 22:11:02
5.064 244.268 1275.610 22:11:03
5.068 245.268 1253.171 22:11:04
5.072 164.195 833.659 22:11:05
5.060 261.585 1318.537 22:11:06
5.060 290.976 1549.756 22:11:07
5.056 336.561 1480.976 22:11:08
5.056 255.366 1273.171 22:11:09
5.072 164.293 835.122 22:11:10
5.064 250.585 1252.195 22:11:11
5.072 164.878 839.024 22:11:12
5.068 297.171 1265.366 22:11:13
5.052 486.244 2216.098 22:11:14
5.052 358.659 1767.805 22:11:15
5.068 211.780 1043.902 22:11:16
5.072 271.366 1582.439 22:11:17
5.068 334.561 1683.902 22:11:18
5.064 295.366 1557.561 22:11:19
5.064 250.366 1284.390 22:11:20
5.060 335.171 1691.220 22:11:21
5.064 260.171 1700.976 22:11:22
5.068 246.171 1263.415 22:11:23
5.072 285.463 1510.732 22:11:24
5.068 197.683 1006.341 22:11:25
5.052 427.268 2181.951 22:11:26
5.044 409.463 1763.902 22:11:27
5.072 154.878 1155.122 22:11:28
5.068 175.293 924.878 22:11:29
5.068 245.878 1862.439 22:11:30
5.072 281.073 1483.415 22:11:31
5.064 268.683 1277.073 22:11:32
5.056 290.073 1829.268 22:11:33
5.060 248.488 1322.927 22:11:34
5.056 340.756 1696.098 22:11:35
5.048 325.659 1656.098 22:11:36
5.072 187.390 930.244 22:11:37
5.060 364.073 1588.293 22:11:38
5.064 313.463 1256.585 22:11:39
5.068 215.073 1191.707 22:11:40
5.060 367.463 1697.561 22:11:41
5.064 195.390 1011.220 22:11:42
5.044 439.756 2083.415 22:11:43
5.064 253.268 1286.829 22:11:44
5.068 263.463 983.902 22:11:45
5.064 324.268 1315.610 22:11:46
5.072 171.780 887.317 22:11:47
5.056 233.585 1148.293 22:11:48
5.060 305.268 1592.195 22:11:49
5.076 163.878 832.195 22:11:50
5.064 251.268 1280.488 22:11:51
5.068 245.268 1245.366 22:11:52
5.076 154.390 779.024 22:11:54
5.044 421.756 2029.268 22:11:55
5.068 255.073 1295.610 22:11:56
5.068 161.780 823.415 22:11:57
5.068 291.878 1786.341 22:11:58
5.060 324.780 1930.244 22:11:59
5.064 249.171 1261.951 22:12:00
5.060 356.073 1716.098 22:12:01
5.052 344.171 1456.098 22:12:02
5.064 250.268 2308.780 22:12:03
5.064 275.463 1647.317 22:12:04
5.064 293.878 1344.878 22:12:05
5.064 245.073 1329.756 22:12:06
5.064 244.683 1239.024 22:12:07
5.068 190.488 1478.537 22:12:08
5.076 155.073 783.415 22:12:09
5.052 351.878 1807.805 22:12:10
5.060 336.659 1672.683 22:12:11
5.072 164.073 895.122 22:12:12
5.068 300.463 2529.756 22:12:13
5.072 214.780 832.195 22:12:14
5.064 216.073 1095.122 22:12:15
5.068 187.488 1340.976 22:12:16
5.060 342.659 1333.171 22:12:17
5.064 263.976 1776.098 22:12:18
5.076 261.878 838.537 22:12:19
5.064 172.390 878.537 22:12:20
5.064 226.976 1156.585 22:12:21
5.064 283.878 1365.854 22:12:22
5.060 337.268 2398.537 22:12:23
5.072 164.390 833.659 22:12:24
5.064 177.195 837.561 22:12:25
5.068 194.683 1010.244 22:12:26
5.068 260.976 1285.854 22:12:27
5.048 279.878 1265.366 22:12:28
5.072 162.390 823.415 22:12:29
5.064 255.268 1252.195 22:12:30
5.068 200.683 995.122 22:12:31
5.064 293.366 1417.073 22:12:32
5.060 333.561 1442.439 22:12:33
5.064 273.463 1376.098 22:12:34
5.072 190.293 1040.000 22:12:35
5.056 304.561 1528.293 22:12:36
5.064 197.585 1067.805 22:12:37
5.064 252.976 1171.707 22:12:38
5.064 317.659 1649.756 22:12:39
5.072 217.976 1104.390 22:12:40
5.060 286.683 1443.415 22:12:41
5.072 163.073 967.805 22:12:42
5.056 301.976 1512.195 22:12:43
5.064 247.683 1277.073 22:12:44
5.056 365.171 1648.780 22:12:45
5.064 252.268 1281.951 22:12:46
5.064 354.268 1652.195 22:12:47
5.060 232.488 1159.024 22:12:48
5.064 397.366 2081.951 22:12:49
5.068 228.976 1066.829 22:12:50
5.064 252.366 1278.537 22:12:51
5.068 199.073 1031.220 22:12:52
5.068 278.683 1285.854 22:12:53
5.056 344.976 1240.488 22:12:54
5.068 326.268 1849.268 22:12:55
5.060 324.171 1628.780 22:12:56
5.068 224.390 1467.317 22:12:57
5.060 280.366 1498.537 22:12:58
5.068 270.171 1285.854 22:12:59
5.064 283.780 1286.829 22:13:00
5.064 252.268 1409.756 22:13:01
5.064 248.976 1512.195 22:13:02
5.072 247.366 930.244 22:13:03
5.072 182.073 927.317 22:13:04
5.064 259.976 832.195 22:13:05
5.052 380.854 1788.780 22:13:06
5.072 219.390 862.439 22:13:07
5.064 249.683 1717.561 22:13:08
5.060 245.585 1256.585 22:13:09
5.072 209.488 1055.610 22:13:10
5.068 327.976 1276.585 22:13:11
5.072 322.366 835.122 22:13:12
5.056 382.171 1718.537 22:13:13
5.056 414.854 2078.049 22:13:14
5.072 236.585 1286.829 22:13:15
5.068 253.585 1278.537 22:13:16
5.072 164.585 833.659 22:13:17
5.048 435.659 2475.122 22:13:18
5.060 305.561 1470.732 22:13:19
5.072 162.073 821.463 22:13:20
5.064 328.171 1455.610 22:13:21
5.072 281.683 1041.463 22:13:22
5.056 339.976 1715.122 22:13:23
5.064 253.780 1367.317 22:13:24
5.068 224.976 1080.488 22:13:25
5.056 255.683 1240.488 22:13:26
5.064 271.878 1364.390 22:13:27
5.064 307.659 1848.780 22:13:28
5.060 276.171 1332.195 22:13:29
5.064 288.073 1586.341 22:13:30
5.044 369.976 1950.732 22:13:31
5.072 164.195 881.463 22:13:32
5.072 203.976 1318.537 22:13:33
5.056 334.463 1774.146 22:13:34
5.072 230.976 1027.805 22:13:35
5.068 198.390 1056.585 22:13:36
5.040 473.146 2104.390 22:13:37
5.068 163.976 832.195 22:13:38
5.072 288.780 1776.098 22:13:39
5.068 253.683 1287.805 22:13:40
5.060 293.171 1404.390 22:13:41
5.064 373.561 1765.366 22:13:42
5.072 184.683 822.439 22:13:43
5.072 150.976 762.439 22:13:44
5.060 344.268 1875.610 22:13:45
5.064 248.488 1278.537 22:13:46
5.056 342.463 1731.220 22:13:47
5.060 335.268 1706.341 22:13:48
5.072 164.073 832.195 22:13:49
5.056 285.683 1396.098 22:13:51
5.076 207.878 835.122 22:13:52
5.060 332.780 1484.878 22:13:53
5.072 164.683 834.634 22:13:54
5.072 202.585 972.683 22:13:55
5.072 161.683 819.024 22:13:56
5.064 377.659 1473.171 22:13:57
5.072 189.488 1298.049 22:13:58
5.072 216.073 1159.024 22:13:59
5.060 291.073 1477.073 22:14:00
5.072 206.171 767.317 22:14:01
5.068 279.585 895.122 22:14:02
5.068 251.268 1277.073 22:14:03
5.068 253.366 1283.415 22:14:04
5.068 285.561 1534.634 22:14:05
5.076 164.073 825.366 22:14:06
5.060 335.561 1762.927 22:14:07
5.068 257.683 1218.049 22:14:08
5.068 351.073 1722.927 22:14:09
5.064 246.171 1608.293 22:14:10
5.076 164.293 833.659 22:14:11
5.060 360.463 1695.122 22:14:12
5.048 544.951 1831.220 22:14:13
5.076 154.976 779.024 22:14:14
5.064 203.780 1040.000 22:14:15
5.056 329.659 1588.293 22:14:16
5.044 480.463 2046.829 22:14:17
5.064 256.463 1284.390 22:14:18
5.072 164.585 825.366 22:14:19
5.072 167.683 1145.366 22:14:20
5.064 237.585 1151.707 22:14:21
5.068 248.878 1213.171 22:14:22
5.064 242.171 1260.976 22:14:23
5.068 252.780 1367.317 22:14:24
5.056 274.366 1369.756 22:14:25
5.068 233.171 962.927 22:14:26
5.068 202.171 1035.122 22:14:27
5.064 222.390 1150.244 22:14:28
5.068 196.683 1358.049 22:14:29
5.060 273.171 1144.390 22:14:30
5.056 346.366 1773.659 22:14:31
5.072 164.683 821.463 22:14:32
5.068 245.585 1375.610 22:14:33
5.060 251.585 1714.146 22:14:34
5.060 230.171 1600.976 22:14:35
5.056 415.951 1869.268 22:14:36
5.056 338.878 1771.220 22:14:37
5.072 265.268 1512.195 22:14:38
5.064 245.585 1423.415 22:14:39
5.072 179.780 833.659 22:14:40
5.068 245.780 1278.537 22:14:41
5.068 335.366 1610.244 22:14:42
5.072 201.878 1241.951 22:14:43
5.056 478.244 1248.293 22:14:44
5.076 149.878 765.854 22:14:45
5.068 203.976 1018.049 22:14:46
5.064 245.268 1270.732 22:14:47
5.072 162.585 823.415 22:14:48
5.064 310.463 1831.220 22:14:49
5.072 164.195 832.195 22:14:50
5.064 337.366 1656.585 22:14:51
5.056 328.878 1840.488 22:14:52
5.076 149.098 757.561 22:14:53
5.064 248.488 1252.195 22:14:54
5.064 315.976 1770.244 22:14:55
5.064 340.171 1306.829 22:14:56
5.052 414.561 2299.512 22:14:57
5.056 322.073 1579.512 22:14:58
5.072 163.293 833.659 22:14:59
5.064 295.976 944.878 22:15:00
5.068 194.073 912.683 22:15:01
5.068 163.488 829.756 22:15:02
5.068 351.463 1701.463 22:15:03
5.064 319.659 1269.268 22:15:04
5.056 336.659 1834.146 22:15:05
5.072 165.293 833.659 22:15:06
5.072 161.976 824.878 22:15:07
5.056 348.561 1501.951 22:15:08
5.064 253.171 1283.415 22:15:09
5.056 340.463 1244.390 22:15:10
5.048 321.976 1284.390 22:15:11
5.068 202.878 1475.610 22:15:12
5.064 286.878 1410.732 22:15:13
5.060 341.268 1729.756 22:15:14
5.060 288.463 1442.439 22:15:15
5.056 256.683 1269.756 22:15:16
5.068 163.878 832.195 22:15:17
5.056 309.878 1894.146 22:15:18
5.064 260.171 1250.244 22:15:19
5.064 254.488 1289.268 22:15:20
5.064 253.585 1245.366 22:15:21
5.068 219.585 1002.927 22:15:22
5.068 252.780 1280.488 22:15:23
5.068 261.073 1289.756 22:15:24
5.060 330.073 1720.000 22:15:25
5.072 213.683 1031.220 22:15:26
5.072 217.390 1178.049 22:15:27
5.056 423.463 1755.122 22:15:28
5.064 262.683 1347.317 22:15:29
5.064 252.268 1484.878 22:15:30
5.064 189.878 1020.000 22:15:31
5.056 339.659 1694.146 22:15:32
5.060 352.171 1622.439 22:15:33
5.064 252.366 1600.000 22:15:34
5.052 358.659 1698.537 22:15:35
5.060 335.756 1722.927 22:15:36
5.064 245.683 1250.244 22:15:37
5.060 246.171 1267.805 22:15:38
5.072 167.976 1423.415 22:15:39
5.068 241.171 1184.390 22:15:40
5.068 316.878 1317.073 22:15:41
5.064 248.171 1252.195 22:15:42
5.072 248.073 833.659 22:15:43
5.068 170.488 1159.024 22:15:44
5.060 251.976 1279.512 22:15:45
5.064 253.976 1279.512 22:15:46
5.068 229.976 1162.927 22:15:48
5.064 252.878 1271.707 22:15:49
5.072 162.878 828.780 22:15:50
5.072 207.683 1161.951 22:15:51
5.068 217.268 1104.390 22:15:52
5.064 249.585 1288.293 22:15:53
5.072 150.878 1092.683 22:15:54
5.072 254.585 1320.488 22:15:55
5.064 325.171 2173.171 22:15:56
5.064 261.976 1510.732 22:15:57
5.068 287.780 1273.171 22:15:58
5.068 233.366 1098.049 22:15:59
5.076 164.585 835.122 22:16:00
5.072 247.268 1258.049 22:16:01
5.052 421.659 2434.634 22:16:02
5.052 369.976 2085.854 22:16:03
5.072 164.195 833.659 22:16:04
5.068 242.268 873.659 22:16:05
5.064 252.683 1311.707 22:16:06
5.068 277.171 2025.854 22:16:07
5.072 225.976 1207.805 22:16:08
5.072 164.488 1418.537 22:16:09
5.072 155.195 1178.049 22:16:10
5.060 251.488 1254.634 22:16:11
5.064 372.171 1419.512 22:16:12
5.064 282.561 2354.634 22:16:13
5.056 464.463 1360.488 22:16:14
5.072 164.293 899.024 22:16:15
5.056 319.268 1728.780 22:16:16
5.064 229.073 1155.610 22:16:17
5.064 252.171 1278.537 22:16:18
5.072 165.073 834.634 22:16:19
5.072 170.683 836.585 22:16:20
5.068 254.585 1472.195 22:16:21
5.056 248.268 1246.829 22:16:22
5.068 163.683 830.244 22:16:23
5.060 247.366 1759.024 22:16:24
5.072 288.683 1313.171 22:16:25
5.064 251.976 1281.951 22:16:26
5.064 249.171 1274.146 22:16:27
5.072 220.390 1095.610 22:16:28
5.064 263.976 1274.634 22:16:29
5.072 175.293 830.244 22:16:30
5.056 414.366 2007.805 22:16:31
5.064 257.976 1355.610 22:16:32
5.056 253.171 1221.951 22:16:33
5.056 347.366 2116.585 22:16:34
5.072 181.293 841.463 22:16:35
5.068 321.561 988.780 22:16:36
5.064 289.268 1545.854 22:16:37
5.064 253.488 1869.268 22:16:38
5.072 164.195 832.683 22:16:39
5.072 164.073 835.122 22:16:40
5.064 244.878 1250.732 22:16:41
5.068 223.683 1505.854 22:16:42
5.072 207.585 992.683 22:16:43
5.076 154.780 783.415 22:16:44
5.064 225.683 782.439 22:16:45
5.068 212.878 1001.463 22:16:46
5.068 385.659 1318.049 22:16:47
5.060 337.756 1242.927 22:16:48
5.076 149.780 763.902 22:16:49
5.068 178.488 902.439 22:16:50
5.060 337.659 1777.561 22:16:51
5.072 203.683 1026.341 22:16:52
5.072 149.488 757.561 22:16:53
5.072 163.390 829.756 22:16:54
5.068 216.171 1095.122 22:16:55
5.072 149.195 760.976 22:16:56
5.076 161.073 1290.732 22:16:57
5.072 162.878 826.341 22:16:58
5.072 147.390 749.756 22:16:59
5.064 442.049 2395.122 22:17:00
5.072 151.195 767.317 22:17:01
5.072 149.585 755.122 22:17:02
5.072 160.976 816.585 22:17:03
5.076 149.488 758.537 22:17:04
5.076 146.878 749.756 22:17:05
5.076 147.390 746.341 22:17:06
5.076 162.585 825.366 22:17:07
5.076 149.293 805.854 22:17:08
5.064 173.293 991.220 22:17:09
5.076 147.293 743.415 22:17:10
5.072 146.878 744.878 22:17:11
5.072 162.195 827.317 22:17:12
5.076 147.098 745.854 22:17:13
5.068 202.488 1022.927 22:17:14
5.072 148.683 752.683 22:17:15
5.076 147.293 752.195 22:17:16
5.072 160.073 810.244 22:17:17
5.076 149.488 757.073 22:17:18
5.072 159.976 852.683 22:17:19
5.068 216.976 1106.341 22:17:20
5.076 146.195 746.341 22:17:21
