5.064 323.488 1636.829 11:14:59
5.072 158.793 808.049 11:15:00
5.076 145.500 735.366 11:15:01
5.060 387.780 2018.780 11:15:02
5.072 189.293 908.049 11:15:03
5.076 254.488 1165.610 11:15:04
5.076 151.500 765.366 11:15:05
5.076 145.293 734.878 11:15:06
5.072 205.195 816.341 11:15:07
5.072 163.195 1075.854 11:15:08
5.076 230.195 1217.317 11:15:09
5.076 214.390 768.537 11:15:10
5.072 176.793 915.610 11:15:11
5.072 161.390 814.878 11:15:12
5.072 161.000 815.610 11:15:13
5.072 224.293 1115.366 11:15:14
5.072 214.098 1137.805 11:15:15
5.076 146.695 754.390 11:15:16
5.076 149.598 755.366 11:15:17
5.076 160.695 814.390 11:15:18
5.072 150.598 768.537 11:15:19
5.072 159.195 806.341 11:15:21
5.076 153.695 776.341 11:15:22
5.072 180.695 898.780 11:15:23
5.068 240.488 1218.780 11:15:24
5.076 145.695 751.220 11:15:25
5.072 160.293 812.927 11:15:26
5.068 178.293 777.317 11:15:27
5.068 159.098 807.561 11:15:28
5.068 160.390 814.878 11:15:29
5.072 240.390 1064.878 11:15:30
5.072 236.988 1390.732 11:15:31
5.076 147.598 957.561 11:15:32
5.072 160.390 824.390 11:15:33
5.072 148.000 749.268 11:15:34
5.068 244.988 1599.268 11:15:35
5.076 150.598 764.390 11:15:36
5.064 238.890 1246.098 11:15:37
5.068 273.488 1522.195 11:15:38
5.076 202.195 757.561 11:15:39
5.076 159.695 808.780 11:15:40
5.072 159.890 808.537 11:15:41
5.076 160.793 815.610 11:15:42
5.076 160.390 811.707 11:15:43
5.068 176.293 949.024 11:15:44
5.068 182.598 863.659 11:15:45
5.072 160.293 807.317 11:15:46
5.072 211.890 821.951 11:15:47
5.064 160.598 866.341 11:15:48
5.056 326.683 1639.268 11:15:49
5.072 202.695 920.732 11:15:50
5.076 147.195 744.390 11:15:51
5.072 159.098 806.098 11:15:52
5.060 315.890 1280.732 11:15:53
5.068 234.988 977.561 11:15:54
5.076 145.195 736.829 11:15:55
5.072 160.390 808.537 11:15:56
5.076 159.890 1203.659 11:15:57
5.064 246.585 1242.927 11:15:58
5.056 193.890 1011.463 11:15:59
5.076 145.195 742.195 11:16:00
5.072 160.195 811.951 11:16:01
5.072 160.390 814.878 11:16:02
5.068 160.598 1294.390 11:16:03
5.072 160.793 816.098 11:16:04
5.072 225.988 1443.415 11:16:05
5.068 182.488 919.024 11:16:06
5.076 145.195 736.829 11:16:07
5.072 160.390 1267.561 11:16:08
5.072 160.695 813.902 11:16:09
5.072 160.598 816.829 11:16:10
5.060 325.390 1719.512 11:16:11
5.068 226.793 759.268 11:16:12
5.072 146.293 744.390 11:16:13
5.076 160.390 808.537 11:16:14
5.072 161.000 878.780 11:16:15
5.060 245.890 1233.902 11:16:16
5.068 276.195 1400.976 11:16:17
5.076 149.195 761.220 11:16:18
5.072 151.293 768.049 11:16:19
5.072 188.598 1039.756 11:16:20
5.072 167.500 815.122 11:16:21
5.076 152.695 770.488 11:16:22
5.072 241.793 1226.098 11:16:23
5.076 147.598 749.268 11:16:24
5.072 145.098 741.707 11:16:25
5.068 160.390 813.659 11:16:26
5.076 158.293 802.439 11:16:27
5.072 247.695 815.610 11:16:28
5.072 181.793 930.732 11:16:29
5.076 147.793 747.561 11:16:30
5.076 146.890 746.585 11:16:31
5.072 160.695 806.341 11:16:32
5.072 159.098 806.829 11:16:33
5.072 251.793 985.122 11:16:34
5.064 351.585 1447.073 11:16:35
5.076 157.390 749.756 11:16:36
5.072 163.390 825.610 11:16:37
5.072 160.500 811.951 11:16:38
5.076 159.890 810.000 11:16:39
5.076 160.695 812.439 11:16:40
5.068 214.988 1008.537 11:16:41
5.072 146.695 1102.195 11:16:42
5.076 158.098 754.390 11:16:43
5.076 158.793 806.341 11:16:44
5.072 161.000 814.390 11:16:45
5.064 158.890 809.268 11:16:46
5.060 394.585 2053.171 11:16:47
5.072 145.195 737.561 11:16:48
5.076 160.585 811.220 11:16:49
5.076 160.878 813.659 11:16:50
5.076 158.878 807.805 11:16:51
5.068 303.976 1075.122 11:16:52
5.076 149.293 765.854 11:16:53
5.072 158.390 802.439 11:16:54
5.072 160.488 1240.488 11:16:55
5.068 297.463 1372.195 11:16:56
5.072 145.098 737.073 11:16:57
5.076 146.683 744.878 11:16:58
5.076 198.488 1256.585 11:16:59
5.072 160.293 812.683 11:17:00
5.072 158.073 808.780 11:17:01
5.068 207.683 1051.220 11:17:02
5.076 146.488 744.878 11:17:03
5.076 164.976 768.293 11:17:04
5.076 145.293 739.512 11:17:05
5.064 312.268 1975.122 11:17:06
5.072 201.683 750.244 11:17:07
5.064 288.976 1346.829 11:17:08
5.072 147.585 745.854 11:17:09
5.076 146.976 748.293 11:17:10
5.072 280.780 809.756 11:17:11
5.072 163.073 828.780 11:17:12
5.056 352.073 1460.976 11:17:13
5.076 211.683 1094.146 11:17:14
5.076 146.293 739.512 11:17:16
5.076 160.390 810.244 11:17:17
5.072 159.073 803.902 11:17:18
5.068 240.585 1220.488 11:17:19
5.068 249.976 1319.512 11:17:20
5.068 275.463 1053.171 11:17:21
5.064 251.878 1135.122 11:17:22
5.076 158.683 807.317 11:17:23
5.072 161.073 817.561 11:17:24
5.072 214.976 1831.220 11:17:25
5.064 288.366 1413.171 11:17:26
5.076 149.780 757.073 11:17:27
5.056 278.683 1360.488 11:17:28
5.076 146.195 741.463 11:17:29
5.072 145.293 811.220 11:17:30
5.072 300.683 1130.732 11:17:31
5.068 150.683 763.902 11:17:32
5.064 220.976 1537.073 11:17:33
5.076 146.976 753.659 11:17:34
5.072 158.073 814.634 11:17:35
5.072 159.976 812.195 11:17:36
5.076 145.390 741.463 11:17:37
5.052 399.756 1980.488 11:17:38
5.056 248.683 1326.829 11:17:39
5.064 222.268 1250.732 11:17:40
5.072 152.976 751.220 11:17:41
5.076 148.976 743.902 11:17:42
5.076 314.463 1340.976 11:17:43
5.068 218.073 1051.220 11:17:44
5.056 356.878 1393.171 11:17:45
5.076 146.878 1021.463 11:17:46
5.072 152.976 777.073 11:17:47
5.072 159.976 814.634 11:17:48
5.076 165.976 739.512 11:17:49
5.076 158.683 803.902 11:17:50
5.072 211.878 1056.585 11:17:51
5.068 299.073 1317.073 11:17:52
5.076 146.780 748.293 11:17:53
5.072 203.488 873.659 11:17:54
5.068 234.683 1508.780 11:17:55
5.072 149.683 911.707 11:17:56
5.076 160.488 813.659 11:17:57
5.072 161.390 819.024 11:17:58
5.068 231.171 1133.171 11:17:59
5.076 159.780 815.122 11:18:00
5.076 149.976 760.000 11:18:01
5.064 247.268 1627.317 11:18:02
5.072 144.683 1005.366 11:18:03
5.072 160.780 816.098 11:18:04
5.072 162.195 826.341 11:18:05
5.056 275.780 1334.146 11:18:06
5.064 215.073 1105.366 11:18:07
5.076 202.683 832.195 11:18:08
5.076 159.683 815.122 11:18:09
5.068 201.585 1080.000 11:18:10
5.072 189.390 768.293 11:18:11
5.076 154.390 786.341 11:18:12
5.072 146.780 740.976 11:18:13
5.072 160.390 814.634 11:18:14
5.072 195.976 990.244 11:18:15
5.064 160.585 816.585 11:18:16
5.076 214.073 763.415 11:18:17
5.076 149.488 1072.683 11:18:18
5.072 199.878 1009.268 11:18:19
5.068 251.585 1237.073 11:18:20
5.072 254.171 813.659 11:18:21
5.060 272.073 1736.585 11:18:22
5.064 268.073 1105.366 11:18:23
5.072 162.073 744.878 11:18:24
5.072 256.683 812.195 11:18:25
5.072 160.390 1324.390 11:18:26
5.068 240.171 1516.098 11:18:27
5.060 193.878 1014.146 11:18:28
5.076 217.683 972.683 11:18:29
5.072 194.293 946.341 11:18:30
5.068 202.293 999.024 11:18:31
5.072 158.293 805.854 11:18:32
5.076 160.390 813.659 11:18:33
5.060 327.659 1633.659 11:18:34
5.060 325.976 1340.976 11:18:35
5.072 201.171 746.341 11:18:36
5.072 158.073 799.024 11:18:37
5.068 232.683 1051.707 11:18:38
5.072 160.585 806.341 11:18:39
5.076 161.683 818.537 11:18:40
5.072 204.390 1108.293 11:18:41
5.064 236.976 1480.976 11:18:42
5.068 148.098 963.902 11:18:43
5.076 160.780 815.122 11:18:44
5.072 208.780 1118.049 11:18:45
5.072 159.780 812.683 11:18:46
5.064 254.878 1246.829 11:18:47
5.068 242.366 1394.634 11:18:48
5.072 160.293 891.220 11:18:49
5.076 158.293 802.439 11:18:50
5.076 159.683 808.780 11:18:51
5.076 144.878 740.000 11:18:52
5.072 147.293 743.902 11:18:53
5.068 186.073 1356.098 11:18:54
5.072 147.293 744.878 11:18:55
5.076 149.585 755.122 11:18:56
5.072 147.585 752.683 11:18:57
5.064 244.171 1227.805 11:18:58
5.076 160.488 813.659 11:18:59
5.076 144.390 737.073 11:19:00
5.064 316.171 1199.024 11:19:01
5.072 145.195 737.073 11:19:02
5.072 215.976 816.585 11:19:03
5.072 160.195 813.659 11:19:04
5.072 238.073 1299.512 11:19:05
5.076 162.195 822.439 11:19:06
5.076 150.878 766.341 11:19:08
5.068 295.171 929.268 11:19:09
5.076 145.293 740.000 11:19:10
5.072 159.585 816.098 11:19:11
5.072 268.073 787.317 11:19:12
5.076 160.488 811.220 11:19:13
5.076 160.488 822.439 11:19:14
5.076 146.585 754.634 11:19:15
5.072 146.488 1040.000 11:19:16
5.072 158.780 808.780 11:19:17
5.064 219.488 1075.610 11:19:18
5.076 158.976 807.317 11:19:19
5.072 162.780 760.000 11:19:20
5.064 218.488 1140.488 11:19:21
5.076 146.976 745.854 11:19:22
5.068 212.878 1084.390 11:19:23
5.072 232.268 865.366 11:19:24
5.072 220.390 964.878 11:19:25
5.068 239.976 1219.512 11:19:26
5.068 211.268 1067.805 11:19:27
5.072 197.878 984.878 11:19:28
5.072 291.561 813.659 11:19:29
5.072 153.780 779.024 11:19:30
5.076 160.683 813.659 11:19:31
5.076 158.780 805.854 11:19:32
5.064 241.366 1275.610 11:19:33
5.068 198.878 1129.268 11:19:34
5.076 146.976 745.854 11:19:35
5.076 160.488 814.634 11:19:36
5.068 168.073 765.854 11:19:37
5.076 160.488 822.439 11:19:38
5.072 179.390 900.976 11:19:39
5.068 159.976 815.122 11:19:40
5.072 158.683 807.317 11:19:41
5.076 154.878 779.024 11:19:42
5.072 186.585 1251.707 11:19:43
5.076 160.390 811.220 11:19:44
5.072 160.293 813.659 11:19:45
5.076 145.195 737.073 11:19:46
5.072 163.293 1265.366 11:19:47
5.072 179.780 979.024 11:19:48
5.076 146.878 819.024 11:19:49
5.076 171.683 749.756 11:19:50
5.072 160.293 813.659 11:19:51
5.064 257.780 889.756 11:19:52
5.072 144.878 732.683 11:19:53
5.060 496.244 1742.927 11:19:54
5.068 205.268 1039.024 11:19:55
5.076 201.683 748.780 11:19:56
5.076 149.098 746.341 11:19:57
5.076 161.073 816.098 11:19:58
5.076 150.390 765.854 11:19:59
5.076 159.976 815.122 11:20:00
5.068 209.585 1070.732 11:20:01
5.068 200.073 916.585 11:20:02
5.072 145.390 738.537 11:20:03
5.076 147.780 749.756 11:20:04
5.076 161.073 814.634 11:20:05
5.064 172.390 810.244 11:20:06
5.068 247.878 1233.171 11:20:07
5.068 211.390 933.659 11:20:08
5.076 158.585 805.854 11:20:09
5.076 151.293 763.415 11:20:10
5.076 145.098 739.512 11:20:11
5.068 237.366 1213.171 11:20:12
5.072 150.390 1273.171 11:20:13
5.064 211.390 1080.000 11:20:14
5.068 257.585 1235.610 11:20:15
5.076 151.390 767.317 11:20:16
5.060 271.073 1371.707 11:20:17
5.068 266.366 1220.488 11:20:18
5.076 159.390 810.244 11:20:19
5.072 172.390 813.659 11:20:20
5.068 218.976 1105.366 11:20:21
5.060 472.659 1267.805 11:20:22
5.076 145.976 779.024 11:20:23
5.076 160.683 842.439 11:20:24
5.076 262.683 947.805 11:20:25
5.064 248.488 1078.049 11:20:26
5.064 322.366 1221.951 11:20:27
5.076 147.195 744.878 11:20:28
5.072 192.488 1238.049 11:20:29
5.076 148.390 752.683 11:20:30
5.064 159.780 1214.634 11:20:31
5.076 145.195 795.122 11:20:32
5.056 349.878 1433.659 11:20:33
5.076 163.976 816.585 11:20:34
5.072 147.683 748.780 11:20:35
5.076 159.780 812.683 11:20:36
5.076 159.976 813.659 11:20:37
5.072 160.780 816.098 11:20:38
5.072 161.390 968.780 11:20:39
5.072 181.878 917.561 11:20:40
5.060 220.585 989.268 11:20:41
5.076 146.780 751.220 11:20:42
5.072 158.073 801.463 11:20:43
5.076 158.780 807.317 11:20:44
5.064 334.171 1930.244 11:20:45
5.068 160.585 939.024 11:20:46
5.072 145.488 742.439 11:20:47
5.068 160.293 812.195 11:20:48
5.076 146.585 745.854 11:20:49
5.072 158.488 809.756 11:20:50
5.072 160.585 812.683 11:20:51
5.072 146.780 748.780 11:20:52
5.076 183.073 811.220 11:20:53
5.072 159.683 805.854 11:20:54
5.076 149.488 754.634 11:20:55
5.044 441.659 1982.927 11:20:56
5.072 145.195 735.122 11:20:57
5.076 158.073 807.317 11:20:58
5.072 153.098 772.195 11:20:59
5.060 374.073 1728.780 11:21:01
5.068 243.878 1340.976 11:21:02
5.064 255.683 1311.707 11:21:03
5.072 160.390 812.683 11:21:04
5.072 145.390 736.098 11:21:05
5.064 252.073 815.122 11:21:06
5.076 158.585 805.854 11:21:07
5.068 280.171 1412.195 11:21:08
5.068 217.390 1930.244 11:21:09
5.068 227.488 1048.780 11:21:10
5.072 147.683 745.854 11:21:11
5.072 161.073 894.146 11:21:12
5.076 160.585 816.585 11:21:13
5.068 252.073 1297.073 11:21:14
5.068 192.073 1565.854 11:21:15
5.076 145.195 786.341 11:21:16
5.076 158.780 807.805 11:21:17
5.072 158.976 805.854 11:21:18
5.076 177.585 803.902 11:21:19
5.060 299.976 1346.829 11:21:20
5.072 189.073 744.878 11:21:21
5.076 159.585 808.780 11:21:22
5.072 158.390 806.341 11:21:23
5.076 160.488 813.659 11:21:24
5.076 159.073 803.902 11:21:25
5.072 260.878 1063.902 11:21:26
5.076 147.488 1078.049 11:21:27
5.072 158.780 805.854 11:21:28
5.068 160.585 1249.268 11:21:29
5.072 188.488 990.244 11:21:30
5.064 270.976 1801.463 11:21:31
5.072 195.878 1035.122 11:21:32
5.076 146.976 744.878 11:21:33
5.072 159.073 962.439 11:21:34
5.076 159.195 805.854 11:21:35
5.072 224.780 804.878 11:21:36
5.072 158.976 807.317 11:21:37
5.076 221.683 1310.732 11:21:38
5.072 201.171 1012.683 11:21:39
5.076 146.098 736.098 11:21:40
5.072 158.073 806.341 11:21:41
5.076 160.293 815.122 11:21:42
5.060 456.146 2120.976 11:21:43
5.072 270.463 1299.512 11:21:44
5.072 220.976 1052.683 11:21:45
5.072 160.683 1260.488 11:21:46
5.076 150.293 761.463 11:21:47
5.068 275.268 973.659 11:21:48
5.080 151.683 767.317 11:21:49
5.064 321.561 1445.854 11:21:50
5.068 199.073 1008.780 11:21:51
5.076 146.683 745.854 11:21:52
5.072 234.683 815.122 11:21:53
5.068 223.268 856.098 11:21:54
5.072 146.878 747.317 11:21:55
5.072 159.878 810.244 11:21:56
5.076 145.585 741.463 11:21:57
5.076 205.488 808.780 11:21:58
5.072 160.390 816.098 11:21:59
5.068 196.293 1331.707 11:22:00
5.076 160.390 814.634 11:22:01
5.076 145.780 739.512 11:22:02
5.076 160.585 816.098 11:22:03
5.072 153.976 746.341 11:22:04
5.064 310.171 1222.927 11:22:05
5.072 210.976 973.659 11:22:06
5.076 146.098 1039.024 11:22:07
5.072 160.683 976.585 11:22:08
5.064 188.780 960.488 11:22:09
5.048 460.951 2345.854 11:22:10
5.072 201.878 743.902 11:22:11
5.044 314.268 1598.537 11:22:12
5.076 146.390 738.537 11:22:13
5.072 146.683 737.561 11:22:14
5.056 323.268 1613.659 11:22:15
5.072 179.293 971.220 11:22:16
5.076 163.073 1271.707 11:22:17
5.076 147.098 749.756 11:22:18
5.072 201.390 1002.927 11:22:19
5.076 160.780 1260.976 11:22:20
5.072 150.488 759.512 11:22:21
5.068 356.073 1614.634 11:22:22
5.072 144.878 1055.122 11:22:23
5.072 149.488 758.537 11:22:24
5.072 159.878 860.000 11:22:25
5.064 154.390 744.878 11:22:26
5.064 249.366 991.707 11:22:27
5.072 147.780 749.756 11:22:28
5.076 183.293 824.878 11:22:29
5.064 244.268 808.780 11:22:30
5.064 207.268 1062.927 11:22:31
5.056 460.659 2008.293 11:22:32
5.068 212.171 1086.829 11:22:33
5.076 167.195 736.098 11:22:34
5.064 361.268 1529.756 11:22:35
5.076 168.195 761.463 11:22:36
5.076 144.390 1024.390 11:22:37
5.076 158.780 805.854 11:22:38
5.076 145.390 742.439 11:22:39
5.072 159.780 803.902 11:22:40
5.064 217.073 1471.220 11:22:41
5.072 151.293 768.780 11:22:42
5.064 160.488 816.098 11:22:43
5.076 156.488 745.854 11:22:44
5.076 160.683 883.902 11:22:45
5.064 228.976 1089.268 11:22:46
5.068 185.073 1185.366 11:22:47
5.068 215.488 748.293 11:22:48
5.072 160.780 816.098 11:22:49
5.076 159.195 807.317 11:22:50
5.076 150.780 865.366 11:22:51
5.072 147.488 743.415 11:22:52
5.076 160.390 814.634 11:22:53
5.076 159.683 874.146 11:22:55
5.076 189.585 1080.488 11:22:56
5.072 151.488 766.341 11:22:57
5.072 157.195 805.854 11:22:58
5.068 200.780 973.659 11:22:59
5.068 212.585 1069.268 11:23:00
5.060 326.268 1640.976 11:23:01
5.076 147.585 746.341 11:23:02
5.076 146.390 740.000 11:23:03
5.076 158.976 807.317 11:23:04
5.072 197.780 1382.439 11:23:05
5.044 415.268 1886.341 11:23:06
5.068 197.683 900.000 11:23:07
5.068 299.683 1477.561 11:23:08
5.072 147.098 744.878 11:23:09
5.076 146.780 743.902 11:23:10
5.072 182.683 925.366 11:23:11
5.076 146.098 741.463 11:23:12
5.064 285.366 1557.561 11:23:13
5.076 147.195 744.878 11:23:14
5.064 210.878 773.659 11:23:15
5.072 161.390 1206.829 11:23:16
5.064 210.390 1066.341 11:23:17
5.068 248.073 1221.951 11:23:18
5.072 152.293 768.293 11:23:19
5.060 309.561 1349.268 11:23:20
5.076 147.293 745.854 11:23:21
5.076 149.293 756.098 11:23:22
5.072 163.390 835.122 11:23:23
5.076 145.683 732.683 11:23:24
5.064 245.488 1571.220 11:23:25
5.072 189.878 1118.049 11:23:26
5.064 263.268 1022.927 11:23:27
5.072 187.390 765.854 11:23:28
5.072 154.195 1404.878 11:23:29
5.076 154.195 781.463 11:23:30
5.076 147.488 743.902 11:23:31
5.072 159.780 811.220 11:23:32
5.076 147.585 744.878 11:23:33
5.064 270.683 1400.976 11:23:34
5.072 147.878 747.317 11:23:35
5.052 342.659 1107.805 11:23:36
5.068 160.780 1185.854 11:23:37
5.076 146.683 748.780 11:23:38
5.076 160.683 816.585 11:23:39
5.076 150.780 787.317 11:23:40
5.072 184.780 949.268 11:23:41
5.072 159.488 805.854 11:23:42
5.072 218.390 1102.927 11:23:43
5.052 323.463 1646.341 11:23:44
5.076 145.390 740.000 11:23:45
5.072 160.390 809.756 11:23:46
5.072 225.390 823.415 11:23:47
5.072 153.098 920.488 11:23:48
5.076 160.585 815.122 11:23:49
5.076 209.488 816.585 11:23:50
5.076 150.488 767.317 11:23:51
5.076 146.976 740.000 11:23:52
5.076 149.878 757.073 11:23:53
5.064 266.585 1339.512 11:23:54
5.076 147.488 745.854 11:23:55
5.072 179.878 1347.317 11:23:56
5.076 158.780 858.537 11:23:57
5.076 151.488 767.317 11:23:58
5.052 340.463 1602.439 11:23:59
5.072 189.683 931.707 11:24:00
5.072 233.780 1006.829 11:24:01
5.072 201.780 748.780 11:24:02
5.072 154.073 781.463 11:24:03
5.076 160.683 918.537 11:24:04
5.072 164.976 769.756 11:24:05
5.072 248.585 1400.488 11:24:06
5.076 146.780 818.537 11:24:07
5.076 159.293 801.463 11:24:08
5.072 146.683 745.854 11:24:09
5.076 159.488 807.317 11:24:10
5.072 346.268 1438.049 11:24:11
5.068 246.683 1468.780 11:24:12
5.072 250.780 1475.610 11:24:13
5.076 145.098 737.561 11:24:14
5.068 208.780 1061.463 11:24:15
5.076 150.780 772.683 11:24:16
5.072 212.488 915.122 11:24:17
5.072 295.878 1077.561 11:24:18
5.072 184.390 1215.610 11:24:19
5.072 225.976 1028.780 11:24:20
5.076 147.390 744.878 11:24:21
5.072 147.098 798.537 11:24:22
5.072 159.293 812.683 11:24:23
5.052 319.268 1109.268 11:24:24
5.064 343.561 1667.805 11:24:25
5.076 145.976 737.561 11:24:26
5.060 245.683 1440.976 11:24:27
5.076 146.293 746.341 11:24:28
5.060 202.585 1175.610 11:24:29
5.072 151.878 768.293 11:24:30
5.076 189.780 951.707 11:24:31
5.064 328.780 1268.293 11:24:32
5.072 145.780 732.195 11:24:33
5.072 160.488 815.122 11:24:34
5.076 149.878 757.561 11:24:35
5.068 212.073 1068.780 11:24:36
5.076 146.585 741.463 11:24:37
5.076 146.683 747.317 11:24:38
5.068 236.171 1060.000 11:24:39
5.076 146.780 751.220 11:24:40
5.060 323.659 1647.317 11:24:41
5.076 153.390 767.317 11:24:42
5.068 215.268 1110.732 11:24:43
5.072 160.780 1343.415 11:24:44
5.076 145.878 737.073 11:24:45
5.052 402.073 1541.951 11:24:46
5.076 213.878 749.756 11:24:47
5.072 158.293 805.854 11:24:48
5.076 147.195 749.756 11:24:50
5.068 212.780 1080.000 11:24:51
5.052 346.463 1748.780 11:24:52
5.076 145.683 741.463 11:24:53
5.072 145.195 737.073 11:24:54
5.044 386.854 1611.220 11:24:55
5.072 201.878 1029.268 11:24:56
5.076 147.488 1181.463 11:24:57
5.072 154.073 787.805 11:24:58
5.076 146.098 739.512 11:24:59
5.072 162.488 824.878 11:25:00
5.064 161.390 818.537 11:25:01
5.068 240.585 1269.268 11:25:02
5.076 151.293 768.780 11:25:03
5.076 145.976 740.976 11:25:04
5.076 222.073 772.195 11:25:05
5.068 160.293 813.659 11:25:06
5.064 246.585 1241.951 11:25:07
5.076 147.585 746.341 11:25:08
5.076 196.390 915.122 11:25:09
5.068 181.878 986.829 11:25:10
5.072 202.171 748.780 11:25:11
5.068 266.171 1391.707 11:25:12
5.076 219.683 1025.366 11:25:13
5.072 145.195 739.512 11:25:14
5.072 160.780 820.976 11:25:15
5.076 146.098 737.561 11:25:16
5.060 244.171 1310.732 11:25:17
5.076 148.098 750.244 11:25:18
5.072 148.293 749.756 11:25:19
5.076 160.780 811.220 11:25:20
5.072 145.585 737.561 11:25:21
5.060 402.463 1777.561 11:25:22
5.072 183.293 924.878 11:25:23
5.068 195.488 1002.439 11:25:24
5.076 197.878 748.780 11:25:25
5.076 145.878 736.098 11:25:26
5.064 207.878 818.537 11:25:27
5.072 208.683 1058.049 11:25:28
5.076 160.780 960.488 11:25:29
5.076 146.976 748.780 11:25:30
5.076 145.488 737.073 11:25:31
5.072 161.585 815.122 11:25:32
5.076 145.195 737.073 11:25:33
5.060 403.951 2319.512 11:25:34
5.068 154.683 748.780 11:25:35
5.072 185.390 982.439 11:25:36
5.076 148.195 750.244 11:25:37
5.068 175.390 916.098 11:25:38
5.076 160.073 815.122 11:25:39
5.076 154.195 991.707 11:25:40
5.056 398.756 1501.951 11:25:41
5.076 145.195 782.439 11:25:42
5.068 222.073 1130.732 11:25:43
5.068 160.585 816.098 11:25:44
5.076 145.390 737.561 11:25:45
5.064 241.976 1227.805 11:25:46
5.072 177.073 963.902 11:25:47
5.064 282.073 1466.829 11:25:48
5.076 147.683 745.854 11:25:49
5.076 145.878 737.561 11:25:50
5.076 160.073 815.122 11:25:51
5.072 148.293 752.195 11:25:52
5.072 283.268 791.220 11:25:53
5.068 243.683 815.122 11:25:54
5.072 145.585 739.512 11:25:55
5.060 327.780 1635.122 11:25:56
5.076 146.878 747.317 11:25:57
5.068 154.195 775.122 11:25:58
5.072 147.976 1020.000 11:25:59
5.072 145.780 737.073 11:26:00
5.068 160.293 816.585 11:26:01
5.076 146.878 748.780 11:26:02
5.072 200.878 977.561 11:26:03
5.076 146.878 797.561 11:26:04
5.076 146.780 740.976 11:26:05
5.076 166.683 813.659 11:26:06
5.072 145.488 738.537 11:26:07
5.056 500.756 2688.780 11:26:08
5.076 149.780 760.976 11:26:09
5.076 180.585 938.537 11:26:10
5.064 146.780 750.244 11:26:11
5.076 159.683 815.122 11:26:12
5.060 337.268 2067.805 11:26:13
5.072 147.585 799.024 11:26:14
5.076 152.488 832.195 11:26:15
5.076 160.488 819.024 11:26:16
5.076 145.195 737.561 11:26:17
5.072 159.878 810.244 11:26:18
5.076 145.098 737.073 11:26:19
5.072 146.683 745.854 11:26:20
5.076 148.976 756.098 11:26:21
5.072 210.171 1339.512 11:26:22
5.068 188.390 1066.341 11:26:23
5.068 160.976 1250.732 11:26:24
5.064 243.171 1234.634 11:26:25
5.072 238.878 768.293 11:26:26
5.076 159.073 802.439 11:26:27
5.064 288.976 1307.317 11:26:28
5.076 238.683 761.463 11:26:29
5.072 245.268 1002.439 11:26:30
5.072 160.488 807.317 11:26:31
5.068 192.683 981.463 11:26:32
5.060 356.659 1722.439 11:26:33
5.064 272.780 1051.220 11:26:34
5.072 149.488 980.000 11:26:35
5.076 146.488 737.561 11:26:36
5.076 158.073 805.854 11:26:37
5.072 160.073 814.634 11:26:38
5.072 184.878 766.341 11:26:39
5.076 155.878 749.756 11:26:40
5.072 159.488 813.659 11:26:41
5.072 151.976 808.780 11:26:42
5.072 163.293 827.317 11:26:44
5.072 159.293 805.854 11:26:45
5.076 186.976 1015.122 11:26:46
5.068 159.976 813.659 11:26:47
5.072 147.098 959.024 11:26:48
5.072 211.390 750.244 11:26:49
5.076 172.195 1286.829 11:26:50
5.064 408.561 1997.073 11:26:51
5.064 270.585 1344.878 11:26:52
5.072 156.878 745.854 11:26:53
5.072 349.878 1512.195 11:26:54
5.072 149.976 761.463 11:26:55
5.068 144.293 734.634 11:26:56
5.076 149.195 757.073 11:26:57
5.076 160.390 814.634 11:26:58
5.072 250.683 815.122 11:26:59
5.068 223.390 1112.683 11:27:00
5.068 222.488 960.000 11:27:01
5.068 202.171 745.854 11:27:02
5.076 144.780 736.098 11:27:03
5.076 154.195 780.000 11:27:04
5.068 245.683 1239.024 11:27:05
5.060 350.366 1747.317 11:27:06
5.068 211.488 1061.951 11:27:07
5.076 145.585 740.976 11:27:08
5.072 160.585 813.659 11:27:09
5.072 159.195 806.341 11:27:10
5.068 247.073 1252.195 11:27:11
5.060 179.195 902.439 11:27:12
5.076 147.780 747.317 11:27:13
5.072 163.293 815.122 11:27:14
5.072 159.683 815.122 11:27:15
5.052 452.756 2324.878 11:27:16
5.064 247.585 1293.171 11:27:17
5.076 147.878 745.854 11:27:18
5.076 160.073 810.244 11:27:19
5.072 158.878 1280.488 11:27:20
5.060 339.878 1950.244 11:27:21
5.076 219.585 1103.902 11:27:22
5.076 145.488 737.561 11:27:23
5.068 194.683 1086.829 11:27:24
5.076 146.293 737.561 11:27:25
5.072 159.683 916.098 11:27:26
5.068 212.171 1382.439 11:27:27
5.072 179.195 914.146 11:27:28
5.076 158.390 803.415 11:27:29
5.068 245.878 1258.049 11:27:30
5.072 154.585 745.854 11:27:31
5.068 263.171 1114.146 11:27:32
5.076 146.293 739.512 11:27:33
5.060 393.659 1785.366 11:27:34
5.072 208.390 992.683 11:27:35
5.072 194.878 1161.463 11:27:36
5.076 216.171 765.854 11:27:37
5.068 146.878 986.829 11:27:38
5.076 160.585 815.122 11:27:39
5.072 150.585 758.537 11:27:40
5.060 317.268 1105.366 11:27:41
5.076 226.073 1155.610 11:27:42
5.076 150.976 771.220 11:27:43
5.072 322.171 1702.927 11:27:44
5.076 144.683 737.073 11:27:45
5.068 245.073 1232.195 11:27:46
5.072 248.683 1065.366 11:27:47
5.076 145.976 742.439 11:27:48
5.072 160.976 813.659 11:27:49
5.072 163.390 749.756 11:27:50
5.076 158.780 805.854 11:27:51
5.072 147.878 745.854 11:27:52
5.068 221.780 1284.390 11:27:53
5.076 147.098 744.878 11:27:54
5.072 158.878 812.683 11:27:55
5.072 230.780 1033.171 11:27:56
5.068 292.780 1182.927 11:27:57
5.068 336.366 1499.512 11:27:58
5.076 147.780 750.244 11:27:59
5.076 158.780 1065.366 11:28:00
5.072 159.976 816.098 11:28:01
5.072 160.780 822.439 11:28:02
5.072 201.976 947.805 11:28:03
5.068 219.171 1482.439 11:28:04
5.076 148.780 746.341 11:28:05
5.076 160.195 763.902 11:28:06
5.064 171.585 816.098 11:28:07
5.072 278.463 1255.610 11:28:08
5.072 159.390 878.537 11:28:09
5.068 249.488 1305.854 11:28:10
5.060 148.488 749.756 11:28:11
5.072 160.585 1461.951 11:28:12
5.072 160.683 814.634 11:28:13
5.076 159.488 807.317 11:28:14
5.068 173.780 893.659 11:28:15
5.076 146.780 748.780 11:28:16
5.076 162.073 816.098 11:28:17
5.076 151.683 827.317 11:28:18
5.072 159.073 807.317 11:28:19
5.068 244.585 1313.171 11:28:20
5.072 185.585 951.220 11:28:21
5.076 165.976 914.146 11:28:22
5.076 160.976 816.585 11:28:23
5.072 160.683 816.098 11:28:24
5.076 145.585 736.098 11:28:25
5.076 160.073 740.976 11:28:26
5.076 151.585 760.976 11:28:27
5.072 215.976 1237.073 11:28:28
5.072 172.878 1077.561 11:28:29
5.068 304.268 1042.927 11:28:30
5.076 147.293 747.317 11:28:31
5.076 158.976 804.878 11:28:32
5.076 159.073 807.317 11:28:33
5.076 160.780 816.098 11:28:34
5.048 341.171 1722.439 11:28:35
5.076 149.488 758.537 11:28:36
5.072 211.878 745.854 11:28:38
5.068 159.976 956.585 11:28:39
5.072 160.585 815.122 11:28:40
5.076 162.073 894.146 11:28:41
5.068 200.293 1237.073 11:28:42
5.072 160.293 814.634 11:28:43
5.072 160.976 815.122 11:28:44
5.064 180.976 916.585 11:28:45
5.072 157.976 804.878 11:28:46
5.072 162.878 827.317 11:28:47
5.064 161.073 812.195 11:28:48
5.072 159.293 860.000 11:28:49
5.072 150.098 755.122 11:28:50
5.076 160.780 811.220 11:28:51
5.072 158.878 807.317 11:28:52
5.044 448.268 1487.317 11:28:53
5.076 207.878 900.976 11:28:54
5.076 159.976 810.244 11:28:55
5.076 160.073 816.585 11:28:56
5.068 266.976 1460.000 11:28:57
5.072 214.780 1059.024 11:28:58
5.068 250.488 940.488 11:28:59
5.072 292.171 993.659 11:29:00
5.060 237.585 1208.293 11:29:01
5.056 313.659 1468.780 11:29:02
5.072 151.293 766.341 11:29:03
5.072 145.390 743.902 11:29:04
5.064 242.073 1230.732 11:29:05
5.068 182.683 966.829 11:29:06
5.076 145.878 737.073 11:29:07
5.060 241.073 1288.293 11:29:08
5.076 145.293 738.537 11:29:09
5.064 161.390 818.537 11:29:10
5.072 208.976 966.829 11:29:11
5.076 170.390 1615.122 11:29:12
5.060 341.268 1227.805 11:29:13
5.076 147.780 754.634 11:29:14
5.056 450.366 2003.902 11:29:15
5.076 148.098 752.195 11:29:16
5.076 145.488 742.439 11:29:17
5.076 158.976 1239.024 11:29:18
5.076 145.780 737.561 11:29:19
5.072 161.073 814.634 11:29:20
5.072 147.098 750.244 11:29:21
5.068 249.585 951.220 11:29:22
5.072 160.585 807.317 11:29:23
5.076 147.976 754.634 11:29:24
5.072 161.073 815.122 11:29:25
5.076 145.390 742.439 11:29:26
5.072 161.293 816.585 11:29:27
5.076 150.585 768.780 11:29:28
5.072 206.171 1232.195 11:29:29
5.072 147.293 1214.634 11:29:30
5.076 145.488 742.439 11:29:31
5.048 374.463 1250.732 11:29:32
5.076 145.390 737.073 11:29:33
5.072 185.683 942.927 11:29:34
5.072 212.976 882.927 11:29:35
5.072 167.585 919.024 11:29:36
5.076 158.780 807.317 11:29:37
5.076 145.195 737.073 11:29:38
5.072 160.878 812.683 11:29:39
5.080 146.098 733.659 11:29:40
5.068 222.488 1259.512 11:29:41
5.076 211.878 1063.902 11:29:42
5.076 145.390 737.561 11:29:43
5.076 245.073 1086.341 11:29:44
5.076 145.878 738.537 11:29:45
5.052 446.561 2041.951 11:29:46
5.076 149.780 757.561 11:29:47
5.064 312.780 1413.171 11:29:48
5.076 147.195 744.878 11:29:49
5.076 146.098 745.854 11:29:50
5.076 161.390 817.561 11:29:51
5.072 209.073 1010.244 11:29:52
5.072 228.390 1113.171 11:29:53
5.076 151.683 769.756 11:29:54
5.076 146.878 743.902 11:29:55
5.060 286.268 1291.707 11:29:56
5.068 185.585 860.000 11:29:57
5.076 145.098 1276.585 11:29:58
5.072 176.683 820.976 11:29:59
5.068 227.780 1253.171 11:30:00
5.072 159.390 808.780 11:30:01
5.072 196.976 922.927 11:30:02
5.072 190.585 1281.951 11:30:03
5.076 145.780 737.561 11:30:04
5.072 163.683 832.195 11:30:05
5.068 160.585 813.659 11:30:06
5.072 158.073 807.317 11:30:07
5.068 331.878 1508.780 11:30:08
5.076 147.293 749.756 11:30:09
5.072 158.683 805.854 11:30:10
5.068 163.390 827.805 11:30:11
5.072 196.171 997.561 11:30:12
5.060 251.976 1097.561 11:30:13
5.072 147.780 1026.829 11:30:14
5.072 148.683 757.561 11:30:15
5.072 160.976 815.122 11:30:16
5.076 169.976 747.317 11:30:17
5.056 391.366 1997.073 11:30:18
5.072 187.171 1130.732 11:30:19
5.068 146.488 743.902 11:30:20
5.044 406.951 2030.244 11:30:21
5.072 204.585 1051.707 11:30:22
5.072 145.683 738.537 11:30:23
5.076 222.171 764.878 11:30:24
5.076 161.073 820.000 11:30:25
5.060 323.073 1636.098 11:30:26
5.072 158.878 807.317 11:30:27
5.068 231.366 1130.244 11:30:28
5.072 160.585 813.659 11:30:29
5.076 171.488 748.293 11:30:31
5.072 159.390 807.317 11:30:32
5.076 149.195 757.561 11:30:33
5.072 194.878 992.683 11:30:34
5.076 147.098 750.244 11:30:35
5.072 147.390 744.878 11:30:36
5.072 160.195 902.927 11:30:37
5.076 169.878 815.122 11:30:38
5.060 245.976 1302.927 11:30:39
5.068 218.585 1191.707 11:30:40
5.064 209.585 1097.561 11:30:41
5.076 145.683 737.561 11:30:42
5.072 158.976 803.902 11:30:43
5.076 160.878 816.098 11:30:44
5.076 156.293 742.439 11:30:45
5.072 262.878 1512.195 11:30:46
5.072 149.293 859.024 11:30:47
5.076 145.976 740.976 11:30:48
5.072 188.780 1058.049 11:30:49
5.072 147.488 745.854 11:30:50
5.064 154.585 746.341 11:30:51
5.076 324.463 1101.951 11:30:52
5.076 148.195 744.878 11:30:53
5.064 162.976 826.341 11:30:54
5.072 184.488 807.317 11:30:55
5.076 152.488 830.244 11:30:56
5.076 160.073 817.561 11:30:57
5.072 152.683 773.659 11:30:58
5.068 242.780 1221.951 11:30:59
5.064 255.366 817.561 11:31:00
5.076 146.976 748.780 11:31:01
5.076 160.976 816.585 11:31:02
5.072 183.780 943.902 11:31:03
5.072 147.195 737.561 11:31:04
5.076 160.780 809.756 11:31:05
5.072 178.878 922.439 11:31:06
5.072 151.780 773.659 11:31:07
5.064 235.585 1118.049 11:31:08
5.056 330.073 1683.415 11:31:09
5.072 145.293 737.561 11:31:10
5.072 158.976 806.341 11:31:11
5.072 160.683 816.098 11:31:12
5.076 161.585 1462.439 11:31:13
5.072 247.976 1284.390 11:31:14
5.076 146.098 1063.902 11:31:15
5.068 217.683 1385.854 11:31:16
5.072 160.683 816.098 11:31:17
5.076 159.683 808.780 11:31:18
5.072 257.171 1240.488 11:31:19
5.072 261.585 1190.244 11:31:20
5.076 214.878 924.878 11:31:21
5.076 146.293 740.000 11:31:22
5.068 335.073 1315.610 11:31:23
5.068 223.878 1506.341 11:31:24
5.076 144.878 740.000 11:31:25
5.072 151.390 768.293 11:31:26
5.072 171.073 818.537 11:31:27
5.072 160.780 815.122 11:31:28
5.072 159.976 816.098 11:31:29
5.076 147.878 745.854 11:31:30
5.076 145.683 737.073 11:31:31
5.068 211.171 1047.805 11:31:32
5.072 160.293 814.634 11:31:33
5.076 163.195 827.805 11:31:34
5.068 221.390 1068.780 11:31:35
5.072 190.390 920.000 11:31:36
5.068 243.171 1214.146 11:31:37
5.076 147.098 748.780 11:31:38
5.076 160.585 816.098 11:31:39
5.064 239.073 1234.634 11:31:40
5.068 271.780 1376.098 11:31:41
5.068 160.683 818.537 11:31:42
5.072 147.293 745.854 11:31:43
5.076 158.878 812.683 11:31:44
5.072 175.073 815.122 11:31:45
5.072 160.390 807.317 11:31:46
5.072 161.390 819.024 11:31:47
5.068 240.780 1245.854 11:31:48
5.072 211.976 1043.902 11:31:49
5.068 160.195 813.659 11:31:50
5.072 145.488 743.415 11:31:51
5.072 158.976 806.341 11:31:52
5.072 262.585 1473.659 11:31:53
5.068 147.098 745.854 11:31:54
5.064 159.683 815.122 11:31:55
5.072 173.878 1301.951 11:31:56
5.076 160.195 808.780 11:31:57
5.072 198.878 1011.220 11:31:58
5.076 147.780 746.341 11:31:59
5.072 158.878 806.341 11:32:00
5.072 273.878 1297.073 11:32:01
5.076 160.780 815.122 11:32:02
5.064 226.878 988.780 11:32:03
5.068 147.683 750.244 11:32:04
5.072 152.195 844.878 11:32:05
5.072 151.390 763.902 11:32:06
5.076 161.073 1072.683 11:32:07
5.068 160.976 859.024 11:32:08
5.068 212.390 1075.610 11:32:09
5.076 151.683 951.220 11:32:10
5.076 159.878 830.244 11:32:11
5.068 214.268 975.122 11:32:12
5.072 161.878 809.756 11:32:13
5.068 244.171 1247.805 11:32:14
5.072 181.780 1037.561 11:32:15
5.068 198.171 1006.829 11:32:16
5.072 158.683 808.780 11:32:17
5.056 403.073 1767.317 11:32:18
5.072 147.683 751.220 11:32:19
5.076 147.878 778.537 11:32:20
5.076 159.780 811.220 11:32:21
5.060 196.293 1031.707 11:32:22
5.064 160.780 815.122 11:32:23
5.064 286.171 1443.415 11:32:25
5.072 188.073 891.707 11:32:26
5.072 159.878 815.122 11:32:27
5.072 186.293 827.805 11:32:28
5.072 159.293 808.780 11:32:29
5.072 158.488 803.415 11:32:30
5.076 149.780 758.537 11:32:31
5.076 145.976 738.537 11:32:32
5.072 160.488 815.122 11:32:33
5.076 151.683 768.293 11:32:34
5.064 240.683 1248.293 11:32:35
5.068 246.171 1251.707 11:32:36
5.072 196.780 1022.439 11:32:37
5.072 213.268 1165.366 11:32:38
5.076 160.780 812.683 11:32:39
5.072 159.073 807.317 11:32:40
5.072 152.488 774.634 11:32:41
5.068 247.073 1234.146 11:32:42
5.064 313.366 878.537 11:32:43
5.076 213.488 778.537 11:32:44
5.076 160.073 811.220 11:32:45
5.072 158.195 801.463 11:32:46
5.076 159.073 922.439 11:32:47
5.072 198.878 994.146 11:32:48
5.076 145.390 745.854 11:32:49
5.076 159.195 807.317 11:32:50
5.072 158.293 805.854 11:32:51
5.076 144.878 737.073 11:32:52
5.076 160.585 812.195 11:32:53
5.076 147.878 744.878 11:32:54
5.068 223.171 1133.171 11:32:55
5.072 244.268 1210.244 11:32:56
5.076 145.585 740.976 11:32:57
5.072 196.683 1139.024 11:32:58
5.076 146.098 740.976 11:32:59
5.072 198.293 988.780 11:33:00
5.072 171.976 890.244 11:33:01
5.076 174.488 815.122 11:33:02
5.072 160.585 814.634 11:33:03
5.068 280.268 1436.098 11:33:04
5.064 349.659 1225.854 11:33:05
5.068 346.561 1300.488 11:33:06
5.068 211.073 1069.268 11:33:07
5.072 146.098 741.463 11:33:08
5.076 158.878 807.317 11:33:09
5.072 166.195 811.220 11:33:10
5.076 180.073 817.561 11:33:11
5.068 246.488 1240.488 11:33:12
5.072 223.390 1110.244 11:33:13
5.076 146.878 750.244 11:33:14
5.076 251.171 907.317 11:33:15
5.076 247.366 816.585 11:33:16
5.068 247.585 1597.073 11:33:17
5.068 282.683 1325.854 11:33:18
5.076 148.976 743.415 11:33:19
5.072 151.878 767.317 11:33:20
5.076 147.098 746.341 11:33:21
5.072 245.976 814.634 11:33:22
5.068 240.585 1219.512 11:33:23
5.064 266.976 1050.244 11:33:24
5.072 225.585 1146.341 11:33:25
5.072 147.195 749.756 11:33:26
5.072 159.976 810.244 11:33:27
5.072 160.073 815.122 11:33:28
5.076 159.780 808.780 11:33:29
5.072 150.780 780.976 11:33:30
5.072 148.585 753.659 11:33:31
5.068 262.683 982.927 11:33:32
5.072 150.098 745.854 11:33:33
5.068 194.293 976.585 11:33:34
5.076 160.878 818.537 11:33:35
5.072 218.171 1114.146 11:33:36
5.072 146.976 1134.146 11:33:37
5.076 145.195 1014.146 11:33:38
5.076 186.585 816.098 11:33:39
5.072 159.780 807.805 11:33:40
5.068 211.488 1087.805 11:33:41
5.060 395.463 1719.024 11:33:42
5.076 195.585 880.976 11:33:43
5.072 160.073 1213.171 11:33:44
5.076 158.488 807.805 11:33:45
5.060 323.561 1637.073 11:33:46
5.060 243.268 1235.610 11:33:47
5.076 145.293 738.537 11:33:48
5.064 160.585 815.122 11:33:49
5.072 160.073 815.122 11:33:50
5.068 268.171 1453.659 11:33:51
5.076 146.976 747.317 11:33:52
5.076 147.390 745.854 11:33:53
5.064 313.366 1587.317 11:33:54
5.068 246.976 1258.049 11:33:55
5.076 145.976 737.561 11:33:56
5.072 159.683 816.585 11:33:57
5.072 160.390 807.805 11:33:58
5.064 219.585 1112.683 11:33:59
5.076 199.683 1142.927 11:34:00
5.076 146.878 746.341 11:34:01
5.060 514.756 2504.878 11:34:02
5.076 164.585 771.220 11:34:03
5.060 288.561 1265.366 11:34:04
5.068 245.585 1083.902 11:34:05
5.076 145.390 743.415 11:34:06
5.044 327.268 1743.902 11:34:07
5.076 144.878 742.439 11:34:08
5.052 270.878 1273.171 11:34:09
5.076 147.780 749.756 11:34:10
5.076 147.976 741.463 11:34:11
5.072 248.780 1317.073 11:34:12
5.076 146.390 743.415 11:34:13
5.068 247.585 1227.805 11:34:14
5.076 146.390 733.659 11:34:15
5.072 149.098 823.902 11:34:16
5.072 147.878 747.317 11:34:17
5.068 230.878 982.927 11:34:18
5.064 301.366 1379.512 11:34:20
5.072 150.780 1152.683 11:34:21
5.060 312.366 2445.854 11:34:22
5.076 149.195 757.073 11:34:23
5.072 152.976 773.659 11:34:24
5.064 255.171 816.585 11:34:25
5.072 147.780 745.854 11:34:26
5.060 254.976 991.220 11:34:27
5.076 145.390 742.439 11:34:28
5.076 241.268 1011.707 11:34:29
5.072 159.195 843.415 11:34:30
5.076 152.390 772.683 11:34:31
5.048 458.049 2009.268 11:34:32
5.076 145.488 742.439 11:34:33
5.064 220.780 1026.341 11:34:34
5.076 159.780 811.220 11:34:35
5.072 250.878 2412.195 11:34:36
5.068 302.463 1102.927 11:34:37
5.072 146.780 1390.732 11:34:38
5.076 151.293 768.780 11:34:39
5.072 162.585 823.902 11:34:40
5.072 160.976 817.561 11:34:41
5.064 239.976 991.220 11:34:42
5.072 207.683 1051.707 11:34:43
5.076 153.293 745.854 11:34:44
5.076 150.683 1070.244 11:34:45
5.076 159.195 862.439 11:34:46
5.072 160.780 815.122 11:34:47
5.060 331.463 1652.683 11:34:48
5.068 230.268 1042.439 11:34:49
5.076 144.683 734.634 11:34:50
5.076 183.390 748.780 11:34:51
5.072 158.976 803.415 11:34:52
5.072 176.073 897.561 11:34:53
5.072 179.073 915.122 11:34:54
5.076 146.683 745.854 11:34:55
5.076 145.098 743.415 11:34:56
5.072 159.293 803.415 11:34:57
5.076 160.488 821.463 11:34:58
5.064 283.780 1537.073 11:34:59
5.064 288.561 1477.561 11:35:00
5.076 145.780 737.073 11:35:01
5.076 149.976 776.098 11:35:02
5.072 158.293 1265.366 11:35:03
5.064 248.878 1223.415 11:35:04
5.072 249.073 817.561 11:35:05
5.076 202.293 748.780 11:35:06
5.076 178.195 890.244 11:35:07
5.072 267.585 1505.854 11:35:08
5.076 145.976 985.366 11:35:09
5.068 204.780 875.122 11:35:10
5.072 188.976 1047.805 11:35:11
5.076 146.878 752.195 11:35:12
5.076 148.195 1099.512 11:35:13
5.072 176.293 840.976 11:35:14
5.076 148.585 749.756 11:35:15
5.064 243.780 1332.195 11:35:16
5.076 162.073 741.463 11:35:17
5.076 225.073 818.537 11:35:18
5.076 195.488 814.634 11:35:19
5.072 213.585 1060.488 11:35:20
5.060 286.976 1530.732 11:35:21
5.076 147.683 746.341 11:35:22
5.076 158.878 807.317 11:35:23
5.076 160.390 1318.537 11:35:24
5.072 231.073 1088.780 11:35:25
5.064 269.780 1284.390 11:35:26
5.076 148.195 759.512 11:35:27
5.072 208.073 1113.171 11:35:28
5.072 146.976 749.756 11:35:29
5.072 160.585 814.634 11:35:30
5.076 161.073 816.098 11:35:31
5.072 160.976 814.634 11:35:32
5.056 495.561 2383.415 11:35:33
5.076 146.098 734.634 11:35:34
5.072 147.585 745.854 11:35:35
5.076 151.390 768.780 11:35:36
5.072 160.488 905.366 11:35:37
5.076 182.683 947.317 11:35:38
5.068 240.780 1503.415 11:35:39
5.068 206.585 1042.439 11:35:40
5.076 146.683 744.878 11:35:41
5.068 160.488 1070.732 11:35:42
5.068 194.683 982.439 11:35:43
5.068 219.976 1742.927 11:35:44
5.068 212.171 1128.293 11:35:45
5.068 223.976 987.805 11:35:46
5.068 147.390 1065.366 11:35:47
5.072 160.488 814.634 11:35:48
5.076 150.976 768.780 11:35:49
5.072 160.683 815.122 11:35:50
5.076 151.195 765.854 11:35:51
5.076 146.780 748.780 11:35:52
5.068 186.073 814.634 11:35:53
5.076 150.585 768.293 11:35:54
5.076 187.585 978.049 11:35:55
5.072 213.073 1079.024 11:35:56
5.076 150.585 768.780 11:35:57
5.068 259.463 1256.585 11:35:58
5.064 249.488 1248.293 11:35:59
5.072 161.683 820.976 11:36:00
5.076 215.171 747.317 11:36:01
5.072 158.073 807.317 11:36:02
5.068 302.366 2298.537 11:36:03
5.076 205.268 852.683 11:36:04
5.072 331.171 1082.927 11:36:05
5.076 150.293 768.780 11:36:06
5.064 251.366 1628.780 11:36:07
5.076 147.195 743.902 11:36:08
5.076 207.488 1253.171 11:36:09
5.072 161.195 818.537 11:36:10
5.072 212.976 1073.171 11:36:11
5.076 160.293 812.683 11:36:12
5.076 161.390 815.122 11:36:14
5.076 145.195 737.073 11:36:15
5.072 149.780 754.634 11:36:16
5.072 159.195 807.317 11:36:17
5.072 158.585 804.878 11:36:18
5.072 239.171 816.585 11:36:19
5.072 197.878 951.707 11:36:20
5.060 269.878 1392.195 11:36:21
5.080 144.780 786.341 11:36:22
5.076 158.878 801.463 11:36:23
5.072 160.585 815.122 11:36:24
5.072 158.195 806.341 11:36:25
5.068 206.488 1042.439 11:36:26
5.076 159.195 805.854 11:36:27
5.076 147.098 745.854 11:36:28
5.076 159.976 807.805 11:36:29
5.072 158.976 806.341 11:36:30
5.064 287.878 1472.195 11:36:31
5.072 207.073 1054.146 11:36:32
5.076 196.976 748.780 11:36:33
5.060 254.780 1204.390 11:36:34
5.076 159.390 947.317 11:36:35
5.068 467.561 1955.122 11:36:36
5.072 160.878 816.098 11:36:37
5.076 186.780 1039.024 11:36:38
5.064 212.073 879.024 11:36:39
5.072 150.585 763.902 11:36:40
5.068 245.780 1228.293 11:36:41
5.072 155.390 747.317 11:36:42
5.072 238.366 901.463 11:36:43
5.068 241.488 1250.244 11:36:44
5.076 145.195 741.463 11:36:45
5.072 161.488 818.537 11:36:46
5.076 147.488 747.317 11:36:47
5.076 271.268 1170.244 11:36:48
5.076 151.683 766.341 11:36:49
5.076 145.098 737.561 11:36:50
5.060 265.268 1248.293 11:36:51
5.072 215.780 1040.000 11:36:52
5.076 146.293 752.683 11:36:53
5.076 166.878 876.098 11:36:54
5.072 158.683 814.634 11:36:55
5.072 233.683 1051.220 11:36:56
5.060 289.878 1440.976 11:36:57
5.076 150.780 768.293 11:36:58
5.072 147.098 747.317 11:36:59
5.076 151.488 770.244 11:37:00
5.076 158.878 807.317 11:37:01
5.072 159.683 960.000 11:37:02
5.068 256.976 1219.512 11:37:03
5.068 288.463 1464.390 11:37:04
5.076 145.878 737.561 11:37:05
5.072 147.878 746.341 11:37:06
5.076 160.780 814.634 11:37:07
5.076 152.683 770.244 11:37:08
5.068 253.585 1756.585 11:37:09
5.072 145.488 792.683 11:37:10
5.076 159.073 806.341 11:37:11
5.072 168.976 816.098 11:37:12
5.072 163.976 1184.390 11:37:13
5.072 285.268 996.585 11:37:14
5.076 151.585 765.854 11:37:15
5.076 159.585 810.244 11:37:16
5.076 161.878 825.366 11:37:17
5.068 208.878 1199.024 11:37:18
5.060 329.659 1300.976 11:37:19
5.068 146.780 751.220 11:37:20
5.076 146.878 748.780 11:37:21
5.068 249.073 1278.537 11:37:22
5.076 268.463 1980.488 11:37:23
5.072 216.683 1070.732 11:37:24
5.076 147.098 748.293 11:37:25
5.076 145.780 737.073 11:37:26
5.056 353.561 1440.000 11:37:27
5.072 181.073 924.878 11:37:28
5.076 145.390 740.000 11:37:29
5.060 266.073 1250.732 11:37:30
5.076 162.976 735.122 11:37:31
5.076 190.293 818.537 11:37:32
5.072 160.488 815.122 11:37:33
5.072 194.293 981.463 11:37:34
5.068 415.561 1573.659 11:37:35
5.072 158.488 748.780 11:37:36
5.064 245.780 1013.659 11:37:37
5.076 201.780 751.220 11:37:38
5.064 240.585 1238.049 11:37:39
5.068 306.976 976.585 11:37:40
5.076 145.293 1028.780 11:37:41
5.076 158.683 801.463 11:37:42
5.072 147.390 741.463 11:37:43
5.052 405.561 1966.829 11:37:44
5.072 147.293 750.244 11:37:45
5.072 158.780 807.317 11:37:46
5.072 160.683 820.000 11:37:47
5.072 145.585 737.073 11:37:48
5.072 191.073 1431.220 11:37:49
5.076 146.976 737.561 11:37:50
5.072 209.780 1134.146 11:37:51
5.072 158.878 807.317 11:37:52
5.072 186.293 913.659 11:37:53
5.072 160.390 814.634 11:37:54
5.076 158.976 807.317 11:37:55
5.076 158.293 807.317 11:37:56
5.060 271.073 1278.049 11:37:57
5.072 192.780 943.902 11:37:58
5.072 158.878 806.341 11:37:59
5.072 160.780 815.122 11:38:00
5.068 246.683 1698.537 11:38:01
5.072 161.585 1234.146 11:38:02
5.072 178.780 936.098 11:38:03
5.076 193.878 999.024 11:38:04
5.072 147.780 752.195 11:38:05
5.076 171.195 743.415 11:38:06
5.076 183.683 816.585 11:38:07
5.072 245.683 1199.512 11:38:09
5.064 300.366 1139.024 11:38:10
5.072 147.780 746.341 11:38:11
5.072 147.878 751.220 11:38:12
5.064 200.878 985.366 11:38:13
5.068 213.268 1068.780 11:38:14
5.048 402.268 1708.780 11:38:15
5.076 147.098 750.244 11:38:16
5.076 146.976 1024.390 11:38:17
5.076 147.293 749.756 11:38:18
5.076 158.878 807.317 11:38:19
5.064 160.585 817.561 11:38:20
5.076 159.195 1234.146 11:38:21
5.052 303.268 1442.439 11:38:22
5.076 147.585 747.317 11:38:23
5.076 145.195 740.976 11:38:24
5.072 160.585 806.341 11:38:25
5.076 160.683 849.756 11:38:26
5.060 324.463 1362.927 11:38:27
5.072 160.390 812.195 11:38:28
5.072 242.366 816.098 11:38:29
5.076 145.878 1015.122 11:38:30
5.072 146.488 745.854 11:38:31
5.076 160.976 1325.366 11:38:32
5.076 273.268 1535.122 11:38:33
5.072 180.585 918.537 11:38:34
5.060 356.171 1630.244 11:38:35
5.068 199.976 987.805 11:38:36
5.072 212.171 1363.415 11:38:37
5.072 263.878 1676.098 11:38:38
5.072 159.488 807.317 11:38:39
5.076 160.585 816.098 11:38:40
5.072 149.780 762.439 11:38:41
5.072 191.073 991.220 11:38:42
5.072 146.780 736.098 11:38:43
5.076 150.683 767.317 11:38:44
5.068 211.268 1419.512 11:38:45
5.068 216.780 1055.122 11:38:46
5.064 160.073 816.098 11:38:47
5.072 146.195 737.561 11:38:48
5.056 327.268 1684.878 11:38:49
5.072 222.488 1282.927 11:38:50
5.080 155.976 745.854 11:38:51
5.072 163.390 827.805 11:38:52
5.072 155.976 743.415 11:38:53
5.076 158.878 807.805 11:38:54
5.064 465.659 2157.073 11:38:55
5.076 159.073 806.341 11:38:56
5.064 240.073 1045.366 11:38:57
5.076 147.293 745.854 11:38:58
5.076 145.293 737.561 11:38:59
5.076 160.878 816.098 11:39:00
5.072 160.878 816.098 11:39:01
5.068 254.171 1282.927 11:39:02
5.068 211.976 1072.683 11:39:03
5.072 144.683 741.463 11:39:04
5.072 161.073 818.537 11:39:05
5.072 158.976 807.317 11:39:06
5.064 287.976 1444.390 11:39:07
5.068 168.488 852.683 11:39:08
5.068 147.488 744.878 11:39:09
5.072 189.293 816.585 11:39:10
5.072 181.976 912.683 11:39:11
5.076 162.073 822.439 11:39:12
5.072 159.976 816.098 11:39:13
5.068 246.366 1269.268 11:39:14
5.068 151.976 767.317 11:39:15
5.076 150.976 836.585 11:39:16
5.040 373.463 1746.341 11:39:17
5.072 146.976 746.341 11:39:18
5.064 296.268 2017.073 11:39:19
5.076 151.098 767.317 11:39:20
5.080 144.780 739.512 11:39:21
5.068 292.171 2359.512 11:39:22
5.076 146.195 738.537 11:39:23
5.076 159.878 816.098 11:39:24
5.076 147.293 843.415 11:39:25
5.072 145.976 737.561 11:39:26
5.072 212.268 1092.683 11:39:27
5.068 226.488 801.463 11:39:28
5.072 248.585 818.537 11:39:29
5.072 150.878 765.854 11:39:30
5.072 218.171 1106.829 11:39:31
5.076 148.195 746.341 11:39:32
5.076 146.195 737.073 11:39:33
5.060 402.561 1634.634 11:39:34
5.072 147.098 750.244 11:39:35
5.060 321.268 1630.244 11:39:36
5.072 146.585 748.293 11:39:37
5.072 145.488 737.561 11:39:38
5.068 246.488 1232.195 11:39:39
5.076 147.390 803.415 11:39:40
5.064 293.171 1573.659 11:39:41
5.076 152.683 750.244 11:39:42
5.064 257.463 1230.732 11:39:43
5.068 250.683 1139.512 11:39:44
5.068 298.366 1434.634 11:39:45
5.072 225.390 950.244 11:39:46
5.068 147.780 744.878 11:39:47
5.072 160.976 816.585 11:39:48
5.076 158.195 807.317 11:39:49
5.076 161.293 1231.707 11:39:50
5.072 146.976 737.561 11:39:51
5.076 145.976 743.902 11:39:52
5.064 234.683 1158.049 11:39:53
5.076 147.976 1015.610 11:39:54
5.076 151.780 908.780 11:39:55
5.072 160.488 812.195 11:39:56
5.076 145.293 737.561 11:39:57
5.076 273.073 816.098 11:39:58
5.072 160.780 811.220 11:39:59
5.056 286.268 1677.561 11:40:00
5.068 200.976 984.878 11:40:01
5.072 149.293 1295.610 11:40:02
5.072 147.976 749.756 11:40:03
5.072 160.293 811.220 11:40:04
5.060 321.366 1789.268 11:40:06
5.072 194.171 1497.561 11:40:07
5.072 146.195 742.439 11:40:08
5.068 247.268 1230.244 11:40:09
5.076 158.976 806.341 11:40:10
5.076 159.488 809.756 11:40:11
5.072 225.171 773.659 11:40:12
5.072 148.683 739.512 11:40:13
5.072 160.878 816.098 11:40:14
5.072 164.390 950.244 11:40:15
5.072 176.488 909.756 11:40:16
5.068 182.390 865.366 11:40:17
5.068 159.585 815.122 11:40:18
5.076 159.073 807.317 11:40:19
5.056 246.878 1258.049 11:40:20
5.068 316.463 1234.634 11:40:21
5.076 147.098 742.439 11:40:22
5.064 160.878 820.976 11:40:23
5.072 158.878 833.659 11:40:24
5.068 244.683 1423.415 11:40:25
5.056 247.780 1409.268 11:40:26
5.076 145.293 737.561 11:40:27
5.076 151.976 1101.463 11:40:28
5.072 158.488 808.780 11:40:29
5.068 243.878 1271.707 11:40:30
5.072 158.585 761.463 11:40:31
5.064 350.878 1459.512 11:40:32
5.076 149.488 761.463 11:40:33
5.072 146.976 748.780 11:40:34
5.076 160.878 816.585 11:40:35
5.072 160.073 810.244 11:40:36
5.072 159.195 807.317 11:40:37
5.060 281.878 1148.293 11:40:38
5.072 160.683 883.902 11:40:39
5.076 159.073 803.902 11:40:40
5.068 210.878 1080.000 11:40:41
5.072 189.488 1111.707 11:40:42
5.072 160.585 815.122 11:40:43
5.068 244.585 1234.146 11:40:44
5.076 160.390 816.585 11:40:45
5.076 160.195 816.585 11:40:46
5.068 246.780 1000.488 11:40:47
5.064 192.171 962.439 11:40:48
5.072 151.098 1241.951 11:40:49
5.072 149.390 757.073 11:40:50
5.068 224.780 1042.927 11:40:51
5.072 159.488 812.683 11:40:52
5.072 150.390 768.780 11:40:53
5.076 158.585 806.341 11:40:54
5.076 147.293 747.317 11:40:55
5.076 150.390 938.537 11:40:56
5.068 243.878 1219.024 11:40:57
5.076 146.293 737.073 11:40:58
5.072 160.195 810.244 11:40:59
5.072 160.683 901.463 11:41:00
5.060 349.659 1714.146 11:41:01
5.072 253.366 859.024 11:41:02
5.072 147.976 987.805 11:41:03
5.072 215.268 762.439 11:41:04
5.076 146.976 748.780 11:41:05
5.068 260.268 1220.488 11:41:06
5.072 160.683 812.683 11:41:07
5.068 223.073 1369.756 11:41:08
5.072 166.976 816.585 11:41:09
5.076 150.976 737.561 11:41:10
5.072 158.878 830.244 11:41:11
5.072 250.585 1008.780 11:41:12
5.068 256.585 1344.878 11:41:13
5.076 147.780 751.220 11:41:14
5.072 146.878 743.415 11:41:15
5.068 198.073 1522.439 11:41:16
5.076 147.585 744.878 11:41:17
5.052 385.463 1711.220 11:41:18
5.068 153.585 778.537 11:41:19
5.072 178.683 918.537 11:41:20
5.076 150.878 765.854 11:41:21
5.072 145.293 741.463 11:41:22
5.072 243.780 819.024 11:41:23
5.076 146.098 737.561 11:41:24
5.068 238.073 1051.220 11:41:25
5.072 147.098 749.756 11:41:26
5.072 158.195 801.463 11:41:27
5.076 160.293 814.634 11:41:28
5.072 145.585 737.561 11:41:29
5.064 318.780 1298.049 11:41:30
5.072 146.195 741.463 11:41:31
5.076 145.878 736.098 11:41:32
5.068 160.585 813.659 11:41:33
5.072 158.683 807.805 11:41:34
5.076 247.780 763.902 11:41:35
5.068 241.073 1221.951 11:41:36
5.072 160.780 815.122 11:41:37
5.076 148.878 757.073 11:41:38
5.064 254.073 1267.805 11:41:39
5.072 160.073 810.244 11:41:40
5.072 239.976 1617.073 11:41:41
5.072 162.073 746.341 11:41:42
5.076 160.390 816.098 11:41:43
5.068 260.780 1285.366 11:41:44
5.072 206.488 1225.854 11:41:45
5.076 145.683 739.512 11:41:46
5.076 160.293 817.561 11:41:47
5.072 168.195 813.659 11:41:48
5.056 259.878 1680.976 11:41:49
5.060 266.366 1241.951 11:41:50
5.076 146.976 749.756 11:41:51
5.076 163.488 904.878 11:41:52
5.068 244.366 1495.122 11:41:53
5.076 147.878 745.854 11:41:54
5.076 151.585 766.341 11:41:55
5.076 151.780 771.220 11:41:56
5.064 247.976 1247.805 11:41:57
5.076 160.683 815.122 11:41:58
5.076 224.780 1028.780 11:41:59
5.072 151.780 747.317 11:42:01
5.076 149.293 756.098 11:42:02
5.072 257.585 942.927 11:42:03
5.064 250.878 2249.268 11:42:04
5.064 422.366 2681.463 11:42:05
5.064 245.366 1269.756 11:42:06
5.064 273.463 1409.268 11:42:07
5.072 153.195 746.341 11:42:08
5.072 213.585 941.463 11:42:09
5.072 160.780 814.634 11:42:10
5.068 247.976 1245.854 11:42:11
5.064 168.488 856.098 11:42:12
5.076 175.976 1092.683 11:42:13
5.064 238.268 1229.268 11:42:14
5.072 216.171 863.415 11:42:15
5.076 160.878 815.122 11:42:16
5.072 160.390 816.098 11:42:17
5.044 247.171 1365.854 11:42:18
5.068 326.171 1666.341 11:42:19
5.072 171.293 1014.146 11:42:20
5.068 239.585 1363.415 11:42:21
5.072 206.073 836.098 11:42:22
5.068 461.463 2199.512 11:42:23
5.072 159.390 808.780 11:42:24
5.076 150.683 764.878 11:42:25
5.072 243.976 959.024 11:42:26
5.076 230.268 1138.049 11:42:27
5.076 158.878 807.317 11:42:28
5.072 160.780 815.122 11:42:29
5.068 201.683 993.659 11:42:30
5.072 170.293 816.585 11:42:31
5.076 154.293 749.756 11:42:32
5.064 276.366 1593.659 11:42:33
5.076 202.976 992.683 11:42:34
5.064 261.463 976.585 11:42:35
5.068 194.585 925.366 11:42:36
5.064 243.976 1232.195 11:42:37
5.072 161.780 819.024 11:42:38
5.076 148.293 754.634 11:42:39
5.076 159.976 813.659 11:42:40
5.072 151.098 763.415 11:42:41
5.072 175.073 815.122 11:42:42
5.072 162.780 812.683 11:42:43
5.068 201.780 1022.439 11:42:44
5.068 246.073 1239.024 11:42:45
5.076 145.780 736.098 11:42:46
5.068 327.976 1266.829 11:42:47
5.068 210.268 1068.780 11:42:48
5.072 158.976 807.317 11:42:49
5.072 161.195 816.585 11:42:50
5.076 148.098 746.341 11:42:51
5.072 168.976 948.780 11:42:52
5.072 176.780 928.780 11:42:53
5.072 150.293 768.780 11:42:54
5.072 160.780 813.659 11:42:55
5.060 325.073 1643.902 11:42:56
5.072 160.878 814.634 11:42:57
5.072 187.780 904.878 11:42:58
5.072 158.488 1244.390 11:42:59
5.076 146.293 733.659 11:43:00
5.060 313.659 1601.463 11:43:01
5.072 147.488 748.780 11:43:02
5.076 145.488 741.463 11:43:03
5.052 331.268 1220.488 11:43:04
5.072 164.195 1127.805 11:43:05
5.068 267.878 1221.951 11:43:06
5.076 147.976 747.317 11:43:07
5.076 144.683 735.122 11:43:08
5.064 241.171 1213.171 11:43:09
5.072 209.683 924.878 11:43:10
5.072 244.488 940.000 11:43:11
5.072 161.878 873.659 11:43:12
5.076 146.293 744.878 11:43:13
5.068 212.683 1059.024 11:43:14
5.072 145.488 738.537 11:43:15
5.064 254.683 1269.268 11:43:16
5.072 160.976 815.122 11:43:17
5.076 145.390 743.415 11:43:18
5.072 151.195 765.854 11:43:19
5.068 147.683 746.341 11:43:20
5.068 229.976 1171.707 11:43:21
5.076 151.195 769.756 11:43:22
5.056 278.976 1242.927 11:43:23
5.072 241.488 1243.415 11:43:24
5.068 249.073 1225.854 11:43:25
5.064 263.780 1667.317 11:43:26
5.076 147.195 802.439 11:43:27
5.076 308.878 1306.829 11:43:28
5.072 192.780 945.366 11:43:29
5.068 243.488 1255.610 11:43:30
5.068 213.390 1008.780 11:43:31
5.072 148.098 752.195 11:43:32
5.072 260.976 922.439 11:43:33
5.076 160.683 811.220 11:43:34
5.060 327.366 1615.122 11:43:35
5.072 151.488 1154.146 11:43:36
5.072 215.976 1090.244 11:43:37
5.072 198.073 1063.902 11:43:38
5.076 145.878 741.463 11:43:39
5.076 160.976 809.756 11:43:40
5.060 244.366 1241.951 11:43:41
5.064 328.171 1629.756 11:43:42
5.076 146.390 739.512 11:43:43
5.076 145.098 737.561 11:43:44
5.064 244.268 1221.951 11:43:45
5.072 160.488 811.220 11:43:46
5.068 322.463 1311.707 11:43:47
5.072 222.268 1303.415 11:43:48
5.072 228.073 1126.829 11:43:49
5.072 266.683 1143.902 11:43:50
5.076 147.293 795.122 11:43:51
5.072 161.683 816.098 11:43:52
5.072 149.488 757.561 11:43:53
5.076 145.390 737.561 11:43:55
5.064 388.756 1320.976 11:43:56
5.072 155.585 752.195 11:43:57
5.068 288.780 969.268 11:43:58
5.072 155.780 1126.341 11:43:59
5.076 145.098 738.537 11:44:00
5.068 253.976 1258.049 11:44:01
5.076 209.780 1165.366 11:44:02
5.072 199.683 1011.707 11:44:03
5.072 146.976 1003.902 11:44:04
5.076 158.488 803.415 11:44:05
5.068 246.171 1289.756 11:44:06
5.072 270.976 1018.049 11:44:07
5.076 160.073 810.244 11:44:08
5.076 186.488 915.122 11:44:09
5.072 149.390 757.561 11:44:10
5.064 160.878 815.122 11:44:11
5.080 160.390 814.634 11:44:12
5.072 160.976 815.122 11:44:13
5.076 144.976 737.073 11:44:14
5.060 334.171 1684.878 11:44:15
5.068 207.780 1100.488 11:44:16
5.072 190.976 946.341 11:44:17
5.076 147.195 747.317 11:44:18
5.072 160.073 809.756 11:44:19
5.072 161.488 820.976 11:44:20
5.072 161.073 815.122 11:44:21
5.064 270.268 1053.171 11:44:22
5.076 147.195 743.415 11:44:23
5.076 145.390 740.976 11:44:24
5.064 258.073 1373.659 11:44:25
5.068 341.976 2125.366 11:44:26
5.052 421.049 1811.220 11:44:27
5.072 202.585 750.244 11:44:28
5.076 146.976 750.244 11:44:29
5.056 244.268 1400.488 11:44:30
5.072 199.390 1444.878 11:44:31
5.048 370.171 1773.659 11:44:32
5.072 218.780 1220.488 11:44:33
5.072 145.293 743.415 11:44:34
5.072 159.293 808.780 11:44:35
5.072 150.293 769.756 11:44:36
5.064 338.756 1650.244 11:44:37
5.068 282.683 1125.366 11:44:38
5.076 145.488 737.561 11:44:39
5.072 159.780 802.439 11:44:40
5.076 145.585 737.561 11:44:41
5.068 244.268 1222.927 11:44:42
5.072 159.780 807.317 11:44:43
5.072 160.976 812.683 11:44:44
5.064 246.683 1245.854 11:44:45
5.072 147.195 752.683 11:44:46
5.064 199.293 926.341 11:44:47
5.064 249.976 1277.073 11:44:48
5.076 148.780 758.537 11:44:49
5.072 145.585 740.000 11:44:50
5.076 146.195 737.561 11:44:51
5.072 229.488 1055.122 11:44:52
5.072 151.683 768.780 11:44:53
5.072 160.585 812.683 11:44:54
5.072 192.683 981.463 11:44:55
5.072 247.780 884.878 11:44:56
5.072 145.390 739.512 11:44:57
5.072 160.488 816.098 11:44:58
5.072 150.195 757.073 11:44:59
5.076 161.073 1098.049 11:45:00
5.060 247.976 1301.951 11:45:01
5.072 186.976 1008.780 11:45:02
5.072 218.171 747.317 11:45:03
5.076 145.585 736.098 11:45:04
5.076 158.488 806.341 11:45:05
5.072 196.878 814.634 11:45:06
5.060 263.463 1265.366 11:45:07
5.076 202.585 1013.659 11:45:08
5.076 147.878 740.000 11:45:09
5.076 160.488 816.585 11:45:10
5.072 160.780 867.317 11:45:11
5.068 228.390 1135.610 11:45:12
5.072 149.293 748.780 11:45:13
5.072 150.780 1075.122 11:45:14
5.064 236.878 1224.390 11:45:15
5.064 469.561 2256.098 11:45:16
5.072 148.195 747.317 11:45:17
5.072 159.073 805.854 11:45:18
5.072 211.683 816.098 11:45:19
5.064 257.268 1231.707 11:45:20
5.060 277.585 814.634 11:45:21
5.068 186.976 1358.049 11:45:22
5.072 160.976 805.854 11:45:23
5.072 168.293 816.585 11:45:24
5.064 255.683 1239.024 11:45:25
5.072 207.976 1303.415 11:45:26
5.072 147.195 751.220 11:45:27
5.076 160.878 816.098 11:45:28
5.072 160.878 815.122 11:45:29
5.068 303.878 1495.122 11:45:30
5.052 323.659 1617.561 11:45:31
5.076 145.585 742.439 11:45:32
5.072 159.195 808.780 11:45:33
5.076 158.293 808.780 11:45:34
5.076 159.390 807.805 11:45:35
5.068 160.293 817.561 11:45:36
5.064 208.390 981.463 11:45:37
5.072 264.585 815.122 11:45:38
5.076 145.390 741.463 11:45:39
5.064 197.780 1331.707 11:45:40
5.076 147.293 750.244 11:45:41
5.068 244.171 1231.707 11:45:42
5.072 159.585 809.756 11:45:43
5.068 197.683 1008.780 11:45:44
5.064 263.585 1263.415 11:45:45
5.072 145.390 739.512 11:45:46
5.076 160.976 813.659 11:45:47
5.064 210.780 995.610 11:45:48
5.064 245.780 1068.780 11:45:50
5.072 233.073 818.537 11:45:51
5.076 145.488 751.220 11:45:52
5.076 160.878 817.561 11:45:53
5.068 255.073 1246.829 11:45:54
5.068 147.878 745.854 11:45:55
5.072 145.098 737.073 11:45:56
5.072 160.585 856.585 11:45:57
5.072 158.683 804.878 11:45:58
5.072 196.585 1083.902 11:45:59
5.060 302.171 1068.780 11:46:00
5.064 217.171 937.561 11:46:01
5.068 218.585 1111.707 11:46:02
5.076 206.390 816.098 11:46:03
5.072 158.293 803.902 11:46:04
5.068 243.585 1231.707 11:46:05
5.052 371.171 1779.024 11:46:06
5.056 334.463 1240.488 11:46:07
5.068 147.195 1212.195 11:46:08
5.076 182.293 816.585 11:46:09
5.076 145.488 739.512 11:46:10
5.072 161.195 816.098 11:46:11
5.068 241.488 1231.707 11:46:12
5.068 155.073 752.195 11:46:13
5.076 198.171 973.659 11:46:14
5.076 145.683 755.122 11:46:15
5.068 248.878 1458.537 11:46:16
5.068 246.683 1245.854 11:46:17
5.068 183.976 940.488 11:46:18
5.072 154.780 779.024 11:46:19
5.068 160.976 815.122 11:46:20
5.068 193.878 949.268 11:46:21
5.072 158.390 806.341 11:46:22
5.068 243.488 1320.488 11:46:23
5.076 151.488 769.756 11:46:24
5.072 159.293 808.780 11:46:25
5.064 243.976 1229.268 11:46:26
5.072 192.390 817.561 11:46:27
5.064 244.171 1233.171 11:46:28
5.072 186.390 928.780 11:46:29
5.076 145.780 909.756 11:46:30
5.072 159.073 882.439 11:46:31
5.076 159.585 805.854 11:46:32
5.060 330.171 1999.512 11:46:33
5.068 218.488 1112.683 11:46:34
5.076 147.195 1051.220 11:46:35
5.060 247.878 1259.512 11:46:36
5.076 146.780 752.683 11:46:37
5.072 159.195 808.780 11:46:38
5.064 300.073 1250.244 11:46:39
5.064 257.976 1242.927 11:46:40
5.072 147.293 754.634 11:46:41
5.076 149.195 809.756 11:46:42
5.064 247.976 1285.854 11:46:43
5.072 161.073 815.122 11:46:44
5.060 229.878 1069.268 11:46:45
5.068 202.073 1114.146 11:46:46
5.068 176.488 747.317 11:46:47
5.072 154.488 770.244 11:46:48
5.072 158.293 803.415 11:46:49
5.076 151.976 1078.049 11:46:50
5.068 184.976 940.000 11:46:51
5.076 158.293 805.854 11:46:52
5.064 247.585 1256.585 11:46:53
5.072 186.293 1407.317 11:46:54
5.076 145.585 741.463 11:46:55
5.072 161.683 816.585 11:46:56
5.072 160.878 811.220 11:46:57
5.068 161.683 818.537 11:46:58
5.060 247.488 1255.610 11:46:59
5.076 147.195 892.683 11:47:00
5.076 151.488 765.854 11:47:01
5.064 160.780 768.293 11:47:02
5.068 327.780 1236.585 11:47:03
5.068 244.780 1215.610 11:47:04
5.064 247.585 1261.951 11:47:05
5.072 272.878 1102.927 11:47:06
5.076 147.098 748.293 11:47:07
5.072 189.585 818.537 11:47:08
5.076 160.195 816.098 11:47:09
5.068 234.366 1013.659 11:47:10
5.068 351.171 1058.049 11:47:11
5.068 187.073 912.683 11:47:12
5.072 149.098 748.293 11:47:13
5.072 161.683 824.878 11:47:14
5.072 177.780 820.976 11:47:15
5.072 190.878 1294.146 11:47:16
5.068 243.488 1234.634 11:47:17
5.072 151.585 769.756 11:47:18
5.068 241.073 1713.659 11:47:19
5.072 160.878 976.098 11:47:20
5.068 211.488 1085.366 11:47:21
5.064 263.585 1508.780 11:47:22
5.076 147.878 751.220 11:47:23
5.072 199.976 973.659 11:47:24
5.076 159.390 808.780 11:47:25
5.064 298.366 1680.000 11:47:26
5.072 213.976 1081.463 11:47:27
5.076 147.878 745.854 11:47:28
5.060 331.171 1700.976 11:47:29
5.076 160.780 803.415 11:47:30
5.076 158.390 1246.829 11:47:31
5.076 161.073 812.683 11:47:32
5.076 160.976 945.366 11:47:33
5.072 161.073 816.585 11:47:34
5.068 182.390 977.561 11:47:35
5.072 147.098 751.220 11:47:36
5.072 149.878 762.439 11:47:37
5.068 159.488 811.220 11:47:38
5.064 243.073 1624.878 11:47:39
5.072 167.585 815.122 11:47:40
5.068 242.976 1227.805 11:47:41
5.072 160.683 776.098 11:47:42
5.072 160.683 811.220 11:47:44
5.072 161.073 820.976 11:47:45
5.072 188.171 939.024 11:47:46
5.072 253.366 952.683 11:47:47
5.072 145.585 740.000 11:47:48
5.076 159.488 811.220 11:47:49
5.080 151.780 1094.146 11:47:50
5.072 159.293 808.780 11:47:51
5.064 242.585 1402.439 11:47:52
5.076 149.293 761.463 11:47:53
5.076 165.195 1285.854 11:47:54
5.060 246.976 1246.829 11:47:55
5.072 148.098 745.854 11:47:56
5.068 191.878 992.683 11:47:57
5.072 176.073 891.707 11:47:58
5.068 249.683 1215.610 11:47:59
5.060 472.659 2111.707 11:48:00
5.072 205.585 919.024 11:48:01
5.076 147.293 749.756 11:48:02
5.076 148.293 748.780 11:48:03
5.068 246.683 1272.195 11:48:04
5.060 185.293 1002.927 11:48:05
5.072 211.390 1075.122 11:48:06
5.072 267.780 1348.293 11:48:07
5.076 145.683 743.415 11:48:08
5.072 158.390 803.902 11:48:09
5.072 246.878 1151.707 11:48:10
5.060 238.878 1255.610 11:48:11
5.068 194.976 997.561 11:48:12
5.076 150.585 765.854 11:48:13
5.064 190.293 1510.732 11:48:14
5.072 160.780 860.000 11:48:15
5.072 160.390 813.659 11:48:16
5.060 334.463 1634.634 11:48:17
5.064 288.976 1460.976 11:48:18
5.068 245.585 1009.268 11:48:19
5.076 145.683 789.756 11:48:20
5.076 160.878 816.098 11:48:21
5.076 161.073 965.366 11:48:22
5.072 186.390 871.220 11:48:23
5.064 292.561 1388.293 11:48:24
5.076 147.195 751.220 11:48:25
5.076 159.195 1249.268 11:48:26
5.072 160.976 1260.488 11:48:27
5.068 246.268 1698.537 11:48:28
5.064 272.171 1689.756 11:48:29
5.072 211.268 808.780 11:48:30
5.076 161.390 818.537 11:48:31
5.076 160.976 816.585 11:48:32
5.060 211.390 1055.122 11:48:33
5.068 194.390 1009.268 11:48:34
5.072 147.585 751.220 11:48:35
5.072 160.878 809.756 11:48:36
5.052 403.073 2079.512 11:48:37
5.052 319.659 1651.220 11:48:38
5.072 145.780 740.000 11:48:39
5.072 159.780 808.780 11:48:40
5.072 160.976 816.098 11:48:41
5.060 438.366 1640.000 11:48:42
5.072 161.195 819.024 11:48:43
5.076 146.585 812.683 11:48:44
5.076 158.585 804.878 11:48:45
5.076 151.878 769.756 11:48:46
5.072 161.585 819.024 11:48:47
5.060 161.195 816.585 11:48:48
5.076 215.171 1030.244 11:48:49
5.068 180.488 1251.707 11:48:50
5.076 146.195 743.415 11:48:51
5.068 250.780 1603.902 11:48:52
5.072 283.878 1088.780 11:48:53
5.076 147.683 748.780 11:48:54
5.076 160.390 819.024 11:48:55
5.076 160.878 816.585 11:48:56
5.072 193.171 1078.049 11:48:57
5.064 220.976 977.561 11:48:58
5.076 145.683 742.439 11:48:59
5.072 160.780 817.561 11:49:00
5.076 148.780 757.073 11:49:01
5.068 247.585 1259.512 11:49:02
5.072 160.878 816.585 11:49:03
5.072 216.488 1042.439 11:49:04
5.064 194.976 1081.463 11:49:05
5.076 146.390 737.561 11:49:06
5.076 161.976 820.976 11:49:07
5.072 158.488 805.854 11:49:08
5.064 250.585 1273.171 11:49:09
5.068 247.976 1269.268 11:49:10
5.072 380.561 947.805 11:49:11
5.072 160.683 813.659 11:49:12
5.072 160.488 812.683 11:49:13
5.068 244.780 1226.829 11:49:14
5.076 173.390 1240.488 11:49:15
5.076 146.585 741.463 11:49:16
5.068 248.268 1225.854 11:49:17
5.072 198.390 980.000 11:49:18
5.068 314.780 1307.317 11:49:19
5.076 147.390 747.317 11:49:20
5.072 251.268 947.317 11:49:21
5.072 207.878 783.415 11:49:22
5.076 149.293 760.976 11:49:23
5.060 240.878 1218.049 11:49:24
5.072 146.585 740.976 11:49:25
5.068 223.878 1142.927 11:49:26
5.076 150.976 1078.049 11:49:27
5.072 177.878 947.317 11:49:28
5.072 163.585 833.659 11:49:29
5.072 160.390 1389.756 11:49:30
5.048 245.878 1243.415 11:49:31
5.072 160.976 816.098 11:49:32
5.076 146.098 741.463 11:49:33
5.076 244.073 1269.756 11:49:34
5.068 220.488 1000.000 11:49:35
5.068 248.683 1259.512 11:49:36
5.076 146.585 740.976 11:49:37
5.076 146.195 737.561 11:49:39
5.072 151.976 771.220 11:49:40
5.076 156.780 748.780 11:49:41
5.072 210.268 876.585 11:49:42
5.072 160.878 815.122 11:49:43
5.076 160.293 889.756 11:49:44
5.064 267.463 1724.878 11:49:45
5.068 226.073 1050.244 11:49:46
5.072 144.878 737.073 11:49:47
5.072 161.195 816.585 11:49:48
5.076 160.195 813.659 11:49:49
5.076 161.488 818.537 11:49:50
5.056 331.171 1654.634 11:49:51
5.072 202.878 920.000 11:49:52
5.072 167.976 765.854 11:49:53
5.060 287.171 1447.317 11:49:54
5.064 251.073 1259.024 11:49:55
5.076 145.293 740.000 11:49:56
5.076 150.098 757.073 11:49:57
5.068 275.171 1414.634 11:49:58
5.060 209.390 1702.927 11:49:59
5.076 145.585 740.976 11:50:00
5.068 207.878 1056.585 11:50:01
5.076 147.390 747.317 11:50:02
5.076 160.976 818.537 11:50:03
5.072 160.878 817.561 11:50:04
5.076 188.585 869.756 11:50:05
5.072 162.073 817.561 11:50:06
5.072 148.098 748.293 11:50:07
5.068 218.268 1433.659 11:50:08
5.076 147.585 842.439 11:50:09
5.072 218.976 899.024 11:50:10
5.068 151.488 1270.732 11:50:11
5.072 147.780 746.341 11:50:12
5.064 280.463 1233.171 11:50:13
5.076 151.293 1139.512 11:50:14
5.072 161.195 816.585 11:50:15
5.076 168.976 815.122 11:50:16
5.076 145.195 742.439 11:50:17
5.068 249.268 1263.415 11:50:18
5.076 208.390 748.293 11:50:19
5.064 248.268 1259.512 11:50:20
5.068 326.659 1233.171 11:50:21
5.072 147.976 943.902 11:50:22
5.072 149.390 760.000 11:50:23
5.072 158.878 808.780 11:50:24
5.068 240.366 1221.951 11:50:25
5.064 159.683 812.683 11:50:26
5.068 146.293 746.341 11:50:27
5.076 150.976 765.854 11:50:28
5.076 151.098 768.780 11:50:29
5.076 151.878 772.195 11:50:30
5.076 177.585 808.780 11:50:31
5.068 160.683 819.024 11:50:32
5.072 208.683 1060.488 11:50:33
5.076 183.878 1346.829 11:50:34
5.076 148.098 747.317 11:50:35
5.064 242.268 1245.854 11:50:36
5.060 197.390 939.024 11:50:37
5.072 159.488 804.878 11:50:38
5.064 183.171 947.805 11:50:39
5.076 147.293 747.317 11:50:40
5.076 149.293 762.439 11:50:41
5.076 158.976 857.561 11:50:42
5.072 159.195 801.463 11:50:43
5.072 159.780 809.756 11:50:44
5.064 195.683 966.341 11:50:45
5.064 212.073 1080.000 11:50:46
5.076 166.683 748.293 11:50:47
5.076 170.488 812.195 11:50:48
5.076 160.488 817.561 11:50:49
5.064 273.878 1373.659 11:50:50
5.068 188.171 952.683 11:50:51
5.076 146.488 743.415 11:50:52
5.072 161.390 816.585 11:50:53
5.064 240.268 1218.049 11:50:54
5.072 145.780 741.463 11:50:55
5.072 242.073 1256.585 11:50:56
5.076 160.683 808.780 11:50:57
5.068 270.366 1373.659 11:50:58
5.072 206.390 1094.146 11:50:59
5.072 190.976 746.341 11:51:00
5.068 247.683 820.976 11:51:01
5.072 161.073 816.098 11:51:02
5.076 161.293 1225.366 11:51:03
5.072 160.878 819.024 11:51:04
5.072 179.585 837.561 11:51:05
5.064 174.683 1752.683 11:51:06
5.072 182.488 1019.024 11:51:07
5.072 164.780 818.537 11:51:08
5.072 161.390 813.659 11:51:09
5.072 193.073 929.268 11:51:10
5.072 302.683 804.878 11:51:11
5.076 247.683 819.024 11:51:12
5.060 244.366 1237.073 11:51:13
5.068 381.756 1443.415 11:51:14
5.076 146.195 739.512 11:51:15
5.076 150.195 766.341 11:51:16
5.076 159.073 808.780 11:51:17
5.076 159.878 811.220 11:51:18
5.064 257.073 1675.122 11:51:19
5.068 211.683 1172.683 11:51:20
5.072 179.073 749.756 11:51:21
5.076 288.561 1043.902 11:51:22
5.076 160.488 1100.488 11:51:23
5.076 388.951 1250.244 11:51:24
5.068 218.585 911.707 11:51:25
5.072 222.585 1136.585 11:51:26
5.064 250.171 1238.049 11:51:27
5.076 145.585 740.976 11:51:28
5.072 152.098 770.244 11:51:29
5.068 273.366 1234.146 11:51:30
5.056 324.878 1641.463 11:51:31
5.072 159.488 810.244 11:51:32
5.076 144.976 743.902 11:51:34
5.076 179.073 816.585 11:51:35
5.072 185.976 1344.878 11:51:36
5.068 220.390 1066.341 11:51:37
5.060 161.293 1520.976 11:51:38
5.072 256.585 1250.244 11:51:39
5.072 212.390 1053.171 11:51:40
5.072 171.293 876.098 11:51:41
5.072 182.878 920.000 11:51:42
5.072 185.073 882.439 11:51:43
5.076 148.780 761.463 11:51:44
5.064 160.976 816.585 11:51:45
5.072 158.878 805.854 11:51:46
5.060 272.171 1325.854 11:51:47
5.076 202.780 1060.488 11:51:48
5.076 150.878 820.976 11:51:49
5.076 160.585 815.122 11:51:50
5.072 157.878 803.415 11:51:51
5.068 240.488 1490.732 11:51:52
5.068 243.366 1232.195 11:51:53
5.068 241.780 1229.268 11:51:54
5.068 231.585 1038.049 11:51:55
5.068 449.756 2352.195 11:51:56
5.068 246.878 1321.951 11:51:57
5.068 222.780 1126.341 11:51:58
5.076 146.098 743.415 11:51:59
5.072 159.293 809.756 11:52:00
5.060 254.366 1223.415 11:52:01
5.060 292.683 1245.854 11:52:02
5.068 200.976 951.220 11:52:03
5.076 196.585 899.024 11:52:04
5.072 149.488 757.073 11:52:05
5.076 342.756 1305.366 11:52:06
5.076 216.878 1107.805 11:52:07
5.068 211.585 1276.585 11:52:08
5.072 153.390 747.317 11:52:09
5.072 196.976 816.098 11:52:10
5.072 191.073 1443.415 11:52:11
5.076 161.780 820.000 11:52:12
5.072 215.780 1101.463 11:52:13
5.072 150.585 768.780 11:52:14
5.072 176.976 824.878 11:52:15
5.076 161.585 1046.829 11:52:16
5.068 247.780 1209.268 11:52:17
5.072 212.171 1062.927 11:52:18
5.076 146.098 739.512 11:52:19
5.068 198.488 1012.683 11:52:20
5.076 218.976 748.780 11:52:21
5.068 329.171 1712.195 11:52:22
5.068 248.878 1256.585 11:52:23
5.072 147.878 756.098 11:52:24
5.072 160.780 814.634 11:52:25
5.072 158.585 803.902 11:52:26
5.064 242.976 1222.927 11:52:27
5.064 205.585 1041.463 11:52:28
5.076 145.390 737.561 11:52:29
5.064 262.268 932.683 11:52:30
5.076 159.293 803.415 11:52:31
5.060 327.073 1635.122 11:52:32
5.060 276.171 1228.293 11:52:33
5.068 212.268 1067.805 11:52:34
5.076 147.488 751.220 11:52:35
5.072 146.683 747.317 11:52:36
5.076 161.073 818.537 11:52:37
5.072 179.390 1295.610 11:52:38
5.064 279.268 1680.000 11:52:39
5.068 212.878 1050.244 11:52:40
5.076 147.976 746.341 11:52:41
5.068 162.195 815.122 11:52:42
5.068 160.780 813.659 11:52:43
5.064 354.561 1636.098 11:52:44
5.072 161.293 817.561 11:52:45
5.076 147.390 751.220 11:52:46
5.064 214.585 773.659 11:52:47
5.076 145.585 740.976 11:52:48
5.060 339.976 1889.268 11:52:49
5.072 167.073 803.415 11:52:50
5.060 232.683 1170.244 11:52:51
5.076 151.488 1051.707 11:52:52
5.072 198.488 978.049 11:52:53
5.076 197.976 809.756 11:52:54
5.068 253.878 1160.488 11:52:55
5.072 147.293 745.854 11:52:56
5.068 248.488 1219.512 11:52:57
5.072 159.390 807.805 11:52:58
5.072 182.390 950.244 11:52:59
5.072 160.780 824.878 11:53:00
5.076 147.098 746.341 11:53:01
5.064 246.488 1242.927 11:53:02
5.064 173.780 748.780 11:53:03
5.052 477.244 2458.537 11:53:04
5.076 162.073 820.976 11:53:05
5.076 147.780 747.317 11:53:06
5.056 169.878 922.439 11:53:07
5.076 202.780 827.805 11:53:08
5.060 242.683 1225.854 11:53:09
5.076 206.878 746.341 11:53:10
5.072 147.780 753.659 11:53:11
5.064 305.268 2397.073 11:53:12
5.076 155.293 778.537 11:53:13
5.056 400.659 1914.146 11:53:14
5.068 259.585 1249.268 11:53:15
5.076 147.098 742.439 11:53:16
5.048 401.561 2424.878 11:53:17
5.072 153.683 750.244 11:53:18
5.072 216.585 1070.732 11:53:19
5.072 145.976 739.512 11:53:20
5.080 146.098 737.073 11:53:21
5.064 241.780 1322.927 11:53:22
5.076 147.195 859.024 11:53:23
5.076 158.683 803.902 11:53:24
5.072 212.390 817.561 11:53:25
5.076 154.878 779.024 11:53:26
5.064 251.171 1266.829 11:53:28
5.068 167.585 913.659 11:53:29
5.064 245.683 1219.512 11:53:30
5.072 159.585 810.244 11:53:31
5.072 210.073 1069.268 11:53:32
5.072 308.171 1679.024 11:53:33
5.076 145.390 737.561 11:53:34
5.072 159.195 807.805 11:53:35
5.072 151.878 1050.244 11:53:36
5.076 159.293 810.244 11:53:37
5.072 159.488 812.195 11:53:38
5.076 147.195 748.780 11:53:39
5.068 209.073 1066.341 11:53:40
5.076 150.780 748.780 11:53:41
5.076 159.976 816.585 11:53:42
5.076 260.976 817.561 11:53:43
5.072 213.878 993.659 11:53:44
5.076 160.073 812.683 11:53:45
5.076 146.585 899.024 11:53:46
5.060 247.073 1254.146 11:53:47
5.068 197.976 1031.220 11:53:48
5.064 307.561 1047.805 11:53:49
5.060 270.585 1447.317 11:53:50
5.076 147.488 748.780 11:53:51
5.068 446.463 2297.073 11:53:52
5.060 435.756 2107.805 11:53:53
5.072 147.585 743.902 11:53:54
5.072 151.488 770.244 11:53:55
5.072 160.878 820.000 11:53:56
5.060 291.171 1254.146 11:53:57
5.072 222.390 1023.902 11:53:58
5.072 145.585 737.561 11:53:59
5.072 247.073 816.585 11:54:00
5.076 159.390 807.317 11:54:01
5.072 174.073 811.220 11:54:02
5.072 213.780 1083.902 11:54:03
5.072 180.073 1241.951 11:54:04
5.076 147.878 747.317 11:54:05
5.076 146.293 741.463 11:54:06
5.048 457.659 2387.317 11:54:07
5.072 184.171 943.902 11:54:08
5.072 211.073 1025.366 11:54:09
5.068 202.780 1065.366 11:54:10
5.076 159.878 807.805 11:54:11
5.064 342.878 1750.244 11:54:12
5.068 213.268 1129.268 11:54:13
5.076 148.098 750.244 11:54:14
5.076 151.878 777.073 11:54:15
5.076 159.293 809.756 11:54:16
5.068 243.073 1320.488 11:54:17
5.076 162.195 824.878 11:54:18
5.068 233.585 1155.610 11:54:19
5.072 148.293 940.000 11:54:20
5.072 159.488 811.220 11:54:21
5.068 161.293 817.561 11:54:22
5.076 160.878 814.634 11:54:23
5.064 294.073 1582.439 11:54:24
5.072 177.780 871.220 11:54:25
5.076 145.585 742.439 11:54:26
5.076 201.488 749.756 11:54:27
5.068 267.171 1249.268 11:54:28
5.068 216.488 1080.000 11:54:29
5.072 151.488 764.878 11:54:30
5.068 250.073 1227.805 11:54:31
5.072 159.073 809.756 11:54:32
5.076 160.293 807.317 11:54:33
5.072 192.780 916.098 11:54:34
5.068 151.878 857.561 11:54:35
5.072 159.488 808.780 11:54:36
5.064 247.878 1311.707 11:54:37
5.072 244.171 1002.439 11:54:38
5.072 147.976 748.293 11:54:39
5.076 151.488 861.463 11:54:40
5.072 184.390 757.073 11:54:41
5.064 297.780 1332.195 11:54:42
5.072 194.171 1259.024 11:54:43
5.068 192.073 918.537 11:54:44
5.072 201.293 1015.122 11:54:45
5.076 145.878 740.976 11:54:46
5.064 254.683 984.878 11:54:47
5.068 168.683 860.976 11:54:48
5.064 318.366 1199.024 11:54:49
5.068 240.585 1225.854 11:54:50
5.076 145.293 743.415 11:54:51
5.076 161.073 815.122 11:54:52
5.064 239.268 1672.683 11:54:53
5.072 146.488 739.512 11:54:54
5.072 161.293 816.585 11:54:55
5.072 160.878 817.561 11:54:56
5.072 211.780 1072.683 11:54:57
5.064 333.976 1683.902 11:54:58
5.072 148.098 750.244 11:54:59
5.072 160.976 940.000 11:55:00
5.068 160.878 816.585 11:55:01
5.060 337.268 1669.756 11:55:02
5.076 194.585 907.805 11:55:03
5.076 150.976 766.341 11:55:04
5.076 161.780 820.976 11:55:05
5.076 161.293 818.537 11:55:06
5.068 240.683 1247.805 11:55:07
5.076 148.293 745.854 11:55:08
5.072 158.390 805.854 11:55:09
5.072 161.293 818.537 11:55:10
5.072 159.683 1259.512 11:55:11
5.072 160.293 1122.927 11:55:12
5.076 145.683 738.537 11:55:13
5.076 145.585 743.902 11:55:14
5.076 148.976 754.634 11:55:15
5.072 151.976 775.122 11:55:16
5.072 160.780 818.537 11:55:17
5.060 237.073 1257.073 11:55:18
5.064 249.488 1249.268 11:55:19
5.072 220.268 1116.585 11:55:20
5.072 216.171 1286.829 11:55:22
5.072 158.073 807.317 11:55:23
5.072 160.976 817.561 11:55:24
5.068 211.780 1044.390 11:55:25
5.072 159.585 1288.293 11:55:26
5.072 209.390 1070.732 11:55:27
5.076 165.293 740.000 11:55:28
5.076 159.195 815.122 11:55:29
5.068 215.976 995.610 11:55:30
5.060 315.878 1542.439 11:55:31
5.064 248.780 1224.390 11:55:32
5.072 148.195 748.780 11:55:33
5.072 201.878 917.561 11:55:34
5.072 159.585 810.244 11:55:35
5.072 161.195 818.537 11:55:36
5.072 255.780 1126.341 11:55:37
5.068 208.171 1051.707 11:55:38
5.076 147.293 768.780 11:55:39
5.068 226.878 870.244 11:55:40
5.068 203.585 1458.537 11:55:41
5.068 454.951 1736.585 11:55:42
5.076 251.488 816.098 11:55:43
5.076 147.098 747.317 11:55:44
5.076 234.878 822.439 11:55:45
5.072 160.780 811.220 11:55:46
5.064 332.268 1682.439 11:55:47
5.072 161.073 816.585 11:55:48
5.064 197.585 767.317 11:55:49
5.072 180.293 1121.951 11:55:50
5.048 460.756 1792.683 11:55:51
5.064 328.976 1664.878 11:55:52
5.072 188.780 745.854 11:55:53
5.064 275.366 821.463 11:55:54
5.064 271.780 1356.098 11:55:55
5.072 147.390 950.244 11:55:56
5.076 145.780 741.463 11:55:57
5.076 186.683 818.537 11:55:58
5.076 194.683 819.024 11:55:59
5.068 166.390 1250.732 11:56:00
5.072 200.293 1022.439 11:56:01
5.072 214.390 915.122 11:56:02
5.076 145.488 740.976 11:56:03
5.076 160.585 1032.683 11:56:04
5.068 160.488 938.537 11:56:05
5.076 150.976 762.439 11:56:06
5.064 241.073 1225.366 11:56:07
5.072 147.488 741.463 11:56:08
5.068 247.976 1386.829 11:56:09
5.064 247.683 1599.024 11:56:10
5.072 207.780 1087.805 11:56:11
5.072 162.488 823.902 11:56:12
5.076 148.195 748.780 11:56:13
5.056 330.878 1668.780 11:56:14
5.076 152.293 772.683 11:56:15
5.072 147.780 753.659 11:56:16
5.064 257.073 872.195 11:56:17
5.076 151.878 769.756 11:56:18
5.072 206.488 1676.585 11:56:19
5.072 173.195 816.585 11:56:20
5.068 222.780 1136.585 11:56:21
5.068 248.683 1395.610 11:56:22
5.076 147.098 750.244 11:56:23
5.060 240.268 1218.049 11:56:24
5.076 159.390 1019.024 11:56:25
5.060 363.366 1647.317 11:56:26
5.072 161.293 820.976 11:56:27
5.072 145.976 743.415 11:56:28
5.068 240.683 1210.732 11:56:29
5.076 158.488 808.780 11:56:30
5.052 317.659 1546.341 11:56:31
5.072 245.976 1332.195 11:56:32
5.072 178.390 958.049 11:56:33
5.072 161.390 819.024 11:56:34
5.076 151.098 760.000 11:56:35
5.072 160.683 818.537 11:56:36
5.076 160.390 1199.512 11:56:37
5.072 156.585 763.415 11:56:38
5.068 243.488 1429.756 11:56:39
5.072 181.488 770.244 11:56:40
5.068 200.878 999.024 11:56:41
5.064 191.585 918.537 11:56:42
5.072 151.878 764.878 11:56:43
5.064 248.780 1766.341 11:56:44
5.072 189.976 1256.585 11:56:45
5.072 148.098 745.854 11:56:46
5.064 161.488 819.024 11:56:47
5.064 293.463 823.415 11:56:48
5.064 388.561 1251.707 11:56:49
5.072 146.098 742.439 11:56:50
5.072 148.098 745.854 11:56:51
5.076 159.878 832.195 11:56:52
5.072 199.171 1006.829 11:56:53
5.076 146.195 747.317 11:56:54
5.072 198.878 1011.707 11:56:55
5.072 145.878 744.878 11:56:56
5.072 145.585 743.415 11:56:57
5.064 245.073 1234.146 11:56:58
5.072 148.293 746.341 11:56:59
5.072 219.585 1054.146 11:57:00
5.068 164.488 983.902 11:57:01
5.072 199.293 1015.122 11:57:02
5.072 161.683 819.024 11:57:04
5.076 146.683 751.220 11:57:05
5.076 165.878 816.585 11:57:06
5.072 151.878 771.220 11:57:07
5.072 158.488 807.317 11:57:08
5.072 160.585 813.659 11:57:09
5.076 159.073 747.317 11:57:10
5.072 212.683 1106.341 11:57:11
5.072 158.683 787.805 11:57:12
5.068 244.268 1247.805 11:57:13
5.060 329.463 1702.439 11:57:14
5.072 149.585 763.902 11:57:15
5.072 186.488 926.341 11:57:16
5.072 161.195 818.537 11:57:17
5.076 159.488 810.244 11:57:18
5.072 219.878 1126.341 11:57:19
5.076 147.683 804.878 11:57:20
5.076 149.683 757.561 11:57:21
5.072 161.488 817.561 11:57:22
5.076 158.073 807.317 11:57:23
5.064 198.171 973.659 11:57:24
5.068 147.293 752.683 11:57:25
5.076 159.195 807.805 11:57:26
5.072 160.390 816.098 11:57:27
5.060 245.976 1255.610 11:57:28
5.068 193.780 1021.463 11:57:29
5.072 212.585 1156.585 11:57:30
5.072 156.073 752.195 11:57:31
5.076 159.976 765.854 11:57:32
5.072 162.390 803.902 11:57:33
5.072 160.293 996.585 11:57:34
5.072 161.195 891.220 11:57:35
5.072 273.976 1129.268 11:57:36
5.072 146.488 745.854 11:57:37
5.072 160.878 1293.171 11:57:38
5.076 160.073 812.683 11:57:39
5.072 161.780 820.976 11:57:40
5.076 147.488 745.854 11:57:41
5.072 190.585 927.805 11:57:42
5.072 145.585 736.098 11:57:43
5.076 145.976 740.000 11:57:44
5.072 158.195 804.878 11:57:45
5.076 145.878 737.073 11:57:46
5.068 315.878 1225.854 11:57:47
5.072 147.585 743.415 11:57:48
5.076 145.098 737.561 11:57:49
5.072 157.976 799.024 11:57:50
5.076 145.098 736.098 11:57:51
5.068 451.049 2406.341 11:57:52
5.076 145.098 738.537 11:57:53
5.076 145.293 740.976 11:57:54
5.076 159.073 807.805 11:57:55
5.076 146.293 740.976 11:57:56
5.076 144.780 736.098 11:57:57
5.072 158.585 805.854 11:57:58
5.072 158.780 805.854 11:57:59
