5.056 353.085 1785.122 09:05:36
5.076 158.293 802.927 09:05:37
5.076 144.890 732.195 09:05:38
5.064 246.488 1357.073 09:05:39
5.068 195.585 1071.707 09:05:40
5.072 180.878 924.878 09:05:41
5.064 240.878 975.122 09:05:42
5.076 144.488 732.683 09:05:43
5.076 158.780 805.854 09:05:44
5.076 150.585 763.415 09:05:45
5.076 200.293 1359.512 09:05:46
5.076 144.585 995.610 09:05:47
5.076 143.878 730.732 09:05:48
5.072 180.390 810.244 09:05:49
5.076 144.098 732.195 09:05:50
5.060 373.659 2109.268 09:05:51
5.076 145.878 745.854 09:05:52
5.076 144.878 731.220 09:05:53
5.072 159.073 803.902 09:05:54
5.076 144.195 731.220 09:05:55
5.076 144.878 732.195 09:05:56
5.076 159.878 810.244 09:05:57
5.072 144.195 733.659 09:05:58
5.076 159.073 899.024 09:05:59
5.072 148.585 750.244 09:06:00
5.064 328.463 1679.024 09:06:01
5.076 205.683 1082.927 09:06:02
5.080 145.878 744.878 09:06:03
5.072 160.073 814.634 09:06:04
5.076 158.488 732.195 09:06:05
5.076 157.488 799.024 09:06:06
5.072 148.780 752.195 09:06:07
5.076 145.390 741.463 09:06:08
5.076 149.780 760.000 09:06:09
5.076 144.195 732.195 09:06:10
5.068 196.683 1469.756 09:06:11
5.076 157.488 797.561 09:06:12
5.076 144.976 737.073 09:06:13
5.076 146.878 740.000 09:06:14
5.072 246.073 756.098 09:06:15
5.072 158.683 805.854 09:06:16
5.076 246.976 759.512 09:06:17
5.072 209.390 740.000 09:06:18
5.064 195.976 1012.683 09:06:19
5.076 146.780 1008.780 09:06:20
5.076 168.780 1214.146 09:06:21
5.076 159.585 733.659 09:06:22
5.072 159.585 803.902 09:06:23
5.068 193.976 1059.024 09:06:24
5.072 144.293 967.805 09:06:25
5.076 146.780 740.976 09:06:26
5.076 151.585 763.902 09:06:27
5.076 160.488 806.341 09:06:28
5.072 157.780 801.463 09:06:29
5.060 455.146 2341.951 09:06:30
5.068 210.878 1129.268 09:06:31
5.076 144.195 738.537 09:06:32
5.076 159.683 807.317 09:06:33
5.068 217.268 1108.293 09:06:34
5.076 159.488 814.634 09:06:35
5.072 185.293 947.317 09:06:36
5.076 170.683 864.878 09:06:37
5.072 158.683 807.317 09:06:38
5.076 156.976 802.439 09:06:39
5.076 157.195 859.024 09:06:40
5.076 159.878 806.341 09:06:41
5.072 193.390 1013.659 09:06:42
5.048 462.366 2460.976 09:06:43
5.072 202.171 743.415 09:06:44
5.072 258.683 810.244 09:06:45
5.072 158.878 808.780 09:06:47
5.076 159.488 809.756 09:06:48
5.072 158.976 807.805 09:06:49
5.068 229.390 1159.512 09:06:50
5.064 265.268 1337.073 09:06:51
5.076 146.585 740.976 09:06:52
5.080 149.878 730.732 09:06:53
5.076 158.293 1190.244 09:06:54
5.076 144.976 772.195 09:06:55
5.076 146.683 743.415 09:06:56
5.076 146.195 740.976 09:06:57
5.068 198.073 976.585 09:06:58
5.068 240.366 1221.463 09:06:59
5.076 145.683 743.415 09:07:00
5.076 151.780 771.220 09:07:01
5.076 145.293 1007.805 09:07:02
5.076 144.780 730.732 09:07:03
5.072 167.390 807.317 09:07:04
5.076 146.585 739.512 09:07:05
5.076 148.195 748.780 09:07:06
5.072 143.878 736.098 09:07:07
5.056 436.463 1218.049 09:07:08
5.076 165.683 737.561 09:07:09
5.072 248.683 1181.951 09:07:10
5.076 159.488 809.756 09:07:11
5.056 226.073 1042.439 09:07:12
5.072 161.293 811.220 09:07:13
5.072 210.780 939.024 09:07:14
5.076 147.780 758.537 09:07:15
5.076 159.976 814.634 09:07:16
5.076 159.585 894.146 09:07:17
5.072 157.390 801.463 09:07:18
5.076 145.780 1281.951 09:07:19
5.068 158.293 803.902 09:07:20
5.076 236.780 805.854 09:07:21
5.076 157.488 801.463 09:07:22
5.076 149.976 760.000 09:07:23
5.068 283.683 1368.293 09:07:24
5.068 240.366 1758.537 09:07:25
5.076 144.195 1061.463 09:07:26
5.076 144.683 728.293 09:07:27
5.076 156.390 897.561 09:07:28
5.076 150.683 760.000 09:07:29
5.072 159.488 807.317 09:07:30
5.072 184.585 926.341 09:07:31
5.072 188.683 1366.829 09:07:32
5.072 157.683 732.195 09:07:33
5.076 144.098 731.220 09:07:34
5.076 143.878 729.756 09:07:35
5.080 144.488 737.561 09:07:36
5.076 144.098 732.195 09:07:37
5.064 369.171 1796.098 09:07:38
5.072 146.585 739.512 09:07:39
5.072 143.976 736.098 09:07:40
5.076 158.683 803.415 09:07:41
5.072 217.073 780.976 09:07:42
5.064 246.683 1362.927 09:07:43
5.072 182.780 738.537 09:07:44
5.072 211.780 1075.122 09:07:45
5.072 159.683 808.780 09:07:46
5.076 144.098 728.780 09:07:47
5.076 157.585 798.537 09:07:48
5.076 145.780 1016.585 09:07:49
5.076 187.976 801.463 09:07:50
5.076 145.878 739.512 09:07:51
5.076 145.098 739.512 09:07:52
5.064 335.268 1197.073 09:07:53
5.068 195.878 902.439 09:07:54
5.072 194.073 1054.146 09:07:55
5.072 146.293 744.878 09:07:56
5.076 144.293 732.195 09:07:57
5.076 159.390 811.220 09:07:58
5.076 144.390 734.634 09:07:59
5.076 159.073 2181.951 09:08:00
5.072 146.098 740.976 09:08:01
5.076 144.293 734.634 09:08:02
5.076 149.098 752.195 09:08:03
5.076 144.488 728.293 09:08:04
5.068 314.878 1259.024 09:08:05
5.080 152.195 781.463 09:08:06
5.064 245.585 1223.415 09:08:07
5.076 144.098 730.732 09:08:08
5.076 146.585 748.780 09:08:09
5.076 152.195 829.756 09:08:10
5.076 144.293 736.098 09:08:11
5.076 159.780 809.756 09:08:12
5.076 145.878 748.780 09:08:13
5.068 317.976 1046.341 09:08:14
5.076 228.683 1044.390 09:08:15
5.076 144.878 728.293 09:08:16
5.072 158.976 805.854 09:08:17
5.076 143.390 732.195 09:08:18
5.068 466.366 1640.000 09:08:19
5.072 145.878 747.317 09:08:20
5.076 143.390 732.195 09:08:21
5.072 159.488 1275.610 09:08:22
5.072 182.976 918.537 09:08:23
5.064 285.878 1248.293 09:08:24
5.076 149.488 757.073 09:08:25
5.072 193.073 915.122 09:08:26
5.076 146.390 939.024 09:08:27
5.076 144.585 734.634 09:08:28
5.076 159.293 806.341 09:08:29
5.072 148.780 755.122 09:08:30
5.060 363.073 1731.220 09:08:31
5.068 165.195 740.976 09:08:32
5.072 144.098 731.220 09:08:33
5.076 158.780 807.317 09:08:34
5.076 144.390 732.195 09:08:35
5.060 179.878 1006.341 09:08:36
5.076 145.293 737.561 09:08:37
5.068 240.976 1224.390 09:08:38
5.076 144.488 734.634 09:08:39
5.076 144.780 730.732 09:08:40
5.076 157.976 801.463 09:08:42
5.076 144.488 736.098 09:08:43
5.060 250.268 1297.073 09:08:44
5.076 150.293 766.341 09:08:45
5.068 203.390 1458.537 09:08:46
5.068 167.073 740.000 09:08:47
5.076 144.976 735.122 09:08:48
5.064 159.293 806.341 09:08:49
5.076 143.780 732.195 09:08:50
5.072 160.976 811.220 09:08:51
5.076 145.585 740.976 09:08:52
5.076 143.390 727.317 09:08:53
5.076 159.878 813.659 09:08:54
5.072 177.585 1039.024 09:08:55
5.068 240.585 947.805 09:08:56
5.072 153.878 741.463 09:08:57
5.076 144.390 737.073 09:08:58
5.068 210.683 1117.561 09:08:59
5.076 148.488 752.683 09:09:00
5.072 179.293 1099.024 09:09:01
5.072 146.878 740.000 09:09:02
5.076 144.098 732.195 09:09:03
5.076 157.683 806.341 09:09:04
5.076 143.780 733.659 09:09:05
5.056 387.073 1687.317 09:09:06
5.072 144.585 777.073 09:09:07
5.072 144.390 729.756 09:09:08
5.076 159.976 803.902 09:09:09
5.076 143.878 732.195 09:09:10
5.072 159.293 807.805 09:09:11
5.068 155.390 746.341 09:09:12
5.072 184.293 903.902 09:09:13
5.076 211.171 920.488 09:09:14
5.068 323.171 1855.122 09:09:15
5.076 212.171 761.463 09:09:16
5.076 144.195 733.659 09:09:17
5.072 190.683 807.317 09:09:18
5.076 144.293 731.220 09:09:19
5.072 159.488 904.878 09:09:20
5.076 149.293 762.439 09:09:21
5.076 145.293 735.122 09:09:22
5.076 145.195 737.561 09:09:23
5.076 144.780 730.732 09:09:24
5.076 158.878 933.659 09:09:25
5.076 150.488 758.537 09:09:26
5.064 209.390 966.829 09:09:27
5.072 144.390 728.293 09:09:28
5.072 205.585 1047.805 09:09:29
5.072 163.293 828.780 09:09:30
5.076 145.098 737.073 09:09:31
5.064 219.268 1257.073 09:09:32
5.076 143.585 733.659 09:09:33
5.076 147.293 752.195 09:09:34
5.068 240.683 1215.610 09:09:35
5.072 181.171 1119.512 09:09:36
5.068 192.878 739.512 09:09:37
5.072 168.878 740.976 09:09:38
5.072 144.976 735.122 09:09:39
5.076 159.073 808.780 09:09:40
5.072 151.098 766.341 09:09:41
5.064 236.976 1255.610 09:09:42
5.076 195.488 887.805 09:09:43
5.076 144.390 728.293 09:09:44
5.068 161.488 738.537 09:09:45
5.076 143.878 728.293 09:09:46
5.072 157.488 800.976 09:09:47
5.076 149.390 761.463 09:09:48
5.072 285.683 1087.805 09:09:49
5.072 197.293 737.073 09:09:50
5.076 144.098 732.195 09:09:51
5.072 158.073 798.537 09:09:52
5.072 194.293 984.878 09:09:53
5.076 153.585 728.293 09:09:54
5.076 159.293 805.854 09:09:55
5.076 146.585 777.073 09:09:56
5.072 158.293 805.854 09:09:57
5.060 158.976 808.780 09:09:58
5.076 143.585 729.756 09:09:59
5.076 157.780 799.024 09:10:00
5.076 144.293 732.195 09:10:01
5.072 158.878 805.854 09:10:02
5.072 148.683 752.683 09:10:03
5.072 176.683 1423.415 09:10:04
5.072 184.585 1129.268 09:10:05
5.072 176.878 868.780 09:10:06
5.076 145.683 743.902 09:10:07
5.072 158.780 809.756 09:10:08
5.076 159.488 808.780 09:10:09
5.068 263.366 1251.707 09:10:10
5.076 159.585 808.780 09:10:11
5.076 146.585 739.512 09:10:12
5.072 249.171 808.780 09:10:13
5.076 145.195 731.220 09:10:14
5.056 218.683 1112.683 09:10:15
5.072 146.293 737.561 09:10:16
5.064 170.780 1121.951 09:10:17
5.072 181.780 1128.293 09:10:18
5.076 145.780 737.561 09:10:19
5.068 145.293 737.561 09:10:20
5.076 158.488 947.805 09:10:21
5.072 157.390 798.537 09:10:22
5.076 147.780 749.756 09:10:23
5.064 283.073 1806.341 09:10:24
5.064 226.780 1181.951 09:10:25
5.076 143.488 1302.927 09:10:26
5.076 156.488 797.561 09:10:27
5.076 157.780 800.000 09:10:28
5.072 158.390 797.073 09:10:29
5.072 213.171 762.439 09:10:30
5.076 143.195 864.878 09:10:31
5.076 145.488 743.415 09:10:32
5.072 144.780 730.732 09:10:33
5.072 143.878 732.195 09:10:34
5.076 144.098 737.073 09:10:35
5.072 157.293 797.561 09:10:36
5.076 146.293 734.634 09:10:37
5.064 369.659 1325.854 09:10:38
5.072 158.195 1046.341 09:10:40
5.072 144.390 735.122 09:10:41
5.072 158.073 800.976 09:10:42
5.072 153.976 777.073 09:10:43
5.072 217.683 1377.073 09:10:44
5.076 151.488 769.756 09:10:45
5.072 209.585 1085.366 09:10:46
5.068 242.366 1207.805 09:10:47
5.076 145.976 742.439 09:10:48
5.072 159.780 804.878 09:10:49
5.076 146.488 739.512 09:10:50
5.076 148.683 758.537 09:10:51
5.076 159.878 806.341 09:10:52
5.072 144.195 790.244 09:10:53
5.072 144.195 736.098 09:10:54
5.064 177.073 803.902 09:10:55
5.072 175.073 769.756 09:10:56
5.076 159.780 810.244 09:10:57
5.076 214.268 781.463 09:10:58
5.068 172.780 882.927 09:10:59
5.076 145.488 742.439 09:11:00
5.076 175.488 1030.244 09:11:01
5.072 159.073 807.317 09:11:02
5.072 208.878 1040.000 09:11:03
5.068 323.780 1339.512 09:11:04
5.072 145.098 740.976 09:11:05
5.076 146.585 740.000 09:11:06
5.076 158.195 801.463 09:11:07
5.072 212.683 1060.488 09:11:08
5.060 331.366 1693.659 09:11:09
5.072 144.878 732.683 09:11:10
5.076 153.585 739.512 09:11:11
5.076 324.366 816.098 09:11:12
5.076 170.195 901.463 09:11:13
5.076 148.488 756.098 09:11:14
5.068 256.073 2317.073 09:11:15
5.076 145.195 748.293 09:11:16
5.068 158.683 807.317 09:11:17
5.076 155.390 752.683 09:11:18
5.068 250.585 1239.024 09:11:19
5.076 148.780 752.683 09:11:20
5.076 150.585 763.415 09:11:21
5.072 247.073 1345.854 09:11:22
5.076 143.585 728.293 09:11:23
5.076 159.488 807.317 09:11:24
5.072 157.780 807.317 09:11:25
5.076 159.488 1156.585 09:11:26
5.076 206.780 1089.268 09:11:27
5.064 257.585 1089.268 09:11:28
5.080 144.780 777.073 09:11:29
5.072 179.073 1260.976 09:11:30
5.076 147.976 756.098 09:11:31
5.076 144.780 741.463 09:11:32
5.068 199.683 958.049 09:11:33
5.072 149.390 763.415 09:11:34
5.060 291.268 1489.756 09:11:35
5.076 151.293 744.878 09:11:36
5.072 191.293 966.829 09:11:37
5.068 269.976 1099.512 09:11:38
5.076 197.073 740.000 09:11:39
5.076 148.976 752.195 09:11:40
5.072 193.976 1291.707 09:11:41
5.076 144.293 877.561 09:11:42
5.076 193.585 1069.268 09:11:43
5.072 148.780 752.683 09:11:44
5.076 159.585 809.756 09:11:45
5.068 222.488 1115.122 09:11:46
5.072 308.463 1214.634 09:11:47
5.072 145.195 740.976 09:11:48
5.076 144.293 732.195 09:11:49
5.076 157.488 800.000 09:11:50
5.076 149.878 760.976 09:11:51
5.072 160.683 812.195 09:11:52
5.076 145.878 743.415 09:11:53
5.068 157.878 797.561 09:11:54
5.076 159.683 802.439 09:11:55
5.076 145.780 740.976 09:11:56
5.068 159.073 930.244 09:11:57
5.076 204.171 740.976 09:11:58
5.076 145.098 739.512 09:11:59
5.072 237.878 810.244 09:12:00
5.076 147.976 752.195 09:12:01
5.076 159.390 810.244 09:12:02
5.076 144.195 732.683 09:12:03
5.072 208.585 1343.415 09:12:04
5.076 144.390 732.683 09:12:05
5.076 147.780 749.756 09:12:06
5.068 159.780 809.756 09:12:07
5.072 194.171 1000.488 09:12:08
5.064 242.585 1634.634 09:12:09
5.072 211.488 772.683 09:12:10
5.076 145.878 745.854 09:12:11
5.076 159.195 810.244 09:12:12
5.076 144.683 732.195 09:12:13
5.060 254.366 1307.317 09:12:14
5.068 184.976 911.220 09:12:15
5.060 251.073 1552.195 09:12:16
5.072 145.488 743.415 09:12:17
5.076 145.878 743.415 09:12:18
5.072 204.683 880.976 09:12:19
5.076 143.976 734.634 09:12:20
5.072 158.073 861.463 09:12:21
5.076 146.390 737.073 09:12:22
5.072 197.683 982.927 09:12:23
5.076 146.780 742.439 09:12:24
5.076 144.195 732.195 09:12:25
5.072 182.976 1041.463 09:12:26
5.076 144.488 732.195 09:12:27
5.072 159.293 807.805 09:12:28
5.076 150.195 855.122 09:12:29
5.076 152.293 744.878 09:12:30
5.072 159.683 859.024 09:12:31
5.076 146.293 739.512 09:12:32
5.060 285.463 1277.073 09:12:33
5.072 144.878 773.659 09:12:35
5.068 267.073 1368.293 09:12:36
5.076 144.488 791.220 09:12:37
5.076 146.195 759.512 09:12:38
5.072 160.293 811.220 09:12:39
5.076 145.390 733.659 09:12:40
5.056 315.268 1955.610 09:12:41
5.068 201.780 973.659 09:12:42
5.068 169.488 1155.610 09:12:43
5.072 149.683 1080.488 09:12:44
5.072 170.390 859.024 09:12:45
5.076 144.878 732.195 09:12:46
5.076 255.780 814.634 09:12:47
5.076 144.195 731.220 09:12:48
5.076 157.780 802.439 09:12:49
5.072 239.171 1002.439 09:12:50
5.076 159.585 810.244 09:12:51
5.076 145.098 731.220 09:12:52
5.076 150.878 731.220 09:12:53
5.072 315.878 1267.805 09:12:54
5.076 144.976 731.220 09:12:55
5.072 283.878 1376.098 09:12:56
5.076 144.878 737.561 09:12:57
5.076 145.293 736.098 09:12:58
5.064 208.268 812.195 09:12:59
5.076 145.878 740.976 09:13:00
5.072 157.585 794.634 09:13:01
5.076 146.780 1020.488 09:13:02
5.072 145.195 730.732 09:13:03
5.076 158.293 797.561 09:13:04
5.076 144.195 734.634 09:13:05
5.068 222.488 1154.146 09:13:06
5.076 150.683 763.415 09:13:07
5.072 179.073 1059.024 09:13:08
5.076 145.488 1090.732 09:13:09
5.072 144.390 731.220 09:13:10
5.076 159.780 805.854 09:13:11
5.076 147.098 744.878 09:13:12
5.072 180.293 878.537 09:13:13
5.072 146.878 745.854 09:13:14
5.076 144.488 732.683 09:13:15
5.068 245.780 1554.634 09:13:16
5.076 145.098 740.976 09:13:17
5.064 469.146 1643.902 09:13:18
5.076 146.585 737.561 09:13:19
5.072 186.878 1231.707 09:13:20
5.076 146.195 739.512 09:13:21
5.076 143.976 732.195 09:13:22
5.076 159.683 810.244 09:13:23
5.076 145.976 740.976 09:13:24
5.068 319.366 1520.000 09:13:25
5.076 146.780 740.000 09:13:26
5.068 184.976 1051.220 09:13:27
5.076 159.488 882.439 09:13:28
5.076 144.098 732.195 09:13:29
5.064 245.268 1232.195 09:13:30
5.068 276.976 1246.829 09:13:31
5.076 148.293 755.122 09:13:32
5.072 145.780 743.415 09:13:33
5.072 218.488 1100.488 09:13:34
5.076 149.878 760.000 09:13:35
5.076 148.098 751.220 09:13:36
5.060 321.171 1607.317 09:13:37
5.076 146.098 743.415 09:13:38
5.076 159.195 806.341 09:13:39
5.072 197.488 762.439 09:13:40
5.072 157.976 991.707 09:13:41
5.076 184.976 760.976 09:13:42
5.076 145.976 743.902 09:13:43
5.072 294.976 1280.976 09:13:44
5.076 146.585 740.000 09:13:45
5.076 157.488 799.024 09:13:46
5.072 196.171 977.561 09:13:47
5.076 143.488 736.098 09:13:48
5.076 150.683 767.317 09:13:49
5.076 145.976 744.878 09:13:50
5.076 178.585 944.878 09:13:51
5.072 200.390 740.000 09:13:52
5.076 144.195 736.098 09:13:53
5.068 240.073 1287.805 09:13:54
5.076 144.293 733.659 09:13:55
5.072 194.293 1271.707 09:13:56
5.072 145.293 729.756 09:13:57
5.076 144.195 729.756 09:13:58
5.076 159.073 807.317 09:13:59
5.076 145.878 1020.000 09:14:00
5.052 324.976 1571.220 09:14:01
5.076 144.878 732.195 09:14:02
5.076 147.780 743.415 09:14:03
5.072 159.195 809.756 09:14:04
5.076 145.098 732.683 09:14:05
5.064 242.366 1246.829 09:14:06
5.064 259.463 1447.317 09:14:07
5.076 144.195 735.122 09:14:08
5.076 158.780 809.756 09:14:09
5.076 146.488 739.512 09:14:10
5.064 247.171 1215.610 09:14:11
5.076 145.976 737.561 09:14:12
5.076 149.585 761.463 09:14:13
5.064 159.683 1471.220 09:14:14
5.076 144.098 732.195 09:14:15
5.052 290.366 1233.171 09:14:16
5.068 191.073 990.244 09:14:17
5.076 145.488 740.000 09:14:18
5.076 144.195 732.195 09:14:19
5.072 219.878 1174.146 09:14:20
5.076 160.683 823.902 09:14:21
5.080 144.976 732.195 09:14:22
5.060 360.976 1700.000 09:14:23
5.072 145.683 1020.000 09:14:24
5.076 153.585 777.073 09:14:25
5.076 159.390 807.317 09:14:26
5.072 185.878 1015.122 09:14:27
5.068 228.390 810.244 09:14:28
5.076 153.195 742.439 09:14:30
5.064 193.293 962.927 09:14:31
5.076 145.195 732.195 09:14:32
5.076 214.390 1343.415 09:14:33
5.064 202.976 1083.902 09:14:34
5.072 210.683 1051.220 09:14:35
5.072 206.488 1152.683 09:14:36
5.072 201.171 742.439 09:14:37
5.072 160.488 814.634 09:14:38
5.072 242.488 809.756 09:14:39
5.076 159.195 808.780 09:14:40
5.076 197.073 776.098 09:14:41
5.072 185.488 952.683 09:14:42
5.072 146.098 743.902 09:14:43
5.068 159.488 809.756 09:14:44
5.076 149.585 759.512 09:14:45
5.076 166.195 843.415 09:14:46
5.064 313.366 1408.293 09:14:47
5.076 156.683 1105.366 09:14:48
5.076 163.293 739.512 09:14:49
5.076 161.073 814.634 09:14:50
5.072 159.390 883.902 09:14:51
5.072 158.293 803.415 09:14:52
5.072 144.195 731.220 09:14:53
5.072 160.976 817.561 09:14:54
5.064 318.780 1966.829 09:14:55
5.072 211.878 1072.683 09:14:56
5.072 196.293 1341.951 09:14:57
5.076 145.390 737.561 09:14:58
5.072 159.488 808.780 09:14:59
5.076 157.780 801.463 09:15:00
5.060 270.683 991.707 09:15:01
5.060 263.878 1336.098 09:15:02
5.076 185.293 914.146 09:15:03
5.072 175.878 890.244 09:15:04
5.076 159.585 805.854 09:15:05
5.076 159.683 849.756 09:15:06
5.076 150.195 759.512 09:15:07
5.072 182.976 1225.854 09:15:08
5.076 147.195 749.756 09:15:09
5.068 240.268 1216.585 09:15:10
5.072 146.780 743.415 09:15:11
5.076 202.293 1572.195 09:15:12
5.072 212.171 1051.707 09:15:13
5.076 145.098 730.732 09:15:14
5.068 161.195 1232.195 09:15:15
5.076 157.878 800.976 09:15:16
5.060 423.659 1957.561 09:15:17
5.072 198.976 1095.122 09:15:18
5.068 168.878 758.537 09:15:19
5.068 242.366 996.585 09:15:20
5.076 145.390 736.098 09:15:21
5.064 242.488 1478.537 09:15:22
5.076 158.683 810.244 09:15:23
5.064 180.585 978.049 09:15:24
5.068 187.293 966.829 09:15:25
5.076 145.878 740.976 09:15:26
5.076 158.073 801.463 09:15:27
5.072 144.293 736.098 09:15:28
5.064 348.756 1740.488 09:15:29
5.068 174.195 1101.951 09:15:30
5.076 149.195 734.634 09:15:31
5.068 247.268 1425.854 09:15:32
5.076 146.585 740.976 09:15:33
5.068 193.585 1166.829 09:15:34
5.076 145.195 740.976 09:15:35
5.076 144.293 737.561 09:15:36
5.076 178.878 809.756 09:15:37
5.076 148.293 748.293 09:15:38
5.060 327.659 2337.073 09:15:39
5.076 145.976 744.878 09:15:40
5.076 145.098 730.732 09:15:41
5.072 149.293 757.561 09:15:42
5.076 144.293 737.073 09:15:43
5.072 382.073 2014.634 09:15:44
5.072 195.780 927.805 09:15:45
5.068 300.561 1047.805 09:15:46
5.072 145.488 1098.049 09:15:47
5.076 144.976 735.122 09:15:48
5.072 159.878 840.976 09:15:49
5.072 144.390 732.683 09:15:50
5.048 443.463 1846.829 09:15:51
5.076 144.390 733.659 09:15:52
5.076 144.098 731.220 09:15:53
5.076 158.293 796.098 09:15:54
5.072 228.268 1056.585 09:15:55
5.076 146.195 731.220 09:15:56
5.076 149.780 760.976 09:15:57
5.076 144.195 728.780 09:15:58
5.076 170.073 810.244 09:15:59
5.076 146.683 741.463 09:16:00
5.060 319.268 1656.098 09:16:01
5.072 148.488 758.537 09:16:02
5.076 144.098 733.659 09:16:03
5.076 159.585 811.220 09:16:04
5.076 144.390 732.195 09:16:05
5.064 240.366 1211.707 09:16:06
5.076 146.683 740.976 09:16:07
5.076 144.488 735.122 09:16:08
5.076 158.195 802.439 09:16:09
5.076 144.195 734.634 09:16:10
5.052 239.488 1358.049 09:16:11
5.076 147.293 750.244 09:16:12
5.076 144.195 740.000 09:16:13
5.076 159.780 814.634 09:16:14
5.076 144.390 733.659 09:16:15
5.056 406.756 2047.805 09:16:16
5.068 147.098 750.244 09:16:17
5.072 144.878 732.195 09:16:18
5.076 161.976 822.439 09:16:19
5.076 144.195 732.683 09:16:20
5.044 433.049 2246.829 09:16:21
5.076 149.683 760.976 09:16:22
5.072 234.585 900.976 09:16:23
5.068 149.780 760.000 09:16:25
5.076 144.488 736.098 09:16:26
5.076 159.976 812.683 09:16:27
5.076 148.683 755.122 09:16:28
5.060 322.659 1702.927 09:16:29
5.076 146.683 741.463 09:16:30
5.076 144.976 736.098 09:16:31
5.076 157.878 802.439 09:16:32
5.076 144.195 736.098 09:16:33
5.072 160.293 813.659 09:16:34
5.080 146.780 737.561 09:16:35
5.072 188.293 916.585 09:16:36
5.076 157.878 808.780 09:16:37
5.072 144.390 732.195 09:16:38
5.060 282.780 1560.000 09:16:39
5.072 225.683 925.366 09:16:40
5.072 208.171 1090.244 09:16:41
5.076 161.976 820.976 09:16:42
5.072 180.073 861.463 09:16:43
5.076 151.878 761.463 09:16:44
5.076 144.195 743.415 09:16:45
5.064 339.976 1612.195 09:16:46
5.068 146.878 740.976 09:16:47
5.072 147.976 754.634 09:16:48
5.076 158.780 847.805 09:16:49
5.076 144.195 732.195 09:16:50
5.072 249.878 816.098 09:16:51
5.076 146.780 730.732 09:16:52
5.068 220.171 1124.390 09:16:53
5.076 178.073 737.073 09:16:54
5.072 144.390 732.195 09:16:55
5.060 399.659 1607.317 09:16:56
5.076 145.195 904.878 09:16:57
5.064 282.780 1449.756 09:16:58
5.072 146.585 787.317 09:16:59
5.076 144.098 732.683 09:17:00
5.064 246.171 1290.732 09:17:01
5.076 146.293 740.000 09:17:02
5.072 157.780 801.463 09:17:03
5.072 188.488 891.220 09:17:04
5.072 214.171 1067.805 09:17:05
5.076 146.293 744.878 09:17:06
5.076 144.293 732.195 09:17:07
5.060 337.756 2252.195 09:17:08
5.076 144.390 736.098 09:17:09
5.068 243.171 1287.805 09:17:10
5.072 174.488 977.561 09:17:11
5.072 200.073 748.293 09:17:12
5.072 150.098 762.439 09:17:13
5.072 149.488 763.902 09:17:14
5.068 323.976 1344.878 09:17:15
5.072 147.195 740.976 09:17:16
5.072 152.976 729.756 09:17:17
5.072 158.293 1240.488 09:17:18
5.076 145.976 743.415 09:17:19
5.068 183.976 991.707 09:17:20
5.076 146.585 740.976 09:17:21
5.068 281.268 1187.805 09:17:22
5.068 184.390 810.244 09:17:23
5.076 144.293 740.000 09:17:24
5.068 245.366 1255.610 09:17:25
5.072 179.683 982.439 09:17:26
5.068 150.488 762.439 09:17:27
5.072 157.976 801.463 09:17:28
5.076 144.098 729.756 09:17:29
5.068 159.073 813.659 09:17:30
5.072 178.780 876.585 09:17:31
5.068 270.073 1062.927 09:17:32
5.072 146.098 740.976 09:17:33
5.072 216.780 1183.902 09:17:34
5.072 157.976 801.463 09:17:35
5.076 144.585 732.195 09:17:36
5.076 159.878 811.220 09:17:37
5.072 205.585 915.122 09:17:38
5.068 187.780 882.927 09:17:39
5.076 145.390 743.902 09:17:40
5.076 144.976 777.561 09:17:41
5.072 159.293 809.756 09:17:42
5.076 177.780 901.463 09:17:43
5.060 354.659 1442.439 09:17:44
5.072 144.390 731.220 09:17:45
5.076 145.098 735.122 09:17:46
5.076 161.488 821.463 09:17:47
5.072 173.976 905.366 09:17:48
5.076 150.878 854.146 09:17:49
5.072 157.488 797.561 09:17:50
5.072 159.780 812.683 09:17:51
5.076 150.488 758.537 09:17:52
5.076 144.780 735.122 09:17:53
5.072 146.780 740.000 09:17:54
5.068 263.268 1331.707 09:17:55
5.076 151.098 769.756 09:17:56
5.072 147.976 1061.463 09:17:57
5.076 199.073 808.780 09:17:58
5.072 158.293 803.415 09:17:59
5.076 159.780 809.756 09:18:00
5.072 149.780 790.244 09:18:01
5.072 226.268 1009.268 09:18:02
5.064 266.073 1392.195 09:18:03
5.076 201.488 741.463 09:18:04
5.072 160.293 816.098 09:18:05
5.076 203.780 810.244 09:18:06
5.072 250.366 805.854 09:18:07
5.068 207.390 1276.585 09:18:08
5.076 146.780 772.683 09:18:09
5.076 146.683 792.195 09:18:10
5.076 175.488 748.780 09:18:11
5.060 315.659 1638.537 09:18:12
5.064 219.073 1109.268 09:18:13
5.076 144.195 734.634 09:18:14
5.068 259.683 1218.049 09:18:15
5.076 154.293 741.463 09:18:16
5.076 147.976 847.317 09:18:17
5.060 195.976 980.000 09:18:19
5.068 198.780 1031.220 09:18:20
5.068 245.878 1132.683 09:18:21
5.072 217.683 1051.220 09:18:22
5.076 149.195 757.073 09:18:23
5.076 144.390 734.634 09:18:24
5.068 158.976 813.659 09:18:25
5.072 150.683 760.976 09:18:26
5.068 242.878 879.024 09:18:27
5.076 145.195 794.634 09:18:28
5.076 146.585 739.512 09:18:29
5.072 157.293 801.463 09:18:30
5.072 147.976 747.317 09:18:31
5.072 149.683 763.415 09:18:32
5.068 218.585 1108.293 09:18:33
5.068 226.073 1041.463 09:18:34
5.072 198.780 997.561 09:18:35
5.076 144.293 737.073 09:18:36
5.076 158.780 807.317 09:18:37
5.072 158.976 805.854 09:18:38
5.064 255.683 1208.293 09:18:39
5.064 211.780 1271.707 09:18:40
5.068 145.683 952.683 09:18:41
5.068 212.976 1195.610 09:18:42
5.072 143.878 732.195 09:18:43
5.076 156.585 741.463 09:18:44
5.072 151.293 763.415 09:18:45
5.068 160.585 812.195 09:18:46
5.068 262.585 1124.390 09:18:47
5.068 218.268 1120.488 09:18:48
5.072 145.390 743.902 09:18:49
5.076 157.878 797.561 09:18:50
5.072 173.293 1060.488 09:18:51
5.068 155.073 789.756 09:18:52
5.068 145.976 741.463 09:18:53
5.080 144.683 747.317 09:18:54
5.076 168.390 876.585 09:18:55
5.072 276.976 1185.366 09:18:56
5.072 260.366 848.780 09:18:57
5.076 144.878 730.732 09:18:58
5.072 146.390 743.415 09:18:59
5.072 192.878 1227.805 09:19:00
5.068 359.854 2045.366 09:19:01
5.068 284.878 868.780 09:19:02
5.076 153.195 1052.683 09:19:03
5.076 144.098 728.293 09:19:04
5.076 145.585 737.561 09:19:05
5.068 266.073 1040.488 09:19:06
5.072 178.073 882.927 09:19:07
5.076 200.390 750.244 09:19:08
5.068 241.268 1680.000 09:19:09
5.072 158.878 801.463 09:19:10
5.072 159.780 805.854 09:19:11
5.068 236.366 1195.610 09:19:12
5.076 145.390 737.561 09:19:13
5.076 146.878 740.976 09:19:14
5.076 148.585 757.073 09:19:15
5.076 159.878 810.244 09:19:16
5.068 194.293 1034.146 09:19:17
5.072 186.780 975.122 09:19:18
5.072 146.195 737.073 09:19:19
5.076 144.780 732.683 09:19:20
5.076 159.780 810.244 09:19:21
5.072 152.488 776.098 09:19:22
5.064 342.561 1982.927 09:19:23
5.076 145.488 992.683 09:19:24
5.072 143.780 733.659 09:19:25
5.072 159.878 808.780 09:19:26
5.072 159.073 800.000 09:19:27
5.068 242.878 1353.659 09:19:28
5.060 260.073 1264.390 09:19:29
5.072 215.585 962.927 09:19:30
5.072 146.780 1017.561 09:19:31
5.076 144.390 736.098 09:19:32
5.076 158.073 802.439 09:19:33
5.072 151.780 772.683 09:19:34
5.044 406.171 2030.732 09:19:35
5.076 146.195 744.878 09:19:36
5.076 145.780 790.244 09:19:37
5.076 159.390 798.537 09:19:38
5.072 145.488 741.463 09:19:39
5.072 159.780 811.220 09:19:40
5.064 274.463 1095.610 09:19:41
5.076 146.098 744.878 09:19:42
5.076 145.976 744.878 09:19:43
5.072 179.585 1018.049 09:19:44
5.072 157.390 801.463 09:19:45
5.076 151.878 767.317 09:19:46
5.068 245.780 1378.049 09:19:47
5.076 146.683 737.561 09:19:48
5.072 154.390 777.561 09:19:49
5.076 145.195 732.683 09:19:50
5.076 144.976 728.293 09:19:51
5.076 144.195 732.683 09:19:52
5.072 194.683 975.122 09:19:53
5.072 146.293 843.415 09:19:54
5.072 159.585 809.756 09:19:55
5.076 145.293 736.098 09:19:56
5.076 148.780 756.098 09:19:57
5.072 158.195 801.463 09:19:58
5.068 395.756 1962.927 09:19:59
5.072 252.683 809.756 09:20:00
5.076 145.195 733.659 09:20:01
5.072 195.390 1031.220 09:20:02
5.076 149.585 760.000 09:20:03
5.072 147.976 755.122 09:20:04
5.072 189.683 984.878 09:20:05
5.068 159.683 803.902 09:20:06
5.076 158.390 807.805 09:20:07
5.072 158.780 810.244 09:20:08
5.068 242.171 1080.000 09:20:09
5.072 275.073 1507.317 09:20:10
5.076 146.098 743.902 09:20:11
5.076 246.073 815.122 09:20:13
5.076 146.098 743.902 09:20:14
5.072 187.293 931.707 09:20:15
5.072 208.390 864.878 09:20:16
5.072 144.390 734.634 09:20:17
5.068 158.976 812.195 09:20:18
5.068 209.683 1047.805 09:20:19
5.072 265.683 1325.854 09:20:20
5.076 145.098 732.683 09:20:21
5.068 223.488 1071.707 09:20:22
5.076 159.976 807.317 09:20:23
5.072 150.878 766.341 09:20:24
5.076 232.976 811.220 09:20:25
5.072 218.976 741.463 09:20:26
5.064 253.488 1652.195 09:20:27
5.072 252.780 1078.049 09:20:28
5.068 146.878 840.000 09:20:29
5.064 159.878 905.366 09:20:30
5.064 183.683 953.659 09:20:31
5.076 213.878 739.512 09:20:32
5.076 144.390 733.659 09:20:33
5.072 151.293 766.341 09:20:34
5.072 160.488 806.341 09:20:35
5.072 174.585 947.317 09:20:36
5.068 220.171 1996.585 09:20:37
5.076 144.390 732.683 09:20:38
5.072 240.780 1213.171 09:20:39
5.076 146.780 744.878 09:20:40
5.076 157.780 799.024 09:20:41
5.072 263.171 815.122 09:20:42
5.068 217.488 1102.927 09:20:43
5.064 336.463 1223.415 09:20:44
5.076 173.293 844.878 09:20:45
5.068 275.463 1600.000 09:20:46
5.072 145.390 737.073 09:20:47
5.072 159.585 860.000 09:20:48
5.072 151.976 764.878 09:20:49
5.068 206.488 1303.415 09:20:50
5.072 158.878 807.317 09:20:51
5.072 200.976 1384.390 09:20:52
5.076 144.488 728.780 09:20:53
5.076 178.780 1122.927 09:20:54
5.076 144.390 738.537 09:20:55
5.072 245.683 816.098 09:20:56
5.076 146.195 742.439 09:20:57
5.072 266.366 1554.634 09:20:58
5.072 148.585 743.415 09:20:59
5.060 217.171 1504.390 09:21:00
5.076 146.878 846.341 09:21:01
5.076 147.390 745.854 09:21:02
5.072 159.878 811.220 09:21:03
5.076 145.976 742.439 09:21:04
5.056 411.268 2357.561 09:21:05
5.072 144.488 740.976 09:21:06
5.072 169.976 863.415 09:21:07
5.072 166.390 888.780 09:21:08
5.076 146.195 743.415 09:21:09
5.076 158.878 896.585 09:21:10
5.072 225.585 740.976 09:21:11
5.044 466.951 2024.390 09:21:12
5.076 143.585 732.683 09:21:13
5.076 143.976 732.195 09:21:14
5.072 158.073 805.854 09:21:15
5.076 147.390 750.244 09:21:16
5.068 246.878 1244.390 09:21:17
5.072 197.780 1173.171 09:21:18
5.064 262.780 1373.659 09:21:19
5.076 146.098 1029.268 09:21:20
5.076 144.390 733.659 09:21:21
5.076 159.683 812.195 09:21:22
5.076 159.488 810.244 09:21:23
5.064 286.561 1495.122 09:21:24
5.072 211.390 1073.171 09:21:25
5.076 144.390 735.122 09:21:26
5.076 158.293 807.317 09:21:27
5.072 146.780 739.512 09:21:28
5.068 238.976 1239.024 09:21:29
5.076 254.976 805.854 09:21:30
5.072 144.195 732.195 09:21:31
5.072 170.878 810.244 09:21:32
5.076 146.780 742.439 09:21:33
5.072 217.780 811.220 09:21:34
5.076 210.976 763.902 09:21:35
5.072 180.171 915.122 09:21:36
5.072 218.976 1337.073 09:21:37
5.068 146.098 746.341 09:21:38
5.072 179.780 810.244 09:21:39
5.076 158.073 801.463 09:21:40
5.068 207.390 757.073 09:21:41
5.072 280.878 1040.488 09:21:42
5.076 145.878 744.878 09:21:43
5.076 159.780 811.220 09:21:44
5.076 157.976 802.439 09:21:45
5.064 284.780 1460.976 09:21:46
5.076 149.293 943.902 09:21:47
5.076 144.195 732.195 09:21:48
5.068 221.073 1006.341 09:21:49
5.076 146.098 745.854 09:21:50
5.068 249.780 1229.268 09:21:51
5.076 227.268 1066.829 09:21:52
5.076 144.293 734.634 09:21:53
5.076 452.561 1340.976 09:21:54
5.064 200.878 1504.390 09:21:55
5.072 165.585 872.683 09:21:56
5.068 241.073 1221.951 09:21:57
5.072 146.195 744.878 09:21:58
5.076 160.390 1046.829 09:21:59
5.068 154.488 1039.024 09:22:00
5.072 186.976 1189.268 09:22:01
5.076 157.195 812.683 09:22:02
5.076 144.780 737.561 09:22:03
5.064 207.390 1166.829 09:22:04
5.072 186.780 880.976 09:22:05
5.076 145.878 1318.537 09:22:06
5.076 148.683 752.195 09:22:07
5.072 145.488 736.098 09:22:09
5.072 204.488 800.976 09:22:10
5.072 193.073 949.268 09:22:11
5.076 145.390 732.683 09:22:12
5.064 194.585 987.805 09:22:13
5.076 145.098 737.561 09:22:14
5.064 242.976 1329.268 09:22:15
5.076 146.780 741.463 09:22:16
5.068 147.976 856.585 09:22:17
5.076 158.390 800.000 09:22:18
5.076 144.390 735.122 09:22:19
5.076 215.780 904.878 09:22:20
5.076 159.195 739.512 09:22:21
5.076 276.171 1045.366 09:22:22
5.076 145.976 741.463 09:22:23
5.072 210.585 1075.610 09:22:24
5.076 146.780 740.976 09:22:25
5.068 225.878 1797.561 09:22:26
5.072 213.878 811.220 09:22:27
5.076 144.976 737.073 09:22:28
5.064 255.976 2287.317 09:22:29
5.068 146.878 1254.146 09:22:30
5.076 150.098 762.439 09:22:31
5.072 159.195 806.341 09:22:32
5.072 176.293 897.561 09:22:33
5.072 263.585 1348.293 09:22:34
5.076 144.976 732.195 09:22:35
5.072 246.878 812.195 09:22:36
5.076 173.293 805.854 09:22:37
5.072 210.171 1210.244 09:22:38
5.064 267.683 1340.976 09:22:39
5.068 172.683 1020.000 09:22:40
5.076 145.098 735.122 09:22:41
5.072 158.976 810.244 09:22:42
5.072 174.878 910.244 09:22:43
5.068 241.073 1300.976 09:22:44
5.076 148.293 1066.341 09:22:45
5.076 144.488 734.634 09:22:46
5.076 148.098 857.561 09:22:47
5.072 144.293 732.683 09:22:48
5.072 157.073 799.024 09:22:49
5.072 236.780 1208.293 09:22:50
5.076 146.293 741.463 09:22:51
5.076 150.683 760.976 09:22:52
5.072 189.488 976.585 09:22:53
5.056 345.268 2397.073 09:22:54
5.072 146.488 740.976 09:22:55
5.076 144.390 729.756 09:22:56
5.072 157.293 801.463 09:22:57
5.076 157.976 802.439 09:22:58
5.064 293.683 1345.854 09:22:59
5.072 163.878 1096.585 09:23:00
5.072 178.073 920.488 09:23:01
5.076 146.976 751.220 09:23:02
5.076 146.683 745.854 09:23:03
5.072 159.585 810.244 09:23:04
5.076 157.293 802.439 09:23:05
5.076 156.585 1164.390 09:23:06
5.076 154.073 754.634 09:23:07
5.076 170.585 797.073 09:23:08
5.076 158.390 752.683 09:23:09
5.068 159.683 886.341 09:23:10
5.068 321.780 1245.366 09:23:11
5.068 245.366 1240.488 09:23:12
5.076 146.293 733.659 09:23:13
5.076 160.073 816.098 09:23:14
5.072 160.293 812.683 09:23:15
5.072 157.683 803.415 09:23:16
5.072 148.098 756.098 09:23:17
5.072 159.585 807.317 09:23:18
5.072 241.976 1012.683 09:23:19
5.076 145.683 743.415 09:23:20
5.072 217.171 1364.390 09:23:21
5.076 146.098 863.415 09:23:22
5.072 157.195 797.561 09:23:23
5.076 159.683 802.439 09:23:24
5.068 243.268 1225.854 09:23:25
5.076 157.195 796.098 09:23:26
5.076 144.390 1020.000 09:23:27
5.060 160.195 812.195 09:23:28
5.076 149.098 749.756 09:23:29
5.072 157.293 851.220 09:23:30
5.068 242.488 1274.634 09:23:31
5.076 146.683 741.463 09:23:32
5.064 152.976 777.073 09:23:33
5.072 159.488 810.244 09:23:34
5.076 159.585 810.244 09:23:35
5.064 208.268 1072.683 09:23:36
5.068 239.171 1413.659 09:23:37
5.072 214.488 767.317 09:23:38
5.068 237.268 852.683 09:23:39
5.072 216.073 1240.976 09:23:40
5.076 144.390 737.073 09:23:41
5.072 159.585 807.317 09:23:42
5.072 196.585 847.805 09:23:43
5.068 159.780 1320.488 09:23:44
5.052 316.561 1092.683 09:23:45
5.072 221.171 1102.927 09:23:46
5.076 206.488 810.244 09:23:47
5.076 146.390 743.415 09:23:48
5.076 158.976 807.317 09:23:49
5.068 187.390 1306.829 09:23:50
5.076 251.976 814.634 09:23:51
5.076 158.073 801.463 09:23:52
5.076 146.585 742.439 09:23:53
5.076 157.585 802.439 09:23:54
5.076 159.585 988.780 09:23:55
5.044 402.268 1218.049 09:23:56
5.060 320.878 1625.854 09:23:57
5.076 145.585 736.098 09:23:58
5.076 152.780 778.537 09:23:59
5.076 232.780 809.756 09:24:00
5.076 145.098 737.561 09:24:01
5.076 211.683 762.439 09:24:03
5.072 186.488 1300.488 09:24:04
5.072 251.366 922.927 09:24:05
5.076 146.098 748.780 09:24:06
5.072 180.488 872.683 09:24:07
5.076 159.878 928.780 09:24:08
5.076 148.976 749.756 09:24:09
5.064 323.659 1225.366 09:24:10
5.076 143.976 733.659 09:24:11
5.064 241.780 1237.073 09:24:12
5.076 146.683 738.537 09:24:13
5.056 211.171 1195.610 09:24:14
5.072 188.780 855.122 09:24:15
5.076 175.293 891.220 09:24:16
5.072 144.293 730.732 09:24:17
5.072 159.195 810.244 09:24:18
5.076 252.780 805.854 09:24:19
5.072 207.390 1377.073 09:24:20
5.076 177.780 906.341 09:24:21
5.076 146.293 743.415 09:24:22
5.076 172.293 801.463 09:24:23
5.064 174.073 906.341 09:24:24
5.076 160.683 891.220 09:24:25
5.076 158.073 880.976 09:24:26
5.076 144.488 732.683 09:24:27
5.076 144.098 732.195 09:24:28
5.076 149.390 760.000 09:24:29
5.076 147.780 754.634 09:24:30
5.076 157.073 756.098 09:24:31
5.076 157.488 803.415 09:24:32
5.068 212.683 1110.732 09:24:33
5.064 267.780 1373.171 09:24:34
5.076 149.390 761.463 09:24:35
5.076 146.488 845.366 09:24:36
5.060 255.585 1234.634 09:24:37
5.076 147.780 755.122 09:24:38
5.056 479.756 2024.390 09:24:39
5.076 146.293 747.317 09:24:40
5.072 159.585 857.561 09:24:41
5.076 244.171 1114.146 09:24:42
5.072 147.976 751.220 09:24:43
5.072 159.878 810.244 09:24:44
5.072 157.488 793.659 09:24:45
5.076 146.878 732.195 09:24:46
5.068 209.878 1080.000 09:24:47
5.072 144.488 733.659 09:24:48
5.068 245.171 1218.049 09:24:49
5.076 145.976 774.634 09:24:50
5.068 316.171 1011.220 09:24:51
5.072 206.780 1045.366 09:24:52
5.076 150.390 769.756 09:24:53
5.064 309.976 1400.976 09:24:54
5.072 180.073 942.439 09:24:55
5.080 143.780 734.634 09:24:56
5.076 158.780 807.317 09:24:57
5.076 160.195 807.317 09:24:58
5.064 275.268 1398.537 09:24:59
5.072 207.073 1066.341 09:25:00
5.076 151.780 767.317 09:25:01
5.076 158.073 803.902 09:25:02
5.072 194.171 745.854 09:25:03
5.076 158.683 803.902 09:25:04
5.076 159.683 816.098 09:25:05
5.068 190.878 966.341 09:25:06
5.076 159.683 812.683 09:25:07
5.072 200.585 989.268 09:25:08
5.068 245.171 1299.512 09:25:09
5.076 146.195 742.439 09:25:10
5.072 220.780 1351.707 09:25:11
5.064 474.366 2192.195 09:25:12
5.068 226.268 783.902 09:25:13
5.076 159.073 811.220 09:25:14
5.072 146.488 745.854 09:25:15
5.072 221.268 746.341 09:25:16
5.072 144.780 732.195 09:25:17
5.076 150.585 765.854 09:25:18
5.072 149.878 763.902 09:25:19
5.072 220.073 965.366 09:25:20
5.076 173.195 743.902 09:25:21
5.072 144.585 736.098 09:25:22
5.072 193.073 1009.268 09:25:23
5.076 149.780 765.854 09:25:24
5.072 151.098 765.854 09:25:25
5.060 240.976 1242.927 09:25:26
5.076 147.390 743.902 09:25:27
5.064 317.780 1338.049 09:25:28
5.068 146.293 1077.561 09:25:29
5.072 174.878 898.537 09:25:30
5.076 268.171 1288.293 09:25:31
5.072 191.293 1116.585 09:25:32
5.064 362.171 2402.439 09:25:33
5.072 183.780 916.585 09:25:34
5.076 144.488 1122.927 09:25:35
5.076 159.488 811.220 09:25:36
5.076 148.390 752.195 09:25:37
5.068 216.780 1069.268 09:25:38
5.076 147.976 754.634 09:25:39
5.076 158.585 802.439 09:25:40
5.072 212.073 885.366 09:25:41
5.072 159.488 809.756 09:25:42
5.072 159.683 1258.049 09:25:43
5.056 361.268 1032.683 09:25:44
5.060 275.268 1404.878 09:25:45
5.072 178.585 902.927 09:25:46
5.072 190.683 1339.512 09:25:47
5.072 146.488 745.854 09:25:48
5.076 161.976 823.415 09:25:49
5.072 160.195 812.683 09:25:50
5.064 154.976 996.585 09:25:51
5.076 146.683 742.439 09:25:52
5.072 184.293 935.122 09:25:53
5.076 157.976 801.463 09:25:54
5.072 160.195 1236.585 09:25:55
5.076 164.976 863.415 09:25:57
5.068 194.171 1037.561 09:25:58
5.072 146.293 752.683 09:25:59
5.076 157.976 803.415 09:26:00
5.076 158.390 803.415 09:26:01
5.072 199.171 1002.439 09:26:02
5.072 195.878 1253.171 09:26:03
5.076 144.683 733.659 09:26:04
5.076 144.976 737.073 09:26:05
5.072 153.195 777.561 09:26:06
5.076 170.780 812.683 09:26:07
5.076 158.488 804.878 09:26:08
5.068 210.073 1070.244 09:26:09
5.072 194.683 740.976 09:26:10
5.072 159.585 1221.951 09:26:11
5.076 146.780 1238.049 09:26:12
5.076 158.683 807.805 09:26:13
5.064 211.390 1079.024 09:26:14
5.072 229.976 1051.220 09:26:15
5.068 256.976 823.415 09:26:16
5.076 158.073 1223.415 09:26:17
5.076 160.073 812.683 09:26:18
5.076 164.976 777.073 09:26:19
5.064 224.780 1000.000 09:26:20
5.076 144.585 737.561 09:26:21
5.076 145.195 1024.390 09:26:22
5.072 159.878 1193.171 09:26:23
5.076 169.878 800.000 09:26:24
5.072 206.585 1233.171 09:26:25
5.076 145.976 742.439 09:26:26
5.076 145.195 733.659 09:26:27
5.076 219.488 810.244 09:26:28
5.072 159.878 813.659 09:26:29
5.064 468.561 2339.512 09:26:30
5.072 206.585 1078.049 09:26:31
5.076 147.780 735.122 09:26:32
5.076 159.780 799.024 09:26:33
5.072 159.195 951.707 09:26:34
5.072 159.195 803.902 09:26:35
5.064 253.780 1289.268 09:26:36
5.076 145.390 737.561 09:26:37
5.072 146.195 741.463 09:26:38
5.076 172.293 811.220 09:26:39
5.076 157.293 804.878 09:26:40
5.072 193.683 807.317 09:26:41
5.076 204.683 884.878 09:26:42
5.068 321.073 1665.366 09:26:43
5.076 146.195 744.878 09:26:44
5.072 159.073 813.659 09:26:45
5.072 158.073 801.463 09:26:46
5.056 321.780 1971.707 09:26:47
5.076 144.976 738.537 09:26:48
5.076 145.195 737.073 09:26:49
5.072 160.073 811.220 09:26:50
5.072 151.683 733.659 09:26:51
5.064 267.366 1369.756 09:26:52
5.072 147.098 747.317 09:26:53
5.072 193.780 867.317 09:26:54
5.072 148.293 752.683 09:26:55
5.068 208.780 1179.024 09:26:56
5.076 145.976 744.878 09:26:57
5.076 182.073 760.000 09:26:58
5.072 157.683 800.000 09:26:59
5.072 171.780 920.000 09:27:00
5.076 159.073 807.317 09:27:01
5.076 149.585 752.683 09:27:02
5.072 159.585 814.634 09:27:03
5.076 203.293 1225.854 09:27:04
5.076 145.390 733.659 09:27:05
5.076 158.293 803.415 09:27:06
5.072 197.073 1000.000 09:27:07
5.068 244.366 1231.707 09:27:08
5.068 189.585 958.049 09:27:09
5.072 207.976 1426.829 09:27:10
5.072 148.098 743.415 09:27:11
5.064 161.585 816.098 09:27:12
5.072 160.195 813.659 09:27:13
5.072 210.488 1068.780 09:27:14
5.044 456.854 2050.732 09:27:15
5.076 146.585 802.439 09:27:16
5.072 239.780 1274.634 09:27:17
5.076 157.390 801.463 09:27:18
5.076 157.976 799.024 09:27:19
5.076 158.293 804.878 09:27:20
5.080 145.585 819.024 09:27:21
5.076 150.488 764.878 09:27:22
5.068 207.171 747.317 09:27:23
5.072 159.878 1146.829 09:27:24
5.068 159.878 1266.829 09:27:25
5.072 213.171 1043.902 09:27:26
5.064 272.268 1489.756 09:27:27
5.076 145.976 739.512 09:27:28
5.076 158.073 797.561 09:27:29
5.068 147.195 743.415 09:27:30
5.076 150.780 768.293 09:27:31
5.064 242.683 1225.366 09:27:32
5.076 144.585 733.659 09:27:33
5.072 205.171 1069.268 09:27:34
5.072 147.098 739.512 09:27:35
5.068 245.268 1242.927 09:27:36
5.076 158.195 803.902 09:27:37
5.072 205.171 1039.024 09:27:38
5.076 159.073 807.317 09:27:39
5.076 144.585 737.073 09:27:40
5.076 157.878 803.415 09:27:41
5.072 184.585 982.439 09:27:42
5.064 241.878 942.439 09:27:43
5.076 159.878 811.220 09:27:44
5.072 196.390 1484.878 09:27:45
5.072 206.780 1038.049 09:27:46
5.072 211.780 1069.268 09:27:47
5.072 156.683 743.902 09:27:48
5.076 157.683 797.561 09:27:49
5.076 148.683 754.634 09:27:51
5.076 146.976 748.293 09:27:52
5.068 240.268 1219.024 09:27:53
5.076 167.195 2251.220 09:27:54
5.072 149.195 1251.707 09:27:55
5.068 185.293 966.829 09:27:56
5.076 148.976 753.659 09:27:57
5.064 247.683 1245.854 09:27:58
5.072 159.780 892.683 09:27:59
5.076 157.976 799.024 09:28:00
5.076 158.780 1563.415 09:28:01
5.076 144.390 733.659 09:28:02
5.064 159.683 809.756 09:28:03
5.076 161.390 769.756 09:28:04
5.056 325.171 1229.268 09:28:05
5.076 150.390 793.659 09:28:06
5.076 188.293 743.902 09:28:07
5.072 159.878 1653.659 09:28:08
5.080 144.488 735.122 09:28:09
5.064 252.878 1254.146 09:28:10
5.068 187.780 953.659 09:28:11
5.076 176.195 1050.244 09:28:12
5.068 233.683 1771.707 09:28:13
5.076 146.683 968.780 09:28:14
5.056 330.659 2307.317 09:28:15
5.072 200.390 785.854 09:28:16
5.072 145.780 737.073 09:28:17
5.072 189.585 994.146 09:28:18
5.076 145.293 1020.000 09:28:19
5.068 240.585 1219.024 09:28:20
5.080 145.976 745.854 09:28:21
5.076 145.098 731.220 09:28:22
5.052 326.878 1642.439 09:28:23
5.072 146.683 743.415 09:28:24
5.064 160.488 814.634 09:28:25
5.072 189.171 937.561 09:28:26
5.076 144.585 733.659 09:28:27
5.072 158.293 802.439 09:28:28
5.076 144.878 733.659 09:28:29
5.076 228.171 810.244 09:28:30
5.076 146.780 740.976 09:28:31
5.072 212.390 1378.537 09:28:32
5.068 250.171 763.415 09:28:33
5.076 144.488 734.634 09:28:34
5.064 247.878 1242.927 09:28:35
5.072 146.976 742.439 09:28:36
5.068 304.171 1468.293 09:28:37
5.076 147.293 740.976 09:28:38
5.068 198.390 996.585 09:28:39
5.076 157.293 802.439 09:28:40
5.076 145.195 733.659 09:28:41
5.076 149.390 754.634 09:28:42
5.072 149.976 756.098 09:28:43
5.072 258.976 1128.293 09:28:44
5.076 145.195 732.195 09:28:45
5.076 169.293 760.976 09:28:46
5.072 160.073 1252.195 09:28:47
5.068 149.878 760.000 09:28:48
5.076 146.976 743.415 09:28:49
5.076 148.878 757.561 09:28:50
5.072 157.293 764.878 09:28:51
5.076 260.171 812.683 09:28:52
5.072 195.293 1067.805 09:28:53
5.068 207.171 1068.780 09:28:54
5.076 149.195 754.634 09:28:55
5.072 160.585 812.195 09:28:56
5.068 212.585 1409.756 09:28:57
5.052 258.463 1368.293 09:28:58
5.076 162.683 823.415 09:28:59
5.080 149.195 742.439 09:29:00
5.076 159.390 871.220 09:29:01
5.076 159.976 810.244 09:29:02
5.064 255.780 1306.829 09:29:03
5.076 146.293 744.878 09:29:04
5.068 188.390 1098.049 09:29:05
5.072 158.293 803.902 09:29:06
5.076 158.488 802.439 09:29:07
5.072 197.488 872.683 09:29:08
5.068 220.780 1072.683 09:29:09
5.068 218.683 1291.707 09:29:10
5.076 149.780 763.902 09:29:11
5.076 160.585 814.634 09:29:12
5.076 159.683 811.220 09:29:13
5.072 198.293 1042.927 09:29:14
5.068 247.683 1318.537 09:29:15
5.072 158.683 827.805 09:29:16
5.076 157.780 871.220 09:29:17
5.068 207.171 1091.707 09:29:18
5.072 160.073 816.585 09:29:19
5.056 320.366 1707.805 09:29:20
5.076 144.780 737.561 09:29:21
5.076 144.390 733.659 09:29:22
5.076 158.293 803.415 09:29:23
5.076 146.390 743.415 09:29:24
5.072 209.268 1048.780 09:29:25
5.076 145.585 1214.146 09:29:26
5.072 144.488 1020.488 09:29:27
5.072 157.976 801.463 09:29:28
5.072 146.878 739.512 09:29:29
5.080 159.683 808.780 09:29:30
5.072 157.780 801.463 09:29:31
5.072 201.976 927.317 09:29:32
5.076 146.585 742.439 09:29:33
5.072 170.683 805.854 09:29:34
5.076 243.780 812.683 09:29:35
5.072 157.585 800.000 09:29:36
5.052 404.171 1806.829 09:29:37
5.076 147.098 742.439 09:29:38
5.076 146.683 746.341 09:29:39
5.076 160.195 811.220 09:29:40
5.076 201.976 745.854 09:29:41
5.068 243.488 1280.976 09:29:42
5.068 208.171 998.049 09:29:43
5.072 147.390 740.976 09:29:45
5.076 158.293 798.537 09:29:46
5.072 158.293 805.854 09:29:47
5.076 180.488 811.220 09:29:48
5.076 158.390 803.902 09:29:49
5.052 401.366 1288.293 09:29:50
5.072 158.073 803.415 09:29:51
5.076 158.585 811.220 09:29:52
5.068 245.073 813.659 09:29:53
5.076 146.195 838.537 09:29:54
5.068 150.488 760.000 09:29:55
5.072 159.878 812.195 09:29:56
5.076 146.293 746.341 09:29:57
5.068 218.683 965.366 09:29:58
5.072 150.683 764.878 09:29:59
5.072 146.390 745.854 09:30:00
5.076 179.585 812.683 09:30:01
5.060 193.488 845.366 09:30:02
5.072 188.780 1040.000 09:30:03
5.076 162.293 833.659 09:30:04
5.068 146.976 742.439 09:30:05
5.068 205.878 836.585 09:30:06
5.076 152.976 768.780 09:30:07
5.068 241.073 1398.537 09:30:08
5.072 160.195 1230.244 09:30:09
5.080 145.878 744.878 09:30:10
5.068 245.780 1137.073 09:30:11
5.076 159.073 818.537 09:30:12
5.076 160.683 809.756 09:30:13
5.072 160.195 816.585 09:30:14
5.072 212.585 783.902 09:30:15
5.072 160.976 1129.268 09:30:16
5.076 181.171 766.341 09:30:17
5.060 332.073 1623.902 09:30:18
5.064 350.073 1734.146 09:30:19
5.072 144.585 735.122 09:30:20
5.076 151.683 784.878 09:30:21
5.076 159.195 810.244 09:30:22
5.076 158.293 803.415 09:30:23
5.076 158.195 803.415 09:30:24
5.072 206.390 1050.244 09:30:25
5.072 147.195 742.439 09:30:26
5.076 146.195 744.878 09:30:27
5.072 174.488 812.683 09:30:28
5.076 144.683 740.000 09:30:29
5.068 237.585 1424.390 09:30:30
5.072 159.683 813.659 09:30:31
5.072 159.780 809.756 09:30:32
5.076 157.780 801.463 09:30:33
5.072 218.780 1108.293 09:30:34
5.072 198.976 1055.122 09:30:35
5.068 146.195 1052.683 09:30:36
5.076 152.976 766.341 09:30:37
5.076 157.488 1238.049 09:30:38
5.068 255.976 1400.976 09:30:39
5.060 376.073 1714.146 09:30:40
5.068 147.390 743.415 09:30:41
5.072 146.976 742.439 09:30:42
5.076 157.878 802.439 09:30:43
5.060 254.171 1205.366 09:30:44
5.060 323.878 1832.683 09:30:45
5.068 220.585 1280.976 09:30:46
5.068 211.683 980.000 09:30:47
5.076 159.683 814.634 09:30:48
5.076 159.780 874.146 09:30:49
5.072 242.976 808.780 09:30:50
5.072 197.976 1005.366 09:30:51
5.080 147.878 734.634 09:30:52
5.072 159.976 803.415 09:30:53
5.068 381.976 1371.707 09:30:54
5.072 145.878 745.854 09:30:55
5.076 146.098 746.341 09:30:56
5.072 159.585 811.220 09:30:57
5.076 157.390 801.463 09:30:58
5.076 160.390 811.220 09:30:59
5.068 229.488 1042.927 09:31:00
5.076 146.293 786.341 09:31:01
5.072 175.585 872.195 09:31:02
5.072 159.683 810.244 09:31:03
5.076 159.976 810.244 09:31:04
5.048 458.561 2001.463 09:31:05
5.076 158.390 804.878 09:31:06
5.068 147.195 740.976 09:31:07
5.076 158.195 802.439 09:31:08
5.076 149.976 763.902 09:31:09
5.068 240.268 1230.732 09:31:10
5.072 158.390 890.244 09:31:11
5.076 158.073 803.902 09:31:12
5.076 146.195 741.463 09:31:13
5.072 159.683 809.756 09:31:14
5.076 149.195 760.000 09:31:15
5.072 160.390 810.244 09:31:16
5.072 222.488 1246.829 09:31:17
5.072 181.073 919.024 09:31:18
5.072 198.488 1007.805 09:31:19
5.072 157.683 796.098 09:31:20
5.076 159.390 802.439 09:31:21
5.072 160.073 808.780 09:31:22
5.064 245.073 1225.366 09:31:23
5.068 189.683 1065.366 09:31:24
5.076 202.073 1109.268 09:31:25
5.072 158.293 800.000 09:31:26
5.076 144.878 732.195 09:31:27
5.068 239.683 1380.976 09:31:28
5.060 291.171 1023.902 09:31:29
5.072 198.488 1007.805 09:31:30
5.068 242.171 803.415 09:31:31
5.076 144.585 733.659 09:31:32
5.076 144.878 735.122 09:31:33
5.076 196.293 1242.927 09:31:34
5.072 213.683 950.244 09:31:35
5.064 210.171 1070.732 09:31:36
5.072 184.780 949.268 09:31:38
5.072 160.585 1261.951 09:31:39
5.076 148.976 757.561 09:31:40
5.076 159.073 805.854 09:31:41
5.076 158.780 803.415 09:31:42
5.076 158.195 807.317 09:31:43
5.068 240.976 1285.366 09:31:44
5.072 226.390 966.829 09:31:45
5.072 144.878 733.659 09:31:46
5.076 148.878 752.195 09:31:47
5.064 245.780 1240.488 09:31:48
5.072 209.976 1061.463 09:31:49
5.072 176.488 1040.488 09:31:50
5.076 149.976 735.122 09:31:51
5.076 159.976 802.439 09:31:52
5.064 253.171 1433.659 09:31:53
5.076 146.098 745.854 09:31:54
5.076 157.585 798.537 09:31:55
5.076 157.585 803.415 09:31:56
5.068 242.073 1215.610 09:31:57
5.064 199.683 1072.683 09:31:58
5.076 197.073 743.902 09:31:59
5.072 157.976 803.415 09:32:00
5.076 184.171 803.902 09:32:01
5.076 146.195 746.341 09:32:02
5.072 270.073 1251.707 09:32:03
5.076 146.293 746.341 09:32:04
5.072 284.683 1280.488 09:32:05
5.076 159.976 810.244 09:32:06
5.060 242.683 1248.293 09:32:07
5.060 330.463 1509.756 09:32:08
5.076 144.585 734.634 09:32:09
5.076 159.878 811.220 09:32:10
5.072 158.195 799.024 09:32:11
5.076 217.268 942.927 09:32:12
5.064 247.171 1225.366 09:32:13
5.072 144.976 734.634 09:32:14
5.072 157.683 802.439 09:32:15
5.076 158.195 800.000 09:32:16
5.076 159.390 808.780 09:32:17
5.072 160.195 812.683 09:32:18
5.076 156.195 742.439 09:32:19
5.076 146.976 742.439 09:32:20
5.076 150.195 773.659 09:32:21
5.072 191.683 948.780 09:32:22
5.076 158.683 842.439 09:32:23
5.072 220.780 1127.805 09:32:24
5.072 240.878 1246.829 09:32:25
5.076 145.098 738.537 09:32:26
5.076 145.293 737.073 09:32:27
5.076 159.976 811.220 09:32:28
5.080 159.195 808.780 09:32:29
5.068 161.195 879.024 09:32:30
5.068 199.488 966.341 09:32:31
5.068 188.073 1004.878 09:32:32
5.076 150.780 761.463 09:32:33
5.072 157.976 803.415 09:32:34
5.072 160.073 812.683 09:32:35
5.072 204.488 1044.390 09:32:36
5.076 189.073 1019.024 09:32:37
5.076 159.585 812.683 09:32:38
5.076 158.073 801.463 09:32:39
5.072 159.976 805.854 09:32:40
5.072 219.683 1159.512 09:32:41
5.076 156.390 742.439 09:32:42
5.076 204.293 761.463 09:32:43
5.072 157.073 807.805 09:32:44
5.076 160.390 812.683 09:32:45
5.076 159.683 811.220 09:32:46
5.072 220.171 1124.390 09:32:47
5.076 144.488 734.634 09:32:48
5.076 145.195 736.098 09:32:49
5.076 159.976 1194.634 09:32:50
5.072 159.878 821.463 09:32:51
5.076 150.390 763.415 09:32:52
5.076 147.098 743.415 09:32:53
5.076 148.976 751.220 09:32:54
5.072 199.073 1007.805 09:32:55
5.072 232.171 1068.780 09:32:56
5.076 144.878 732.683 09:32:57
5.068 166.195 809.756 09:32:58
5.072 158.195 803.415 09:32:59
5.076 158.293 803.902 09:33:00
5.064 206.683 982.927 09:33:01
5.068 211.390 1051.220 09:33:02
5.076 146.098 735.122 09:33:03
5.076 144.293 735.122 09:33:04
5.076 159.976 812.195 09:33:05
5.076 159.780 878.537 09:33:06
5.064 283.073 1436.098 09:33:07
5.068 217.976 1059.024 09:33:08
5.076 146.195 735.122 09:33:09
5.072 159.780 809.756 09:33:10
5.072 168.293 1616.098 09:33:11
5.064 265.976 1360.488 09:33:12
5.076 159.780 805.854 09:33:13
5.076 145.293 731.220 09:33:14
5.068 208.073 1052.683 09:33:15
5.076 144.780 733.659 09:33:16
5.060 160.195 812.683 09:33:17
5.068 219.780 1035.610 09:33:18
5.076 167.073 850.244 09:33:19
5.072 160.073 812.195 09:33:20
5.072 246.976 812.195 09:33:21
5.060 256.780 1250.732 09:33:22
5.068 239.780 1220.488 09:33:23
5.076 144.585 734.634 09:33:24
5.076 153.390 778.537 09:33:25
5.076 157.780 799.024 09:33:26
5.076 160.195 1225.854 09:33:27
5.068 218.073 1115.122 09:33:28
5.072 170.390 1110.244 09:33:29
5.076 168.780 738.537 09:33:30
5.076 158.073 804.878 09:33:31
5.072 170.293 807.805 09:33:32
5.076 204.976 934.146 09:33:34
5.076 206.780 1292.195 09:33:35
5.076 144.976 743.902 09:33:36
5.076 145.683 738.537 09:33:37
5.072 193.585 1247.805 09:33:38
5.064 243.073 1594.634 09:33:39
5.076 172.293 887.805 09:33:40
5.076 147.195 742.439 09:33:41
5.076 149.390 759.512 09:33:42
5.072 159.976 809.756 09:33:43
5.064 200.073 848.780 09:33:44
5.064 384.268 2304.878 09:33:45
5.076 145.585 737.561 09:33:46
5.076 157.683 735.122 09:33:47
5.072 158.073 800.000 09:33:48
5.076 158.976 896.098 09:33:49
5.048 242.488 1239.024 09:33:50
5.064 270.463 1549.756 09:33:51
5.072 145.195 732.683 09:33:52
5.076 159.878 811.220 09:33:53
5.076 158.488 803.415 09:33:54
5.076 146.683 807.317 09:33:55
5.076 203.171 1247.805 09:33:56
5.076 145.293 737.073 09:33:57
5.076 159.390 925.366 09:33:58
5.076 162.878 824.878 09:33:59
5.072 185.171 947.805 09:34:00
5.068 212.171 1133.171 09:34:01
5.076 144.878 737.561 09:34:02
5.072 300.366 763.415 09:34:03
5.072 178.488 956.585 09:34:04
5.068 171.293 772.683 09:34:05
5.072 160.293 811.220 09:34:06
5.060 245.878 1230.244 09:34:07
5.076 204.780 843.415 09:34:08
5.076 144.585 737.561 09:34:09
5.076 160.195 812.195 09:34:10
5.064 251.683 815.122 09:34:11
5.068 242.366 2112.195 09:34:12
5.076 176.878 1259.512 09:34:13
5.072 153.683 777.073 09:34:14
5.076 160.073 813.659 09:34:15
5.068 202.390 1065.366 09:34:16
5.056 310.976 1343.415 09:34:17
5.068 156.390 790.244 09:34:18
5.072 164.073 991.220 09:34:19
5.076 158.073 803.415 09:34:20
5.072 158.073 803.415 09:34:21
5.068 240.976 1435.610 09:34:22
5.064 244.585 1215.610 09:34:23
5.068 210.390 1051.220 09:34:24
5.076 145.195 737.073 09:34:25
5.068 242.878 1231.707 09:34:26
5.076 157.195 803.415 09:34:27
5.076 144.585 737.073 09:34:28
5.076 158.585 800.000 09:34:29
5.064 241.488 1035.610 09:34:30
5.072 198.780 747.317 09:34:31
5.072 187.780 1070.732 09:34:32
5.076 146.293 1053.171 09:34:33
5.076 214.390 1060.000 09:34:34
5.076 145.976 739.512 09:34:35
5.064 355.659 1202.927 09:34:36
5.076 144.683 735.122 09:34:37
5.072 213.585 1059.024 09:34:38
5.076 150.098 766.341 09:34:39
5.076 144.585 733.659 09:34:40
5.068 244.878 1234.146 09:34:41
5.072 146.293 740.000 09:34:42
5.056 322.659 1633.659 09:34:43
5.076 163.780 783.902 09:34:44
5.076 144.585 733.659 09:34:45
5.052 395.756 2238.537 09:34:46
5.076 146.195 880.000 09:34:47
5.076 181.390 902.927 09:34:48
5.076 146.976 743.415 09:34:49
5.076 144.488 736.098 09:34:50
5.064 242.878 1266.829 09:34:51
5.076 144.683 738.537 09:34:52
5.076 157.390 803.415 09:34:53
5.064 240.780 1401.951 09:34:54
5.076 149.976 875.122 09:34:55
5.064 192.780 995.610 09:34:56
5.076 148.976 753.659 09:34:57
5.072 157.878 802.439 09:34:58
5.076 159.390 807.805 09:34:59
5.068 236.878 1159.024 09:35:00
5.072 206.488 1306.829 09:35:01
5.076 146.390 743.902 09:35:02
5.068 208.585 1119.024 09:35:03
5.072 174.878 1021.463 09:35:04
5.076 158.073 806.341 09:35:05
5.064 240.488 1267.805 09:35:06
5.076 146.293 743.415 09:35:07
5.072 289.976 1113.171 09:35:08
5.076 173.488 765.854 09:35:09
5.076 145.390 737.561 09:35:10
5.072 206.488 975.122 09:35:11
5.072 222.171 938.537 09:35:12
5.060 222.976 1006.341 09:35:13
5.076 174.293 810.244 09:35:14
5.076 143.976 734.634 09:35:15
5.072 150.293 1087.805 09:35:16
5.068 241.976 1214.634 09:35:17
5.064 243.780 1218.049 09:35:18
5.072 147.293 801.463 09:35:19
5.076 178.293 851.220 09:35:20
5.076 144.878 738.537 09:35:21
5.076 160.073 846.341 09:35:22
5.072 159.390 808.780 09:35:23
5.076 157.683 743.902 09:35:24
5.076 207.073 954.146 09:35:25
5.076 144.976 733.659 09:35:26
5.072 158.195 801.463 09:35:27
5.076 149.780 766.341 09:35:29
5.072 157.390 800.000 09:35:30
5.076 158.488 860.000 09:35:31
5.064 198.878 892.683 09:35:32
5.068 197.683 1005.366 09:35:33
5.076 147.098 965.366 09:35:34
5.076 158.488 797.561 09:35:35
5.072 160.488 905.366 09:35:36
5.076 146.098 743.415 09:35:37
5.072 197.683 966.829 09:35:38
5.072 146.390 734.634 09:35:39
5.072 243.171 1136.585 09:35:40
5.076 162.488 823.902 09:35:41
5.072 206.488 1069.268 09:35:42
5.072 197.976 1007.805 09:35:43
5.072 164.780 1135.610 09:35:44
5.072 156.878 799.024 09:35:45
5.072 173.780 811.220 09:35:46
5.068 245.780 1213.171 09:35:47
5.068 218.585 1205.366 09:35:48
5.072 146.293 741.463 09:35:49
5.076 158.293 802.439 09:35:50
5.072 180.171 952.683 09:35:51
5.064 241.878 1233.171 09:35:52
5.072 147.878 1149.268 09:35:53
5.076 148.780 766.341 09:35:54
5.060 321.659 1287.805 09:35:55
5.068 242.171 1204.390 09:35:56
5.076 145.976 744.878 09:35:57
5.076 158.195 804.878 09:35:58
5.072 159.878 811.220 09:35:59
5.068 210.683 1080.488 09:36:00
5.072 157.390 800.000 09:36:01
5.056 240.780 1285.854 09:36:02
5.068 259.268 1289.268 09:36:03
5.076 146.585 745.854 09:36:04
5.068 170.585 947.805 09:36:05
5.072 220.268 1114.146 09:36:06
5.060 267.073 872.683 09:36:07
5.072 210.390 737.073 09:36:08
5.076 160.878 1338.049 09:36:09
5.076 145.098 755.122 09:36:10
5.076 149.585 756.098 09:36:11
5.068 221.585 776.098 09:36:12
5.076 146.293 745.854 09:36:13
5.072 160.195 818.537 09:36:14
5.072 158.293 807.805 09:36:15
5.076 158.780 803.415 09:36:16
5.076 158.488 804.878 09:36:17
5.076 145.878 745.854 09:36:18
5.068 240.878 966.829 09:36:19
5.076 146.098 746.341 09:36:20
5.068 305.780 817.561 09:36:21
5.076 158.390 803.902 09:36:22
5.068 332.780 1651.220 09:36:23
5.072 159.976 1292.195 09:36:24
5.072 187.488 870.244 09:36:25
5.072 162.390 822.439 09:36:26
5.076 145.878 740.976 09:36:27
5.052 396.366 1593.659 09:36:28
5.068 150.195 763.415 09:36:29
5.076 145.390 733.659 09:36:30
5.064 250.585 1240.488 09:36:31
5.072 144.585 735.122 09:36:32
5.072 159.390 805.854 09:36:33
5.072 147.195 746.341 09:36:34
5.076 144.683 737.561 09:36:35
5.064 160.293 812.195 09:36:36
5.076 146.293 746.341 09:36:37
5.072 184.488 966.829 09:36:38
5.072 146.780 917.561 09:36:39
5.072 198.976 986.341 09:36:40
5.072 221.878 743.902 09:36:41
5.076 144.390 733.659 09:36:42
5.076 159.878 942.439 09:36:43
5.076 144.683 738.537 09:36:44
5.068 169.390 1299.512 09:36:45
5.076 146.585 747.317 09:36:46
5.076 144.878 737.561 09:36:47
5.076 213.976 768.293 09:36:48
5.076 145.195 736.098 09:36:49
5.052 400.171 1987.805 09:36:50
5.072 146.976 743.902 09:36:51
5.072 180.073 912.683 09:36:52
5.064 281.878 1161.951 09:36:53
5.076 145.390 748.293 09:36:54
5.068 303.561 1313.171 09:36:55
5.076 144.488 735.122 09:36:56
5.076 151.976 737.561 09:36:57
5.076 159.780 812.683 09:36:58
5.076 146.683 797.561 09:36:59
5.072 158.683 807.317 09:37:00
5.076 151.390 768.780 09:37:01
5.076 196.780 732.683 09:37:02
5.076 213.878 818.537 09:37:03
5.072 163.073 743.415 09:37:04
5.072 222.683 967.805 09:37:05
5.076 147.098 917.561 09:37:06
5.072 194.780 986.829 09:37:07
5.068 161.488 804.878 09:37:08
5.076 144.878 737.561 09:37:09
5.072 160.293 1259.512 09:37:10
5.072 325.659 737.561 09:37:11
5.048 454.366 1310.732 09:37:12
5.072 208.073 859.024 09:37:13
5.076 149.293 737.561 09:37:14
5.056 320.780 1367.317 09:37:15
5.076 146.488 744.878 09:37:16
5.072 176.488 1007.805 09:37:17
5.076 150.976 767.317 09:37:18
5.076 144.488 736.098 09:37:19
5.076 151.976 768.293 09:37:20
5.076 147.195 749.756 09:37:21
5.052 314.073 1326.829 09:37:23
5.076 144.976 735.122 09:37:24
5.072 189.780 942.927 09:37:25
5.076 159.878 811.220 09:37:26
5.076 145.293 736.098 09:37:27
5.068 160.585 812.683 09:37:28
5.072 154.585 783.415 09:37:29
5.072 191.780 1468.293 09:37:30
5.072 152.293 1082.927 09:37:31
5.076 144.488 733.659 09:37:32
5.068 242.488 1297.073 09:37:33
5.068 190.488 1032.683 09:37:34
5.060 358.463 1862.439 09:37:35
5.072 147.293 743.415 09:37:36
5.076 147.390 747.317 09:37:37
5.072 162.390 1003.902 09:37:38
5.076 146.390 923.902 09:37:39
5.056 219.488 813.659 09:37:40
5.072 147.098 743.415 09:37:41
5.068 202.488 887.317 09:37:42
5.076 149.488 753.659 09:37:43
5.076 145.098 786.341 09:37:44
5.064 320.561 1712.195 09:37:45
5.076 149.976 764.878 09:37:46
5.056 328.878 1658.537 09:37:47
5.068 212.976 797.561 09:37:48
5.076 145.683 739.512 09:37:49
5.068 272.976 1238.049 09:37:50
5.076 183.488 865.366 09:37:51
5.072 201.171 1070.244 09:37:52
5.072 144.488 733.659 09:37:53
5.072 146.293 745.854 09:37:54
5.064 242.171 1234.146 09:37:55
5.076 146.390 748.780 09:37:56
5.064 250.780 1238.049 09:37:57
5.072 189.293 803.902 09:37:58
5.072 160.488 806.341 09:37:59
5.076 147.098 835.122 09:38:00
5.076 147.098 742.439 09:38:01
5.076 160.073 812.683 09:38:02
5.076 160.195 808.780 09:38:03
5.072 194.488 982.927 09:38:04
5.072 202.171 745.854 09:38:05
5.072 159.878 810.244 09:38:06
5.072 159.976 807.317 09:38:07
5.072 162.585 823.902 09:38:08
5.060 324.268 1258.049 09:38:09
5.068 146.488 923.902 09:38:10
5.072 146.293 1031.707 09:38:11
5.076 160.293 818.537 09:38:12
5.072 149.585 758.537 09:38:13
5.060 303.366 1305.366 09:38:14
5.072 143.976 740.000 09:38:15
5.076 150.780 741.463 09:38:16
5.072 161.976 811.220 09:38:17
5.072 150.780 770.244 09:38:18
5.072 159.488 813.659 09:38:19
5.072 144.488 743.902 09:38:20
5.072 185.878 883.902 09:38:21
5.076 148.976 759.512 09:38:22
5.072 157.488 798.537 09:38:23
5.060 296.268 1513.659 09:38:24
5.068 207.780 1367.317 09:38:25
5.068 251.683 1271.707 09:38:26
5.076 146.878 743.415 09:38:27
5.076 158.073 803.415 09:38:28
5.072 159.976 813.659 09:38:29
5.076 145.390 730.732 09:38:30
5.064 245.488 1241.951 09:38:31
5.072 160.073 808.780 09:38:32
5.076 144.976 732.195 09:38:33
5.072 159.780 807.805 09:38:34
5.076 143.878 734.634 09:38:35
5.068 244.780 1303.415 09:38:36
5.068 159.195 882.439 09:38:37
5.076 144.585 734.634 09:38:38
5.076 157.390 798.537 09:38:39
5.076 146.780 741.463 09:38:40
5.072 150.293 766.341 09:38:41
5.072 193.976 920.000 09:38:42
5.076 169.488 812.195 09:38:43
5.068 221.171 1193.171 09:38:44
5.076 146.293 741.463 09:38:45
5.076 149.976 760.976 09:38:46
5.076 159.878 809.756 09:38:47
5.064 325.171 1659.024 09:38:48
5.072 209.390 1221.463 09:38:49
5.076 214.171 772.195 09:38:50
5.076 173.293 807.317 09:38:51
5.076 144.585 735.122 09:38:52
5.072 158.293 849.756 09:38:53
5.072 159.585 807.805 09:38:54
5.072 158.293 803.415 09:38:55
5.068 246.683 1250.244 09:38:56
5.076 150.976 765.854 09:38:57
5.076 157.390 798.537 09:38:58
5.068 259.780 1217.073 09:38:59
5.068 197.488 1003.902 09:39:00
5.064 323.366 1637.561 09:39:01
5.076 144.585 734.634 09:39:02
5.072 146.780 743.415 09:39:03
5.076 160.073 808.780 09:39:04
5.068 216.976 1115.122 09:39:05
5.072 158.585 803.902 09:39:06
5.076 147.098 746.341 09:39:07
5.076 144.683 737.561 09:39:08
5.072 245.171 833.659 09:39:09
5.072 159.073 815.122 09:39:10
5.064 244.171 1591.220 09:39:11
5.068 187.390 743.415 09:39:12
5.072 185.293 993.659 09:39:13
5.072 181.171 926.341 09:39:14
5.076 191.585 961.463 09:39:15
5.072 146.878 738.537 09:39:17
5.076 220.488 863.415 09:39:18
5.076 145.293 737.073 09:39:19
5.076 163.390 869.756 09:39:20
5.076 239.976 997.561 09:39:21
5.076 145.585 732.195 09:39:22
5.076 149.195 758.537 09:39:23
5.072 157.390 800.000 09:39:24
5.072 159.293 803.902 09:39:25
5.072 236.366 1242.927 09:39:26
5.072 189.878 1020.000 09:39:27
5.076 146.780 744.878 09:39:28
5.076 181.293 920.000 09:39:29
5.072 160.073 812.195 09:39:30
5.076 158.390 804.878 09:39:31
5.064 239.366 997.561 09:39:32
5.076 144.780 735.122 09:39:33
5.076 159.878 803.902 09:39:34
5.068 160.390 892.683 09:39:35
5.072 286.878 1210.732 09:39:36
5.064 197.390 1019.024 09:39:37
5.072 182.073 1062.927 09:39:38
5.076 176.878 744.878 09:39:39
5.072 150.976 765.854 09:39:40
5.072 159.195 807.317 09:39:41
5.060 331.268 1674.634 09:39:42
5.072 176.073 956.098 09:39:43
5.068 240.780 2308.293 09:39:44
5.072 146.488 746.341 09:39:45
5.072 159.976 811.220 09:39:46
5.076 158.683 804.878 09:39:47
5.072 223.976 1079.024 09:39:48
5.076 156.195 763.415 09:39:49
5.064 246.488 1255.610 09:39:50
5.068 245.976 1975.610 09:39:51
5.076 145.195 734.634 09:39:52
5.076 158.293 1221.951 09:39:53
5.072 215.390 1072.683 09:39:54
5.076 144.780 738.537 09:39:55
5.076 146.098 742.439 09:39:56
5.076 158.195 802.439 09:39:57
5.072 160.195 814.634 09:39:58
5.068 242.585 1233.171 09:39:59
5.072 210.171 1299.512 09:40:00
5.076 158.390 804.878 09:40:01
5.072 144.683 735.122 09:40:02
5.076 161.073 812.195 09:40:03
5.072 160.878 816.098 09:40:04
5.076 144.585 737.561 09:40:05
5.072 158.585 857.561 09:40:06
5.072 144.683 739.512 09:40:07
5.072 160.195 812.195 09:40:08
5.064 196.171 965.366 09:40:09
5.076 145.878 733.659 09:40:10
5.076 255.976 960.488 09:40:11
5.072 168.073 736.098 09:40:12
5.064 218.171 1160.488 09:40:13
5.072 199.683 882.439 09:40:14
5.076 146.488 1026.341 09:40:15
5.076 150.195 902.439 09:40:16
5.076 144.878 742.439 09:40:17
5.068 320.878 1305.366 09:40:18
5.072 146.293 790.244 09:40:19
5.068 339.976 1590.244 09:40:20
5.076 144.780 739.512 09:40:21
5.080 144.390 732.683 09:40:22
5.072 158.390 800.976 09:40:23
5.076 145.488 758.537 09:40:24
5.072 327.366 1127.805 09:40:25
5.076 201.390 747.317 09:40:26
5.076 144.683 732.683 09:40:27
5.072 158.390 804.878 09:40:28
5.076 144.390 733.659 09:40:29
5.052 415.951 2064.390 09:40:30
5.076 146.390 745.854 09:40:31
5.072 144.683 734.634 09:40:32
5.068 150.683 832.683 09:40:33
5.072 144.390 737.073 09:40:34
5.068 259.073 1249.268 09:40:35
5.076 145.683 745.854 09:40:36
5.072 211.683 1066.829 09:40:37
5.076 146.878 746.341 09:40:38
5.076 145.488 732.683 09:40:39
5.068 257.780 1600.976 09:40:40
5.072 177.976 943.902 09:40:41
5.068 265.780 1439.512 09:40:42
5.076 241.780 1075.122 09:40:43
5.076 144.390 735.122 09:40:44
5.072 160.780 816.585 09:40:45
5.076 158.585 733.659 09:40:46
5.064 292.878 1657.561 09:40:47
5.076 145.683 737.073 09:40:48
5.076 144.390 730.732 09:40:49
5.076 146.195 745.854 09:40:50
5.072 144.390 742.439 09:40:51
5.052 379.268 2011.707 09:40:52
5.076 219.878 743.415 09:40:53
5.076 145.488 737.073 09:40:54
5.076 178.780 907.805 09:40:55
5.076 150.976 764.878 09:40:56
5.076 144.585 737.073 09:40:57
5.068 241.268 1226.829 09:40:58
5.076 145.488 739.512 09:40:59
5.064 205.171 1001.463 09:41:00
5.076 144.585 735.122 09:41:01
5.072 148.878 752.683 09:41:02
5.076 195.585 812.683 09:41:03
5.072 179.878 955.122 09:41:04
5.060 331.073 1642.439 09:41:05
5.072 230.585 1059.024 09:41:06
5.068 471.951 1873.171 09:41:07
5.076 149.878 761.463 09:41:08
5.076 144.878 737.073 09:41:09
5.060 241.488 1305.366 09:41:10
5.076 217.171 748.780 09:41:11
5.076 242.488 1114.146 09:41:12
5.076 149.976 760.976 09:41:14
5.076 155.488 741.463 09:41:15
5.072 219.171 1089.268 09:41:16
5.072 159.390 758.537 09:41:17
5.076 160.390 1370.732 09:41:18
5.076 159.390 808.780 09:41:19
5.068 252.171 1280.976 09:41:20
5.072 220.073 808.780 09:41:21
5.076 146.195 742.439 09:41:22
5.072 157.780 804.878 09:41:23
5.076 147.098 742.439 09:41:24
5.076 157.780 800.976 09:41:25
5.072 216.073 1035.610 09:41:26
5.068 240.488 1254.634 09:41:27
5.072 190.780 1030.244 09:41:28
5.072 215.976 962.927 09:41:29
5.068 205.780 1255.610 09:41:30
5.076 200.585 740.976 09:41:31
5.076 151.683 769.756 09:41:32
5.064 283.268 808.780 09:41:33
5.076 145.098 737.561 09:41:34
5.076 149.683 760.000 09:41:35
5.076 205.488 1063.902 09:41:36
5.064 168.293 811.220 09:41:37
5.076 188.171 764.878 09:41:38
5.072 180.293 987.805 09:41:39
5.064 225.878 1344.878 09:41:40
5.076 144.488 1024.390 09:41:41
5.068 245.366 1244.390 09:41:42
5.076 159.780 811.220 09:41:43
5.076 157.976 800.976 09:41:44
5.064 303.780 1760.488 09:41:45
5.076 147.293 744.878 09:41:46
5.072 270.463 1319.512 09:41:47
5.072 159.780 811.220 09:41:48
5.072 159.780 810.244 09:41:49
5.076 159.976 808.780 09:41:50
5.068 271.976 780.976 09:41:51
5.076 150.878 763.415 09:41:52
5.076 158.976 812.683 09:41:53
5.072 206.976 1048.780 09:41:54
5.076 160.293 811.220 09:41:55
5.072 146.390 745.854 09:41:56
5.072 195.976 860.000 09:41:57
5.076 202.390 740.976 09:41:58
5.076 150.976 765.854 09:41:59
5.060 323.561 2169.268 09:42:00
5.076 195.171 742.439 09:42:01
5.076 157.683 801.463 09:42:02
5.076 158.195 803.415 09:42:03
5.076 159.878 811.220 09:42:04
5.068 161.293 812.683 09:42:05
5.064 197.585 1227.805 09:42:06
5.072 151.195 760.976 09:42:07
5.076 148.683 753.659 09:42:08
5.076 160.195 809.756 09:42:09
5.076 159.195 813.659 09:42:10
5.072 182.488 1113.171 09:42:11
5.068 240.073 1548.780 09:42:12
5.076 147.195 750.244 09:42:13
5.064 247.585 1250.732 09:42:14
5.076 159.390 1111.707 09:42:15
5.072 206.390 1442.439 09:42:16
5.072 274.463 1180.488 09:42:17
5.076 147.098 827.317 09:42:18
5.076 343.878 1242.927 09:42:19
5.072 202.683 811.220 09:42:20
5.076 158.488 807.317 09:42:21
5.064 286.073 1453.171 09:42:22
5.080 145.683 734.634 09:42:23
5.072 149.878 764.878 09:42:24
5.076 159.976 812.683 09:42:25
5.072 179.585 927.805 09:42:26
5.076 183.585 860.000 09:42:27
5.076 159.878 809.756 09:42:28
5.068 249.073 2316.098 09:42:29
5.072 171.293 816.585 09:42:30
5.072 190.171 774.634 09:42:31
5.072 243.073 1230.732 09:42:32
5.072 210.268 1070.732 09:42:33
5.076 159.780 811.220 09:42:34
5.072 162.390 823.902 09:42:35
5.076 159.878 812.195 09:42:36
5.060 468.244 2384.878 09:42:37
5.076 159.390 808.780 09:42:38
5.076 146.488 1022.927 09:42:39
5.072 159.780 978.049 09:42:40
5.076 159.976 886.341 09:42:41
5.076 158.976 804.878 09:42:42
5.068 245.585 1246.829 09:42:43
5.076 144.488 735.122 09:42:44
5.064 254.488 1250.732 09:42:45
5.072 146.293 746.341 09:42:46
5.076 186.171 797.073 09:42:47
5.072 267.878 1234.634 09:42:48
5.076 146.780 782.439 09:42:49
5.076 150.488 779.024 09:42:50
5.072 162.195 825.366 09:42:51
5.068 240.073 1244.390 09:42:52
5.076 147.098 742.439 09:42:53
5.072 158.390 801.463 09:42:54
5.076 248.488 812.683 09:42:55
5.076 158.488 806.341 09:42:56
5.072 257.268 1298.537 09:42:57
5.076 146.293 743.902 09:42:58
5.076 160.073 803.415 09:42:59
5.076 242.268 1270.732 09:43:00
5.072 216.780 1102.927 09:43:01
5.076 146.195 743.902 09:43:02
5.076 145.195 738.537 09:43:03
5.064 245.366 1216.585 09:43:04
5.076 159.780 808.780 09:43:05
5.076 160.195 812.683 09:43:06
5.064 183.293 904.878 09:43:07
5.076 150.976 767.317 09:43:09
5.076 146.976 746.341 09:43:10
5.064 247.268 1234.634 09:43:11
5.072 160.488 809.756 09:43:12
5.076 186.683 1038.049 09:43:13
5.072 162.073 803.902 09:43:14
5.072 160.293 816.585 09:43:15
5.076 161.073 876.098 09:43:16
5.072 158.878 805.854 09:43:17
5.076 149.976 764.878 09:43:18
5.064 199.073 961.463 09:43:19
5.072 159.195 803.415 09:43:20
5.076 151.780 765.854 09:43:21
5.076 160.073 808.780 09:43:22
5.060 246.171 1252.195 09:43:23
5.072 206.171 1260.976 09:43:24
5.072 210.683 1061.951 09:43:25
5.072 144.098 736.098 09:43:26
5.076 161.195 816.585 09:43:27
5.076 158.195 811.220 09:43:28
5.056 331.780 1620.000 09:43:29
5.072 158.683 800.976 09:43:30
5.076 144.293 733.659 09:43:31
5.068 159.976 815.122 09:43:32
5.056 277.976 1155.610 09:43:33
5.076 157.878 798.537 09:43:34
5.072 159.780 812.683 09:43:35
5.076 175.293 926.341 09:43:36
5.076 207.268 766.341 09:43:37
5.076 144.585 734.634 09:43:38
5.060 319.878 1826.829 09:43:39
5.072 268.878 852.683 09:43:40
5.072 198.780 811.220 09:43:41
5.072 222.171 1320.976 09:43:42
5.076 144.585 734.634 09:43:43
5.064 256.780 1241.951 09:43:44
5.068 217.780 1022.439 09:43:45
5.068 149.976 1306.829 09:43:46
5.076 154.780 748.780 09:43:47
5.072 145.098 737.561 09:43:48
5.056 324.268 1640.000 09:43:49
5.076 145.098 739.512 09:43:50
5.076 145.488 740.000 09:43:51
5.072 315.976 1022.439 09:43:52
5.076 210.073 1021.463 09:43:53
5.076 152.390 737.561 09:43:54
5.064 242.268 1227.805 09:43:55
5.080 145.293 735.122 09:43:56
5.076 158.073 805.854 09:43:57
5.076 146.293 743.902 09:43:58
5.076 148.878 754.634 09:43:59
5.076 159.976 812.683 09:44:00
5.076 144.683 740.000 09:44:01
5.076 195.585 981.463 09:44:02
5.076 145.195 738.537 09:44:03
5.064 252.171 1266.829 09:44:04
5.076 144.878 740.976 09:44:05
5.072 154.488 732.195 09:44:06
5.076 151.390 773.659 09:44:07
5.076 147.195 743.415 09:44:08
5.064 268.780 1328.293 09:44:09
5.072 147.098 747.317 09:44:10
5.076 144.683 733.659 09:44:11
5.076 160.585 814.634 09:44:12
5.076 147.878 829.756 09:44:13
5.072 220.585 1177.073 09:44:14
5.076 146.488 745.854 09:44:15
5.076 144.293 732.683 09:44:16
5.076 214.390 1064.390 09:44:17
5.080 144.780 739.512 09:44:18
5.060 468.146 2374.634 09:44:19
5.076 144.683 733.659 09:44:20
5.068 285.780 1057.561 09:44:21
5.072 147.293 742.439 09:44:22
5.076 145.390 739.512 09:44:23
5.076 158.683 804.878 09:44:24
5.080 148.585 734.634 09:44:25
5.076 158.585 812.683 09:44:26
5.076 147.098 1004.878 09:44:27
5.068 187.073 1018.049 09:44:28
5.072 150.098 765.854 09:44:29
5.080 144.878 733.659 09:44:30
5.060 284.878 1414.634 09:44:31
5.068 208.878 742.439 09:44:32
5.068 246.976 1241.951 09:44:33
5.076 146.976 750.244 09:44:34
5.076 145.390 736.098 09:44:35
5.064 247.488 1240.976 09:44:36
5.072 154.390 747.317 09:44:37
5.076 159.488 812.195 09:44:38
5.068 187.390 858.537 09:44:39
5.076 143.976 731.220 09:44:40
5.068 243.683 1073.171 09:44:41
5.076 150.976 762.439 09:44:42
5.064 268.878 1735.122 09:44:43
5.076 145.488 735.122 09:44:44
5.076 144.585 734.634 09:44:45
5.072 212.878 813.659 09:44:46
5.076 150.098 846.341 09:44:47
5.068 193.488 990.244 09:44:48
5.076 188.390 860.000 09:44:49
5.076 158.195 803.415 09:44:50
5.068 261.585 1215.610 09:44:51
5.064 204.878 1344.390 09:44:52
5.076 144.780 733.659 09:44:53
5.072 159.683 812.195 09:44:54
5.060 274.463 1382.439 09:44:55
5.064 325.463 1853.659 09:44:56
5.076 147.098 743.415 09:44:57
5.076 157.683 803.902 09:44:58
5.076 160.293 811.220 09:44:59
5.076 157.780 805.854 09:45:00
5.064 328.976 1319.512 09:45:01
5.072 144.878 739.512 09:45:02
5.076 159.976 810.244 09:45:04
5.076 159.976 813.659 09:45:05
5.060 244.268 1254.146 09:45:06
5.072 211.488 1121.951 09:45:07
5.076 143.878 783.902 09:45:08
5.068 254.585 1252.195 09:45:09
5.076 226.073 1265.366 09:45:10
5.076 241.683 1255.610 09:45:11
5.060 215.171 1625.854 09:45:12
5.076 144.585 737.073 09:45:13
5.072 159.585 804.878 09:45:14
5.076 158.293 800.976 09:45:15
5.076 158.780 810.244 09:45:16
5.076 302.366 906.341 09:45:17
5.076 148.683 751.220 09:45:18
5.072 147.195 739.512 09:45:19
5.072 146.878 827.317 09:45:20
5.076 158.683 805.854 09:45:21
5.072 159.488 811.220 09:45:22
5.076 144.683 737.561 09:45:23
5.072 192.976 1101.951 09:45:24
5.072 146.195 744.878 09:45:25
5.076 244.488 1303.415 09:45:26
5.076 189.585 1075.610 09:45:27
5.072 277.683 1047.805 09:45:28
5.068 182.171 924.878 09:45:29
5.076 201.073 956.585 09:45:30
5.072 241.268 1526.341 09:45:31
5.076 146.293 741.463 09:45:32
5.076 159.585 811.220 09:45:33
5.072 240.780 829.756 09:45:34
5.068 188.976 898.537 09:45:35
5.072 268.268 1135.122 09:45:36
5.076 146.195 800.000 09:45:37
5.072 159.878 815.122 09:45:38
5.076 157.780 996.585 09:45:39
5.076 144.585 735.122 09:45:40
5.052 353.561 1750.244 09:45:41
5.072 145.683 734.634 09:45:42
5.068 260.976 1214.634 09:45:43
5.064 245.073 1231.707 09:45:44
5.076 145.390 733.659 09:45:45
5.072 209.171 1054.146 09:45:46
5.072 234.683 851.220 09:45:47
5.076 242.171 1209.268 09:45:48
5.056 464.854 1708.780 09:45:49
5.072 251.683 1086.829 09:45:50
5.076 147.293 743.415 09:45:51
5.076 157.780 803.902 09:45:52
5.068 191.171 852.683 09:45:53
5.076 146.390 783.902 09:45:54
5.076 159.878 811.220 09:45:55
5.072 145.488 744.878 09:45:56
5.072 160.293 1298.049 09:45:57
5.072 240.268 1223.415 09:45:58
5.076 144.488 733.659 09:45:59
5.072 158.488 805.854 09:46:00
5.072 158.195 800.000 09:46:01
5.064 331.561 1635.122 09:46:02
5.064 230.683 1131.707 09:46:03
5.076 144.585 739.512 09:46:04
5.076 158.683 803.902 09:46:05
5.076 159.976 809.756 09:46:06
5.056 394.561 1862.439 09:46:07
5.068 248.780 969.268 09:46:08
5.076 144.390 732.195 09:46:09
5.072 154.390 743.415 09:46:10
5.076 159.878 808.780 09:46:11
5.064 455.756 2370.732 09:46:12
5.068 219.073 743.415 09:46:13
5.076 145.390 739.512 09:46:14
5.076 150.976 763.902 09:46:15
5.076 158.683 806.341 09:46:16
5.068 246.171 1305.366 09:46:17
5.072 240.488 1240.976 09:46:18
5.076 158.683 803.902 09:46:19
5.076 149.878 757.073 09:46:20
5.076 145.390 836.585 09:46:21
5.076 160.195 806.341 09:46:22
5.072 158.780 876.585 09:46:23
5.072 206.976 1297.073 09:46:24
5.076 147.488 743.415 09:46:25
5.064 240.488 1230.244 09:46:26
5.076 159.073 807.317 09:46:27
5.076 159.195 812.683 09:46:28
5.076 196.780 976.098 09:46:29
5.076 205.171 1070.244 09:46:30
5.076 148.585 758.537 09:46:31
5.072 160.780 1358.049 09:46:32
5.072 159.878 811.220 09:46:33
5.068 244.268 1208.293 09:46:34
5.056 351.268 2059.024 09:46:35
5.072 159.488 808.780 09:46:36
5.076 151.195 768.293 09:46:37
5.076 160.293 812.683 09:46:38
5.080 147.683 750.244 09:46:39
5.076 158.390 799.024 09:46:40
5.064 268.366 1394.634 09:46:41
5.076 144.683 734.634 09:46:42
5.076 148.585 754.634 09:46:43
5.068 160.293 892.683 09:46:44
5.076 158.976 811.220 09:46:45
5.068 278.683 1217.073 09:46:46
5.072 205.976 1045.366 09:46:47
5.076 144.585 915.122 09:46:48
5.076 149.390 757.073 09:46:49
5.076 160.073 807.317 09:46:50
5.064 160.780 951.707 09:46:51
5.076 144.878 737.561 09:46:52
5.072 159.878 812.195 09:46:53
5.064 250.268 1248.293 09:46:54
5.076 145.488 735.122 09:46:55
5.068 323.366 1215.610 09:46:56
5.072 200.780 922.439 09:46:58
5.072 162.390 824.878 09:46:59
5.072 159.976 808.780 09:47:00
5.072 216.488 1099.024 09:47:01
5.076 149.488 757.073 09:47:02
5.076 144.878 734.634 09:47:03
5.064 289.976 1238.049 09:47:04
5.076 149.878 759.512 09:47:05
5.076 158.293 803.902 09:47:06
5.068 267.366 1222.927 09:47:07
5.072 147.390 743.415 09:47:08
5.068 190.390 1056.585 09:47:09
5.076 149.390 758.537 09:47:10
5.076 158.293 803.415 09:47:11
5.076 160.585 816.585 09:47:12
5.068 247.073 1228.293 09:47:13
5.072 192.780 1310.732 09:47:14
5.072 202.488 1176.585 09:47:15
5.076 145.683 740.976 09:47:16
5.080 148.195 757.561 09:47:17
5.072 159.293 820.000 09:47:18
5.076 194.293 1015.122 09:47:19
5.076 144.683 739.512 09:47:20
5.076 158.293 803.902 09:47:21
5.076 160.293 1013.659 09:47:22
5.076 256.073 1278.049 09:47:23
5.064 207.390 1524.878 09:47:24
5.064 159.976 1091.707 09:47:25
5.076 146.390 747.317 09:47:26
5.076 147.195 744.878 09:47:27
5.072 158.585 804.878 09:47:28
5.064 218.683 813.659 09:47:29
5.072 274.073 964.878 09:47:30
5.072 271.683 1046.341 09:47:31
5.076 147.195 737.561 09:47:32
5.076 158.390 804.878 09:47:33
5.072 160.195 814.634 09:47:34
5.064 268.780 1123.902 09:47:35
5.068 283.171 1426.829 09:47:36
5.076 146.293 744.878 09:47:37
5.072 248.268 812.683 09:47:38
5.076 160.293 812.195 09:47:39
5.060 406.073 2356.098 09:47:40
5.076 160.195 855.122 09:47:41
5.072 145.390 735.122 09:47:42
5.072 158.073 804.878 09:47:43
5.076 144.878 735.122 09:47:44
5.076 158.390 804.878 09:47:45
5.076 159.683 804.878 09:47:46
5.068 396.756 1663.902 09:47:47
5.064 248.171 1214.634 09:47:48
5.076 147.293 743.415 09:47:49
5.072 158.683 802.439 09:47:50
5.068 246.488 997.561 09:47:51
5.076 147.878 743.415 09:47:52
5.076 158.976 806.341 09:47:53
5.076 158.293 804.878 09:47:54
5.080 145.293 737.073 09:47:55
5.076 158.390 804.878 09:47:56
5.076 211.585 742.439 09:47:57
5.060 394.073 1601.463 09:47:58
5.072 185.976 985.366 09:47:59
5.072 147.878 746.341 09:48:00
5.068 210.683 1072.683 09:48:01
5.072 208.780 1056.585 09:48:02
5.076 150.585 766.341 09:48:03
5.076 161.390 816.098 09:48:04
5.064 367.268 1922.927 09:48:05
5.076 150.488 826.341 09:48:06
5.072 158.390 804.878 09:48:07
5.076 160.073 812.195 09:48:08
5.076 148.293 757.561 09:48:09
5.068 316.463 1300.976 09:48:10
5.068 179.585 814.634 09:48:11
5.072 159.585 813.659 09:48:12
5.076 147.780 742.439 09:48:13
5.076 145.878 735.122 09:48:14
5.068 253.171 1116.585 09:48:15
5.068 158.780 787.317 09:48:16
5.076 170.293 842.439 09:48:17
5.076 144.390 748.780 09:48:18
5.076 145.390 800.000 09:48:19
5.076 158.195 808.780 09:48:20
5.076 160.293 811.220 09:48:21
