5.064 325.683 1639.268 02:04:08
5.072 156.890 796.341 02:04:09
5.076 144.098 728.780 02:04:10
5.076 147.390 752.195 02:04:11
5.072 143.293 736.098 02:04:12
5.076 144.793 733.415 02:04:13
5.076 145.195 732.927 02:04:14
5.076 143.098 727.317 02:04:15
5.072 143.293 732.439 02:04:16
5.076 143.293 727.317 02:04:18
5.076 156.598 746.098 02:04:19
5.076 142.695 724.390 02:04:20
5.076 143.695 725.610 02:04:21
5.076 144.098 736.585 02:04:22
5.068 170.293 901.951 02:04:23
5.076 143.000 725.610 02:04:24
5.076 143.195 727.805 02:04:25
5.080 119.598 607.317 02:04:26
5.080 143.098 726.585 02:04:27
5.076 146.000 738.780 02:04:28
5.076 143.098 723.415 02:04:29
5.068 219.695 1120.976 02:04:30
5.076 144.695 740.488 02:04:31
5.076 142.390 728.049 02:04:32
5.076 143.195 727.317 02:04:33
5.076 146.195 723.659 02:04:34
5.076 146.793 746.098 02:04:35
5.076 144.500 735.366 02:04:36
5.072 182.793 918.780 02:04:37
5.076 143.195 727.805 02:04:38
5.076 142.500 779.756 02:04:39
5.076 144.598 740.000 02:04:40
5.076 143.098 730.976 02:04:41
5.072 145.695 735.366 02:04:42
5.076 152.500 725.366 02:04:43
5.076 144.098 772.927 02:04:44
5.076 143.195 730.488 02:04:45
5.072 205.988 1032.195 02:04:46
5.076 143.695 729.268 02:04:47
5.076 143.293 726.829 02:04:48
5.076 143.000 727.805 02:04:49
5.076 142.500 723.659 02:04:50
5.076 149.793 762.927 02:04:51
5.072 144.793 735.366 02:04:52
5.076 144.098 730.488 02:04:53
5.076 144.195 730.976 02:04:54
5.076 143.500 734.878 02:04:55
5.076 208.390 1013.902 02:04:56
5.076 143.390 770.976 02:04:57
5.076 144.098 730.976 02:04:58
5.076 143.195 729.268 02:04:59
5.076 143.098 726.829 02:05:00
5.076 144.000 729.268 02:05:01
5.076 143.098 728.049 02:05:02
5.076 147.598 750.000 02:05:03
5.076 146.793 736.829 02:05:04
5.076 143.195 730.488 02:05:05
5.076 245.488 840.000 02:05:06
5.076 143.195 730.000 02:05:07
5.076 146.195 732.439 02:05:08
5.076 145.598 734.390 02:05:09
5.072 175.488 962.195 02:05:10
5.076 143.098 732.439 02:05:11
5.076 143.500 736.585 02:05:12
5.076 168.293 745.366 02:05:13
5.076 143.195 730.000 02:05:14
5.072 203.098 1039.512 02:05:15
5.076 144.500 740.488 02:05:16
5.076 142.890 730.976 02:05:17
5.076 143.098 723.415 02:05:18
5.076 143.098 735.366 02:05:19
5.072 146.793 749.268 02:05:20
5.076 143.390 730.000 02:05:21
5.076 155.598 738.780 02:05:22
5.076 154.598 734.146 02:05:23
5.080 143.000 768.537 02:05:24
5.076 144.000 726.829 02:05:25
5.076 143.890 726.585 02:05:26
5.072 147.793 749.756 02:05:27
5.076 143.098 726.829 02:05:28
5.076 142.390 725.610 02:05:29
5.076 200.488 889.268 02:05:30
5.076 143.195 723.659 02:05:31
5.076 161.293 760.976 02:05:32
5.076 144.195 731.220 02:05:33
5.076 234.098 997.073 02:05:34
5.076 144.695 740.000 02:05:35
5.076 143.500 728.780 02:05:36
5.076 144.793 738.049 02:05:37
5.076 142.890 726.585 02:05:38
5.076 148.598 746.585 02:05:39
5.076 143.890 728.780 02:05:40
5.076 143.598 727.805 02:05:41
5.076 143.195 726.829 02:05:42
5.076 143.793 729.268 02:05:43
5.072 149.098 845.610 02:05:44
5.072 143.098 726.829 02:05:45
5.072 174.598 1006.341 02:05:46
5.076 144.000 729.268 02:05:47
5.076 143.293 728.780 02:05:48
5.076 143.390 732.195 02:05:49
5.076 143.500 727.317 02:05:50
5.068 189.195 1007.317 02:05:51
5.076 145.293 753.171 02:05:52
5.076 143.098 728.537 02:05:53
5.076 147.598 746.098 02:05:54
5.076 144.695 734.390 02:05:55
5.076 143.293 726.585 02:05:56
5.076 143.293 728.537 02:05:57
5.076 143.195 726.829 02:05:58
5.076 148.195 757.317 02:05:59
5.076 143.195 816.829 02:06:00
5.064 204.098 984.146 02:06:01
5.076 146.695 738.780 02:06:02
5.076 143.890 726.829 02:06:03
5.076 145.390 740.000 02:06:04
5.076 142.890 726.829 02:06:05
5.076 150.293 762.439 02:06:06
5.076 143.098 726.829 02:06:07
5.076 144.793 732.927 02:06:08
5.072 146.390 740.488 02:06:09
5.080 143.293 725.610 02:06:10
5.080 173.695 1353.902 02:06:12
5.076 168.793 886.341 02:06:13
5.076 144.098 1014.634 02:06:14
5.076 143.390 726.098 02:06:15
5.080 143.000 726.829 02:06:16
5.076 143.695 730.976 02:06:17
5.076 143.098 731.220 02:06:18
5.076 143.500 723.415 02:06:19
5.076 145.390 740.000 02:06:20
5.076 150.695 766.098 02:06:21
5.076 143.098 736.098 02:06:22
5.076 142.390 725.610 02:06:23
5.076 144.793 725.610 02:06:24
5.076 143.793 730.976 02:06:25
5.076 146.793 746.585 02:06:26
5.076 145.500 736.829 02:06:27
5.076 143.195 727.317 02:06:28
5.076 145.390 735.366 02:06:29
5.076 143.000 728.537 02:06:30
5.076 143.195 727.805 02:06:31
5.072 145.293 734.390 02:06:32
5.072 204.195 1115.610 02:06:33
5.076 145.000 734.878 02:06:34
5.080 143.890 730.488 02:06:35
5.076 144.098 730.976 02:06:36
5.076 144.195 737.805 02:06:37
5.076 148.890 746.585 02:06:38
5.076 142.890 735.610 02:06:39
5.076 143.695 725.610 02:06:40
5.076 145.793 741.707 02:06:41
5.076 143.390 726.829 02:06:42
5.080 145.000 739.756 02:06:43
5.076 159.500 741.707 02:06:44
5.076 186.488 953.902 02:06:45
5.076 144.293 727.805 02:06:46
5.076 143.195 726.829 02:06:47
5.076 145.293 744.146 02:06:48
5.076 143.000 730.000 02:06:49
5.076 150.195 764.390 02:06:50
5.076 154.195 734.390 02:06:51
5.076 143.500 726.585 02:06:52
5.076 147.598 745.610 02:06:53
5.076 146.793 800.000 02:06:54
5.076 143.293 726.829 02:06:55
5.076 142.793 726.829 02:06:56
5.080 143.000 724.878 02:06:57
5.076 142.695 735.366 02:06:58
5.076 143.098 726.585 02:06:59
5.072 206.195 1047.073 02:07:00
5.076 153.598 737.805 02:07:01
5.076 143.500 726.829 02:07:02
5.076 143.195 732.439 02:07:03
5.076 144.098 729.756 02:07:04
5.072 194.793 1180.976 02:07:05
5.080 143.793 1000.244 02:07:06
5.076 143.098 730.488 02:07:07
5.076 144.500 732.927 02:07:08
5.080 143.695 726.585 02:07:09
5.076 149.293 738.537 02:07:10
5.076 324.390 745.366 02:07:11
5.076 149.598 770.976 02:07:12
5.076 144.000 726.829 02:07:13
5.076 143.293 726.829 02:07:14
5.076 144.000 732.439 02:07:15
5.076 143.098 733.415 02:07:16
5.076 147.000 1039.756 02:07:17
5.072 143.500 726.829 02:07:18
5.072 190.793 947.561 02:07:19
5.076 144.098 764.390 02:07:20
5.076 143.793 732.439 02:07:21
5.076 143.098 723.659 02:07:22
5.076 142.500 723.659 02:07:23
5.076 149.890 760.976 02:07:24
5.076 143.793 735.366 02:07:25
5.080 143.695 728.780 02:07:26
5.076 143.793 726.585 02:07:27
5.076 143.293 726.829 02:07:28
5.076 144.598 730.976 02:07:29
5.076 142.890 726.585 02:07:30
5.076 147.793 751.220 02:07:31
5.072 143.000 725.610 02:07:32
5.076 142.500 723.415 02:07:33
5.076 143.098 726.585 02:07:34
5.076 145.098 726.585 02:07:35
5.076 149.098 753.659 02:07:36
5.076 149.890 762.439 02:07:37
5.072 195.098 999.756 02:07:38
5.076 144.890 734.146 02:07:39
5.076 143.695 725.610 02:07:40
5.076 144.098 730.000 02:07:41
5.076 194.390 736.098 02:07:42
5.076 147.695 749.756 02:07:43
5.076 145.293 725.610 02:07:44
5.076 143.390 727.805 02:07:45
5.080 143.793 726.585 02:07:46
5.076 143.390 725.610 02:07:47
5.076 143.098 727.317 02:07:48
5.076 143.890 725.610 02:07:49
5.072 177.793 872.683 02:07:50
5.076 143.098 726.585 02:07:51
5.076 143.000 732.927 02:07:52
5.076 150.500 762.439 02:07:53
5.076 165.890 724.878 02:07:54
5.076 144.098 725.610 02:07:55
5.076 159.500 738.537 02:07:56
5.072 143.098 726.829 02:07:57
5.076 150.793 749.268 02:07:58
5.076 146.000 730.000 02:07:59
5.076 145.390 734.390 02:08:00
5.076 145.195 734.878 02:08:01
5.076 145.293 729.268 02:08:02
5.076 143.000 726.829 02:08:03
5.080 143.695 729.268 02:08:05
5.076 143.000 726.585 02:08:06
5.076 143.695 725.610 02:08:07
5.076 165.793 759.268 02:08:08
5.076 145.293 736.098 02:08:09
5.076 142.890 727.317 02:08:10
5.076 156.695 790.732 02:08:11
5.076 193.390 1007.073 02:08:12
5.076 148.598 753.659 02:08:13
5.076 144.000 734.878 02:08:14
5.076 204.695 1039.756 02:08:15
5.076 144.098 730.976 02:08:16
5.076 144.098 736.585 02:08:17
5.080 144.000 734.878 02:08:18
5.076 143.195 728.537 02:08:19
5.072 196.098 1160.488 02:08:20
5.076 143.098 732.195 02:08:21
5.076 143.195 728.780 02:08:22
5.076 143.098 745.366 02:08:23
5.076 144.098 734.390 02:08:24
5.076 145.695 738.049 02:08:25
5.076 144.000 728.780 02:08:26
5.080 143.000 728.537 02:08:27
5.076 143.000 725.610 02:08:28
5.076 142.890 727.317 02:08:29
5.076 144.695 736.098 02:08:30
5.068 212.488 1069.024 02:08:31
5.072 145.293 734.146 02:08:32
5.076 142.890 725.366 02:08:33
5.076 143.793 727.805 02:08:34
5.076 143.695 727.805 02:08:35
5.072 144.793 833.659 02:08:36
5.076 144.098 732.195 02:08:37
5.072 210.098 887.073 02:08:38
5.072 159.793 907.073 02:08:39
5.076 144.195 734.390 02:08:40
5.072 152.695 730.488 02:08:41
5.076 145.000 768.780 02:08:42
5.076 143.890 726.829 02:08:43
5.080 144.500 730.976 02:08:44
5.076 150.500 761.220 02:08:45
5.072 171.390 736.098 02:08:46
5.076 144.000 731.220 02:08:47
5.076 143.890 734.878 02:08:48
5.072 142.793 727.805 02:08:49
5.072 155.695 794.390 02:08:50
5.072 172.988 969.756 02:08:51
5.076 197.488 859.268 02:08:52
5.072 144.598 734.390 02:08:53
5.076 142.793 730.488 02:08:54
5.076 149.890 759.268 02:08:55
5.076 144.793 740.000 02:08:56
5.076 145.500 741.707 02:08:57
5.076 145.500 734.146 02:08:58
5.076 143.695 724.878 02:08:59
5.072 150.098 757.561 02:09:00
5.076 147.793 748.049 02:09:01
5.076 196.098 963.902 02:09:02
5.076 144.890 724.878 02:09:03
5.076 143.000 726.829 02:09:04
5.076 143.695 729.268 02:09:05
5.076 142.890 726.585 02:09:06
5.076 150.098 759.268 02:09:07
5.076 143.195 730.976 02:09:08
5.076 143.098 730.488 02:09:09
5.076 200.695 738.537 02:09:10
5.076 153.195 734.390 02:09:11
5.076 156.890 797.561 02:09:12
5.080 142.890 726.585 02:09:13
5.072 221.293 1122.439 02:09:14
5.076 147.598 745.366 02:09:15
5.076 144.098 724.390 02:09:16
5.072 156.695 794.878 02:09:17
5.076 144.098 731.220 02:09:18
5.072 218.390 977.805 02:09:19
5.076 144.000 732.195 02:09:20
5.076 143.500 733.659 02:09:21
5.076 144.598 776.341 02:09:22
5.076 142.598 736.829 02:09:23
5.076 143.000 726.585 02:09:24
5.076 143.195 727.317 02:09:25
5.076 157.793 794.878 02:09:26
5.076 143.890 730.488 02:09:27
5.076 143.098 726.829 02:09:28
5.076 158.195 802.927 02:09:29
5.076 143.000 725.610 02:09:30
5.076 150.890 751.220 02:09:31
5.072 145.390 738.049 02:09:32
5.076 143.890 734.390 02:09:33
5.076 147.390 729.268 02:09:34
5.076 142.598 726.585 02:09:35
5.076 158.598 935.854 02:09:36
5.076 143.000 730.000 02:09:37
5.072 203.195 1033.902 02:09:38
5.076 143.195 725.610 02:09:39
5.076 144.098 726.585 02:09:40
5.076 147.598 750.976 02:09:41
5.076 143.195 726.829 02:09:42
5.076 146.793 748.537 02:09:43
5.076 143.500 726.829 02:09:44
5.076 144.000 728.537 02:09:45
5.076 154.500 738.537 02:09:46
5.076 142.793 723.659 02:09:47
5.076 143.890 726.585 02:09:48
5.076 142.500 723.415 02:09:49
5.076 146.890 746.585 02:09:50
5.076 145.000 737.805 02:09:51
5.076 143.390 727.805 02:09:52
5.072 219.598 1081.707 02:09:53
5.076 150.195 737.805 02:09:54
5.076 143.000 724.878 02:09:55
5.072 153.000 726.585 02:09:56
5.076 143.890 775.610 02:09:57
5.068 206.695 1044.146 02:09:58
5.076 142.500 726.829 02:09:59
5.080 144.793 726.585 02:10:01
5.076 143.293 728.780 02:10:02
5.072 144.098 726.829 02:10:03
5.076 143.390 726.585 02:10:04
5.076 143.890 725.366 02:10:05
5.076 150.098 760.488 02:10:06
5.076 144.500 733.415 02:10:07
5.076 143.890 727.805 02:10:08
5.076 143.098 726.585 02:10:09
5.076 142.390 722.927 02:10:10
5.076 148.500 756.829 02:10:11
5.068 217.195 990.976 02:10:12
5.076 195.293 738.780 02:10:13
5.076 145.598 743.659 02:10:14
5.076 144.793 756.829 02:10:15
5.076 144.793 740.488 02:10:16
5.076 143.598 732.195 02:10:17
5.076 152.098 766.585 02:10:18
5.076 143.098 725.610 02:10:19
5.076 143.695 730.488 02:10:20
5.076 143.793 729.268 02:10:21
5.076 143.098 725.610 02:10:22
5.076 145.098 866.829 02:10:23
5.072 178.098 913.902 02:10:24
5.076 233.293 736.585 02:10:25
5.076 143.195 727.317 02:10:26
5.076 143.390 729.268 02:10:27
5.076 145.793 734.146 02:10:28
5.076 144.598 728.780 02:10:29
5.072 195.488 1022.683 02:10:30
5.076 143.098 726.098 02:10:31
5.076 143.098 759.268 02:10:32
5.072 143.000 725.366 02:10:33
5.076 143.098 730.000 02:10:34
5.068 148.890 738.780 02:10:35
5.076 142.890 771.951 02:10:36
5.076 155.890 796.829 02:10:37
5.076 144.598 722.195 02:10:38
5.076 142.500 726.829 02:10:39
5.076 148.000 779.756 02:10:40
5.076 142.390 727.805 02:10:41
5.076 143.195 726.829 02:10:42
5.076 143.000 726.098 02:10:43
5.072 144.695 734.390 02:10:44
5.072 145.500 734.878 02:10:45
5.076 143.195 725.610 02:10:46
5.076 224.988 756.829 02:10:47
5.076 144.098 729.268 02:10:48
5.072 173.293 987.073 02:10:49
5.076 142.793 727.805 02:10:50
5.076 143.195 726.585 02:10:51
5.076 144.000 730.000 02:10:52
5.076 143.000 723.415 02:10:53
5.076 143.000 727.317 02:10:54
5.076 144.195 728.780 02:10:55
5.076 159.500 761.951 02:10:56
5.076 145.793 734.390 02:10:57
5.080 143.195 732.195 02:10:58
5.076 145.890 738.049 02:10:59
5.072 143.098 725.610 02:11:00
5.076 147.598 749.268 02:11:01
5.076 143.195 734.390 02:11:02
5.076 146.390 736.829 02:11:03
5.072 174.098 897.073 02:11:04
5.076 144.000 728.780 02:11:05
5.076 143.390 726.585 02:11:06
5.072 143.695 726.829 02:11:07
5.076 146.390 744.878 02:11:08
5.076 145.195 734.878 02:11:09
5.076 143.293 722.927 02:11:10
5.076 142.890 1292.683 02:11:11
5.080 142.695 723.659 02:11:12
5.072 150.598 758.780 02:11:13
5.076 144.293 735.366 02:11:14
5.076 143.098 727.805 02:11:15
5.076 204.195 734.146 02:11:16
5.072 143.098 725.366 02:11:17
5.076 144.500 734.390 02:11:18
5.076 145.598 739.756 02:11:19
5.068 144.695 1289.268 02:11:20
5.076 143.000 726.585 02:11:21
5.080 143.695 725.366 02:11:22
5.076 144.293 726.829 02:11:23
5.076 143.098 726.829 02:11:24
5.076 150.195 830.488 02:11:25
5.076 212.195 754.146 02:11:26
5.076 143.098 726.585 02:11:27
5.076 144.793 732.927 02:11:28
5.076 146.098 737.805 02:11:29
5.076 147.598 1063.659 02:11:30
5.076 142.390 722.195 02:11:31
5.068 193.793 1317.561 02:11:32
5.076 142.793 728.537 02:11:33
5.076 143.793 729.268 02:11:34
5.076 144.793 738.780 02:11:35
5.076 144.695 730.488 02:11:36
5.072 193.598 1029.512 02:11:37
5.076 176.390 1012.195 02:11:38
5.076 145.500 817.561 02:11:39
5.076 143.000 726.585 02:11:40
5.076 143.000 726.585 02:11:41
5.076 145.390 730.976 02:11:42
5.076 143.098 728.537 02:11:43
5.076 148.890 762.439 02:11:44
5.076 142.890 723.659 02:11:45
5.076 143.098 725.610 02:11:46
5.072 147.000 750.976 02:11:47
5.076 142.890 725.366 02:11:48
5.076 148.598 745.366 02:11:49
5.072 145.390 734.878 02:11:50
5.076 143.598 726.585 02:11:51
5.076 143.500 725.610 02:11:52
5.076 144.695 726.585 02:11:53
5.076 142.793 726.585 02:11:55
5.076 153.890 738.537 02:11:56
5.076 143.695 776.098 02:11:57
5.076 144.000 725.366 02:11:58
5.076 143.000 725.610 02:11:59
5.080 150.695 762.927 02:12:00
5.076 143.890 730.488 02:12:01
5.080 143.000 725.366 02:12:02
5.080 145.293 734.878 02:12:03
5.080 142.890 730.976 02:12:04
5.072 199.195 1279.268 02:12:05
5.072 177.488 939.512 02:12:06
5.076 198.695 738.780 02:12:07
5.076 143.890 725.366 02:12:08
5.072 143.293 726.585 02:12:09
5.076 145.390 727.317 02:12:10
5.072 175.098 887.073 02:12:11
5.076 149.293 757.561 02:12:12
5.076 147.098 743.171 02:12:13
5.072 142.890 730.488 02:12:14
5.076 145.098 728.780 02:12:15
5.076 143.500 724.390 02:12:16
5.076 142.890 726.585 02:12:17
5.076 158.793 952.195 02:12:18
5.076 143.098 724.390 02:12:19
5.076 145.793 745.366 02:12:20
5.080 169.695 726.585 02:12:21
5.068 178.195 977.561 02:12:22
5.076 143.598 725.366 02:12:23
5.076 143.890 722.927 02:12:24
5.076 144.195 738.049 02:12:25
5.080 143.098 725.610 02:12:26
5.076 145.000 736.098 02:12:27
5.076 143.000 751.707 02:12:28
5.072 142.793 865.610 02:12:29
5.072 175.293 933.902 02:12:30
5.076 144.098 734.878 02:12:31
5.076 143.098 725.610 02:12:32
5.080 143.500 730.488 02:12:33
5.076 145.500 1002.683 02:12:34
5.076 145.890 745.610 02:12:35
5.076 147.098 747.317 02:12:36
5.080 143.098 742.927 02:12:37
5.076 144.793 734.146 02:12:38
5.076 142.890 725.610 02:12:39
5.076 143.293 726.585 02:12:40
5.076 144.695 738.780 02:12:41
5.076 142.890 729.268 02:12:42
5.076 143.098 726.829 02:12:43
5.076 143.598 725.366 02:12:44
5.076 205.695 754.146 02:12:45
5.080 143.890 726.829 02:12:46
5.076 193.293 1073.659 02:12:47
5.076 143.293 727.805 02:12:48
5.072 142.390 722.927 02:12:49
5.076 144.293 734.878 02:12:50
5.076 144.793 731.220 02:12:51
5.072 195.988 988.537 02:12:52
5.076 143.098 726.585 02:12:53
5.076 143.695 723.659 02:12:54
5.076 145.293 731.220 02:12:55
5.076 144.695 803.659 02:12:56
5.072 185.890 892.683 02:12:57
5.076 196.793 745.610 02:12:58
5.076 143.293 726.585 02:12:59
5.076 143.098 725.366 02:13:00
5.076 142.890 725.366 02:13:01
5.072 150.000 764.146 02:13:02
5.068 174.195 800.000 02:13:03
5.076 143.098 726.585 02:13:04
5.076 143.890 731.220 02:13:05
5.076 143.195 724.878 02:13:06
5.072 151.793 770.000 02:13:07
5.076 143.695 727.805 02:13:08
5.072 209.793 1040.244 02:13:09
5.076 143.098 726.829 02:13:10
5.060 144.793 736.585 02:13:11
5.076 156.098 792.927 02:13:12
5.076 143.793 728.537 02:13:13
5.080 150.098 756.829 02:13:14
5.076 144.890 729.268 02:13:15
5.076 143.195 757.561 02:13:16
5.076 145.390 734.878 02:13:17
5.076 143.098 725.610 02:13:18
5.076 145.695 735.366 02:13:19
5.076 152.098 732.195 02:13:20
5.072 240.585 897.073 02:13:21
5.080 144.098 745.366 02:13:22
5.076 142.890 725.610 02:13:23
5.076 144.695 738.049 02:13:24
5.076 144.195 735.366 02:13:25
5.076 150.098 758.780 02:13:26
5.072 143.890 729.268 02:13:27
5.076 143.695 724.390 02:13:28
5.076 158.195 751.707 02:13:29
5.076 143.293 728.780 02:13:30
5.076 142.195 1015.854 02:13:31
5.076 143.098 730.976 02:13:32
5.072 206.988 1065.854 02:13:33
5.076 145.000 742.439 02:13:34
5.076 145.695 743.171 02:13:35
5.072 145.000 732.927 02:13:36
5.076 143.793 730.000 02:13:37
5.072 148.000 749.756 02:13:38
5.076 146.098 757.317 02:13:39
5.080 145.293 860.732 02:13:40
5.076 144.598 730.976 02:13:41
5.080 142.793 726.585 02:13:42
5.076 147.695 748.780 02:13:43
5.076 144.793 734.878 02:13:44
5.068 256.195 982.195 02:13:45
5.076 143.195 727.805 02:13:46
5.076 143.098 724.390 02:13:47
5.076 156.390 791.220 02:13:49
5.076 143.598 724.878 02:13:50
5.076 146.793 746.585 02:13:51
5.076 143.000 725.610 02:13:52
5.076 143.695 728.780 02:13:53
5.076 143.195 722.927 02:13:54
5.076 145.000 728.780 02:13:55
5.072 194.890 1175.610 02:13:56
5.080 144.098 737.805 02:13:57
5.076 143.695 728.537 02:13:58
5.076 142.793 729.756 02:13:59
5.076 143.195 725.366 02:14:00
5.076 149.390 756.829 02:14:01
5.076 142.195 725.610 02:14:02
5.072 195.695 989.756 02:14:03
5.072 246.585 1002.195 02:14:04
5.072 143.890 726.585 02:14:05
5.076 144.598 766.829 02:14:06
5.076 142.500 732.195 02:14:07
5.076 146.098 748.049 02:14:08
5.080 143.000 726.585 02:14:09
5.072 203.890 1042.195 02:14:10
5.072 167.793 736.585 02:14:11
5.076 144.000 730.976 02:14:12
5.076 151.293 726.829 02:14:13
5.076 145.598 738.780 02:14:14
5.076 148.000 759.756 02:14:15
5.076 143.390 725.610 02:14:16
5.076 144.000 730.488 02:14:17
5.076 145.695 733.415 02:14:18
5.076 143.695 724.878 02:14:19
5.076 147.695 750.976 02:14:20
5.076 143.598 730.488 02:14:21
5.068 196.390 912.439 02:14:22
5.076 143.293 730.976 02:14:23
5.076 143.390 727.317 02:14:24
5.076 143.890 732.439 02:14:25
5.076 143.098 725.366 02:14:26
5.076 151.695 761.951 02:14:27
5.080 144.500 732.927 02:14:28
5.076 143.195 726.829 02:14:29
5.076 148.000 750.976 02:14:30
5.076 145.390 742.439 02:14:31
5.072 156.598 796.341 02:14:32
5.076 143.890 726.829 02:14:33
5.072 197.988 908.780 02:14:34
5.076 143.390 1021.707 02:14:35
5.076 142.390 723.659 02:14:36
5.080 143.890 730.488 02:14:37
5.076 143.098 726.829 02:14:38
5.076 150.000 758.780 02:14:39
5.076 143.695 742.439 02:14:40
5.076 144.695 730.488 02:14:41
5.076 143.195 728.780 02:14:42
5.076 143.000 725.610 02:14:43
5.076 143.890 727.805 02:14:44
5.076 143.890 730.000 02:14:45
5.076 173.695 874.878 02:14:46
5.076 154.000 743.659 02:14:47
5.076 142.793 726.829 02:14:48
5.076 200.293 737.805 02:14:49
5.076 142.098 726.585 02:14:50
5.076 149.793 770.488 02:14:51
5.072 153.793 732.927 02:14:52
5.076 143.390 725.610 02:14:53
5.076 145.098 738.537 02:14:54
5.076 143.098 730.488 02:14:55
5.076 160.793 776.341 02:14:56
5.076 144.598 728.780 02:14:57
5.076 144.890 734.878 02:14:58
5.076 144.598 1012.683 02:14:59
5.076 144.098 730.976 02:15:00
5.076 144.098 730.000 02:15:01
5.076 143.793 726.585 02:15:02
5.076 142.598 722.927 02:15:03
5.076 142.695 726.098 02:15:04
5.076 146.598 725.610 02:15:05
5.076 144.793 738.780 02:15:06
5.076 143.390 721.707 02:15:07
5.072 210.293 1290.000 02:15:08
5.076 143.793 727.317 02:15:09
5.076 144.390 730.000 02:15:10
5.076 145.390 762.439 02:15:11
5.076 146.293 740.000 02:15:12
5.076 171.988 758.537 02:15:13
5.076 144.098 732.195 02:15:14
5.076 144.793 731.220 02:15:15
5.076 144.695 739.756 02:15:16
5.076 143.890 734.390 02:15:17
5.072 173.598 747.561 02:15:18
5.072 144.000 737.805 02:15:19
5.076 144.500 735.610 02:15:20
5.076 143.098 732.195 02:15:21
5.076 145.000 734.878 02:15:22
5.076 145.293 742.439 02:15:23
5.076 143.695 730.000 02:15:24
5.076 156.293 796.829 02:15:25
5.076 145.195 732.439 02:15:26
5.072 143.293 726.829 02:15:27
5.076 146.195 747.561 02:15:28
5.076 143.890 727.317 02:15:29
5.076 153.293 737.805 02:15:30
5.076 143.293 725.610 02:15:31
5.072 206.598 1049.512 02:15:32
5.076 143.195 728.537 02:15:33
5.076 146.098 740.488 02:15:34
5.076 143.098 724.878 02:15:35
5.080 143.098 722.927 02:15:36
5.072 196.598 1014.146 02:15:37
5.072 174.293 735.366 02:15:38
5.076 142.695 725.366 02:15:39
5.076 143.793 722.195 02:15:40
5.076 143.098 725.610 02:15:41
5.080 145.195 784.390 02:15:43
5.076 143.695 723.659 02:15:44
5.076 150.293 763.171 02:15:45
5.076 143.793 730.976 02:15:46
5.076 143.098 725.610 02:15:47
5.076 142.890 803.171 02:15:48
5.076 142.500 725.610 02:15:49
5.076 171.488 756.585 02:15:50
5.076 143.890 728.537 02:15:51
5.076 144.195 729.268 02:15:52
5.076 158.293 802.927 02:15:53
5.076 145.500 733.415 02:15:54
5.068 223.695 906.341 02:15:55
5.076 144.293 725.610 02:15:56
5.076 143.000 725.610 02:15:57
5.076 156.000 791.220 02:15:58
5.080 151.000 738.049 02:15:59
5.076 146.793 745.610 02:16:00
5.076 144.000 729.268 02:16:01
5.076 142.890 724.878 02:16:02
5.076 144.890 732.195 02:16:03
5.076 143.293 726.585 02:16:04
5.080 147.000 743.659 02:16:05
5.076 145.293 727.805 02:16:06
5.072 171.890 881.220 02:16:07
5.076 144.695 734.146 02:16:08
5.076 144.000 723.415 02:16:09
5.076 143.098 727.317 02:16:10
5.076 319.488 740.000 02:16:11
5.076 147.890 745.610 02:16:12
5.080 145.293 735.366 02:16:13
5.076 144.098 730.488 02:16:14
5.076 144.000 732.195 02:16:15
5.076 143.890 734.878 02:16:16
5.076 145.695 736.585 02:16:17
5.076 152.695 769.756 02:16:18
5.076 144.500 738.537 02:16:19
5.076 143.098 729.268 02:16:20
5.076 143.500 730.488 02:16:21
5.076 145.500 736.829 02:16:22
5.076 144.695 734.878 02:16:23
5.076 167.000 762.927 02:16:24
5.080 142.390 722.927 02:16:25
5.080 144.695 732.927 02:16:26
5.072 144.695 919.024 02:16:27
5.076 143.000 726.829 02:16:28
5.080 144.793 738.049 02:16:29
5.076 143.098 727.317 02:16:30
5.076 144.890 736.098 02:16:31
5.076 144.890 735.366 02:16:32
5.072 195.293 880.244 02:16:33
5.076 143.390 726.829 02:16:34
5.076 143.890 730.000 02:16:35
5.076 144.793 738.537 02:16:36
5.076 143.000 725.610 02:16:37
5.076 151.390 756.585 02:16:38
5.080 143.000 726.585 02:16:39
5.080 143.098 726.829 02:16:40
5.076 146.500 748.780 02:16:41
5.076 143.793 729.268 02:16:42
5.076 146.890 749.268 02:16:43
5.076 143.195 726.829 02:16:44
5.076 178.390 1065.854 02:16:45
5.076 143.000 726.829 02:16:46
5.076 144.890 732.927 02:16:47
5.072 196.598 734.878 02:16:48
5.076 143.195 725.366 02:16:49
5.076 143.890 992.683 02:16:50
5.076 142.390 728.780 02:16:51
5.080 142.500 724.390 02:16:52
5.076 143.098 726.585 02:16:53
5.076 145.500 734.878 02:16:54
5.072 200.488 987.805 02:16:55
5.076 145.293 732.927 02:16:56
5.076 143.098 736.829 02:16:57
5.076 192.390 738.049 02:16:58
5.076 143.000 723.415 02:16:59
5.076 143.098 725.610 02:17:00
5.072 143.195 840.488 02:17:01
5.076 150.098 759.268 02:17:02
5.080 145.293 734.390 02:17:03
5.076 143.390 730.000 02:17:04
5.076 144.890 734.390 02:17:05
5.076 143.000 726.585 02:17:06
5.076 144.598 740.000 02:17:07
5.076 143.793 729.268 02:17:08
5.072 217.293 1098.049 02:17:09
5.080 146.500 802.439 02:17:10
5.080 143.695 731.220 02:17:11
5.076 145.500 742.195 02:17:12
5.076 143.695 725.610 02:17:13
5.080 143.293 725.366 02:17:14
5.076 143.890 727.805 02:17:15
5.076 149.598 759.268 02:17:16
5.076 144.195 731.707 02:17:17
5.076 143.890 730.000 02:17:18
5.080 142.695 739.756 02:17:19
5.080 142.390 732.927 02:17:20
5.076 147.500 747.317 02:17:21
5.076 143.195 728.537 02:17:22
5.072 175.293 885.122 02:17:23
5.076 143.793 735.366 02:17:24
5.076 143.793 725.610 02:17:25
5.076 142.500 724.390 02:17:26
5.076 143.793 730.000 02:17:27
5.072 207.293 1090.976 02:17:28
5.076 144.598 734.878 02:17:29
5.076 143.793 730.488 02:17:30
5.072 159.000 803.171 02:17:31
5.076 144.000 727.317 02:17:32
5.072 146.695 748.780 02:17:33
5.080 143.793 730.488 02:17:34
5.072 206.598 1052.683 02:17:36
5.076 143.195 727.317 02:17:37
5.076 144.390 732.927 02:17:38
5.076 147.890 754.878 02:17:39
5.080 144.098 735.366 02:17:40
5.076 193.890 982.195 02:17:41
5.076 204.488 947.073 02:17:42
5.076 144.098 729.268 02:17:43
5.076 146.098 739.756 02:17:44
5.080 143.793 732.439 02:17:45
5.072 145.293 734.390 02:17:46
5.076 143.000 730.488 02:17:47
5.076 149.695 758.780 02:17:48
5.076 143.293 726.585 02:17:49
5.076 143.695 725.366 02:17:50
5.076 144.098 738.537 02:17:51
5.072 142.890 732.195 02:17:52
5.072 198.488 960.732 02:17:53
5.076 142.598 722.195 02:17:54
5.076 160.598 725.366 02:17:55
5.076 144.000 730.976 02:17:56
5.076 143.098 730.488 02:17:57
5.076 149.500 758.780 02:17:58
5.076 144.000 730.000 02:17:59
5.076 143.098 725.366 02:18:00
5.076 143.695 737.805 02:18:01
5.076 143.890 730.488 02:18:02
5.076 142.890 810.732 02:18:03
5.076 143.195 727.805 02:18:04
5.076 145.598 767.317 02:18:05
5.076 144.695 738.049 02:18:06
5.076 142.890 722.195 02:18:07
5.076 143.293 727.317 02:18:08
5.076 143.695 736.829 02:18:09
5.076 147.598 750.000 02:18:10
5.072 144.598 738.049 02:18:11
5.076 150.293 766.829 02:18:12
5.072 142.890 730.488 02:18:13
5.076 148.890 738.780 02:18:14
5.072 149.500 754.390 02:18:15
5.076 143.098 734.390 02:18:16
5.076 239.085 1073.659 02:18:17
5.076 143.793 727.317 02:18:18
5.080 143.000 735.366 02:18:19
5.076 145.000 736.829 02:18:20
5.076 142.890 733.415 02:18:21
5.072 195.293 1256.829 02:18:22
5.068 188.390 871.951 02:18:23
5.080 143.098 725.610 02:18:24
5.076 143.695 729.268 02:18:25
5.080 143.000 736.098 02:18:26
5.076 145.500 734.878 02:18:27
5.076 145.098 739.268 02:18:28
5.076 149.500 764.146 02:18:29
5.076 143.195 728.537 02:18:30
5.076 143.293 726.829 02:18:31
5.076 145.390 738.537 02:18:32
5.076 151.390 742.195 02:18:33
5.076 144.098 755.610 02:18:34
5.076 143.195 726.585 02:18:35
5.072 145.390 738.537 02:18:36
5.076 143.695 724.878 02:18:37
5.076 145.598 740.488 02:18:38
5.076 194.390 950.976 02:18:39
5.076 146.390 737.805 02:18:40
5.076 146.793 746.585 02:18:41
5.076 144.793 779.756 02:18:42
5.076 142.890 732.195 02:18:43
5.076 143.195 730.976 02:18:44
5.076 143.000 726.585 02:18:45
5.076 149.390 761.951 02:18:46
5.076 142.890 725.366 02:18:47
5.072 213.293 1099.268 02:18:48
5.076 144.098 730.488 02:18:49
5.076 144.000 725.366 02:18:50
5.076 143.195 730.488 02:18:51
5.076 143.195 726.585 02:18:52
5.076 143.195 727.317 02:18:53
5.076 197.195 723.659 02:18:54
5.076 143.000 728.537 02:18:55
5.076 147.500 745.610 02:18:56
5.076 153.598 726.585 02:18:57
5.068 201.098 975.854 02:18:58
5.080 143.000 724.146 02:18:59
5.076 142.195 725.366 02:19:00
5.076 143.098 732.927 02:19:01
5.076 143.000 726.829 02:19:02
5.076 145.695 733.415 02:19:03
5.076 143.695 725.366 02:19:04
5.076 147.695 749.756 02:19:05
5.076 143.793 727.805 02:19:06
5.076 143.293 726.829 02:19:07
5.076 144.195 734.146 02:19:08
5.076 143.098 726.829 02:19:09
5.076 145.293 740.488 02:19:10
5.072 186.293 933.171 02:19:11
5.076 145.195 733.415 02:19:12
5.076 143.098 744.390 02:19:13
5.076 143.390 726.829 02:19:14
5.076 175.195 731.220 02:19:15
5.076 143.890 730.000 02:19:16
5.076 151.000 763.171 02:19:17
5.076 143.195 727.317 02:19:18
5.076 143.000 725.610 02:19:19
5.076 156.793 796.829 02:19:20
5.076 142.890 724.878 02:19:21
5.076 146.098 731.220 02:19:22
5.076 177.293 981.951 02:19:23
5.072 146.890 830.732 02:19:24
5.072 168.098 886.829 02:19:25
5.076 142.890 728.537 02:19:26
5.076 199.390 734.146 02:19:27
5.076 142.890 730.976 02:19:28
5.076 149.098 759.756 02:19:30
5.076 143.890 730.976 02:19:31
5.076 143.890 728.780 02:19:32
5.076 145.598 737.805 02:19:33
5.076 142.793 725.366 02:19:34
5.076 146.195 746.098 02:19:35
5.076 144.098 726.829 02:19:36
5.072 182.390 895.610 02:19:37
5.076 143.695 728.537 02:19:38
5.076 143.098 723.415 02:19:39
5.080 148.098 1012.927 02:19:40
5.076 144.695 735.366 02:19:41
5.076 147.598 749.268 02:19:42
5.076 143.195 726.585 02:19:43
5.076 142.890 722.927 02:19:44
5.076 145.793 742.439 02:19:45
5.080 142.390 777.317 02:19:46
5.076 143.293 725.610 02:19:47
5.076 143.890 729.268 02:19:48
5.076 148.890 757.561 02:19:49
5.076 156.098 789.756 02:19:50
5.080 146.500 745.366 02:19:51
5.076 143.695 730.976 02:19:52
5.076 144.500 732.195 02:19:53
5.056 217.695 1106.585 02:19:54
5.080 145.598 732.439 02:19:55
5.072 145.500 725.610 02:19:56
5.076 142.793 732.439 02:19:57
5.076 143.000 726.829 02:19:58
5.076 147.598 751.220 02:19:59
5.076 143.195 727.805 02:20:00
5.076 177.695 901.220 02:20:01
5.076 144.098 732.195 02:20:02
5.080 142.890 726.585 02:20:03
5.076 144.695 736.829 02:20:04
5.076 143.793 726.585 02:20:05
5.076 144.098 730.488 02:20:06
5.076 143.000 726.585 02:20:07
5.076 195.793 983.415 02:20:08
5.076 143.098 728.780 02:20:09
5.076 143.000 726.585 02:20:10
5.076 144.890 734.146 02:20:11
5.072 144.000 729.268 02:20:12
5.072 206.793 1058.537 02:20:13
5.076 143.293 734.878 02:20:14
5.076 144.293 730.000 02:20:15
5.076 144.195 735.610 02:20:16
5.076 144.598 722.195 02:20:17
5.072 218.988 804.878 02:20:18
5.076 169.293 1088.537 02:20:19
5.072 144.793 891.951 02:20:20
5.076 143.890 731.220 02:20:21
5.076 144.000 732.195 02:20:22
5.076 144.695 735.366 02:20:23
5.076 142.598 722.927 02:20:24
5.076 145.293 730.976 02:20:25
5.076 172.988 894.390 02:20:26
5.076 150.195 758.537 02:20:27
5.076 175.098 759.756 02:20:28
5.076 143.793 734.146 02:20:29
5.076 143.000 726.829 02:20:30
5.076 142.390 722.927 02:20:31
5.076 143.500 731.220 02:20:32
5.076 157.098 734.878 02:20:33
5.076 171.890 989.512 02:20:34
5.072 145.500 733.415 02:20:35
5.076 143.195 727.317 02:20:36
5.076 144.000 728.780 02:20:37
5.076 142.390 723.659 02:20:38
5.076 149.000 761.220 02:20:39
5.076 145.390 1018.293 02:20:40
5.076 143.098 730.000 02:20:41
5.072 142.793 730.976 02:20:42
5.076 143.890 726.585 02:20:43
5.076 148.598 843.659 02:20:44
5.076 142.890 723.659 02:20:45
5.068 217.488 1111.707 02:20:46
5.076 143.098 726.829 02:20:47
5.076 145.598 728.780 02:20:48
5.076 146.500 734.146 02:20:49
5.076 143.695 726.585 02:20:50
5.072 157.598 754.878 02:20:51
5.076 144.695 738.537 02:20:52
5.072 144.098 733.659 02:20:53
5.076 147.195 746.098 02:20:54
5.076 143.793 730.976 02:20:55
5.072 170.598 898.780 02:20:56
5.076 144.000 734.878 02:20:57
5.076 142.500 726.829 02:20:58
5.076 143.098 727.317 02:20:59
5.076 158.293 742.195 02:21:00
5.072 150.390 759.756 02:21:01
5.076 142.500 726.829 02:21:02
5.076 143.695 734.878 02:21:03
5.076 142.890 726.585 02:21:04
5.076 142.890 727.805 02:21:05
5.076 198.195 730.976 02:21:06
5.072 144.098 728.780 02:21:07
5.076 148.598 757.561 02:21:08
5.076 143.000 726.829 02:21:09
5.072 177.890 923.902 02:21:10
5.076 145.695 742.195 02:21:11
5.080 143.793 728.537 02:21:12
5.076 147.390 756.098 02:21:13
5.076 146.500 730.976 02:21:14
5.076 145.598 738.537 02:21:15
5.076 144.098 1049.024 02:21:16
5.076 142.500 734.878 02:21:17
5.076 143.000 732.439 02:21:18
5.076 143.000 725.366 02:21:19
5.076 149.293 759.268 02:21:20
5.076 143.098 726.585 02:21:21
5.076 143.098 725.610 02:21:23
5.072 145.890 742.195 02:21:24
5.076 142.500 724.878 02:21:25
5.076 145.098 740.000 02:21:26
5.076 143.000 726.098 02:21:27
5.076 142.390 723.659 02:21:28
5.076 145.598 760.976 02:21:29
5.076 183.598 1333.415 02:21:30
5.072 145.195 738.049 02:21:31
5.076 142.890 726.585 02:21:32
5.076 142.598 723.415 02:21:33
5.076 143.390 730.000 02:21:34
5.076 150.000 763.171 02:21:35
5.072 145.195 738.537 02:21:36
5.076 142.293 727.317 02:21:37
5.076 144.098 726.585 02:21:38
5.076 143.098 725.366 02:21:39
5.076 148.390 750.000 02:21:40
5.076 144.195 727.317 02:21:41
5.072 194.988 977.805 02:21:42
5.076 143.500 725.366 02:21:43
5.076 143.793 723.659 02:21:44
5.076 143.000 728.537 02:21:45
5.076 143.195 729.268 02:21:46
5.076 147.000 748.780 02:21:47
5.076 142.890 725.610 02:21:48
5.076 143.195 725.366 02:21:49
5.076 193.488 738.049 02:21:50
5.076 143.195 734.878 02:21:51
5.072 256.793 996.585 02:21:52
5.076 144.695 737.805 02:21:53
5.076 150.695 731.220 02:21:54
5.076 146.793 1119.756 02:21:55
5.076 143.293 730.488 02:21:56
5.068 193.793 984.634 02:21:57
5.076 143.195 730.488 02:21:58
5.076 143.098 726.585 02:21:59
5.076 166.390 863.171 02:22:00
5.076 143.695 728.780 02:22:01
5.076 143.390 729.268 02:22:02
5.076 149.598 763.171 02:22:03
5.076 143.195 727.317 02:22:04
5.076 143.195 732.439 02:22:05
5.072 144.890 730.488 02:22:06
5.076 144.500 732.195 02:22:07
5.076 145.098 740.000 02:22:08
5.072 182.488 912.439 02:22:09
5.072 252.890 734.146 02:22:10
5.076 145.500 791.220 02:22:11
5.080 143.890 729.268 02:22:12
5.076 145.195 807.561 02:22:13
5.076 144.098 734.146 02:22:14
5.072 230.598 778.537 02:22:15
5.076 169.598 804.390 02:22:16
5.076 143.195 728.780 02:22:17
5.076 145.598 734.390 02:22:18
5.076 142.695 726.585 02:22:19
5.076 192.988 759.756 02:22:20
5.076 144.695 745.610 02:22:21
5.076 143.890 728.537 02:22:22
5.072 164.195 874.878 02:22:23
5.072 144.000 730.488 02:22:24
5.068 205.098 1042.195 02:22:25
5.076 144.000 729.756 02:22:26
5.076 143.195 730.488 02:22:27
5.076 143.195 726.829 02:22:28
5.080 143.000 730.000 02:22:29
5.068 210.598 1184.878 02:22:30
5.076 143.500 726.585 02:22:31
5.076 143.098 743.171 02:22:32
5.076 143.195 752.927 02:22:33
5.076 143.293 726.585 02:22:34
5.076 147.793 748.049 02:22:35
5.076 143.890 730.000 02:22:36
5.072 225.488 1090.976 02:22:37
5.076 144.195 722.927 02:22:38
5.076 143.000 725.610 02:22:39
5.080 143.695 730.000 02:22:40
5.076 142.390 723.415 02:22:41
5.076 144.098 734.878 02:22:42
5.076 143.000 726.585 02:22:43
5.076 143.098 725.610 02:22:44
5.076 142.695 727.317 02:22:45
5.076 145.390 735.366 02:22:46
5.076 143.390 724.878 02:22:47
5.076 142.890 725.366 02:22:48
5.076 144.000 734.390 02:22:49
5.076 143.000 725.366 02:22:50
5.064 216.988 1115.610 02:22:51
5.076 144.598 734.390 02:22:52
5.076 143.195 748.049 02:22:53
5.064 199.098 980.976 02:22:54
5.080 144.695 732.927 02:22:55
5.076 143.695 731.220 02:22:56
5.076 144.598 736.829 02:22:57
5.076 143.890 728.780 02:22:58
5.076 144.793 730.488 02:22:59
5.076 142.293 722.927 02:23:00
5.072 211.793 1264.390 02:23:01
5.076 145.598 736.829 02:23:02
5.076 143.598 725.610 02:23:03
5.076 143.390 725.366 02:23:04
5.076 142.793 726.829 02:23:05
5.072 205.488 991.463 02:23:06
5.080 143.793 1067.073 02:23:07
5.076 142.293 725.610 02:23:08
5.076 142.890 731.220 02:23:09
5.076 144.000 730.488 02:23:10
5.080 145.098 741.220 02:23:11
5.076 143.195 726.829 02:23:12
5.076 203.598 888.049 02:23:13
5.076 143.293 726.585 02:23:14
5.080 144.793 730.976 02:23:16
5.076 145.695 731.220 02:23:17
5.076 142.793 724.390 02:23:18
5.076 145.890 734.878 02:23:19
5.076 143.500 726.829 02:23:20
5.076 150.195 767.561 02:23:21
5.076 143.793 725.366 02:23:22
5.076 143.098 727.317 02:23:23
5.076 144.695 738.537 02:23:24
5.076 143.098 725.366 02:23:25
5.076 146.000 734.390 02:23:26
5.076 147.000 738.780 02:23:27
5.072 283.085 947.561 02:23:28
5.076 143.890 726.098 02:23:29
5.076 143.000 730.488 02:23:30
5.076 145.000 736.829 02:23:31
5.076 143.195 723.415 02:23:32
5.076 147.195 745.366 02:23:33
5.076 146.195 742.439 02:23:34
5.076 142.390 725.610 02:23:35
5.080 143.195 727.317 02:23:36
5.076 143.500 726.585 02:23:37
5.076 149.098 749.268 02:23:38
5.076 143.500 730.488 02:23:39
5.072 195.390 1221.220 02:23:40
5.076 143.793 734.390 02:23:41
5.076 143.000 730.488 02:23:42
5.076 143.890 734.390 02:23:43
5.080 143.793 726.829 02:23:44
5.076 142.500 725.366 02:23:45
5.072 143.195 726.829 02:23:46
5.076 156.598 794.390 02:23:47
5.072 143.390 730.000 02:23:48
5.076 143.793 726.585 02:23:49
5.076 145.598 731.220 02:23:50
5.080 142.390 723.415 02:23:51
5.076 144.793 734.878 02:23:52
5.076 142.695 726.585 02:23:53
5.076 143.000 726.829 02:23:54
5.076 143.098 730.000 02:23:55
5.076 145.293 732.195 02:23:56
5.076 144.695 737.317 02:23:57
5.076 144.598 740.000 02:23:58
5.076 143.000 725.610 02:23:59
5.080 143.000 726.829 02:24:00
5.072 144.098 728.049 02:24:01
5.072 207.793 1047.805 02:24:02
5.076 143.098 728.537 02:24:03
5.080 143.293 726.829 02:24:04
5.076 143.000 726.585 02:24:05
5.076 143.293 725.366 02:24:06
5.072 196.195 995.366 02:24:07
5.076 142.890 726.585 02:24:08
5.076 143.098 726.585 02:24:09
5.076 142.500 726.829 02:24:10
5.076 144.000 731.220 02:24:11
5.072 202.488 795.122 02:24:12
5.080 145.390 734.390 02:24:13
5.068 153.098 833.659 02:24:14
5.076 142.598 725.610 02:24:15
5.076 143.098 725.610 02:24:16
5.076 143.390 727.317 02:24:17
5.076 143.390 726.829 02:24:18
5.068 364.488 1859.024 02:24:19
5.076 145.793 734.878 02:24:20
5.076 143.890 726.829 02:24:21
5.076 144.000 726.829 02:24:22
5.076 144.000 736.585 02:24:23
5.072 176.098 970.976 02:24:24
5.072 169.195 861.463 02:24:25
5.080 192.390 1348.780 02:24:26
5.072 143.293 728.537 02:24:27
5.076 144.793 731.220 02:24:28
5.076 159.293 1019.756 02:24:29
5.076 142.500 726.585 02:24:30
5.076 149.695 759.756 02:24:31
5.076 143.000 766.098 02:24:32
5.076 143.598 727.317 02:24:33
5.076 145.500 734.146 02:24:34
5.076 147.000 735.610 02:24:35
5.076 146.890 768.537 02:24:36
5.076 142.695 727.805 02:24:37
5.072 194.695 977.073 02:24:38
5.076 151.293 732.439 02:24:39
5.072 143.500 726.585 02:24:40
5.076 143.195 736.585 02:24:41
5.076 142.500 729.268 02:24:42
5.076 149.793 761.220 02:24:43
5.076 175.390 887.073 02:24:44
5.076 142.500 726.585 02:24:45
5.076 143.195 726.829 02:24:46
5.076 150.500 723.415 02:24:47
5.076 147.293 742.439 02:24:48
5.076 142.793 726.585 02:24:49
5.072 211.598 1173.659 02:24:50
5.076 144.695 738.049 02:24:51
5.076 143.195 726.585 02:24:52
5.076 197.293 1059.268 02:24:53
5.076 143.098 727.317 02:24:54
5.076 144.793 729.268 02:24:55
5.076 144.695 732.195 02:24:56
5.076 143.195 722.195 02:24:57
5.076 192.488 1064.878 02:24:58
5.072 206.695 1249.512 02:24:59
5.076 143.098 726.829 02:25:00
5.080 143.098 726.829 02:25:01
5.076 143.000 726.829 02:25:02
5.076 144.695 734.878 02:25:03
5.076 142.598 726.585 02:25:04
5.076 150.293 878.049 02:25:05
5.076 143.695 726.585 02:25:06
5.076 143.000 725.610 02:25:07
5.072 145.000 734.878 02:25:08
5.076 143.000 726.585 02:25:10
5.076 143.293 727.317 02:25:11
5.076 145.390 731.220 02:25:12
5.076 156.598 806.098 02:25:13
5.076 144.890 1060.244 02:25:14
5.076 145.390 726.585 02:25:15
5.076 150.098 790.000 02:25:16
5.076 143.195 731.220 02:25:17
5.072 213.890 1109.268 02:25:18
5.076 144.098 730.488 02:25:19
5.076 143.000 737.317 02:25:20
5.076 156.598 794.878 02:25:21
5.076 143.098 725.610 02:25:22
5.076 143.890 730.976 02:25:23
5.076 142.890 730.000 02:25:24
5.068 145.390 734.390 02:25:25
5.076 152.598 732.927 02:25:26
5.076 194.488 738.537 02:25:27
5.076 145.390 734.390 02:25:28
5.080 143.098 723.659 02:25:29
5.076 143.195 730.488 02:25:30
5.076 143.000 726.585 02:25:31
5.072 222.195 1115.366 02:25:32
5.076 145.500 732.927 02:25:33
5.080 143.390 730.976 02:25:34
5.076 145.293 734.390 02:25:35
5.076 143.000 727.317 02:25:36
5.076 327.683 1040.244 02:25:37
5.076 142.890 725.366 02:25:38
5.072 143.390 724.390 02:25:39
5.076 145.793 734.878 02:25:40
5.076 143.195 725.366 02:25:41
5.076 158.195 800.732 02:25:42
5.076 144.695 733.415 02:25:43
5.072 194.195 982.195 02:25:44
5.076 143.598 728.537 02:25:45
5.076 144.000 725.366 02:25:46
5.076 142.500 725.610 02:25:47
5.080 143.890 729.268 02:25:48
5.076 150.598 763.171 02:25:49
5.076 146.695 745.366 02:25:50
5.080 142.695 726.585 02:25:51
5.076 142.695 723.659 02:25:52
5.080 143.195 726.585 02:25:53
5.080 143.695 728.780 02:25:54
5.076 144.598 734.878 02:25:55
5.076 143.598 730.488 02:25:56
5.080 149.793 759.268 02:25:57
5.076 144.098 724.878 02:25:58
5.072 219.098 1180.488 02:25:59
5.076 145.293 734.390 02:26:00
5.076 143.793 729.268 02:26:01
5.076 143.098 726.585 02:26:02
5.076 143.195 725.610 02:26:03
5.072 156.793 790.732 02:26:04
5.076 142.500 725.366 02:26:05
5.076 143.195 725.366 02:26:06
5.076 143.098 730.000 02:26:07
5.080 143.500 761.220 02:26:08
5.076 150.890 817.317 02:26:09
5.076 145.195 737.805 02:26:10
5.060 149.390 757.317 02:26:11
5.076 144.000 768.049 02:26:12
5.076 143.793 728.780 02:26:13
5.076 144.598 745.366 02:26:14
5.076 145.695 743.171 02:26:15
5.068 217.695 1279.512 02:26:16
5.076 144.793 735.366 02:26:17
5.080 143.098 730.488 02:26:18
5.076 143.098 726.829 02:26:19
5.076 143.390 727.317 02:26:20
5.076 145.890 736.098 02:26:21
5.076 144.695 739.756 02:26:22
5.076 182.488 894.634 02:26:23
5.076 143.390 732.439 02:26:24
5.076 143.000 725.610 02:26:25
5.076 155.598 794.146 02:26:26
5.076 143.695 725.366 02:26:27
5.076 150.195 757.561 02:26:28
5.076 143.098 722.927 02:26:29
5.076 142.890 721.707 02:26:30
5.076 161.793 726.829 02:26:31
5.076 144.293 728.537 02:26:32
5.076 143.098 1039.512 02:26:33
5.072 142.390 725.610 02:26:34
5.076 142.195 721.220 02:26:35
5.076 142.793 729.268 02:26:36
5.068 216.695 1126.585 02:26:37
5.072 143.598 730.000 02:26:38
5.076 142.890 730.000 02:26:39
5.076 144.098 729.268 02:26:40
5.076 143.890 728.537 02:26:41
5.080 150.195 758.780 02:26:42
5.072 145.390 734.878 02:26:43
5.076 143.098 730.488 02:26:44
5.076 143.793 727.805 02:26:45
5.076 143.195 730.000 02:26:46
5.076 152.598 747.317 02:26:47
5.076 142.098 725.366 02:26:48
5.076 184.890 983.902 02:26:49
5.076 144.695 734.146 02:26:50
5.076 142.695 728.537 02:26:51
5.072 204.390 995.366 02:26:52
5.076 143.695 725.366 02:26:53
5.076 143.695 728.780 02:26:54
5.076 144.890 738.537 02:26:55
5.080 172.793 970.976 02:26:56
5.068 197.098 978.780 02:26:57
5.076 145.098 738.049 02:26:58
5.076 143.000 726.585 02:26:59
5.072 198.598 736.829 02:27:00
5.076 143.098 734.146 02:27:01
5.072 204.890 1037.073 02:27:02
5.076 144.598 738.537 02:27:04
5.076 143.598 725.610 02:27:05
5.076 157.890 803.659 02:27:06
5.076 143.195 727.317 02:27:07
5.076 146.890 744.146 02:27:08
5.076 144.598 736.098 02:27:09
5.076 143.000 726.585 02:27:10
5.080 145.195 731.220 02:27:11
5.076 143.098 727.317 02:27:12
5.076 147.390 754.390 02:27:13
5.080 144.695 998.293 02:27:14
5.080 144.000 725.610 02:27:15
5.076 143.390 732.439 02:27:16
5.080 152.000 743.171 02:27:17
5.076 146.890 801.707 02:27:18
5.076 143.695 728.780 02:27:19
5.076 142.195 727.805 02:27:20
5.076 159.293 727.317 02:27:21
5.072 143.195 725.610 02:27:22
5.072 205.293 1148.049 02:27:23
5.076 144.598 734.878 02:27:24
5.076 143.293 725.610 02:27:25
5.076 143.098 727.805 02:27:26
5.076 143.000 732.439 02:27:27
5.076 144.293 733.415 02:27:28
5.072 181.988 1099.024 02:27:29
5.068 173.598 733.415 02:27:30
5.076 199.695 738.537 02:27:31
5.080 143.098 726.585 02:27:32
5.076 143.390 730.976 02:27:33
5.076 143.500 726.585 02:27:34
5.076 178.293 1223.171 02:27:35
5.076 144.695 734.146 02:27:36
5.076 143.000 726.585 02:27:37
5.076 158.000 802.439 02:27:38
5.076 145.195 745.366 02:27:39
5.076 150.195 762.927 02:27:40
5.076 143.695 722.927 02:27:41
5.076 143.000 725.366 02:27:42
5.076 156.500 794.390 02:27:43
5.076 156.598 787.317 02:27:44
5.076 264.195 1064.146 02:27:45
5.072 143.098 727.317 02:27:46
5.076 143.098 790.732 02:27:47
5.076 142.390 725.610 02:27:48
5.076 143.793 728.780 02:27:49
5.076 144.890 738.537 02:27:50
5.076 146.390 743.171 02:27:51
5.076 144.000 726.585 02:27:52
5.076 144.793 730.488 02:27:53
5.076 145.293 817.561 02:27:54
5.076 144.695 730.000 02:27:55
5.076 145.390 740.000 02:27:56
5.076 142.793 725.610 02:27:57
5.072 143.890 724.878 02:27:58
5.076 144.098 730.976 02:27:59
5.076 191.695 870.244 02:28:00
5.076 185.988 731.220 02:28:01
5.076 142.390 723.415 02:28:02
5.076 144.793 738.780 02:28:03
5.080 143.000 722.927 02:28:04
5.076 156.890 791.220 02:28:05
5.076 143.000 730.488 02:28:06
5.076 142.890 726.585 02:28:07
5.080 156.500 794.878 02:28:08
5.076 143.098 729.268 02:28:09
5.072 173.598 1263.171 02:28:10
5.072 187.098 915.122 02:28:11
5.076 244.585 738.537 02:28:12
5.076 144.695 736.098 02:28:13
5.076 144.695 731.220 02:28:14
5.076 143.195 725.610 02:28:15
5.076 144.098 731.220 02:28:16
5.076 149.390 761.220 02:28:17
5.076 143.890 726.585 02:28:18
5.076 143.000 728.780 02:28:19
5.076 143.793 731.707 02:28:20
5.076 142.890 725.610 02:28:21
5.076 157.695 802.927 02:28:22
5.076 144.390 730.976 02:28:23
5.076 145.500 783.171 02:28:24
5.076 143.793 731.220 02:28:25
5.076 142.195 722.927 02:28:26
5.076 160.695 794.878 02:28:27
5.076 142.890 725.610 02:28:28
5.072 149.098 756.829 02:28:29
5.076 207.390 740.488 02:28:30
5.080 142.695 723.659 02:28:31
5.076 143.098 728.780 02:28:32
5.076 143.098 725.366 02:28:33
5.076 146.890 748.780 02:28:34
5.076 143.195 729.268 02:28:35
5.072 194.488 981.951 02:28:36
5.076 143.098 729.268 02:28:37
5.076 143.195 724.878 02:28:38
5.076 143.890 730.488 02:28:39
5.076 143.098 725.610 02:28:40
5.076 149.000 758.780 02:28:41
5.076 143.793 730.000 02:28:42
5.076 145.098 726.585 02:28:43
5.076 145.390 744.146 02:28:44
5.076 143.000 725.610 02:28:45
5.076 158.390 804.146 02:28:46
5.076 146.500 742.439 02:28:47
5.072 205.195 1039.512 02:28:48
5.076 143.098 725.610 02:28:49
5.076 143.793 730.000 02:28:50
5.076 150.000 744.390 02:28:51
5.076 146.390 738.780 02:28:52
5.076 143.390 724.146 02:28:53
5.076 158.293 800.000 02:28:54
5.076 142.890 725.610 02:28:55
5.076 160.195 805.610 02:28:56
5.080 146.500 743.659 02:28:58
5.076 143.098 725.610 02:28:59
5.076 144.293 730.488 02:29:00
5.080 143.390 728.049 02:29:01
5.076 146.890 743.659 02:29:02
5.076 142.890 730.976 02:29:03
5.076 144.598 732.927 02:29:04
5.076 145.500 1015.366 02:29:05
5.076 142.890 726.585 02:29:06
5.076 143.390 726.585 02:29:07
5.076 142.598 727.805 02:29:08
5.076 149.598 757.317 02:29:09
5.076 144.890 728.537 02:29:10
5.076 142.793 732.927 02:29:11
5.076 158.695 989.512 02:29:12
5.076 142.695 726.585 02:29:13
5.076 143.793 757.561 02:29:14
5.080 144.195 732.439 02:29:15
5.076 143.793 724.878 02:29:16
5.076 143.500 725.366 02:29:17
5.076 142.890 726.585 02:29:18
5.076 143.500 725.366 02:29:19
5.076 142.695 730.488 02:29:20
5.072 174.793 973.902 02:29:21
5.076 144.793 725.610 02:29:22
5.076 145.293 734.146 02:29:23
5.076 143.195 728.049 02:29:24
5.076 143.695 734.146 02:29:25
5.072 149.195 762.439 02:29:26
5.076 203.390 738.780 02:29:27
5.080 143.000 726.585 02:29:28
5.076 144.598 735.366 02:29:29
5.080 143.098 727.805 02:29:30
5.076 182.488 727.805 02:29:31
5.072 145.793 738.049 02:29:32
5.072 224.793 970.976 02:29:33
5.076 144.695 738.537 02:29:34
5.080 144.098 726.585 02:29:35
5.076 155.890 800.488 02:29:36
5.076 143.695 724.878 02:29:37
5.072 149.098 760.488 02:29:38
5.080 144.793 730.000 02:29:39
5.076 143.695 730.488 02:29:40
5.076 155.000 725.610 02:29:41
5.076 143.695 758.537 02:29:42
5.076 146.793 745.610 02:29:43
5.076 144.098 728.780 02:29:44
5.076 144.695 800.488 02:29:45
5.076 144.695 738.049 02:29:46
5.076 143.195 727.317 02:29:47
5.076 144.793 739.756 02:29:48
5.076 143.293 726.829 02:29:49
5.072 149.598 758.780 02:29:50
5.072 178.488 955.366 02:29:51
5.076 148.500 737.317 02:29:52
5.076 145.390 734.878 02:29:53
5.076 143.598 726.829 02:29:54
5.076 144.500 735.366 02:29:55
5.076 143.000 727.317 02:29:56
5.076 149.598 764.390 02:29:57
5.076 142.293 723.415 02:29:58
5.076 143.890 980.976 02:29:59
5.076 172.695 930.000 02:30:00
5.076 143.098 728.780 02:30:01
5.068 169.390 736.098 02:30:02
5.076 143.098 730.000 02:30:03
5.076 143.000 727.805 02:30:04
5.076 144.098 731.220 02:30:05
5.080 145.500 743.171 02:30:06
5.080 143.000 726.829 02:30:07
5.076 143.195 727.317 02:30:08
5.068 215.988 1092.439 02:30:09
5.076 199.793 783.171 02:30:10
5.076 149.500 742.195 02:30:11
5.076 158.098 788.780 02:30:12
5.076 143.695 726.829 02:30:13
5.076 150.098 764.146 02:30:14
5.076 145.390 736.829 02:30:15
5.072 147.500 738.537 02:30:16
5.076 145.390 741.707 02:30:17
5.076 142.890 721.707 02:30:18
5.076 143.195 724.878 02:30:19
5.076 143.890 728.780 02:30:20
5.076 170.293 916.829 02:30:21
5.076 144.598 736.829 02:30:22
5.076 144.890 724.878 02:30:23
5.076 143.000 724.878 02:30:24
5.076 142.890 725.366 02:30:25
5.076 171.293 749.268 02:30:26
5.076 145.500 738.537 02:30:27
5.072 228.695 1385.122 02:30:28
5.080 143.793 728.537 02:30:29
5.076 142.890 725.366 02:30:30
5.076 143.000 721.707 02:30:31
5.076 144.098 731.220 02:30:32
5.076 149.500 803.659 02:30:33
5.076 143.195 730.488 02:30:34
5.076 143.098 730.976 02:30:35
5.076 145.195 733.415 02:30:36
5.076 143.695 730.488 02:30:37
5.076 143.793 729.268 02:30:38
5.076 142.598 722.195 02:30:39
5.072 218.793 814.390 02:30:40
5.076 163.500 884.634 02:30:41
5.076 143.293 730.000 02:30:42
5.076 144.500 734.146 02:30:43
5.076 143.000 725.610 02:30:44
5.072 157.598 805.122 02:30:45
5.076 144.195 727.317 02:30:46
5.076 142.695 725.366 02:30:47
5.076 144.000 1060.976 02:30:48
5.076 143.098 728.537 02:30:49
5.076 153.390 1004.634 02:30:51
5.076 144.000 770.488 02:30:52
5.076 143.098 724.878 02:30:53
5.076 144.000 728.780 02:30:54
5.076 142.390 723.415 02:30:55
5.072 217.293 1107.805 02:30:56
5.076 144.598 737.805 02:30:57
5.076 143.000 794.390 02:30:58
5.076 143.000 730.488 02:30:59
5.076 143.000 730.000 02:31:00
5.064 207.098 1050.976 02:31:01
5.076 171.890 1010.732 02:31:02
5.076 142.890 727.805 02:31:03
5.076 143.293 726.829 02:31:04
5.076 147.793 751.220 02:31:05
5.076 155.793 1253.171 02:31:06
5.076 142.598 722.927 02:31:07
5.072 206.098 1046.098 02:31:08
5.076 142.793 725.366 02:31:09
5.076 143.000 725.366 02:31:10
5.072 160.390 815.122 02:31:11
5.076 148.598 749.268 02:31:12
5.068 229.293 1093.659 02:31:13
5.072 145.293 735.366 02:31:14
5.076 143.390 729.268 02:31:15
5.076 142.890 726.829 02:31:16
5.076 143.098 728.537 02:31:17
5.076 157.695 800.732 02:31:18
5.076 144.098 730.000 02:31:19
5.076 143.098 725.366 02:31:20
5.076 142.890 723.659 02:31:21
5.076 143.195 730.000 02:31:22
5.076 142.890 722.195 02:31:23
5.076 143.000 725.366 02:31:24
5.076 158.195 807.561 02:31:25
5.076 143.695 725.610 02:31:26
5.076 142.598 721.707 02:31:27
5.076 143.695 725.610 02:31:28
5.076 144.293 730.976 02:31:29
5.076 142.890 725.366 02:31:30
5.080 157.000 795.122 02:31:31
5.076 143.500 731.220 02:31:32
5.076 143.598 730.000 02:31:33
5.072 157.195 792.439 02:31:34
5.076 143.500 749.756 02:31:35
5.076 144.793 739.756 02:31:36
5.076 146.195 738.049 02:31:37
5.076 144.390 735.366 02:31:38
5.072 144.890 734.878 02:31:39
5.080 143.000 729.268 02:31:40
5.076 143.098 724.390 02:31:41
5.076 146.098 739.756 02:31:42
5.080 150.293 762.439 02:31:43
5.076 143.098 726.829 02:31:44
5.076 144.500 725.610 02:31:45
5.076 142.500 729.268 02:31:46
5.076 149.890 725.610 02:31:47
5.080 145.890 726.585 02:31:48
5.076 146.390 741.220 02:31:49
5.076 156.695 850.488 02:31:50
5.076 145.890 739.756 02:31:51
5.076 143.000 730.976 02:31:52
5.076 155.793 790.732 02:31:53
5.076 144.000 730.976 02:31:54
5.072 165.695 891.463 02:31:55
5.076 143.098 726.585 02:31:56
5.076 143.000 726.585 02:31:57
5.072 145.098 739.756 02:31:58
5.076 142.598 722.927 02:31:59
5.076 149.695 757.317 02:32:00
5.080 143.793 732.195 02:32:01
5.072 143.000 726.585 02:32:02
5.076 143.793 729.268 02:32:03
5.076 144.000 730.976 02:32:04
5.076 200.988 734.878 02:32:05
5.072 143.000 730.488 02:32:06
5.076 157.500 796.341 02:32:07
5.076 144.000 736.585 02:32:08
5.068 162.098 813.659 02:32:09
5.076 144.598 739.756 02:32:10
5.076 149.293 1087.073 02:32:11
5.072 159.293 809.512 02:32:12
5.076 143.793 729.268 02:32:13
5.072 213.598 1123.659 02:32:14
5.076 143.000 728.537 02:32:15
5.076 142.890 725.610 02:32:16
5.076 157.598 802.927 02:32:17
5.080 143.890 730.488 02:32:18
5.076 158.695 750.976 02:32:19
5.076 142.793 775.610 02:32:20
5.076 145.293 734.390 02:32:21
5.076 144.695 737.805 02:32:22
5.076 143.695 727.317 02:32:23
5.076 144.195 728.780 02:32:24
5.076 143.098 725.366 02:32:25
5.076 150.195 790.732 02:32:26
5.076 144.098 732.439 02:32:27
5.076 142.293 724.146 02:32:28
5.076 143.890 726.585 02:32:29
5.076 143.195 726.829 02:32:30
5.076 149.000 754.390 02:32:31
5.076 143.098 725.610 02:32:32
5.076 211.988 1082.195 02:32:33
5.076 142.500 725.366 02:32:34
5.076 142.890 722.927 02:32:35
5.076 145.390 736.585 02:32:36
5.076 143.293 726.829 02:32:37
5.076 156.000 801.951 02:32:38
5.076 142.890 725.610 02:32:39
5.076 143.890 730.488 02:32:40
5.076 145.293 728.537 02:32:41
5.076 144.098 730.488 02:32:42
5.076 155.890 794.390 02:32:43
5.076 143.293 726.829 02:32:45
5.072 234.488 1431.707 02:32:46
5.076 144.695 730.488 02:32:47
5.076 143.793 724.878 02:32:48
5.076 142.695 728.780 02:32:49
5.076 151.598 726.829 02:32:50
5.076 155.598 795.122 02:32:51
5.072 166.195 734.878 02:32:52
5.076 142.793 728.049 02:32:53
5.076 158.598 804.146 02:32:54
5.076 143.098 726.829 02:32:55
5.072 193.988 985.122 02:32:56
5.076 144.098 728.537 02:32:57
5.076 143.195 725.610 02:32:58
5.076 142.598 723.415 02:32:59
5.076 144.000 729.268 02:33:00
5.076 150.390 762.439 02:33:01
5.076 142.793 729.268 02:33:02
5.076 143.098 722.927 02:33:03
5.076 152.500 734.390 02:33:04
5.076 143.293 753.171 02:33:05
5.076 143.500 727.805 02:33:06
5.076 145.000 738.537 02:33:07
5.076 146.000 734.390 02:33:08
5.076 142.500 723.659 02:33:09
5.076 143.098 731.707 02:33:10
5.076 145.793 781.707 02:33:11
5.072 214.293 778.049 02:33:12
5.072 209.488 738.537 02:33:13
5.080 144.598 730.488 02:33:14
5.080 144.598 730.488 02:33:15
5.076 152.500 732.927 02:33:16
5.076 144.098 730.000 02:33:17
5.076 159.195 804.146 02:33:18
5.076 146.390 738.537 02:33:19
5.076 145.390 742.195 02:33:20
5.076 145.390 742.195 02:33:21
5.076 144.098 725.366 02:33:22
5.076 155.098 791.951 02:33:23
5.076 145.000 732.195 02:33:24
5.072 159.293 807.561 02:33:25
5.076 142.598 724.146 02:33:26
5.072 216.695 825.122 02:33:27
5.076 145.195 738.049 02:33:28
5.076 143.195 730.976 02:33:29
5.076 156.098 791.951 02:33:30
5.076 143.890 732.927 02:33:31
5.076 157.000 791.951 02:33:32
5.072 144.695 795.610 02:33:33
5.076 143.500 725.610 02:33:34
5.076 145.195 754.390 02:33:35
5.080 143.098 723.415 02:33:36
5.076 157.890 802.439 02:33:37
5.076 143.793 724.878 02:33:38
5.068 197.390 937.805 02:33:39
5.076 145.195 734.878 02:33:40
5.076 143.098 727.317 02:33:41
5.076 162.000 726.585 02:33:42
5.076 143.890 730.976 02:33:43
5.076 150.000 762.439 02:33:44
5.072 142.598 730.488 02:33:45
5.076 143.890 729.268 02:33:46
5.072 158.293 800.000 02:33:47
5.076 143.000 726.585 02:33:48
5.076 149.500 757.317 02:33:49
5.076 143.195 730.976 02:33:50
5.076 146.195 783.659 02:33:51
5.076 144.793 768.537 02:33:52
5.076 143.195 726.829 02:33:53
5.072 215.098 1095.366 02:33:54
5.076 145.390 733.415 02:33:55
5.076 143.195 732.195 02:33:56
5.076 155.695 1245.122 02:33:57
5.076 143.195 732.195 02:33:58
5.076 145.598 735.366 02:33:59
5.076 144.793 1015.122 02:34:00
5.076 147.098 748.780 02:34:01
5.076 143.098 730.488 02:34:02
5.076 142.293 724.390 02:34:03
5.080 143.195 725.610 02:34:04
5.076 143.195 731.220 02:34:05
5.072 212.195 1062.927 02:34:06
5.076 144.695 741.707 02:34:07
5.076 144.195 727.317 02:34:08
5.076 143.293 727.317 02:34:09
5.076 144.195 730.976 02:34:10
5.076 150.500 764.878 02:34:11
5.076 156.793 795.122 02:34:12
5.076 144.000 730.488 02:34:13
5.076 146.390 743.659 02:34:14
5.076 144.890 731.707 02:34:15
5.076 156.793 990.732 02:34:16
5.080 143.000 723.659 02:34:17
5.076 142.598 858.049 02:34:18
5.076 144.695 738.049 02:34:19
5.072 216.793 1092.195 02:34:20
5.072 177.195 899.024 02:34:21
5.076 144.000 729.268 02:34:22
5.072 156.695 791.951 02:34:23
5.076 142.598 723.415 02:34:24
5.072 161.598 764.878 02:34:25
5.076 143.000 875.610 02:34:26
5.072 143.000 723.659 02:34:27
5.076 158.000 798.780 02:34:28
5.076 143.098 726.585 02:34:29
5.072 149.890 760.976 02:34:30
5.076 144.390 739.756 02:34:31
5.072 178.988 879.512 02:34:32
5.076 143.293 723.415 02:34:33
5.076 143.390 749.756 02:34:34
5.076 158.390 897.561 02:34:35
5.076 143.793 730.000 02:34:36
5.076 156.695 793.171 02:34:37
5.072 144.598 734.878 02:34:39
5.076 143.098 727.317 02:34:40
5.072 156.598 791.220 02:34:41
5.076 144.000 730.000 02:34:42
5.076 153.500 732.439 02:34:43
5.076 143.293 730.000 02:34:44
5.076 146.098 738.537 02:34:45
5.076 145.695 1023.902 02:34:46
5.076 143.098 725.610 02:34:47
5.076 156.500 793.659 02:34:48
5.076 143.000 726.585 02:34:49
5.076 143.293 725.610 02:34:50
5.076 144.000 723.415 02:34:51
5.076 155.598 791.951 02:34:52
5.076 142.890 725.366 02:34:53
5.076 143.500 725.366 02:34:54
5.048 237.890 1277.073 02:34:55
5.080 144.000 728.537 02:34:56
5.076 143.695 727.317 02:34:57
5.072 143.695 727.317 02:34:58
5.072 142.890 723.415 02:34:59
5.072 204.890 865.854 02:35:00
5.076 146.293 787.317 02:35:01
5.056 212.171 1132.683 02:35:02
5.076 143.683 726.341 02:35:03
5.076 143.780 728.293 02:35:04
5.072 156.780 801.463 02:35:05
5.076 143.195 722.439 02:35:06
5.076 156.683 799.024 02:35:07
5.076 142.683 730.732 02:35:08
5.076 197.683 1025.366 02:35:09
5.076 144.683 725.854 02:35:10
5.076 144.878 742.439 02:35:11
5.076 160.976 816.098 02:35:12
5.076 145.585 732.195 02:35:13
5.076 150.585 768.780 02:35:14
5.080 143.098 725.854 02:35:15
5.076 143.488 726.341 02:35:16
5.076 159.585 810.244 02:35:17
5.076 143.098 730.732 02:35:18
5.072 158.390 803.415 02:35:19
5.076 143.195 728.293 02:35:20
5.072 194.073 983.902 02:35:21
5.076 142.780 727.317 02:35:22
5.076 142.976 724.878 02:35:23
5.076 187.780 737.561 02:35:24
5.076 143.098 729.756 02:35:25
5.076 155.878 790.244 02:35:26
5.080 152.390 733.659 02:35:27
5.076 143.098 770.244 02:35:28
5.080 143.195 727.317 02:35:29
5.076 142.390 728.293 02:35:30
5.076 202.390 735.122 02:35:31
5.076 144.585 744.878 02:35:32
5.076 143.976 734.634 02:35:33
5.072 146.585 743.902 02:35:34
5.076 148.098 727.317 02:35:35
5.076 143.195 726.341 02:35:36
5.076 143.878 728.293 02:35:37
5.076 156.585 791.220 02:35:38
5.076 144.878 738.537 02:35:39
5.076 143.585 728.293 02:35:40
5.076 145.195 737.561 02:35:41
5.076 142.878 725.854 02:35:42
5.076 146.780 745.854 02:35:43
5.076 142.585 723.902 02:35:44
5.072 177.488 911.220 02:35:45
5.076 145.390 734.634 02:35:46
5.076 142.976 729.756 02:35:47
5.076 156.390 794.634 02:35:48
5.076 143.683 725.854 02:35:49
5.076 156.585 792.683 02:35:50
5.072 143.098 723.415 02:35:51
5.076 143.683 723.902 02:35:52
5.076 143.098 726.341 02:35:53
5.080 143.683 729.756 02:35:54
5.072 205.171 1041.463 02:35:55
5.080 142.976 732.195 02:35:56
5.076 143.780 728.780 02:35:57
5.076 156.585 795.122 02:35:58
5.076 143.683 728.780 02:35:59
5.072 156.683 737.561 02:36:00
5.076 149.390 742.439 02:36:01
5.076 177.976 913.659 02:36:02
5.076 202.878 731.220 02:36:03
5.076 143.098 727.317 02:36:04
5.076 143.585 726.341 02:36:05
5.076 142.976 729.756 02:36:06
5.076 149.390 756.098 02:36:07
5.076 143.098 727.317 02:36:08
5.076 143.683 723.415 02:36:09
5.072 172.878 868.780 02:36:10
5.076 143.195 730.732 02:36:11
5.076 158.293 1239.512 02:36:12
5.076 149.098 726.341 02:36:13
5.064 204.293 1094.146 02:36:14
5.076 145.098 730.732 02:36:15
5.076 143.098 731.220 02:36:16
5.072 158.195 802.439 02:36:17
5.076 144.195 722.439 02:36:18
5.076 156.390 796.098 02:36:19
5.076 143.878 729.756 02:36:20
5.076 143.293 725.854 02:36:21
5.076 144.780 739.512 02:36:22
5.076 142.195 725.854 02:36:23
5.076 143.098 723.415 02:36:24
5.076 143.683 734.634 02:36:25
5.072 215.171 1091.707 02:36:26
5.076 143.683 728.780 02:36:27
5.076 144.390 730.732 02:36:28
5.076 144.098 729.756 02:36:29
5.076 142.976 725.854 02:36:30
5.076 156.585 792.683 02:36:32
5.076 142.780 723.415 02:36:33
5.076 145.683 738.537 02:36:34
5.072 200.073 731.220 02:36:35
5.076 142.683 725.854 02:36:36
5.072 146.878 1069.268 02:36:37
5.076 142.976 726.341 02:36:38
5.072 194.293 1105.366 02:36:39
5.076 143.683 724.878 02:36:40
5.076 143.585 727.317 02:36:41
5.076 143.976 735.122 02:36:42
5.076 142.976 722.439 02:36:43
5.076 143.878 1289.268 02:36:44
5.076 143.878 729.756 02:36:45
5.076 143.683 735.122 02:36:46
5.076 145.293 739.512 02:36:47
5.076 143.683 729.756 02:36:48
5.072 156.780 789.756 02:36:49
5.076 142.780 725.854 02:36:50
5.072 245.976 1023.902 02:36:51
5.076 143.585 729.756 02:36:52
5.076 143.195 728.780 02:36:53
5.072 285.976 988.780 02:36:54
5.076 176.585 922.439 02:36:55
5.076 144.976 736.098 02:36:56
5.080 142.780 727.317 02:36:57
5.080 150.098 725.854 02:36:58
5.076 242.683 803.415 02:36:59
5.072 142.683 728.293 02:37:00
5.076 156.488 792.683 02:37:01
5.076 142.683 723.902 02:37:02
5.076 143.683 733.659 02:37:03
5.076 211.268 730.732 02:37:04
5.076 142.976 726.341 02:37:05
5.076 156.293 791.220 02:37:06
5.076 143.780 732.195 02:37:07
5.076 142.195 726.341 02:37:08
5.076 142.878 724.878 02:37:09
5.076 142.195 725.854 02:37:10
5.076 144.293 778.537 02:37:11
5.072 155.488 734.634 02:37:12
5.072 147.780 750.244 02:37:13
5.076 142.976 726.341 02:37:14
5.072 177.585 899.024 02:37:15
5.076 146.195 743.415 02:37:16
5.076 143.195 723.902 02:37:17
5.080 143.293 726.341 02:37:18
5.076 142.878 723.902 02:37:19
5.076 151.390 763.415 02:37:20
5.076 145.585 732.195 02:37:21
5.076 143.098 726.341 02:37:22
5.080 144.293 726.341 02:37:23
5.076 143.683 725.854 02:37:24
5.076 148.683 756.098 02:37:25
5.076 143.780 729.756 02:37:26
5.072 257.683 980.488 02:37:27
5.072 200.293 735.122 02:37:28
5.072 142.976 727.317 02:37:29
5.076 164.488 792.195 02:37:30
5.076 142.195 722.439 02:37:31
5.068 197.585 916.585 02:37:32
5.068 190.683 880.000 02:37:33
5.072 142.878 723.902 02:37:34
5.076 143.585 727.317 02:37:35
5.076 143.098 723.902 02:37:36
5.076 158.073 802.439 02:37:37
5.076 142.976 724.878 02:37:38
5.076 150.878 795.122 02:37:39
5.076 144.488 730.732 02:37:40
5.076 142.976 728.780 02:37:41
5.076 153.878 739.512 02:37:42
5.072 142.683 777.073 02:37:43
5.076 156.780 792.195 02:37:44
5.080 143.780 730.732 02:37:45
5.076 142.780 726.341 02:37:46
5.076 142.780 728.780 02:37:47
5.072 191.390 976.585 02:37:48
5.076 142.878 724.878 02:37:49
5.080 142.878 724.878 02:37:50
5.076 158.195 802.439 02:37:51
5.076 143.488 725.854 02:37:52
5.072 142.780 726.341 02:37:53
5.076 155.878 794.634 02:37:54
5.080 142.976 726.341 02:37:55
5.076 149.683 943.902 02:37:56
5.076 142.683 728.293 02:37:57
5.080 142.780 726.341 02:37:58
5.076 143.976 729.756 02:37:59
5.076 142.878 725.854 02:38:00
5.076 156.073 794.634 02:38:01
5.076 142.780 725.854 02:38:02
5.076 167.293 792.683 02:38:03
5.076 142.780 723.415 02:38:04
5.072 194.585 976.585 02:38:05
5.076 144.098 731.220 02:38:06
5.076 143.098 726.341 02:38:07
5.076 145.293 729.756 02:38:08
5.072 142.293 724.878 02:38:09
5.076 147.780 748.780 02:38:10
5.072 195.683 1051.707 02:38:11
5.076 143.780 728.293 02:38:12
5.076 144.098 726.341 02:38:13
5.076 150.878 732.683 02:38:14
5.072 197.488 1198.049 02:38:15
5.076 197.976 727.317 02:38:16
5.076 145.098 724.878 02:38:17
5.076 143.976 730.732 02:38:18
5.072 142.976 726.341 02:38:19
5.076 158.293 804.878 02:38:20
5.076 143.098 726.341 02:38:21
5.076 182.073 763.902 02:38:22
5.080 142.683 727.317 02:38:23
5.076 142.683 726.341 02:38:24
5.076 158.073 938.537 02:38:26
5.076 143.098 728.780 02:38:27
5.076 158.195 801.463 02:38:28
5.080 145.683 734.634 02:38:29
5.072 177.390 900.000 02:38:30
5.076 155.195 737.561 02:38:31
5.076 147.195 724.878 02:38:32
5.076 156.780 793.659 02:38:33
5.076 143.195 726.341 02:38:34
5.076 156.073 800.000 02:38:35
5.076 142.683 728.780 02:38:36
5.076 143.683 728.780 02:38:37
5.076 142.976 723.902 02:38:38
5.076 143.683 728.293 02:38:39
5.076 162.780 803.902 02:38:40
5.076 142.293 724.878 02:38:41
5.072 201.878 1029.268 02:38:42
5.076 145.390 733.659 02:38:43
5.076 142.390 726.341 02:38:44
5.076 157.293 793.659 02:38:45
5.076 143.098 728.293 02:38:46
5.076 157.683 802.439 02:38:47
5.080 157.585 733.659 02:38:48
5.072 190.171 1058.049 02:38:49
5.076 143.683 735.122 02:38:50
5.072 143.098 729.756 02:38:51
5.076 143.976 726.341 02:38:52
5.076 143.683 724.878 02:38:53
5.076 144.195 726.341 02:38:54
5.076 143.098 724.878 02:38:55
5.076 143.585 728.780 02:38:56
5.068 195.976 1001.463 02:38:57
5.072 185.976 859.024 02:38:58
5.076 198.683 1247.805 02:38:59
5.076 143.585 726.341 02:39:00
5.076 142.878 725.854 02:39:01
5.076 144.683 737.561 02:39:02
5.072 142.195 726.341 02:39:03
5.076 156.683 797.561 02:39:04
5.076 144.780 733.659 02:39:05
5.076 142.976 729.756 02:39:06
5.076 143.585 730.732 02:39:07
5.076 143.878 731.220 02:39:08
5.076 157.293 803.415 02:39:09
5.076 142.780 725.854 02:39:10
5.076 144.293 760.976 02:39:11
5.076 143.390 741.463 02:39:12
5.068 224.268 1045.366 02:39:13
5.076 143.683 796.098 02:39:14
5.076 157.488 797.561 02:39:15
5.076 144.585 735.122 02:39:16
5.076 142.488 726.341 02:39:17
5.072 150.293 763.415 02:39:18
5.076 161.878 737.073 02:39:19
5.076 143.878 726.341 02:39:20
5.076 157.390 798.537 02:39:21
5.076 142.976 728.293 02:39:22
5.072 147.878 749.756 02:39:23
5.076 143.098 731.220 02:39:24
5.076 195.780 967.805 02:39:25
5.076 143.976 736.098 02:39:26
5.076 143.780 729.756 02:39:27
5.076 155.878 792.195 02:39:28
5.076 143.195 728.780 02:39:29
5.072 156.293 792.683 02:39:30
5.076 144.780 733.659 02:39:31
5.076 142.976 732.195 02:39:32
5.076 158.195 799.024 02:39:33
5.076 142.293 722.439 02:39:34
5.076 147.390 741.463 02:39:35
5.076 148.976 724.878 02:39:36
5.076 208.878 1219.512 02:39:37
5.076 143.976 726.341 02:39:38
5.076 143.683 725.854 02:39:39
5.080 143.098 726.341 02:39:40
5.076 144.976 729.756 02:39:41
5.076 147.195 744.878 02:39:42
5.076 144.585 738.537 02:39:43
5.076 142.976 726.341 02:39:44
5.072 178.488 1031.707 02:39:45
5.076 147.780 727.317 02:39:46
5.076 157.195 820.000 02:39:47
5.076 142.976 722.439 02:39:48
5.072 241.073 1242.927 02:39:49
5.080 142.585 725.854 02:39:50
5.076 143.585 728.780 02:39:51
5.076 156.390 790.244 02:39:52
5.076 144.780 732.683 02:39:53
5.076 142.976 726.341 02:39:54
5.076 144.585 738.537 02:39:55
5.076 142.390 767.317 02:39:56
5.076 146.878 742.439 02:39:57
5.076 143.780 729.756 02:39:58
5.076 144.390 1041.463 02:39:59
5.072 144.683 733.659 02:40:00
5.080 143.098 728.293 02:40:01
5.076 155.780 793.659 02:40:02
5.076 142.195 727.317 02:40:03
5.076 157.073 863.415 02:40:04
5.076 142.976 724.878 02:40:05
5.076 142.195 721.951 02:40:06
5.076 155.683 796.098 02:40:07
5.076 143.683 725.854 02:40:08
5.076 155.878 786.341 02:40:09
5.076 143.098 726.341 02:40:10
5.076 145.976 744.878 02:40:11
5.076 156.585 797.073 02:40:12
5.076 188.293 725.854 02:40:13
5.076 158.293 869.756 02:40:14
5.076 144.585 730.732 02:40:15
5.072 207.171 1047.805 02:40:16
5.076 143.098 725.854 02:40:17
5.080 143.683 733.659 02:40:18
5.080 143.585 724.878 02:40:19
5.076 142.878 728.780 02:40:20
5.076 156.488 793.659 02:40:21
5.080 143.878 723.902 02:40:23
5.080 143.195 737.561 02:40:24
5.076 142.976 728.780 02:40:25
5.080 143.098 724.878 02:40:26
5.080 143.683 724.878 02:40:27
5.076 143.098 726.341 02:40:28
5.076 198.390 1020.000 02:40:29
5.076 143.195 728.293 02:40:30
5.072 205.488 1041.463 02:40:31
5.076 142.878 725.854 02:40:32
5.076 143.878 721.951 02:40:33
5.076 143.976 729.756 02:40:34
5.076 142.488 723.902 02:40:35
5.076 150.390 767.317 02:40:36
5.080 145.293 724.878 02:40:37
5.080 143.585 767.317 02:40:38
5.076 147.488 729.756 02:40:39
5.076 143.585 759.512 02:40:40
5.076 149.098 760.000 02:40:41
5.076 143.195 726.341 02:40:42
5.068 205.976 1058.049 02:40:43
5.076 143.585 727.317 02:40:44
5.076 142.293 726.341 02:40:45
5.076 158.585 806.341 02:40:46
5.076 142.878 725.854 02:40:47
5.076 209.073 1289.756 02:40:48
5.076 143.098 978.049 02:40:49
5.080 142.585 723.902 02:40:50
5.076 142.878 725.854 02:40:51
5.080 142.293 722.439 02:40:52
5.072 190.976 973.659 02:40:53
5.080 145.390 737.073 02:40:54
5.080 143.683 724.878 02:40:55
5.076 157.390 793.659 02:40:56
5.076 142.976 723.902 02:40:57
5.076 156.780 787.805 02:40:58
5.080 143.585 722.439 02:40:59
5.076 142.976 725.854 02:41:00
5.080 144.780 737.073 02:41:01
5.076 142.878 725.854 02:41:02
5.076 165.073 755.122 02:41:03
5.072 142.488 724.878 02:41:04
5.076 142.780 722.439 02:41:05
5.076 144.780 725.854 02:41:06
5.064 222.073 1195.610 02:41:07
5.076 145.780 737.561 02:41:08
5.076 143.293 728.293 02:41:09
5.072 156.195 799.024 02:41:10
5.080 204.390 729.756 02:41:11
5.076 157.390 798.537 02:41:12
5.076 144.293 748.780 02:41:13
5.076 142.780 724.878 02:41:14
5.072 144.390 735.122 02:41:15
5.076 143.878 730.732 02:41:16
5.076 143.780 720.976 02:41:17
5.076 143.780 727.317 02:41:18
5.068 216.878 1040.488 02:41:19
5.076 143.878 729.756 02:41:20
5.076 143.683 728.293 02:41:21
5.076 156.390 793.659 02:41:22
5.076 147.293 730.732 02:41:23
5.072 241.268 1316.098 02:41:24
5.076 193.171 974.146 02:41:25
5.076 142.976 725.854 02:41:26
5.076 144.976 723.902 02:41:27
5.076 142.098 723.902 02:41:28
5.076 142.976 726.341 02:41:29
5.076 145.195 736.098 02:41:30
5.072 238.976 1206.829 02:41:31
5.076 143.098 730.732 02:41:32
5.076 144.585 724.878 02:41:33
5.076 158.195 800.000 02:41:34
5.076 142.585 724.878 02:41:35
5.072 258.463 1204.390 02:41:36
5.076 142.683 724.878 02:41:37
5.080 142.976 728.293 02:41:38
5.076 142.293 722.439 02:41:39
5.076 142.683 731.220 02:41:40
5.068 238.488 1230.244 02:41:41
5.072 179.488 898.537 02:41:42
5.076 247.585 733.659 02:41:43
5.076 143.195 728.293 02:41:44
5.076 143.585 729.756 02:41:45
5.076 157.585 799.024 02:41:46
5.080 143.585 729.756 02:41:47
5.064 215.683 1097.561 02:41:48
5.076 143.683 733.659 02:41:49
5.076 142.976 726.341 02:41:50
5.076 146.098 738.537 02:41:51
5.072 175.780 738.537 02:41:52
5.076 145.976 737.561 02:41:53
5.076 156.488 792.683 02:41:54
5.076 143.293 730.732 02:41:55
5.072 156.390 793.659 02:41:56
5.076 143.878 730.732 02:41:57
5.076 142.976 725.854 02:41:58
5.076 142.976 724.878 02:41:59
5.076 143.976 724.878 02:42:00
5.076 166.976 793.659 02:42:01
5.076 143.098 727.317 02:42:02
5.068 238.268 1208.293 02:42:03
5.076 142.878 725.854 02:42:04
5.076 142.098 721.951 02:42:05
5.076 155.390 791.220 02:42:06
5.076 143.293 724.878 02:42:07
5.076 156.878 798.537 02:42:08
5.076 142.488 725.854 02:42:09
5.076 144.195 726.341 02:42:10
5.076 145.780 740.000 02:42:11
5.076 156.585 799.024 02:42:12
5.076 145.195 732.195 02:42:13
5.080 143.098 728.293 02:42:14
5.080 149.585 763.415 02:42:15
5.076 143.683 724.878 02:42:17
5.080 144.976 730.732 02:42:18
5.076 143.976 737.073 02:42:19
5.076 142.293 724.878 02:42:20
5.072 156.488 794.634 02:42:21
5.076 143.098 729.756 02:42:22
5.068 217.878 1098.049 02:42:23
5.076 142.683 724.878 02:42:24
5.076 142.878 733.659 02:42:25
5.076 238.683 802.439 02:42:26
5.076 142.976 724.878 02:42:27
5.076 147.585 754.634 02:42:28
5.076 144.195 726.341 02:42:29
5.076 143.780 729.756 02:42:30
5.072 143.585 724.878 02:42:31
5.076 144.098 730.732 02:42:32
5.076 158.585 807.317 02:42:33
5.076 144.488 737.073 02:42:34
5.068 213.488 1085.366 02:42:35
5.076 143.780 731.220 02:42:36
5.076 142.878 725.854 02:42:37
5.076 156.585 796.098 02:42:38
5.076 143.683 727.317 02:42:39
5.076 146.780 750.244 02:42:40
5.076 142.585 723.902 02:42:41
5.076 142.976 724.878 02:42:42
5.076 144.488 733.659 02:42:43
5.076 143.098 724.878 02:42:44
5.076 158.073 796.098 02:42:45
5.076 142.878 738.537 02:42:46
5.076 159.293 807.317 02:42:47
5.076 143.488 722.439 02:42:48
5.076 191.878 977.561 02:42:49
5.076 143.780 729.756 02:42:50
5.076 143.098 728.293 02:42:51
5.072 145.585 734.634 02:42:52
5.076 142.878 900.000 02:42:53
5.076 157.390 737.073 02:42:54
5.076 143.683 731.220 02:42:55
5.076 142.780 724.878 02:42:56
5.076 156.488 792.195 02:42:57
5.072 151.976 728.780 02:42:58
5.072 156.683 867.805 02:42:59
5.076 144.683 776.098 02:43:00
5.076 142.976 728.780 02:43:01
5.076 156.585 789.756 02:43:02
5.076 142.976 741.463 02:43:03
5.076 158.585 803.415 02:43:04
5.076 143.683 729.756 02:43:05
5.072 204.073 1044.390 02:43:06
5.080 143.195 731.220 02:43:07
5.076 143.293 723.902 02:43:08
5.076 144.098 731.220 02:43:09
5.080 143.780 722.439 02:43:10
5.072 207.390 1052.683 02:43:11
5.076 145.780 744.878 02:43:12
5.076 142.878 729.756 02:43:13
5.076 158.195 805.854 02:43:14
5.076 142.683 725.854 02:43:15
5.072 150.293 765.854 02:43:16
5.076 145.390 726.341 02:43:17
5.076 142.878 725.854 02:43:18
5.080 197.683 902.927 02:43:19
5.076 143.098 729.756 02:43:20
5.072 156.073 794.634 02:43:21
5.076 143.390 726.341 02:43:22
5.072 170.293 960.488 02:43:23
5.076 144.780 739.512 02:43:24
5.076 142.976 726.341 02:43:25
5.076 143.195 732.195 02:43:26
5.076 143.390 748.780 02:43:27
5.076 156.073 793.659 02:43:28
5.076 143.976 729.756 02:43:29
5.076 142.878 721.951 02:43:30
5.076 209.683 737.561 02:43:31
5.076 143.488 736.098 02:43:32
5.080 155.878 795.122 02:43:33
5.076 143.098 724.878 02:43:34
5.072 205.390 1029.268 02:43:35
5.076 144.585 732.195 02:43:36
5.076 142.976 726.341 02:43:37
5.076 156.488 795.122 02:43:38
5.076 144.585 732.683 02:43:39
5.076 155.976 791.220 02:43:40
5.076 185.488 735.122 02:43:41
5.076 161.293 724.878 02:43:42
5.076 142.976 730.732 02:43:43
5.076 143.195 726.341 02:43:44
5.072 157.878 871.220 02:43:45
5.080 142.976 725.854 02:43:46
5.072 224.268 1122.927 02:43:47
5.076 144.293 768.293 02:43:48
5.076 143.098 726.341 02:43:49
5.076 156.976 792.195 02:43:50
5.076 143.098 726.341 02:43:51
5.068 201.390 995.610 02:43:52
5.072 145.195 737.561 02:43:53
5.076 143.488 726.341 02:43:54
5.076 156.073 792.195 02:43:55
5.076 144.098 730.732 02:43:56
5.080 144.683 735.122 02:43:57
5.076 145.585 734.634 02:43:58
5.076 143.098 729.756 02:43:59
5.076 143.780 726.341 02:44:00
5.076 143.195 725.854 02:44:01
5.072 156.780 797.561 02:44:02
5.076 142.390 723.902 02:44:03
5.076 143.780 728.293 02:44:04
5.072 144.878 737.561 02:44:05
5.076 145.098 732.195 02:44:06
5.072 167.683 754.634 02:44:07
5.076 144.683 734.634 02:44:08
5.076 193.293 926.341 02:44:09
5.076 145.390 737.561 02:44:10
5.076 143.195 725.854 02:44:12
5.076 145.585 739.512 02:44:13
5.076 144.780 735.122 02:44:14
5.076 150.488 766.341 02:44:15
5.076 145.195 727.317 02:44:16
5.076 142.390 722.439 02:44:17
5.076 167.585 737.073 02:44:18
5.076 142.976 726.341 02:44:19
5.076 158.195 804.878 02:44:20
5.076 144.878 743.415 02:44:21
5.076 144.585 735.122 02:44:22
5.076 143.390 729.756 02:44:23
5.072 142.976 722.439 02:44:24
5.076 144.780 1051.707 02:44:25
5.076 143.195 731.220 02:44:26
5.072 207.878 1050.244 02:44:27
5.076 144.585 730.732 02:44:28
5.076 143.976 729.756 02:44:29
5.076 143.780 726.341 02:44:30
5.076 144.585 725.854 02:44:31
5.072 196.073 1176.585 02:44:32
5.072 143.878 728.780 02:44:33
5.076 144.683 739.512 02:44:34
5.076 143.195 726.341 02:44:35
5.076 146.293 726.341 02:44:36
5.076 144.878 752.683 02:44:37
5.076 143.195 726.341 02:44:38
5.072 269.171 1999.024 02:44:39
5.076 144.488 734.634 02:44:40
5.076 142.976 726.341 02:44:41
5.080 143.585 726.341 02:44:42
5.076 143.585 729.756 02:44:43
5.076 149.293 752.683 02:44:44
5.076 145.488 737.561 02:44:45
5.076 143.683 728.293 02:44:46
5.072 184.976 795.122 02:44:47
5.076 143.976 725.854 02:44:48
5.076 143.780 726.341 02:44:49
5.076 142.488 730.732 02:44:50
5.076 144.683 734.634 02:44:51
5.072 142.878 729.756 02:44:52
5.076 143.195 725.854 02:44:53
5.072 391.854 1938.049 02:44:54
5.076 145.488 804.878 02:44:55
5.076 143.683 737.561 02:44:56
5.072 156.585 790.244 02:44:57
5.076 143.683 730.732 02:44:58
5.076 147.585 744.878 02:44:59
5.076 143.098 727.317 02:45:00
5.072 142.878 727.317 02:45:01
5.076 143.098 725.854 02:45:02
5.080 171.488 730.732 02:45:03
5.076 155.878 791.220 02:45:04
5.076 142.780 724.878 02:45:05
5.068 277.976 1770.244 02:45:06
5.076 142.488 1000.000 02:45:07
5.080 143.780 729.756 02:45:08
5.072 158.293 801.463 02:45:09
5.076 143.585 724.878 02:45:10
5.080 142.683 723.415 02:45:11
5.076 157.488 799.024 02:45:12
5.076 149.585 760.000 02:45:13
5.076 142.585 722.439 02:45:14
5.080 143.780 736.098 02:45:15
5.076 199.878 734.634 02:45:16
5.076 142.878 725.854 02:45:17
5.076 148.098 750.244 02:45:18
5.072 143.293 737.073 02:45:19
5.068 228.976 1099.024 02:45:20
5.076 143.098 777.073 02:45:21
5.076 143.098 730.732 02:45:22
5.076 143.390 726.341 02:45:23
5.076 143.195 726.341 02:45:24
5.072 148.585 743.902 02:45:25
5.076 144.488 734.634 02:45:26
5.076 192.293 734.634 02:45:27
5.072 156.488 792.195 02:45:28
5.076 142.976 733.659 02:45:29
5.068 158.073 813.659 02:45:30
5.076 143.098 723.902 02:45:31
5.072 212.585 1080.000 02:45:32
5.072 142.976 725.854 02:45:33
5.076 143.488 730.732 02:45:34
5.076 156.488 790.244 02:45:35
5.072 143.878 729.756 02:45:36
5.076 147.098 743.902 02:45:37
5.076 142.293 727.317 02:45:38
5.076 144.293 730.732 02:45:39
5.080 143.488 728.293 02:45:40
5.076 143.195 725.854 02:45:41
5.076 143.098 726.341 02:45:42
5.072 142.976 728.780 02:45:43
5.072 147.195 743.902 02:45:44
5.076 142.976 726.341 02:45:45
5.072 216.171 1048.780 02:45:46
5.076 142.976 726.341 02:45:47
5.076 143.585 726.341 02:45:48
5.076 144.293 730.732 02:45:49
5.076 142.976 726.341 02:45:50
5.076 142.780 726.341 02:45:51
5.080 143.390 725.854 02:45:52
5.076 143.585 728.293 02:45:53
5.076 142.878 728.780 02:45:54
5.076 142.976 724.878 02:45:55
5.076 143.878 735.122 02:45:56
5.076 143.683 733.659 02:45:57
5.076 156.488 787.805 02:45:58
5.076 143.878 728.780 02:45:59
5.076 143.878 728.293 02:46:00
5.076 144.585 737.561 02:46:01
5.076 143.488 728.293 02:46:02
5.076 145.293 743.415 02:46:04
5.072 142.488 722.439 02:46:05
5.076 184.171 852.683 02:46:06
5.076 143.098 725.854 02:46:07
5.076 143.683 725.854 02:46:08
5.076 143.098 726.341 02:46:09
5.076 145.488 743.415 02:46:10
5.068 204.585 1044.390 02:46:11
5.076 314.561 728.780 02:46:12
5.076 143.293 725.854 02:46:13
5.076 157.780 1245.854 02:46:14
5.076 143.098 733.659 02:46:15
5.072 207.780 1038.049 02:46:16
5.076 145.098 740.000 02:46:17
5.076 142.976 726.341 02:46:18
5.068 158.488 805.854 02:46:19
5.076 144.293 724.878 02:46:20
5.076 156.585 795.122 02:46:21
5.076 143.098 731.220 02:46:22
5.076 142.878 726.341 02:46:23
5.076 147.976 755.122 02:46:24
5.076 143.293 726.341 02:46:25
5.076 156.195 792.195 02:46:26
5.076 143.390 727.317 02:46:27
5.064 237.268 1201.951 02:46:28
5.076 144.780 738.537 02:46:29
5.076 143.195 725.854 02:46:30
5.076 155.878 795.122 02:46:31
5.076 142.878 726.341 02:46:32
5.072 157.293 797.561 02:46:33
5.072 146.585 737.561 02:46:34
5.076 202.780 983.902 02:46:35
5.072 143.098 725.854 02:46:36
5.076 143.976 732.683 02:46:37
5.072 142.683 720.976 02:46:38
5.076 143.195 720.976 02:46:39
5.076 156.585 787.317 02:46:40
5.076 143.098 726.341 02:46:41
5.076 142.976 724.878 02:46:42
5.076 143.195 726.341 02:46:43
5.076 144.293 735.122 02:46:44
5.072 142.878 725.854 02:46:45
5.056 399.171 1453.171 02:46:46
5.076 144.390 724.878 02:46:47
5.076 143.390 724.878 02:46:48
5.076 219.780 860.000 02:46:49
5.076 143.293 729.756 02:46:50
5.076 157.780 799.024 02:46:51
5.080 144.585 736.098 02:46:52
5.072 143.976 726.341 02:46:53
5.076 142.488 729.756 02:46:54
5.076 142.780 729.756 02:46:55
5.076 158.976 807.317 02:46:56
5.076 156.878 1156.585 02:46:57
