5.056 395.183 1990.488 06:16:32
5.076 156.695 794.878 06:16:33
5.076 144.098 732.439 06:16:34
5.056 241.268 1229.268 06:16:35
5.080 144.195 735.122 06:16:36
5.076 143.098 726.341 06:16:37
5.080 143.878 731.220 06:16:38
5.076 143.488 729.756 06:16:39
5.076 201.976 1234.146 06:16:40
5.076 144.293 732.195 06:16:41
5.076 152.098 908.780 06:16:42
5.076 144.390 731.220 06:16:43
5.072 156.195 748.293 06:16:44
5.064 208.171 763.415 06:16:45
5.076 145.098 740.976 06:16:46
5.076 156.488 798.537 06:16:47
5.076 146.195 739.512 06:16:48
5.068 280.366 1278.537 06:16:49
5.076 144.488 759.512 06:16:50
5.076 147.293 740.976 06:16:51
5.076 146.098 740.976 06:16:52
5.076 145.878 737.073 06:16:53
5.072 157.293 799.024 06:16:54
5.076 145.488 740.976 06:16:55
5.076 143.585 728.780 06:16:56
5.076 248.878 805.854 06:16:57
5.072 144.585 732.195 06:16:58
5.076 159.073 814.634 06:16:59
5.076 145.293 740.976 06:17:00
5.072 151.293 761.463 06:17:01
5.076 144.488 733.659 06:17:02
5.072 191.488 748.780 06:17:03
5.076 149.683 757.073 06:17:04
5.076 145.293 735.122 06:17:05
5.076 158.878 863.415 06:17:06
5.076 144.585 732.195 06:17:07
5.056 384.659 2326.341 06:17:08
5.076 144.683 728.293 06:17:09
5.080 143.976 732.195 06:17:10
5.076 180.976 922.439 06:17:11
5.072 195.390 992.683 06:17:12
5.068 400.463 2023.415 06:17:13
5.076 145.976 735.122 06:17:14
5.076 150.098 729.756 06:17:15
5.076 156.390 797.073 06:17:16
5.072 197.488 994.146 06:17:17
5.076 158.293 810.244 06:17:18
5.072 197.683 958.049 06:17:19
5.064 283.366 1428.293 06:17:20
5.076 198.878 793.659 06:17:21
5.076 144.390 728.293 06:17:22
5.076 158.878 807.317 06:17:23
5.076 149.878 763.415 06:17:24
5.068 159.195 807.317 06:17:25
5.076 199.683 880.976 06:17:26
5.072 176.390 1256.585 06:17:27
5.076 143.683 732.195 06:17:28
5.080 143.585 732.683 06:17:29
5.072 168.390 900.976 06:17:30
5.068 206.171 1066.341 06:17:31
5.076 198.073 1092.683 06:17:32
5.068 262.780 1489.756 06:17:33
5.068 163.195 1012.683 06:17:34
5.076 144.098 729.756 06:17:35
5.076 143.488 728.780 06:17:37
5.076 144.390 730.732 06:17:38
5.076 166.780 731.220 06:17:39
5.076 157.195 797.561 06:17:40
5.052 302.976 1097.561 06:17:41
5.076 144.390 728.293 06:17:42
5.080 145.780 737.073 06:17:43
5.076 143.780 730.732 06:17:44
5.076 145.293 740.000 06:17:45
5.072 159.878 809.756 06:17:46
5.080 150.585 761.463 06:17:47
5.076 157.293 797.561 06:17:48
5.076 144.293 732.195 06:17:49
5.076 148.293 748.780 06:17:50
5.076 143.488 763.902 06:17:51
5.072 146.098 737.561 06:17:52
5.076 158.976 808.780 06:17:53
5.076 159.073 803.902 06:17:54
5.080 148.683 754.634 06:17:55
5.076 146.098 737.561 06:17:56
5.072 216.780 1124.390 06:17:57
5.072 156.390 802.439 06:17:58
5.076 145.390 735.122 06:17:59
5.076 151.780 773.659 06:18:00
5.076 145.390 740.976 06:18:01
5.072 214.488 1060.488 06:18:02
5.072 268.780 1066.829 06:18:03
5.076 143.293 731.220 06:18:04
5.072 164.390 760.000 06:18:05
5.076 145.390 737.561 06:18:06
5.076 158.780 805.854 06:18:07
5.072 184.293 841.463 06:18:08
5.076 157.390 797.561 06:18:09
5.072 181.683 779.024 06:18:10
5.076 144.098 727.317 06:18:11
5.064 245.488 1236.585 06:18:12
5.080 143.683 731.220 06:18:13
5.076 157.585 795.122 06:18:14
5.080 143.878 728.780 06:18:15
5.072 197.293 973.659 06:18:16
5.076 146.098 737.073 06:18:17
5.076 145.488 728.780 06:18:18
5.076 158.073 804.878 06:18:19
5.076 143.585 729.756 06:18:20
5.060 242.878 1225.366 06:18:21
5.072 288.561 1305.366 06:18:22
5.076 144.293 728.293 06:18:23
5.076 147.195 752.195 06:18:24
5.076 143.878 731.220 06:18:25
5.076 157.585 795.122 06:18:26
5.076 147.195 778.537 06:18:27
5.072 203.780 1231.707 06:18:28
5.068 183.780 914.146 06:18:29
5.076 143.585 728.293 06:18:30
5.076 246.073 803.902 06:18:31
5.076 143.683 729.756 06:18:32
5.072 157.073 947.805 06:18:33
5.076 182.976 1016.585 06:18:34
5.076 143.585 728.780 06:18:35
5.076 156.976 797.561 06:18:36
5.076 143.390 728.780 06:18:37
5.076 158.073 805.854 06:18:38
5.072 188.683 932.683 06:18:39
5.072 230.878 1421.951 06:18:40
5.076 144.488 744.878 06:18:41
5.076 143.780 731.220 06:18:42
5.076 158.683 805.854 06:18:43
5.076 143.878 728.780 06:18:44
5.060 243.268 1385.854 06:18:45
5.072 152.976 779.024 06:18:46
5.076 179.073 901.463 06:18:47
5.076 143.683 729.756 06:18:48
5.076 143.683 732.195 06:18:49
5.076 159.195 805.854 06:18:50
5.072 188.585 986.829 06:18:51
5.076 145.293 1005.366 06:18:52
5.076 156.585 795.122 06:18:53
5.076 149.878 760.000 06:18:54
5.072 157.390 799.024 06:18:55
5.076 143.488 732.683 06:18:56
5.080 144.293 732.195 06:18:57
5.076 201.780 1075.122 06:18:58
5.076 143.195 755.122 06:18:59
5.068 159.195 856.098 06:19:00
5.080 147.098 750.244 06:19:01
5.072 184.293 891.707 06:19:02
5.076 144.195 728.293 06:19:03
5.076 169.585 852.195 06:19:04
5.072 156.683 797.561 06:19:05
5.080 144.390 729.756 06:19:06
5.048 409.659 2298.537 06:19:07
5.076 145.976 737.561 06:19:08
5.076 144.195 728.780 06:19:09
5.076 158.488 806.341 06:19:10
5.076 146.976 780.976 06:19:11
5.076 157.683 796.098 06:19:12
5.072 146.098 744.878 06:19:13
5.072 144.195 730.732 06:19:14
5.076 159.585 807.317 06:19:15
5.076 145.683 730.732 06:19:16
5.076 158.488 803.415 06:19:17
5.076 148.585 758.537 06:19:18
5.072 184.683 1100.488 06:19:19
5.080 143.390 724.878 06:19:20
5.072 215.268 1041.463 06:19:21
5.076 143.878 779.024 06:19:22
5.076 144.390 729.756 06:19:23
5.072 158.683 806.341 06:19:24
5.080 144.195 732.195 06:19:25
5.072 249.488 1233.171 06:19:26
5.076 150.488 758.537 06:19:27
5.072 204.683 1451.220 06:19:28
5.076 145.390 740.976 06:19:29
5.076 143.390 728.293 06:19:31
5.076 246.878 805.854 06:19:32
5.076 144.195 732.683 06:19:33
5.048 241.585 1219.512 06:19:34
5.080 144.293 732.195 06:19:35
5.076 143.488 732.195 06:19:36
5.076 147.488 752.195 06:19:37
5.072 144.098 733.659 06:19:38
5.076 156.390 799.024 06:19:39
5.076 179.488 859.024 06:19:40
5.076 173.878 887.317 06:19:41
5.072 209.780 1075.122 06:19:42
5.064 283.463 1358.537 06:19:43
5.076 145.098 740.000 06:19:44
5.064 195.878 980.000 06:19:45
5.076 145.683 740.000 06:19:46
5.076 143.585 728.780 06:19:47
5.076 158.683 803.415 06:19:48
5.076 144.585 729.756 06:19:49
5.064 284.366 858.537 06:19:50
5.072 143.390 729.756 06:19:51
5.072 158.976 805.854 06:19:52
5.076 159.488 805.854 06:19:53
5.068 210.390 1050.244 06:19:54
5.076 145.098 740.976 06:19:55
5.072 145.585 740.000 06:19:56
5.076 241.073 804.878 06:19:57
5.076 157.073 797.561 06:19:58
5.076 156.976 797.561 06:19:59
5.072 211.171 1164.390 06:20:00
5.068 208.585 1068.780 06:20:01
5.072 206.683 1047.805 06:20:02
5.076 145.098 737.073 06:20:03
5.076 143.878 733.659 06:20:04
5.064 247.171 1416.098 06:20:05
5.072 165.195 737.073 06:20:06
5.068 195.488 1201.951 06:20:07
5.076 158.195 805.854 06:20:08
5.072 204.878 951.220 06:20:09
5.072 195.878 1108.293 06:20:10
5.076 145.195 737.073 06:20:11
5.076 157.293 798.537 06:20:12
5.076 152.585 737.561 06:20:13
5.072 211.683 1093.171 06:20:14
5.076 159.293 810.244 06:20:15
5.076 200.390 737.073 06:20:16
5.072 248.488 1534.634 06:20:17
5.072 159.073 1053.171 06:20:18
5.072 162.390 1214.634 06:20:19
5.076 145.976 737.561 06:20:20
5.072 208.268 1041.463 06:20:21
5.072 197.683 823.415 06:20:22
5.076 145.390 740.000 06:20:23
5.076 242.683 1228.293 06:20:24
5.076 144.976 766.341 06:20:25
5.072 207.171 932.683 06:20:26
5.076 198.585 740.976 06:20:27
5.076 147.195 747.317 06:20:28
5.076 150.098 768.293 06:20:29
5.068 204.976 1463.415 06:20:30
5.076 151.098 766.341 06:20:31
5.076 143.390 728.780 06:20:32
5.076 143.585 728.293 06:20:33
5.072 162.195 827.805 06:20:34
5.076 148.976 760.976 06:20:35
5.064 209.073 1072.683 06:20:36
5.076 191.683 911.707 06:20:37
5.076 165.488 760.000 06:20:38
5.072 144.878 728.780 06:20:39
5.076 143.683 728.780 06:20:40
5.072 149.683 1140.488 06:20:41
5.076 157.195 794.634 06:20:42
5.072 257.366 1041.463 06:20:43
5.072 145.195 740.976 06:20:44
5.076 147.390 749.756 06:20:45
5.076 143.683 730.732 06:20:46
5.072 143.780 728.780 06:20:47
5.076 151.585 859.024 06:20:48
5.072 193.683 1099.512 06:20:49
5.072 241.585 805.854 06:20:50
5.072 158.293 800.000 06:20:51
5.076 189.976 1334.634 06:20:52
5.068 145.878 966.829 06:20:53
5.072 209.171 1042.439 06:20:54
5.076 158.683 807.317 06:20:55
5.072 210.171 1013.659 06:20:56
5.072 213.976 998.049 06:20:57
5.076 196.073 1281.951 06:20:58
5.076 143.780 733.659 06:20:59
5.072 157.073 797.073 06:21:00
5.072 148.098 748.293 06:21:01
5.076 159.683 758.537 06:21:02
5.076 181.683 875.122 06:21:03
5.076 145.585 737.073 06:21:04
5.072 158.293 807.317 06:21:05
5.076 150.390 765.854 06:21:06
5.072 159.073 794.634 06:21:07
5.072 197.171 898.537 06:21:08
5.076 143.195 724.878 06:21:09
5.076 159.488 808.780 06:21:10
5.068 149.780 757.561 06:21:11
5.076 159.488 805.854 06:21:12
5.076 147.488 752.683 06:21:13
5.068 266.878 1384.390 06:21:14
5.080 143.878 728.293 06:21:15
5.076 146.098 821.463 06:21:16
5.072 158.488 805.854 06:21:17
5.072 253.585 994.146 06:21:18
5.072 243.171 1632.683 06:21:19
5.068 198.293 971.707 06:21:20
5.076 144.878 737.561 06:21:21
5.076 145.878 737.073 06:21:22
5.080 147.878 1009.268 06:21:23
5.072 233.585 1089.268 06:21:25
5.076 147.098 1126.341 06:21:26
5.060 287.171 1107.805 06:21:27
5.076 146.195 740.976 06:21:28
5.072 143.585 735.122 06:21:29
5.076 156.585 798.537 06:21:30
5.076 155.073 761.463 06:21:31
5.076 158.488 806.341 06:21:32
5.076 145.878 737.073 06:21:33
5.068 266.366 1341.951 06:21:34
5.076 146.488 742.439 06:21:35
5.076 147.293 747.317 06:21:36
5.072 158.683 804.878 06:21:37
5.076 148.390 748.780 06:21:38
5.068 258.976 1234.634 06:21:39
5.076 153.195 772.683 06:21:40
5.072 299.073 1578.537 06:21:41
5.076 206.390 894.146 06:21:42
5.076 147.390 746.341 06:21:43
5.076 157.073 797.561 06:21:44
5.076 226.268 1141.463 06:21:45
5.076 150.976 765.854 06:21:46
5.076 145.878 736.098 06:21:47
5.072 177.488 915.122 06:21:48
5.076 157.195 799.024 06:21:49
5.072 200.293 1001.463 06:21:50
5.076 158.878 805.854 06:21:51
5.076 143.195 728.780 06:21:52
5.076 143.683 728.293 06:21:53
5.072 159.073 803.902 06:21:54
5.076 156.976 797.561 06:21:55
5.072 157.293 795.122 06:21:56
5.076 245.585 965.366 06:21:57
5.076 143.390 727.317 06:21:58
5.060 218.585 1108.293 06:21:59
5.076 144.390 775.122 06:22:00
5.076 157.293 797.073 06:22:01
5.076 145.976 740.976 06:22:02
5.064 263.463 1335.610 06:22:03
5.076 143.683 729.756 06:22:04
5.076 143.780 729.756 06:22:05
5.076 158.488 805.854 06:22:06
5.080 143.390 728.293 06:22:07
5.060 240.268 1224.390 06:22:08
5.076 146.293 741.463 06:22:09
5.072 242.488 958.049 06:22:10
5.076 143.390 732.195 06:22:11
5.076 142.878 726.341 06:22:12
5.068 238.878 1244.390 06:22:13
5.072 145.976 742.439 06:22:14
5.076 245.878 1283.415 06:22:15
5.076 144.683 740.000 06:22:16
5.072 213.390 1094.146 06:22:17
5.064 195.683 807.317 06:22:18
5.076 143.585 729.756 06:22:19
5.076 157.390 803.415 06:22:20
5.072 152.293 737.561 06:22:21
5.076 146.098 737.561 06:22:22
5.072 207.683 995.610 06:22:23
5.076 142.976 726.341 06:22:24
5.068 159.293 807.317 06:22:25
5.076 144.098 728.293 06:22:26
5.060 349.756 1748.780 06:22:27
5.072 182.976 1121.951 06:22:28
5.076 143.683 731.220 06:22:29
5.076 157.390 797.561 06:22:30
5.076 146.098 728.293 06:22:31
5.076 158.780 805.854 06:22:32
5.076 144.098 727.317 06:22:33
5.072 290.683 1294.146 06:22:34
5.080 144.293 729.756 06:22:35
5.072 145.878 986.829 06:22:36
5.076 143.683 732.683 06:22:37
5.076 143.488 735.122 06:22:38
5.076 158.488 800.000 06:22:39
5.076 143.683 733.659 06:22:40
5.072 188.073 1002.439 06:22:41
5.076 143.390 729.756 06:22:42
5.072 188.585 974.146 06:22:43
5.076 143.390 728.780 06:22:44
5.076 144.683 731.220 06:22:45
5.076 157.293 797.561 06:22:46
5.076 143.878 732.195 06:22:47
5.068 209.268 1052.683 06:22:48
5.076 143.780 998.049 06:22:49
5.068 181.780 916.098 06:22:50
5.080 144.780 1144.390 06:22:51
5.076 144.195 732.195 06:22:52
5.052 346.073 1503.415 06:22:53
5.076 143.780 778.537 06:22:54
5.076 143.390 732.195 06:22:55
5.076 161.976 797.561 06:22:56
5.076 143.488 733.659 06:22:57
5.076 191.171 961.463 06:22:58
5.080 145.976 743.415 06:22:59
5.076 181.171 894.146 06:23:00
5.076 206.976 737.561 06:23:01
5.076 143.683 729.756 06:23:02
5.076 157.293 799.024 06:23:03
5.076 150.878 728.780 06:23:04
5.064 387.561 2036.585 06:23:05
5.076 145.585 741.463 06:23:06
5.076 143.585 728.293 06:23:07
5.076 157.976 807.317 06:23:08
5.076 143.195 730.732 06:23:09
5.076 158.878 808.780 06:23:10
5.076 161.488 739.512 06:23:11
5.076 143.585 732.683 06:23:12
5.076 159.585 805.854 06:23:13
5.076 145.488 733.659 06:23:14
5.076 157.390 793.659 06:23:15
5.076 145.976 736.098 06:23:16
5.080 143.390 732.683 06:23:17
5.076 159.293 803.902 06:23:19
5.076 146.976 728.780 06:23:20
5.076 240.268 805.854 06:23:21
5.076 147.683 750.244 06:23:22
5.072 203.976 1078.049 06:23:23
5.076 145.878 737.561 06:23:24
5.076 143.390 728.293 06:23:25
5.076 159.073 811.220 06:23:26
5.076 143.878 728.293 06:23:27
5.060 344.878 1733.659 06:23:28
5.076 143.488 728.293 06:23:29
5.076 142.878 732.195 06:23:30
5.076 160.073 807.317 06:23:31
5.076 143.488 728.780 06:23:32
5.072 191.171 916.585 06:23:33
5.076 143.976 732.683 06:23:34
5.076 144.195 731.220 06:23:35
5.076 157.195 792.683 06:23:36
5.072 143.585 732.683 06:23:37
5.072 158.878 985.366 06:23:38
5.076 148.878 760.000 06:23:39
5.068 250.780 1199.024 06:23:40
5.076 145.780 739.512 06:23:41
5.076 144.293 732.683 06:23:42
5.072 157.195 793.659 06:23:43
5.076 143.780 726.341 06:23:44
5.076 158.073 800.000 06:23:45
5.076 146.488 737.561 06:23:46
5.072 233.073 1072.683 06:23:47
5.076 154.878 737.561 06:23:48
5.076 143.780 731.220 06:23:49
5.076 157.683 798.537 06:23:50
5.076 144.293 728.780 06:23:51
5.072 210.488 1051.707 06:23:52
5.072 236.268 742.439 06:23:53
5.076 143.488 730.732 06:23:54
5.072 157.488 796.098 06:23:55
5.076 144.293 731.220 06:23:56
5.076 143.195 729.756 06:23:57
5.076 158.073 805.854 06:23:58
5.076 143.683 732.683 06:23:59
5.072 156.878 1210.732 06:24:00
5.076 148.098 753.659 06:24:01
5.068 292.268 1265.366 06:24:02
5.076 145.780 729.756 06:24:03
5.072 144.098 730.732 06:24:04
5.064 242.268 1760.000 06:24:05
5.068 205.073 887.317 06:24:06
5.072 181.976 907.805 06:24:07
5.076 199.976 737.073 06:24:08
5.076 143.293 727.317 06:24:09
5.076 260.463 802.439 06:24:10
5.056 146.195 740.976 06:24:11
5.056 246.585 1159.512 06:24:12
5.076 147.195 741.463 06:24:13
5.076 143.585 732.195 06:24:14
5.076 158.878 805.854 06:24:15
5.076 143.585 732.195 06:24:16
5.060 343.756 1740.488 06:24:17
5.076 146.585 744.878 06:24:18
5.076 143.780 732.683 06:24:19
5.076 168.683 805.854 06:24:20
5.076 143.293 726.341 06:24:21
5.072 156.976 794.634 06:24:22
5.076 143.878 731.220 06:24:23
5.072 204.683 1215.610 06:24:24
5.072 205.780 1174.634 06:24:25
5.072 178.683 996.585 06:24:26
5.072 157.293 796.098 06:24:27
5.076 147.878 746.341 06:24:28
5.064 267.878 1346.829 06:24:29
5.072 144.683 732.683 06:24:30
5.076 150.585 767.317 06:24:31
5.076 157.195 797.561 06:24:32
5.076 144.195 725.854 06:24:33
5.068 265.878 900.976 06:24:34
5.072 207.268 1144.390 06:24:35
5.076 145.098 737.073 06:24:36
5.076 145.390 741.463 06:24:37
5.072 206.585 1338.537 06:24:38
5.076 158.683 799.024 06:24:39
5.072 147.195 750.244 06:24:40
5.056 467.366 1979.024 06:24:41
5.072 216.878 1039.024 06:24:42
5.076 147.390 748.780 06:24:43
5.076 148.098 747.317 06:24:44
5.072 208.488 1042.927 06:24:45
5.076 158.195 803.902 06:24:46
5.076 146.098 741.463 06:24:47
5.064 294.976 1188.293 06:24:48
5.072 157.390 796.098 06:24:49
5.076 150.293 764.878 06:24:50
5.072 183.976 1387.317 06:24:51
5.076 145.976 737.073 06:24:52
5.076 148.488 918.537 06:24:53
5.076 219.073 1398.537 06:24:54
5.072 195.878 979.024 06:24:55
5.076 144.488 731.220 06:24:56
5.076 156.488 797.561 06:24:57
5.080 145.488 741.463 06:24:58
5.076 157.390 797.073 06:24:59
5.076 146.488 816.098 06:25:00
5.076 143.976 730.732 06:25:01
5.076 158.976 806.341 06:25:02
5.072 143.293 724.878 06:25:03
5.072 150.780 753.659 06:25:04
5.076 149.098 768.780 06:25:05
5.072 252.073 1088.780 06:25:06
5.076 146.390 742.439 06:25:07
5.076 143.585 728.780 06:25:08
5.068 241.683 1697.561 06:25:09
5.072 175.878 1060.000 06:25:10
5.064 461.561 2391.220 06:25:11
5.076 144.585 732.683 06:25:12
5.076 144.390 730.732 06:25:14
5.076 160.585 805.854 06:25:15
5.076 181.073 861.463 06:25:16
5.076 185.585 858.537 06:25:17
5.076 143.293 728.293 06:25:18
5.072 159.976 807.317 06:25:19
5.076 148.878 758.537 06:25:20
5.068 227.488 1107.805 06:25:21
5.076 145.195 836.585 06:25:22
5.076 144.098 730.732 06:25:23
5.076 158.195 804.878 06:25:24
5.076 143.293 728.293 06:25:25
5.052 399.951 1215.610 06:25:26
5.076 152.488 737.073 06:25:27
5.076 143.585 751.220 06:25:28
5.076 167.073 805.854 06:25:29
5.076 143.976 728.293 06:25:30
5.076 161.390 820.000 06:25:31
5.076 147.293 789.756 06:25:32
5.068 200.683 979.024 06:25:33
5.076 145.098 737.561 06:25:34
5.076 144.098 731.220 06:25:35
5.076 158.976 1147.805 06:25:36
5.072 143.585 729.756 06:25:37
5.064 284.366 1413.171 06:25:38
5.076 144.683 735.122 06:25:39
5.076 145.976 775.122 06:25:40
5.076 249.488 806.341 06:25:41
5.076 144.293 729.756 06:25:42
5.064 342.268 1650.244 06:25:43
5.072 183.293 911.220 06:25:44
5.068 214.268 1250.732 06:25:45
5.076 143.780 732.683 06:25:46
5.076 143.585 728.780 06:25:47
5.072 245.878 885.366 06:25:48
5.076 147.390 751.220 06:25:49
5.072 247.780 1155.610 06:25:50
5.076 143.293 730.732 06:25:51
5.076 143.488 728.293 06:25:52
5.064 315.780 1627.805 06:25:53
5.076 144.195 728.293 06:25:54
5.076 143.488 729.756 06:25:55
5.076 158.780 807.317 06:25:56
5.072 143.488 728.780 06:25:57
5.052 326.073 1811.220 06:25:58
5.072 179.293 952.683 06:25:59
5.068 222.171 1146.829 06:26:00
5.076 144.390 728.293 06:26:01
5.076 144.293 732.683 06:26:02
5.072 159.293 806.341 06:26:03
5.076 147.195 749.756 06:26:04
5.060 244.976 1271.707 06:26:05
5.072 189.780 1151.707 06:26:06
5.076 144.098 729.756 06:26:07
5.072 178.195 1298.049 06:26:08
5.072 144.390 730.732 06:26:09
5.072 213.976 824.878 06:26:10
5.076 319.268 732.683 06:26:11
5.052 349.756 1645.854 06:26:12
5.076 146.195 737.561 06:26:13
5.076 144.585 732.195 06:26:14
5.072 150.293 764.878 06:26:15
5.076 144.098 730.732 06:26:16
5.068 315.976 803.415 06:26:17
5.076 144.195 729.756 06:26:18
5.060 246.878 1335.610 06:26:19
5.076 143.878 733.659 06:26:20
5.076 143.098 725.854 06:26:21
5.076 163.780 805.854 06:26:22
5.080 144.195 768.780 06:26:23
5.072 285.463 1334.146 06:26:24
5.072 161.073 732.683 06:26:25
5.076 167.293 901.463 06:26:26
5.076 159.488 806.341 06:26:27
5.072 144.293 726.341 06:26:28
5.076 159.293 1245.854 06:26:29
5.072 153.390 787.317 06:26:30
5.068 241.878 1278.537 06:26:31
5.072 145.390 740.000 06:26:32
5.076 143.585 728.293 06:26:33
5.072 157.293 797.561 06:26:34
5.080 143.390 727.317 06:26:35
5.076 157.488 800.000 06:26:36
5.076 166.585 735.122 06:26:37
5.076 145.098 742.439 06:26:38
5.076 145.195 740.000 06:26:39
5.076 143.390 728.780 06:26:40
5.076 157.195 797.561 06:26:41
5.076 143.585 732.195 06:26:42
5.060 258.268 1375.610 06:26:43
5.076 145.976 736.098 06:26:44
5.076 156.976 796.098 06:26:45
5.076 143.585 732.195 06:26:46
5.076 147.488 750.244 06:26:47
5.076 158.585 1103.902 06:26:48
5.076 145.293 737.073 06:26:49
5.076 184.390 951.707 06:26:50
5.076 147.098 760.976 06:26:51
5.072 229.976 1203.415 06:26:52
5.068 207.171 1054.146 06:26:53
5.068 198.683 1049.268 06:26:54
5.076 170.878 1293.171 06:26:55
5.068 209.390 1107.805 06:26:56
5.076 143.390 728.293 06:26:57
5.076 149.683 755.122 06:26:58
5.076 144.390 729.756 06:26:59
5.072 252.171 1518.537 06:27:00
5.076 145.195 737.561 06:27:01
5.076 150.780 762.439 06:27:02
5.068 157.073 1079.024 06:27:03
5.076 143.293 732.683 06:27:04
5.076 149.780 761.463 06:27:05
5.076 143.585 734.634 06:27:06
5.072 221.268 975.122 06:27:07
5.076 146.878 741.463 06:27:09
5.076 149.878 767.317 06:27:10
5.076 158.488 805.854 06:27:11
5.076 144.390 729.756 06:27:12
5.076 158.073 808.780 06:27:13
5.076 153.195 732.683 06:27:14
5.076 148.683 807.317 06:27:15
5.072 156.488 800.000 06:27:16
5.072 208.585 1042.439 06:27:17
5.076 158.780 807.317 06:27:18
5.072 144.878 730.732 06:27:19
5.072 280.171 1381.951 06:27:20
5.076 143.585 728.780 06:27:21
5.076 145.195 800.976 06:27:22
5.076 157.878 883.902 06:27:23
5.076 200.171 1208.293 06:27:24
5.080 158.878 807.317 06:27:25
5.072 144.195 728.780 06:27:26
5.072 145.878 743.902 06:27:27
5.076 146.098 737.073 06:27:28
5.076 147.195 748.293 06:27:29
5.076 158.488 803.415 06:27:30
5.076 149.585 759.512 06:27:31
5.076 144.878 741.463 06:27:32
5.072 158.780 804.878 06:27:33
5.068 242.976 1232.195 06:27:34
5.068 242.780 1230.732 06:27:35
5.076 145.488 740.000 06:27:36
5.076 186.293 864.878 06:27:37
5.072 175.683 804.878 06:27:38
5.072 144.098 894.146 06:27:39
5.072 158.780 805.854 06:27:40
5.076 180.585 815.122 06:27:41
5.080 145.683 1185.366 06:27:42
5.076 144.390 899.024 06:27:43
5.072 186.780 1015.122 06:27:44
5.072 158.683 807.317 06:27:45
5.072 247.073 1871.220 06:27:46
5.064 251.488 1568.293 06:27:47
5.076 143.488 729.756 06:27:48
5.072 143.976 732.683 06:27:49
5.076 158.195 801.463 06:27:50
5.068 394.366 2003.902 06:27:51
5.064 225.488 1121.463 06:27:52
5.076 145.098 1042.927 06:27:53
5.076 147.878 751.220 06:27:54
5.068 211.585 1067.805 06:27:55
5.076 143.390 1043.902 06:27:56
5.072 145.293 739.512 06:27:57
5.076 143.585 729.756 06:27:58
5.076 148.293 751.220 06:27:59
5.076 158.878 802.439 06:28:00
5.072 206.488 933.659 06:28:01
5.068 208.585 1072.683 06:28:02
5.072 143.585 784.878 06:28:03
5.076 154.585 789.756 06:28:04
5.076 157.195 850.244 06:28:05
5.076 151.195 763.415 06:28:06
5.076 150.878 765.854 06:28:07
5.072 143.488 729.756 06:28:08
5.076 143.683 732.683 06:28:09
5.076 160.390 816.585 06:28:10
5.076 145.195 740.976 06:28:11
5.072 183.585 973.659 06:28:12
5.076 146.878 742.439 06:28:13
5.076 147.780 747.317 06:28:14
5.076 158.976 811.220 06:28:15
5.072 186.293 738.537 06:28:16
5.076 158.073 791.220 06:28:17
5.072 161.488 1015.610 06:28:18
5.076 148.098 749.756 06:28:19
5.076 158.073 891.220 06:28:20
5.072 205.878 1038.049 06:28:21
5.072 148.976 759.512 06:28:22
5.076 145.195 741.463 06:28:23
5.064 243.488 1263.415 06:28:24
5.076 145.098 738.537 06:28:25
5.072 157.878 737.073 06:28:26
5.072 158.390 740.000 06:28:27
5.068 188.293 882.927 06:28:28
5.076 156.488 889.756 06:28:29
5.076 143.488 728.780 06:28:30
5.076 144.780 736.098 06:28:31
5.076 145.390 740.976 06:28:32
5.076 147.488 752.683 06:28:33
5.076 157.585 794.634 06:28:34
5.072 147.195 752.195 06:28:35
5.072 179.683 917.561 06:28:36
5.076 142.976 726.341 06:28:37
5.080 145.390 742.439 06:28:38
5.076 158.780 807.317 06:28:39
5.072 177.683 955.122 06:28:40
5.076 156.683 799.024 06:28:41
5.076 207.268 1011.707 06:28:42
5.076 171.976 824.878 06:28:43
5.076 146.195 739.512 06:28:44
5.072 201.293 983.902 06:28:45
5.060 315.659 1440.000 06:28:46
5.072 175.683 951.220 06:28:47
5.076 199.390 739.512 06:28:48
5.076 145.098 730.732 06:28:49
5.072 190.171 797.073 06:28:50
5.076 159.585 807.317 06:28:51
5.076 145.098 728.780 06:28:52
5.076 144.390 728.293 06:28:53
5.072 158.878 804.878 06:28:54
5.072 218.780 1008.780 06:28:55
5.068 216.878 1106.341 06:28:56
5.076 143.683 729.756 06:28:57
5.072 145.293 740.976 06:28:58
5.076 159.073 804.878 06:28:59
5.076 147.683 745.854 06:29:00
5.076 157.390 797.073 06:29:01
5.068 155.195 740.976 06:29:03
5.076 143.585 728.293 06:29:04
5.072 160.488 818.537 06:29:05
5.072 146.098 740.976 06:29:06
5.076 161.585 820.000 06:29:07
5.072 151.976 772.195 06:29:08
5.072 242.171 1464.878 06:29:09
5.076 145.098 739.512 06:29:10
5.076 158.683 804.878 06:29:11
5.076 159.293 805.854 06:29:12
5.076 159.780 809.756 06:29:13
5.068 175.976 949.268 06:29:14
5.072 202.683 988.780 06:29:15
5.076 144.683 732.195 06:29:16
5.072 160.073 801.463 06:29:17
5.076 144.585 730.732 06:29:18
5.044 235.488 1244.390 06:29:19
5.076 172.878 770.244 06:29:20
5.076 143.585 734.634 06:29:21
5.072 176.488 888.780 06:29:22
5.072 157.195 792.683 06:29:23
5.076 144.683 732.683 06:29:24
5.076 210.878 805.854 06:29:25
5.076 147.488 751.220 06:29:26
5.068 212.073 1348.293 06:29:27
5.072 152.195 741.463 06:29:28
5.076 143.780 729.756 06:29:29
5.072 159.073 805.854 06:29:30
5.076 144.488 732.195 06:29:31
5.072 157.780 800.000 06:29:32
5.076 221.780 1017.561 06:29:33
5.076 143.390 732.195 06:29:34
5.076 157.390 794.634 06:29:35
5.076 144.195 732.195 06:29:36
5.072 248.878 1251.707 06:29:37
5.072 180.488 1030.244 06:29:38
5.068 145.976 963.902 06:29:39
5.076 143.683 732.195 06:29:40
5.076 143.488 731.220 06:29:41
5.076 244.268 807.317 06:29:42
5.076 143.488 729.756 06:29:43
5.060 322.171 1647.317 06:29:44
5.072 203.976 738.537 06:29:45
5.076 143.585 732.195 06:29:46
5.072 161.390 821.463 06:29:47
5.080 143.683 732.195 06:29:48
5.076 157.390 799.024 06:29:49
5.076 143.585 732.195 06:29:50
5.076 147.098 750.244 06:29:51
5.072 157.390 795.122 06:29:52
5.076 144.098 730.732 06:29:53
5.072 225.585 911.220 06:29:54
5.072 146.293 1064.390 06:29:55
5.076 145.976 750.244 06:29:56
5.076 158.780 876.585 06:29:57
5.072 143.683 728.780 06:29:58
5.068 239.366 1211.707 06:29:59
5.076 145.098 737.073 06:30:00
5.068 214.683 1126.341 06:30:01
5.076 146.293 737.073 06:30:02
5.076 143.390 730.732 06:30:03
5.076 158.780 801.463 06:30:04
5.076 143.683 730.732 06:30:05
5.072 160.073 806.341 06:30:06
5.072 197.780 980.488 06:30:07
5.072 195.171 1059.024 06:30:08
5.076 149.098 756.098 06:30:09
5.076 143.585 729.756 06:30:10
5.072 160.976 820.000 06:30:11
5.076 160.683 815.122 06:30:12
5.076 155.390 732.195 06:30:13
5.076 157.073 812.683 06:30:14
5.076 143.878 732.195 06:30:15
5.076 159.293 805.854 06:30:16
5.072 191.780 931.220 06:30:17
5.072 181.683 1267.805 06:30:18
5.076 146.098 738.537 06:30:19
5.076 143.390 728.293 06:30:20
5.076 158.878 801.463 06:30:21
5.076 144.488 732.195 06:30:22
5.076 182.171 1390.732 06:30:23
5.076 146.293 737.073 06:30:24
5.076 144.293 729.756 06:30:25
5.068 255.073 803.902 06:30:26
5.076 144.293 728.780 06:30:27
5.076 191.683 947.805 06:30:28
5.072 176.780 898.537 06:30:29
5.076 144.098 730.732 06:30:30
5.076 156.488 943.902 06:30:31
5.076 144.293 728.293 06:30:32
5.060 313.366 1610.244 06:30:33
5.076 178.878 1096.585 06:30:34
5.060 292.976 1497.073 06:30:35
5.072 211.780 1060.488 06:30:36
5.076 143.683 732.683 06:30:37
5.076 157.293 797.561 06:30:38
5.076 144.293 728.780 06:30:39
5.068 242.878 1221.463 06:30:40
5.072 205.488 779.024 06:30:41
5.076 145.390 986.829 06:30:42
5.076 146.293 737.561 06:30:43
5.076 153.488 777.561 06:30:44
5.076 157.293 797.561 06:30:45
5.076 145.780 740.000 06:30:46
5.076 158.683 806.341 06:30:47
5.076 145.488 732.195 06:30:48
5.072 158.683 795.122 06:30:49
5.076 159.585 804.878 06:30:50
5.072 192.976 1254.146 06:30:51
5.072 145.098 745.854 06:30:52
5.076 146.098 737.073 06:30:53
5.076 157.683 748.780 06:30:54
5.076 159.390 807.317 06:30:55
5.080 155.488 737.073 06:30:57
5.076 144.293 732.195 06:30:58
5.076 157.073 797.561 06:30:59
5.072 158.976 806.341 06:31:00
5.076 156.585 797.561 06:31:01
5.072 267.585 1041.463 06:31:02
5.072 191.780 1070.732 06:31:03
5.076 146.098 737.561 06:31:04
5.076 176.878 931.220 06:31:05
5.076 157.195 1000.488 06:31:06
5.076 143.488 728.293 06:31:07
5.064 335.268 2317.561 06:31:08
5.080 143.390 729.756 06:31:09
5.076 143.878 732.195 06:31:10
5.076 157.488 800.000 06:31:11
5.060 195.293 1519.512 06:31:12
5.076 149.098 752.683 06:31:13
5.080 153.098 734.634 06:31:14
5.076 143.585 731.220 06:31:15
5.076 144.293 728.780 06:31:16
5.064 269.585 836.585 06:31:17
5.076 158.976 1086.341 06:31:18
5.068 187.171 922.927 06:31:19
5.072 176.293 899.024 06:31:20
5.076 144.293 727.317 06:31:21
5.076 144.585 728.293 06:31:22
5.076 157.488 799.024 06:31:23
5.076 151.098 827.805 06:31:24
5.072 157.390 798.537 06:31:25
5.076 144.195 1047.805 06:31:26
5.080 143.488 728.293 06:31:27
5.076 157.073 798.537 06:31:28
5.076 145.195 740.976 06:31:29
5.076 145.976 742.439 06:31:30
5.068 205.780 1055.122 06:31:31
5.076 175.488 995.122 06:31:32
5.076 143.878 728.780 06:31:33
5.076 144.488 733.659 06:31:34
5.076 157.976 798.537 06:31:35
5.076 157.293 799.024 06:31:36
5.068 263.683 1337.073 06:31:37
5.076 145.195 1016.585 06:31:38
5.076 167.488 840.976 06:31:39
5.072 196.171 1038.049 06:31:40
5.072 156.976 797.073 06:31:41
5.068 390.366 1626.341 06:31:42
5.060 422.659 2049.268 06:31:43
5.080 145.098 845.366 06:31:44
5.076 145.098 741.463 06:31:45
5.076 157.293 797.561 06:31:46
5.076 158.683 805.854 06:31:47
5.076 143.585 729.756 06:31:48
5.076 159.073 806.341 06:31:49
5.072 180.780 917.561 06:31:50
5.076 145.488 741.463 06:31:51
5.076 145.390 810.244 06:31:52
5.072 221.780 1123.902 06:31:53
5.076 157.293 797.073 06:31:54
5.076 143.683 730.732 06:31:55
5.072 161.073 1056.585 06:31:56
5.076 157.073 794.634 06:31:57
5.076 150.585 763.902 06:31:58
5.072 236.976 760.000 06:31:59
5.076 145.976 737.073 06:32:00
5.076 152.585 772.195 06:32:01
5.068 160.390 803.415 06:32:02
5.076 254.683 966.341 06:32:03
5.076 145.976 737.561 06:32:04
5.068 218.390 1106.341 06:32:05
5.068 239.073 1213.171 06:32:06
5.076 167.976 728.293 06:32:07
5.072 193.171 1050.244 06:32:08
5.076 158.073 806.341 06:32:09
5.076 146.098 737.073 06:32:10
5.072 159.073 804.878 06:32:11
5.072 189.780 880.976 06:32:12
5.068 208.488 1050.244 06:32:13
5.076 145.293 735.122 06:32:14
5.072 149.780 756.098 06:32:15
5.076 176.683 805.854 06:32:16
5.072 192.878 996.585 06:32:17
5.068 244.585 1210.732 06:32:18
5.076 143.488 728.780 06:32:19
5.076 175.976 893.659 06:32:20
5.076 157.293 798.537 06:32:21
5.076 197.976 737.561 06:32:22
5.076 152.683 778.537 06:32:23
5.076 175.390 765.854 06:32:24
5.080 148.585 965.366 06:32:25
5.076 149.488 812.683 06:32:26
5.076 144.195 728.293 06:32:27
5.076 157.390 800.000 06:32:28
5.076 159.390 806.341 06:32:29
5.076 156.585 795.122 06:32:30
5.064 354.268 1493.171 06:32:31
5.076 146.098 737.561 06:32:32
5.076 143.780 727.317 06:32:33
5.076 158.195 897.561 06:32:34
5.076 205.878 947.805 06:32:35
5.076 159.585 815.122 06:32:36
5.068 242.073 1200.488 06:32:37
5.072 208.878 1058.049 06:32:38
5.076 144.488 732.195 06:32:39
5.076 156.683 797.561 06:32:40
5.076 158.780 812.195 06:32:41
5.076 156.976 793.659 06:32:42
5.068 199.683 1396.098 06:32:43
5.064 197.683 940.000 06:32:44
5.076 144.390 729.756 06:32:45
5.076 144.683 736.098 06:32:46
5.072 145.195 1058.049 06:32:47
5.072 158.878 805.854 06:32:48
5.076 150.976 763.902 06:32:49
5.080 200.780 764.878 06:32:51
5.072 179.878 1078.049 06:32:52
5.076 144.488 729.756 06:32:53
5.076 158.878 806.341 06:32:54
5.076 157.488 796.098 06:32:55
5.072 209.073 1066.341 06:32:56
5.076 144.683 732.683 06:32:57
5.072 159.390 803.415 06:32:58
5.076 214.073 1070.244 06:32:59
5.076 248.366 1033.171 06:33:00
5.076 150.293 1115.122 06:33:01
5.080 143.488 726.341 06:33:02
5.076 144.488 728.780 06:33:03
5.076 162.585 1020.488 06:33:04
5.076 178.488 807.317 06:33:05
5.072 145.195 827.805 06:33:06
5.076 149.878 761.463 06:33:07
5.076 197.878 956.585 06:33:08
5.076 145.195 740.000 06:33:09
5.072 147.390 748.293 06:33:10
5.076 143.585 729.756 06:33:11
5.076 146.098 745.854 06:33:12
5.076 159.780 812.195 06:33:13
5.076 143.585 1015.610 06:33:14
5.080 144.780 733.659 06:33:15
5.076 145.293 746.341 06:33:16
5.076 196.073 804.878 06:33:17
5.076 143.878 733.659 06:33:18
5.068 237.976 1291.707 06:33:19
5.072 179.195 1047.805 06:33:20
5.072 145.488 890.244 06:33:21
5.072 203.683 741.463 06:33:22
5.076 200.683 882.439 06:33:23
5.080 157.195 800.976 06:33:24
5.076 150.195 763.415 06:33:25
5.076 160.293 812.195 06:33:26
5.076 143.878 728.293 06:33:27
5.076 144.098 728.780 06:33:28
5.076 158.195 797.561 06:33:29
5.076 146.195 737.561 06:33:30
5.076 158.976 1250.732 06:33:31
5.068 197.780 976.585 06:33:32
5.072 244.073 1467.317 06:33:33
5.076 146.683 741.463 06:33:34
5.076 143.683 732.195 06:33:35
5.068 158.976 805.854 06:33:36
5.076 150.585 766.341 06:33:37
5.056 394.073 1636.098 06:33:38
5.076 143.683 729.756 06:33:39
5.076 143.683 731.220 06:33:40
5.076 158.976 948.780 06:33:41
5.072 253.366 996.585 06:33:42
5.076 166.293 844.878 06:33:43
5.072 196.073 1015.610 06:33:44
5.076 144.293 737.561 06:33:45
5.080 143.585 729.756 06:33:46
5.076 143.390 728.293 06:33:47
5.072 159.585 864.878 06:33:48
5.076 156.976 796.098 06:33:49
5.076 156.976 798.537 06:33:50
5.072 177.195 938.537 06:33:51
5.076 145.098 741.463 06:33:52
5.076 160.585 814.634 06:33:53
5.076 158.976 805.854 06:33:54
5.076 146.098 737.073 06:33:55
5.076 145.683 737.561 06:33:56
5.076 144.780 741.463 06:33:57
5.076 158.683 854.146 06:33:58
5.076 225.488 736.098 06:33:59
5.068 241.878 1523.415 06:34:00
5.076 152.585 770.244 06:34:01
5.072 177.683 1116.585 06:34:02
5.076 147.780 752.195 06:34:03
5.076 143.488 737.561 06:34:04
5.076 157.585 796.098 06:34:05
5.076 143.683 730.732 06:34:06
5.068 161.195 798.537 06:34:07
5.076 158.390 804.878 06:34:08
5.080 143.585 732.683 06:34:09
5.068 209.585 1045.366 06:34:10
5.076 144.098 731.220 06:34:11
5.076 158.390 800.000 06:34:12
5.076 160.293 809.756 06:34:13
5.072 196.488 1318.049 06:34:14
5.076 157.073 792.195 06:34:15
5.080 146.195 740.976 06:34:16
5.068 219.976 1103.902 06:34:17
5.076 144.780 732.195 06:34:18
5.072 150.683 766.341 06:34:19
5.076 158.073 805.854 06:34:20
5.072 143.390 729.756 06:34:21
5.072 187.976 911.220 06:34:22
5.080 155.195 740.000 06:34:23
5.068 241.268 1218.049 06:34:24
5.076 158.073 850.244 06:34:25
5.068 238.488 1211.707 06:34:26
5.076 147.488 752.195 06:34:27
5.076 144.488 732.683 06:34:28
5.076 158.878 805.854 06:34:29
5.076 146.098 737.561 06:34:30
5.060 187.293 829.756 06:34:31
5.076 147.293 748.780 06:34:32
5.072 178.585 905.366 06:34:33
5.072 219.683 763.415 06:34:34
5.076 143.488 728.780 06:34:35
5.076 158.293 807.317 06:34:36
5.076 143.780 729.756 06:34:37
5.060 317.878 1438.537 06:34:38
5.072 161.293 739.512 06:34:39
5.072 194.171 920.000 06:34:40
5.072 206.488 1070.732 06:34:41
5.076 143.780 728.293 06:34:42
5.076 158.878 806.341 06:34:43
5.076 145.488 741.463 06:34:44
5.072 207.976 988.780 06:34:46
5.068 197.878 976.585 06:34:47
5.076 143.488 725.854 06:34:48
5.076 145.195 737.561 06:34:49
5.076 150.293 739.512 06:34:50
5.076 159.073 879.024 06:34:51
5.076 145.585 743.415 06:34:52
5.076 145.098 737.073 06:34:53
5.072 156.390 792.195 06:34:54
5.076 144.390 732.195 06:34:55
5.072 293.073 1608.780 06:34:56
5.080 145.488 740.000 06:34:57
5.064 219.488 1234.146 06:34:58
5.076 250.976 805.854 06:34:59
5.076 143.585 731.220 06:35:00
5.076 159.390 807.805 06:35:01
5.076 143.585 732.683 06:35:02
5.072 145.976 793.659 06:35:03
5.076 143.878 731.220 06:35:04
5.076 147.683 754.634 06:35:05
5.060 398.268 1377.073 06:35:06
5.076 183.171 1036.585 06:35:07
5.072 246.488 1129.268 06:35:08
5.076 143.585 1060.000 06:35:09
5.076 146.780 744.878 06:35:10
5.076 158.976 807.317 06:35:11
5.076 190.488 931.707 06:35:12
5.072 237.268 1223.415 06:35:13
5.068 200.171 734.634 06:35:14
5.076 143.878 729.756 06:35:15
5.076 157.488 799.024 06:35:16
5.072 143.585 797.073 06:35:17
5.068 442.146 2380.000 06:35:18
5.076 143.878 735.122 06:35:19
5.076 142.780 728.780 06:35:20
5.076 150.098 760.976 06:35:21
5.076 143.585 732.195 06:35:22
5.076 158.780 807.317 06:35:23
5.076 172.683 732.683 06:35:24
5.072 224.683 1582.439 06:35:25
5.076 144.683 742.439 06:35:26
5.076 146.683 746.341 06:35:27
5.076 158.976 805.854 06:35:28
5.080 144.390 730.732 06:35:29
5.060 316.659 2008.293 06:35:30
5.076 153.488 737.073 06:35:31
5.076 143.585 732.195 06:35:32
5.076 208.585 896.098 06:35:33
5.076 144.293 729.756 06:35:34
5.076 158.585 805.854 06:35:35
5.076 149.780 762.439 06:35:36
5.064 298.073 1401.951 06:35:37
5.076 194.976 866.341 06:35:38
5.076 144.195 728.780 06:35:39
5.076 157.488 797.073 06:35:40
5.068 205.780 1055.122 06:35:41
5.076 157.390 799.024 06:35:42
5.076 144.585 741.463 06:35:43
5.076 143.585 728.780 06:35:44
5.076 148.195 752.195 06:35:45
5.072 189.585 757.073 06:35:46
5.072 195.488 920.000 06:35:47
5.076 153.098 728.293 06:35:48
5.064 220.976 1098.049 06:35:49
5.076 143.976 757.073 06:35:50
5.076 157.073 797.073 06:35:51
5.076 159.073 807.317 06:35:52
5.076 143.390 729.756 06:35:53
5.076 156.976 797.561 06:35:54
5.072 158.683 807.317 06:35:55
5.076 147.585 1002.927 06:35:56
5.076 156.780 795.122 06:35:57
5.076 162.878 732.195 06:35:58
5.072 173.683 880.000 06:35:59
5.076 144.488 733.659 06:36:00
5.076 150.098 767.317 06:36:01
5.076 207.488 760.976 06:36:02
5.076 145.098 738.537 06:36:03
5.076 171.073 895.122 06:36:04
5.076 143.780 733.659 06:36:05
5.076 156.878 729.756 06:36:06
5.064 212.976 1040.000 06:36:07
5.072 194.073 1018.049 06:36:08
5.068 158.976 807.317 06:36:09
5.076 144.293 732.195 06:36:10
5.076 314.171 735.122 06:36:11
5.076 159.195 805.854 06:36:12
5.072 195.683 912.683 06:36:13
5.076 149.878 756.098 06:36:14
5.076 146.195 749.756 06:36:15
5.068 210.268 951.220 06:36:16
5.076 156.683 799.024 06:36:17
5.072 236.976 1032.683 06:36:18
5.076 158.683 807.317 06:36:19
5.076 143.098 763.902 06:36:20
5.068 247.171 1237.073 06:36:21
5.076 239.171 1001.463 06:36:22
5.076 158.878 805.854 06:36:23
5.072 182.976 966.341 06:36:24
5.076 143.976 729.756 06:36:25
5.076 168.073 820.000 06:36:26
5.076 143.780 729.756 06:36:27
5.076 157.878 927.805 06:36:28
5.072 234.683 942.439 06:36:29
5.076 175.976 863.415 06:36:30
5.076 143.585 728.293 06:36:31
5.076 147.098 753.659 06:36:32
5.072 150.683 765.854 06:36:33
5.072 152.976 771.220 06:36:34
5.072 219.488 1123.902 06:36:35
5.076 145.976 742.439 06:36:36
5.076 197.585 737.561 06:36:37
5.076 143.780 743.902 06:36:39
5.076 149.098 757.561 06:36:40
5.068 247.366 1344.878 06:36:41
5.072 189.878 927.805 06:36:42
5.076 193.171 897.561 06:36:43
5.076 145.976 836.585 06:36:44
5.076 156.390 797.073 06:36:45
5.076 252.268 807.317 06:36:46
5.072 208.780 1144.390 06:36:47
5.072 243.585 1212.195 06:36:48
5.072 162.390 1031.220 06:36:49
5.076 156.878 797.561 06:36:50
5.072 276.268 885.366 06:36:51
5.076 158.390 791.220 06:36:52
5.076 151.585 752.195 06:36:53
5.076 144.195 773.659 06:36:54
5.076 158.488 805.854 06:36:55
5.068 157.488 797.561 06:36:56
5.068 211.683 1075.122 06:36:57
5.060 242.878 950.244 06:36:58
5.080 144.390 729.756 06:36:59
5.076 143.488 729.756 06:37:00
5.072 158.780 807.317 06:37:01
5.076 151.098 764.878 06:37:02
5.068 243.366 1218.049 06:37:03
5.076 143.683 730.732 06:37:04
5.076 156.390 792.683 06:37:05
5.076 158.878 807.317 06:37:06
5.076 152.780 1063.902 06:37:07
5.076 159.195 798.537 06:37:08
5.076 200.683 1002.927 06:37:09
5.076 225.585 910.244 06:37:10
5.076 145.293 738.537 06:37:11
5.076 156.488 795.122 06:37:12
5.072 159.878 813.659 06:37:13
5.072 210.976 1066.341 06:37:14
5.064 286.073 1423.415 06:37:15
5.072 144.585 992.683 06:37:16
5.076 146.098 737.561 06:37:17
5.076 157.585 802.439 06:37:18
5.076 147.585 748.780 06:37:19
5.076 157.390 798.537 06:37:20
5.076 143.683 729.756 06:37:21
5.076 237.878 1171.707 06:37:22
5.080 144.195 735.122 06:37:23
5.076 143.390 729.756 06:37:24
5.076 157.390 800.000 06:37:25
5.076 158.976 807.317 06:37:26
5.072 210.878 1322.927 06:37:27
5.076 152.585 771.220 06:37:28
5.080 144.390 730.732 06:37:29
5.076 158.976 805.854 06:37:30
5.072 146.195 740.976 06:37:31
5.076 157.878 801.463 06:37:32
5.076 144.390 800.000 06:37:33
5.076 144.293 732.195 06:37:34
5.068 246.268 1244.390 06:37:35
5.076 143.780 731.220 06:37:36
5.076 159.683 810.244 06:37:37
5.076 144.293 735.122 06:37:38
5.076 143.585 729.756 06:37:39
5.072 179.488 757.561 06:37:40
5.080 143.780 733.659 06:37:41
5.068 241.366 1229.268 06:37:42
5.076 144.293 995.610 06:37:43
5.068 203.976 1361.951 06:37:44
5.080 143.780 728.780 06:37:45
5.076 143.683 733.659 06:37:46
5.076 176.293 805.854 06:37:47
5.076 144.390 729.756 06:37:48
5.068 240.585 1239.512 06:37:49
5.076 143.976 728.780 06:37:50
5.076 152.683 730.732 06:37:51
5.068 158.878 801.463 06:37:52
5.076 143.195 728.780 06:37:53
5.076 143.976 730.732 06:37:54
5.072 277.073 1225.854 06:37:55
5.076 149.293 1210.732 06:37:56
5.076 196.390 982.439 06:37:57
5.076 143.878 733.659 06:37:58
5.072 143.878 733.659 06:37:59
5.076 229.488 806.341 06:38:00
5.076 144.293 728.293 06:38:01
5.060 337.878 1646.341 06:38:02
5.076 145.390 736.098 06:38:03
5.076 143.878 729.756 06:38:04
5.076 157.293 799.024 06:38:05
5.076 143.683 735.122 06:38:06
5.076 159.293 807.805 06:38:07
5.076 145.293 739.512 06:38:08
5.072 152.488 736.098 06:38:09
5.076 268.171 1144.390 06:38:10
5.076 146.780 883.902 06:38:11
5.076 194.976 815.122 06:38:12
5.076 147.293 749.756 06:38:13
5.064 251.268 1519.512 06:38:14
5.076 148.293 754.634 06:38:15
5.076 143.293 728.293 06:38:16
5.056 321.659 1655.122 06:38:17
5.076 180.878 853.659 06:38:18
5.076 247.488 740.976 06:38:19
5.076 148.878 756.098 06:38:20
5.076 144.293 735.122 06:38:21
5.072 255.073 1870.244 06:38:22
5.072 180.585 1059.024 06:38:23
5.072 159.195 737.561 06:38:24
5.076 143.976 728.780 06:38:25
5.076 147.195 745.854 06:38:26
5.080 264.976 1073.171 06:38:27
5.076 147.780 749.756 06:38:28
5.048 407.463 2059.024 06:38:29
5.076 143.683 729.756 06:38:30
5.076 143.976 735.122 06:38:31
5.076 155.878 799.024 06:38:32
5.080 146.293 744.878 06:38:34
5.068 284.780 1951.707 06:38:35
5.076 145.293 742.439 06:38:36
5.076 145.098 726.341 06:38:37
5.076 158.878 806.341 06:38:38
5.076 143.585 730.732 06:38:39
5.068 287.561 1297.073 06:38:40
5.076 144.488 985.366 06:38:41
5.072 230.683 1040.000 06:38:42
5.076 143.780 733.659 06:38:43
5.080 143.683 730.732 06:38:44
5.064 246.073 1265.366 06:38:45
5.068 153.683 810.244 06:38:46
5.076 187.878 821.463 06:38:47
5.072 148.683 1289.268 06:38:48
5.076 143.683 735.122 06:38:49
5.076 144.293 730.732 06:38:50
5.076 143.585 729.756 06:38:51
5.072 253.073 1234.634 06:38:52
5.076 145.293 737.561 06:38:53
5.076 143.780 729.756 06:38:54
5.068 239.585 1239.512 06:38:55
5.072 176.390 905.366 06:38:56
5.072 153.585 773.659 06:38:57
5.080 144.390 732.195 06:38:58
5.076 144.293 728.293 06:38:59
5.076 157.488 800.000 06:39:00
5.076 150.585 763.902 06:39:01
5.064 282.268 1537.073 06:39:02
5.076 146.098 732.683 06:39:03
5.076 143.390 733.659 06:39:04
5.076 158.878 809.756 06:39:05
5.080 143.683 733.659 06:39:06
5.076 161.878 822.439 06:39:07
5.076 146.488 737.073 06:39:08
5.072 186.073 778.537 06:39:09
5.072 197.976 740.976 06:39:10
5.076 143.683 917.561 06:39:11
5.060 236.976 1199.512 06:39:12
5.072 177.683 1120.488 06:39:13
5.064 269.171 1718.537 06:39:14
5.076 144.878 733.659 06:39:15
5.076 143.585 733.659 06:39:16
5.076 249.366 1181.463 06:39:17
5.076 143.780 729.756 06:39:18
5.064 384.561 1617.073 06:39:19
5.076 146.195 737.561 06:39:20
5.076 143.683 729.756 06:39:21
5.076 144.780 729.756 06:39:22
5.076 143.878 732.195 06:39:23
5.076 158.878 810.244 06:39:24
5.068 161.878 1055.610 06:39:25
5.076 193.683 971.707 06:39:26
5.076 143.780 729.756 06:39:27
5.076 144.098 730.732 06:39:28
5.076 148.488 753.659 06:39:29
5.076 144.098 731.220 06:39:30
5.072 159.195 878.537 06:39:31
5.076 144.683 731.220 06:39:32
5.076 156.488 797.561 06:39:33
5.076 144.488 731.220 06:39:34
5.076 163.293 763.415 06:39:35
5.072 193.683 920.000 06:39:36
5.072 143.780 728.780 06:39:37
5.068 305.463 984.878 06:39:38
5.076 146.195 737.073 06:39:39
5.076 157.390 796.098 06:39:40
5.072 156.683 799.024 06:39:41
5.076 198.780 1009.268 06:39:42
5.076 156.293 792.683 06:39:43
5.076 146.195 737.561 06:39:44
5.076 159.195 805.854 06:39:45
5.072 158.976 906.341 06:39:46
5.068 252.976 1250.732 06:39:47
5.076 159.488 912.683 06:39:48
5.076 145.976 740.976 06:39:49
5.072 283.561 937.561 06:39:50
5.072 145.976 737.073 06:39:51
5.076 157.195 797.561 06:39:52
5.072 259.780 1218.049 06:39:53
5.080 143.878 732.683 06:39:54
5.076 157.073 959.024 06:39:55
5.076 199.878 847.317 06:39:56
5.072 280.463 1044.390 06:39:57
5.072 242.976 1274.634 06:39:58
5.072 215.171 963.902 06:39:59
5.068 243.878 1212.195 06:40:00
5.076 143.780 729.756 06:40:01
5.076 158.683 805.854 06:40:02
5.076 146.293 738.537 06:40:03
5.076 176.293 954.146 06:40:04
5.076 158.488 803.902 06:40:05
5.076 176.293 860.000 06:40:06
5.076 157.293 796.098 06:40:07
5.076 144.390 728.293 06:40:08
5.076 157.488 795.122 06:40:09
5.072 269.366 1046.341 06:40:10
5.072 180.073 900.976 06:40:11
5.064 183.390 807.317 06:40:12
5.076 144.780 737.073 06:40:13
5.076 160.585 806.341 06:40:14
5.080 145.390 752.195 06:40:15
5.064 244.268 913.659 06:40:16
5.076 156.195 872.195 06:40:17
5.076 145.780 737.073 06:40:18
5.072 158.585 806.341 06:40:19
5.076 157.293 797.561 06:40:20
5.076 156.976 801.463 06:40:21
5.076 157.293 799.024 06:40:22
5.076 143.780 728.780 06:40:23
5.068 348.878 1753.659 06:40:24
5.076 144.780 732.195 06:40:25
5.076 157.390 800.000 06:40:26
5.076 168.293 861.463 06:40:27
5.076 159.780 807.317 06:40:28
5.068 209.488 1059.024 06:40:29
5.076 146.878 742.439 06:40:31
5.076 144.585 729.756 06:40:32
5.076 156.878 797.561 06:40:33
5.076 157.878 801.463 06:40:34
5.076 157.780 800.000 06:40:35
5.068 205.878 1041.463 06:40:36
5.076 143.878 730.732 06:40:37
5.072 157.488 790.244 06:40:38
5.072 158.976 805.854 06:40:39
5.076 243.268 1294.146 06:40:40
5.072 191.585 1350.732 06:40:41
5.072 219.268 1094.146 06:40:42
5.076 226.976 807.805 06:40:43
5.076 158.683 803.415 06:40:44
5.072 157.073 798.537 06:40:45
5.072 240.073 1216.585 06:40:46
5.076 143.780 729.756 06:40:47
5.076 143.878 735.122 06:40:48
5.080 152.683 733.659 06:40:49
5.076 163.878 833.659 06:40:50
5.076 159.073 950.244 06:40:51
5.068 217.073 1123.902 06:40:52
5.076 144.390 738.537 06:40:53
5.072 158.683 802.439 06:40:54
5.048 461.366 2039.512 06:40:55
5.076 157.390 797.561 06:40:56
5.076 145.390 1140.488 06:40:57
5.076 157.390 797.561 06:40:58
5.076 145.293 733.659 06:40:59
5.076 159.195 803.415 06:41:00
5.076 145.293 737.561 06:41:01
5.064 251.268 1202.927 06:41:02
5.076 145.488 743.415 06:41:03
5.076 144.585 732.683 06:41:04
5.076 157.293 813.659 06:41:05
5.076 148.585 753.659 06:41:06
5.076 159.073 1007.805 06:41:07
5.076 146.878 739.512 06:41:08
5.068 145.976 1251.707 06:41:09
5.072 146.195 737.073 06:41:10
5.072 144.488 732.683 06:41:11
5.068 245.683 1214.634 06:41:12
5.072 146.878 740.000 06:41:13
5.064 265.171 1348.293 06:41:14
5.076 143.683 729.756 06:41:15
5.076 142.585 737.561 06:41:16
5.076 157.293 802.439 06:41:17
5.076 143.976 734.634 06:41:18
5.048 363.561 1383.415 06:41:19
5.076 143.878 730.732 06:41:20
5.076 144.585 732.683 06:41:21
5.076 158.780 833.659 06:41:22
5.076 143.585 729.756 06:41:23
5.076 157.585 796.098 06:41:24
5.080 144.780 740.000 06:41:25
5.072 180.488 956.585 06:41:26
5.080 145.976 743.415 06:41:27
5.072 143.683 734.634 06:41:28
5.076 157.073 797.073 06:41:29
5.076 183.293 904.878 06:41:30
5.068 358.561 1584.878 06:41:31
5.076 145.098 742.439 06:41:32
5.080 144.488 729.756 06:41:33
5.068 159.073 807.317 06:41:34
5.076 143.878 729.756 06:41:35
5.064 238.585 1499.512 06:41:36
5.072 172.195 737.561 06:41:37
5.076 161.293 899.024 06:41:38
5.072 149.878 1201.463 06:41:39
5.076 143.683 732.683 06:41:40
5.076 159.195 900.976 06:41:41
5.076 143.585 740.976 06:41:42
5.080 155.073 787.805 06:41:43
5.076 144.293 729.756 06:41:44
5.076 143.488 729.756 06:41:45
5.072 166.488 758.537 06:41:46
5.076 147.780 728.780 06:41:47
5.068 297.366 1289.756 06:41:48
5.076 143.878 732.683 06:41:49
5.072 217.878 1099.024 06:41:50
5.076 144.683 735.122 06:41:51
5.076 148.780 751.220 06:41:52
5.068 237.366 1221.951 06:41:53
5.072 195.683 948.780 06:41:54
5.076 144.488 991.220 06:41:55
5.064 156.683 799.024 06:41:56
5.076 144.098 772.195 06:41:57
5.072 158.683 805.854 06:41:58
5.076 146.098 743.415 06:41:59
5.076 150.976 763.415 06:42:00
5.076 184.073 798.537 06:42:01
5.076 143.585 733.659 06:42:02
5.072 206.268 1473.659 06:42:03
5.076 145.390 862.439 06:42:04
5.076 158.976 802.439 06:42:05
5.076 157.585 796.098 06:42:06
5.068 238.878 1213.171 06:42:07
5.072 159.390 810.244 06:42:08
5.076 199.073 742.439 06:42:09
5.076 144.780 732.683 06:42:10
5.076 159.976 1681.463 06:42:11
5.072 202.171 995.610 06:42:12
5.076 189.878 1240.488 06:42:13
5.076 145.195 738.537 06:42:14
5.076 144.585 735.122 06:42:15
5.076 157.488 799.024 06:42:16
5.076 143.780 735.122 06:42:17
5.068 242.268 1232.195 06:42:18
5.076 204.585 1513.171 06:42:19
5.072 159.195 1069.268 06:42:20
5.076 151.683 775.122 06:42:21
5.080 144.195 733.659 06:42:22
5.064 314.171 1300.976 06:42:23
5.076 146.488 803.415 06:42:25
5.068 210.268 958.049 06:42:26
5.076 144.390 739.512 06:42:27
5.076 143.683 732.195 06:42:28
5.076 157.683 802.439 06:42:29
5.076 147.390 752.195 06:42:30
5.064 319.561 1623.415 06:42:31
5.076 147.098 744.878 06:42:32
5.076 143.683 729.756 06:42:33
5.076 158.488 805.854 06:42:34
5.076 143.976 733.659 06:42:35
5.052 403.268 2021.951 06:42:36
5.076 144.390 729.756 06:42:37
5.076 143.878 730.732 06:42:38
5.072 157.293 800.000 06:42:39
5.076 144.488 732.683 06:42:40
5.060 319.463 1608.293 06:42:41
5.076 145.488 737.073 06:42:42
5.076 143.488 732.195 06:42:43
5.076 158.293 803.415 06:42:44
5.076 143.195 729.756 06:42:45
5.056 445.463 2333.171 06:42:46
5.076 146.293 737.561 06:42:47
5.076 143.683 730.732 06:42:48
5.076 159.073 807.317 06:42:49
5.076 143.780 728.780 06:42:50
5.072 228.171 987.805 06:42:51
5.076 143.780 732.683 06:42:52
5.076 144.390 728.293 06:42:53
5.060 314.463 1508.780 06:42:54
5.076 145.293 740.976 06:42:55
5.076 143.780 732.195 06:42:56
5.072 161.488 819.024 06:42:57
5.076 143.878 994.146 06:42:58
5.068 240.366 1661.463 06:42:59
5.080 145.098 729.756 06:43:00
5.076 148.098 752.195 06:43:01
5.076 157.390 800.000 06:43:02
5.080 144.390 730.732 06:43:03
5.076 158.195 807.317 06:43:04
5.076 145.390 741.463 06:43:05
5.064 288.683 1380.976 06:43:06
5.080 145.585 741.463 06:43:07
5.072 200.683 922.439 06:43:08
5.076 145.488 739.512 06:43:09
5.076 144.488 732.195 06:43:10
5.064 281.366 1520.000 06:43:11
5.076 144.293 732.683 06:43:12
5.068 216.390 1101.463 06:43:13
5.080 149.293 750.244 06:43:14
5.076 145.390 735.122 06:43:15
5.076 159.073 1259.512 06:43:16
5.076 143.878 730.732 06:43:17
5.072 204.488 1037.561 06:43:18
5.076 145.683 742.439 06:43:19
5.072 176.976 888.780 06:43:20
5.076 210.268 930.244 06:43:21
5.076 143.976 729.756 06:43:22
5.068 242.268 1245.854 06:43:23
5.076 164.488 741.463 06:43:24
5.068 216.073 1117.561 06:43:25
5.068 197.073 741.463 06:43:26
5.076 143.488 735.122 06:43:27
5.076 156.488 796.098 06:43:28
5.076 143.585 730.732 06:43:29
5.068 245.780 1233.171 06:43:30
5.072 188.780 921.463 06:43:31
5.068 262.463 994.146 06:43:32
5.076 144.976 735.122 06:43:33
5.076 144.293 728.293 06:43:34
5.076 157.390 792.683 06:43:35
5.076 144.390 732.195 06:43:36
5.060 320.780 1712.683 06:43:37
5.076 146.976 740.976 06:43:38
5.076 145.878 739.512 06:43:39
5.076 162.195 739.512 06:43:40
5.076 144.098 728.293 06:43:41
5.072 159.293 807.805 06:43:42
5.076 144.098 732.195 06:43:43
5.076 273.171 1237.073 06:43:44
5.076 233.878 1023.902 06:43:45
5.076 142.878 728.780 06:43:46
5.076 158.878 807.317 06:43:47
5.076 143.683 732.195 06:43:48
5.052 316.268 1212.195 06:43:49
5.072 236.780 971.220 06:43:50
5.076 145.878 740.000 06:43:51
5.072 157.488 798.537 06:43:52
5.076 146.195 737.561 06:43:53
5.076 143.488 732.195 06:43:54
5.076 185.976 797.561 06:43:55
5.076 203.073 986.341 06:43:56
5.068 240.171 1292.195 06:43:57
5.076 143.780 734.634 06:43:58
5.076 144.683 732.683 06:43:59
5.076 174.683 1374.634 06:44:00
5.076 143.683 728.780 06:44:01
5.076 157.976 792.195 06:44:02
5.072 215.171 955.122 06:44:03
5.076 144.293 730.732 06:44:04
5.076 149.293 757.073 06:44:05
5.076 144.488 728.780 06:44:06
5.072 231.683 807.317 06:44:07
5.076 143.780 734.634 06:44:08
5.072 191.878 903.902 06:44:09
5.076 149.878 747.317 06:44:10
5.076 145.293 1190.244 06:44:11
5.076 159.488 809.756 06:44:12
5.076 150.585 763.902 06:44:13
5.072 260.878 995.122 06:44:14
5.076 146.098 1018.049 06:44:15
5.076 143.585 730.732 06:44:16
5.076 156.780 800.976 06:44:17
5.076 150.195 752.683 06:44:19
5.076 238.366 1240.976 06:44:20
5.076 147.488 749.756 06:44:21
5.076 144.488 732.195 06:44:22
5.072 160.780 818.537 06:44:23
5.076 146.098 745.854 06:44:24
5.076 143.585 730.732 06:44:25
5.072 284.463 757.561 06:44:26
5.080 143.683 732.195 06:44:27
5.072 178.683 808.780 06:44:28
5.072 145.390 737.561 06:44:29
5.072 265.073 1043.902 06:44:30
5.076 146.293 738.537 06:44:31
5.076 143.683 732.195 06:44:32
5.076 158.683 809.756 06:44:33
5.076 144.488 729.756 06:44:34
5.056 330.976 1650.244 06:44:35
5.076 200.976 1068.780 06:44:36
5.080 144.293 728.780 06:44:37
5.068 145.683 852.683 06:44:38
5.076 196.976 728.293 06:44:39
5.076 179.878 882.439 06:44:40
5.060 318.561 1604.878 06:44:41
5.076 145.488 741.463 06:44:42
5.076 144.390 733.659 06:44:43
5.076 169.976 802.439 06:44:44
5.072 181.488 918.537 06:44:45
5.076 251.366 806.341 06:44:46
5.068 204.073 980.000 06:44:47
5.072 222.268 1393.171 06:44:48
5.072 200.488 739.512 06:44:49
5.076 142.976 740.976 06:44:50
5.076 159.073 803.415 06:44:51
5.076 194.878 1031.220 06:44:52
5.076 143.390 729.756 06:44:53
5.076 145.390 1119.024 06:44:54
5.076 144.683 732.683 06:44:55
5.080 157.390 800.000 06:44:56
5.076 143.293 726.341 06:44:57
5.064 274.268 1458.537 06:44:58
5.080 144.098 729.756 06:44:59
5.076 144.488 732.195 06:45:00
5.076 171.195 807.317 06:45:01
5.080 144.293 729.756 06:45:02
5.072 240.171 1402.439 06:45:03
5.076 203.878 933.659 06:45:04
5.076 176.878 1060.000 06:45:05
5.076 143.878 732.195 06:45:06
5.076 144.293 939.024 06:45:07
5.076 159.488 1011.707 06:45:08
5.076 153.488 759.512 06:45:09
5.056 290.171 1776.585 06:45:10
5.076 253.268 748.293 06:45:11
5.076 176.195 947.317 06:45:12
5.068 160.683 807.805 06:45:13
5.076 157.390 800.000 06:45:14
5.076 157.195 1223.415 06:45:15
5.076 268.073 1212.195 06:45:16
5.072 144.195 732.195 06:45:17
5.076 149.390 757.073 06:45:18
5.076 145.488 737.561 06:45:19
5.072 192.390 956.098 06:45:20
5.076 169.976 816.585 06:45:21
5.068 341.073 2230.732 06:45:22
5.072 217.390 1095.122 06:45:23
5.076 145.488 735.122 06:45:24
5.068 219.976 1093.171 06:45:25
5.076 157.488 797.561 06:45:26
5.072 158.976 807.317 06:45:27
5.072 157.585 800.000 06:45:28
5.076 198.780 1203.415 06:45:29
5.076 146.195 737.073 06:45:30
5.076 145.683 730.732 06:45:31
5.076 158.073 799.024 06:45:32
5.076 157.390 799.024 06:45:33
5.076 157.293 796.098 06:45:34
5.068 157.488 800.000 06:45:35
5.076 144.488 728.780 06:45:36
5.076 147.098 748.780 06:45:37
5.076 145.293 737.561 06:45:38
5.072 215.878 1096.585 06:45:39
5.072 146.488 745.854 06:45:40
5.072 151.195 763.902 06:45:41
5.076 171.878 800.000 06:45:42
5.080 143.780 729.756 06:45:43
5.072 208.488 1059.024 06:45:44
5.076 144.488 757.073 06:45:45
5.068 244.488 1239.024 06:45:46
5.076 154.683 737.561 06:45:47
5.072 217.780 1182.927 06:45:48
5.068 206.683 1400.976 06:45:49
5.076 152.683 776.098 06:45:50
5.068 199.171 1166.829 06:45:51
5.076 145.390 742.439 06:45:52
5.076 144.390 732.195 06:45:53
5.064 241.268 1220.488 06:45:54
5.076 145.195 737.561 06:45:55
5.072 159.293 808.780 06:45:56
5.076 156.683 797.561 06:45:57
5.072 199.488 905.366 06:45:58
5.076 149.976 761.463 06:45:59
5.076 143.585 730.732 06:46:00
5.076 158.488 808.780 06:46:01
5.076 144.098 733.659 06:46:02
5.072 157.390 804.878 06:46:03
5.076 175.585 742.439 06:46:04
5.076 144.390 728.780 06:46:05
5.072 149.683 760.976 06:46:06
5.076 143.683 729.756 06:46:07
5.064 307.268 1609.756 06:46:08
5.072 145.098 734.634 06:46:09
5.064 230.268 912.683 06:46:10
5.072 260.463 739.512 06:46:11
5.080 143.780 734.634 06:46:13
5.076 159.488 804.878 06:46:14
5.076 180.585 740.000 06:46:15
5.076 144.488 730.732 06:46:16
5.068 149.293 756.098 06:46:17
5.076 143.780 729.756 06:46:18
5.072 157.780 1663.415 06:46:19
5.068 210.683 1233.171 06:46:20
5.076 145.976 746.341 06:46:21
5.076 199.488 1165.366 06:46:22
5.072 189.683 947.805 06:46:23
5.072 332.659 1095.122 06:46:24
5.076 145.976 737.561 06:46:25
5.076 226.073 1007.805 06:46:26
5.076 158.976 807.317 06:46:27
5.076 144.488 728.293 06:46:28
5.076 158.780 837.561 06:46:29
5.072 199.780 738.537 06:46:30
5.076 147.390 758.537 06:46:31
5.052 434.171 1235.610 06:46:32
5.076 207.390 1189.268 06:46:33
5.076 145.488 1002.439 06:46:34
5.076 145.195 819.024 06:46:35
5.076 157.585 792.683 06:46:36
5.072 157.390 799.024 06:46:37
5.076 157.488 800.000 06:46:38
5.068 221.780 1445.854 06:46:39
5.076 144.585 730.732 06:46:40
5.072 165.780 750.244 06:46:41
5.068 159.073 803.415 06:46:42
5.076 158.073 805.854 06:46:43
5.076 143.780 730.732 06:46:44
5.068 209.268 1061.951 06:46:45
5.064 217.390 822.439 06:46:46
5.076 145.780 737.561 06:46:47
5.068 240.171 1243.415 06:46:48
5.076 143.683 728.780 06:46:49
5.072 194.878 804.878 06:46:50
5.076 158.073 792.683 06:46:51
5.076 145.293 783.902 06:46:52
5.076 156.780 796.098 06:46:53
5.072 193.488 899.024 06:46:54
5.076 146.293 1019.024 06:46:55
5.076 157.390 799.024 06:46:56
5.076 143.780 731.220 06:46:57
5.068 349.976 1225.854 06:46:58
5.076 145.293 778.537 06:46:59
5.076 157.585 799.024 06:47:00
5.072 199.683 1067.805 06:47:01
5.076 144.293 730.732 06:47:02
5.076 147.780 751.220 06:47:03
5.076 144.390 730.732 06:47:04
5.068 244.488 1233.171 06:47:05
5.076 143.878 734.634 06:47:06
5.072 221.268 1202.927 06:47:07
5.076 149.780 748.780 06:47:08
5.076 143.780 735.122 06:47:09
5.068 240.976 1408.293 06:47:10
5.076 145.390 739.512 06:47:11
5.076 157.195 798.537 06:47:12
5.076 144.976 735.122 06:47:13
5.076 143.585 728.780 06:47:14
5.072 171.585 730.732 06:47:15
5.076 145.488 735.122 06:47:16
5.076 157.195 801.463 06:47:17
5.080 144.293 734.634 06:47:18
5.076 151.976 770.244 06:47:19
5.076 241.366 798.537 06:47:20
5.076 157.390 799.024 06:47:21
5.072 238.683 801.463 06:47:22
5.076 143.780 731.220 06:47:23
5.076 158.878 803.415 06:47:24
5.076 157.488 803.415 06:47:25
5.048 327.073 1215.610 06:47:26
5.068 252.780 1243.415 06:47:27
5.064 208.683 1053.171 06:47:28
5.076 144.195 733.659 06:47:29
5.076 145.293 737.561 06:47:30
5.076 159.073 807.805 06:47:31
5.076 157.585 799.024 06:47:32
5.068 242.976 1247.805 06:47:33
5.072 239.976 1221.463 06:47:34
5.076 144.390 729.756 06:47:35
5.076 159.293 809.756 06:47:36
5.072 156.488 798.537 06:47:37
5.068 238.366 1285.854 06:47:38
5.052 320.463 1744.878 06:47:39
5.072 156.293 745.854 06:47:40
5.072 179.488 962.439 06:47:41
5.076 143.585 730.732 06:47:42
5.072 239.878 1215.610 06:47:43
5.076 143.878 733.659 06:47:44
5.076 143.976 731.220 06:47:45
5.076 157.390 1202.927 06:47:46
5.076 143.293 730.732 06:47:47
5.076 158.390 803.902 06:47:48
5.076 161.293 742.439 06:47:49
5.072 269.463 1285.854 06:47:50
5.072 149.390 759.512 06:47:51
5.076 145.488 740.976 06:47:52
5.064 256.585 1578.537 06:47:53
5.076 158.878 805.854 06:47:54
5.080 144.585 730.732 06:47:55
5.076 160.293 807.805 06:47:56
5.072 146.293 770.244 06:47:57
5.068 303.878 1206.829 06:47:58
5.076 145.488 737.561 06:47:59
5.072 237.488 964.878 06:48:00
5.076 149.195 762.439 06:48:01
5.076 143.780 729.756 06:48:02
5.072 157.683 801.463 06:48:03
5.076 148.878 760.976 06:48:04
5.072 218.171 1105.366 06:48:05
5.076 157.073 799.024 06:48:07
5.072 156.780 801.463 06:48:08
5.072 158.976 808.780 06:48:09
5.080 144.293 732.683 06:48:10
5.072 210.878 1061.463 06:48:11
5.064 146.780 742.439 06:48:12
5.076 151.293 763.902 06:48:13
5.076 160.195 805.854 06:48:14
5.076 143.878 729.756 06:48:15
5.076 186.171 815.122 06:48:16
5.076 144.683 732.195 06:48:17
5.068 237.878 1255.610 06:48:18
5.076 146.488 740.000 06:48:19
5.068 207.585 1084.390 06:48:20
5.068 242.073 1223.415 06:48:21
5.076 179.195 964.878 06:48:22
5.076 159.073 1318.049 06:48:23
5.076 149.976 733.659 06:48:24
5.072 159.195 807.317 06:48:25
5.076 158.878 807.805 06:48:26
5.076 155.488 795.122 06:48:27
5.076 159.780 805.854 06:48:28
5.072 145.390 737.561 06:48:29
5.076 159.390 810.244 06:48:30
5.072 157.488 798.537 06:48:31
5.076 150.293 761.463 06:48:32
5.076 153.390 754.634 06:48:33
5.076 143.585 729.756 06:48:34
5.076 158.195 810.244 06:48:35
5.076 144.585 733.659 06:48:36
5.048 283.268 1413.171 06:48:37
5.076 181.293 911.220 06:48:38
5.068 382.756 1214.146 06:48:39
5.072 146.488 742.439 06:48:40
5.076 143.780 729.756 06:48:41
5.072 247.366 1263.415 06:48:42
5.076 178.293 904.878 06:48:43
5.076 157.780 1280.488 06:48:44
5.076 145.195 748.293 06:48:45
5.076 157.780 795.122 06:48:46
5.076 146.098 747.317 06:48:47
5.076 144.780 732.195 06:48:48
5.068 192.878 910.244 06:48:49
5.072 144.098 734.634 06:48:50
5.072 211.878 916.585 06:48:51
5.076 146.195 743.415 06:48:52
5.072 146.390 742.439 06:48:53
5.068 217.390 1445.854 06:48:54
5.076 146.683 741.463 06:48:55
5.072 143.878 732.683 06:48:56
5.068 274.683 949.268 06:48:57
5.072 146.098 737.561 06:48:58
5.076 242.878 1060.488 06:48:59
5.076 160.976 742.439 06:49:00
5.076 143.878 730.732 06:49:01
5.076 161.585 886.341 06:49:02
5.076 144.098 760.000 06:49:03
5.076 159.073 808.780 06:49:04
5.076 145.585 743.415 06:49:05
5.068 199.683 912.683 06:49:06
5.076 146.488 1007.805 06:49:07
5.076 144.390 729.756 06:49:08
5.076 158.488 807.805 06:49:09
5.076 143.878 733.659 06:49:10
5.076 259.585 1079.024 06:49:11
5.076 159.195 811.220 06:49:12
5.068 216.780 1124.390 06:49:13
5.076 157.293 800.000 06:49:14
5.076 144.195 734.634 06:49:15
5.076 158.585 805.854 06:49:16
5.076 144.195 735.122 06:49:17
5.060 245.683 1288.293 06:49:18
5.068 146.098 1322.927 06:49:19
5.076 143.683 729.756 06:49:20
5.076 148.976 761.463 06:49:21
5.076 143.780 727.317 06:49:22
5.076 210.390 935.122 06:49:23
5.072 145.585 742.439 06:49:24
5.076 143.683 729.756 06:49:25
5.076 157.293 798.537 06:49:26
5.068 236.488 1197.073 06:49:27
5.064 288.463 1459.512 06:49:28
5.076 145.780 733.659 06:49:29
5.076 143.878 734.634 06:49:30
5.072 158.878 1225.854 06:49:31
5.064 180.585 1068.780 06:49:32
5.076 159.488 809.756 06:49:33
5.076 200.488 1234.634 06:49:34
5.076 144.585 728.780 06:49:35
5.072 155.976 795.122 06:49:36
5.072 158.878 846.341 06:49:37
5.068 244.488 1597.561 06:49:38
5.048 438.854 1893.171 06:49:39
5.076 143.780 729.756 06:49:40
5.076 143.780 729.756 06:49:41
5.072 163.878 976.098 06:49:42
5.076 158.683 801.463 06:49:43
5.072 159.195 807.317 06:49:44
5.076 177.073 1197.073 06:49:45
5.072 193.171 897.561 06:49:46
5.076 144.585 732.195 06:49:47
5.076 157.488 799.024 06:49:48
5.076 159.293 808.780 06:49:49
5.068 219.683 1126.341 06:49:50
5.076 145.976 807.317 06:49:51
5.076 145.390 741.463 06:49:52
5.060 363.463 1603.415 06:49:53
5.076 157.390 810.244 06:49:54
5.076 146.098 737.561 06:49:55
5.072 158.976 803.902 06:49:56
5.076 144.585 730.732 06:49:57
5.072 194.976 991.220 06:49:58
5.076 144.585 1015.610 06:49:59
5.076 144.683 1011.707 06:50:01
5.072 208.976 1060.488 06:50:02
5.076 144.683 727.317 06:50:03
5.076 157.488 807.317 06:50:04
5.076 157.488 798.537 06:50:05
5.068 214.268 1070.732 06:50:06
5.076 147.976 752.195 06:50:07
5.072 143.780 730.732 06:50:08
5.072 158.780 1206.829 06:50:09
5.076 145.488 741.463 06:50:10
5.064 314.780 1820.488 06:50:11
5.076 167.585 761.463 06:50:12
5.076 143.976 734.634 06:50:13
5.072 157.585 804.878 06:50:14
5.076 156.780 752.683 06:50:15
5.072 268.878 1354.634 06:50:16
5.076 146.390 996.585 06:50:17
5.076 146.195 746.341 06:50:18
5.076 160.195 808.780 06:50:19
5.076 147.585 750.244 06:50:20
5.072 217.268 1379.512 06:50:21
5.076 143.585 730.732 06:50:22
5.076 144.390 730.732 06:50:23
5.076 158.195 810.244 06:50:24
5.076 143.780 732.195 06:50:25
5.052 409.854 2420.000 06:50:26
5.080 144.585 730.732 06:50:27
5.076 144.390 728.293 06:50:28
5.072 190.390 973.659 06:50:29
5.076 147.976 752.683 06:50:30
5.060 323.171 1219.512 06:50:31
5.076 144.585 733.659 06:50:32
5.076 144.293 733.659 06:50:33
5.076 214.390 759.512 06:50:34
5.076 144.585 730.732 06:50:35
5.072 157.878 799.024 06:50:36
5.076 143.780 1002.439 06:50:37
5.072 185.073 1441.951 06:50:38
5.080 146.293 997.561 06:50:39
5.080 143.683 733.659 06:50:40
5.076 158.976 1311.707 06:50:41
5.076 143.976 735.122 06:50:42
5.072 185.976 1281.951 06:50:43
5.076 148.683 751.220 06:50:44
5.076 143.976 726.341 06:50:45
5.068 158.683 807.805 06:50:46
5.076 148.098 752.195 06:50:47
5.072 161.293 961.463 06:50:48
5.080 143.488 732.195 06:50:49
5.076 144.098 733.659 06:50:50
5.076 160.390 805.854 06:50:51
5.076 143.780 732.683 06:50:52
5.076 143.683 728.293 06:50:53
5.072 158.390 1205.854 06:50:54
5.076 144.683 729.756 06:50:55
5.064 280.683 1760.488 06:50:56
5.076 144.878 733.659 06:50:57
5.076 143.293 734.634 06:50:58
5.076 157.488 800.000 06:50:59
5.076 143.878 730.732 06:51:00
5.064 287.780 1549.756 06:51:01
5.076 144.293 730.732 06:51:02
5.076 144.585 729.756 06:51:03
5.076 170.585 803.902 06:51:04
5.076 143.195 730.732 06:51:05
5.060 343.073 1656.585 06:51:06
5.076 143.878 730.732 06:51:07
5.076 144.585 735.122 06:51:08
5.076 169.073 802.439 06:51:09
5.076 144.683 760.976 06:51:10
5.072 245.488 1214.146 06:51:11
5.076 144.780 732.683 06:51:12
5.076 159.073 803.902 06:51:13
5.076 147.098 739.512 06:51:14
5.072 185.293 936.098 06:51:15
5.048 346.878 1603.902 06:51:16
5.080 143.585 738.537 06:51:17
5.076 158.780 807.317 06:51:18
5.076 158.976 807.317 06:51:19
5.068 260.268 1218.049 06:51:20
5.076 164.293 800.976 06:51:21
5.076 143.878 730.732 06:51:22
5.076 158.976 805.854 06:51:23
5.076 150.098 761.463 06:51:24
5.072 157.293 801.463 06:51:25
5.076 158.195 808.780 06:51:26
5.076 145.488 742.439 06:51:27
5.072 176.195 940.488 06:51:28
5.076 144.585 729.756 06:51:29
5.072 159.073 1114.146 06:51:30
5.076 176.293 808.780 06:51:31
5.072 203.780 1033.171 06:51:32
5.060 315.659 1606.341 06:51:33
5.076 145.878 739.512 06:51:34
5.076 143.878 731.220 06:51:35
5.076 158.780 807.805 06:51:36
5.076 144.976 735.122 06:51:37
5.072 214.585 1575.122 06:51:38
5.068 204.780 1039.024 06:51:39
5.076 144.488 728.780 06:51:40
5.076 157.488 807.805 06:51:41
5.076 157.976 801.463 06:51:42
5.076 157.683 798.537 06:51:43
5.076 278.366 1043.902 06:51:44
5.076 145.488 728.780 06:51:45
5.076 149.683 760.000 06:51:46
5.076 145.195 742.439 06:51:47
5.080 177.390 808.780 06:51:48
5.076 157.293 800.000 06:51:49
5.076 207.976 1055.122 06:51:50
5.076 146.488 739.512 06:51:51
5.076 144.293 731.220 06:51:52
5.076 164.683 866.341 06:51:53
5.068 458.659 1831.220 06:51:55
5.068 207.585 1051.707 06:51:56
5.076 143.683 730.732 06:51:57
5.076 157.195 798.537 06:51:58
5.076 159.073 1044.390 06:51:59
5.076 156.488 797.073 06:52:00
5.076 156.976 1229.268 06:52:01
5.076 145.976 1017.561 06:52:02
5.076 148.390 1112.683 06:52:03
5.076 159.780 811.220 06:52:04
5.076 157.585 800.000 06:52:05
5.076 195.780 807.317 06:52:06
5.076 196.976 956.585 06:52:07
5.072 193.073 802.439 06:52:08
5.080 143.780 730.732 06:52:09
5.076 156.585 795.122 06:52:10
5.076 157.585 795.122 06:52:11
5.068 157.976 790.244 06:52:12
5.076 163.293 757.561 06:52:13
5.076 143.878 734.634 06:52:14
5.076 157.293 796.098 06:52:15
5.076 167.390 808.780 06:52:16
5.060 319.780 1333.171 06:52:17
5.072 242.683 807.317 06:52:18
5.076 146.293 743.902 06:52:19
5.076 147.683 754.634 06:52:20
5.072 158.976 807.805 06:52:21
5.068 250.683 1234.146 06:52:22
5.072 164.585 803.902 06:52:23
5.072 214.683 982.439 06:52:24
5.076 154.683 742.439 06:52:25
5.076 144.488 729.756 06:52:26
5.068 245.073 807.317 06:52:27
5.080 144.293 730.732 06:52:28
5.068 238.976 1318.537 06:52:29
5.072 217.585 1098.049 06:52:30
5.076 145.098 742.439 06:52:31
5.076 156.780 804.878 06:52:32
5.076 157.293 798.537 06:52:33
5.072 156.976 818.537 06:52:34
5.076 398.073 1652.195 06:52:35
5.072 185.293 940.488 06:52:36
5.080 147.585 1415.610 06:52:37
5.080 144.488 732.195 06:52:38
5.076 160.073 816.585 06:52:39
5.072 175.878 1101.463 06:52:40
5.060 340.463 1648.780 06:52:41
5.068 254.585 2261.951 06:52:42
5.076 143.390 730.732 06:52:43
5.076 158.780 803.415 06:52:44
5.076 157.293 799.024 06:52:45
5.076 158.195 800.976 06:52:46
5.076 213.488 1067.805 06:52:47
5.076 149.098 1205.854 06:52:48
5.076 144.195 733.659 06:52:49
5.076 144.098 733.659 06:52:50
5.076 158.293 998.049 06:52:51
5.076 158.390 803.415 06:52:52
5.080 145.195 737.561 06:52:53
5.072 160.390 820.000 06:52:54
5.076 143.585 729.756 06:52:55
5.068 243.268 1199.512 06:52:56
5.076 148.976 752.195 06:52:57
5.080 144.390 729.756 06:52:58
5.068 238.976 1298.537 06:52:59
5.076 144.585 732.683 06:53:00
5.076 158.683 803.902 06:53:01
5.076 158.780 806.341 06:53:02
5.068 219.683 1354.634 06:53:03
5.076 148.293 752.683 06:53:04
5.076 144.390 730.732 06:53:05
5.076 166.195 852.195 06:53:06
5.076 147.098 962.927 06:53:07
5.076 157.293 798.537 06:53:08
5.076 145.098 742.439 06:53:09
5.076 157.488 797.561 06:53:10
5.072 210.268 1068.780 06:53:11
5.080 145.878 743.415 06:53:12
5.076 145.488 737.073 06:53:13
5.076 146.293 1020.000 06:53:14
5.076 158.585 808.780 06:53:15
5.076 203.780 1073.171 06:53:16
5.072 232.366 1277.073 06:53:17
5.080 144.585 730.732 06:53:18
5.072 159.195 802.439 06:53:19
5.076 158.976 808.780 06:53:20
5.076 152.976 765.854 06:53:21
5.068 324.659 1215.610 06:53:22
5.076 144.195 729.756 06:53:23
5.072 143.878 730.732 06:53:24
5.076 170.488 864.878 06:53:25
5.076 157.195 1233.171 06:53:26
5.076 158.878 1044.390 06:53:27
5.076 157.585 797.561 06:53:28
5.072 195.878 1015.610 06:53:29
5.076 148.195 750.244 06:53:30
5.076 148.098 749.756 06:53:31
5.076 157.390 799.024 06:53:32
5.076 159.293 804.878 06:53:33
5.072 159.195 808.780 06:53:34
5.072 204.878 1099.512 06:53:35
5.072 146.293 737.073 06:53:36
5.076 185.293 730.732 06:53:37
5.076 157.293 800.000 06:53:38
5.076 158.976 807.317 06:53:39
5.076 158.976 807.317 06:53:40
5.072 206.390 1046.829 06:53:41
5.068 241.488 1231.707 06:53:42
5.076 143.878 728.293 06:53:43
5.076 157.195 795.122 06:53:44
5.072 210.976 954.146 06:53:45
5.076 349.073 804.878 06:53:46
5.076 158.878 808.780 06:53:47
5.076 144.780 737.073 06:53:49
5.072 199.585 1001.463 06:53:50
5.072 143.976 730.732 06:53:51
5.076 157.976 799.024 06:53:52
5.076 147.390 733.659 06:53:53
5.076 144.195 753.659 06:53:54
5.068 187.390 1161.463 06:53:55
5.076 143.878 727.317 06:53:56
5.076 184.293 920.000 06:53:57
5.076 149.976 760.976 06:53:58
5.076 144.390 730.732 06:53:59
5.076 156.780 834.634 06:54:00
5.064 209.171 1367.317 06:54:01
5.076 146.195 813.659 06:54:02
5.076 144.098 737.561 06:54:03
5.076 143.976 728.780 06:54:04
5.068 292.561 806.341 06:54:05
5.076 145.488 738.537 06:54:06
5.072 216.976 1343.415 06:54:07
5.076 145.683 742.439 06:54:08
5.076 147.488 744.878 06:54:09
5.068 248.683 809.756 06:54:10
5.076 144.293 728.780 06:54:11
5.076 149.878 761.463 06:54:12
5.076 144.488 730.732 06:54:13
5.076 145.390 732.195 06:54:14
5.068 247.268 1616.098 06:54:15
5.064 212.390 971.220 06:54:16
5.072 170.390 834.634 06:54:17
5.076 148.390 754.634 06:54:18
5.076 144.585 728.293 06:54:19
5.072 159.390 808.780 06:54:20
5.072 153.390 742.439 06:54:21
5.068 220.390 1564.878 06:54:22
5.076 145.683 735.122 06:54:23
5.076 144.293 728.780 06:54:24
5.076 158.390 803.902 06:54:25
5.076 144.585 728.780 06:54:26
5.064 334.878 1703.902 06:54:27
5.076 211.585 1040.000 06:54:28
5.076 143.878 734.634 06:54:29
5.072 146.488 739.512 06:54:30
5.076 143.780 729.756 06:54:31
5.076 145.878 791.220 06:54:32
5.076 144.488 730.732 06:54:33
5.068 219.780 1102.927 06:54:34
5.076 145.195 739.512 06:54:35
5.080 142.976 725.854 06:54:36
5.072 158.195 800.976 06:54:37
5.076 143.585 986.829 06:54:38
5.064 159.293 871.220 06:54:39
5.072 175.780 912.683 06:54:40
5.076 194.390 737.073 06:54:41
5.068 283.268 827.805 06:54:42
5.076 145.098 736.098 06:54:43
5.068 212.268 971.220 06:54:44
5.076 143.780 733.659 06:54:45
5.076 157.488 801.463 06:54:46
5.076 143.878 731.220 06:54:47
5.076 153.585 729.756 06:54:48
5.060 326.878 1624.878 06:54:49
5.076 145.293 817.561 06:54:50
5.076 147.293 757.561 06:54:51
5.076 158.976 804.878 06:54:52
5.076 144.585 1124.390 06:54:53
5.076 145.780 740.976 06:54:54
5.076 157.488 795.122 06:54:55
5.072 216.171 1694.146 06:54:56
5.072 158.878 809.756 06:54:57
5.080 143.683 807.805 06:54:58
5.076 157.488 798.537 06:54:59
5.076 157.488 792.683 06:55:00
5.068 253.171 1248.293 06:55:01
5.072 194.585 971.220 06:55:02
5.072 145.390 743.902 06:55:03
5.076 148.293 751.220 06:55:04
5.076 156.293 799.024 06:55:05
5.076 159.073 807.317 06:55:06
5.076 157.488 799.024 06:55:07
5.076 223.780 904.878 06:55:08
5.076 143.976 726.341 06:55:09
5.076 145.683 737.073 06:55:10
5.072 157.293 797.073 06:55:11
5.076 159.293 2285.854 06:55:12
5.076 185.390 889.756 06:55:13
5.076 198.683 1289.756 06:55:14
5.076 150.098 758.537 06:55:15
5.076 159.195 805.854 06:55:16
5.072 161.585 813.659 06:55:17
5.052 460.268 1761.463 06:55:18
5.072 197.878 1002.439 06:55:19
5.076 143.683 732.683 06:55:20
5.076 156.976 798.537 06:55:21
5.076 167.976 808.780 06:55:22
5.072 239.268 1274.146 06:55:23
5.068 293.561 1346.829 06:55:24
5.076 145.488 737.561 06:55:25
5.076 146.195 737.561 06:55:26
5.076 159.585 807.317 06:55:27
5.076 156.585 794.634 06:55:28
5.076 157.683 800.000 06:55:29
5.076 144.488 902.927 06:55:30
5.080 145.488 741.463 06:55:31
5.076 184.293 942.927 06:55:32
5.072 160.390 952.683 06:55:33
5.076 243.976 1253.171 06:55:34
5.072 179.195 951.707 06:55:35
5.076 198.780 1138.049 06:55:36
5.076 144.976 740.976 06:55:37
5.076 157.683 803.902 06:55:38
5.076 156.878 799.024 06:55:39
5.076 157.878 799.024 06:55:40
5.072 205.488 1263.415 06:55:41
5.076 146.390 739.512 06:55:43
5.076 146.488 741.463 06:55:44
5.076 157.780 797.073 06:55:45
5.076 156.585 796.098 06:55:46
5.068 246.073 1245.366 06:55:47
5.064 263.463 1029.268 06:55:48
5.076 144.780 729.756 06:55:49
5.076 158.780 807.317 06:55:50
5.076 160.390 817.561 06:55:51
5.064 273.683 1413.171 06:55:52
5.072 255.488 742.439 06:55:53
5.076 158.293 808.780 06:55:54
5.080 158.073 800.000 06:55:55
5.068 239.780 1220.488 06:55:56
5.076 144.780 737.561 06:55:57
5.076 165.293 758.537 06:55:58
5.076 159.195 796.098 06:55:59
5.068 312.780 1250.732 06:56:00
5.060 232.683 1017.561 06:56:01
5.076 236.780 1002.439 06:56:02
5.080 157.390 803.902 06:56:03
5.076 144.098 730.732 06:56:04
5.076 159.780 811.220 06:56:05
5.076 169.585 840.000 06:56:06
5.068 198.293 950.244 06:56:07
5.080 145.293 738.537 06:56:08
5.076 144.683 731.220 06:56:09
5.076 159.073 806.341 06:56:10
5.072 159.488 805.854 06:56:11
5.072 176.878 1208.293 06:56:12
5.068 207.390 1052.683 06:56:13
5.076 143.683 733.659 06:56:14
5.076 208.390 733.659 06:56:15
5.076 157.488 803.902 06:56:16
5.076 157.878 800.976 06:56:17
5.076 146.195 743.415 06:56:18
5.068 240.268 1212.195 06:56:19
5.076 157.780 800.000 06:56:20
5.076 152.683 730.732 06:56:21
5.076 169.293 806.341 06:56:22
5.072 154.878 737.561 06:56:23
5.068 238.073 1207.805 06:56:24
5.076 159.293 799.024 06:56:25
5.076 146.390 785.854 06:56:26
5.060 242.585 1628.780 06:56:27
5.072 158.585 904.878 06:56:28
5.072 159.195 807.317 06:56:29
5.072 158.488 799.024 06:56:30
5.072 248.366 1251.707 06:56:31
5.076 157.585 800.000 06:56:32
5.076 143.878 732.195 06:56:33
5.076 166.195 807.805 06:56:34
5.076 145.390 733.659 06:56:35
5.076 157.293 953.659 06:56:36
5.076 157.585 804.878 06:56:37
5.068 174.390 897.561 06:56:38
5.076 144.878 740.000 06:56:39
5.076 157.390 799.024 06:56:40
5.076 157.585 799.024 06:56:41
5.076 147.683 752.683 06:56:42
5.072 208.780 1066.341 06:56:43
5.076 196.293 751.220 06:56:44
5.076 144.683 735.122 06:56:45
5.068 239.171 1208.293 06:56:46
5.076 143.195 730.732 06:56:47
5.068 240.073 1216.585 06:56:48
5.072 160.390 1016.585 06:56:49
5.076 143.585 734.634 06:56:50
5.072 157.488 800.000 06:56:51
5.076 145.390 741.463 06:56:52
5.072 178.780 990.244 06:56:53
5.076 150.195 760.000 06:56:54
5.072 143.683 730.732 06:56:55
5.072 240.878 1225.366 06:56:56
5.076 168.073 880.976 06:56:57
5.072 170.780 897.561 06:56:58
5.072 237.976 1015.610 06:56:59
5.076 146.293 760.976 06:57:00
5.076 159.293 806.341 06:57:01
5.076 143.878 729.756 06:57:02
5.064 407.561 2096.585 06:57:03
5.072 168.976 864.878 06:57:04
5.076 144.390 733.659 06:57:05
5.076 169.780 804.878 06:57:06
5.076 143.585 731.220 06:57:07
5.076 147.293 752.195 06:57:08
5.076 159.195 807.317 06:57:09
5.076 148.293 749.756 06:57:10
5.076 193.488 1119.024 06:57:11
5.076 230.268 748.780 06:57:12
5.076 143.878 731.220 06:57:13
5.076 159.683 809.756 06:57:14
5.076 180.171 967.805 06:57:15
5.072 184.488 995.122 06:57:16
5.080 143.878 730.732 06:57:17
5.072 143.780 730.732 06:57:18
5.076 159.683 807.317 06:57:19
5.076 145.683 741.463 06:57:20
5.064 278.463 1404.878 06:57:21
5.076 145.390 738.537 06:57:22
5.076 158.878 734.634 06:57:23
5.072 159.195 803.415 06:57:24
5.076 155.195 749.756 06:57:25
5.072 241.171 1293.171 06:57:26
5.076 145.390 742.439 06:57:27
5.072 243.171 1225.854 06:57:28
5.076 144.683 732.195 06:57:29
5.076 144.293 732.195 06:57:30
5.076 157.683 800.976 06:57:31
5.076 147.976 733.659 06:57:32
5.064 282.683 1806.829 06:57:33
5.072 197.976 961.463 06:57:34
5.076 143.878 730.732 06:57:35
5.080 149.585 758.537 06:57:36
5.072 198.293 982.439 06:57:38
5.072 245.780 1239.024 06:57:39
5.076 144.585 743.415 06:57:40
5.080 143.585 727.317 06:57:41
5.076 161.585 812.195 06:57:42
5.076 148.390 750.244 06:57:43
5.060 239.683 1215.610 06:57:44
5.076 154.195 737.561 06:57:45
5.076 144.585 733.659 06:57:46
5.076 149.390 758.537 06:57:47
5.080 143.780 729.756 06:57:48
5.068 239.488 1211.707 06:57:49
5.072 144.488 1141.463 06:57:50
5.076 143.780 732.195 06:57:51
5.076 148.390 753.659 06:57:52
5.076 144.488 729.756 06:57:53
5.076 178.878 1316.098 06:57:54
5.076 146.390 1019.024 06:57:55
5.076 144.390 729.756 06:57:56
5.060 330.366 1648.780 06:57:57
5.072 300.976 845.366 06:57:58
5.072 249.780 1068.780 06:57:59
5.076 146.195 741.463 06:58:00
5.076 143.976 735.122 06:58:01
5.072 157.390 800.976 06:58:02
5.076 145.488 743.415 06:58:03
5.076 143.780 729.756 06:58:04
5.076 162.390 759.512 06:58:05
5.076 143.878 733.659 06:58:06
5.076 159.073 807.317 06:58:07
5.072 145.390 1075.122 06:58:08
5.076 177.585 738.537 06:58:09
5.072 145.878 739.512 06:58:10
5.076 144.683 729.756 06:58:11
5.052 389.171 1683.415 06:58:12
5.076 145.488 741.463 06:58:13
5.076 158.293 807.317 06:58:14
5.076 158.780 799.024 06:58:15
5.072 195.293 990.244 06:58:16
5.056 321.268 1716.585 06:58:17
5.080 143.780 732.195 06:58:18
5.076 158.683 811.220 06:58:19
5.076 159.293 806.341 06:58:20
5.072 212.073 1056.585 06:58:21
5.076 239.780 1215.610 06:58:22
5.076 149.098 760.000 06:58:23
5.076 157.293 798.537 06:58:24
5.072 158.976 843.415 06:58:25
5.076 168.293 795.122 06:58:26
5.076 158.195 807.317 06:58:27
5.076 145.293 777.073 06:58:28
5.076 144.293 780.976 06:58:29
5.076 143.780 779.024 06:58:30
5.076 143.488 729.756 06:58:31
5.076 157.195 794.634 06:58:32
5.072 223.073 1129.268 06:58:33
