5.060 324.683 1644.390 09:48:23
5.076 157.890 801.707 09:48:24
5.076 145.195 736.829 09:48:25
5.076 159.098 805.122 09:48:26
5.072 148.000 810.732 09:48:27
5.076 145.195 738.537 09:48:28
5.076 160.195 850.488 09:48:29
5.076 144.598 734.390 09:48:30
5.056 393.683 1638.049 09:48:31
5.072 158.098 1092.195 09:48:32
5.064 274.390 1606.829 09:48:33
5.076 150.695 769.756 09:48:34
5.072 147.098 743.659 09:48:35
5.076 160.000 810.488 09:48:36
5.076 144.598 734.390 09:48:37
5.076 160.000 813.171 09:48:38
5.076 144.695 734.146 09:48:39
5.064 267.488 1529.024 09:48:40
5.076 146.390 865.122 09:48:41
5.068 153.598 743.659 09:48:42
5.072 147.195 1021.707 09:48:43
5.076 144.500 734.878 09:48:44
5.076 159.293 811.951 09:48:45
5.080 149.195 757.317 09:48:46
5.056 319.171 1618.537 09:48:47
5.072 213.585 765.854 09:48:48
5.076 145.293 733.659 09:48:49
5.072 173.195 807.805 09:48:50
5.076 145.488 743.415 09:48:51
5.060 270.780 1411.220 09:48:52
5.072 212.780 1018.049 09:48:53
5.076 145.293 730.732 09:48:54
5.072 158.780 804.878 09:48:55
5.076 154.780 788.780 09:48:56
5.052 373.171 1640.976 09:48:57
5.072 149.585 743.902 09:48:58
5.076 144.585 735.122 09:48:59
5.076 159.976 908.780 09:49:01
5.076 144.293 737.073 09:49:02
5.076 158.780 805.854 09:49:03
5.076 144.878 733.659 09:49:04
5.076 148.976 752.195 09:49:05
5.072 148.585 760.976 09:49:06
5.076 144.585 729.756 09:49:07
5.076 160.293 809.756 09:49:08
5.072 173.488 737.561 09:49:09
5.068 251.780 1313.171 09:49:10
5.076 201.878 819.024 09:49:11
5.076 326.171 767.317 09:49:12
5.076 159.780 812.195 09:49:13
5.072 144.878 743.902 09:49:14
5.056 402.854 2038.049 09:49:15
5.072 147.976 1023.902 09:49:16
5.080 145.390 733.659 09:49:17
5.076 149.683 1088.780 09:49:18
5.076 145.390 733.659 09:49:19
5.072 163.488 763.415 09:49:20
5.076 144.780 735.122 09:49:21
5.072 187.073 975.122 09:49:22
5.076 146.195 742.439 09:49:23
5.076 148.293 754.634 09:49:24
5.072 160.073 1254.146 09:49:25
5.072 211.390 1046.829 09:49:26
5.072 191.976 763.415 09:49:27
5.072 179.683 1100.488 09:49:28
5.072 192.293 1521.951 09:49:29
5.076 146.488 837.561 09:49:30
5.076 160.293 812.195 09:49:31
5.076 146.488 748.780 09:49:32
5.072 193.073 890.244 09:49:33
5.064 146.488 745.854 09:49:34
5.072 153.780 784.878 09:49:35
5.076 194.976 775.122 09:49:36
5.072 145.390 735.122 09:49:37
5.072 161.073 812.683 09:49:38
5.076 146.390 743.415 09:49:39
5.072 247.878 1212.195 09:49:40
5.068 423.951 1244.390 09:49:41
5.072 184.073 976.098 09:49:42
5.068 195.390 1015.122 09:49:43
5.072 144.878 739.512 09:49:44
5.072 244.683 816.585 09:49:45
5.080 146.390 745.854 09:49:46
5.072 195.390 921.463 09:49:47
5.076 146.780 858.537 09:49:48
5.076 144.683 746.341 09:49:49
5.072 210.976 1060.000 09:49:50
5.076 148.780 759.512 09:49:51
5.068 242.268 1229.268 09:49:52
5.076 159.780 832.195 09:49:53
5.076 145.585 732.195 09:49:54
5.076 153.098 775.122 09:49:55
5.072 146.488 746.341 09:49:56
5.072 153.390 780.976 09:49:57
5.072 160.195 812.683 09:49:58
5.072 203.390 992.683 09:49:59
5.068 245.366 1331.707 09:50:00
5.076 145.293 733.659 09:50:01
5.072 157.488 800.000 09:50:02
5.076 145.098 733.659 09:50:03
5.068 249.073 1240.976 09:50:04
5.076 215.878 803.415 09:50:05
5.076 150.585 922.439 09:50:06
5.064 322.561 1628.780 09:50:07
5.076 148.780 755.122 09:50:08
5.076 145.585 736.098 09:50:09
5.068 160.488 807.805 09:50:10
5.048 241.171 1494.634 09:50:11
5.072 160.683 816.585 09:50:12
5.076 146.293 737.073 09:50:13
5.072 202.878 995.610 09:50:14
5.076 146.683 748.780 09:50:15
5.072 157.878 822.439 09:50:16
5.076 146.488 746.341 09:50:17
5.076 176.878 927.805 09:50:18
5.076 159.683 840.000 09:50:19
5.076 158.073 801.463 09:50:20
5.068 219.171 985.366 09:50:21
5.076 144.878 735.122 09:50:22
5.064 282.171 2358.537 09:50:23
5.068 243.171 1163.902 09:50:24
5.076 145.585 737.561 09:50:25
5.076 228.073 1285.854 09:50:26
5.072 152.293 767.317 09:50:27
5.068 323.976 1218.049 09:50:28
5.076 146.976 745.854 09:50:29
5.060 407.463 1658.537 09:50:30
5.076 160.073 803.902 09:50:31
5.076 156.073 743.902 09:50:32
5.076 174.585 811.220 09:50:33
5.064 152.976 815.122 09:50:34
5.076 151.293 768.780 09:50:35
5.072 158.293 803.415 09:50:36
5.072 175.390 999.024 09:50:37
5.072 158.585 802.439 09:50:38
5.068 207.976 1369.756 09:50:39
5.076 147.293 743.902 09:50:40
5.072 153.098 832.683 09:50:41
5.076 157.585 803.902 09:50:42
5.072 146.390 739.512 09:50:43
5.072 158.488 805.854 09:50:44
5.060 209.878 1093.171 09:50:45
5.076 187.390 942.927 09:50:46
5.068 159.488 743.415 09:50:47
5.076 144.390 734.634 09:50:48
5.076 160.780 1015.610 09:50:49
5.076 160.195 804.878 09:50:50
5.064 265.463 1348.293 09:50:51
5.076 198.780 1029.268 09:50:52
5.068 189.390 1112.683 09:50:53
5.064 167.780 852.195 09:50:55
5.064 234.268 1589.756 09:50:56
5.076 149.585 743.415 09:50:57
5.072 160.488 816.585 09:50:58
5.072 158.195 803.415 09:50:59
5.076 158.780 808.780 09:51:00
5.076 158.585 804.878 09:51:01
5.072 199.878 1301.951 09:51:02
5.076 145.098 739.512 09:51:03
5.076 146.585 742.439 09:51:04
5.076 159.293 807.805 09:51:05
5.072 159.976 920.000 09:51:06
5.068 240.780 1221.463 09:51:07
5.072 197.780 1380.976 09:51:08
5.076 145.390 737.561 09:51:09
5.072 149.585 757.561 09:51:10
5.076 157.195 808.780 09:51:11
5.076 161.683 815.122 09:51:12
5.076 160.293 814.634 09:51:13
5.076 202.878 920.000 09:51:14
5.076 159.488 804.878 09:51:15
5.076 158.488 803.902 09:51:16
5.080 159.976 812.683 09:51:17
5.076 161.390 812.683 09:51:18
5.076 256.780 1110.244 09:51:19
5.060 281.780 1358.537 09:51:20
5.076 150.780 1176.585 09:51:21
5.076 145.585 738.537 09:51:22
5.076 158.878 805.854 09:51:23
5.080 145.098 739.512 09:51:24
5.064 245.976 1294.634 09:51:25
5.068 344.073 978.049 09:51:26
5.076 144.780 739.512 09:51:27
5.076 146.195 743.902 09:51:28
5.076 145.195 735.122 09:51:29
5.072 159.780 812.195 09:51:30
5.076 147.976 757.561 09:51:31
5.068 290.561 811.220 09:51:32
5.076 151.878 769.756 09:51:33
5.076 144.683 737.073 09:51:34
5.076 158.585 806.341 09:51:35
5.080 164.293 761.463 09:51:36
5.064 159.683 812.683 09:51:37
5.068 287.976 1408.293 09:51:38
5.076 172.976 914.146 09:51:39
5.068 223.073 1167.805 09:51:40
5.072 147.195 743.415 09:51:41
5.076 168.585 812.195 09:51:42
5.072 191.878 936.098 09:51:43
5.068 189.293 847.317 09:51:44
5.076 159.390 800.976 09:51:45
5.072 146.585 1045.366 09:51:46
5.076 144.878 733.659 09:51:47
5.072 200.878 1001.463 09:51:48
5.076 213.390 754.634 09:51:49
5.076 158.683 804.878 09:51:50
5.072 157.488 799.024 09:51:51
5.076 162.073 768.780 09:51:52
5.076 147.098 746.341 09:51:53
5.072 232.073 905.366 09:51:54
5.060 342.366 1631.220 09:51:55
5.060 288.073 1693.659 09:51:56
5.076 149.585 743.415 09:51:57
5.060 258.976 991.707 09:51:58
5.076 178.683 760.000 09:51:59
5.076 159.878 811.220 09:52:00
5.076 145.098 737.073 09:52:01
5.076 159.878 918.537 09:52:02
5.076 168.780 765.854 09:52:03
5.076 152.780 777.073 09:52:04
5.072 273.780 916.585 09:52:05
5.072 146.488 745.854 09:52:06
5.064 245.073 1341.951 09:52:07
5.076 145.585 735.122 09:52:08
5.076 146.878 745.854 09:52:09
5.076 160.073 812.683 09:52:10
5.076 163.878 1031.707 09:52:11
5.076 160.488 813.659 09:52:12
5.072 227.780 1086.829 09:52:13
5.072 159.976 934.146 09:52:14
5.076 159.976 811.220 09:52:15
5.072 181.171 943.902 09:52:16
5.072 255.585 1274.634 09:52:17
5.072 235.366 1413.659 09:52:18
5.064 146.488 1019.024 09:52:19
5.076 145.585 738.537 09:52:20
5.076 148.878 752.683 09:52:21
5.076 158.488 804.878 09:52:22
5.076 147.683 751.220 09:52:23
5.064 322.463 1590.244 09:52:24
5.076 187.976 763.902 09:52:25
5.076 146.585 747.317 09:52:26
5.068 242.268 1225.854 09:52:27
5.076 146.195 744.878 09:52:28
5.076 160.293 813.659 09:52:29
5.076 224.683 800.000 09:52:30
5.072 246.878 920.000 09:52:31
5.072 176.073 740.976 09:52:32
5.072 196.878 1067.805 09:52:33
5.076 158.585 805.854 09:52:34
5.072 159.976 811.220 09:52:35
5.076 160.195 807.805 09:52:36
5.076 299.073 1126.341 09:52:37
5.076 146.293 741.463 09:52:38
5.076 146.976 790.244 09:52:39
5.076 146.585 791.220 09:52:40
5.072 160.683 891.707 09:52:41
5.076 147.293 1034.146 09:52:42
5.072 212.390 1080.488 09:52:43
5.072 217.780 1049.268 09:52:44
5.072 199.488 808.780 09:52:45
5.076 144.976 740.000 09:52:46
5.076 158.293 803.415 09:52:47
5.068 210.780 814.634 09:52:48
5.080 151.976 757.073 09:52:50
5.068 145.195 916.585 09:52:51
5.072 158.073 799.024 09:52:52
5.072 210.976 1077.561 09:52:53
5.076 159.293 811.220 09:52:54
5.072 197.585 1000.488 09:52:55
5.072 241.683 913.659 09:52:56
5.076 222.878 1128.293 09:52:57
5.068 208.390 1056.585 09:52:58
5.076 148.488 757.561 09:52:59
5.076 159.488 800.976 09:53:00
5.072 231.878 1467.317 09:53:01
5.076 155.390 852.195 09:53:02
5.076 160.073 807.805 09:53:03
5.076 153.195 778.537 09:53:04
5.076 146.488 748.780 09:53:05
5.072 205.171 1055.610 09:53:06
5.056 286.073 1462.439 09:53:07
5.072 255.683 1237.073 09:53:08
5.076 211.878 768.293 09:53:09
5.072 158.390 803.415 09:53:10
5.076 160.780 817.561 09:53:11
5.072 338.171 816.098 09:53:12
5.072 151.098 768.780 09:53:13
5.076 159.878 816.585 09:53:14
5.076 211.780 1033.171 09:53:15
5.076 151.195 768.293 09:53:16
5.076 160.488 814.634 09:53:17
5.072 196.171 1004.878 09:53:18
5.064 195.976 1132.683 09:53:19
5.060 314.780 1460.976 09:53:20
5.072 207.073 1051.707 09:53:21
5.076 146.976 743.902 09:53:22
5.072 159.683 812.195 09:53:23
5.076 146.976 747.317 09:53:24
5.076 160.390 812.683 09:53:25
5.076 160.073 811.220 09:53:26
5.072 220.171 1114.146 09:53:27
5.072 177.780 812.195 09:53:28
5.072 212.488 1061.463 09:53:29
5.076 226.780 1095.122 09:53:30
5.076 257.073 812.683 09:53:31
5.076 152.098 772.683 09:53:32
5.072 157.683 801.463 09:53:33
5.068 222.268 1070.732 09:53:34
5.064 287.683 1323.415 09:53:35
5.076 147.585 742.439 09:53:36
5.076 159.780 807.317 09:53:37
5.072 160.073 812.683 09:53:38
5.076 175.585 810.244 09:53:39
5.072 160.195 812.683 09:53:40
5.068 185.171 1314.146 09:53:41
5.064 247.488 1259.512 09:53:42
5.076 145.585 1002.927 09:53:43
5.076 249.268 1141.951 09:53:44
5.072 158.488 803.415 09:53:45
5.076 158.780 1144.390 09:53:46
5.072 243.073 1030.244 09:53:47
5.072 180.683 943.902 09:53:48
5.072 222.488 746.341 09:53:49
5.076 146.878 742.439 09:53:50
5.076 211.268 809.756 09:53:51
5.068 204.878 1011.220 09:53:52
5.072 246.878 747.317 09:53:53
5.076 172.390 870.244 09:53:54
5.076 159.976 814.634 09:53:55
5.068 216.780 812.195 09:53:56
5.064 322.073 1647.317 09:53:57
5.064 266.268 1354.634 09:53:58
5.076 147.293 744.878 09:53:59
5.076 145.780 739.512 09:54:00
5.076 160.585 743.415 09:54:01
5.076 159.976 811.220 09:54:02
5.072 152.585 779.024 09:54:03
5.060 280.780 1623.415 09:54:04
5.072 210.390 955.122 09:54:05
5.080 147.878 976.098 09:54:06
5.060 316.268 1740.000 09:54:07
5.072 160.195 817.561 09:54:08
5.064 319.366 1955.122 09:54:09
5.064 220.171 1118.049 09:54:10
5.044 433.756 1188.293 09:54:11
5.076 160.073 1348.293 09:54:12
5.076 145.293 737.073 09:54:13
5.076 160.073 905.366 09:54:14
5.076 146.488 740.976 09:54:15
5.068 242.268 1676.585 09:54:16
5.064 218.683 1440.976 09:54:17
5.072 175.585 865.366 09:54:18
5.072 161.390 818.537 09:54:19
5.072 151.098 761.463 09:54:20
5.068 187.171 915.122 09:54:21
5.072 182.683 898.537 09:54:22
5.080 145.683 733.659 09:54:23
5.076 159.488 812.195 09:54:24
5.072 158.585 804.878 09:54:25
5.068 158.293 803.415 09:54:26
5.076 158.585 1132.683 09:54:27
5.072 205.171 982.439 09:54:28
5.068 284.683 1020.488 09:54:29
5.072 187.390 1165.366 09:54:30
5.076 144.976 735.122 09:54:31
5.076 158.585 807.317 09:54:32
5.060 309.268 1537.561 09:54:33
5.072 158.195 800.000 09:54:34
5.072 151.683 777.073 09:54:35
5.076 146.585 746.341 09:54:36
5.076 146.976 747.317 09:54:37
5.076 158.780 804.878 09:54:38
5.076 216.268 1606.341 09:54:39
5.076 145.293 733.659 09:54:40
5.064 279.878 1464.390 09:54:41
5.064 241.585 1992.683 09:54:43
5.072 160.585 812.195 09:54:44
5.076 159.878 812.195 09:54:45
5.068 221.683 1131.707 09:54:46
5.072 152.683 771.220 09:54:47
5.064 246.976 1248.293 09:54:48
5.076 182.488 920.488 09:54:49
5.076 214.976 880.000 09:54:50
5.072 160.585 814.634 09:54:51
5.076 146.488 743.415 09:54:52
5.076 145.098 738.537 09:54:53
5.072 159.195 812.683 09:54:54
5.076 158.488 804.878 09:54:55
5.064 278.366 1565.854 09:54:56
5.076 145.683 1065.366 09:54:57
5.060 159.878 811.220 09:54:58
5.076 159.488 804.878 09:54:59
5.076 151.390 770.244 09:55:00
5.076 161.878 808.780 09:55:01
5.072 218.268 1142.927 09:55:02
5.076 151.878 820.000 09:55:03
5.072 147.293 743.415 09:55:04
5.076 159.683 812.683 09:55:05
5.072 160.293 814.634 09:55:06
5.064 160.195 813.659 09:55:07
5.072 207.073 1360.488 09:55:08
5.064 205.780 1367.317 09:55:09
5.068 208.268 1060.488 09:55:10
5.076 144.293 737.561 09:55:11
5.064 221.683 1114.146 09:55:12
5.076 163.488 766.341 09:55:13
5.072 208.073 1058.049 09:55:14
5.076 150.585 762.439 09:55:15
5.076 200.488 809.756 09:55:16
5.064 245.780 1207.805 09:55:17
5.076 147.293 789.756 09:55:18
5.068 245.366 1218.049 09:55:19
5.076 158.585 803.902 09:55:20
5.072 212.683 1063.902 09:55:21
5.076 148.390 1152.683 09:55:22
5.076 160.976 802.439 09:55:23
5.072 210.073 1065.366 09:55:24
5.076 202.878 1060.000 09:55:25
5.064 206.976 1090.244 09:55:26
5.076 177.195 912.683 09:55:27
5.076 144.878 738.537 09:55:28
5.076 158.488 805.854 09:55:29
5.076 158.073 740.976 09:55:30
5.072 190.780 942.439 09:55:31
5.068 280.073 1119.024 09:55:32
5.068 288.171 1179.024 09:55:33
5.064 209.390 1081.463 09:55:34
5.076 144.976 740.976 09:55:35
5.076 158.976 807.317 09:55:36
5.068 252.683 766.341 09:55:37
5.068 240.366 1253.171 09:55:38
5.072 189.073 939.024 09:55:39
5.076 169.585 792.683 09:55:40
5.076 145.683 735.122 09:55:41
5.076 145.098 738.537 09:55:42
5.072 159.585 929.268 09:55:43
5.076 148.976 757.561 09:55:44
5.056 485.854 2450.244 09:55:45
5.072 197.976 1000.000 09:55:46
5.076 144.780 737.561 09:55:47
5.076 149.488 760.000 09:55:48
5.076 148.585 753.659 09:55:49
5.076 159.683 810.244 09:55:50
5.072 217.268 1075.122 09:55:51
5.076 146.390 746.341 09:55:52
5.076 158.585 803.902 09:55:53
5.072 215.976 784.878 09:55:54
5.068 218.390 1130.244 09:55:55
5.072 192.293 1201.463 09:55:56
5.076 145.098 740.976 09:55:57
5.072 157.780 800.976 09:55:58
5.076 145.585 739.512 09:55:59
5.076 287.463 814.634 09:56:00
5.068 281.463 1230.732 09:56:01
5.072 184.390 958.049 09:56:02
5.076 160.488 928.780 09:56:03
5.076 155.683 739.512 09:56:04
5.060 322.780 2337.561 09:56:05
5.076 160.073 852.195 09:56:06
5.072 147.780 745.854 09:56:07
5.076 159.780 809.756 09:56:08
5.076 145.293 740.000 09:56:09
5.076 175.878 805.854 09:56:10
5.076 146.195 754.634 09:56:11
5.076 154.585 790.244 09:56:12
5.072 200.878 991.220 09:56:13
5.076 145.390 735.122 09:56:14
5.056 244.878 1228.293 09:56:15
5.072 206.976 1014.146 09:56:16
5.072 240.488 907.805 09:56:17
5.076 148.683 758.537 09:56:18
5.076 145.390 744.878 09:56:19
5.072 159.780 814.634 09:56:20
5.076 148.683 755.122 09:56:21
5.072 174.780 1126.829 09:56:22
5.072 180.780 880.976 09:56:23
5.076 158.390 805.854 09:56:24
5.068 206.585 1050.244 09:56:25
5.064 245.976 1254.634 09:56:26
5.072 253.268 991.707 09:56:27
5.064 229.488 920.488 09:56:28
5.072 150.390 767.317 09:56:29
5.072 148.780 754.634 09:56:30
5.076 160.683 806.341 09:56:31
5.076 149.780 758.537 09:56:32
5.072 307.268 1422.439 09:56:33
5.068 211.390 1069.268 09:56:34
5.072 144.878 738.537 09:56:35
5.076 160.073 805.854 09:56:37
5.076 159.976 809.756 09:56:38
5.068 160.293 1158.049 09:56:39
5.064 249.073 812.683 09:56:40
5.064 198.585 958.049 09:56:41
5.072 231.780 811.220 09:56:42
5.064 221.073 773.659 09:56:43
5.076 159.878 814.634 09:56:44
5.072 167.683 763.415 09:56:45
5.064 190.780 961.463 09:56:46
5.072 270.683 1276.585 09:56:47
5.072 174.878 915.122 09:56:48
5.072 159.976 1393.659 09:56:49
5.068 209.390 1072.683 09:56:50
5.064 239.366 1229.268 09:56:51
5.072 145.488 733.659 09:56:52
5.072 158.390 803.415 09:56:53
5.076 158.780 805.854 09:56:54
5.076 147.098 746.341 09:56:55
5.064 234.878 889.756 09:56:56
5.076 151.098 767.317 09:56:57
5.068 211.683 1188.293 09:56:58
5.076 190.976 1142.927 09:56:59
5.072 146.488 747.317 09:57:00
5.076 158.683 805.854 09:57:01
5.072 144.976 740.976 09:57:02
5.072 201.171 1024.390 09:57:03
5.076 150.878 767.317 09:57:04
5.072 247.171 947.317 09:57:05
5.072 159.073 804.878 09:57:06
5.072 190.878 742.439 09:57:07
5.064 336.463 1356.098 09:57:08
5.072 170.488 813.659 09:57:09
5.076 159.585 1251.707 09:57:10
5.064 276.463 1025.366 09:57:11
5.076 148.195 752.195 09:57:12
5.076 151.390 772.683 09:57:13
5.076 170.390 748.293 09:57:14
5.072 200.488 1687.805 09:57:15
5.072 150.976 766.341 09:57:16
5.072 199.293 942.927 09:57:17
5.076 159.976 812.683 09:57:18
5.072 169.683 924.878 09:57:19
5.076 160.878 816.585 09:57:20
5.076 176.195 1161.463 09:57:21
5.072 152.293 772.683 09:57:22
5.076 157.390 803.902 09:57:23
5.072 144.878 739.512 09:57:24
5.060 236.780 1374.634 09:57:25
5.076 148.585 1017.561 09:57:26
5.064 294.780 1295.610 09:57:27
5.064 237.171 1466.829 09:57:28
5.072 145.683 736.098 09:57:29
5.076 150.488 767.317 09:57:30
5.076 202.293 741.463 09:57:31
5.060 310.268 1453.659 09:57:32
5.052 400.073 1464.390 09:57:33
5.060 283.073 1435.610 09:57:34
5.076 212.585 1171.707 09:57:35
5.072 158.293 803.902 09:57:36
5.068 159.780 815.122 09:57:37
5.072 146.780 747.317 09:57:38
5.072 207.268 921.463 09:57:39
5.072 246.976 1170.244 09:57:40
5.076 145.488 735.122 09:57:41
5.068 190.488 942.439 09:57:42
5.072 144.878 736.098 09:57:43
5.068 242.780 1231.707 09:57:44
5.076 147.390 747.317 09:57:45
5.076 143.976 735.122 09:57:46
5.072 181.390 812.683 09:57:47
5.072 146.488 741.463 09:57:48
5.068 202.878 951.220 09:57:49
5.072 149.976 828.780 09:57:50
5.072 147.683 742.439 09:57:51
5.072 160.390 812.683 09:57:52
5.068 207.390 1000.488 09:57:53
5.072 201.488 746.341 09:57:54
5.076 201.976 748.780 09:57:55
5.072 221.878 1080.488 09:57:56
5.072 250.585 1003.902 09:57:57
5.072 146.683 832.683 09:57:58
5.076 149.293 752.683 09:57:59
5.076 149.683 761.463 09:58:00
5.072 159.976 811.220 09:58:01
5.076 158.683 805.854 09:58:02
5.072 150.683 762.439 09:58:03
5.068 240.878 1069.268 09:58:04
5.076 149.293 755.122 09:58:05
5.072 160.073 813.659 09:58:06
5.072 219.976 996.585 09:58:07
5.068 199.683 747.317 09:58:08
5.072 144.683 735.122 09:58:09
5.076 224.780 812.683 09:58:10
5.072 151.488 757.073 09:58:11
5.048 286.780 1547.317 09:58:12
5.072 260.683 792.683 09:58:13
5.076 146.585 747.317 09:58:14
5.076 161.073 820.000 09:58:15
5.072 160.878 817.561 09:58:16
5.068 248.366 1340.976 09:58:17
5.076 205.780 1228.293 09:58:18
5.072 159.488 746.341 09:58:19
5.064 238.366 1143.902 09:58:20
5.072 159.976 851.220 09:58:21
5.076 159.293 807.805 09:58:22
5.072 207.488 1344.390 09:58:23
5.076 146.878 743.415 09:58:24
5.072 157.683 807.805 09:58:25
5.072 144.878 739.512 09:58:26
5.076 159.488 812.195 09:58:27
5.076 154.073 779.024 09:58:28
5.064 211.268 1261.951 09:58:30
5.076 149.098 753.659 09:58:31
5.076 144.976 735.122 09:58:32
5.064 252.073 1223.415 09:58:33
5.068 281.585 1189.268 09:58:34
5.068 293.366 1126.829 09:58:35
5.072 147.195 744.878 09:58:36
5.076 145.195 735.122 09:58:37
5.076 160.390 814.634 09:58:38
5.076 198.780 1044.390 09:58:39
5.064 209.780 1038.049 09:58:40
5.072 150.683 763.902 09:58:41
5.072 188.780 909.756 09:58:42
5.052 398.171 2024.390 09:58:43
5.076 145.976 736.098 09:58:44
5.064 193.878 936.585 09:58:45
5.076 150.488 764.878 09:58:46
5.068 220.780 1106.341 09:58:47
5.072 202.390 813.659 09:58:48
5.072 183.878 931.220 09:58:49
5.068 238.976 1046.829 09:58:50
5.076 150.976 766.341 09:58:51
5.076 158.195 795.122 09:58:52
5.064 282.976 1507.317 09:58:53
5.072 146.585 747.317 09:58:54
5.072 207.268 1031.707 09:58:55
5.068 149.683 758.537 09:58:56
5.076 147.293 743.415 09:58:57
5.064 275.878 1668.780 09:58:58
5.076 146.585 747.317 09:58:59
5.076 151.390 768.780 09:59:00
5.072 159.780 812.683 09:59:01
5.076 144.195 732.195 09:59:02
5.068 240.268 1215.610 09:59:03
5.076 148.293 748.293 09:59:04
5.068 243.585 2169.756 09:59:05
5.072 147.293 743.902 09:59:06
5.076 146.390 743.902 09:59:07
5.076 150.780 768.293 09:59:08
5.072 156.976 742.439 09:59:09
5.064 288.463 1351.707 09:59:10
5.076 215.073 1165.366 09:59:11
5.068 222.780 1181.463 09:59:12
5.072 223.878 1026.341 09:59:13
5.076 144.878 743.902 09:59:14
5.072 159.195 812.683 09:59:15
5.072 149.585 760.976 09:59:16
5.056 386.073 1639.024 09:59:17
5.072 204.073 982.927 09:59:18
5.076 201.780 1006.341 09:59:19
5.072 150.390 808.780 09:59:20
5.076 144.976 738.537 09:59:21
5.072 160.585 815.122 09:59:22
5.076 148.098 752.683 09:59:23
5.060 281.366 1745.366 09:59:24
5.068 180.293 882.927 09:59:25
5.076 175.073 875.122 09:59:26
5.072 212.390 929.268 09:59:27
5.072 160.293 811.220 09:59:28
5.076 144.683 734.634 09:59:29
5.072 196.683 1019.024 09:59:30
5.076 153.585 779.024 09:59:31
5.064 184.171 897.561 09:59:32
5.076 150.585 767.317 09:59:33
5.076 145.585 734.634 09:59:34
5.076 159.780 815.122 09:59:35
5.076 146.098 739.512 09:59:36
5.064 266.976 1338.537 09:59:37
5.072 146.683 748.293 09:59:38
5.076 149.293 764.878 09:59:39
5.072 160.585 813.659 09:59:40
5.076 147.293 741.463 09:59:41
5.060 322.171 1620.000 09:59:42
5.076 237.585 1065.366 09:59:43
5.072 220.878 1112.683 09:59:44
5.072 158.585 807.317 09:59:45
5.076 146.780 1179.024 09:59:46
5.064 244.683 1240.976 09:59:47
5.072 146.683 744.878 09:59:48
5.068 185.585 942.439 09:59:49
5.072 183.171 889.756 09:59:50
5.064 310.659 1288.293 09:59:51
5.072 153.195 777.073 09:59:52
5.076 144.878 737.561 09:59:53
5.064 291.268 1456.098 09:59:54
5.076 149.683 755.122 09:59:55
5.076 145.683 735.122 09:59:56
5.068 241.780 1231.707 09:59:57
5.072 201.171 747.317 09:59:58
5.068 245.268 1235.610 09:59:59
5.068 190.780 902.927 10:00:00
5.072 157.780 801.463 10:00:01
5.076 198.488 999.024 10:00:02
5.072 144.780 736.098 10:00:03
5.076 160.488 816.098 10:00:04
5.076 146.585 744.878 10:00:05
5.068 252.976 809.756 10:00:06
5.076 159.390 812.683 10:00:07
5.068 179.780 909.756 10:00:08
5.072 159.390 814.634 10:00:09
5.068 219.488 1564.878 10:00:10
5.072 233.780 1225.854 10:00:11
5.076 154.976 735.122 10:00:12
5.068 242.073 1139.024 10:00:13
5.076 149.585 757.561 10:00:14
5.072 193.780 972.683 10:00:15
5.076 233.488 900.976 10:00:16
5.076 146.390 743.415 10:00:17
5.076 152.585 775.122 10:00:18
5.076 149.488 755.122 10:00:19
5.072 210.683 1091.707 10:00:20
5.072 158.683 803.902 10:00:21
5.076 148.488 754.634 10:00:22
5.072 157.976 801.463 10:00:24
5.072 176.976 758.537 10:00:25
5.060 258.780 1288.293 10:00:26
5.076 144.683 732.195 10:00:27
5.076 160.293 810.244 10:00:28
5.068 175.780 1274.634 10:00:29
5.076 146.585 748.780 10:00:30
5.072 174.976 876.098 10:00:31
5.076 145.780 736.098 10:00:32
5.072 178.976 946.341 10:00:33
5.072 145.293 740.976 10:00:34
5.076 148.976 783.415 10:00:35
5.076 160.073 812.683 10:00:36
5.076 144.976 737.561 10:00:37
5.052 453.268 2372.683 10:00:38
5.072 182.585 911.220 10:00:39
5.076 154.293 783.415 10:00:40
5.076 158.585 805.854 10:00:41
5.076 144.780 735.122 10:00:42
5.068 147.878 747.317 10:00:43
5.072 186.585 926.341 10:00:44
5.056 464.146 1917.561 10:00:45
5.072 209.683 1022.439 10:00:46
5.068 231.171 1002.927 10:00:47
5.072 149.390 759.512 10:00:48
5.076 145.780 739.512 10:00:49
5.068 271.463 815.122 10:00:50
5.076 144.780 739.512 10:00:51
5.076 158.976 765.854 10:00:52
5.072 151.195 763.902 10:00:53
5.080 144.976 739.512 10:00:54
5.068 458.366 2286.829 10:00:55
5.076 146.878 745.854 10:00:56
5.076 144.780 740.976 10:00:57
5.060 332.878 1623.415 10:00:58
5.076 149.488 757.561 10:00:59
5.072 199.683 972.683 10:01:00
5.076 144.976 737.073 10:01:01
5.072 144.878 737.561 10:01:02
5.076 151.293 767.317 10:01:03
5.076 147.390 743.902 10:01:04
5.040 505.244 2516.098 10:01:05
5.080 144.976 737.561 10:01:06
5.076 144.780 760.000 10:01:07
5.076 244.683 1047.805 10:01:08
5.072 148.390 757.073 10:01:09
5.052 401.366 2077.073 10:01:10
5.076 147.293 743.415 10:01:11
5.076 150.488 763.902 10:01:12
5.072 147.878 1165.366 10:01:13
5.076 145.976 740.976 10:01:14
5.064 241.488 1462.439 10:01:15
5.076 220.878 1028.780 10:01:16
5.076 145.390 735.122 10:01:17
5.076 159.390 813.659 10:01:18
5.076 146.683 747.317 10:01:19
5.060 247.171 1240.488 10:01:20
5.076 147.878 748.780 10:01:21
5.068 179.195 959.024 10:01:22
5.072 146.683 748.780 10:01:23
5.076 146.488 747.317 10:01:24
5.068 247.366 1369.268 10:01:25
5.064 297.268 2252.195 10:01:26
5.072 186.585 1037.561 10:01:27
5.068 150.585 763.415 10:01:28
5.076 159.976 812.683 10:01:29
5.076 160.585 816.585 10:01:30
5.072 210.683 1023.902 10:01:31
5.072 205.585 1727.805 10:01:32
5.076 190.585 745.854 10:01:33
5.072 210.780 1063.902 10:01:34
5.076 159.073 800.976 10:01:35
5.072 160.390 1260.976 10:01:36
5.060 284.561 1604.878 10:01:37
5.076 145.098 732.195 10:01:38
5.076 145.878 736.098 10:01:39
5.076 258.268 825.366 10:01:40
5.076 150.878 829.756 10:01:41
5.072 251.780 1370.732 10:01:42
5.072 185.293 912.683 10:01:43
5.076 150.195 765.854 10:01:44
5.076 145.195 737.073 10:01:45
5.064 247.585 1223.415 10:01:46
5.068 190.585 954.146 10:01:47
5.064 232.171 1299.512 10:01:48
5.072 150.098 761.463 10:01:49
5.076 147.098 743.415 10:01:50
5.072 235.488 1613.659 10:01:51
5.072 146.780 743.902 10:01:52
5.068 191.171 743.902 10:01:53
5.068 160.293 813.659 10:01:54
5.076 151.195 767.317 10:01:55
5.056 320.366 1413.171 10:01:56
5.068 205.976 1197.073 10:01:57
5.076 144.976 748.293 10:01:58
5.072 160.073 814.634 10:01:59
5.076 144.976 736.098 10:02:00
5.076 245.268 1251.707 10:02:01
5.072 158.585 962.927 10:02:02
5.060 273.463 1500.000 10:02:03
5.076 191.073 1040.000 10:02:04
5.076 144.293 732.195 10:02:05
5.072 159.585 1225.854 10:02:06
5.076 148.976 758.537 10:02:07
5.060 327.366 1628.780 10:02:08
5.072 184.976 1245.854 10:02:09
5.076 147.390 743.415 10:02:10
5.076 150.976 765.854 10:02:11
5.076 153.585 784.878 10:02:12
5.072 234.878 1135.122 10:02:13
5.076 215.683 749.756 10:02:14
5.072 148.195 748.293 10:02:15
5.076 160.293 812.683 10:02:16
5.076 158.195 801.463 10:02:17
5.064 268.976 1056.585 10:02:19
5.076 165.293 760.000 10:02:20
5.076 147.683 1030.244 10:02:21
5.076 159.878 811.220 10:02:22
5.076 150.390 763.415 10:02:23
5.072 273.171 1108.293 10:02:24
5.072 158.976 807.317 10:02:25
5.072 144.195 732.195 10:02:26
5.076 160.390 815.122 10:02:27
5.076 150.390 763.902 10:02:28
5.072 182.390 762.439 10:02:29
5.072 150.780 763.415 10:02:30
5.072 143.976 737.073 10:02:31
5.060 245.878 1240.488 10:02:32
5.076 146.683 746.341 10:02:33
5.060 276.268 1110.732 10:02:34
5.076 148.780 1097.561 10:02:35
5.052 283.878 1105.366 10:02:36
5.072 160.293 811.220 10:02:37
5.076 158.488 801.463 10:02:38
5.068 213.976 1069.268 10:02:39
5.072 147.390 743.902 10:02:40
5.076 147.976 752.683 10:02:41
5.068 160.683 813.659 10:02:42
5.068 209.585 1055.610 10:02:43
5.064 231.366 1149.268 10:02:44
5.076 145.390 740.976 10:02:45
5.076 144.488 737.561 10:02:46
5.076 160.585 816.098 10:02:47
5.056 224.073 1137.073 10:02:48
5.064 311.780 1235.610 10:02:49
5.072 160.780 813.659 10:02:50
5.076 160.195 813.659 10:02:51
5.076 147.780 740.976 10:02:52
5.072 160.195 810.244 10:02:53
5.076 158.683 845.366 10:02:54
5.072 206.878 1042.439 10:02:55
5.072 146.878 748.780 10:02:56
5.076 150.488 767.317 10:02:57
5.076 160.195 812.195 10:02:58
5.068 160.195 815.122 10:02:59
5.076 149.780 760.976 10:03:00
5.072 204.585 777.073 10:03:01
5.068 255.585 1130.732 10:03:02
5.072 151.293 767.317 10:03:03
5.072 241.780 1040.000 10:03:04
5.076 146.780 748.293 10:03:05
5.076 159.073 807.317 10:03:06
5.080 144.878 742.439 10:03:07
5.076 160.488 814.634 10:03:08
5.076 160.195 812.195 10:03:09
5.072 288.878 1431.220 10:03:10
5.072 242.878 1453.171 10:03:11
5.080 145.195 739.512 10:03:12
5.076 145.683 731.220 10:03:13
5.072 161.293 817.561 10:03:14
5.076 237.488 1073.171 10:03:15
5.068 274.073 1229.268 10:03:16
5.076 150.390 760.000 10:03:17
5.076 158.878 804.878 10:03:18
5.068 259.171 1990.732 10:03:19
5.076 159.878 798.537 10:03:20
5.072 160.195 812.683 10:03:21
5.076 159.683 814.634 10:03:22
5.072 219.585 993.659 10:03:23
5.068 217.878 1075.610 10:03:24
5.076 151.878 740.000 10:03:25
5.068 327.366 812.195 10:03:26
5.072 159.488 807.805 10:03:27
5.076 158.976 801.463 10:03:28
5.076 188.171 813.659 10:03:29
5.076 223.390 1201.463 10:03:30
5.072 181.878 1014.146 10:03:31
5.076 145.585 733.659 10:03:32
5.072 189.171 803.902 10:03:33
5.072 160.293 803.902 10:03:34
5.072 167.390 807.317 10:03:35
5.072 254.585 815.122 10:03:36
5.076 146.683 747.317 10:03:37
5.072 160.195 812.195 10:03:38
5.076 159.878 805.854 10:03:39
5.076 159.585 812.683 10:03:40
5.072 161.293 812.195 10:03:41
5.072 184.976 930.244 10:03:42
5.072 257.073 931.220 10:03:43
5.072 198.488 1006.829 10:03:44
5.076 150.585 765.854 10:03:45
5.072 160.293 812.683 10:03:46
5.052 291.878 2037.073 10:03:47
5.060 336.171 1927.805 10:03:48
5.076 198.488 743.415 10:03:49
5.068 188.390 1615.122 10:03:50
5.076 160.585 814.634 10:03:51
5.072 253.878 934.146 10:03:52
5.072 150.195 762.439 10:03:53
5.072 185.171 1006.829 10:03:54
5.076 150.098 761.463 10:03:55
5.072 186.073 1063.902 10:03:56
5.068 265.463 1069.268 10:03:57
5.072 197.878 981.463 10:03:58
5.076 149.293 754.634 10:03:59
5.072 205.268 1045.366 10:04:00
5.072 238.683 815.122 10:04:01
5.072 158.585 1265.854 10:04:02
5.072 262.585 1520.976 10:04:03
5.072 195.293 958.049 10:04:04
5.076 147.195 744.878 10:04:05
5.076 159.976 812.195 10:04:06
5.072 200.488 1527.317 10:04:07
5.076 159.585 811.220 10:04:08
5.060 317.976 1622.439 10:04:09
5.072 146.780 825.366 10:04:10
5.068 146.976 1312.195 10:04:11
5.076 160.488 820.000 10:04:13
5.068 161.073 1251.707 10:04:14
5.072 236.780 911.707 10:04:15
5.072 152.878 775.122 10:04:16
5.076 160.195 819.024 10:04:17
5.072 163.390 827.805 10:04:18
5.072 229.390 787.317 10:04:19
5.072 244.366 1314.146 10:04:20
5.064 216.780 890.244 10:04:21
5.076 145.488 796.098 10:04:22
5.072 160.488 809.756 10:04:23
5.072 145.293 739.512 10:04:24
5.072 241.268 1227.805 10:04:25
5.072 151.683 769.756 10:04:26
5.076 145.585 735.122 10:04:27
5.072 246.683 811.220 10:04:28
5.072 185.073 947.317 10:04:29
5.072 160.488 810.244 10:04:30
5.060 246.366 981.463 10:04:31
5.076 150.878 1059.024 10:04:32
5.076 162.390 823.902 10:04:33
5.072 150.780 767.317 10:04:34
5.064 278.585 1230.732 10:04:35
5.076 160.293 808.780 10:04:36
5.072 244.366 1239.024 10:04:37
5.076 155.780 781.463 10:04:38
5.076 146.488 745.854 10:04:39
5.064 181.073 813.659 10:04:40
5.072 145.780 736.098 10:04:41
5.064 242.073 803.415 10:04:42
5.072 158.585 800.976 10:04:43
5.064 289.268 1472.195 10:04:44
5.068 218.488 1108.293 10:04:45
5.076 144.293 732.195 10:04:46
5.076 160.390 815.122 10:04:47
5.076 145.683 736.098 10:04:48
5.068 342.756 1643.415 10:04:49
5.076 170.195 1111.707 10:04:50
5.068 147.195 771.220 10:04:51
5.076 158.585 805.854 10:04:52
5.072 159.488 807.805 10:04:53
5.072 158.073 1100.488 10:04:54
5.076 148.878 758.537 10:04:55
5.076 144.780 737.073 10:04:56
5.076 159.780 1231.707 10:04:57
5.072 160.390 806.341 10:04:58
5.068 205.683 1091.707 10:04:59
5.068 195.683 950.244 10:05:00
5.076 145.585 737.073 10:05:01
5.072 160.390 1482.439 10:05:02
5.072 160.073 812.683 10:05:03
5.076 193.073 995.122 10:05:04
5.076 158.878 1219.512 10:05:05
5.068 199.976 976.585 10:05:06
5.068 243.366 1712.195 10:05:07
5.072 151.293 763.415 10:05:08
5.076 145.683 734.634 10:05:09
5.076 158.878 980.488 10:05:10
5.072 147.098 742.439 10:05:11
5.068 313.366 1197.073 10:05:12
5.076 145.976 797.561 10:05:13
5.076 145.780 739.512 10:05:14
5.076 151.488 768.780 10:05:15
5.076 151.390 1082.927 10:05:16
5.060 234.073 1226.829 10:05:17
5.076 217.683 748.780 10:05:18
5.076 159.878 810.244 10:05:19
5.076 160.390 812.683 10:05:20
5.076 158.585 803.415 10:05:21
5.068 253.073 2372.195 10:05:22
5.076 146.585 744.878 10:05:23
5.076 152.098 771.220 10:05:24
5.076 158.683 803.415 10:05:25
5.076 147.390 743.902 10:05:26
5.072 160.976 812.683 10:05:27
5.072 146.585 748.780 10:05:28
5.076 145.195 740.000 10:05:29
5.076 183.390 812.683 10:05:30
5.064 220.171 1115.122 10:05:31
5.068 257.463 1506.341 10:05:32
5.072 183.585 972.683 10:05:33
5.072 205.976 1262.927 10:05:34
5.076 151.293 766.341 10:05:35
5.072 160.195 811.220 10:05:36
5.076 160.390 809.756 10:05:37
5.072 218.390 974.146 10:05:38
5.068 201.585 966.829 10:05:39
5.072 147.488 746.341 10:05:40
5.076 146.683 748.780 10:05:41
5.076 160.488 814.634 10:05:42
5.068 208.268 1066.341 10:05:43
5.068 223.585 1125.366 10:05:44
5.068 208.878 1061.951 10:05:45
5.080 151.195 735.122 10:05:46
5.076 158.585 875.122 10:05:47
5.076 154.293 1030.244 10:05:48
5.076 258.366 1224.390 10:05:49
5.068 179.390 849.756 10:05:50
5.068 173.683 744.878 10:05:51
5.072 203.293 1043.902 10:05:52
5.072 146.878 1342.927 10:05:53
5.072 205.488 1075.122 10:05:54
5.072 160.585 814.634 10:05:55
5.068 181.683 743.415 10:05:56
5.064 266.683 1359.512 10:05:57
5.076 152.098 768.293 10:05:58
5.076 152.098 772.195 10:05:59
5.076 207.780 1323.415 10:06:00
5.076 147.195 743.415 10:06:01
5.064 240.878 1285.854 10:06:02
5.072 147.976 743.902 10:06:03
5.076 160.293 808.780 10:06:04
5.076 160.585 817.561 10:06:05
5.068 246.683 1724.878 10:06:07
5.076 160.293 808.780 10:06:08
5.076 148.976 754.634 10:06:09
5.068 350.756 1073.171 10:06:10
5.076 151.878 766.341 10:06:11
5.076 165.195 1703.902 10:06:12
5.076 190.878 1220.488 10:06:13
5.076 146.585 746.341 10:06:14
5.076 145.293 798.537 10:06:15
5.076 152.878 772.683 10:06:16
5.076 146.878 748.780 10:06:17
5.064 256.268 1249.268 10:06:18
5.068 230.683 1305.854 10:06:19
5.064 271.268 1052.683 10:06:20
5.076 147.098 737.561 10:06:21
5.076 159.878 883.902 10:06:22
5.072 158.683 836.585 10:06:23
5.060 321.463 1630.244 10:06:24
5.056 371.756 1895.610 10:06:25
5.076 215.683 866.341 10:06:26
5.072 147.878 743.902 10:06:27
5.076 148.976 757.073 10:06:28
5.076 160.293 820.000 10:06:29
5.068 264.878 1398.537 10:06:30
5.076 145.390 735.122 10:06:31
5.068 460.463 2357.073 10:06:32
5.076 158.780 803.902 10:06:33
5.068 317.463 1620.976 10:06:34
5.068 209.171 1013.659 10:06:35
5.068 185.976 956.585 10:06:36
5.072 209.268 811.220 10:06:37
5.076 160.683 810.244 10:06:38
5.068 241.268 1619.024 10:06:39
5.060 322.976 1511.220 10:06:40
5.068 221.585 801.463 10:06:41
5.068 242.585 1267.805 10:06:42
5.076 146.585 746.341 10:06:43
5.076 160.390 812.683 10:06:44
5.072 159.488 807.805 10:06:45
5.064 160.293 1312.195 10:06:46
5.060 345.073 1456.098 10:06:47
5.060 323.171 1641.463 10:06:48
5.076 146.683 743.902 10:06:49
5.076 160.683 1309.756 10:06:50
5.076 157.976 805.854 10:06:51
5.064 265.585 1352.195 10:06:52
5.072 209.488 918.537 10:06:53
5.076 203.780 749.756 10:06:54
5.076 160.390 854.146 10:06:55
5.064 247.366 816.098 10:06:56
5.076 147.488 749.756 10:06:57
5.072 147.878 752.683 10:06:58
5.072 159.585 901.463 10:06:59
5.076 159.780 815.122 10:07:00
5.072 192.488 1260.488 10:07:01
5.064 219.878 956.098 10:07:02
5.076 145.390 739.512 10:07:03
5.072 158.878 803.415 10:07:04
5.072 159.073 812.683 10:07:05
5.076 159.585 814.634 10:07:06
5.060 356.171 1799.024 10:07:07
5.072 160.683 815.122 10:07:08
5.076 146.488 747.317 10:07:09
5.072 160.195 812.683 10:07:10
5.072 160.293 812.683 10:07:11
5.060 296.463 1371.707 10:07:12
5.068 222.585 1438.537 10:07:13
5.072 147.488 757.073 10:07:14
5.076 174.488 894.146 10:07:15
5.068 178.390 897.561 10:07:16
5.076 147.488 748.293 10:07:17
5.076 145.488 737.073 10:07:18
5.056 329.780 1732.683 10:07:19
5.076 197.585 962.439 10:07:20
5.064 192.878 995.610 10:07:21
5.076 145.878 737.073 10:07:22
5.076 145.683 736.098 10:07:23
5.072 212.171 1132.683 10:07:24
5.072 167.878 803.902 10:07:25
5.072 179.293 1433.659 10:07:26
5.076 149.195 756.098 10:07:27
5.064 338.878 1743.902 10:07:28
5.076 215.878 772.683 10:07:29
5.076 149.293 760.000 10:07:30
5.064 342.976 1688.780 10:07:31
5.076 147.488 746.341 10:07:32
5.072 157.683 804.878 10:07:33
5.068 273.780 1256.585 10:07:34
5.072 146.098 737.073 10:07:35
5.080 158.878 806.341 10:07:36
5.072 206.390 1071.707 10:07:37
5.068 260.878 1099.512 10:07:38
5.068 162.780 842.439 10:07:39
5.072 160.293 805.854 10:07:40
5.076 241.683 812.195 10:07:41
5.072 266.463 863.415 10:07:42
5.060 327.268 1857.561 10:07:43
5.076 145.098 739.512 10:07:44
5.076 144.780 808.780 10:07:45
5.068 189.390 928.780 10:07:46
5.072 217.488 1080.000 10:07:47
5.068 253.171 1039.024 10:07:48
5.072 153.683 779.024 10:07:49
5.068 264.780 1084.390 10:07:50
5.076 145.976 739.512 10:07:51
5.064 254.171 1285.366 10:07:52
5.072 160.390 812.195 10:07:53
5.072 181.878 961.463 10:07:54
5.064 320.268 815.122 10:07:55
5.072 221.780 804.878 10:07:56
5.056 248.976 1238.049 10:07:57
5.072 160.293 806.341 10:07:58
5.076 149.683 760.000 10:07:59
5.072 193.878 1011.220 10:08:01
5.072 208.488 860.976 10:08:02
5.072 277.780 1305.366 10:08:03
5.076 158.585 804.878 10:08:04
5.072 240.878 1219.024 10:08:05
5.064 268.976 1053.171 10:08:06
5.076 145.878 748.780 10:08:07
5.076 160.585 1007.805 10:08:08
5.072 192.390 812.683 10:08:09
5.068 247.366 1443.415 10:08:10
5.064 275.268 1353.171 10:08:11
5.072 147.390 744.878 10:08:12
5.072 211.488 816.585 10:08:13
5.072 243.488 827.805 10:08:14
5.068 295.976 1443.415 10:08:15
5.072 274.171 1099.024 10:08:16
5.076 144.878 1014.146 10:08:17
5.076 153.780 776.098 10:08:18
5.076 144.976 737.073 10:08:19
5.064 244.780 1242.927 10:08:20
5.072 187.293 1152.683 10:08:21
5.064 268.268 1361.951 10:08:22
5.072 146.780 748.293 10:08:23
5.072 160.195 813.659 10:08:24
5.056 332.366 1643.415 10:08:25
5.072 211.683 1078.049 10:08:26
5.076 150.390 764.878 10:08:27
5.076 160.293 811.220 10:08:28
5.068 295.683 1245.854 10:08:29
5.060 258.585 2324.390 10:08:30
5.076 158.585 807.317 10:08:31
5.076 145.098 739.512 10:08:32
5.076 158.780 804.878 10:08:33
5.064 161.293 811.220 10:08:34
5.068 204.780 972.683 10:08:35
5.076 158.976 1250.244 10:08:36
5.076 145.780 737.561 10:08:37
5.072 158.780 804.878 10:08:38
5.076 149.780 757.561 10:08:39
5.072 160.488 813.659 10:08:40
5.076 161.073 808.780 10:08:41
5.060 304.171 1070.732 10:08:42
5.076 166.683 900.000 10:08:43
5.072 150.780 762.439 10:08:44
5.072 160.488 814.634 10:08:45
5.068 247.585 1237.073 10:08:46
5.060 189.293 1094.146 10:08:47
5.068 209.585 1285.366 10:08:48
5.076 158.488 805.854 10:08:49
5.076 160.293 812.683 10:08:50
5.072 159.293 813.659 10:08:51
5.072 145.878 735.122 10:08:52
5.072 158.585 800.000 10:08:53
5.076 159.585 812.683 10:08:54
5.064 266.073 1358.049 10:08:55
5.072 201.976 847.317 10:08:56
5.076 244.585 809.756 10:08:57
5.076 241.268 807.805 10:08:58
5.064 238.683 1340.488 10:08:59
5.048 445.366 2060.488 10:09:00
5.068 211.268 1071.707 10:09:01
5.072 145.098 736.098 10:09:02
5.072 151.390 767.317 10:09:03
5.068 229.878 746.341 10:09:04
5.072 160.683 813.659 10:09:05
5.072 160.878 816.585 10:09:06
5.068 210.268 1066.829 10:09:07
5.072 185.780 942.927 10:09:08
5.076 145.098 1004.878 10:09:09
5.076 176.585 899.024 10:09:10
5.060 431.854 1689.756 10:09:11
5.076 158.878 1027.805 10:09:12
5.076 146.780 738.537 10:09:13
5.060 326.561 1230.732 10:09:14
5.076 157.878 805.854 10:09:15
5.060 492.463 2115.610 10:09:16
5.072 160.780 1882.927 10:09:17
5.080 144.878 737.561 10:09:18
5.076 160.488 816.585 10:09:19
5.076 145.195 740.976 10:09:20
5.060 468.854 2404.878 10:09:21
5.072 146.683 744.878 10:09:22
5.072 171.780 893.659 10:09:23
5.072 159.585 814.634 10:09:24
5.076 158.585 888.780 10:09:25
5.060 471.561 2073.171 10:09:26
5.072 147.878 739.512 10:09:27
5.072 196.683 997.561 10:09:28
5.068 215.976 1095.122 10:09:29
5.076 146.585 743.902 10:09:30
5.072 160.585 815.122 10:09:31
5.076 160.585 814.634 10:09:32
5.068 319.976 1274.146 10:09:33
5.064 194.293 1059.024 10:09:34
5.076 146.488 746.341 10:09:35
5.076 150.683 763.902 10:09:36
5.076 144.878 737.073 10:09:37
5.076 159.195 1280.488 10:09:38
5.072 160.780 817.561 10:09:39
5.064 251.171 1002.927 10:09:40
5.076 162.390 746.341 10:09:41
5.076 214.390 976.098 10:09:42
5.072 270.683 872.195 10:09:43
5.076 151.195 763.902 10:09:44
5.060 290.366 1523.902 10:09:45
5.076 158.488 808.780 10:09:46
5.076 145.878 737.561 10:09:47
5.076 159.683 814.634 10:09:48
5.072 161.390 818.537 10:09:49
5.076 159.293 803.902 10:09:50
5.072 197.780 752.195 10:09:51
5.076 144.976 737.561 10:09:52
5.076 163.488 1422.439 10:09:53
5.076 147.585 748.780 10:09:54
5.072 204.976 1055.610 10:09:55
5.076 147.390 745.854 10:09:57
5.076 144.878 733.659 10:09:58
5.076 158.585 807.805 10:09:59
5.076 147.293 743.902 10:10:00
5.076 147.390 748.780 10:10:01
5.072 158.390 804.878 10:10:02
5.072 146.585 750.244 10:10:03
5.072 158.585 807.317 10:10:04
5.048 249.366 1234.146 10:10:05
5.072 145.585 740.976 10:10:06
5.064 241.268 1225.854 10:10:07
5.064 240.488 1236.585 10:10:08
5.072 160.073 813.659 10:10:09
5.068 184.683 1003.902 10:10:10
5.072 199.780 1456.098 10:10:11
5.072 213.976 1081.951 10:10:12
5.076 151.585 768.780 10:10:13
5.068 244.878 1258.049 10:10:14
5.072 193.683 1477.073 10:10:15
5.072 150.585 856.585 10:10:16
5.068 182.293 1051.220 10:10:17
5.076 145.098 737.073 10:10:18
5.068 242.780 1229.268 10:10:19
5.072 160.390 814.634 10:10:20
5.060 211.683 1075.610 10:10:21
5.068 219.171 1389.756 10:10:22
5.076 145.683 737.073 10:10:23
5.076 159.390 803.902 10:10:24
5.076 149.390 758.537 10:10:25
5.068 217.390 1273.171 10:10:26
5.076 160.780 814.634 10:10:27
5.064 280.585 1155.122 10:10:28
5.068 297.073 1543.415 10:10:29
5.076 145.098 746.341 10:10:30
5.068 249.976 1542.439 10:10:31
5.076 159.683 810.244 10:10:32
5.068 257.171 1226.829 10:10:33
5.060 198.293 816.585 10:10:34
5.076 223.585 1015.122 10:10:35
5.076 155.585 745.854 10:10:36
5.076 149.780 761.463 10:10:37
5.076 158.878 1130.732 10:10:38
5.076 159.976 812.683 10:10:39
5.060 250.073 1235.610 10:10:40
5.072 221.488 1045.366 10:10:41
5.076 153.488 744.878 10:10:42
5.068 248.268 886.341 10:10:43
5.076 256.585 812.195 10:10:44
5.064 281.463 1425.854 10:10:45
5.064 217.683 1105.366 10:10:46
5.072 222.390 1278.049 10:10:47
5.072 146.195 1024.390 10:10:48
5.072 158.878 804.878 10:10:49
5.072 158.780 804.878 10:10:50
5.060 328.268 1640.000 10:10:51
5.068 238.878 1461.951 10:10:52
5.076 146.098 928.780 10:10:53
5.056 472.659 1235.610 10:10:54
5.068 207.976 1050.244 10:10:55
5.072 160.195 812.195 10:10:56
5.076 158.585 805.854 10:10:57
5.056 331.878 1707.317 10:10:58
5.072 201.171 876.585 10:10:59
5.076 144.780 736.098 10:11:00
5.076 147.488 744.878 10:11:01
5.064 169.293 806.341 10:11:02
5.064 248.073 815.122 10:11:03
5.064 328.976 1664.878 10:11:04
5.064 245.878 1249.268 10:11:05
5.076 145.683 735.122 10:11:06
5.076 147.293 746.341 10:11:07
5.072 158.390 801.463 10:11:08
5.068 220.878 807.805 10:11:09
5.076 160.585 1254.634 10:11:10
5.068 148.390 746.341 10:11:11
5.064 246.073 1240.976 10:11:12
5.076 146.683 744.878 10:11:13
5.076 157.976 802.439 10:11:14
5.072 157.195 1146.341 10:11:15
5.076 157.976 801.463 10:11:16
5.064 256.878 1228.293 10:11:17
5.076 146.780 754.634 10:11:18
5.072 197.585 922.439 10:11:19
5.076 159.976 813.659 10:11:20
5.068 298.976 851.220 10:11:21
5.076 159.683 816.098 10:11:22
5.048 244.366 1204.390 10:11:23
5.076 158.683 1325.366 10:11:24
5.068 201.293 744.878 10:11:25
5.076 149.390 756.098 10:11:26
5.076 148.390 748.293 10:11:27
5.076 160.390 805.854 10:11:28
5.076 160.390 929.268 10:11:29
5.076 160.488 814.634 10:11:30
5.068 253.171 1364.390 10:11:31
5.076 145.878 761.463 10:11:32
5.076 150.878 763.415 10:11:33
5.072 202.073 963.902 10:11:34
5.076 160.195 812.195 10:11:35
5.060 285.683 1519.512 10:11:36
5.064 276.878 1405.854 10:11:37
5.076 158.683 804.878 10:11:38
5.076 184.171 909.756 10:11:39
5.076 150.488 768.293 10:11:40
5.072 158.780 804.878 10:11:41
5.072 160.683 1278.049 10:11:42
5.076 151.488 756.098 10:11:43
5.068 185.683 1061.951 10:11:44
5.076 147.585 743.902 10:11:45
5.076 158.780 805.854 10:11:46
5.072 157.780 801.463 10:11:47
5.060 314.780 1728.780 10:11:48
5.064 326.780 1221.951 10:11:49
5.072 201.585 911.220 10:11:50
5.072 163.390 745.854 10:11:52
5.076 160.293 808.780 10:11:53
5.072 209.171 1081.951 10:11:54
5.076 159.390 925.366 10:11:55
5.076 162.390 810.244 10:11:56
5.076 160.073 813.659 10:11:57
5.072 159.390 807.805 10:11:58
5.076 147.780 835.122 10:11:59
5.068 146.878 748.780 10:12:00
5.072 153.780 779.024 10:12:01
5.068 268.171 1272.195 10:12:02
5.072 200.976 1093.171 10:12:03
5.076 147.195 747.317 10:12:04
5.072 182.390 943.902 10:12:05
5.072 225.488 813.659 10:12:06
5.072 194.073 952.683 10:12:07
5.064 243.366 1254.634 10:12:08
5.072 160.780 816.098 10:12:09
5.076 180.171 979.024 10:12:10
5.076 151.488 768.780 10:12:11
5.072 172.878 816.585 10:12:12
5.068 320.366 1725.366 10:12:13
5.068 299.463 1482.439 10:12:14
5.068 311.366 1332.195 10:12:15
5.072 157.488 752.683 10:12:16
5.072 158.683 804.878 10:12:17
5.072 160.488 887.317 10:12:18
5.076 157.878 829.756 10:12:19
5.052 404.561 1979.024 10:12:20
5.076 146.098 737.561 10:12:21
5.076 173.073 1018.049 10:12:22
5.064 167.976 985.366 10:12:23
5.076 147.976 754.634 10:12:24
5.076 159.488 810.244 10:12:25
5.072 160.390 810.244 10:12:26
5.072 206.585 1042.927 10:12:27
5.072 199.293 1011.707 10:12:28
5.076 159.073 806.341 10:12:29
5.076 160.585 819.024 10:12:30
5.076 147.098 751.220 10:12:31
5.060 247.585 1045.366 10:12:32
5.076 197.976 1627.317 10:12:33
5.056 331.780 1299.512 10:12:34
5.076 160.390 1277.073 10:12:35
5.068 188.390 957.561 10:12:36
5.068 300.878 1433.659 10:12:37
5.068 282.073 1580.976 10:12:38
5.068 199.293 965.366 10:12:39
5.072 186.171 981.463 10:12:40
5.072 159.195 807.805 10:12:41
5.072 159.976 813.659 10:12:42
5.076 169.488 1014.146 10:12:43
5.076 201.683 743.902 10:12:44
5.072 251.268 1148.293 10:12:45
5.076 172.780 818.537 10:12:46
5.072 159.585 816.098 10:12:47
5.076 150.293 841.463 10:12:48
5.072 210.683 1278.049 10:12:49
5.068 192.073 925.366 10:12:50
5.076 157.585 798.537 10:12:51
5.072 160.780 814.634 10:12:52
5.072 158.195 803.415 10:12:53
5.072 144.976 737.561 10:12:54
5.072 220.683 816.098 10:12:55
5.076 160.585 815.122 10:12:56
5.072 174.390 1084.390 10:12:57
5.068 215.268 1060.488 10:12:58
5.076 145.098 737.561 10:12:59
5.076 157.488 801.463 10:13:00
5.072 160.293 812.683 10:13:01
5.072 214.878 1015.122 10:13:02
5.076 172.195 814.634 10:13:03
5.076 203.780 805.854 10:13:04
5.076 149.390 763.902 10:13:05
5.072 146.585 747.317 10:13:06
5.072 159.976 816.098 10:13:07
5.064 211.073 1044.390 10:13:08
5.068 205.976 1046.829 10:13:09
5.064 250.488 1266.829 10:13:10
5.072 196.976 998.049 10:13:11
5.076 160.780 1169.268 10:13:12
5.072 151.195 775.122 10:13:13
5.072 199.976 954.146 10:13:14
5.072 147.878 751.220 10:13:15
5.068 230.878 1069.268 10:13:16
5.072 160.683 814.634 10:13:17
5.076 157.390 1043.902 10:13:18
5.060 287.561 1448.780 10:13:19
5.076 238.780 1212.195 10:13:20
5.076 145.293 739.512 10:13:21
5.076 160.293 814.634 10:13:22
5.072 158.683 804.878 10:13:23
5.048 459.146 2278.537 10:13:24
5.072 207.976 1050.244 10:13:25
5.076 150.293 747.317 10:13:26
5.072 146.976 748.780 10:13:27
5.076 158.585 803.902 10:13:28
5.044 275.976 1239.024 10:13:29
5.072 217.683 1105.366 10:13:30
5.072 157.293 768.780 10:13:31
5.072 160.390 1072.683 10:13:32
5.076 170.293 813.659 10:13:33
5.076 171.780 769.756 10:13:34
5.064 254.171 1339.512 10:13:35
5.072 209.878 1068.780 10:13:36
5.072 219.780 764.878 10:13:37
5.072 202.073 1029.268 10:13:38
5.076 146.976 748.293 10:13:39
5.072 160.585 809.756 10:13:40
5.060 283.463 818.537 10:13:41
5.068 250.268 1462.439 10:13:42
5.064 300.366 1397.073 10:13:43
5.076 145.293 742.439 10:13:44
5.076 145.585 742.439 10:13:46
5.072 160.390 814.634 10:13:47
5.076 145.683 737.561 10:13:48
5.048 467.463 2473.659 10:13:49
5.068 261.585 852.683 10:13:50
5.068 183.390 1217.073 10:13:51
5.076 230.780 981.463 10:13:52
5.072 251.171 1094.146 10:13:53
5.076 144.780 734.634 10:13:54
5.060 160.585 813.659 10:13:55
5.076 146.585 851.220 10:13:56
5.076 160.683 816.585 10:13:57
5.076 160.585 815.122 10:13:58
5.068 253.268 1210.244 10:13:59
5.068 223.171 1074.146 10:14:00
5.076 148.976 758.537 10:14:01
5.072 246.976 1573.659 10:14:02
5.068 203.780 1050.244 10:14:03
5.072 247.683 1009.268 10:14:04
5.076 160.780 815.122 10:14:05
5.076 146.488 1020.488 10:14:06
5.072 160.585 1335.610 10:14:07
5.076 158.683 805.854 10:14:08
5.056 332.171 2122.927 10:14:09
5.076 158.878 840.976 10:14:10
5.072 197.780 1001.463 10:14:11
5.076 147.780 1569.756 10:14:12
5.076 158.683 806.341 10:14:13
5.056 322.366 1856.585 10:14:14
5.072 252.366 820.000 10:14:15
5.068 185.976 1595.122 10:14:16
5.076 145.293 743.415 10:14:17
5.076 145.098 740.976 10:14:18
5.072 160.976 815.122 10:14:19
5.072 146.780 748.780 10:14:20
5.064 330.463 1370.732 10:14:21
5.076 200.293 1025.366 10:14:22
5.072 184.073 1096.585 10:14:23
5.076 149.976 749.756 10:14:24
5.076 145.780 739.512 10:14:25
5.060 451.146 2424.878 10:14:26
5.076 150.098 760.976 10:14:27
5.064 242.585 1239.512 10:14:28
5.072 145.195 741.463 10:14:29
5.076 148.488 753.659 10:14:30
5.072 160.878 816.098 10:14:31
5.076 151.488 763.902 10:14:32
5.048 398.756 2366.341 10:14:33
5.076 146.780 746.341 10:14:34
5.076 144.976 736.098 10:14:35
5.076 252.878 816.098 10:14:36
5.076 145.293 737.073 10:14:37
5.064 288.683 1487.317 10:14:38
5.076 231.366 810.244 10:14:39
5.076 150.585 738.537 10:14:40
5.064 199.293 812.195 10:14:41
5.068 159.390 807.317 10:14:42
5.072 203.073 1034.146 10:14:43
5.076 149.195 758.537 10:14:44
5.076 144.878 736.098 10:14:45
5.064 245.976 1350.732 10:14:46
5.076 145.878 1011.220 10:14:47
5.068 199.293 1011.707 10:14:48
5.076 169.683 1089.268 10:14:49
5.076 144.878 737.561 10:14:50
5.072 160.683 964.878 10:14:51
5.072 181.585 1063.902 10:14:52
5.064 226.683 1054.146 10:14:53
5.072 148.098 746.341 10:14:54
5.076 145.098 740.000 10:14:55
5.064 335.366 1286.829 10:14:56
5.072 147.683 1066.829 10:14:57
5.076 158.488 807.317 10:14:58
5.076 145.098 737.561 10:14:59
5.072 193.585 1029.268 10:15:00
5.076 160.585 815.122 10:15:01
5.072 228.171 893.659 10:15:02
5.076 159.976 813.659 10:15:03
5.076 160.390 814.634 10:15:04
5.076 159.293 806.341 10:15:05
5.072 209.683 1067.805 10:15:06
5.076 147.195 748.293 10:15:07
5.076 146.585 747.317 10:15:08
5.068 212.171 1073.171 10:15:09
5.076 149.683 760.000 10:15:10
5.072 192.585 1033.171 10:15:11
5.064 302.976 1398.537 10:15:12
5.072 159.195 1267.805 10:15:13
5.060 245.268 1360.488 10:15:14
5.072 187.488 872.195 10:15:15
5.076 150.488 760.000 10:15:16
5.072 161.073 814.634 10:15:17
5.072 180.293 951.707 10:15:18
5.072 231.683 1111.707 10:15:19
5.076 147.976 747.317 10:15:20
5.068 217.488 1096.585 10:15:21
5.072 160.390 812.683 10:15:22
5.076 162.488 896.585 10:15:23
5.068 243.171 1251.707 10:15:24
5.072 154.293 782.439 10:15:25
5.076 149.878 757.561 10:15:26
5.072 158.585 803.902 10:15:27
5.068 239.585 1425.854 10:15:28
5.064 243.366 1317.073 10:15:29
5.072 221.488 955.122 10:15:30
5.076 146.780 745.854 10:15:31
5.072 177.976 1321.951 10:15:32
5.076 160.488 814.634 10:15:33
5.076 151.488 768.293 10:15:34
5.068 252.585 1267.805 10:15:35
5.068 244.171 1692.195 10:15:36
5.076 158.976 807.805 10:15:37
5.072 150.488 1065.366 10:15:38
5.068 363.171 876.585 10:15:39
5.060 244.585 1214.146 10:15:41
5.064 250.268 1339.512 10:15:42
5.064 246.073 1269.268 10:15:43
5.072 145.780 737.073 10:15:44
5.076 152.976 776.098 10:15:45
5.076 149.585 760.976 10:15:46
5.068 163.976 813.659 10:15:47
5.072 181.171 1022.439 10:15:48
5.076 190.780 1197.073 10:15:49
5.068 244.683 1430.732 10:15:50
5.076 205.585 1101.463 10:15:51
5.064 241.268 1225.854 10:15:52
5.072 276.976 1300.488 10:15:53
5.076 209.268 1045.366 10:15:54
5.072 369.756 1232.195 10:15:55
5.068 261.878 1002.927 10:15:56
5.076 145.293 863.902 10:15:57
5.060 337.756 1702.439 10:15:58
5.076 146.585 745.854 10:15:59
5.076 160.488 807.317 10:16:00
5.076 160.585 886.341 10:16:01
5.072 255.976 1043.902 10:16:02
5.068 242.171 1298.049 10:16:03
5.076 204.683 1253.171 10:16:04
5.072 160.073 812.683 10:16:05
5.076 158.073 809.756 10:16:06
5.068 431.854 2348.780 10:16:07
5.072 161.293 814.634 10:16:08
5.076 146.098 737.073 10:16:09
5.068 212.780 1070.732 10:16:10
5.076 145.098 737.561 10:16:11
5.068 247.976 1665.366 10:16:12
5.072 160.488 827.805 10:16:13
5.076 145.195 738.537 10:16:14
5.064 248.073 1254.634 10:16:15
5.072 147.976 752.195 10:16:16
5.072 159.878 806.341 10:16:17
5.072 184.780 950.244 10:16:18
5.072 158.073 804.878 10:16:19
5.076 160.878 815.122 10:16:20
5.076 145.293 742.439 10:16:21
5.068 254.878 1264.390 10:16:22
5.076 145.976 737.561 10:16:23
5.076 158.683 805.854 10:16:24
5.064 160.585 809.756 10:16:25
5.072 206.390 1048.780 10:16:26
5.068 246.780 1238.049 10:16:27
5.076 145.585 738.537 10:16:28
5.048 323.366 1641.463 10:16:29
5.076 151.390 1210.732 10:16:30
5.076 157.780 801.463 10:16:31
5.076 160.878 816.098 10:16:32
5.072 147.098 744.878 10:16:33
5.064 241.171 1225.366 10:16:34
5.072 145.878 843.902 10:16:35
5.076 159.585 813.659 10:16:36
5.076 151.195 767.317 10:16:37
5.076 160.585 814.634 10:16:38
5.068 199.171 1073.171 10:16:39
5.072 146.585 918.537 10:16:40
5.064 272.463 1267.805 10:16:41
5.076 148.976 758.537 10:16:42
5.076 162.488 1229.268 10:16:43
5.076 160.585 809.756 10:16:44
5.064 217.268 1102.927 10:16:45
5.072 160.488 813.659 10:16:46
5.076 149.976 757.561 10:16:47
5.076 200.780 1424.878 10:16:48
5.076 159.073 884.878 10:16:49
5.072 158.488 807.317 10:16:50
5.064 146.976 749.756 10:16:51
5.072 150.976 763.902 10:16:52
5.068 194.780 929.268 10:16:53
5.076 146.585 748.780 10:16:54
5.072 159.780 816.098 10:16:55
5.076 160.780 816.098 10:16:56
5.072 214.683 1431.220 10:16:57
5.060 194.585 1164.390 10:16:58
5.076 147.585 745.854 10:16:59
5.072 160.293 814.634 10:17:00
5.076 160.780 813.659 10:17:01
5.064 255.488 1230.244 10:17:02
5.068 181.780 990.244 10:17:03
5.072 164.976 737.561 10:17:04
5.068 248.366 1223.415 10:17:05
5.072 159.780 1074.146 10:17:06
5.052 356.073 1806.341 10:17:07
5.072 188.878 1367.317 10:17:08
5.072 178.195 806.341 10:17:09
5.076 161.293 818.537 10:17:10
5.068 159.073 807.317 10:17:11
5.056 321.171 1655.122 10:17:12
5.076 145.878 737.561 10:17:13
5.076 161.878 1309.268 10:17:14
5.076 161.195 801.463 10:17:15
5.076 159.878 810.244 10:17:16
5.064 331.780 1402.439 10:17:17
5.076 165.683 845.366 10:17:18
5.056 328.976 1665.366 10:17:19
5.076 160.683 815.122 10:17:20
5.076 145.195 734.634 10:17:21
5.072 209.976 1325.854 10:17:22
5.076 147.488 749.756 10:17:23
5.068 159.683 809.756 10:17:24
5.076 147.683 991.220 10:17:25
5.072 158.780 805.854 10:17:26
5.056 329.268 2383.415 10:17:27
5.068 211.683 1070.732 10:17:28
5.072 154.488 780.000 10:17:29
5.072 160.390 814.634 10:17:30
5.076 159.683 810.244 10:17:31
5.060 326.073 1634.634 10:17:32
5.076 202.488 805.854 10:17:33
5.076 150.098 760.000 10:17:34
5.072 158.073 803.902 10:17:36
5.068 253.171 1282.927 10:17:37
5.076 158.390 815.122 10:17:38
5.068 217.683 1075.122 10:17:39
5.076 146.195 741.463 10:17:40
5.072 160.390 814.634 10:17:41
5.072 254.488 1087.805 10:17:42
5.072 159.683 814.634 10:17:43
5.072 159.195 805.854 10:17:44
5.076 145.878 737.073 10:17:45
5.072 150.488 770.244 10:17:46
5.064 160.585 815.122 10:17:47
5.072 160.976 816.585 10:17:48
5.060 213.268 1075.610 10:17:49
5.060 250.073 1051.707 10:17:50
5.076 145.098 739.512 10:17:51
5.072 158.683 806.341 10:17:52
5.064 288.683 1806.829 10:17:53
5.076 148.976 757.561 10:17:54
5.072 151.195 768.293 10:17:55
5.068 294.976 818.537 10:17:56
5.068 246.780 1247.805 10:17:57
5.072 192.976 883.902 10:17:58
5.068 210.171 1066.829 10:17:59
5.076 151.293 768.780 10:18:00
5.064 240.268 1451.220 10:18:01
5.072 210.780 1071.707 10:18:02
5.072 152.780 800.000 10:18:03
5.072 206.268 1026.829 10:18:04
5.072 207.780 971.707 10:18:05
5.076 169.585 814.634 10:18:06
5.076 188.171 806.341 10:18:07
5.060 321.976 1629.756 10:18:08
5.076 182.780 1040.488 10:18:09
5.072 154.195 775.122 10:18:10
5.076 160.488 811.220 10:18:11
5.072 183.976 951.220 10:18:12
5.060 469.951 2348.293 10:18:13
5.080 146.683 750.244 10:18:14
5.076 148.976 756.098 10:18:15
5.072 255.171 1245.854 10:18:16
5.064 243.878 1237.073 10:18:17
5.076 160.293 816.098 10:18:18
5.068 195.780 1042.927 10:18:19
5.076 147.488 755.122 10:18:20
5.076 150.585 769.756 10:18:21
5.076 166.780 813.659 10:18:22
5.076 160.976 817.561 10:18:23
5.064 256.780 1251.707 10:18:24
5.068 209.585 882.439 10:18:25
5.076 145.293 740.000 10:18:26
5.072 159.073 803.415 10:18:27
5.060 362.561 1240.488 10:18:28
5.068 207.073 1500.000 10:18:29
5.072 189.171 926.341 10:18:30
5.076 240.976 1229.268 10:18:31
5.076 147.878 745.854 10:18:32
5.064 243.780 1254.146 10:18:33
5.076 194.976 1117.561 10:18:34
5.064 150.585 765.854 10:18:35
5.064 190.878 1267.805 10:18:36
5.068 224.780 1190.244 10:18:37
5.072 146.683 747.317 10:18:38
5.072 258.366 812.683 10:18:39
5.056 321.976 1821.463 10:18:40
5.060 335.463 1667.805 10:18:41
5.072 241.780 1223.415 10:18:42
5.076 145.976 740.000 10:18:43
5.076 160.293 806.341 10:18:44
5.060 267.366 1368.293 10:18:45
5.064 331.073 1477.561 10:18:46
5.072 204.293 1062.927 10:18:47
5.076 150.585 800.000 10:18:48
5.072 193.488 1008.780 10:18:49
5.072 201.488 745.854 10:18:50
5.076 158.195 810.244 10:18:51
5.072 159.488 810.244 10:18:52
5.072 160.683 814.634 10:18:53
5.068 246.268 1256.585 10:18:54
5.068 247.585 1349.268 10:18:55
5.072 192.390 905.366 10:18:56
5.072 151.683 774.634 10:18:57
5.076 147.488 745.854 10:18:58
5.068 273.878 1412.195 10:18:59
5.072 200.780 1007.805 10:19:00
5.076 147.390 784.878 10:19:01
5.072 146.878 750.244 10:19:02
5.072 162.683 800.976 10:19:03
5.068 246.585 1259.024 10:19:04
5.076 160.878 867.317 10:19:05
5.064 326.976 1842.927 10:19:06
5.076 145.195 736.098 10:19:07
5.072 159.780 813.659 10:19:08
5.076 160.390 815.122 10:19:09
5.072 160.293 813.659 10:19:10
5.064 242.171 1310.732 10:19:11
5.072 300.780 1015.610 10:19:12
5.076 145.195 741.463 10:19:13
5.072 161.488 822.439 10:19:14
5.072 158.780 807.317 10:19:15
5.064 246.171 1225.854 10:19:16
5.072 146.976 744.878 10:19:17
5.060 330.268 1670.244 10:19:18
5.068 239.488 1316.098 10:19:19
5.076 146.585 748.780 10:19:20
5.072 160.683 815.122 10:19:21
5.072 174.390 840.000 10:19:22
5.064 242.366 1220.488 10:19:23
5.076 161.780 2207.317 10:19:24
5.072 263.976 1011.220 10:19:25
5.072 150.585 763.902 10:19:26
5.072 147.488 813.659 10:19:27
5.064 151.390 765.854 10:19:28
5.076 160.073 1015.610 10:19:30
5.060 333.268 1681.463 10:19:31
5.048 249.488 1258.049 10:19:32
5.072 185.976 901.463 10:19:33
5.072 145.390 739.512 10:19:34
5.072 160.293 1298.537 10:19:35
5.072 198.073 980.000 10:19:36
5.076 160.293 995.610 10:19:37
5.072 209.780 1072.683 10:19:38
5.068 195.878 1030.244 10:19:39
5.076 160.390 812.195 10:19:40
5.064 258.171 1093.171 10:19:41
5.076 159.390 962.927 10:19:42
5.072 157.878 801.463 10:19:43
5.072 353.659 1109.268 10:19:44
5.068 146.878 745.854 10:19:45
5.072 190.878 1063.902 10:19:46
5.072 160.195 925.366 10:19:47
5.072 158.780 807.805 10:19:48
5.076 158.073 810.244 10:19:49
5.072 210.976 1064.390 10:19:50
5.056 408.171 2004.390 10:19:51
5.076 145.585 736.098 10:19:52
5.072 158.683 805.854 10:19:53
5.064 222.683 1475.610 10:19:54
5.076 145.585 742.439 10:19:55
5.076 158.976 808.780 10:19:56
5.076 160.585 814.634 10:19:57
5.072 145.390 739.512 10:19:58
5.064 319.561 1724.878 10:19:59
5.076 160.683 813.659 10:20:00
5.076 160.683 815.122 10:20:01
5.072 162.976 827.317 10:20:02
5.072 198.683 1009.268 10:20:03
5.076 160.878 812.683 10:20:04
5.072 160.976 1074.146 10:20:05
5.072 184.780 930.244 10:20:06
5.076 160.683 814.634 10:20:07
5.072 158.683 805.854 10:20:08
5.064 244.585 1210.244 10:20:09
5.068 239.073 1260.976 10:20:10
5.080 156.195 740.976 10:20:11
5.072 172.878 820.000 10:20:12
5.076 182.390 844.878 10:20:13
5.056 332.780 1656.098 10:20:14
5.072 177.780 893.659 10:20:15
5.072 178.878 1039.024 10:20:16
5.072 147.488 740.000 10:20:17
5.072 161.293 820.976 10:20:18
5.072 158.293 803.415 10:20:19
5.056 351.268 1676.098 10:20:20
5.076 151.488 738.537 10:20:21
5.080 148.780 754.634 10:20:22
5.076 160.488 920.488 10:20:23
5.072 159.390 807.317 10:20:24
5.068 249.366 1289.268 10:20:25
5.072 179.878 986.829 10:20:26
5.072 147.488 743.902 10:20:27
5.072 160.585 815.122 10:20:28
5.072 203.878 805.854 10:20:29
5.076 163.683 1130.732 10:20:30
5.072 192.683 898.537 10:20:31
5.076 149.683 760.976 10:20:32
5.072 151.683 1056.585 10:20:33
5.068 246.268 1477.073 10:20:34
5.060 326.561 1780.000 10:20:35
5.076 145.195 737.561 10:20:36
5.068 255.171 1130.732 10:20:37
5.076 145.293 742.439 10:20:38
5.076 159.390 805.854 10:20:39
5.076 205.171 821.463 10:20:40
5.064 241.366 1249.268 10:20:41
5.068 151.488 1340.976 10:20:42
5.072 148.878 760.000 10:20:43
5.076 160.683 816.098 10:20:44
5.072 160.073 812.195 10:20:45
5.064 173.878 813.659 10:20:46
5.048 479.366 2233.659 10:20:47
5.076 148.683 780.976 10:20:48
5.068 206.780 1120.488 10:20:49
5.072 158.780 802.439 10:20:50
5.068 242.268 1229.268 10:20:51
5.060 321.463 1650.244 10:20:52
5.076 170.780 740.000 10:20:53
5.072 243.780 1222.927 10:20:54
5.076 160.585 840.000 10:20:55
5.068 172.976 993.659 10:20:56
5.068 212.171 1048.780 10:20:57
5.076 147.098 1015.122 10:20:58
5.068 283.561 1383.415 10:20:59
5.072 160.878 811.220 10:21:00
5.064 268.585 1378.537 10:21:01
5.068 216.780 1008.780 10:21:02
5.076 149.878 748.780 10:21:03
5.076 160.976 894.146 10:21:04
5.072 160.585 814.634 10:21:05
5.060 355.171 1612.195 10:21:06
5.064 435.049 1747.805 10:21:07
5.076 145.878 740.000 10:21:08
5.076 228.683 1152.683 10:21:09
5.076 158.073 737.073 10:21:10
5.068 243.488 1643.902 10:21:11
5.072 161.683 825.366 10:21:12
5.064 164.683 1273.171 10:21:13
5.072 205.780 927.805 10:21:14
5.076 145.780 737.073 10:21:15
5.072 160.073 808.780 10:21:16
5.072 235.268 1102.927 10:21:17
5.048 468.854 1965.366 10:21:18
5.060 278.878 2392.195 10:21:19
5.072 144.585 732.683 10:21:20
5.072 160.878 800.976 10:21:21
5.072 261.878 852.683 10:21:22
5.056 337.463 1093.171 10:21:24
5.068 169.585 850.244 10:21:25
5.076 146.585 743.902 10:21:26
5.072 211.171 967.805 10:21:27
5.076 147.195 739.512 10:21:28
5.052 397.561 1394.634 10:21:29
5.072 160.683 817.561 10:21:30
5.072 243.878 1309.756 10:21:31
5.068 249.073 1239.512 10:21:32
5.076 199.073 1022.439 10:21:33
5.072 160.780 813.659 10:21:34
5.068 247.268 819.024 10:21:35
5.068 215.390 986.829 10:21:36
5.068 210.073 1025.366 10:21:37
5.076 153.683 744.878 10:21:38
5.072 160.780 814.634 10:21:39
5.076 161.585 880.000 10:21:40
5.072 270.683 1175.610 10:21:41
5.068 193.073 983.902 10:21:42
5.072 146.683 749.756 10:21:43
5.068 244.585 1214.634 10:21:44
5.072 160.585 811.220 10:21:45
5.072 145.195 737.561 10:21:46
5.060 270.585 1554.634 10:21:47
5.076 146.488 746.341 10:21:48
5.052 243.268 1297.073 10:21:49
5.060 194.073 1393.171 10:21:50
5.072 144.976 737.073 10:21:51
5.068 239.878 1224.390 10:21:52
5.068 252.268 1201.463 10:21:53
5.080 144.976 733.659 10:21:54
5.076 151.976 771.220 10:21:55
5.072 145.293 737.561 10:21:56
5.072 159.878 811.220 10:21:57
5.076 150.195 794.634 10:21:58
5.068 200.073 1032.683 10:21:59
5.076 146.878 778.537 10:22:00
5.072 145.098 733.659 10:22:01
5.072 161.195 816.585 10:22:02
5.076 149.098 757.561 10:22:03
5.068 195.293 991.707 10:22:04
5.072 151.683 832.195 10:22:05
5.072 184.878 966.829 10:22:06
5.076 159.585 811.220 10:22:07
5.076 151.195 766.341 10:22:08
5.072 207.488 971.707 10:22:09
5.072 160.585 813.659 10:22:10
5.068 244.683 1211.707 10:22:11
5.072 161.585 819.024 10:22:12
5.072 198.390 1434.634 10:22:13
5.072 193.488 934.146 10:22:14
5.072 150.683 763.415 10:22:15
5.068 403.463 1970.244 10:22:16
5.072 161.073 818.537 10:22:17
5.076 151.195 763.902 10:22:18
5.068 246.780 1218.049 10:22:19
5.076 160.488 813.659 10:22:20
5.076 157.878 803.415 10:22:21
5.072 161.390 1004.878 10:22:22
5.076 145.390 743.415 10:22:23
5.072 215.390 994.146 10:22:24
5.076 146.585 740.976 10:22:25
5.076 145.293 737.561 10:22:26
5.064 197.780 771.220 10:22:27
5.068 197.878 1002.927 10:22:28
5.060 271.585 1244.390 10:22:29
5.072 145.585 738.537 10:22:30
5.048 241.878 1226.829 10:22:31
5.072 161.293 819.024 10:22:32
5.072 158.976 804.878 10:22:33
5.044 475.146 2038.049 10:22:34
5.076 145.293 737.561 10:22:35
5.072 167.878 813.659 10:22:36
5.076 147.293 745.854 10:22:37
5.076 240.171 1697.561 10:22:38
5.072 193.293 1365.854 10:22:39
5.068 170.195 745.854 10:22:40
5.056 379.366 1504.390 10:22:41
5.072 219.878 1081.951 10:22:42
5.076 147.098 1009.268 10:22:43
5.076 158.293 876.098 10:22:44
5.076 184.878 1075.610 10:22:45
5.076 252.366 813.659 10:22:46
5.076 146.878 852.195 10:22:47
5.072 150.098 761.463 10:22:48
5.068 180.073 882.927 10:22:49
5.064 160.585 815.122 10:22:50
5.072 160.683 816.585 10:22:51
5.072 193.390 940.488 10:22:52
5.076 158.073 805.854 10:22:53
5.076 165.780 813.659 10:22:54
5.056 332.878 1475.610 10:22:55
5.076 201.585 749.756 10:22:56
5.076 147.585 746.341 10:22:57
5.072 157.780 804.878 10:22:58
5.076 158.683 804.878 10:22:59
5.064 245.585 1225.854 10:23:00
5.060 294.561 1387.317 10:23:01
5.064 260.780 1239.024 10:23:02
5.076 153.683 749.756 10:23:03
5.072 222.171 992.683 10:23:04
5.076 149.878 755.122 10:23:05
5.076 201.293 1304.390 10:23:06
5.072 160.488 813.659 10:23:07
5.076 145.293 745.854 10:23:08
5.068 252.073 1477.073 10:23:09
5.072 145.098 735.122 10:23:10
5.076 147.293 748.293 10:23:11
5.072 161.780 815.122 10:23:12
5.072 161.683 813.659 10:23:13
5.048 337.463 1696.585 10:23:14
5.072 145.293 735.122 10:23:15
5.076 152.683 767.317 10:23:16
5.076 149.195 763.902 10:23:17
5.072 187.683 937.561 10:23:18
5.076 159.390 808.780 10:23:19
5.068 194.390 1035.610 10:23:21
5.068 213.073 1063.902 10:23:22
5.076 147.585 790.244 10:23:23
5.072 160.683 815.122 10:23:24
5.072 174.390 814.634 10:23:25
5.076 176.683 810.244 10:23:26
5.068 241.073 1269.756 10:23:27
5.076 210.976 805.854 10:23:28
5.072 159.780 819.024 10:23:29
5.076 245.585 964.878 10:23:30
5.072 160.878 810.244 10:23:31
5.048 400.854 1656.098 10:23:32
5.068 211.171 1067.805 10:23:33
5.072 184.585 1081.463 10:23:34
5.068 146.878 1048.780 10:23:35
5.072 160.390 811.220 10:23:36
5.076 163.585 830.244 10:23:37
5.064 266.366 1375.610 10:23:38
5.076 159.073 807.317 10:23:39
5.072 145.683 750.244 10:23:40
5.076 160.585 815.122 10:23:41
5.060 259.585 1247.805 10:23:42
5.068 386.561 1661.463 10:23:43
5.076 147.390 840.976 10:23:44
5.072 145.585 736.098 10:23:45
5.064 289.561 1476.098 10:23:46
5.068 242.780 1612.683 10:23:47
5.076 148.098 747.317 10:23:48
5.072 214.390 953.659 10:23:49
5.072 158.878 803.415 10:23:50
5.076 158.780 807.317 10:23:51
5.076 150.293 765.854 10:23:52
5.072 218.488 1576.098 10:23:53
5.072 189.293 955.122 10:23:54
5.076 219.878 745.854 10:23:55
5.072 150.195 771.220 10:23:56
5.072 150.878 763.902 10:23:57
5.072 182.683 964.878 10:23:58
5.068 213.073 1121.951 10:23:59
5.076 146.683 745.854 10:24:00
5.056 327.561 1663.902 10:24:01
5.072 147.780 745.854 10:24:02
5.072 182.976 804.878 10:24:03
5.076 160.683 815.122 10:24:04
5.072 145.195 739.512 10:24:05
5.060 331.366 1672.195 10:24:06
5.072 210.976 1067.805 10:24:07
5.076 146.390 746.341 10:24:08
5.072 147.780 746.341 10:24:09
5.076 158.195 801.463 10:24:10
5.068 241.976 1225.854 10:24:11
5.068 277.171 980.000 10:24:12
5.072 150.195 757.561 10:24:13
5.076 151.390 774.634 10:24:14
5.072 159.780 812.683 10:24:15
5.064 246.366 1270.732 10:24:16
5.064 240.268 1229.268 10:24:17
5.068 231.780 1139.512 10:24:18
5.076 177.780 738.537 10:24:19
5.072 160.683 816.098 10:24:20
5.072 160.878 863.415 10:24:21
5.072 212.268 1074.146 10:24:22
5.068 360.073 1583.902 10:24:23
5.076 195.878 1012.683 10:24:24
5.076 158.195 806.341 10:24:25
5.076 159.780 812.195 10:24:26
5.072 310.463 1564.878 10:24:27
5.060 274.683 1517.561 10:24:28
5.076 146.195 743.415 10:24:29
5.072 215.683 954.146 10:24:30
5.076 148.488 760.000 10:24:31
5.068 254.366 1237.073 10:24:32
5.072 195.780 818.537 10:24:33
5.076 173.073 866.341 10:24:34
5.068 219.073 1114.146 10:24:35
5.076 145.878 741.463 10:24:36
5.076 160.878 814.634 10:24:37
5.068 247.585 1250.244 10:24:38
5.068 211.171 1106.829 10:24:39
5.068 241.683 1170.732 10:24:40
5.076 145.488 741.463 10:24:41
5.076 161.390 819.024 10:24:42
5.072 273.683 915.122 10:24:43
5.068 205.780 1042.927 10:24:44
5.068 243.268 1230.244 10:24:45
5.072 145.488 742.439 10:24:46
5.076 160.488 815.122 10:24:47
5.072 149.976 761.463 10:24:48
5.060 334.659 1669.756 10:24:49
5.060 250.073 1243.415 10:24:50
5.076 145.488 743.415 10:24:51
5.072 160.976 930.244 10:24:52
5.072 158.878 805.854 10:24:53
5.072 151.293 749.756 10:24:54
5.056 300.073 1420.000 10:24:55
5.072 228.585 927.317 10:24:56
5.072 205.683 1400.976 10:24:57
5.072 147.195 746.341 10:24:58
5.076 159.683 811.220 10:24:59
5.068 243.585 1304.390 10:25:00
5.060 247.073 1325.366 10:25:01
5.068 240.073 1623.902 10:25:02
5.076 146.878 748.293 10:25:03
5.068 428.049 2378.537 10:25:04
5.068 191.976 933.659 10:25:05
5.072 145.293 742.439 10:25:06
5.068 243.683 1223.415 10:25:07
5.072 176.683 813.659 10:25:08
5.072 158.780 805.854 10:25:09
5.068 213.780 1062.927 10:25:10
5.072 153.293 1620.976 10:25:11
5.076 257.171 1246.829 10:25:12
5.076 159.073 803.902 10:25:13
5.068 161.683 816.585 10:25:15
5.072 179.683 927.805 10:25:16
5.076 145.098 741.463 10:25:17
5.076 150.683 771.220 10:25:18
5.072 201.878 1096.585 10:25:19
5.072 160.780 814.634 10:25:20
5.048 246.585 1244.390 10:25:21
5.076 240.366 1003.902 10:25:22
5.076 152.878 986.829 10:25:23
5.072 160.683 816.098 10:25:24
5.072 302.561 975.122 10:25:25
5.076 159.073 807.317 10:25:26
5.060 240.268 1687.805 10:25:27
5.072 150.585 980.488 10:25:28
5.076 146.878 748.780 10:25:29
5.060 386.073 1466.829 10:25:30
5.072 166.780 766.341 10:25:31
5.064 454.659 2283.415 10:25:32
5.072 147.098 750.244 10:25:33
5.072 158.976 807.317 10:25:34
5.072 183.585 817.561 10:25:35
5.072 160.195 812.683 10:25:36
5.072 160.683 1298.537 10:25:37
5.068 151.390 768.293 10:25:38
5.068 210.683 1072.683 10:25:39
5.072 223.683 777.073 10:25:40
5.076 159.073 808.780 10:25:41
5.072 160.390 814.634 10:25:42
5.068 147.098 748.780 10:25:43
5.064 237.780 1210.244 10:25:44
5.068 147.293 860.000 10:25:45
5.072 158.195 807.317 10:25:46
5.064 161.195 817.561 10:25:47
5.072 271.683 1140.488 10:25:48
5.072 160.683 814.634 10:25:49
5.076 145.585 737.561 10:25:50
5.076 160.683 814.634 10:25:51
5.068 274.366 1230.732 10:25:52
5.076 151.293 754.634 10:25:53
5.072 150.878 768.293 10:25:54
5.068 247.268 816.098 10:25:55
5.068 254.780 1247.805 10:25:56
5.072 147.293 749.756 10:25:57
5.072 160.976 787.317 10:25:58
5.068 187.171 931.220 10:25:59
5.056 160.293 1108.293 10:26:00
5.060 346.561 1623.415 10:26:01
5.076 156.878 749.756 10:26:02
5.072 145.293 738.537 10:26:03
5.076 151.390 768.293 10:26:04
5.068 152.976 773.659 10:26:05
5.076 161.585 818.537 10:26:06
5.072 211.683 1076.585 10:26:07
5.068 212.878 772.195 10:26:08
5.072 151.585 877.561 10:26:09
5.068 219.073 1113.171 10:26:10
5.068 223.073 1240.488 10:26:11
5.072 308.366 738.537 10:26:12
5.076 158.878 805.854 10:26:13
5.068 242.976 1814.146 10:26:14
5.072 226.780 1206.829 10:26:15
5.060 323.878 1651.220 10:26:16
5.076 147.780 747.317 10:26:17
5.068 193.293 818.537 10:26:18
5.064 244.683 1230.244 10:26:19
5.072 167.683 816.098 10:26:20
5.072 173.780 808.780 10:26:21
5.076 147.098 743.415 10:26:22
5.076 158.976 807.317 10:26:23
5.072 161.293 892.683 10:26:24
5.064 353.366 1220.488 10:26:25
5.068 177.073 1040.000 10:26:26
5.076 208.268 787.317 10:26:27
5.072 259.366 1143.902 10:26:28
5.072 228.171 769.756 10:26:29
5.072 170.780 815.122 10:26:30
5.072 187.780 892.683 10:26:31
5.068 173.488 866.341 10:26:32
5.076 146.976 748.780 10:26:33
5.064 247.268 1254.634 10:26:34
5.072 160.585 814.634 10:26:35
5.072 208.878 1202.927 10:26:36
5.068 226.390 1076.585 10:26:37
5.068 244.073 1225.854 10:26:38
5.072 160.488 816.585 10:26:39
5.064 196.780 970.244 10:26:40
5.068 260.268 1249.268 10:26:41
5.076 150.780 768.293 10:26:42
5.076 227.585 810.244 10:26:43
5.076 160.073 812.683 10:26:44
5.072 157.293 747.317 10:26:45
5.072 160.780 815.122 10:26:46
5.072 163.073 1189.268 10:26:47
5.068 249.878 2395.122 10:26:48
5.068 241.585 1224.390 10:26:49
5.064 244.683 1231.707 10:26:50
5.072 160.878 815.122 10:26:51
5.076 202.171 746.341 10:26:52
5.076 160.073 814.634 10:26:53
5.072 161.488 818.537 10:26:54
5.076 146.098 737.561 10:26:55
5.068 179.293 777.561 10:26:56
5.072 214.488 771.220 10:26:57
5.048 372.659 1239.024 10:26:58
5.068 191.488 1072.683 10:26:59
5.072 176.390 887.317 10:27:00
5.068 208.073 1101.951 10:27:01
5.076 145.488 738.537 10:27:02
5.072 161.073 815.122 10:27:03
5.072 161.073 816.585 10:27:04
5.068 254.683 1264.390 10:27:05
5.076 186.293 912.683 10:27:06
5.072 157.878 1046.341 10:27:07
5.076 160.585 1190.244 10:27:08
5.068 158.488 808.780 10:27:09
5.068 253.878 1321.951 10:27:11
5.072 148.488 761.463 10:27:12
5.076 159.780 818.537 10:27:13
5.060 249.683 1244.390 10:27:14
5.060 251.268 1297.073 10:27:15
5.072 145.976 737.561 10:27:16
5.072 158.976 807.317 10:27:17
5.076 160.683 811.220 10:27:18
5.056 382.976 1978.049 10:27:19
5.060 304.171 1643.902 10:27:20
5.076 146.976 752.195 10:27:21
5.072 194.073 1000.488 10:27:22
5.068 160.780 815.122 10:27:23
5.072 194.488 892.683 10:27:24
5.068 233.073 1031.220 10:27:25
5.072 181.073 1051.707 10:27:26
5.072 244.366 817.561 10:27:27
5.072 180.683 902.439 10:27:28
5.068 246.683 1132.683 10:27:29
5.076 147.195 749.756 10:27:30
5.076 145.878 737.073 10:27:31
5.068 243.171 1214.634 10:27:32
5.076 166.780 772.195 10:27:33
5.068 247.683 1250.244 10:27:34
5.076 146.976 745.854 10:27:35
5.072 158.073 805.854 10:27:36
5.060 369.463 1343.415 10:27:37
5.072 187.780 1106.829 10:27:38
5.056 261.073 1373.171 10:27:39
5.076 161.585 743.415 10:27:40
5.056 246.268 1762.927 10:27:41
5.076 160.976 1294.634 10:27:42
5.072 145.780 737.561 10:27:43
5.068 241.073 1632.683 10:27:44
5.072 160.976 815.122 10:27:45
5.072 160.780 814.634 10:27:46
5.072 146.976 745.854 10:27:47
5.068 248.780 1248.293 10:27:48
5.068 296.561 1681.463 10:27:49
5.064 288.561 1465.854 10:27:50
5.076 159.780 816.585 10:27:51
5.072 145.390 737.561 10:27:52
5.072 161.780 815.122 10:27:53
5.076 243.488 820.000 10:27:54
5.076 146.878 746.341 10:27:55
5.072 183.488 962.927 10:27:56
5.076 160.976 1259.024 10:27:57
5.068 242.268 1223.415 10:27:58
5.072 211.268 1124.390 10:27:59
5.076 148.390 757.073 10:28:00
5.072 160.488 816.585 10:28:01
5.072 211.390 1920.488 10:28:02
5.072 160.293 816.098 10:28:03
5.064 325.780 1396.098 10:28:04
5.068 289.073 2368.293 10:28:05
5.076 150.976 765.854 10:28:06
5.072 160.488 805.854 10:28:07
5.072 174.683 767.317 10:28:08
5.072 160.976 819.024 10:28:09
5.068 247.268 1225.854 10:28:10
5.072 161.073 815.122 10:28:11
5.064 276.366 1242.927 10:28:12
5.076 161.683 1077.561 10:28:13
5.068 258.976 1229.268 10:28:14
5.072 194.293 967.805 10:28:15
5.076 148.293 749.756 10:28:16
5.076 150.780 771.220 10:28:17
5.076 158.976 802.439 10:28:18
5.060 247.073 1245.854 10:28:19
5.068 207.683 1273.171 10:28:20
5.072 146.878 743.415 10:28:21
5.076 151.683 769.756 10:28:22
5.072 160.780 814.634 10:28:23
5.076 159.878 809.756 10:28:24
5.072 186.976 1204.390 10:28:25
5.068 175.073 746.341 10:28:26
5.076 150.780 765.854 10:28:27
5.076 284.561 1402.439 10:28:28
5.060 255.683 1240.976 10:28:29
5.068 212.390 1080.488 10:28:30
5.068 206.488 1051.220 10:28:31
5.072 151.195 766.341 10:28:32
5.072 159.780 807.317 10:28:33
5.060 408.463 1668.780 10:28:34
5.064 219.488 1580.976 10:28:35
5.068 158.390 803.902 10:28:36
5.072 147.488 749.756 10:28:37
5.076 158.878 805.854 10:28:38
5.076 161.293 1075.610 10:28:39
5.076 158.780 806.341 10:28:40
5.064 247.366 1252.195 10:28:41
5.076 145.488 739.512 10:28:42
5.072 158.780 806.341 10:28:43
5.076 163.878 767.317 10:28:44
5.076 159.195 807.317 10:28:45
5.064 242.976 1229.268 10:28:46
5.072 146.585 749.756 10:28:47
5.076 146.878 1026.341 10:28:48
5.072 161.293 839.024 10:28:49
5.076 147.293 746.341 10:28:50
5.072 190.683 942.439 10:28:51
5.064 243.780 1225.854 10:28:52
5.076 146.878 748.293 10:28:53
5.076 158.780 802.439 10:28:54
5.068 306.073 1080.488 10:28:55
5.064 276.780 1394.634 10:28:56
5.056 246.780 1306.829 10:28:57
5.076 145.488 742.439 10:28:58
5.072 158.976 801.463 10:28:59
5.076 164.195 737.073 10:29:00
5.068 253.683 1225.366 10:29:01
5.072 159.878 805.854 10:29:02
5.072 147.683 1024.390 10:29:03
5.068 227.171 972.683 10:29:04
5.076 154.390 750.244 10:29:06
5.076 160.780 876.098 10:29:07
5.056 278.585 1525.854 10:29:08
5.072 200.976 752.683 10:29:09
5.068 223.488 1126.829 10:29:10
5.076 239.976 1272.195 10:29:11
5.068 161.878 839.024 10:29:12
5.064 261.585 1258.049 10:29:13
5.076 146.976 750.244 10:29:14
5.072 196.878 992.683 10:29:15
5.076 160.878 814.634 10:29:16
5.072 161.073 819.024 10:29:17
5.064 292.073 1388.293 10:29:18
5.076 199.171 1055.122 10:29:19
5.064 241.488 1227.805 10:29:20
5.076 146.390 991.707 10:29:21
5.076 162.488 823.902 10:29:22
5.060 311.878 1881.951 10:29:23
5.068 188.488 1040.000 10:29:24
5.068 245.268 1209.268 10:29:25
5.076 192.390 750.244 10:29:26
5.076 160.585 815.122 10:29:27
5.072 162.073 816.098 10:29:28
5.064 220.585 1073.171 10:29:29
5.068 250.171 1253.171 10:29:30
5.076 145.976 742.439 10:29:31
5.076 158.878 805.854 10:29:32
5.072 160.585 817.561 10:29:33
5.064 247.268 1220.488 10:29:34
5.068 251.488 1231.707 10:29:35
5.068 242.073 1617.561 10:29:36
5.064 241.488 1219.512 10:29:37
5.076 147.976 746.341 10:29:38
5.072 160.683 810.244 10:29:39
5.072 158.878 809.756 10:29:40
5.076 276.366 1035.610 10:29:41
5.056 245.780 1214.634 10:29:42
5.072 148.585 741.463 10:29:43
5.072 150.098 757.073 10:29:44
5.076 151.488 770.244 10:29:45
5.072 159.488 809.756 10:29:46
5.060 321.171 1627.805 10:29:47
5.068 174.293 1104.390 10:29:48
5.068 269.366 1339.512 10:29:49
5.076 146.390 737.561 10:29:50
5.076 149.780 761.463 10:29:51
5.068 239.366 1866.829 10:29:52
5.076 148.780 760.000 10:29:53
5.076 147.585 1026.829 10:29:54
5.072 158.878 812.683 10:29:55
5.068 247.171 1252.195 10:29:56
5.060 241.976 1228.293 10:29:57
5.076 147.683 747.317 10:29:58
5.076 145.585 739.512 10:29:59
5.072 160.585 814.634 10:30:00
5.056 327.976 1401.951 10:30:01
5.072 159.976 1533.659 10:30:02
5.064 211.171 1055.610 10:30:03
5.076 146.390 741.463 10:30:04
5.076 160.683 815.122 10:30:05
5.072 160.878 816.585 10:30:06
5.064 242.780 1612.683 10:30:07
5.068 203.488 1107.805 10:30:08
5.072 176.195 1100.488 10:30:09
5.068 205.268 752.195 10:30:10
5.064 240.878 1285.854 10:30:11
5.072 161.073 816.585 10:30:12
5.076 146.195 743.415 10:30:13
5.072 196.390 1443.415 10:30:14
5.076 148.780 751.220 10:30:15
5.072 207.683 1126.341 10:30:16
5.076 152.585 773.659 10:30:17
5.076 144.976 737.073 10:30:18
5.068 254.488 1223.415 10:30:19
5.072 145.488 740.976 10:30:20
5.060 285.683 1450.732 10:30:21
5.076 147.293 752.195 10:30:22
5.076 144.683 737.561 10:30:23
5.064 240.488 1286.829 10:30:24
5.068 174.073 1036.585 10:30:25
5.060 276.780 1845.366 10:30:26
5.072 197.976 899.024 10:30:27
5.076 145.878 767.317 10:30:28
5.076 190.683 961.463 10:30:29
5.072 262.976 745.854 10:30:30
5.072 159.878 816.098 10:30:31
5.072 150.390 758.537 10:30:32
5.072 241.171 916.585 10:30:33
5.064 210.268 1091.707 10:30:34
5.068 182.293 922.439 10:30:35
5.072 277.268 873.659 10:30:36
5.076 147.293 747.317 10:30:37
5.072 145.293 737.073 10:30:38
5.052 338.659 2041.951 10:30:39
5.072 147.878 1025.366 10:30:40
5.072 207.683 974.146 10:30:41
5.076 148.683 747.317 10:30:42
5.076 146.195 740.976 10:30:43
5.064 278.268 1472.195 10:30:44
5.076 201.976 1023.902 10:30:45
5.068 207.488 1106.341 10:30:46
5.072 153.585 783.902 10:30:47
5.076 145.098 740.976 10:30:48
5.068 248.073 1358.049 10:30:49
5.076 232.976 1023.902 10:30:50
5.072 197.780 1006.829 10:30:51
5.076 159.585 807.317 10:30:52
5.068 208.268 983.902 10:30:53
5.064 178.683 907.317 10:30:54
5.076 151.683 768.293 10:30:55
5.076 145.195 737.073 10:30:56
5.068 255.268 1608.293 10:30:57
5.072 146.878 748.780 10:30:58
5.072 186.293 1230.732 10:30:59
5.072 160.683 816.098 10:31:01
5.068 267.073 1386.829 10:31:02
5.068 251.976 1398.049 10:31:03
5.076 147.098 747.317 10:31:04
5.072 160.390 813.659 10:31:05
5.068 160.585 1131.707 10:31:06
5.076 159.073 802.439 10:31:07
5.072 193.976 1424.878 10:31:08
5.072 147.780 749.756 10:31:09
5.076 147.293 765.854 10:31:10
5.072 160.293 813.659 10:31:11
5.060 161.293 816.585 10:31:12
5.068 246.683 1213.171 10:31:13
5.072 147.293 741.463 10:31:14
5.068 243.488 1298.049 10:31:15
5.072 240.366 813.659 10:31:16
5.076 293.780 1201.463 10:31:17
5.076 160.488 814.634 10:31:18
5.072 160.780 813.659 10:31:19
5.072 160.585 815.122 10:31:20
5.076 145.976 738.537 10:31:21
5.076 212.585 1639.024 10:31:22
5.076 195.488 748.293 10:31:23
5.072 157.878 804.878 10:31:24
5.076 209.585 743.902 10:31:25
5.076 145.683 735.122 10:31:26
5.076 158.488 808.780 10:31:27
5.076 144.780 733.659 10:31:28
5.072 210.268 1066.829 10:31:29
5.076 145.878 737.561 10:31:30
5.076 144.683 732.195 10:31:31
5.076 158.878 805.854 10:31:32
5.076 144.780 735.122 10:31:33
5.076 145.878 738.537 10:31:34
5.076 145.585 866.341 10:31:35
5.072 157.683 823.902 10:31:36
5.076 146.195 739.512 10:31:37
5.072 144.488 736.098 10:31:38
5.076 145.488 739.512 10:31:39
5.076 143.683 733.659 10:31:40
5.068 160.073 811.220 10:31:41
5.072 144.585 733.659 10:31:42
5.068 222.171 1164.390 10:31:43
5.076 145.390 732.195 10:31:44
5.076 144.683 737.561 10:31:45
5.076 158.195 805.854 10:31:46
5.080 144.780 738.537 10:31:47
5.068 239.585 1214.146 10:31:48
5.076 144.780 735.122 10:31:49
5.076 145.293 737.073 10:31:50
5.076 160.073 816.585 10:31:51
5.076 159.878 810.244 10:31:52
