5.060 300.488 1656.829 11:58:01
5.076 159.000 807.317 11:58:02
5.076 145.098 736.098 11:58:03
5.048 324.585 1774.390 11:58:04
5.072 213.988 800.000 11:58:05
5.072 145.500 741.220 11:58:06
5.072 150.793 772.439 11:58:07
5.072 146.195 742.195 11:58:08
5.076 161.793 819.512 11:58:09
5.076 156.890 751.220 11:58:10
5.060 272.988 1330.000 11:58:11
5.072 147.695 747.561 11:58:12
5.072 145.390 747.561 11:58:13
5.072 203.195 819.512 11:58:14
5.076 149.293 751.707 11:58:15
5.052 285.976 1348.293 11:58:16
5.072 145.585 739.512 11:58:17
5.076 147.098 737.561 11:58:18
5.068 204.976 984.878 11:58:19
5.072 159.293 807.317 11:58:20
5.072 161.195 821.463 11:58:21
5.076 152.780 775.122 11:58:22
5.060 233.683 1054.146 11:58:23
5.076 144.878 740.976 11:58:24
5.072 158.780 806.341 11:58:25
5.072 163.293 828.780 11:58:26
5.064 269.366 1738.537 11:58:27
5.072 163.195 829.756 11:58:28
5.072 149.683 760.000 11:58:29
5.076 159.976 807.317 11:58:30
5.072 158.683 807.805 11:58:31
5.076 187.488 895.122 11:58:32
5.068 241.268 1314.634 11:58:33
5.072 159.585 803.415 11:58:34
5.060 329.976 1440.000 11:58:35
5.068 269.073 1354.634 11:58:36
5.068 174.780 747.317 11:58:37
5.072 160.585 820.000 11:58:38
5.072 163.293 827.805 11:58:39
5.072 160.976 816.098 11:58:40
5.072 152.585 1157.073 11:58:41
5.068 147.390 748.293 11:58:42
5.072 159.976 811.220 11:58:43
5.072 162.683 902.927 11:58:44
5.068 239.683 1239.024 11:58:45
5.064 294.561 1675.122 11:58:46
5.064 160.488 816.098 11:58:47
5.076 147.780 749.756 11:58:48
5.072 203.293 752.683 11:58:49
5.076 160.878 816.098 11:58:50
5.076 150.976 768.293 11:58:51
5.076 162.073 768.293 11:58:52
5.076 148.976 754.634 11:58:53
5.072 231.585 986.341 11:58:54
5.068 199.585 1265.366 11:58:55
5.060 266.780 1354.634 11:58:56
5.072 145.878 743.415 11:58:57
5.076 158.195 808.780 11:58:58
5.064 160.390 815.122 11:58:59
5.072 191.683 820.000 11:59:00
5.068 271.171 858.537 11:59:01
5.068 147.780 746.341 11:59:02
5.072 147.390 750.244 11:59:03
5.072 231.585 1067.805 11:59:04
5.064 249.366 1484.390 11:59:05
5.052 207.780 1078.049 11:59:06
5.068 253.488 1144.390 11:59:07
5.076 159.195 1282.927 11:59:08
5.068 167.293 745.854 11:59:09
5.068 204.488 879.024 11:59:10
5.068 201.488 1471.220 11:59:11
5.068 180.171 1465.854 11:59:12
5.076 146.976 749.756 11:59:13
5.076 147.293 748.780 11:59:14
5.072 161.976 820.000 11:59:15
5.068 279.780 1081.463 11:59:16
5.068 207.171 1141.463 11:59:17
5.068 202.073 1005.366 11:59:18
5.072 149.098 758.537 11:59:19
5.064 163.195 827.805 11:59:20
5.072 158.976 801.463 11:59:21
5.072 175.683 824.878 11:59:22
5.076 196.293 809.756 11:59:23
5.068 193.683 1084.390 11:59:25
5.068 189.488 1033.171 11:59:26
5.076 151.878 773.659 11:59:27
5.072 160.488 1256.585 11:59:28
5.076 160.585 814.634 11:59:29
5.072 270.976 1075.122 11:59:30
5.076 161.073 816.585 11:59:31
5.060 355.268 1758.537 11:59:32
5.068 182.073 1320.488 11:59:33
5.068 341.659 1398.537 11:59:34
5.076 147.390 752.195 11:59:35
5.076 146.488 738.537 11:59:36
5.072 175.195 1317.073 11:59:37
5.068 190.171 940.000 11:59:38
5.068 247.268 1303.415 11:59:39
5.068 212.268 1448.293 11:59:40
5.068 181.488 930.244 11:59:41
5.076 215.683 767.317 11:59:42
5.072 151.488 833.659 11:59:43
5.064 275.878 1215.610 11:59:44
5.072 365.854 1285.854 11:59:45
5.064 394.366 1415.610 11:59:46
5.068 190.390 1434.634 11:59:47
5.076 153.585 783.415 11:59:48
5.064 227.585 816.585 11:59:49
5.068 196.878 991.707 11:59:50
5.056 243.073 1256.585 11:59:51
5.072 147.390 1098.049 11:59:52
5.076 153.585 780.976 11:59:53
5.072 172.293 804.878 11:59:54
5.076 151.976 775.122 11:59:55
5.076 240.683 1013.659 11:59:56
5.068 207.585 916.098 11:59:57
5.076 151.098 763.902 11:59:58
5.076 158.488 803.902 11:59:59
5.072 151.878 1136.585 12:00:00
5.072 151.683 771.220 12:00:01
5.076 149.683 760.000 12:00:02
5.064 219.976 1078.049 12:00:03
5.068 202.073 754.634 12:00:04
5.076 152.683 775.122 12:00:05
5.076 160.780 1408.293 12:00:06
5.068 222.878 784.878 12:00:07
5.064 205.683 1145.366 12:00:08
5.068 212.488 1517.073 12:00:09
5.068 242.268 1233.171 12:00:10
5.068 158.585 751.220 12:00:11
5.076 149.585 751.220 12:00:12
5.072 152.976 771.220 12:00:13
5.064 309.073 1370.732 12:00:14
5.076 171.878 1042.927 12:00:15
5.072 243.366 847.317 12:00:16
5.068 342.878 1662.439 12:00:17
5.068 204.683 755.122 12:00:18
5.072 147.585 747.317 12:00:19
5.072 160.073 822.439 12:00:20
5.072 218.976 1106.829 12:00:21
5.072 169.780 880.000 12:00:22
5.076 160.780 815.122 12:00:23
5.072 161.488 820.000 12:00:24
5.068 241.976 1246.829 12:00:25
5.056 432.366 1933.171 12:00:26
5.072 212.073 1120.488 12:00:27
5.068 159.293 1066.829 12:00:28
5.076 184.878 830.244 12:00:29
5.068 151.585 768.780 12:00:30
5.068 259.366 1104.390 12:00:31
5.068 241.073 1377.073 12:00:32
5.060 326.171 1560.976 12:00:33
5.072 147.780 745.854 12:00:34
5.076 160.683 816.098 12:00:35
5.076 151.780 769.756 12:00:36
5.076 161.073 812.683 12:00:37
5.072 150.976 878.537 12:00:38
5.040 345.878 1436.098 12:00:39
5.076 151.878 1152.683 12:00:40
5.072 202.488 747.317 12:00:41
5.072 247.268 812.683 12:00:42
5.072 254.073 1121.951 12:00:43
5.064 260.976 1373.659 12:00:44
5.072 161.195 816.098 12:00:45
5.064 315.878 1801.463 12:00:46
5.076 171.976 827.805 12:00:47
5.072 147.780 796.098 12:00:48
5.076 160.683 816.585 12:00:49
5.072 160.488 812.683 12:00:50
5.048 451.659 2305.854 12:00:51
5.076 153.780 780.976 12:00:52
5.076 146.390 789.756 12:00:53
5.072 161.195 817.561 12:00:54
5.072 159.585 808.780 12:00:55
5.076 167.878 767.317 12:00:56
5.072 187.878 1247.805 12:00:57
5.068 210.683 1062.927 12:00:58
5.076 160.878 816.098 12:00:59
5.076 160.073 816.098 12:01:00
5.060 330.878 1645.854 12:01:01
5.064 238.976 1225.854 12:01:02
5.076 169.073 765.854 12:01:03
5.072 240.683 816.098 12:01:04
5.064 214.073 1081.463 12:01:05
5.072 160.488 818.537 12:01:06
5.072 160.780 816.585 12:01:07
5.076 147.195 747.317 12:01:08
5.072 207.585 1055.122 12:01:09
5.072 210.268 1112.683 12:01:10
5.076 161.585 817.561 12:01:11
5.072 209.780 989.268 12:01:12
5.076 159.195 1266.829 12:01:13
5.072 228.878 1057.561 12:01:14
5.072 174.585 1037.561 12:01:15
5.076 159.976 816.098 12:01:16
5.076 158.683 803.902 12:01:17
5.060 283.463 1367.317 12:01:19
5.072 154.585 777.073 12:01:20
5.072 147.293 752.195 12:01:21
5.072 178.293 886.341 12:01:22
5.072 210.780 1179.024 12:01:23
5.076 160.683 815.122 12:01:24
5.076 160.780 1247.805 12:01:25
5.076 159.390 803.902 12:01:26
5.056 367.756 1748.780 12:01:27
5.076 166.780 753.659 12:01:28
5.072 165.683 811.220 12:01:29
5.064 200.976 856.098 12:01:30
5.076 160.683 815.122 12:01:31
5.076 161.073 817.561 12:01:32
5.064 289.463 1416.098 12:01:33
5.076 150.195 763.415 12:01:34
5.076 151.585 769.756 12:01:35
5.076 147.488 746.341 12:01:36
5.064 289.683 1221.951 12:01:37
5.064 160.878 816.098 12:01:38
5.072 184.488 1058.049 12:01:39
5.072 214.780 1225.854 12:01:40
5.068 214.585 902.927 12:01:41
5.068 227.171 771.220 12:01:42
5.072 160.976 814.634 12:01:43
5.060 274.976 1539.512 12:01:44
5.076 159.195 808.780 12:01:45
5.068 330.171 1527.317 12:01:46
5.072 214.268 789.756 12:01:47
5.072 203.171 769.756 12:01:48
5.072 160.878 816.585 12:01:49
5.068 180.976 959.024 12:01:50
5.080 161.390 817.561 12:01:51
5.072 151.195 765.854 12:01:52
5.072 147.195 918.537 12:01:53
5.072 189.878 816.585 12:01:54
5.068 231.366 1118.049 12:01:55
5.064 324.366 1364.878 12:01:56
5.072 151.976 773.659 12:01:57
5.072 190.585 748.293 12:01:58
5.076 161.073 815.122 12:01:59
5.068 233.366 1117.561 12:02:00
5.076 173.683 810.244 12:02:01
5.072 147.195 745.854 12:02:02
5.072 218.683 1126.341 12:02:03
5.064 247.268 1254.146 12:02:04
5.072 147.585 750.244 12:02:05
5.072 160.585 816.585 12:02:06
5.064 206.268 1016.585 12:02:07
5.068 213.268 1108.293 12:02:08
5.064 147.195 752.195 12:02:09
5.072 160.293 1484.878 12:02:10
5.072 192.585 1451.220 12:02:11
5.072 161.073 1686.341 12:02:12
5.072 179.073 892.683 12:02:13
5.060 278.585 1346.829 12:02:14
5.076 147.390 751.220 12:02:15
5.072 168.293 809.756 12:02:16
5.076 155.073 787.805 12:02:17
5.064 244.366 1113.171 12:02:18
5.076 150.585 769.756 12:02:19
5.076 146.195 1002.439 12:02:20
5.068 276.780 1233.171 12:02:21
5.068 246.073 1314.634 12:02:22
5.060 222.780 1369.268 12:02:23
5.076 147.780 770.244 12:02:24
5.076 146.293 738.537 12:02:25
5.076 161.073 816.585 12:02:26
5.076 159.293 808.780 12:02:27
5.068 161.976 815.122 12:02:28
5.072 158.683 807.805 12:02:29
5.076 181.780 920.488 12:02:30
5.076 161.976 815.122 12:02:31
5.072 159.073 807.317 12:02:32
5.068 255.073 1396.098 12:02:33
5.072 218.878 1364.390 12:02:34
5.068 324.366 1247.805 12:02:35
5.068 207.780 1081.951 12:02:36
5.076 146.780 746.341 12:02:37
5.076 151.098 769.756 12:02:38
5.076 147.585 743.415 12:02:39
5.064 184.585 820.000 12:02:40
5.072 160.976 816.098 12:02:41
5.064 292.463 1426.829 12:02:42
5.072 245.366 1198.049 12:02:43
5.076 147.098 745.854 12:02:44
5.072 161.073 816.585 12:02:45
5.072 160.073 812.683 12:02:46
5.060 376.854 1901.463 12:02:47
5.072 149.098 758.537 12:02:48
5.072 145.585 741.463 12:02:49
5.072 161.195 815.122 12:02:50
5.076 209.390 748.780 12:02:51
5.076 147.780 1299.512 12:02:52
5.076 160.585 820.000 12:02:53
5.076 149.683 760.000 12:02:54
5.056 361.561 1928.780 12:02:55
5.076 147.390 752.683 12:02:56
5.072 149.098 760.000 12:02:57
5.076 161.073 1417.073 12:02:58
5.072 189.171 919.024 12:02:59
5.064 355.659 1308.293 12:03:00
5.076 150.976 764.878 12:03:01
5.064 279.585 1554.634 12:03:02
5.076 150.390 763.902 12:03:03
5.068 212.585 1077.561 12:03:04
5.076 158.195 816.585 12:03:05
5.068 182.878 961.463 12:03:06
5.072 266.073 1942.927 12:03:07
5.076 159.073 806.341 12:03:08
5.072 211.171 1022.439 12:03:09
5.076 160.878 815.122 12:03:10
5.072 146.878 745.854 12:03:11
5.064 261.585 1233.171 12:03:12
5.068 284.073 995.122 12:03:14
5.068 396.463 1540.000 12:03:15
5.072 149.390 1041.463 12:03:16
5.072 145.878 739.512 12:03:17
5.072 162.073 823.415 12:03:18
5.076 145.390 739.512 12:03:19
5.048 452.268 2282.439 12:03:20
5.068 211.976 965.366 12:03:21
5.076 145.195 742.439 12:03:22
5.068 160.878 816.098 12:03:23
5.076 146.098 737.561 12:03:24
5.068 255.976 1422.439 12:03:25
5.072 187.073 1109.268 12:03:26
5.056 254.488 966.829 12:03:27
5.072 161.683 814.634 12:03:28
5.076 158.976 807.805 12:03:29
5.076 159.976 809.756 12:03:30
5.064 182.585 1135.122 12:03:31
5.072 240.268 745.854 12:03:32
5.068 323.659 1570.732 12:03:33
5.072 146.976 772.195 12:03:34
5.076 161.293 817.561 12:03:35
5.076 147.293 750.244 12:03:36
5.072 189.073 1048.780 12:03:37
5.072 151.878 1265.854 12:03:38
5.076 145.390 740.976 12:03:39
5.060 257.073 1460.976 12:03:40
5.076 147.390 747.317 12:03:41
5.068 246.878 1253.171 12:03:42
5.076 163.780 1030.244 12:03:43
5.076 144.878 737.561 12:03:44
5.072 188.293 843.902 12:03:45
5.072 145.683 743.415 12:03:46
5.060 291.366 1643.902 12:03:47
5.072 197.976 1185.366 12:03:48
5.060 249.878 1588.293 12:03:49
5.072 215.268 933.659 12:03:50
5.072 147.098 743.415 12:03:51
5.072 211.585 768.780 12:03:52
5.064 188.585 955.122 12:03:53
5.072 203.390 1000.488 12:03:54
5.072 175.390 765.854 12:03:55
5.076 189.293 768.780 12:03:56
5.068 197.293 956.098 12:03:57
5.064 216.878 858.537 12:03:58
5.064 158.976 807.805 12:03:59
5.076 203.073 751.220 12:04:00
5.072 145.878 741.463 12:04:01
5.056 450.146 1849.268 12:04:02
5.072 147.780 836.098 12:04:03
5.076 159.976 808.780 12:04:04
5.076 148.195 747.317 12:04:05
5.076 151.390 748.780 12:04:06
5.076 150.585 766.341 12:04:07
5.072 151.488 768.293 12:04:08
5.072 174.073 1693.659 12:04:09
5.072 148.195 746.341 12:04:10
5.064 325.561 1625.854 12:04:11
5.076 215.171 1095.122 12:04:12
5.076 144.780 743.415 12:04:13
5.072 162.683 817.561 12:04:14
5.076 146.195 734.634 12:04:15
5.072 161.073 816.585 12:04:16
5.076 147.098 752.195 12:04:17
5.064 397.659 1339.512 12:04:18
5.076 151.780 770.244 12:04:19
5.076 159.195 806.341 12:04:20
5.064 291.171 1779.024 12:04:21
5.076 146.878 1020.000 12:04:22
5.072 151.683 769.756 12:04:23
5.076 160.780 816.098 12:04:24
5.052 344.366 1755.122 12:04:25
5.056 250.878 1233.171 12:04:26
5.064 227.171 934.146 12:04:27
5.072 158.976 1219.512 12:04:28
5.076 145.976 742.439 12:04:29
5.048 238.683 1237.073 12:04:30
5.072 147.195 750.244 12:04:31
5.072 159.073 805.854 12:04:32
5.044 470.756 2053.171 12:04:33
5.064 240.976 992.683 12:04:34
5.076 148.780 750.244 12:04:35
5.076 152.390 761.463 12:04:36
5.076 146.683 737.561 12:04:37
5.072 195.073 942.439 12:04:38
5.072 191.878 980.488 12:04:39
5.064 405.268 1441.951 12:04:40
5.076 147.195 750.244 12:04:41
5.076 160.878 820.000 12:04:42
5.076 245.976 817.561 12:04:43
5.076 171.780 807.317 12:04:44
5.064 281.780 1720.000 12:04:45
5.072 205.878 1167.805 12:04:46
5.068 218.976 1108.293 12:04:47
5.072 161.683 812.683 12:04:48
5.072 280.585 1564.878 12:04:49
5.072 161.073 1473.659 12:04:50
5.064 235.488 1368.293 12:04:51
5.076 147.293 746.341 12:04:52
5.076 159.293 807.805 12:04:53
5.064 228.683 1430.732 12:04:54
5.072 209.780 1003.902 12:04:55
5.076 145.585 739.512 12:04:56
5.076 151.195 763.902 12:04:57
5.072 159.073 809.756 12:04:58
5.076 160.293 816.585 12:04:59
5.064 280.073 1643.415 12:05:00
5.068 220.390 1140.488 12:05:01
5.068 249.585 1321.951 12:05:02
5.072 177.683 901.463 12:05:03
5.076 145.976 737.561 12:05:04
5.072 285.366 1285.854 12:05:05
5.072 246.585 974.146 12:05:06
5.076 149.780 759.512 12:05:07
5.068 209.976 1440.976 12:05:09
5.072 240.780 1046.829 12:05:10
5.060 279.585 1637.561 12:05:11
5.072 200.976 1019.024 12:05:12
5.076 147.878 748.780 12:05:13
5.076 161.683 961.463 12:05:14
5.076 160.390 808.780 12:05:15
5.072 161.293 817.561 12:05:16
5.072 201.683 956.585 12:05:17
5.072 213.171 934.146 12:05:18
5.076 159.293 873.659 12:05:19
5.076 159.195 807.805 12:05:20
5.060 328.073 1618.537 12:05:21
5.064 300.073 1174.146 12:05:22
5.072 174.976 1091.707 12:05:23
5.072 160.585 814.634 12:05:24
5.072 184.488 898.537 12:05:25
5.072 159.195 807.805 12:05:26
5.068 179.976 821.463 12:05:27
5.072 291.780 1203.415 12:05:28
5.072 151.585 767.317 12:05:29
5.068 240.976 1258.049 12:05:30
5.072 147.098 748.780 12:05:31
5.068 147.195 887.317 12:05:32
5.076 158.585 810.244 12:05:33
5.068 189.683 931.707 12:05:34
5.068 160.976 811.220 12:05:35
5.072 183.390 920.488 12:05:36
5.068 265.171 1165.366 12:05:37
5.076 153.976 995.610 12:05:38
5.076 160.683 814.634 12:05:39
5.072 223.268 1245.366 12:05:40
5.076 150.098 761.463 12:05:41
5.072 159.780 811.220 12:05:42
5.072 161.976 816.585 12:05:43
5.076 150.293 760.000 12:05:44
5.064 243.488 1225.854 12:05:45
5.076 208.976 777.073 12:05:46
5.072 160.878 943.902 12:05:47
5.072 160.878 815.122 12:05:48
5.072 160.780 1165.366 12:05:49
5.076 151.293 772.683 12:05:50
5.072 197.878 994.146 12:05:51
5.068 197.780 1059.024 12:05:52
5.076 147.878 745.854 12:05:53
5.060 297.683 1502.439 12:05:54
5.076 160.073 911.220 12:05:55
5.072 196.390 1127.805 12:05:56
5.060 400.951 1920.488 12:05:57
5.068 208.073 836.585 12:05:58
5.072 148.390 747.317 12:05:59
5.072 160.293 1259.512 12:06:00
5.064 267.366 1288.293 12:06:01
5.076 159.390 809.756 12:06:02
5.064 222.585 1025.366 12:06:03
5.072 160.683 820.976 12:06:04
5.072 160.878 809.756 12:06:05
5.072 161.073 816.098 12:06:06
5.072 188.390 943.902 12:06:07
5.068 250.171 1605.854 12:06:08
5.076 145.585 743.415 12:06:09
5.072 162.073 821.463 12:06:10
5.064 172.878 818.537 12:06:11
5.068 246.171 1218.049 12:06:12
5.064 161.390 813.659 12:06:13
5.076 148.293 752.195 12:06:14
5.072 160.780 812.683 12:06:15
5.064 236.366 1244.390 12:06:16
5.072 160.683 823.902 12:06:17
5.068 249.366 856.585 12:06:18
5.072 268.366 1264.390 12:06:19
5.064 254.976 1174.146 12:06:20
5.072 145.780 744.878 12:06:21
5.076 223.878 816.098 12:06:22
5.076 151.293 767.317 12:06:23
5.064 259.268 1051.707 12:06:24
5.060 253.683 1263.415 12:06:25
5.072 149.195 765.854 12:06:26
5.060 240.976 1236.585 12:06:27
5.072 147.976 798.537 12:06:28
5.072 159.293 807.317 12:06:29
5.072 252.976 1297.073 12:06:30
5.072 189.488 1020.000 12:06:31
5.064 247.976 1307.317 12:06:32
5.076 147.878 794.634 12:06:33
5.060 284.073 1441.951 12:06:34
5.076 160.390 817.561 12:06:35
5.064 287.976 1584.878 12:06:36
5.076 154.488 780.000 12:06:37
5.076 153.390 782.439 12:06:38
5.064 244.488 1340.976 12:06:39
5.072 147.390 743.902 12:06:40
5.068 250.780 1244.390 12:06:41
5.072 159.293 807.317 12:06:42
5.072 159.976 811.220 12:06:43
5.072 182.780 1056.585 12:06:44
5.064 279.976 1305.854 12:06:45
5.072 161.195 816.585 12:06:46
5.076 146.390 751.220 12:06:47
5.072 219.073 1843.902 12:06:48
5.072 259.780 1091.707 12:06:49
5.072 211.878 1397.073 12:06:50
5.076 163.390 1311.707 12:06:51
5.076 152.683 771.220 12:06:52
5.076 151.780 840.976 12:06:53
5.072 161.585 819.024 12:06:54
5.068 174.293 889.756 12:06:55
5.064 284.268 1436.098 12:06:56
5.072 252.268 1329.268 12:06:57
5.072 215.488 1093.171 12:06:58
5.076 160.073 811.220 12:06:59
5.056 317.976 1636.098 12:07:00
5.064 275.683 1375.610 12:07:01
5.076 199.976 1003.902 12:07:02
5.072 147.293 749.756 12:07:03
5.068 193.780 941.463 12:07:04
5.072 160.878 817.561 12:07:06
5.072 206.390 811.220 12:07:07
5.072 191.073 961.463 12:07:08
5.072 181.585 1042.439 12:07:09
5.068 184.073 1176.585 12:07:10
5.068 208.390 1075.122 12:07:11
5.076 161.878 820.976 12:07:12
5.068 247.683 1233.171 12:07:13
5.064 242.585 1364.878 12:07:14
5.068 272.073 1057.561 12:07:15
5.052 214.878 1123.902 12:07:16
5.076 161.878 820.976 12:07:17
5.072 160.780 815.122 12:07:18
5.072 161.195 812.683 12:07:19
5.060 253.488 859.024 12:07:20
5.064 225.390 1430.732 12:07:21
5.072 162.683 1184.390 12:07:22
5.064 281.780 1311.707 12:07:23
5.076 158.976 813.659 12:07:24
5.064 245.171 1599.024 12:07:25
5.068 244.585 1239.024 12:07:26
5.072 194.780 770.244 12:07:27
5.072 172.683 892.683 12:07:28
5.072 150.976 766.341 12:07:29
5.068 210.268 1054.146 12:07:30
5.068 198.878 945.366 12:07:31
5.072 159.585 805.854 12:07:32
5.068 247.488 1230.732 12:07:33
5.072 191.073 1176.585 12:07:34
5.076 223.976 823.902 12:07:35
5.072 185.878 1038.049 12:07:36
5.068 284.171 1074.146 12:07:37
5.076 160.195 812.683 12:07:38
5.068 210.073 1126.829 12:07:39
5.060 334.976 1742.927 12:07:40
5.076 150.098 761.463 12:07:41
5.072 148.098 748.780 12:07:42
5.076 160.878 812.683 12:07:43
5.072 288.268 1270.732 12:07:44
5.052 317.659 1399.512 12:07:45
5.064 260.073 1174.634 12:07:46
5.072 162.585 826.341 12:07:47
5.076 159.073 805.854 12:07:48
5.072 150.976 768.780 12:07:49
5.072 161.073 816.098 12:07:50
5.072 160.878 816.585 12:07:51
5.076 146.390 746.341 12:07:52
5.072 159.073 807.317 12:07:53
5.072 198.293 1010.244 12:07:54
5.060 228.976 940.488 12:07:55
5.072 152.390 776.098 12:07:56
5.072 148.293 747.317 12:07:57
5.072 158.488 807.805 12:07:58
5.076 174.293 765.854 12:07:59
5.060 322.268 1958.049 12:08:00
5.072 147.878 748.780 12:08:01
5.076 145.976 738.537 12:08:02
5.060 244.171 1667.317 12:08:03
5.076 158.488 813.659 12:08:04
5.072 161.585 814.634 12:08:05
5.072 235.585 1047.805 12:08:06
5.064 254.878 1485.854 12:08:07
5.072 147.683 748.293 12:08:08
5.072 147.293 748.293 12:08:09
5.072 161.195 818.537 12:08:10
5.072 194.878 1211.707 12:08:11
5.068 223.976 1147.805 12:08:12
5.076 145.780 743.415 12:08:13
5.072 145.293 737.561 12:08:14
5.076 162.585 824.878 12:08:15
5.068 192.585 951.707 12:08:16
5.076 166.488 771.220 12:08:17
5.076 262.683 888.780 12:08:18
5.072 187.293 1053.171 12:08:19
5.072 218.390 922.927 12:08:20
5.076 145.683 1029.268 12:08:21
5.076 159.976 805.854 12:08:22
5.072 159.488 807.805 12:08:23
5.076 152.878 777.561 12:08:24
5.076 160.293 812.683 12:08:25
5.076 145.195 1030.244 12:08:26
5.068 245.878 1234.146 12:08:27
5.072 186.390 750.244 12:08:28
5.076 172.683 815.122 12:08:29
5.072 166.293 819.024 12:08:30
5.068 269.268 1429.268 12:08:31
5.060 246.488 1627.805 12:08:32
5.072 151.488 763.902 12:08:33
5.072 161.073 1213.171 12:08:34
5.068 160.390 815.122 12:08:35
5.072 159.585 808.780 12:08:36
5.072 177.195 919.024 12:08:37
5.076 145.488 740.000 12:08:38
5.076 174.683 1130.244 12:08:39
5.076 145.488 742.439 12:08:40
5.076 161.073 813.659 12:08:41
5.072 160.878 816.098 12:08:42
5.068 278.366 1481.951 12:08:43
5.072 300.073 1379.512 12:08:44
5.072 202.073 1149.268 12:08:45
5.068 222.073 1577.073 12:08:46
5.076 145.683 796.098 12:08:47
5.076 175.585 912.683 12:08:48
5.076 216.268 824.878 12:08:49
5.064 188.293 981.463 12:08:50
5.056 306.073 1225.366 12:08:51
5.072 146.098 1069.268 12:08:52
5.064 328.561 1632.195 12:08:53
5.068 210.585 1054.146 12:08:54
5.076 147.098 737.561 12:08:55
5.068 245.878 1232.195 12:08:56
5.072 160.293 815.122 12:08:57
5.068 202.171 988.780 12:08:58
5.072 159.390 1271.707 12:08:59
5.076 232.268 1026.829 12:09:01
5.076 223.976 781.463 12:09:02
5.076 149.878 758.537 12:09:03
5.072 200.488 1310.732 12:09:04
5.072 151.293 770.244 12:09:05
5.064 272.976 1050.244 12:09:06
5.076 228.976 771.220 12:09:07
5.072 149.098 760.976 12:09:08
5.064 246.366 1250.732 12:09:09
5.072 181.390 925.366 12:09:10
5.072 183.585 1254.146 12:09:11
5.072 214.780 995.122 12:09:12
5.072 184.073 966.341 12:09:13
5.072 160.585 814.634 12:09:14
5.072 159.390 1254.146 12:09:15
5.068 211.683 1020.488 12:09:16
5.052 443.659 2287.317 12:09:17
5.076 145.488 740.976 12:09:18
5.068 145.390 739.512 12:09:19
5.072 161.073 817.561 12:09:20
5.072 149.390 760.000 12:09:21
5.052 462.854 2227.317 12:09:22
5.068 211.171 1121.463 12:09:23
5.068 147.683 747.317 12:09:24
5.072 152.195 768.293 12:09:25
5.076 197.780 749.756 12:09:26
5.072 159.780 1209.268 12:09:27
5.076 154.293 782.439 12:09:28
5.072 160.585 814.634 12:09:29
5.072 147.488 748.293 12:09:30
5.072 146.195 741.463 12:09:31
5.072 174.976 818.537 12:09:32
5.072 151.780 769.756 12:09:33
5.072 193.171 976.098 12:09:34
5.072 183.780 946.341 12:09:35
5.068 182.780 1025.366 12:09:36
5.072 147.780 1066.829 12:09:37
5.072 245.366 815.122 12:09:38
5.068 161.780 819.024 12:09:39
5.068 199.878 1008.780 12:09:40
5.072 196.780 998.049 12:09:41
5.076 145.780 1170.732 12:09:42
5.072 146.098 770.244 12:09:43
5.076 170.683 780.976 12:09:44
5.072 160.195 816.585 12:09:45
5.052 390.951 2030.732 12:09:46
5.072 153.098 776.098 12:09:47
5.064 285.780 1478.537 12:09:48
5.068 148.390 1026.341 12:09:49
5.076 145.878 739.512 12:09:50
5.068 245.073 1240.976 12:09:51
5.076 146.683 772.683 12:09:52
5.076 147.976 747.317 12:09:53
5.064 194.390 804.878 12:09:54
5.072 147.195 750.244 12:09:55
5.060 242.878 1252.195 12:09:56
5.076 232.268 1140.488 12:09:57
5.072 200.390 1035.122 12:09:58
5.076 149.780 758.537 12:09:59
5.076 159.073 808.780 12:10:00
5.076 161.293 819.024 12:10:01
5.072 154.780 783.415 12:10:02
5.068 273.073 1700.976 12:10:03
5.076 272.073 1228.293 12:10:04
5.076 147.878 748.780 12:10:05
5.076 151.390 768.293 12:10:06
5.072 149.683 927.317 12:10:07
5.076 245.171 1449.756 12:10:08
5.068 337.561 1409.756 12:10:09
5.056 335.171 1255.610 12:10:10
5.076 145.878 744.878 12:10:11
5.068 240.683 1200.488 12:10:12
5.064 252.683 816.585 12:10:13
5.076 160.976 1236.585 12:10:14
5.064 254.878 1725.366 12:10:15
5.068 220.073 1120.488 12:10:16
5.076 148.195 820.000 12:10:17
5.076 158.683 815.122 12:10:18
5.072 147.390 1029.268 12:10:19
5.072 159.683 805.854 12:10:20
5.064 243.878 1243.415 12:10:21
5.072 146.390 740.976 12:10:22
5.072 159.293 807.317 12:10:23
5.072 159.293 807.317 12:10:24
5.072 159.195 816.585 12:10:25
5.056 294.561 1480.000 12:10:26
5.076 146.195 737.561 12:10:27
5.064 248.585 991.707 12:10:28
5.068 161.073 816.098 12:10:29
5.068 161.683 819.024 12:10:30
5.068 161.780 1247.805 12:10:31
5.072 198.390 939.024 12:10:32
5.052 455.146 2013.171 12:10:33
5.068 372.268 1994.146 12:10:34
5.072 147.293 751.220 12:10:35
5.072 160.878 815.122 12:10:36
5.068 336.463 1416.098 12:10:37
5.068 168.976 829.756 12:10:38
5.064 340.561 1623.415 12:10:39
5.064 180.073 788.780 12:10:40
5.068 312.366 1936.585 12:10:41
5.076 145.293 737.073 12:10:42
5.076 161.195 818.537 12:10:43
5.076 161.195 816.098 12:10:44
5.060 330.366 1621.463 12:10:45
5.064 247.878 1199.512 12:10:46
5.072 145.683 741.463 12:10:47
5.072 158.780 805.854 12:10:48
5.068 196.585 815.122 12:10:49
5.060 369.854 2324.878 12:10:50
5.076 161.073 936.585 12:10:51
5.076 147.195 747.317 12:10:52
5.064 246.171 1291.707 12:10:53
5.068 242.268 1225.854 12:10:54
5.068 167.195 874.146 12:10:55
5.076 149.390 762.439 12:10:56
5.076 151.585 770.244 12:10:58
5.076 161.195 1262.927 12:10:59
5.064 288.878 1254.146 12:11:00
5.072 174.976 866.341 12:11:01
5.044 241.366 1248.293 12:11:02
5.072 161.073 809.756 12:11:03
5.068 275.683 957.561 12:11:04
5.056 333.366 1046.829 12:11:05
5.068 226.878 1075.122 12:11:06
5.064 242.488 1406.829 12:11:07
5.072 244.268 1027.805 12:11:08
5.072 161.390 815.122 12:11:09
5.072 267.073 857.561 12:11:10
5.052 320.659 1234.634 12:11:11
5.060 340.171 1642.439 12:11:12
5.076 147.488 757.561 12:11:13
5.076 180.585 771.220 12:11:14
5.060 253.268 827.317 12:11:15
5.060 244.780 1234.634 12:11:16
5.076 199.976 811.220 12:11:17
5.060 209.683 1075.610 12:11:18
5.072 152.098 770.244 12:11:19
5.072 159.293 810.244 12:11:20
5.064 316.463 1263.415 12:11:21
5.072 210.073 986.341 12:11:22
5.068 217.683 908.780 12:11:23
5.052 288.463 1465.854 12:11:24
5.072 158.488 805.854 12:11:25
5.068 248.268 1234.146 12:11:26
5.076 160.976 807.805 12:11:27
5.068 264.073 1519.512 12:11:28
5.060 279.683 1026.829 12:11:29
5.068 211.390 787.317 12:11:30
5.060 290.976 1225.854 12:11:31
5.072 187.780 785.854 12:11:32
5.072 160.683 817.561 12:11:33
5.076 145.878 743.902 12:11:34
5.072 154.585 780.976 12:11:35
5.072 216.683 1062.927 12:11:36
5.072 149.195 760.976 12:11:37
5.076 161.073 816.098 12:11:38
5.068 220.390 1121.951 12:11:39
5.068 291.878 1485.854 12:11:40
5.072 152.195 772.195 12:11:41
5.068 244.878 1239.024 12:11:42
5.076 199.390 818.537 12:11:43
5.076 159.293 803.902 12:11:44
5.064 270.171 1576.098 12:11:45
5.072 147.195 1018.049 12:11:46
5.072 147.488 754.634 12:11:47
5.072 162.073 816.585 12:11:48
5.072 161.195 817.561 12:11:49
5.056 403.561 1779.024 12:11:50
5.072 224.073 780.976 12:11:51
5.072 147.390 747.317 12:11:52
5.056 200.293 856.585 12:11:53
5.064 244.268 1240.976 12:11:54
5.068 147.390 748.293 12:11:55
5.072 160.976 816.585 12:11:56
5.072 149.780 760.000 12:11:57
5.072 161.073 816.585 12:11:58
5.072 297.878 1179.024 12:11:59
5.068 248.878 1254.146 12:12:00
5.068 199.488 1114.146 12:12:01
5.076 161.293 1391.707 12:12:02
5.072 159.195 808.780 12:12:03
5.068 176.390 1240.488 12:12:04
5.072 191.780 922.439 12:12:05
5.072 159.390 808.780 12:12:06
5.072 223.780 1123.902 12:12:07
5.072 147.585 748.780 12:12:08
5.072 180.780 911.220 12:12:09
5.072 150.293 758.537 12:12:10
5.044 345.976 2012.683 12:12:11
5.068 217.073 1106.829 12:12:12
5.076 145.780 740.000 12:12:13
5.072 159.976 821.463 12:12:14
5.068 227.171 820.000 12:12:15
5.064 257.683 1294.634 12:12:16
5.068 229.585 926.341 12:12:17
5.072 145.488 742.439 12:12:18
5.076 161.073 1365.854 12:12:19
5.076 145.976 744.878 12:12:20
5.064 246.366 1623.415 12:12:21
5.072 208.390 1050.244 12:12:22
5.072 245.268 1263.415 12:12:23
5.072 160.488 752.195 12:12:24
5.076 145.683 739.512 12:12:25
5.076 161.488 815.122 12:12:26
5.064 189.780 1083.902 12:12:27
5.064 322.463 1226.829 12:12:28
5.064 171.683 1080.000 12:12:29
5.068 145.683 739.512 12:12:30
5.056 406.561 1997.073 12:12:31
5.068 265.366 784.878 12:12:32
5.072 156.585 1260.976 12:12:33
5.076 163.488 773.659 12:12:34
5.072 184.488 1054.146 12:12:35
5.064 285.268 1443.415 12:12:36
5.068 211.683 1073.171 12:12:37
5.068 247.268 1250.732 12:12:38
5.068 161.195 815.122 12:12:39
5.064 245.585 1676.098 12:12:40
5.076 161.195 816.585 12:12:41
5.072 219.488 971.220 12:12:42
5.064 296.878 1346.829 12:12:43
5.076 218.390 931.707 12:12:44
5.068 184.390 1118.049 12:12:45
5.076 150.488 762.439 12:12:46
5.072 244.366 816.585 12:12:47
5.072 189.390 936.098 12:12:48
5.072 154.585 785.854 12:12:49
5.064 248.366 817.561 12:12:50
5.072 166.195 820.976 12:12:52
5.068 161.390 1477.561 12:12:53
5.072 147.488 1130.732 12:12:54
5.076 161.878 812.195 12:12:55
5.068 200.878 1002.439 12:12:56
5.072 161.585 820.000 12:12:57
5.068 265.171 854.146 12:12:58
5.076 148.293 751.220 12:12:59
5.072 161.073 856.098 12:13:00
5.056 329.171 1367.317 12:13:01
5.072 163.585 832.195 12:13:02
5.064 211.488 983.902 12:13:03
5.068 175.488 1297.073 12:13:04
5.076 159.390 808.780 12:13:05
5.076 223.878 815.122 12:13:06
5.072 195.293 992.683 12:13:07
5.072 277.171 1135.610 12:13:08
5.076 148.195 1030.244 12:13:09
5.072 160.878 816.585 12:13:10
5.064 160.488 814.634 12:13:11
5.068 212.878 1289.756 12:13:12
5.060 266.780 1234.634 12:13:13
5.072 146.098 808.780 12:13:14
5.076 171.780 816.585 12:13:15
5.072 161.073 816.585 12:13:16
5.056 407.171 1763.902 12:13:17
5.068 259.683 1168.293 12:13:18
5.076 147.683 751.220 12:13:19
5.068 240.268 1689.756 12:13:20
5.076 159.073 808.780 12:13:21
5.048 478.561 2019.024 12:13:22
5.068 242.366 1220.488 12:13:23
5.076 145.780 738.537 12:13:24
5.072 161.195 1108.293 12:13:25
5.076 158.488 804.878 12:13:26
5.064 247.780 1708.780 12:13:27
5.076 148.390 751.220 12:13:28
5.072 244.073 1036.585 12:13:29
5.072 151.976 771.220 12:13:30
5.076 145.976 738.537 12:13:31
5.072 190.780 772.683 12:13:32
5.072 160.878 816.098 12:13:33
5.068 192.293 1124.390 12:13:34
5.072 152.488 777.073 12:13:35
5.072 209.878 1358.049 12:13:36
5.076 147.390 753.659 12:13:37
5.076 146.195 734.634 12:13:38
5.060 293.463 1250.244 12:13:39
5.068 234.683 1016.585 12:13:40
5.068 271.683 860.000 12:13:41
5.064 181.780 947.805 12:13:42
5.072 145.683 739.512 12:13:43
5.076 151.585 768.780 12:13:44
5.076 151.683 769.756 12:13:45
5.044 281.366 1410.732 12:13:46
5.068 155.195 767.317 12:13:47
5.076 160.683 816.098 12:13:48
5.072 161.780 748.780 12:13:49
5.076 145.683 742.439 12:13:50
5.068 284.561 1218.049 12:13:51
5.076 161.195 816.585 12:13:52
5.072 161.780 821.463 12:13:53
5.076 159.585 811.220 12:13:54
5.072 150.098 761.463 12:13:55
5.072 163.976 831.220 12:13:56
5.072 150.683 761.463 12:13:57
5.072 161.488 816.585 12:13:58
5.076 172.488 818.537 12:13:59
5.076 151.780 769.756 12:14:00
5.068 188.390 1126.829 12:14:01
5.072 151.976 775.122 12:14:02
5.060 318.268 1614.634 12:14:03
5.064 248.585 1251.707 12:14:04
5.072 160.390 817.561 12:14:05
5.076 159.195 811.220 12:14:06
5.072 145.878 742.439 12:14:07
5.068 152.488 769.756 12:14:08
5.072 159.780 770.244 12:14:09
5.068 210.780 1147.805 12:14:10
5.068 241.268 1354.634 12:14:11
5.072 181.976 1011.707 12:14:12
5.076 152.878 773.659 12:14:13
5.076 161.293 816.098 12:14:14
5.060 325.463 1657.561 12:14:15
5.052 413.854 2128.293 12:14:16
5.076 146.585 737.561 12:14:17
5.076 151.780 770.244 12:14:18
5.076 160.293 818.537 12:14:19
5.072 161.195 817.561 12:14:20
5.044 393.854 1831.707 12:14:21
5.064 243.976 1016.585 12:14:22
5.076 151.878 764.878 12:14:23
5.068 247.488 1231.707 12:14:24
5.076 158.585 820.976 12:14:25
5.072 160.195 810.244 12:14:26
5.072 161.195 819.024 12:14:27
5.072 145.683 743.902 12:14:28
5.068 243.585 1239.024 12:14:29
5.076 148.098 747.317 12:14:30
5.068 195.878 984.878 12:14:31
5.072 220.390 855.122 12:14:32
5.072 149.683 1281.951 12:14:33
5.076 150.976 764.878 12:14:34
5.072 149.098 766.341 12:14:35
5.060 325.268 1660.000 12:14:36
5.072 209.390 1107.805 12:14:37
5.064 302.366 1051.707 12:14:38
5.072 152.293 768.293 12:14:39
5.072 145.488 740.000 12:14:40
5.068 288.463 1263.415 12:14:41
5.076 147.390 740.976 12:14:42
5.064 190.585 894.146 12:14:43
5.068 244.488 1690.244 12:14:44
5.072 147.293 830.244 12:14:45
5.044 483.659 2474.634 12:14:46
5.064 227.976 1078.049 12:14:47
5.076 145.683 739.512 12:14:49
5.072 175.195 1075.122 12:14:50
5.076 149.976 757.561 12:14:51
5.060 357.463 1702.439 12:14:52
5.076 148.195 748.293 12:14:53
5.072 150.195 763.902 12:14:54
5.064 273.976 1418.049 12:14:55
5.072 155.976 748.293 12:14:56
5.076 146.293 783.902 12:14:57
5.072 160.878 819.024 12:14:58
5.072 147.780 747.317 12:14:59
5.060 327.073 1751.707 12:15:00
5.068 147.195 749.756 12:15:01
5.076 178.683 986.341 12:15:02
5.076 161.293 823.902 12:15:03
5.076 145.683 739.512 12:15:04
5.060 381.976 1643.415 12:15:05
5.072 147.488 748.293 12:15:06
5.076 145.585 758.537 12:15:07
5.076 161.390 813.659 12:15:08
5.076 146.390 743.415 12:15:09
5.044 431.951 1840.488 12:15:10
5.072 174.195 949.268 12:15:11
5.076 145.878 745.854 12:15:12
5.076 154.780 783.415 12:15:13
5.072 155.073 754.634 12:15:14
5.068 257.366 1299.512 12:15:15
5.076 149.976 756.098 12:15:16
5.064 210.585 1076.585 12:15:17
5.076 160.488 818.537 12:15:18
5.072 178.073 960.000 12:15:19
5.072 160.073 812.195 12:15:20
5.072 159.488 808.780 12:15:21
5.064 244.366 1245.854 12:15:22
5.060 395.171 2057.073 12:15:23
5.072 169.073 866.341 12:15:24
5.072 160.780 815.122 12:15:25
5.076 147.585 752.195 12:15:26
5.076 147.683 748.780 12:15:27
5.072 160.390 816.098 12:15:28
5.072 152.098 777.561 12:15:29
5.060 243.780 1677.561 12:15:30
5.068 215.488 1079.024 12:15:31
5.072 181.390 917.561 12:15:32
5.064 246.268 1451.220 12:15:33
5.072 151.585 771.220 12:15:34
5.068 242.976 1250.244 12:15:35
5.060 323.171 1710.244 12:15:36
5.068 196.171 1052.683 12:15:37
5.060 243.683 1602.439 12:15:38
5.068 147.293 752.683 12:15:39
5.076 159.683 805.854 12:15:40
5.076 158.683 805.854 12:15:41
5.060 352.561 1720.000 12:15:42
5.052 423.171 1996.585 12:15:43
5.068 147.195 1090.244 12:15:44
5.072 151.195 765.854 12:15:45
5.072 149.585 760.000 12:15:46
5.076 161.195 814.634 12:15:47
5.068 246.878 1588.293 12:15:48
5.072 263.171 1214.146 12:15:49
5.072 158.976 951.220 12:15:50
5.072 147.878 1140.488 12:15:51
5.072 159.390 804.878 12:15:52
5.072 196.171 1266.829 12:15:53
5.072 182.293 895.122 12:15:54
5.072 160.878 817.561 12:15:55
5.076 163.878 830.244 12:15:56
5.064 182.878 1702.927 12:15:57
5.060 252.585 1773.659 12:15:58
5.076 147.585 750.244 12:15:59
5.072 161.390 812.683 12:16:00
5.072 161.293 815.122 12:16:01
5.068 186.488 1026.341 12:16:02
5.064 161.976 820.976 12:16:03
5.076 239.585 1083.902 12:16:04
5.064 304.366 1290.732 12:16:05
5.076 213.683 769.756 12:16:06
5.068 211.878 1071.707 12:16:07
5.072 151.683 769.756 12:16:08
5.080 147.878 749.756 12:16:09
5.060 239.878 1417.073 12:16:10
5.072 202.976 746.341 12:16:11
5.056 319.561 1616.098 12:16:12
5.072 184.585 817.561 12:16:13
5.072 205.976 1074.146 12:16:14
5.068 328.171 1295.610 12:16:15
5.076 149.293 745.854 12:16:16
5.072 162.073 1264.390 12:16:17
5.068 160.293 813.659 12:16:18
5.076 152.195 770.244 12:16:19
5.076 159.683 810.244 12:16:20
5.072 166.780 1026.341 12:16:21
5.064 286.171 1429.268 12:16:22
5.072 196.073 865.366 12:16:23
5.064 279.683 931.707 12:16:24
5.064 161.293 916.585 12:16:25
5.068 223.171 1127.805 12:16:26
5.072 160.878 1269.268 12:16:27
5.072 147.878 1027.805 12:16:28
5.068 205.488 957.561 12:16:29
5.076 193.488 1595.122 12:16:30
5.064 247.366 1634.634 12:16:31
5.076 145.683 741.463 12:16:32
5.076 147.878 752.195 12:16:33
5.064 275.463 1636.098 12:16:34
5.068 221.683 1149.268 12:16:35
5.076 159.488 810.244 12:16:36
5.064 211.488 1078.049 12:16:37
5.076 145.390 741.463 12:16:38
5.072 154.390 763.902 12:16:39
5.076 145.878 739.512 12:16:40
5.060 336.171 1643.415 12:16:41
5.064 227.878 1115.610 12:16:43
5.072 197.171 1044.390 12:16:44
5.068 153.098 1133.171 12:16:45
5.072 159.585 807.805 12:16:46
5.068 328.366 1242.927 12:16:47
5.076 160.976 817.561 12:16:48
5.072 208.073 1070.732 12:16:49
5.072 147.780 1022.927 12:16:50
5.072 146.780 1029.268 12:16:51
5.060 374.659 1923.902 12:16:52
5.072 159.488 807.317 12:16:53
5.076 145.488 740.000 12:16:54
5.056 471.854 2387.317 12:16:55
5.072 161.073 862.439 12:16:56
5.072 209.976 947.317 12:16:57
5.064 243.683 1238.049 12:16:58
5.072 186.585 1115.610 12:16:59
5.060 190.488 810.244 12:17:00
5.072 224.683 1074.146 12:17:01
5.068 218.683 1026.829 12:17:02
5.072 161.195 817.561 12:17:03
5.076 159.488 928.780 12:17:04
5.068 257.268 1746.341 12:17:05
5.064 215.976 910.244 12:17:06
5.064 301.366 1751.707 12:17:07
5.068 211.683 1361.951 12:17:08
5.072 145.780 740.000 12:17:09
5.072 459.463 1257.073 12:17:10
5.076 161.195 818.537 12:17:11
5.056 293.976 1776.585 12:17:12
5.068 201.488 1305.854 12:17:13
5.068 200.488 962.439 12:17:14
5.072 151.585 773.659 12:17:15
5.076 160.878 816.585 12:17:16
5.064 266.780 1526.341 12:17:17
5.072 161.976 817.561 12:17:18
5.076 160.390 804.878 12:17:19
5.076 163.683 832.195 12:17:20
5.076 147.683 749.756 12:17:21
5.072 181.585 904.878 12:17:22
5.072 161.195 817.561 12:17:23
5.068 244.878 1248.293 12:17:24
5.072 189.073 983.902 12:17:25
5.076 249.780 1193.171 12:17:26
5.072 145.780 743.415 12:17:27
5.076 150.488 984.878 12:17:28
5.076 168.976 813.659 12:17:29
5.060 321.171 1763.902 12:17:30
5.072 176.780 891.707 12:17:31
5.072 159.073 805.854 12:17:32
5.072 167.585 820.000 12:17:33
5.076 169.878 818.537 12:17:34
5.056 275.171 2058.049 12:17:35
5.076 147.293 752.195 12:17:36
5.072 149.683 760.000 12:17:37
5.056 330.659 1675.122 12:17:38
5.068 245.268 1506.341 12:17:39
5.076 160.976 752.683 12:17:40
5.076 151.878 766.341 12:17:41
5.072 150.878 765.854 12:17:42
5.072 161.585 817.561 12:17:43
5.064 161.683 819.024 12:17:44
5.064 279.878 1500.976 12:17:45
5.064 254.780 1293.171 12:17:46
5.072 145.780 740.976 12:17:47
5.076 246.488 805.854 12:17:48
5.072 170.780 813.659 12:17:49
5.056 308.659 995.122 12:17:50
5.072 154.878 861.463 12:17:51
5.076 165.488 757.073 12:17:52
5.064 161.585 820.000 12:17:53
5.060 261.268 820.000 12:17:54
5.072 145.878 740.976 12:17:55
5.072 158.976 805.854 12:17:56
5.072 150.780 763.902 12:17:57
5.052 452.854 1992.683 12:17:58
5.068 224.683 1036.585 12:17:59
5.068 151.780 768.780 12:18:00
5.072 270.268 1085.366 12:18:01
5.072 148.390 750.244 12:18:02
5.056 292.976 1433.659 12:18:03
5.072 147.683 752.683 12:18:04
5.072 145.683 739.512 12:18:05
5.076 265.780 1374.634 12:18:06
5.068 180.585 812.683 12:18:07
5.060 324.561 1633.659 12:18:08
5.064 257.366 1237.073 12:18:09
5.076 147.390 752.195 12:18:10
5.072 162.878 820.000 12:18:11
5.072 161.683 824.878 12:18:12
5.064 223.585 1002.927 12:18:13
5.068 236.171 1466.829 12:18:14
5.068 148.683 754.634 12:18:15
5.064 247.683 1364.390 12:18:16
5.072 193.683 876.585 12:18:17
5.072 162.585 824.878 12:18:18
5.068 161.878 822.439 12:18:19
5.072 153.683 751.220 12:18:20
5.072 151.585 768.293 12:18:21
5.072 187.780 1133.171 12:18:22
5.052 330.561 1656.585 12:18:23
5.076 146.683 741.463 12:18:24
5.064 273.976 1489.756 12:18:25
5.072 147.585 752.683 12:18:26
5.072 145.488 742.439 12:18:27
5.072 161.780 820.976 12:18:28
5.076 149.976 760.976 12:18:29
5.056 246.683 1245.366 12:18:30
5.076 149.683 760.976 12:18:31
5.072 208.390 1051.707 12:18:32
5.048 241.366 1250.732 12:18:33
5.076 145.780 740.000 12:18:34
5.064 250.366 1250.244 12:18:35
5.076 153.585 779.024 12:18:36
5.072 152.780 773.659 12:18:38
5.068 244.780 1221.463 12:18:39
5.072 165.780 738.537 12:18:40
5.060 302.171 1764.878 12:18:41
5.068 201.171 925.366 12:18:42
5.076 150.390 760.000 12:18:43
5.076 161.073 819.024 12:18:44
5.072 187.585 930.244 12:18:45
5.060 259.780 976.585 12:18:46
5.072 162.683 768.293 12:18:47
5.076 150.390 810.244 12:18:48
5.060 345.561 821.463 12:18:49
5.068 210.976 1206.829 12:18:50
5.068 242.488 1224.390 12:18:51
5.072 160.683 820.000 12:18:52
5.072 161.073 816.585 12:18:53
5.068 248.585 1052.683 12:18:54
5.068 189.171 1234.634 12:18:55
5.064 248.878 1221.463 12:18:56
5.048 402.561 2105.854 12:18:57
5.068 246.488 1219.512 12:18:58
5.072 146.683 742.439 12:18:59
5.076 161.195 816.098 12:19:00
5.068 244.780 1318.537 12:19:01
5.060 353.878 2098.049 12:19:02
5.068 262.268 1398.537 12:19:03
5.072 179.585 902.439 12:19:04
5.072 246.976 1083.902 12:19:05
5.072 301.780 909.756 12:19:06
5.052 451.659 2027.805 12:19:07
5.072 182.878 918.537 12:19:08
5.072 148.098 748.780 12:19:09
5.072 162.073 1251.707 12:19:10
5.072 182.878 815.122 12:19:11
5.052 409.561 2037.073 12:19:12
5.076 163.073 1233.171 12:19:13
5.076 159.390 808.780 12:19:14
5.076 159.585 812.195 12:19:15
5.076 151.390 766.341 12:19:16
5.072 204.780 962.439 12:19:17
5.076 147.683 758.537 12:19:18
5.076 148.293 752.195 12:19:19
5.068 245.976 1473.659 12:19:20
5.072 216.268 863.902 12:19:21
5.044 326.366 1891.707 12:19:22
5.076 145.976 744.878 12:19:23
5.076 148.390 789.756 12:19:24
5.076 161.390 818.537 12:19:25
5.076 283.780 1241.951 12:19:26
5.048 348.561 1648.780 12:19:27
5.072 178.585 909.756 12:19:28
5.068 291.463 1154.146 12:19:29
5.056 326.171 2059.512 12:19:30
5.076 200.073 748.293 12:19:31
5.072 161.293 816.098 12:19:32
5.076 148.585 753.659 12:19:33
5.072 159.488 811.220 12:19:34
5.064 244.976 1969.268 12:19:35
5.068 154.878 748.293 12:19:36
5.076 213.780 1009.268 12:19:37
5.068 180.171 950.244 12:19:38
5.072 145.683 743.415 12:19:39
5.052 478.854 2038.049 12:19:40
5.072 188.073 799.024 12:19:41
5.076 194.390 747.317 12:19:42
5.076 154.390 783.415 12:19:43
5.076 146.293 775.122 12:19:44
5.044 403.171 1803.902 12:19:45
5.076 146.195 1007.805 12:19:46
5.072 223.488 1109.268 12:19:47
5.072 147.683 750.244 12:19:48
5.072 199.976 1015.610 12:19:49
5.060 352.561 1692.683 12:19:50
5.076 146.098 745.854 12:19:51
5.076 162.195 820.000 12:19:52
5.068 244.780 1233.171 12:19:53
5.072 188.683 1051.220 12:19:54
5.072 161.293 818.537 12:19:55
5.072 161.390 819.024 12:19:56
5.064 301.171 1468.293 12:19:57
5.060 326.561 1632.195 12:19:58
5.076 180.780 748.780 12:19:59
5.044 392.756 1229.268 12:20:00
5.076 151.585 767.317 12:20:01
5.076 159.585 806.341 12:20:02
5.072 159.488 810.244 12:20:03
5.072 228.878 1101.463 12:20:04
5.072 152.585 775.122 12:20:05
5.076 147.585 754.634 12:20:06
5.068 261.268 1228.293 12:20:07
5.072 161.878 1128.293 12:20:08
5.076 218.171 1328.293 12:20:09
5.068 239.073 1381.951 12:20:10
5.076 166.780 771.220 12:20:11
5.068 246.780 1225.366 12:20:12
5.064 201.878 942.439 12:20:13
5.072 229.390 812.195 12:20:14
5.064 355.659 1324.390 12:20:15
5.076 147.683 748.293 12:20:16
5.072 163.585 885.366 12:20:17
5.072 249.488 817.561 12:20:18
5.056 338.463 1692.683 12:20:19
5.064 341.878 1375.610 12:20:20
5.072 145.683 741.463 12:20:21
5.072 169.293 823.902 12:20:22
5.076 160.073 1594.634 12:20:23
5.068 159.976 807.317 12:20:24
5.076 161.585 896.585 12:20:25
5.076 148.195 747.317 12:20:26
5.068 159.878 796.098 12:20:27
5.072 200.488 1016.585 12:20:28
5.048 246.780 1246.829 12:20:29
5.072 161.293 818.537 12:20:30
5.072 231.171 1054.146 12:20:31
5.072 207.488 1078.049 12:20:33
5.076 237.683 768.780 12:20:34
5.076 160.390 818.537 12:20:35
5.076 161.293 820.000 12:20:36
5.064 295.171 1438.049 12:20:37
5.076 161.390 818.537 12:20:38
5.072 151.390 771.220 12:20:39
5.068 324.366 1236.585 12:20:40
5.068 231.268 1250.244 12:20:41
5.076 161.780 820.976 12:20:42
5.072 161.390 816.585 12:20:43
5.072 201.976 1089.268 12:20:44
5.064 268.585 1348.293 12:20:45
5.064 175.585 1046.829 12:20:46
5.072 161.390 1240.976 12:20:47
5.072 168.683 856.585 12:20:48
5.072 328.561 1152.683 12:20:49
5.072 208.268 1014.146 12:20:50
5.076 146.098 740.000 12:20:51
5.072 161.195 807.317 12:20:52
5.072 267.463 1380.488 12:20:53
5.072 146.878 743.415 12:20:54
5.072 160.976 817.561 12:20:55
5.072 160.878 819.024 12:20:56
5.064 246.976 1493.659 12:20:57
5.064 240.268 1052.683 12:20:58
5.076 151.976 1017.561 12:20:59
5.068 201.878 772.195 12:21:00
5.072 266.366 812.683 12:21:01
5.072 160.390 872.195 12:21:02
5.068 339.756 1225.854 12:21:03
5.056 269.878 1270.732 12:21:04
5.076 161.390 819.024 12:21:05
5.072 147.390 752.683 12:21:06
5.072 151.488 760.976 12:21:07
5.076 151.585 850.244 12:21:08
5.064 332.780 1933.171 12:21:09
5.064 281.073 1430.732 12:21:10
5.068 196.976 1024.390 12:21:11
5.064 244.585 1247.805 12:21:12
5.068 281.366 1385.854 12:21:13
5.064 272.585 1281.951 12:21:14
5.056 334.073 1805.366 12:21:15
5.060 285.878 1408.293 12:21:16
5.068 196.171 1021.463 12:21:17
5.064 357.268 1280.488 12:21:18
5.052 311.780 1593.659 12:21:19
5.068 230.878 1192.683 12:21:20
5.072 176.976 888.780 12:21:21
5.064 288.878 1406.829 12:21:22
5.072 204.780 1103.902 12:21:23
5.072 180.976 860.976 12:21:24
5.068 239.585 1379.512 12:21:25
5.068 233.976 1225.366 12:21:26
5.048 444.049 2158.537 12:21:27
5.072 178.878 986.829 12:21:28
5.072 267.878 1227.805 12:21:29
5.068 199.780 1016.585 12:21:30
5.072 148.976 752.683 12:21:31
5.076 182.585 819.024 12:21:32
5.076 161.780 816.585 12:21:33
5.056 343.878 1420.976 12:21:34
5.064 245.268 1236.585 12:21:35
5.076 147.098 741.463 12:21:36
5.076 161.585 818.537 12:21:37
5.072 159.878 1259.024 12:21:38
5.056 323.268 1633.659 12:21:39
5.060 334.073 1280.976 12:21:40
5.076 245.366 1022.927 12:21:41
5.068 212.488 1077.561 12:21:42
5.076 146.195 799.024 12:21:43
5.076 244.073 822.439 12:21:44
5.060 257.463 821.463 12:21:45
5.064 248.976 1225.366 12:21:46
5.064 248.171 1260.976 12:21:47
5.076 148.878 754.634 12:21:48
5.068 174.195 951.220 12:21:49
5.072 161.488 820.976 12:21:50
5.056 329.268 1637.561 12:21:51
5.064 334.561 1386.829 12:21:52
5.076 147.878 750.244 12:21:53
5.076 159.976 812.195 12:21:54
5.048 347.463 1246.829 12:21:55
5.076 159.780 811.220 12:21:56
5.072 159.780 807.805 12:21:57
5.072 213.585 1016.585 12:21:58
5.076 150.878 937.561 12:21:59
5.072 177.195 876.098 12:22:00
5.076 159.683 807.317 12:22:01
5.068 243.366 1240.488 12:22:02
5.068 211.976 1047.805 12:22:03
5.072 258.585 1523.902 12:22:04
5.076 148.098 800.976 12:22:05
5.076 146.098 741.463 12:22:06
5.068 241.976 1258.049 12:22:07
5.060 194.390 1018.049 12:22:08
5.076 162.073 822.439 12:22:09
5.064 184.293 1078.049 12:22:10
5.068 181.976 1369.756 12:22:11
5.072 214.976 1184.390 12:22:12
5.068 230.585 1113.171 12:22:13
5.076 159.976 813.659 12:22:14
5.068 253.878 1087.805 12:22:15
5.072 146.195 742.439 12:22:16
5.068 213.488 1084.390 12:22:17
5.068 282.073 1232.195 12:22:18
5.072 162.488 820.976 12:22:19
5.076 152.293 772.683 12:22:20
5.072 186.878 988.780 12:22:21
5.076 149.780 763.415 12:22:22
5.076 147.780 782.439 12:22:23
5.076 161.878 820.976 12:22:24
5.076 164.488 1006.341 12:22:25
5.068 233.366 896.098 12:22:27
5.072 201.585 1026.829 12:22:28
5.072 198.585 1022.439 12:22:29
5.060 248.780 1318.537 12:22:30
5.072 223.171 1453.659 12:22:31
5.072 177.488 865.366 12:22:32
5.072 160.293 789.756 12:22:33
5.072 160.585 816.585 12:22:34
5.060 334.756 2062.927 12:22:35
5.076 161.488 819.024 12:22:36
5.068 198.390 1010.244 12:22:37
5.076 147.293 753.659 12:22:38
5.072 152.195 772.195 12:22:39
5.076 162.195 820.000 12:22:40
5.072 161.683 820.976 12:22:41
5.072 161.585 818.537 12:22:42
5.072 187.073 960.000 12:22:43
5.072 146.878 741.463 12:22:44
5.060 271.976 1451.220 12:22:45
5.076 161.390 819.024 12:22:46
5.076 148.780 752.195 12:22:47
5.072 153.390 1082.927 12:22:48
5.060 283.171 1230.732 12:22:49
5.068 161.878 818.537 12:22:50
5.072 148.390 755.122 12:22:51
5.076 161.585 822.439 12:22:52
5.072 173.195 814.634 12:22:53
5.076 147.683 748.780 12:22:54
5.056 358.073 1420.976 12:22:55
5.064 243.585 1393.171 12:22:56
5.064 245.976 1041.463 12:22:57
5.072 285.073 1425.854 12:22:58
5.076 146.976 741.463 12:22:59
5.068 245.878 1242.927 12:23:00
5.072 248.073 1261.951 12:23:01
5.072 228.488 1268.293 12:23:02
5.068 192.878 1051.220 12:23:03
5.068 239.073 1138.049 12:23:04
5.068 241.488 1305.366 12:23:05
5.068 170.878 856.585 12:23:06
5.076 146.878 742.439 12:23:07
5.072 221.488 772.195 12:23:08
5.064 244.878 1295.610 12:23:09
5.052 425.366 1697.561 12:23:10
5.072 183.878 812.195 12:23:11
5.068 181.171 971.220 12:23:12
5.076 313.073 876.098 12:23:13
5.064 265.683 1230.732 12:23:14
5.044 486.659 2519.024 12:23:15
5.076 206.585 818.537 12:23:16
5.072 147.683 749.756 12:23:17
5.072 217.976 786.341 12:23:18
5.076 148.683 748.780 12:23:19
5.068 244.780 1080.000 12:23:20
5.072 160.878 816.585 12:23:21
5.064 304.976 1504.390 12:23:22
5.068 249.488 1221.951 12:23:23
5.072 148.878 749.756 12:23:24
5.068 248.366 1240.976 12:23:25
5.072 160.195 807.317 12:23:26
5.064 280.268 1419.512 12:23:27
5.072 159.878 812.195 12:23:28
5.076 146.195 745.854 12:23:29
5.064 228.073 1273.171 12:23:30
5.072 161.293 821.463 12:23:31
5.064 329.561 2070.244 12:23:32
5.072 152.390 786.341 12:23:33
5.076 146.878 744.878 12:23:34
5.076 176.073 918.537 12:23:35
5.052 336.171 1677.561 12:23:36
5.072 234.878 998.049 12:23:37
5.072 192.683 748.780 12:23:38
5.076 146.390 739.512 12:23:39
5.072 159.488 804.878 12:23:40
5.060 325.976 1908.780 12:23:41
5.068 186.390 1113.171 12:23:42
5.072 151.976 777.073 12:23:43
5.068 158.390 772.195 12:23:44
5.072 159.683 810.244 12:23:45
5.048 489.244 2470.244 12:23:46
5.068 336.976 1663.902 12:23:47
5.064 224.488 1407.317 12:23:48
5.072 147.976 754.634 12:23:49
5.076 160.878 815.122 12:23:50
5.044 496.341 2288.293 12:23:51
5.072 200.293 1017.561 12:23:52
5.076 147.878 750.244 12:23:53
5.064 243.683 1225.854 12:23:54
5.056 301.366 2483.902 12:23:55
5.076 147.878 792.683 12:23:56
5.072 164.390 1099.512 12:23:57
5.072 198.585 1090.244 12:23:58
5.068 244.878 1246.829 12:23:59
5.064 290.780 1406.829 12:24:00
5.076 178.195 1068.780 12:24:01
5.072 193.390 989.268 12:24:02
5.072 149.780 758.537 12:24:03
5.076 232.171 1848.780 12:24:04
5.068 205.171 973.659 12:24:05
5.068 278.683 1525.854 12:24:06
5.068 159.488 769.756 12:24:07
5.076 151.780 769.756 12:24:08
5.072 164.293 832.683 12:24:09
5.068 248.683 1267.805 12:24:10
5.072 155.195 1237.073 12:24:11
5.068 227.683 1018.049 12:24:12
5.072 190.073 817.561 12:24:13
5.068 214.390 1092.683 12:24:14
5.072 183.976 930.244 12:24:15
5.072 148.390 748.293 12:24:16
5.076 209.073 823.415 12:24:17
5.068 212.780 974.146 12:24:18
5.060 182.390 1011.220 12:24:20
5.072 185.488 1117.561 12:24:21
5.076 147.488 754.634 12:24:22
5.076 235.780 1099.512 12:24:23
5.072 169.293 816.098 12:24:24
5.056 403.854 1887.805 12:24:25
5.072 159.073 807.317 12:24:26
5.068 250.585 1231.707 12:24:27
5.072 161.488 1378.537 12:24:28
5.068 243.268 1248.293 12:24:29
5.052 402.756 2018.049 12:24:30
5.064 184.390 820.000 12:24:31
5.072 194.878 1105.366 12:24:32
5.068 243.268 1079.024 12:24:33
5.076 196.780 1171.707 12:24:34
5.060 286.976 2241.951 12:24:35
5.068 185.878 957.561 12:24:36
5.056 212.488 1034.146 12:24:37
5.072 247.268 1349.268 12:24:38
5.068 280.171 1252.195 12:24:39
5.068 244.780 1620.000 12:24:40
5.064 298.878 1278.537 12:24:41
5.068 237.585 819.024 12:24:42
5.072 152.195 772.195 12:24:43
5.076 161.780 820.000 12:24:44
5.072 162.293 822.439 12:24:45
5.056 282.976 1525.854 12:24:46
5.072 181.073 917.561 12:24:47
5.072 147.780 1029.268 12:24:48
5.072 146.878 740.000 12:24:49
5.072 168.585 894.146 12:24:50
5.072 161.488 816.098 12:24:51
5.068 210.488 920.488 12:24:52
5.064 217.488 1066.341 12:24:53
5.068 152.780 1239.024 12:24:54
5.068 189.683 925.366 12:24:55
5.072 195.488 1003.902 12:24:56
5.076 158.976 751.220 12:24:57
5.072 208.488 820.000 12:24:58
5.076 161.390 807.317 12:24:59
5.076 154.195 1149.268 12:25:00
5.076 154.390 787.317 12:25:01
5.076 148.293 753.659 12:25:02
5.064 241.878 1227.805 12:25:03
5.076 147.683 752.683 12:25:04
5.060 326.463 2030.244 12:25:05
5.064 182.488 818.537 12:25:06
5.072 149.780 815.122 12:25:07
5.072 209.073 1060.000 12:25:08
5.076 146.195 746.341 12:25:09
5.072 146.683 739.512 12:25:10
5.064 161.780 820.000 12:25:11
5.076 156.878 789.756 12:25:12
5.068 206.683 1075.122 12:25:13
5.072 147.878 755.122 12:25:14
5.076 156.195 743.415 12:25:15
5.072 161.976 822.439 12:25:16
5.072 160.488 1458.537 12:25:17
5.072 159.683 832.195 12:25:18
5.072 152.293 1080.488 12:25:19
5.076 175.488 768.780 12:25:20
5.068 312.268 1867.805 12:25:21
5.068 211.268 1218.049 12:25:22
5.064 264.073 1249.268 12:25:23
5.068 160.293 812.195 12:25:24
5.068 213.780 1115.610 12:25:25
5.072 151.878 772.683 12:25:26
5.072 161.780 833.659 12:25:27
5.068 359.366 1632.195 12:25:28
5.072 159.780 810.244 12:25:29
5.072 161.488 813.659 12:25:30
5.072 203.780 1234.634 12:25:31
5.072 152.585 772.195 12:25:32
5.076 178.585 771.220 12:25:33
5.068 211.780 1081.951 12:25:34
5.056 478.049 1383.415 12:25:35
5.044 475.244 2001.951 12:25:36
5.068 207.585 1170.732 12:25:37
5.072 151.878 772.683 12:25:38
5.068 187.390 819.024 12:25:39
5.064 285.268 1424.390 12:25:40
5.068 254.268 939.024 12:25:41
5.072 147.976 1011.220 12:25:42
5.072 161.585 819.024 12:25:43
5.072 161.683 819.024 12:25:44
5.060 332.366 1687.317 12:25:45
5.068 243.683 1228.293 12:25:46
5.072 146.195 745.854 12:25:47
5.076 152.098 768.293 12:25:48
5.072 161.585 822.439 12:25:49
5.068 242.073 1237.073 12:25:50
5.068 241.976 1229.268 12:25:51
5.076 150.976 752.683 12:25:52
5.072 158.780 771.220 12:25:53
5.060 249.878 1260.976 12:25:54
5.076 186.878 1013.659 12:25:55
5.072 214.976 986.829 12:25:56
5.072 161.195 820.976 12:25:57
5.072 242.488 820.976 12:25:58
5.068 257.683 1240.488 12:25:59
5.056 300.463 1286.829 12:26:00
5.068 254.366 1332.195 12:26:01
5.076 147.878 865.366 12:26:02
5.072 161.195 885.366 12:26:03
5.072 161.585 819.024 12:26:04
5.060 344.171 1661.463 12:26:05
5.056 302.780 1525.854 12:26:06
5.072 154.780 750.244 12:26:07
5.068 179.293 894.146 12:26:08
5.072 160.683 807.317 12:26:09
5.060 196.390 1089.268 12:26:10
5.064 243.976 1155.610 12:26:11
5.076 152.195 772.195 12:26:12
5.072 152.683 776.098 12:26:14
5.072 159.683 820.000 12:26:15
5.072 161.195 820.976 12:26:16
5.060 255.585 1300.488 12:26:17
5.072 197.780 986.341 12:26:18
5.072 148.683 750.244 12:26:19
5.072 151.585 777.073 12:26:20
5.072 243.488 1254.634 12:26:21
5.072 250.585 1013.659 12:26:22
5.068 314.878 1276.585 12:26:23
5.064 236.585 1068.780 12:26:24
5.076 155.073 754.634 12:26:25
5.072 161.488 1343.415 12:26:26
5.072 161.683 950.244 12:26:27
5.068 221.976 1109.268 12:26:28
5.056 335.463 2129.268 12:26:29
5.076 150.098 765.854 12:26:30
5.072 161.293 822.439 12:26:31
5.072 159.780 810.244 12:26:32
5.044 465.146 2010.732 12:26:33
5.048 412.049 1771.220 12:26:34
5.068 175.488 1267.805 12:26:35
5.068 324.976 1389.756 12:26:36
5.072 147.293 748.780 12:26:37
5.072 160.683 819.024 12:26:38
5.068 161.585 820.000 12:26:39
5.072 222.878 1006.829 12:26:40
5.072 218.390 836.585 12:26:41
5.072 150.293 758.537 12:26:42
5.064 248.171 1237.073 12:26:43
5.076 161.293 891.707 12:26:44
5.060 337.366 1449.756 12:26:45
5.044 407.561 1661.463 12:26:46
5.072 146.098 743.902 12:26:47
5.076 151.780 771.220 12:26:48
5.072 158.976 807.805 12:26:49
5.068 245.780 1260.488 12:26:50
5.056 291.268 1602.439 12:26:51
5.076 167.683 751.220 12:26:52
5.076 152.488 773.659 12:26:53
5.076 159.780 1216.585 12:26:54
5.076 160.073 1194.634 12:26:55
5.068 231.171 1093.171 12:26:56
5.072 165.073 755.122 12:26:57
5.076 162.073 823.415 12:26:58
5.072 161.488 818.537 12:26:59
5.072 183.171 1354.634 12:27:00
5.068 213.268 1054.146 12:27:01
5.076 145.878 744.878 12:27:02
5.068 162.073 823.415 12:27:03
5.064 240.171 823.902 12:27:04
5.072 237.171 1047.805 12:27:05
5.072 157.683 746.341 12:27:06
5.076 145.976 744.878 12:27:07
5.052 320.561 1605.854 12:27:08
5.068 247.073 1276.585 12:27:09
5.072 147.976 748.780 12:27:10
5.064 248.366 1228.293 12:27:11
5.076 152.585 773.659 12:27:12
5.068 241.171 1227.805 12:27:13
5.072 181.390 827.805 12:27:14
5.076 148.585 740.976 12:27:15
5.064 248.976 1273.171 12:27:16
5.076 146.878 743.415 12:27:17
5.060 256.268 1252.195 12:27:18
5.064 253.976 1585.854 12:27:19
5.072 185.390 958.049 12:27:20
5.072 159.780 807.805 12:27:21
5.072 161.585 818.537 12:27:22
5.064 290.073 1456.098 12:27:23
5.064 162.878 823.415 12:27:24
5.076 147.585 752.195 12:27:25
5.064 245.268 1227.805 12:27:26
5.072 159.585 1135.610 12:27:27
5.068 247.683 1260.976 12:27:28
5.072 161.683 818.537 12:27:29
5.068 183.073 946.341 12:27:30
5.072 175.878 907.317 12:27:31
5.072 189.683 1015.122 12:27:32
5.064 245.976 1429.756 12:27:33
5.068 225.683 1139.024 12:27:34
5.076 147.098 749.756 12:27:35
5.072 161.195 817.561 12:27:36
5.072 160.195 812.195 12:27:37
5.064 284.976 1526.341 12:27:38
5.072 201.683 989.268 12:27:39
5.072 159.488 810.244 12:27:40
5.072 160.585 819.024 12:27:41
5.072 162.195 818.537 12:27:42
5.052 330.171 1603.415 12:27:43
5.068 209.878 1293.171 12:27:44
5.072 152.195 768.780 12:27:45
5.068 152.293 773.659 12:27:46
5.076 210.171 829.756 12:27:47
5.076 178.488 820.976 12:27:48
5.072 212.585 1059.024 12:27:49
5.068 213.683 1073.171 12:27:50
5.072 178.683 948.780 12:27:51
5.068 209.585 1131.707 12:27:52
5.076 152.195 771.220 12:27:53
5.064 148.488 752.683 12:27:54
5.060 302.463 1509.756 12:27:55
5.072 161.780 821.463 12:27:56
5.068 197.171 989.268 12:27:57
5.068 219.780 1398.049 12:27:58
5.072 154.195 1191.707 12:27:59
5.072 151.683 768.293 12:28:00
5.072 161.390 814.634 12:28:01
5.052 325.878 1649.756 12:28:02
5.064 242.585 1228.293 12:28:03
5.072 234.268 1068.780 12:28:04
5.076 150.780 761.463 12:28:05
5.064 211.268 1044.390 12:28:06
5.076 155.488 1138.049 12:28:07
5.056 274.463 1432.195 12:28:09
5.076 159.683 809.756 12:28:10
5.072 221.073 1002.927 12:28:11
5.072 213.073 843.902 12:28:12
5.068 247.171 1255.610 12:28:13
5.064 266.585 1042.439 12:28:14
5.072 244.780 1036.585 12:28:15
5.068 211.390 1080.488 12:28:16
5.072 162.683 820.976 12:28:17
5.072 161.073 810.244 12:28:18
5.072 165.780 822.439 12:28:19
5.060 262.585 1250.244 12:28:20
5.060 236.878 1317.073 12:28:21
5.060 255.366 1226.829 12:28:22
5.068 210.976 926.341 12:28:23
5.068 211.488 1049.268 12:28:24
5.072 174.683 854.146 12:28:25
5.072 169.293 836.098 12:28:26
5.076 161.390 818.537 12:28:27
5.072 161.488 818.537 12:28:28
5.068 273.268 1090.244 12:28:29
5.072 219.878 1106.341 12:28:30
5.076 176.195 1035.122 12:28:31
5.060 238.585 1267.805 12:28:32
5.076 257.683 1325.366 12:28:33
5.076 145.976 743.415 12:28:34
5.056 376.366 1901.951 12:28:35
5.076 148.195 748.780 12:28:36
5.068 247.366 1229.268 12:28:37
5.068 242.683 1039.024 12:28:38
5.076 160.878 810.244 12:28:39
5.060 430.049 2423.902 12:28:40
5.076 146.098 744.878 12:28:41
5.072 151.585 772.683 12:28:42
5.072 152.585 770.244 12:28:43
5.056 274.366 1588.780 12:28:44
5.056 308.366 1396.098 12:28:45
5.076 148.390 752.195 12:28:46
5.064 266.463 1108.293 12:28:47
5.076 148.585 753.659 12:28:48
5.068 242.366 1254.146 12:28:49
5.068 248.073 821.463 12:28:50
5.076 150.878 761.463 12:28:51
5.072 146.293 742.439 12:28:52
5.072 161.293 817.561 12:28:53
5.068 218.976 1110.244 12:28:54
5.072 184.585 754.634 12:28:55
5.072 161.488 818.537 12:28:56
5.068 202.390 1645.854 12:28:57
5.060 287.073 1445.854 12:28:58
5.076 159.878 811.220 12:28:59
5.072 161.390 819.024 12:29:00
5.072 161.073 818.537 12:29:01
5.068 249.073 1263.415 12:29:02
5.060 246.268 1233.171 12:29:03
5.072 160.390 818.537 12:29:04
5.064 243.780 1135.610 12:29:05
5.076 162.390 880.976 12:29:06
5.060 247.976 1269.268 12:29:07
5.072 161.780 1038.049 12:29:08
5.076 163.683 830.244 12:29:09
5.072 161.195 819.024 12:29:10
5.072 175.195 868.780 12:29:11
5.060 341.561 1153.171 12:29:12
5.072 262.585 861.463 12:29:13
5.072 160.878 823.902 12:29:14
5.072 161.488 818.537 12:29:15
5.072 148.878 743.415 12:29:16
5.072 201.683 1289.756 12:29:17
5.072 153.976 1079.024 12:29:18
5.068 257.171 1221.951 12:29:19
5.064 367.073 1323.415 12:29:20
5.068 148.390 752.195 12:29:21
5.064 295.878 1255.610 12:29:22
5.076 161.293 893.659 12:29:23
5.056 402.366 1777.561 12:29:24
5.072 161.390 818.537 12:29:25
5.076 146.683 739.512 12:29:26
5.072 153.878 778.537 12:29:27
5.072 147.293 740.976 12:29:28
5.064 364.366 1757.561 12:29:29
5.072 154.390 927.805 12:29:30
5.072 201.683 1052.683 12:29:31
5.064 217.390 1199.024 12:29:32
5.072 148.488 752.683 12:29:33
5.052 431.366 1993.171 12:29:34
5.052 311.366 1160.488 12:29:35
5.064 244.366 1239.512 12:29:36
5.068 227.976 1079.024 12:29:37
5.072 147.390 752.195 12:29:38
5.076 162.878 1305.366 12:29:39
5.076 161.390 817.561 12:29:40
5.064 246.585 1442.439 12:29:41
5.076 161.780 820.976 12:29:42
5.076 145.878 743.902 12:29:43
5.072 155.073 780.976 12:29:44
5.072 177.683 832.195 12:29:45
5.052 442.146 2273.659 12:29:46
5.064 245.878 1748.780 12:29:47
5.064 249.878 1528.293 12:29:48
5.068 198.780 863.902 12:29:49
5.068 240.878 1236.585 12:29:50
5.064 249.366 1256.585 12:29:51
5.072 161.585 818.537 12:29:52
5.068 161.683 812.683 12:29:53
5.072 184.171 812.683 12:29:54
5.072 196.585 1129.268 12:29:55
5.056 307.659 1106.829 12:29:56
5.068 217.683 1088.780 12:29:57
5.072 160.976 816.585 12:29:58
5.072 188.585 940.000 12:29:59
5.076 161.390 820.976 12:30:00
5.056 268.976 1671.220 12:30:01
5.072 192.293 1212.195 12:30:03
5.064 268.976 1262.927 12:30:04
5.076 161.585 1260.976 12:30:05
5.068 182.585 965.366 12:30:06
5.068 239.366 1269.268 12:30:07
5.072 187.878 931.707 12:30:08
5.064 241.878 1230.732 12:30:09
5.076 159.976 812.683 12:30:10
5.068 257.780 1229.268 12:30:11
5.072 161.780 1258.049 12:30:12
5.072 149.390 751.220 12:30:13
5.064 161.683 830.244 12:30:14
5.072 161.488 820.000 12:30:15
5.064 243.780 1235.610 12:30:16
5.072 159.878 811.220 12:30:17
5.076 162.585 824.878 12:30:18
5.064 217.976 970.244 12:30:19
5.060 209.878 1285.366 12:30:20
5.072 190.390 956.585 12:30:21
5.072 150.878 760.000 12:30:22
5.072 161.683 819.024 12:30:23
5.072 216.073 1235.610 12:30:24
5.068 243.366 1458.537 12:30:25
5.068 288.268 1450.732 12:30:26
5.064 200.488 936.098 12:30:27
5.072 149.390 749.756 12:30:28
5.072 161.585 824.878 12:30:29
5.056 330.659 1679.024 12:30:30
5.064 232.976 1139.024 12:30:31
5.072 179.878 880.976 12:30:32
5.072 169.683 869.756 12:30:33
5.060 273.976 1705.366 12:30:34
5.060 290.268 1430.732 12:30:35
5.072 146.390 745.854 12:30:36
5.072 160.390 818.537 12:30:37
5.060 381.976 1838.049 12:30:38
5.060 362.268 1862.439 12:30:39
5.068 289.463 1291.707 12:30:40
5.072 146.293 785.854 12:30:41
5.072 147.976 751.220 12:30:42
5.076 159.488 807.317 12:30:43
5.068 245.780 1240.976 12:30:44
5.068 199.488 1017.561 12:30:45
5.064 248.878 1248.293 12:30:46
5.072 159.976 810.244 12:30:47
5.076 181.073 819.024 12:30:48
5.076 164.488 831.220 12:30:49
5.064 393.756 1574.634 12:30:50
5.072 232.976 819.024 12:30:51
5.076 146.098 743.415 12:30:52
5.068 249.878 1259.512 12:30:53
5.064 211.585 996.585 12:30:54
5.072 148.390 820.000 12:30:55
5.076 161.878 1171.707 12:30:56
5.072 208.878 971.707 12:30:57
5.064 244.878 1258.049 12:30:58
5.072 159.878 811.220 12:30:59
5.076 146.976 1004.878 12:31:00
5.072 163.683 891.220 12:31:01
5.072 161.585 823.902 12:31:02
5.068 229.268 1211.707 12:31:03
5.072 149.878 803.415 12:31:04
5.076 150.585 763.902 12:31:05
5.072 210.073 1074.146 12:31:06
5.068 213.268 1079.024 12:31:07
5.076 158.878 807.317 12:31:08
5.056 330.171 2049.268 12:31:09
5.072 162.073 822.439 12:31:10
5.072 147.780 1030.244 12:31:11
5.048 239.585 1298.049 12:31:12
5.068 279.463 1241.951 12:31:13
5.064 213.268 1121.951 12:31:14
5.076 147.976 747.317 12:31:15
5.072 159.780 816.585 12:31:16
5.056 329.976 1646.341 12:31:17
5.068 247.171 1263.415 12:31:18
5.072 200.390 1018.049 12:31:19
5.072 149.976 750.244 12:31:20
5.072 158.878 810.244 12:31:21
5.060 325.561 1717.561 12:31:22
5.072 161.780 820.000 12:31:23
5.072 161.293 817.561 12:31:24
5.064 147.683 756.098 12:31:25
5.072 159.073 927.805 12:31:26
5.072 160.585 814.634 12:31:27
5.068 292.878 1250.244 12:31:28
5.064 292.878 1265.854 12:31:29
5.072 196.780 965.366 12:31:30
5.072 147.780 749.756 12:31:31
5.076 151.683 771.220 12:31:32
5.072 161.293 1420.000 12:31:33
5.068 285.366 960.488 12:31:34
5.056 332.878 1702.439 12:31:35
5.068 340.976 1216.585 12:31:36
5.072 203.780 752.683 12:31:37
5.072 160.585 891.707 12:31:38
5.060 329.171 1667.317 12:31:39
5.060 319.171 1943.902 12:31:40
5.076 161.390 815.122 12:31:41
5.072 182.293 915.122 12:31:42
5.060 190.488 1050.244 12:31:43
5.068 203.390 994.146 12:31:44
5.072 169.195 816.585 12:31:45
5.068 247.073 1260.976 12:31:46
5.076 160.073 847.317 12:31:47
5.064 326.268 1464.390 12:31:48
5.068 206.585 750.244 12:31:49
5.072 148.195 1026.341 12:31:50
5.064 296.561 1086.341 12:31:51
5.072 241.171 1365.854 12:31:52
5.076 145.780 739.512 12:31:53
5.072 154.390 859.024 12:31:54
5.072 160.585 966.341 12:31:55
5.068 329.976 1218.049 12:31:56
5.068 242.683 1269.268 12:31:58
5.064 291.463 1468.293 12:31:59
5.076 152.488 768.780 12:32:00
5.072 159.780 807.317 12:32:01
5.052 341.073 1759.024 12:32:02
5.072 149.293 752.683 12:32:03
5.064 253.976 1274.634 12:32:04
5.072 227.268 832.195 12:32:05
5.076 146.195 740.000 12:32:06
5.072 160.293 812.683 12:32:07
5.072 148.878 749.756 12:32:08
5.072 181.073 890.244 12:32:09
5.064 199.293 1254.634 12:32:10
5.076 154.195 829.756 12:32:11
5.076 147.585 751.220 12:32:12
5.040 415.463 2088.293 12:32:13
5.072 151.683 775.122 12:32:14
5.068 204.585 977.561 12:32:15
5.068 327.561 2061.463 12:32:16
5.072 148.780 749.756 12:32:17
5.072 147.585 743.902 12:32:18
5.068 161.683 814.634 12:32:19
5.072 147.488 750.244 12:32:20
5.068 237.268 1225.366 12:32:21
5.076 161.293 819.024 12:32:22
5.072 146.390 734.634 12:32:23
5.068 252.488 837.561 12:32:24
5.076 147.780 751.220 12:32:25
5.060 328.878 1646.341 12:32:26
5.076 178.073 820.976 12:32:27
5.068 208.585 1477.561 12:32:28
5.056 395.268 2109.756 12:32:29
5.072 148.585 752.683 12:32:30
5.072 161.585 820.000 12:32:31
5.072 160.878 818.537 12:32:32
5.068 159.488 770.244 12:32:33
5.068 219.683 1116.585 12:32:34
5.068 183.488 1300.488 12:32:35
5.068 244.780 1231.707 12:32:36
5.072 162.293 823.415 12:32:37
5.072 159.488 813.659 12:32:38
5.060 261.683 1389.268 12:32:39
5.068 244.268 1218.049 12:32:40
5.072 147.976 755.122 12:32:41
5.072 161.683 819.024 12:32:42
5.072 161.488 1231.707 12:32:43
5.052 353.171 1738.537 12:32:44
5.056 358.561 1735.122 12:32:45
5.072 161.293 865.366 12:32:46
5.060 199.073 819.024 12:32:47
5.072 152.780 965.366 12:32:48
5.076 162.073 820.976 12:32:49
5.072 161.585 815.122 12:32:50
5.068 252.780 1360.488 12:32:51
5.072 147.976 749.756 12:32:52
5.068 246.268 1245.366 12:32:53
5.068 207.878 1426.829 12:32:54
5.072 196.390 1066.829 12:32:55
5.076 145.976 745.854 12:32:56
5.072 162.293 816.585 12:32:57
5.068 251.488 1242.927 12:32:58
5.068 243.171 995.122 12:32:59
5.068 169.488 859.024 12:33:00
5.076 146.878 762.439 12:33:01
5.072 262.683 818.537 12:33:02
5.072 160.878 819.024 12:33:03
5.064 243.073 1233.171 12:33:04
5.064 245.366 1246.829 12:33:05
5.072 278.780 988.780 12:33:06
5.072 188.780 818.537 12:33:07
5.076 151.293 768.780 12:33:08
5.064 242.171 1639.024 12:33:09
5.068 255.976 1263.415 12:33:10
5.068 243.585 1243.415 12:33:11
5.064 253.488 1259.024 12:33:12
5.076 149.293 1065.366 12:33:13
5.060 245.268 822.439 12:33:14
5.072 161.390 816.585 12:33:15
5.068 242.366 1258.049 12:33:16
5.072 208.780 1063.902 12:33:17
5.076 147.878 1029.268 12:33:18
5.072 173.683 1025.366 12:33:19
5.076 160.195 812.195 12:33:20
5.072 176.073 1070.732 12:33:21
5.072 152.293 774.634 12:33:22
5.076 150.585 760.000 12:33:23
5.064 256.780 1292.195 12:33:24
5.052 201.488 1177.073 12:33:25
5.068 198.390 748.293 12:33:26
5.068 277.976 1394.634 12:33:27
5.072 145.390 746.341 12:33:28
5.072 161.780 823.902 12:33:29
5.068 273.268 1103.902 12:33:30
5.068 228.780 1265.854 12:33:31
5.064 287.463 1414.634 12:33:32
5.076 147.780 749.756 12:33:33
5.064 277.585 1273.171 12:33:34
5.064 194.780 953.659 12:33:35
5.048 375.756 1717.561 12:33:36
5.068 293.976 1492.195 12:33:37
5.072 146.488 783.415 12:33:38
5.076 161.683 820.000 12:33:39
5.072 162.195 1242.927 12:33:40
5.056 264.683 1839.024 12:33:41
5.052 253.366 1320.976 12:33:42
5.072 148.488 750.244 12:33:43
5.056 352.976 1789.268 12:33:44
5.064 214.878 1033.171 12:33:45
5.072 160.585 1388.293 12:33:46
5.068 246.073 1221.463 12:33:47
5.072 147.878 747.317 12:33:48
5.072 152.683 772.195 12:33:49
5.076 151.683 772.195 12:33:50
5.068 195.171 982.439 12:33:51
5.072 208.976 1060.488 12:33:53
5.068 193.976 1026.341 12:33:54
5.064 240.683 1283.415 12:33:55
5.076 161.780 1393.171 12:33:56
5.072 180.488 876.585 12:33:57
5.068 161.878 820.976 12:33:58
5.060 247.366 1315.610 12:33:59
5.064 221.073 971.220 12:34:00
5.072 161.390 819.024 12:34:01
5.072 148.683 757.073 12:34:02
5.072 250.585 840.000 12:34:03
5.064 236.488 1175.610 12:34:04
5.064 280.585 1398.537 12:34:05
5.072 161.488 1062.927 12:34:06
5.068 248.366 1228.293 12:34:07
5.072 291.976 1334.146 12:34:08
5.072 158.073 767.317 12:34:09
5.064 210.073 1024.390 12:34:10
5.076 161.585 819.024 12:34:11
5.068 161.780 823.902 12:34:12
5.072 161.683 824.878 12:34:13
5.072 168.976 822.439 12:34:14
5.060 295.463 1717.561 12:34:15
5.072 152.098 767.317 12:34:16
5.076 161.780 819.024 12:34:17
5.068 244.976 882.927 12:34:18
5.076 150.780 764.878 12:34:19
5.060 324.976 1719.024 12:34:20
5.072 152.780 1159.512 12:34:21
5.072 183.585 949.268 12:34:22
5.064 333.976 1683.415 12:34:23
5.072 186.293 969.268 12:34:24
5.068 262.366 1119.024 12:34:25
5.076 147.976 743.415 12:34:26
5.076 161.293 820.000 12:34:27
5.060 339.756 1653.659 12:34:28
5.076 148.488 1006.341 12:34:29
5.060 337.073 1420.000 12:34:30
5.076 147.390 741.463 12:34:31
5.064 161.390 815.122 12:34:32
5.048 480.659 2412.195 12:34:33
5.072 180.780 960.000 12:34:34
5.072 148.195 751.220 12:34:35
5.072 160.976 909.756 12:34:36
5.072 159.878 811.220 12:34:37
5.060 290.463 1468.293 12:34:38
5.076 147.780 754.634 12:34:39
5.072 151.683 773.659 12:34:40
5.068 161.293 819.024 12:34:41
5.076 160.390 820.000 12:34:42
5.064 364.756 1693.659 12:34:43
5.064 256.585 1237.073 12:34:44
5.064 289.878 1396.098 12:34:45
5.064 212.585 1298.049 12:34:46
5.072 147.683 753.659 12:34:47
5.068 217.976 1219.024 12:34:48
5.072 229.268 820.000 12:34:49
5.068 209.585 1448.293 12:34:50
5.072 201.390 1015.122 12:34:51
5.068 147.488 756.098 12:34:52
5.072 169.976 815.122 12:34:53
5.064 242.976 1230.732 12:34:54
5.072 147.683 748.780 12:34:55
5.064 260.585 1145.366 12:34:56
5.068 161.488 819.024 12:34:57
5.044 422.951 2019.024 12:34:58
5.072 161.585 819.024 12:34:59
5.072 146.488 740.976 12:35:00
5.076 155.293 787.805 12:35:01
5.076 147.976 749.756 12:35:02
5.072 160.293 812.683 12:35:03
5.068 172.195 815.122 12:35:04
5.064 148.195 749.756 12:35:05
5.056 368.561 1433.171 12:35:06
5.072 156.073 758.537 12:35:07
5.064 326.268 1831.707 12:35:08
5.060 245.976 1260.976 12:35:09
5.076 165.780 844.878 12:35:10
5.060 362.463 1672.683 12:35:11
5.072 199.171 999.024 12:35:12
5.072 148.293 754.634 12:35:13
5.068 218.171 1409.756 12:35:14
5.072 147.488 752.195 12:35:15
5.072 162.488 819.024 12:35:16
5.064 256.878 955.122 12:35:17
5.068 192.976 931.707 12:35:18
5.068 217.171 1031.220 12:35:19
5.076 147.098 741.463 12:35:20
5.064 162.195 818.537 12:35:21
5.072 162.195 821.463 12:35:22
5.064 219.390 1296.585 12:35:23
5.060 277.366 1409.268 12:35:24
5.072 203.073 754.634 12:35:25
5.072 241.488 1257.073 12:35:26
5.072 151.585 1176.585 12:35:27
5.068 211.878 1070.244 12:35:28
5.060 332.073 1736.585 12:35:29
5.072 216.268 1029.268 12:35:30
5.068 147.878 843.415 12:35:31
5.076 146.488 747.317 12:35:32
5.072 151.976 768.780 12:35:33
5.076 265.878 822.439 12:35:34
5.060 324.659 1707.805 12:35:35
5.072 192.780 903.902 12:35:36
5.076 225.976 911.707 12:35:37
5.072 151.683 769.756 12:35:38
5.072 160.195 873.659 12:35:39
5.068 187.878 1490.732 12:35:40
5.068 206.878 1061.951 12:35:41
5.072 213.683 1046.341 12:35:42
5.068 177.195 1359.512 12:35:43
5.076 161.780 820.976 12:35:44
5.068 162.073 821.463 12:35:45
5.064 257.073 1261.951 12:35:46
5.064 220.171 1125.366 12:35:47
5.076 147.780 754.634 12:35:48
5.072 205.390 772.683 12:35:49
5.072 160.780 1233.171 12:35:51
5.056 256.683 1311.707 12:35:52
5.076 160.390 753.659 12:35:53
5.072 148.098 746.341 12:35:54
5.060 274.878 1240.976 12:35:55
5.068 248.488 1263.415 12:35:56
5.068 190.780 997.561 12:35:57
5.072 152.098 772.195 12:35:58
5.072 152.390 770.244 12:35:59
5.072 150.878 964.878 12:36:00
5.068 243.366 1228.293 12:36:01
5.064 243.683 1609.756 12:36:02
5.068 227.390 1083.902 12:36:03
5.060 279.683 1385.854 12:36:04
5.072 150.976 759.512 12:36:05
5.072 160.780 816.098 12:36:06
5.068 244.366 1242.927 12:36:07
5.060 364.171 1899.024 12:36:08
5.076 163.585 992.683 12:36:09
5.068 234.780 962.439 12:36:10
5.072 176.195 818.537 12:36:11
5.068 208.683 991.220 12:36:12
5.052 362.171 2245.854 12:36:13
5.064 287.780 1396.098 12:36:14
5.064 197.488 1029.268 12:36:15
5.076 160.195 812.195 12:36:16
5.072 191.488 1173.171 12:36:17
5.076 147.195 745.854 12:36:18
5.076 150.878 765.854 12:36:19
5.076 178.878 820.000 12:36:20
5.072 160.293 813.659 12:36:21
5.072 216.683 1037.561 12:36:22
5.076 145.976 742.439 12:36:23
5.076 159.976 812.195 12:36:24
5.076 152.585 769.756 12:36:25
5.068 186.683 947.805 12:36:26
5.064 319.976 1616.098 12:36:27
5.072 152.195 741.463 12:36:28
5.068 342.366 1701.463 12:36:29
5.076 261.073 819.024 12:36:30
5.048 476.951 2025.854 12:36:31
5.060 324.366 1645.854 12:36:32
5.076 148.683 747.317 12:36:33
5.064 161.878 816.098 12:36:34
5.076 161.585 819.024 12:36:35
5.060 340.976 1632.683 12:36:36
5.064 244.268 1794.146 12:36:37
5.072 234.780 1193.171 12:36:38
5.072 148.878 757.561 12:36:39
5.072 161.195 815.122 12:36:40
5.060 366.268 2105.366 12:36:41
5.068 242.683 1259.512 12:36:42
5.068 212.878 1088.780 12:36:43
5.076 148.585 1033.171 12:36:44
5.064 242.976 1229.268 12:36:45
5.064 338.073 1691.220 12:36:46
5.072 148.585 750.244 12:36:47
5.072 304.366 821.463 12:36:48
5.064 243.366 1259.512 12:36:49
5.072 187.878 1352.195 12:36:50
5.048 270.171 1450.732 12:36:51
5.076 148.098 754.634 12:36:52
5.072 225.488 1099.512 12:36:53
5.060 359.659 1805.366 12:36:54
5.072 148.488 749.756 12:36:55
5.072 159.878 805.854 12:36:56
5.064 239.488 818.537 12:36:57
5.068 264.171 1184.390 12:36:58
5.060 270.463 1685.366 12:36:59
5.064 230.683 982.927 12:37:00
5.072 159.878 808.780 12:37:01
5.064 242.488 1303.415 12:37:02
5.060 162.073 821.463 12:37:03
5.072 152.293 771.220 12:37:04
5.076 152.585 775.122 12:37:05
5.076 153.683 777.073 12:37:06
5.056 331.878 1491.220 12:37:07
5.072 146.293 744.878 12:37:08
5.076 159.976 811.220 12:37:09
5.072 175.488 822.439 12:37:10
5.068 209.976 1062.927 12:37:11
5.064 326.659 1617.073 12:37:12
5.072 186.878 785.854 12:37:13
5.072 160.585 811.220 12:37:14
5.052 275.268 1245.854 12:37:15
5.068 200.293 1014.146 12:37:16
5.068 147.098 1030.244 12:37:17
5.072 152.488 775.122 12:37:18
5.068 321.561 1393.659 12:37:19
5.064 211.780 1084.390 12:37:20
5.068 192.171 878.537 12:37:21
5.076 151.195 761.463 12:37:22
5.072 178.585 819.024 12:37:23
5.068 203.585 966.829 12:37:24
5.060 251.878 1073.171 12:37:25
5.072 186.171 958.049 12:37:26
5.076 148.488 756.098 12:37:27
5.072 161.390 817.561 12:37:28
5.072 251.585 818.537 12:37:29
5.072 269.171 812.195 12:37:30
5.072 197.390 971.707 12:37:31
5.072 148.098 1006.341 12:37:32
5.064 243.366 1280.976 12:37:33
5.072 162.195 820.976 12:37:34
5.068 207.073 1405.854 12:37:35
5.064 243.683 1344.390 12:37:36
5.072 146.488 742.439 12:37:37
5.068 242.268 1229.268 12:37:38
5.076 161.073 818.537 12:37:39
5.064 215.171 1089.268 12:37:40
5.072 173.195 953.659 12:37:41
5.072 146.683 768.293 12:37:42
5.068 250.878 1342.927 12:37:43
5.072 146.195 736.098 12:37:44
5.068 219.488 1157.073 12:37:46
5.076 150.195 761.463 12:37:47
5.076 146.293 743.415 12:37:48
5.060 448.561 1773.659 12:37:49
5.068 193.878 922.927 12:37:50
5.060 380.463 2010.732 12:37:51
5.072 158.878 811.220 12:37:52
5.076 148.098 751.220 12:37:53
5.076 161.585 820.976 12:37:54
5.072 180.878 928.780 12:37:55
5.052 324.268 1888.780 12:37:56
5.072 198.780 749.756 12:37:57
5.072 161.293 749.756 12:37:58
5.072 155.488 832.195 12:37:59
5.076 159.976 807.317 12:38:00
5.060 278.268 1895.122 12:38:01
5.076 203.293 845.366 12:38:02
5.072 158.976 805.854 12:38:03
5.064 213.585 1107.805 12:38:04
5.076 147.878 747.317 12:38:05
5.064 353.268 2326.341 12:38:06
5.076 161.585 816.585 12:38:07
5.064 244.488 1232.195 12:38:08
5.068 244.585 1328.293 12:38:09
5.068 212.780 1081.951 12:38:10
5.064 342.268 1230.732 12:38:11
5.072 148.390 750.244 12:38:12
5.076 159.585 809.756 12:38:13
5.068 254.780 1712.195 12:38:14
5.068 273.683 1270.732 12:38:15
5.064 249.366 1407.317 12:38:16
5.076 146.488 746.341 12:38:17
5.068 213.171 841.463 12:38:18
5.064 297.878 2332.195 12:38:19
5.060 347.756 2394.634 12:38:20
5.072 177.488 1035.122 12:38:21
5.072 161.585 818.537 12:38:22
5.072 262.683 820.000 12:38:23
5.052 388.366 1762.927 12:38:24
5.060 296.073 1801.463 12:38:25
5.076 195.073 788.780 12:38:26
5.072 159.878 809.756 12:38:27
5.072 161.585 812.683 12:38:28
5.072 161.878 822.439 12:38:29
5.068 248.585 1364.390 12:38:30
5.072 152.976 780.000 12:38:31
5.072 159.195 803.415 12:38:32
5.064 249.366 816.585 12:38:33
5.076 150.390 765.854 12:38:34
5.056 474.854 2094.634 12:38:35
5.068 246.780 1278.049 12:38:36
5.068 164.293 1176.585 12:38:37
5.064 214.683 1079.024 12:38:38
5.076 162.195 823.415 12:38:39
5.060 319.268 1683.902 12:38:40
5.072 211.976 979.024 12:38:41
5.068 304.878 1440.000 12:38:42
5.052 222.390 1154.146 12:38:43
5.068 161.878 820.976 12:38:44
5.072 174.293 822.439 12:38:45
5.060 250.073 1954.146 12:38:46
5.060 315.171 2068.293 12:38:47
5.072 161.390 821.463 12:38:48
5.076 146.878 743.415 12:38:49
5.072 159.293 807.317 12:38:50
5.068 266.366 1289.756 12:38:51
5.072 213.780 1077.561 12:38:52
5.068 213.488 1085.366 12:38:53
5.068 242.683 1244.390 12:38:54
5.068 243.878 1227.805 12:38:55
5.072 161.585 896.585 12:38:56
5.076 150.488 760.000 12:38:57
5.052 334.976 1612.195 12:38:58
5.068 240.073 772.683 12:38:59
5.068 205.268 820.976 12:39:00
5.060 256.683 1255.610 12:39:01
5.076 161.195 903.902 12:39:02
5.068 208.683 1053.171 12:39:03
5.076 152.488 858.537 12:39:04
5.056 255.585 1255.610 12:39:05
5.056 334.268 1654.634 12:39:06
5.072 147.878 752.195 12:39:07
5.068 161.780 824.878 12:39:08
5.076 147.976 753.659 12:39:09
5.072 160.878 820.976 12:39:10
5.076 159.976 812.195 12:39:11
5.068 217.976 1302.927 12:39:12
5.076 162.488 825.366 12:39:13
5.072 255.488 1491.220 12:39:14
5.052 356.171 1628.780 12:39:15
5.068 171.390 1285.854 12:39:16
5.072 161.780 819.024 12:39:17
5.072 162.976 826.341 12:39:18
5.072 148.780 751.220 12:39:19
5.060 280.073 1364.390 12:39:20
5.072 230.171 1285.366 12:39:21
5.064 263.073 1080.488 12:39:22
5.072 164.488 836.098 12:39:23
5.076 149.098 800.000 12:39:24
5.052 447.268 2272.195 12:39:25
5.076 160.390 812.683 12:39:26
5.068 210.073 984.878 12:39:27
5.064 250.585 1269.756 12:39:28
5.076 146.585 748.780 12:39:29
5.072 232.268 1178.049 12:39:30
5.072 152.390 769.756 12:39:31
5.064 275.976 1867.805 12:39:32
5.072 249.488 816.585 12:39:33
5.068 203.073 1034.146 12:39:34
5.068 357.073 1596.098 12:39:35
5.072 148.683 803.415 12:39:36
5.056 337.366 1837.561 12:39:37
5.060 202.878 980.000 12:39:38
5.068 244.683 1240.976 12:39:39
5.060 332.561 865.366 12:39:40
5.076 146.390 743.415 12:39:41
5.072 161.683 820.976 12:39:43
5.072 161.683 1055.610 12:39:44
5.064 315.073 1453.171 12:39:45
5.068 325.780 1265.854 12:39:46
5.076 148.780 748.780 12:39:47
5.068 191.293 986.341 12:39:48
5.072 146.878 743.902 12:39:49
5.064 268.780 1401.951 12:39:50
5.072 161.780 820.976 12:39:51
5.076 163.390 752.683 12:39:52
5.068 287.683 1182.927 12:39:53
5.072 152.488 774.634 12:39:54
5.072 202.171 896.098 12:39:55
5.072 161.976 1132.683 12:39:56
5.068 212.171 1018.049 12:39:57
5.072 184.488 958.049 12:39:58
5.072 164.390 752.683 12:39:59
5.072 164.073 772.195 12:40:00
5.052 413.171 1515.122 12:40:01
5.064 216.976 977.561 12:40:02
5.068 249.488 1468.293 12:40:03
5.072 151.780 774.634 12:40:04
5.076 147.683 754.634 12:40:05
5.056 305.976 1316.098 12:40:06
5.068 193.976 821.463 12:40:07
5.060 241.878 1233.171 12:40:08
5.060 466.756 1433.659 12:40:09
5.072 146.878 743.902 12:40:10
5.060 279.878 1233.171 12:40:11
5.072 145.976 748.780 12:40:12
5.064 243.683 1234.634 12:40:13
5.060 279.976 1260.976 12:40:14
5.072 184.073 957.561 12:40:15
5.064 283.073 1332.195 12:40:16
5.068 206.073 1166.829 12:40:17
5.072 239.780 942.927 12:40:18
5.068 151.878 769.756 12:40:19
5.072 161.683 822.439 12:40:20
5.072 203.171 1038.049 12:40:21
5.068 179.073 940.488 12:40:22
5.076 194.390 818.537 12:40:23
5.072 159.976 807.317 12:40:24
5.056 454.366 2367.317 12:40:25
5.060 325.463 1630.244 12:40:26
5.068 147.780 1059.024 12:40:27
5.072 169.683 920.488 12:40:28
5.072 169.780 820.976 12:40:29
5.060 333.756 1691.220 12:40:30
5.072 189.976 1327.317 12:40:31
5.064 242.683 1156.585 12:40:32
5.072 151.976 952.683 12:40:33
5.068 245.073 1239.024 12:40:34
5.064 341.659 1191.707 12:40:35
5.072 148.780 755.122 12:40:36
5.068 245.878 1223.415 12:40:37
5.072 289.561 820.000 12:40:38
5.072 159.195 810.244 12:40:39
5.064 213.585 1095.610 12:40:40
5.072 199.780 751.220 12:40:41
5.072 161.585 820.000 12:40:42
5.076 158.780 807.317 12:40:43
5.072 159.585 811.220 12:40:44
5.068 241.366 1225.854 12:40:45
5.072 145.390 743.415 12:40:46
5.072 152.098 773.659 12:40:47
5.072 159.780 809.756 12:40:48
5.068 248.268 1269.268 12:40:49
5.072 147.585 751.220 12:40:50
5.072 147.683 748.293 12:40:51
5.076 149.780 763.902 12:40:52
5.064 147.683 748.780 12:40:53
5.072 145.976 740.000 12:40:54
5.072 160.878 816.585 12:40:55
5.072 146.683 739.512 12:40:56
5.072 146.780 741.463 12:40:57
5.072 145.585 740.000 12:40:58
5.076 158.976 802.439 12:40:59
5.076 147.683 747.317 12:41:00
5.076 147.878 757.561 12:41:01
5.076 145.585 740.000 12:41:02
5.076 145.390 743.415 12:41:03
5.076 158.390 808.780 12:41:04
5.068 154.878 830.244 12:41:05
5.076 145.098 739.512 12:41:06
