5.064 325.988 1649.512 01:21:09
5.076 157.695 800.488 01:21:10
5.076 144.793 732.927 01:21:11
5.068 217.890 997.073 01:21:12
5.076 144.890 730.488 01:21:13
5.076 142.793 731.220 01:21:14
5.076 144.390 735.366 01:21:15
5.080 144.293 725.610 01:21:16
5.076 146.890 748.537 01:21:17
5.076 142.793 730.976 01:21:18
5.072 208.695 1040.244 01:21:19
5.080 142.598 730.976 01:21:20
5.076 143.000 728.537 01:21:21
5.076 144.890 736.585 01:21:22
5.076 142.695 730.000 01:21:23
5.076 144.598 738.049 01:21:24
5.076 144.793 737.805 01:21:25
5.072 180.293 927.561 01:21:26
5.076 142.793 724.878 01:21:27
5.076 143.695 729.268 01:21:28
5.076 142.793 726.829 01:21:29
5.076 145.098 731.220 01:21:30
5.076 143.695 728.780 01:21:31
5.076 142.890 730.488 01:21:32
5.068 248.488 864.390 01:21:33
5.076 205.098 874.878 01:21:34
5.076 173.195 1007.805 01:21:35
5.068 144.500 734.146 01:21:36
5.080 143.695 726.585 01:21:37
5.080 142.793 726.829 01:21:38
5.080 143.195 730.976 01:21:39
5.076 149.000 758.537 01:21:40
5.080 142.695 726.829 01:21:41
5.076 143.500 728.537 01:21:42
5.076 146.000 733.415 01:21:43
5.076 142.695 725.366 01:21:44
5.076 204.695 734.146 01:21:45
5.080 143.500 727.805 01:21:46
5.076 147.390 745.366 01:21:47
5.076 143.793 724.878 01:21:48
5.076 143.000 726.585 01:21:49
5.080 143.000 727.805 01:21:50
5.076 143.098 725.366 01:21:51
5.076 145.195 734.878 01:21:53
5.072 198.988 1008.293 01:21:54
5.076 143.195 730.976 01:21:55
5.076 143.695 728.537 01:21:56
5.076 143.500 727.317 01:21:57
5.076 142.890 736.098 01:21:58
5.076 142.793 724.878 01:21:59
5.076 156.598 794.146 01:22:00
5.076 142.500 722.927 01:22:01
5.076 142.793 725.610 01:22:02
5.076 143.695 728.537 01:22:03
5.076 142.195 724.390 01:22:04
5.076 145.000 968.780 01:22:05
5.076 142.793 724.878 01:22:06
5.072 146.598 744.390 01:22:07
5.076 142.293 723.415 01:22:08
5.076 142.890 725.366 01:22:09
5.076 199.695 724.390 01:22:10
5.064 203.098 740.000 01:22:11
5.076 146.793 748.780 01:22:12
5.076 145.598 741.707 01:22:13
5.076 215.695 947.561 01:22:14
5.072 162.695 730.000 01:22:15
5.076 145.000 730.000 01:22:16
5.076 144.598 725.366 01:22:17
5.076 143.500 727.317 01:22:18
5.076 147.695 744.390 01:22:19
5.076 142.890 734.146 01:22:20
5.076 142.195 728.537 01:22:21
5.076 142.598 743.659 01:22:22
5.076 142.598 726.585 01:22:23
5.076 143.890 731.220 01:22:24
5.076 143.000 728.537 01:22:25
5.076 143.195 724.390 01:22:26
5.076 142.890 727.805 01:22:27
5.076 148.793 762.927 01:22:28
5.072 144.598 736.098 01:22:29
5.076 143.695 727.317 01:22:30
5.076 145.098 805.122 01:22:31
5.080 143.000 729.268 01:22:32
5.076 143.000 726.585 01:22:33
5.076 142.793 725.366 01:22:34
5.068 206.988 1054.878 01:22:35
5.076 142.695 724.878 01:22:36
5.076 142.890 725.366 01:22:37
5.076 144.695 734.878 01:22:38
5.076 142.695 724.878 01:22:39
5.076 147.500 749.756 01:22:40
5.076 142.695 725.366 01:22:41
5.072 209.488 1042.683 01:22:42
5.076 143.793 728.537 01:22:43
5.076 143.598 724.878 01:22:44
5.076 142.890 725.610 01:22:45
5.076 142.890 725.366 01:22:46
5.076 144.695 733.415 01:22:47
5.076 145.293 732.927 01:22:48
5.076 178.390 1244.878 01:22:49
5.072 144.500 829.268 01:22:50
5.080 142.890 726.829 01:22:51
5.072 201.695 1005.854 01:22:52
5.076 145.293 734.146 01:22:53
5.072 143.598 730.000 01:22:54
5.076 144.098 737.805 01:22:55
5.076 143.000 730.488 01:22:56
5.076 149.195 757.561 01:22:57
5.076 145.098 729.268 01:22:58
5.076 142.890 725.366 01:22:59
5.072 144.500 733.415 01:23:00
5.080 145.695 727.317 01:23:01
5.076 143.695 734.878 01:23:02
5.072 143.098 730.000 01:23:03
5.076 150.000 761.220 01:23:04
5.076 143.098 723.415 01:23:05
5.076 143.695 728.537 01:23:06
5.076 146.598 736.585 01:23:07
5.076 143.500 729.268 01:23:08
5.080 146.793 743.659 01:23:09
5.076 142.793 725.610 01:23:10
5.076 187.488 733.415 01:23:11
5.076 158.098 798.780 01:23:12
5.076 143.293 723.415 01:23:13
5.076 145.890 742.439 01:23:14
5.076 144.598 726.829 01:23:15
5.076 150.000 759.268 01:23:16
5.072 144.195 757.561 01:23:17
5.076 142.890 725.366 01:23:18
5.076 143.890 725.610 01:23:19
5.076 142.890 730.488 01:23:20
5.076 143.598 730.976 01:23:21
5.080 144.098 726.585 01:23:22
5.072 213.390 1089.024 01:23:23
5.076 156.390 736.829 01:23:24
5.076 143.390 725.366 01:23:25
5.076 143.500 731.220 01:23:26
5.076 142.890 730.000 01:23:27
5.076 144.793 738.780 01:23:28
5.072 144.195 743.171 01:23:29
5.068 170.598 937.073 01:23:30
5.076 143.000 726.829 01:23:31
5.076 142.890 726.585 01:23:32
5.076 144.000 728.780 01:23:33
5.076 143.793 732.195 01:23:34
5.076 146.793 750.000 01:23:35
5.076 143.598 729.268 01:23:36
5.076 143.000 730.000 01:23:37
5.076 143.598 726.829 01:23:38
5.076 143.695 729.268 01:23:39
5.076 157.890 728.537 01:23:40
5.076 144.390 726.829 01:23:41
5.072 346.085 1889.756 01:23:42
5.076 142.500 722.195 01:23:43
5.080 142.793 725.610 01:23:44
5.076 143.293 729.268 01:23:45
5.076 144.500 730.000 01:23:47
5.076 142.890 725.610 01:23:48
5.076 143.598 726.585 01:23:49
5.076 144.500 734.390 01:23:50
5.080 143.000 727.317 01:23:51
5.076 142.890 726.585 01:23:52
5.076 143.793 730.488 01:23:53
5.076 144.793 739.756 01:23:54
5.072 192.293 1285.122 01:23:55
5.076 144.695 736.585 01:23:56
5.076 142.793 725.610 01:23:57
5.076 143.000 725.610 01:23:58
5.076 143.793 725.610 01:23:59
5.076 147.390 749.268 01:24:00
5.076 143.000 726.585 01:24:01
5.080 142.890 725.366 01:24:02
5.076 144.695 736.829 01:24:03
5.076 142.500 722.195 01:24:04
5.076 143.293 722.927 01:24:05
5.076 142.890 727.317 01:24:06
5.080 193.890 736.829 01:24:07
5.076 147.695 744.390 01:24:08
5.076 156.695 794.390 01:24:09
5.076 157.390 868.049 01:24:10
5.076 146.390 733.415 01:24:11
5.076 157.390 805.610 01:24:12
5.072 144.000 738.049 01:24:13
5.076 144.695 734.878 01:24:14
5.076 153.195 730.000 01:24:15
5.076 199.195 973.171 01:24:16
5.076 144.000 726.585 01:24:17
5.076 143.695 729.268 01:24:18
5.076 143.598 727.317 01:24:19
5.076 150.695 725.366 01:24:20
5.076 147.098 778.049 01:24:21
5.072 143.390 726.585 01:24:22
5.076 143.695 728.537 01:24:23
5.076 158.098 809.268 01:24:24
5.080 142.793 724.878 01:24:25
5.072 146.195 735.366 01:24:26
5.080 143.195 726.585 01:24:27
5.076 154.598 783.171 01:24:28
5.076 143.500 730.488 01:24:29
5.076 142.890 725.366 01:24:30
5.076 144.598 736.829 01:24:31
5.076 143.598 729.268 01:24:32
5.076 147.890 746.098 01:24:33
5.076 144.195 725.366 01:24:34
5.068 196.488 1216.829 01:24:35
5.076 143.000 726.829 01:24:36
5.076 142.890 725.610 01:24:37
5.080 144.293 735.366 01:24:38
5.076 143.793 730.000 01:24:39
5.076 146.695 748.780 01:24:40
5.076 143.793 727.805 01:24:41
5.076 143.695 728.780 01:24:42
5.076 143.195 724.390 01:24:43
5.076 143.000 725.610 01:24:44
5.072 145.500 734.390 01:24:45
5.076 142.293 726.585 01:24:46
5.076 149.390 760.488 01:24:47
5.076 207.488 744.146 01:24:48
5.076 144.293 729.268 01:24:49
5.076 143.098 726.585 01:24:50
5.076 143.098 726.829 01:24:51
5.072 150.500 758.780 01:24:52
5.076 143.000 727.317 01:24:53
5.076 143.098 726.585 01:24:54
5.076 143.695 725.610 01:24:55
5.076 143.793 730.000 01:24:56
5.064 220.695 1122.439 01:24:57
5.076 142.390 722.927 01:24:58
5.080 148.098 727.317 01:24:59
5.076 144.695 757.317 01:25:00
5.072 143.500 727.805 01:25:01
5.076 148.390 835.122 01:25:02
5.076 143.293 725.610 01:25:03
5.076 173.793 898.293 01:25:04
5.076 144.195 734.146 01:25:05
5.076 143.695 725.366 01:25:06
5.076 147.695 746.098 01:25:07
5.076 144.598 733.415 01:25:08
5.080 143.793 728.537 01:25:09
5.076 143.098 726.585 01:25:10
5.076 145.500 1044.878 01:25:11
5.076 157.598 796.098 01:25:12
5.076 143.890 725.610 01:25:13
5.056 390.390 1107.805 01:25:14
5.076 143.793 730.000 01:25:15
5.076 142.390 730.488 01:25:16
5.076 142.793 726.829 01:25:17
5.076 143.293 735.366 01:25:18
5.076 144.598 732.927 01:25:19
5.080 144.000 732.195 01:25:20
5.076 143.000 726.829 01:25:21
5.076 143.195 731.220 01:25:22
5.072 196.195 980.244 01:25:23
5.076 143.000 726.585 01:25:24
5.080 142.598 725.366 01:25:25
5.076 154.598 734.878 01:25:26
5.076 143.195 726.829 01:25:27
5.076 176.695 738.049 01:25:28
5.076 212.390 986.585 01:25:29
5.076 172.695 831.220 01:25:30
5.080 144.000 730.488 01:25:31
5.076 143.098 725.366 01:25:32
5.076 145.500 742.439 01:25:33
5.076 142.890 725.366 01:25:34
5.076 176.695 758.537 01:25:35
5.072 144.390 738.780 01:25:36
5.076 144.500 731.220 01:25:37
5.076 145.695 744.146 01:25:38
5.080 144.793 724.390 01:25:39
5.076 147.695 744.146 01:25:41
5.076 144.195 730.976 01:25:42
5.072 205.195 1036.585 01:25:43
5.076 143.195 727.317 01:25:44
5.072 144.000 734.878 01:25:45
5.076 178.695 1050.976 01:25:46
5.076 146.890 738.537 01:25:47
5.076 143.390 774.146 01:25:48
5.076 143.793 770.000 01:25:49
5.076 145.000 740.000 01:25:50
5.076 146.195 738.537 01:25:51
5.076 143.293 728.780 01:25:52
5.072 144.793 738.780 01:25:53
5.076 143.195 726.829 01:25:54
5.076 143.793 730.488 01:25:55
5.076 143.293 725.610 01:25:56
5.076 143.390 726.829 01:25:57
5.076 156.695 841.707 01:25:58
5.076 143.695 725.610 01:25:59
5.076 142.890 730.976 01:26:00
5.076 146.793 745.610 01:26:01
5.072 204.598 1033.902 01:26:02
5.076 145.000 726.585 01:26:03
5.076 143.695 725.610 01:26:04
5.072 144.695 736.829 01:26:05
5.076 142.890 726.585 01:26:06
5.076 143.293 727.805 01:26:07
5.076 144.000 730.976 01:26:08
5.076 143.000 728.537 01:26:09
5.076 145.390 738.537 01:26:10
5.080 146.098 734.878 01:26:11
5.076 156.500 798.537 01:26:12
5.076 144.793 730.976 01:26:13
5.072 211.195 1064.146 01:26:14
5.076 208.988 739.756 01:26:15
5.076 143.598 726.829 01:26:16
5.076 142.890 726.585 01:26:17
5.076 143.098 725.366 01:26:18
5.068 162.000 735.366 01:26:19
5.072 161.890 772.439 01:26:20
5.068 144.695 1100.976 01:26:21
5.076 143.695 728.780 01:26:22
5.072 143.098 725.610 01:26:23
5.076 142.890 730.000 01:26:24
5.076 144.598 729.268 01:26:25
5.076 155.598 795.122 01:26:26
5.076 144.390 730.976 01:26:27
5.076 142.890 722.195 01:26:28
5.076 143.000 726.585 01:26:29
5.076 145.098 730.000 01:26:30
5.076 148.695 749.756 01:26:31
5.076 148.390 756.585 01:26:32
5.072 205.488 1043.415 01:26:33
5.080 144.598 740.000 01:26:34
5.076 142.890 725.610 01:26:35
5.076 144.000 730.976 01:26:36
5.076 143.500 732.927 01:26:37
5.076 143.293 847.073 01:26:38
5.076 144.098 734.878 01:26:39
5.076 177.195 742.195 01:26:40
5.076 144.598 734.390 01:26:41
5.076 146.195 738.049 01:26:42
5.076 143.000 731.707 01:26:43
5.076 142.890 725.610 01:26:44
5.076 175.390 758.537 01:26:45
5.076 144.293 730.488 01:26:46
5.076 145.500 742.195 01:26:47
5.076 143.293 726.829 01:26:48
5.076 143.695 727.805 01:26:49
5.072 197.195 1154.878 01:26:50
5.072 144.695 734.146 01:26:51
5.076 142.793 730.488 01:26:52
5.076 143.195 979.512 01:26:53
5.076 142.793 723.415 01:26:54
5.072 286.488 1168.780 01:26:55
5.076 145.598 742.439 01:26:56
5.076 143.793 724.878 01:26:57
5.076 143.098 726.829 01:26:58
5.076 142.890 734.390 01:26:59
5.080 150.000 763.171 01:27:00
5.076 142.500 727.317 01:27:01
5.080 143.390 729.268 01:27:02
5.076 146.695 736.098 01:27:03
5.076 143.695 726.829 01:27:04
5.076 148.695 756.098 01:27:05
5.076 177.695 943.415 01:27:06
5.068 145.890 878.780 01:27:07
5.076 142.500 722.927 01:27:08
5.076 143.793 727.805 01:27:09
5.076 145.695 745.366 01:27:10
5.068 191.695 986.585 01:27:11
5.076 143.793 726.585 01:27:12
5.080 144.293 732.927 01:27:13
5.072 144.195 725.366 01:27:14
5.080 145.890 756.829 01:27:15
5.080 144.195 727.805 01:27:16
5.076 182.488 927.561 01:27:17
5.076 144.500 734.878 01:27:18
5.076 143.293 730.488 01:27:19
5.080 144.793 738.780 01:27:20
5.076 142.500 734.878 01:27:21
5.072 215.195 1965.366 01:27:22
5.076 153.500 739.756 01:27:23
5.076 142.695 732.195 01:27:24
5.076 144.793 727.317 01:27:25
5.076 143.098 726.585 01:27:26
5.072 194.793 1020.976 01:27:27
5.076 143.000 726.585 01:27:28
5.076 143.793 729.268 01:27:29
5.072 143.195 725.610 01:27:30
5.072 142.890 726.585 01:27:31
5.076 147.390 749.756 01:27:32
5.076 143.890 729.268 01:27:34
5.072 209.488 1041.463 01:27:35
5.076 143.098 729.268 01:27:36
5.076 143.390 724.878 01:27:37
5.076 143.098 722.927 01:27:38
5.076 143.890 730.000 01:27:39
5.072 200.988 1041.463 01:27:40
5.076 152.293 731.220 01:27:41
5.076 142.390 775.610 01:27:42
5.076 142.390 725.366 01:27:43
5.076 143.500 971.951 01:27:44
5.076 147.000 797.317 01:27:45
5.076 142.390 736.585 01:27:46
5.076 215.695 1172.439 01:27:47
5.076 143.890 730.976 01:27:48
5.076 142.500 724.146 01:27:49
5.072 199.098 734.878 01:27:50
5.076 142.293 723.415 01:27:51
5.076 156.195 787.561 01:27:52
5.076 149.390 726.585 01:27:53
5.076 143.098 730.488 01:27:54
5.076 146.890 749.268 01:27:55
5.076 143.890 725.610 01:27:56
5.072 174.195 900.244 01:27:57
5.080 142.390 730.976 01:27:58
5.076 143.695 730.976 01:27:59
5.076 145.793 734.390 01:28:00
5.076 143.195 726.585 01:28:01
5.072 197.598 998.293 01:28:02
5.072 182.598 965.122 01:28:03
5.072 144.000 730.000 01:28:04
5.080 144.098 730.000 01:28:05
5.076 143.000 727.317 01:28:06
5.076 145.098 734.390 01:28:07
5.080 144.000 729.268 01:28:08
5.076 150.500 763.171 01:28:09
5.076 194.890 734.146 01:28:10
5.076 143.195 726.585 01:28:11
5.076 148.293 745.610 01:28:12
5.076 144.293 735.366 01:28:13
5.076 150.695 758.780 01:28:14
5.072 145.390 738.780 01:28:15
5.080 144.390 731.220 01:28:16
5.076 143.000 732.195 01:28:17
5.080 143.793 730.976 01:28:18
5.076 148.000 726.829 01:28:19
5.072 153.000 731.220 01:28:20
5.072 204.988 1249.512 01:28:21
5.076 144.695 738.049 01:28:22
5.072 143.098 727.317 01:28:23
5.076 143.195 725.610 01:28:24
5.076 145.195 747.317 01:28:25
5.076 143.390 734.390 01:28:26
5.076 166.195 730.488 01:28:27
5.076 144.793 738.537 01:28:28
5.076 143.000 726.585 01:28:29
5.076 143.195 722.927 01:28:30
5.076 144.695 735.366 01:28:31
5.076 143.695 730.976 01:28:32
5.076 170.988 726.829 01:28:33
5.076 142.500 727.317 01:28:34
5.076 144.390 723.659 01:28:35
5.076 143.098 726.829 01:28:36
5.072 142.890 726.829 01:28:37
5.076 144.695 739.756 01:28:38
5.076 144.500 729.268 01:28:39
5.072 148.390 750.976 01:28:40
5.076 144.695 736.829 01:28:41
5.076 144.695 730.976 01:28:42
5.076 144.390 724.390 01:28:43
5.076 142.390 723.415 01:28:44
5.080 144.195 730.488 01:28:45
5.080 143.195 723.659 01:28:46
5.072 214.598 1182.439 01:28:47
5.076 144.695 738.537 01:28:48
5.076 143.195 730.976 01:28:49
5.072 144.000 742.195 01:28:50
5.076 143.793 725.366 01:28:51
5.072 229.695 1096.585 01:28:52
5.076 143.195 728.537 01:28:53
5.076 144.000 726.585 01:28:54
5.076 156.098 794.146 01:28:55
5.076 143.793 732.439 01:28:56
5.068 204.598 1180.976 01:28:57
5.076 143.098 727.317 01:28:58
5.076 145.695 743.659 01:28:59
5.076 150.890 730.000 01:29:00
5.076 143.195 749.268 01:29:01
5.076 144.000 730.976 01:29:02
5.072 143.500 728.780 01:29:03
5.072 159.890 736.098 01:29:04
5.076 145.293 735.366 01:29:05
5.072 180.488 890.000 01:29:06
5.076 145.793 732.927 01:29:07
5.076 143.293 727.317 01:29:08
5.076 143.195 727.805 01:29:09
5.076 144.000 728.780 01:29:10
5.056 205.390 1069.756 01:29:11
5.076 143.195 726.829 01:29:12
5.076 144.000 725.610 01:29:13
5.072 150.000 736.829 01:29:14
5.076 145.390 745.366 01:29:15
5.076 159.293 743.171 01:29:16
5.076 194.793 978.293 01:29:17
5.076 176.390 743.659 01:29:18
5.076 143.500 732.927 01:29:19
5.076 143.000 729.268 01:29:20
5.076 144.890 739.756 01:29:21
5.076 143.793 729.756 01:29:22
5.076 147.098 744.390 01:29:23
5.072 144.695 727.317 01:29:24
5.076 143.195 725.610 01:29:25
5.076 144.195 780.000 01:29:26
5.076 143.098 726.829 01:29:28
5.076 147.390 750.000 01:29:29
5.076 144.000 726.829 01:29:30
5.076 150.293 762.439 01:29:31
5.076 144.000 730.976 01:29:32
5.076 143.098 728.537 01:29:33
5.076 144.793 739.756 01:29:34
5.076 143.793 726.585 01:29:35
5.076 220.793 757.561 01:29:36
5.076 144.195 733.415 01:29:37
5.072 203.793 1013.902 01:29:38
5.076 143.890 725.610 01:29:39
5.076 144.890 726.829 01:29:40
5.076 143.500 728.780 01:29:41
5.076 142.890 733.415 01:29:42
5.076 148.390 745.366 01:29:43
5.072 143.195 727.317 01:29:44
5.076 144.890 736.829 01:29:45
5.076 144.695 734.146 01:29:46
5.076 182.098 1023.902 01:29:47
5.076 144.598 734.390 01:29:48
5.076 143.000 736.098 01:29:49
5.076 157.390 802.927 01:29:50
5.076 143.793 725.366 01:29:51
5.076 143.000 728.780 01:29:52
5.072 144.890 736.829 01:29:53
5.076 143.293 729.268 01:29:54
5.068 204.988 1040.244 01:29:55
5.076 145.195 733.415 01:29:56
5.076 142.293 725.610 01:29:57
5.076 143.098 725.366 01:29:58
5.076 142.793 721.707 01:29:59
5.076 145.195 733.415 01:30:00
5.076 143.000 726.585 01:30:01
5.072 147.098 748.049 01:30:02
5.076 143.890 728.780 01:30:03
5.072 194.390 1037.073 01:30:04
5.076 143.195 730.976 01:30:05
5.076 143.098 725.366 01:30:06
5.076 143.098 726.829 01:30:07
5.076 143.293 746.585 01:30:08
5.076 195.488 987.561 01:30:09
5.072 179.293 918.293 01:30:10
5.076 252.390 738.780 01:30:11
5.076 172.195 999.024 01:30:12
5.076 144.793 732.439 01:30:13
5.076 143.293 727.317 01:30:14
5.076 147.195 732.195 01:30:15
5.072 204.793 1039.024 01:30:16
5.076 145.500 738.049 01:30:17
5.076 146.000 748.049 01:30:18
5.072 143.098 733.659 01:30:19
5.076 143.098 725.610 01:30:20
5.076 145.598 734.390 01:30:21
5.076 143.098 725.366 01:30:22
5.076 143.890 730.000 01:30:23
5.072 226.390 969.756 01:30:24
5.076 143.098 731.220 01:30:25
5.076 144.000 724.878 01:30:26
5.076 143.000 726.829 01:30:27
5.080 174.390 738.780 01:30:28
5.076 144.890 736.585 01:30:29
5.076 150.293 759.268 01:30:30
5.072 143.500 730.976 01:30:31
5.076 143.098 726.829 01:30:32
5.072 199.793 736.098 01:30:33
5.076 145.293 726.829 01:30:34
5.080 144.000 726.829 01:30:35
5.076 143.390 730.488 01:30:36
5.072 205.098 1037.073 01:30:37
5.076 145.598 734.878 01:30:38
5.076 143.890 727.317 01:30:39
5.076 158.000 800.732 01:30:40
5.076 145.598 741.707 01:30:41
5.076 147.598 746.098 01:30:42
5.076 144.098 732.927 01:30:43
5.072 195.793 1059.024 01:30:44
5.072 144.598 735.610 01:30:45
5.076 143.695 726.829 01:30:46
5.076 142.695 724.390 01:30:47
5.080 142.500 727.805 01:30:48
5.076 143.098 724.146 01:30:49
5.076 143.098 726.829 01:30:50
5.072 150.000 762.927 01:30:51
5.076 146.000 747.561 01:30:52
5.076 143.793 726.585 01:30:53
5.076 148.695 753.659 01:30:54
5.076 143.890 726.585 01:30:55
5.068 214.293 1087.073 01:30:56
5.076 144.890 736.585 01:30:57
5.076 142.793 727.805 01:30:58
5.076 152.890 726.829 01:30:59
5.076 144.098 770.000 01:31:00
5.076 147.598 745.366 01:31:01
5.076 143.195 725.610 01:31:02
5.072 191.988 983.415 01:31:03
5.076 143.390 724.390 01:31:04
5.072 142.390 764.390 01:31:05
5.072 145.098 735.366 01:31:06
5.072 143.390 730.000 01:31:07
5.072 197.695 1008.537 01:31:08
5.072 178.195 945.610 01:31:09
5.076 142.890 725.610 01:31:10
5.076 145.195 734.146 01:31:11
5.076 144.000 727.317 01:31:12
5.076 144.098 734.878 01:31:13
5.072 148.695 749.756 01:31:14
5.068 215.695 1097.317 01:31:15
5.080 145.793 734.390 01:31:16
5.076 143.293 730.976 01:31:17
5.076 144.793 736.585 01:31:18
5.076 143.098 730.976 01:31:19
5.076 157.598 798.537 01:31:21
5.080 143.293 723.659 01:31:22
5.072 271.085 1140.000 01:31:23
5.080 143.195 724.390 01:31:24
5.076 143.098 725.610 01:31:25
5.076 143.793 732.439 01:31:26
5.072 143.000 726.585 01:31:27
5.076 144.793 731.220 01:31:28
5.072 144.695 737.805 01:31:29
5.076 208.488 1099.756 01:31:30
5.076 199.695 738.780 01:31:31
5.076 143.195 732.439 01:31:32
5.076 143.293 729.268 01:31:33
5.076 143.098 723.659 01:31:34
5.076 146.098 748.049 01:31:35
5.080 144.000 730.488 01:31:36
5.076 143.793 729.268 01:31:37
5.076 146.098 738.049 01:31:38
5.076 143.195 729.268 01:31:39
5.076 152.695 726.098 01:31:40
5.076 143.890 758.537 01:31:41
5.076 150.000 764.390 01:31:42
5.076 143.793 730.488 01:31:43
5.076 144.195 729.268 01:31:44
5.072 143.098 725.610 01:31:45
5.076 148.098 726.829 01:31:46
5.072 145.000 736.829 01:31:47
5.076 143.500 727.805 01:31:48
5.068 219.293 1104.634 01:31:49
5.076 143.000 730.976 01:31:50
5.080 144.195 725.610 01:31:51
5.076 144.890 740.000 01:31:52
5.076 143.890 725.610 01:31:53
5.076 143.890 728.780 01:31:54
5.076 143.293 727.317 01:31:55
5.076 143.500 976.341 01:31:56
5.072 220.793 758.537 01:31:57
5.076 144.293 730.488 01:31:58
5.072 206.598 1058.537 01:31:59
5.076 143.890 725.366 01:32:00
5.076 144.000 732.195 01:32:01
5.076 143.195 726.829 01:32:02
5.076 143.793 727.317 01:32:03
5.072 198.890 995.122 01:32:04
5.076 185.098 961.951 01:32:05
5.072 143.293 1005.854 01:32:06
5.076 143.293 727.317 01:32:07
5.076 143.195 726.098 01:32:08
5.076 143.195 731.220 01:32:09
5.076 143.695 726.829 01:32:10
5.068 369.293 1015.854 01:32:11
5.076 145.195 728.780 01:32:12
5.076 144.598 728.780 01:32:13
5.076 145.598 743.659 01:32:14
5.076 143.793 721.220 01:32:15
5.076 148.390 742.439 01:32:16
5.076 143.793 733.415 01:32:17
5.080 150.598 727.805 01:32:18
5.076 156.598 860.488 01:32:19
5.076 143.793 730.488 01:32:20
5.076 148.598 756.585 01:32:21
5.076 142.500 726.585 01:32:22
5.068 216.598 1055.854 01:32:23
5.076 144.500 780.000 01:32:24
5.076 143.098 726.585 01:32:25
5.076 143.000 726.585 01:32:26
5.076 143.000 741.707 01:32:27
5.072 148.500 757.317 01:32:28
5.076 144.195 739.756 01:32:29
5.072 191.793 960.244 01:32:30
5.076 147.195 739.756 01:32:31
5.076 143.098 726.829 01:32:32
5.076 144.793 738.537 01:32:33
5.076 144.098 729.268 01:32:34
5.076 151.890 774.878 01:32:35
5.076 146.695 749.268 01:32:36
5.076 143.195 727.805 01:32:37
5.076 143.695 730.976 01:32:38
5.076 143.793 728.780 01:32:39
5.076 153.098 730.976 01:32:40
5.072 143.098 731.220 01:32:41
5.068 205.098 1070.488 01:32:42
5.076 142.695 723.415 01:32:43
5.076 143.195 726.829 01:32:44
5.076 144.500 734.390 01:32:45
5.076 144.890 734.146 01:32:46
5.072 196.695 1001.951 01:32:47
5.068 185.695 1023.902 01:32:48
5.076 142.890 726.829 01:32:49
5.080 143.195 723.659 01:32:50
5.072 143.890 728.780 01:32:51
5.076 147.598 749.756 01:32:52
5.076 143.293 725.366 01:32:53
5.076 143.195 730.488 01:32:54
5.076 143.195 726.585 01:32:55
5.076 143.098 727.805 01:32:56
5.072 156.098 795.122 01:32:57
5.076 143.195 731.220 01:32:58
5.076 152.195 727.805 01:32:59
5.076 144.598 771.951 01:33:00
5.076 143.890 728.537 01:33:01
5.076 148.000 744.390 01:33:02
5.076 143.195 726.829 01:33:03
5.072 199.598 980.976 01:33:04
5.076 143.195 730.000 01:33:05
5.076 143.500 732.195 01:33:06
5.076 144.793 738.537 01:33:07
5.076 142.890 726.585 01:33:08
5.076 143.890 726.585 01:33:09
5.076 143.098 725.610 01:33:10
5.076 144.793 734.390 01:33:11
5.076 144.195 725.610 01:33:12
5.076 142.890 726.829 01:33:13
5.076 145.695 738.049 01:33:15
5.076 144.793 732.927 01:33:16
5.076 150.098 756.829 01:33:17
5.076 145.195 734.390 01:33:18
5.076 143.098 724.390 01:33:19
5.076 144.695 739.756 01:33:20
5.076 145.598 822.927 01:33:21
5.076 149.390 756.829 01:33:22
5.076 145.695 734.878 01:33:23
5.076 145.500 817.561 01:33:24
5.076 144.695 734.878 01:33:25
5.076 143.695 724.390 01:33:26
5.076 144.793 734.878 01:33:27
5.072 155.195 726.585 01:33:28
5.076 146.098 739.268 01:33:29
5.076 146.293 737.805 01:33:30
5.076 143.695 734.390 01:33:31
5.076 143.293 724.878 01:33:32
5.076 143.098 730.976 01:33:33
5.076 144.793 737.805 01:33:34
5.076 143.000 726.829 01:33:35
5.076 156.695 794.878 01:33:36
5.076 145.195 734.878 01:33:37
5.076 146.390 741.707 01:33:38
5.076 144.000 727.805 01:33:39
5.076 144.390 730.488 01:33:40
5.076 147.500 801.707 01:33:41
5.076 143.195 729.268 01:33:42
5.072 204.890 989.024 01:33:43
5.076 145.390 739.756 01:33:44
5.080 142.500 724.878 01:33:45
5.076 145.098 739.756 01:33:46
5.076 143.293 725.610 01:33:47
5.072 213.598 985.366 01:33:48
5.076 215.598 883.171 01:33:49
5.076 173.488 819.268 01:33:50
5.076 142.500 728.537 01:33:51
5.076 145.890 736.098 01:33:52
5.076 149.890 759.268 01:33:53
5.076 144.793 725.610 01:33:54
5.076 143.695 724.878 01:33:55
5.076 144.000 725.610 01:33:56
5.076 143.500 730.488 01:33:57
5.068 174.793 740.000 01:33:58
5.076 144.695 788.537 01:33:59
5.072 198.098 963.171 01:34:00
5.076 145.598 741.707 01:34:01
5.076 142.793 725.366 01:34:02
5.076 146.195 734.878 01:34:03
5.076 143.098 725.366 01:34:04
5.076 146.390 749.268 01:34:05
5.076 143.195 725.366 01:34:06
5.076 143.000 730.488 01:34:07
5.076 145.890 732.439 01:34:08
5.076 143.098 727.317 01:34:09
5.076 185.488 738.537 01:34:10
5.072 183.695 743.659 01:34:11
5.076 156.890 796.098 01:34:12
5.076 143.695 730.488 01:34:13
5.076 143.695 726.585 01:34:14
5.076 143.890 734.146 01:34:15
5.076 144.000 730.000 01:34:16
5.076 150.195 764.146 01:34:17
5.076 143.890 730.976 01:34:18
5.072 142.598 723.415 01:34:19
5.076 152.793 740.000 01:34:20
5.076 143.890 742.195 01:34:21
5.076 147.598 744.390 01:34:22
5.076 146.195 738.537 01:34:23
5.072 195.488 976.341 01:34:24
5.076 143.793 725.610 01:34:25
5.076 143.000 730.488 01:34:26
5.076 144.793 738.537 01:34:27
5.080 142.890 723.415 01:34:28
5.076 147.695 747.317 01:34:29
5.076 143.793 730.488 01:34:30
5.072 143.000 726.585 01:34:31
5.076 144.195 783.659 01:34:32
5.076 143.000 726.829 01:34:33
5.076 143.500 730.488 01:34:34
5.076 143.793 730.000 01:34:35
5.076 143.098 732.927 01:34:36
5.076 142.500 730.488 01:34:37
5.076 149.195 758.780 01:34:38
5.076 143.195 729.268 01:34:39
5.080 144.098 728.537 01:34:40
5.080 144.598 738.049 01:34:41
5.072 144.390 727.805 01:34:42
5.076 147.793 745.366 01:34:43
5.076 143.098 726.585 01:34:44
5.072 183.890 892.683 01:34:45
5.080 142.598 726.098 01:34:46
5.076 144.098 734.390 01:34:47
5.076 157.890 802.439 01:34:48
5.080 143.195 729.268 01:34:49
5.072 150.598 762.439 01:34:50
5.076 143.000 730.976 01:34:51
5.076 146.293 738.780 01:34:52
5.076 147.390 743.659 01:34:53
5.076 143.598 725.366 01:34:54
5.076 143.000 726.829 01:34:55
5.076 143.890 738.049 01:34:56
5.076 143.390 725.610 01:34:57
5.080 143.000 726.829 01:34:58
5.076 146.293 722.927 01:34:59
5.076 156.500 867.561 01:35:00
5.076 143.293 730.488 01:35:01
5.076 143.293 733.415 01:35:02
5.076 145.500 732.439 01:35:03
5.076 143.500 725.366 01:35:04
5.080 143.890 727.805 01:35:05
5.080 143.000 725.366 01:35:06
5.072 210.793 1063.659 01:35:07
5.080 144.500 735.366 01:35:09
5.076 143.000 730.000 01:35:10
5.072 149.500 1012.195 01:35:11
5.072 192.098 995.122 01:35:12
5.076 150.195 758.537 01:35:13
5.076 144.195 736.098 01:35:14
5.076 143.195 726.829 01:35:15
5.076 146.195 736.098 01:35:16
5.076 142.890 728.780 01:35:17
5.076 214.988 757.561 01:35:18
5.076 143.293 727.317 01:35:19
5.068 220.695 1127.805 01:35:20
5.076 146.293 830.732 01:35:21
5.076 143.098 742.195 01:35:22
5.076 157.098 726.585 01:35:23
5.072 143.695 725.610 01:35:24
5.072 191.390 736.098 01:35:25
5.076 145.390 733.415 01:35:26
5.072 191.793 860.732 01:35:27
5.076 199.390 738.049 01:35:28
5.072 144.098 730.976 01:35:29
5.076 143.293 733.415 01:35:30
5.076 143.890 728.537 01:35:31
5.076 145.000 732.439 01:35:32
5.076 143.890 726.829 01:35:33
5.076 147.098 746.098 01:35:34
5.076 143.195 726.585 01:35:35
5.076 143.695 724.878 01:35:36
5.072 143.793 727.805 01:35:37
5.076 143.000 725.610 01:35:38
5.076 151.598 835.610 01:35:39
5.076 144.000 730.488 01:35:40
5.072 213.988 1096.585 01:35:41
5.076 143.000 727.805 01:35:42
5.076 142.293 725.366 01:35:43
5.072 145.390 734.878 01:35:44
5.076 143.000 730.488 01:35:45
5.076 149.390 758.537 01:35:46
5.076 142.890 726.829 01:35:47
5.072 142.500 725.610 01:35:48
5.076 144.890 738.049 01:35:49
5.076 143.598 729.268 01:35:50
5.072 144.890 731.220 01:35:51
5.076 144.890 734.390 01:35:52
5.076 143.000 730.000 01:35:53
5.076 144.098 736.585 01:35:54
5.076 143.000 730.000 01:35:55
5.072 207.293 1213.659 01:35:56
5.076 180.793 896.341 01:35:57
5.072 145.293 881.463 01:35:58
5.076 142.890 730.976 01:35:59
5.076 142.390 722.927 01:36:00
5.072 199.695 736.585 01:36:01
5.080 151.500 726.585 01:36:02
5.072 150.000 762.439 01:36:03
5.076 145.500 795.610 01:36:04
5.072 143.793 725.610 01:36:05
5.080 197.695 737.317 01:36:06
5.076 143.000 725.610 01:36:07
5.076 142.390 723.415 01:36:08
5.076 142.500 732.439 01:36:09
5.068 198.890 901.463 01:36:10
5.076 146.390 738.780 01:36:11
5.076 157.890 793.171 01:36:12
5.076 149.098 754.390 01:36:13
5.076 143.000 731.220 01:36:14
5.072 194.793 988.537 01:36:15
5.076 142.500 721.707 01:36:16
5.076 144.195 725.610 01:36:17
5.076 143.195 732.195 01:36:18
5.076 143.000 724.878 01:36:19
5.076 149.390 757.561 01:36:20
5.076 143.195 725.610 01:36:21
5.076 142.890 726.829 01:36:22
5.076 144.500 814.878 01:36:23
5.076 143.695 727.805 01:36:24
5.076 150.390 761.220 01:36:25
5.072 146.500 800.488 01:36:26
5.076 143.098 726.829 01:36:27
5.076 163.793 736.098 01:36:28
5.076 143.598 726.098 01:36:29
5.076 146.293 743.171 01:36:30
5.076 144.390 737.805 01:36:31
5.068 212.890 1041.463 01:36:32
5.072 142.390 727.805 01:36:33
5.076 144.098 728.780 01:36:34
5.076 144.000 732.195 01:36:35
5.080 144.000 725.366 01:36:36
5.072 150.195 758.537 01:36:37
5.076 143.195 730.488 01:36:38
5.076 143.293 726.829 01:36:39
5.076 145.390 869.268 01:36:40
5.076 143.390 726.829 01:36:41
5.076 147.695 745.610 01:36:42
5.076 143.000 726.585 01:36:43
5.072 184.695 878.780 01:36:44
5.076 143.793 727.805 01:36:45
5.076 143.098 726.829 01:36:46
5.072 144.695 739.756 01:36:47
5.076 143.598 723.415 01:36:48
5.076 146.695 749.268 01:36:49
5.076 143.695 730.488 01:36:50
5.076 144.598 725.610 01:36:51
5.076 143.293 730.976 01:36:52
5.076 143.500 726.829 01:36:53
5.076 142.598 728.780 01:36:54
5.076 143.390 722.195 01:36:55
5.080 152.793 724.390 01:36:56
5.076 155.890 796.341 01:36:57
5.076 143.293 736.098 01:36:58
5.076 206.988 998.293 01:36:59
5.076 145.293 732.439 01:37:00
5.076 143.890 725.610 01:37:01
5.068 173.390 878.049 01:37:03
5.076 144.098 730.488 01:37:04
5.076 144.793 737.805 01:37:05
5.072 152.293 738.537 01:37:06
5.076 145.390 734.878 01:37:07
5.076 143.695 724.878 01:37:08
5.080 146.098 738.780 01:37:09
5.080 143.195 726.585 01:37:10
5.076 150.293 761.220 01:37:11
5.068 195.293 991.463 01:37:12
5.076 145.000 726.829 01:37:13
5.076 143.598 729.268 01:37:14
5.076 143.890 730.000 01:37:15
5.072 196.488 1007.317 01:37:16
5.076 146.793 1020.732 01:37:17
5.076 142.793 725.610 01:37:18
5.076 146.793 738.780 01:37:19
5.076 143.098 727.317 01:37:20
5.076 147.000 734.146 01:37:21
5.076 143.293 731.220 01:37:22
5.076 200.695 762.927 01:37:23
5.076 142.890 726.829 01:37:24
5.076 143.098 729.268 01:37:25
5.076 145.598 848.780 01:37:26
5.076 143.793 726.585 01:37:27
5.076 149.098 753.659 01:37:28
5.076 143.000 727.317 01:37:29
5.076 250.488 1010.976 01:37:30
5.076 142.793 727.805 01:37:31
5.076 143.000 725.610 01:37:32
5.076 143.293 725.366 01:37:33
5.076 143.098 730.000 01:37:34
5.076 149.695 764.146 01:37:35
5.076 144.890 730.976 01:37:36
5.076 142.890 723.415 01:37:37
5.080 143.390 732.195 01:37:38
5.076 152.793 727.317 01:37:39
5.076 147.293 783.171 01:37:40
5.076 142.793 725.366 01:37:41
5.072 252.793 1087.317 01:37:42
5.076 142.890 729.268 01:37:43
5.076 143.695 729.268 01:37:44
5.076 143.000 726.585 01:37:45
5.076 145.390 729.268 01:37:46
5.072 197.988 992.927 01:37:47
5.076 145.293 734.878 01:37:48
5.076 143.890 728.780 01:37:49
5.076 145.695 743.171 01:37:50
5.076 146.890 745.610 01:37:51
5.076 144.500 733.415 01:37:52
5.076 143.598 725.610 01:37:53
5.076 149.500 727.805 01:37:54
5.080 145.293 734.390 01:37:55
5.076 143.000 722.927 01:37:56
5.076 156.890 793.171 01:37:57
5.076 143.098 726.585 01:37:58
5.076 144.695 738.537 01:37:59
5.076 143.293 733.415 01:38:00
5.080 143.000 726.829 01:38:01
5.072 183.988 977.073 01:38:02
5.076 143.098 1261.707 01:38:03
5.076 143.195 726.585 01:38:04
5.076 143.695 735.366 01:38:05
5.076 158.598 1014.634 01:38:06
5.076 143.098 729.268 01:38:07
5.056 330.390 1087.805 01:38:08
5.076 153.890 738.537 01:38:09
5.072 146.195 738.537 01:38:10
5.076 146.500 738.049 01:38:11
5.076 143.890 726.585 01:38:12
5.076 149.390 759.268 01:38:13
5.076 144.293 725.610 01:38:14
5.076 143.598 730.488 01:38:15
5.076 144.000 728.537 01:38:16
5.080 143.098 729.268 01:38:17
5.076 144.695 734.390 01:38:18
5.076 144.598 738.537 01:38:19
5.068 152.793 776.098 01:38:20
5.076 144.793 1158.049 01:38:21
5.076 143.000 723.415 01:38:22
5.076 144.598 739.756 01:38:23
5.076 144.293 722.927 01:38:24
5.068 215.793 1096.098 01:38:25
5.076 144.793 734.390 01:38:26
5.076 144.695 729.268 01:38:27
5.076 144.293 735.366 01:38:28
5.076 143.000 726.585 01:38:29
5.072 145.890 736.098 01:38:30
5.072 188.488 939.512 01:38:31
5.076 144.000 738.780 01:38:32
5.076 143.195 736.585 01:38:33
5.072 143.695 726.829 01:38:34
5.072 185.195 735.366 01:38:35
5.076 163.695 730.976 01:38:36
5.064 215.890 1248.780 01:38:37
5.076 144.000 726.829 01:38:38
5.076 143.793 726.585 01:38:39
5.076 145.000 738.537 01:38:40
5.072 144.098 721.220 01:38:41
5.076 144.793 738.780 01:38:42
5.076 144.695 738.780 01:38:43
5.072 190.988 1024.146 01:38:44
5.076 143.695 727.317 01:38:45
5.076 143.000 725.610 01:38:46
5.076 143.695 726.585 01:38:47
5.072 142.890 731.220 01:38:48
5.076 149.598 758.780 01:38:49
5.076 145.500 731.220 01:38:50
5.076 195.098 728.780 01:38:51
5.076 143.293 726.585 01:38:52
5.076 143.098 726.585 01:38:53
5.076 143.695 730.000 01:38:54
5.076 145.598 726.829 01:38:56
5.076 142.793 761.951 01:38:57
5.076 150.000 813.659 01:38:58
5.076 142.500 723.415 01:38:59
5.072 216.988 1089.268 01:39:00
5.076 144.793 744.390 01:39:01
5.076 146.000 724.390 01:39:02
5.076 144.695 740.000 01:39:03
5.076 143.195 722.927 01:39:04
5.076 143.195 726.829 01:39:05
5.076 142.890 725.610 01:39:06
5.072 174.793 896.341 01:39:07
5.076 143.098 726.585 01:39:08
5.076 143.793 727.317 01:39:09
5.080 148.695 754.878 01:39:10
5.076 143.098 726.829 01:39:11
5.072 224.390 1098.537 01:39:12
5.076 143.890 730.488 01:39:13
5.076 142.098 727.317 01:39:14
5.076 156.695 794.878 01:39:15
5.076 169.000 871.220 01:39:16
5.072 173.695 883.659 01:39:17
5.076 143.890 740.000 01:39:18
5.076 144.098 730.488 01:39:19
5.076 147.390 748.049 01:39:20
5.076 143.195 730.000 01:39:21
5.080 145.000 729.268 01:39:22
5.076 143.793 726.585 01:39:23
5.072 200.098 989.756 01:39:24
5.076 144.500 730.976 01:39:25
5.076 142.390 730.488 01:39:26
5.076 143.890 729.268 01:39:27
5.076 143.098 725.610 01:39:28
5.072 144.695 734.878 01:39:29
5.072 144.793 735.366 01:39:30
5.076 150.293 762.927 01:39:31
5.076 145.500 738.537 01:39:32
5.076 144.598 728.537 01:39:33
5.076 200.793 746.585 01:39:34
5.076 143.793 726.585 01:39:35
5.076 143.195 726.829 01:39:36
5.076 143.695 727.317 01:39:37
5.072 213.695 1056.098 01:39:38
5.076 143.098 1016.341 01:39:39
5.072 143.098 729.268 01:39:40
5.076 155.793 795.122 01:39:41
5.076 143.195 726.829 01:39:42
5.076 145.000 736.829 01:39:43
5.076 143.500 728.537 01:39:44
5.072 144.000 734.146 01:39:45
5.076 145.195 735.366 01:39:46
5.076 195.390 1082.927 01:39:47
5.076 144.195 730.488 01:39:48
5.076 145.695 742.195 01:39:49
5.076 143.890 726.585 01:39:50
5.076 145.000 728.780 01:39:51
5.076 176.793 902.683 01:39:52
5.076 145.293 734.390 01:39:53
5.076 143.000 726.829 01:39:54
5.076 149.598 762.439 01:39:55
5.076 143.890 725.366 01:39:56
5.076 143.500 731.220 01:39:57
5.076 143.195 726.585 01:39:58
5.076 143.500 726.829 01:39:59
5.076 147.000 750.976 01:40:00
5.076 143.793 726.829 01:40:01
5.072 145.695 734.390 01:40:02
5.080 143.695 725.366 01:40:03
5.076 149.390 758.780 01:40:04
5.076 144.000 726.829 01:40:05
5.076 143.098 730.000 01:40:06
5.076 193.195 734.878 01:40:07
5.076 146.293 741.707 01:40:08
5.076 152.293 750.000 01:40:09
5.076 143.195 729.268 01:40:10
5.076 323.488 734.878 01:40:11
5.076 158.293 873.659 01:40:12
5.076 144.195 726.829 01:40:13
5.076 220.988 942.195 01:40:14
5.076 143.793 731.220 01:40:15
5.076 180.793 957.073 01:40:16
5.076 146.000 734.878 01:40:17
5.076 144.695 725.610 01:40:18
5.072 148.695 1050.976 01:40:19
5.076 146.390 738.537 01:40:20
5.076 145.695 743.659 01:40:21
5.076 144.000 730.000 01:40:22
5.068 195.890 978.293 01:40:23
5.076 143.098 738.049 01:40:24
5.080 143.695 726.829 01:40:25
5.076 143.293 723.415 01:40:26
5.076 143.000 730.000 01:40:27
5.076 145.390 734.878 01:40:28
5.076 143.098 726.585 01:40:29
5.076 149.195 754.390 01:40:30
5.076 143.793 727.805 01:40:31
5.072 208.598 1070.244 01:40:32
5.076 143.890 728.780 01:40:33
5.076 144.000 726.829 01:40:34
5.076 144.793 726.585 01:40:35
5.076 142.890 726.829 01:40:36
5.072 197.293 980.244 01:40:37
5.076 188.890 927.073 01:40:38
5.076 142.890 727.317 01:40:39
5.076 144.293 735.366 01:40:40
5.076 143.793 730.000 01:40:41
5.076 143.890 732.927 01:40:42
5.072 144.000 726.585 01:40:43
5.076 149.598 759.756 01:40:44
5.076 144.390 738.537 01:40:45
5.076 144.000 728.780 01:40:46
5.080 146.293 726.829 01:40:47
5.076 142.890 727.317 01:40:48
5.072 148.890 870.244 01:40:49
5.076 144.500 738.537 01:40:50
5.076 147.195 734.878 01:40:52
5.076 186.793 824.878 01:40:53
5.076 145.793 736.585 01:40:54
5.076 143.598 725.366 01:40:55
5.076 144.598 726.829 01:40:56
5.076 190.793 953.902 01:40:57
5.076 144.793 726.829 01:40:58
5.076 147.500 749.268 01:40:59
5.076 144.598 738.537 01:41:00
5.076 165.390 975.122 01:41:01
5.076 147.500 748.780 01:41:02
5.080 143.793 724.878 01:41:03
5.076 144.098 728.780 01:41:04
5.076 144.793 740.488 01:41:05
5.076 143.098 728.537 01:41:06
5.076 144.000 726.585 01:41:07
5.076 143.000 723.415 01:41:08
5.072 222.988 1661.220 01:41:09
5.076 143.293 727.317 01:41:10
5.076 145.000 1615.366 01:41:11
5.076 156.390 795.122 01:41:12
5.080 146.390 739.756 01:41:13
5.080 149.195 733.415 01:41:14
5.076 144.195 726.585 01:41:15
5.076 142.890 721.707 01:41:16
5.076 143.793 732.927 01:41:17
5.076 143.195 732.439 01:41:18
5.080 144.890 738.049 01:41:19
5.080 143.000 723.415 01:41:20
5.076 143.695 732.927 01:41:21
5.076 143.390 726.585 01:41:22
5.072 209.598 973.171 01:41:23
5.076 145.500 741.707 01:41:24
5.076 143.793 725.366 01:41:25
5.076 143.793 726.829 01:41:26
5.076 143.695 732.195 01:41:27
5.072 167.195 758.780 01:41:28
5.068 152.890 734.146 01:41:29
5.076 208.988 738.780 01:41:30
5.076 143.000 728.537 01:41:31
5.076 143.000 725.610 01:41:32
5.076 144.890 734.146 01:41:33
5.076 145.598 818.537 01:41:34
5.068 191.488 1023.415 01:41:35
5.076 143.195 730.976 01:41:36
5.076 143.793 727.317 01:41:37
5.072 145.598 738.537 01:41:38
5.076 143.195 730.488 01:41:39
5.076 148.793 753.659 01:41:40
5.072 145.500 736.585 01:41:41
5.076 143.000 745.610 01:41:42
5.076 143.293 731.220 01:41:43
5.080 145.390 738.780 01:41:44
5.076 150.195 1248.293 01:41:45
5.076 142.598 1009.756 01:41:46
5.076 143.890 730.000 01:41:47
5.076 144.695 735.366 01:41:48
5.076 143.195 730.976 01:41:49
5.080 143.390 730.488 01:41:50
5.072 171.890 770.976 01:41:51
5.072 145.293 734.878 01:41:52
5.076 144.890 738.537 01:41:53
5.072 143.500 730.488 01:41:54
5.076 148.890 760.488 01:41:55
5.076 145.695 734.878 01:41:56
5.076 143.390 726.585 01:41:57
5.076 142.793 730.488 01:41:58
5.076 146.890 730.000 01:41:59
5.076 149.195 746.098 01:42:00
5.076 142.195 723.415 01:42:01
5.072 209.488 1169.756 01:42:02
5.076 147.293 746.585 01:42:03
5.076 143.000 725.610 01:42:04
5.076 142.890 726.829 01:42:05
5.076 143.195 732.195 01:42:06
5.076 171.390 752.927 01:42:07
5.076 145.695 734.390 01:42:08
5.076 198.598 868.293 01:42:09
5.076 142.598 732.195 01:42:10
5.076 144.793 886.341 01:42:11
5.076 156.598 796.341 01:42:12
5.076 142.598 722.195 01:42:13
5.072 148.098 750.976 01:42:14
5.076 145.793 736.829 01:42:15
5.076 143.695 730.488 01:42:16
5.076 143.000 727.317 01:42:17
5.076 147.500 728.537 01:42:18
5.076 144.098 726.829 01:42:19
5.076 143.793 730.000 01:42:20
5.072 207.390 1041.707 01:42:21
5.076 143.195 732.439 01:42:22
5.076 143.890 726.829 01:42:23
5.076 144.098 730.488 01:42:24
5.076 144.000 733.415 01:42:25
5.072 238.195 1009.756 01:42:26
5.080 147.000 739.756 01:42:27
5.076 143.000 726.585 01:42:28
5.076 143.293 726.829 01:42:29
5.076 143.098 732.439 01:42:30
5.072 144.695 735.366 01:42:31
5.076 143.390 725.610 01:42:32
5.076 156.598 796.341 01:42:33
5.076 144.598 740.488 01:42:34
5.076 143.195 727.805 01:42:35
5.076 143.293 722.927 01:42:36
5.076 143.195 730.000 01:42:37
5.076 146.793 748.049 01:42:38
5.076 144.195 726.585 01:42:39
5.068 205.488 1337.073 01:42:40
5.080 199.695 731.220 01:42:41
5.076 143.598 730.488 01:42:42
5.076 143.695 725.610 01:42:43
5.076 143.000 726.829 01:42:45
5.076 145.390 736.098 01:42:46
5.076 144.793 883.659 01:42:47
5.072 176.293 846.098 01:42:48
5.076 145.598 736.098 01:42:49
5.076 143.098 730.488 01:42:50
5.076 143.793 730.000 01:42:51
5.076 143.000 726.829 01:42:52
5.076 143.000 730.488 01:42:53
5.076 143.098 732.195 01:42:54
5.076 143.000 725.610 01:42:55
5.076 147.293 756.585 01:42:56
5.076 142.500 726.585 01:42:57
5.080 150.293 730.976 01:42:58
5.076 143.195 739.756 01:42:59
5.076 156.890 796.341 01:43:00
5.076 146.598 747.561 01:43:01
5.076 143.695 724.878 01:43:02
5.076 143.390 726.585 01:43:03
5.080 143.098 736.098 01:43:04
5.076 148.390 756.585 01:43:05
5.076 143.195 726.829 01:43:06
5.072 207.988 1059.024 01:43:07
5.076 145.598 740.976 01:43:08
5.076 143.598 727.317 01:43:09
5.072 174.890 804.390 01:43:10
5.076 161.500 730.488 01:43:11
5.076 156.098 794.878 01:43:12
5.076 144.098 723.415 01:43:13
5.076 144.098 724.878 01:43:14
5.076 144.695 729.268 01:43:15
5.076 142.390 723.415 01:43:16
5.076 143.695 734.390 01:43:17
5.076 142.293 726.585 01:43:18
5.076 142.500 724.390 01:43:19
5.072 144.500 725.366 01:43:20
5.076 156.098 791.951 01:43:21
5.076 142.500 722.927 01:43:22
5.076 206.098 1062.195 01:43:23
5.080 143.890 774.146 01:43:24
5.076 142.390 723.659 01:43:25
5.080 143.793 735.366 01:43:26
5.080 143.598 722.927 01:43:27
5.076 147.098 743.659 01:43:28
5.076 143.890 733.415 01:43:29
5.076 144.390 724.878 01:43:30
5.076 143.293 727.317 01:43:31
5.076 142.195 721.707 01:43:32
5.076 142.293 725.366 01:43:33
5.076 142.695 721.220 01:43:34
5.076 148.695 755.610 01:43:35
5.076 143.195 728.780 01:43:36
5.076 142.500 726.829 01:43:37
5.076 143.000 722.927 01:43:38
5.072 191.890 986.585 01:43:39
5.076 143.390 733.415 01:43:40
5.076 143.793 728.537 01:43:41
5.072 143.195 727.317 01:43:42
5.076 143.098 725.366 01:43:43
5.072 156.000 794.878 01:43:44
5.076 143.890 722.927 01:43:45
5.076 142.500 724.146 01:43:46
5.076 145.098 740.488 01:43:47
5.076 142.390 728.780 01:43:48
5.072 182.098 802.927 01:43:49
5.076 142.890 730.488 01:43:50
5.072 190.793 985.366 01:43:51
5.076 143.098 730.488 01:43:52
5.076 145.500 742.195 01:43:53
5.068 210.098 1107.805 01:43:54
5.076 189.390 899.024 01:43:55
5.080 143.500 1017.073 01:43:56
5.076 145.293 739.756 01:43:57
5.076 142.098 723.415 01:43:58
5.076 143.098 730.488 01:43:59
5.076 144.000 728.780 01:44:00
5.076 156.890 796.341 01:44:01
5.076 142.598 721.707 01:44:02
5.076 142.390 732.195 01:44:03
5.076 156.500 794.390 01:44:04
5.076 142.695 724.390 01:44:05
5.072 155.793 743.171 01:44:06
5.076 145.598 729.268 01:44:07
5.076 145.390 831.951 01:44:08
5.076 145.390 734.146 01:44:09
5.076 144.000 731.220 01:44:10
5.076 147.695 1046.585 01:44:11
5.072 144.000 1015.854 01:44:12
5.076 143.000 725.610 01:44:13
5.076 145.195 732.927 01:44:14
5.076 143.695 733.415 01:44:15
5.076 147.793 750.000 01:44:16
5.076 143.793 726.585 01:44:17
5.076 197.890 994.146 01:44:18
5.080 143.793 728.780 01:44:19
5.076 143.293 724.878 01:44:20
5.076 157.793 802.439 01:44:21
5.076 142.890 722.927 01:44:22
5.076 152.793 776.098 01:44:23
5.076 171.098 746.585 01:44:24
5.076 142.390 723.659 01:44:25
5.076 145.293 734.878 01:44:26
5.076 143.000 730.000 01:44:27
5.076 147.695 839.512 01:44:28
5.076 144.390 732.927 01:44:29
5.072 185.195 940.000 01:44:30
5.076 144.793 736.098 01:44:31
5.076 180.890 918.293 01:44:32
5.076 143.695 724.390 01:44:33
5.076 143.293 726.585 01:44:34
5.076 155.390 794.146 01:44:35
5.076 142.390 722.927 01:44:36
5.076 142.500 723.659 01:44:37
5.076 145.293 734.146 01:44:38
5.076 142.890 730.488 01:44:39
5.076 207.793 995.366 01:44:40
5.072 247.293 982.195 01:44:42
5.076 143.390 726.585 01:44:43
5.076 142.890 725.610 01:44:44
5.080 143.000 729.268 01:44:45
5.076 157.500 803.659 01:44:46
5.076 143.890 730.000 01:44:47
5.072 217.293 1243.902 01:44:48
5.080 144.195 740.000 01:44:49
5.080 143.000 727.805 01:44:50
5.080 144.793 732.439 01:44:51
5.076 143.195 730.488 01:44:52
5.076 143.195 730.488 01:44:53
5.076 145.000 730.976 01:44:54
5.080 143.695 730.488 01:44:55
5.080 144.793 739.756 01:44:56
5.076 142.890 728.049 01:44:57
5.072 204.293 1037.073 01:44:58
5.076 144.793 775.366 01:44:59
5.076 142.890 726.585 01:45:00
5.076 158.195 802.439 01:45:01
5.076 144.000 729.268 01:45:02
5.076 147.390 747.317 01:45:03
5.076 144.598 734.878 01:45:04
5.076 144.098 727.317 01:45:05
5.076 144.098 724.146 01:45:06
5.076 142.793 730.488 01:45:07
5.076 144.890 738.537 01:45:08
5.076 143.195 726.829 01:45:09
5.076 143.195 727.317 01:45:10
5.076 151.598 783.171 01:45:11
5.072 216.488 1098.049 01:45:12
5.076 145.500 737.805 01:45:13
5.076 144.000 726.585 01:45:14
5.076 142.793 727.317 01:45:15
5.076 142.890 726.585 01:45:16
5.076 158.098 802.927 01:45:17
5.072 247.988 965.122 01:45:18
5.076 143.793 725.610 01:45:19
5.080 143.890 726.585 01:45:20
5.076 144.390 725.610 01:45:21
5.076 144.500 735.366 01:45:22
5.076 143.098 728.049 01:45:23
5.072 150.098 766.098 01:45:24
5.076 142.890 731.220 01:45:25
5.076 143.000 723.659 01:45:26
5.076 202.695 738.049 01:45:27
5.076 143.293 735.610 01:45:28
5.076 144.890 734.878 01:45:29
5.072 227.390 924.634 01:45:30
5.076 143.293 731.220 01:45:31
5.076 143.695 726.829 01:45:32
5.076 143.793 725.366 01:45:33
5.076 144.000 730.488 01:45:34
5.076 143.598 726.585 01:45:35
5.076 144.000 725.610 01:45:36
5.076 143.000 726.829 01:45:37
5.076 149.793 759.756 01:45:38
5.076 142.598 722.927 01:45:39
5.076 153.293 741.707 01:45:40
5.076 144.500 781.220 01:45:41
5.080 143.890 725.610 01:45:42
5.076 147.000 747.561 01:45:43
5.076 142.890 726.585 01:45:44
5.076 143.695 726.585 01:45:45
5.076 142.793 723.415 01:45:46
5.076 144.793 734.146 01:45:47
5.076 200.598 734.390 01:45:48
5.076 143.000 725.366 01:45:49
5.072 186.488 1154.390 01:45:50
5.076 142.195 727.317 01:45:51
5.072 151.890 851.220 01:45:52
5.076 142.890 725.366 01:45:53
5.076 143.000 724.878 01:45:54
5.068 210.988 1043.415 01:45:55
5.080 201.390 1144.146 01:45:56
5.080 143.793 728.537 01:45:57
5.076 143.000 728.049 01:45:58
5.080 143.195 730.976 01:45:59
5.076 156.293 791.220 01:46:00
5.076 143.098 726.829 01:46:01
5.080 150.598 764.878 01:46:02
5.076 143.500 730.976 01:46:03
5.076 143.098 730.488 01:46:04
5.076 154.890 850.732 01:46:05
5.076 143.098 730.488 01:46:06
5.076 142.793 730.000 01:46:07
5.080 150.500 727.317 01:46:08
5.076 155.695 824.878 01:46:09
5.076 143.695 725.610 01:46:10
5.076 143.390 732.195 01:46:11
5.076 156.000 800.000 01:46:12
5.072 289.195 2014.878 01:46:13
5.076 143.000 724.390 01:46:14
5.076 143.293 734.390 01:46:15
5.076 156.598 790.732 01:46:16
5.080 143.000 729.268 01:46:17
5.076 144.793 747.561 01:46:18
5.076 144.500 734.390 01:46:19
5.072 168.390 732.927 01:46:20
5.076 144.793 734.390 01:46:21
5.076 143.195 730.000 01:46:22
5.080 143.890 726.585 01:46:23
5.076 144.098 724.390 01:46:24
5.076 163.793 769.756 01:46:25
5.076 145.500 781.707 01:46:26
5.076 146.098 741.707 01:46:27
5.076 147.598 797.561 01:46:28
5.076 144.598 727.805 01:46:29
5.072 143.195 730.488 01:46:30
5.076 143.098 726.585 01:46:31
5.072 145.695 738.049 01:46:32
5.080 143.793 725.610 01:46:33
5.068 223.890 1096.098 01:46:35
5.076 144.293 729.268 01:46:36
5.080 143.390 727.805 01:46:37
5.076 146.500 766.098 01:46:38
5.076 144.000 725.610 01:46:39
5.076 146.695 747.561 01:46:40
5.076 143.890 732.195 01:46:41
5.076 143.890 732.439 01:46:42
5.080 143.890 731.707 01:46:43
5.076 143.695 728.780 01:46:44
5.076 168.793 758.537 01:46:45
5.076 142.695 726.585 01:46:46
5.076 143.098 728.780 01:46:47
5.076 144.793 739.756 01:46:48
5.072 183.390 1007.317 01:46:49
5.076 144.390 720.976 01:46:50
5.076 142.793 726.585 01:46:51
5.076 156.890 794.878 01:46:52
5.076 142.598 732.195 01:46:53
5.080 142.500 730.488 01:46:54
5.076 145.390 738.049 01:46:55
5.076 145.195 725.366 01:46:56
5.076 148.195 749.268 01:46:57
5.076 143.098 908.780 01:46:58
5.076 144.000 724.878 01:46:59
5.076 143.098 731.220 01:47:00
5.076 146.500 738.537 01:47:01
5.076 143.098 725.610 01:47:02
5.076 143.195 729.268 01:47:03
5.072 214.293 1094.634 01:47:04
5.072 145.390 734.146 01:47:05
5.076 143.890 730.488 01:47:06
5.080 149.890 730.488 01:47:07
5.076 142.793 772.439 01:47:08
5.076 158.195 800.488 01:47:09
5.076 147.098 727.317 01:47:10
5.060 145.598 747.317 01:47:11
5.076 146.500 741.707 01:47:12
5.076 144.000 731.220 01:47:13
5.076 155.293 802.439 01:47:14
5.076 143.695 727.317 01:47:15
5.064 244.488 1214.878 01:47:16
5.076 145.390 734.390 01:47:17
5.076 142.890 726.585 01:47:18
5.076 156.890 795.122 01:47:19
5.072 142.890 730.488 01:47:20
5.076 159.695 803.659 01:47:21
5.076 144.598 781.951 01:47:22
5.064 165.000 777.561 01:47:23
5.072 146.598 740.000 01:47:24
5.076 143.695 725.610 01:47:25
5.076 156.598 794.878 01:47:26
5.076 143.195 729.268 01:47:27
5.076 149.390 759.268 01:47:28
5.076 143.793 729.268 01:47:29
5.076 143.793 729.756 01:47:30
5.076 145.390 787.561 01:47:31
5.076 143.390 729.268 01:47:32
5.076 143.890 725.610 01:47:33
5.076 143.890 738.537 01:47:34
5.064 185.098 856.098 01:47:35
5.076 145.598 733.415 01:47:36
5.080 143.098 734.878 01:47:37
5.076 142.890 723.415 01:47:38
5.076 143.598 730.000 01:47:39
5.076 149.695 762.439 01:47:40
5.076 144.098 730.488 01:47:41
5.076 142.293 724.390 01:47:42
5.076 143.793 726.585 01:47:43
5.076 143.195 726.829 01:47:44
5.076 156.293 792.927 01:47:45
5.080 143.500 730.488 01:47:46
5.068 221.488 1112.439 01:47:47
5.076 143.195 728.049 01:47:48
5.076 143.098 723.415 01:47:49
5.076 143.890 734.878 01:47:50
5.076 144.390 725.610 01:47:51
5.076 143.890 724.390 01:47:52
5.076 142.890 725.610 01:47:53
5.076 152.598 725.366 01:47:54
5.076 158.390 800.000 01:47:55
5.076 143.195 768.049 01:47:56
5.068 251.695 1224.390 01:47:57
5.076 142.195 730.000 01:47:58
5.076 142.793 725.366 01:47:59
5.076 143.000 727.317 01:48:00
5.076 143.195 729.268 01:48:01
5.076 143.000 727.805 01:48:02
5.076 142.695 725.366 01:48:03
5.076 159.000 801.951 01:48:04
5.076 144.695 735.366 01:48:05
5.072 187.488 908.293 01:48:06
5.076 142.793 726.829 01:48:07
5.076 143.000 726.829 01:48:08
5.076 142.195 725.610 01:48:09
5.076 144.500 736.829 01:48:10
5.072 201.293 991.463 01:48:11
5.076 143.098 728.049 01:48:12
5.076 143.195 729.268 01:48:13
5.076 145.098 736.098 01:48:14
5.076 143.195 730.976 01:48:15
5.076 143.098 725.610 01:48:16
5.076 143.695 735.366 01:48:17
5.076 150.195 764.390 01:48:18
5.072 174.695 737.805 01:48:19
5.076 142.890 730.976 01:48:20
5.076 143.098 729.268 01:48:21
5.076 143.293 728.780 01:48:22
5.076 147.500 744.146 01:48:23
5.076 147.098 722.927 01:48:24
5.072 197.695 939.512 01:48:25
5.076 142.890 731.707 01:48:26
5.076 143.500 727.805 01:48:28
5.076 143.000 730.976 01:48:29
5.076 143.098 731.220 01:48:30
5.076 149.695 762.927 01:48:31
5.076 143.000 725.610 01:48:32
5.080 142.890 731.220 01:48:33
5.076 203.988 738.049 01:48:34
5.076 143.098 725.610 01:48:35
5.076 159.098 804.146 01:48:36
5.076 145.098 736.098 01:48:37
5.072 144.500 776.341 01:48:38
5.076 144.293 734.146 01:48:39
5.072 142.195 761.951 01:48:40
5.076 160.598 836.098 01:48:41
5.076 142.890 725.366 01:48:42
5.076 150.195 759.268 01:48:43
5.076 208.098 732.439 01:48:44
5.076 143.098 727.317 01:48:45
5.076 145.293 734.390 01:48:46
5.076 143.000 728.780 01:48:47
5.076 144.695 734.878 01:48:48
5.076 143.793 730.000 01:48:49
5.072 167.195 881.220 01:48:50
5.076 142.500 727.317 01:48:51
5.076 143.000 731.220 01:48:52
5.072 190.695 968.293 01:48:53
5.076 144.500 790.732 01:48:54
5.076 142.695 727.805 01:48:55
5.072 158.098 804.878 01:48:56
5.080 143.000 730.000 01:48:57
5.080 142.793 725.610 01:48:58
5.076 143.598 725.610 01:48:59
5.068 306.890 1319.024 01:49:00
5.076 160.000 734.390 01:49:01
5.076 144.500 852.683 01:49:02
5.076 212.598 900.732 01:49:03
5.076 143.695 728.780 01:49:04
5.076 143.098 735.366 01:49:05
5.076 144.195 724.878 01:49:06
5.076 142.890 726.829 01:49:07
5.076 143.598 725.366 01:49:08
5.076 142.890 726.829 01:49:09
5.076 202.195 977.073 01:49:10
5.072 145.195 738.049 01:49:11
5.076 143.890 726.585 01:49:12
5.080 143.000 731.220 01:49:13
5.076 146.890 742.195 01:49:14
5.076 155.695 791.220 01:49:15
5.076 143.293 729.268 01:49:16
5.076 142.793 726.585 01:49:17
5.076 144.000 953.415 01:49:18
5.076 142.390 723.659 01:49:19
5.076 158.598 791.220 01:49:20
5.076 143.793 726.829 01:49:21
5.076 143.195 725.366 01:49:22
5.076 143.500 734.146 01:49:23
5.068 399.598 1957.805 01:49:24
5.076 153.195 723.415 01:49:25
5.076 143.890 760.488 01:49:26
5.076 144.890 722.927 01:49:27
5.076 143.098 727.317 01:49:28
5.072 202.098 1313.902 01:49:29
5.076 215.598 771.951 01:49:30
5.076 144.793 744.390 01:49:31
5.076 143.890 727.805 01:49:32
5.076 144.000 729.268 01:49:33
5.076 147.793 754.878 01:49:34
5.076 143.793 725.610 01:49:35
5.076 150.195 762.439 01:49:36
5.080 144.195 979.756 01:49:37
5.072 142.793 725.610 01:49:38
5.076 143.000 734.390 01:49:39
5.076 143.695 743.171 01:49:40
5.076 189.195 992.195 01:49:41
5.076 145.890 738.537 01:49:42
5.068 214.890 1035.854 01:49:43
5.076 143.098 725.610 01:49:44
5.076 142.293 730.488 01:49:45
5.076 143.293 727.317 01:49:46
5.076 143.890 726.585 01:49:47
5.076 150.195 759.268 01:49:48
5.076 142.890 726.829 01:49:49
5.076 143.098 725.366 01:49:50
5.076 156.500 790.732 01:49:51
5.076 144.890 869.268 01:49:52
5.068 187.793 1060.976 01:49:53
5.076 146.293 734.878 01:49:54
5.076 142.890 725.610 01:49:55
5.076 143.390 727.317 01:49:56
5.076 143.098 730.488 01:49:57
5.072 197.098 1006.585 01:49:58
5.076 142.890 725.366 01:49:59
5.080 142.890 725.610 01:50:00
5.076 145.598 738.780 01:50:01
5.080 143.890 728.537 01:50:02
5.076 143.195 730.000 01:50:03
5.076 143.793 729.268 01:50:04
5.076 143.598 730.000 01:50:05
5.080 143.293 728.780 01:50:06
5.076 142.890 726.829 01:50:07
5.076 145.195 740.488 01:50:08
5.076 151.793 725.366 01:50:09
5.076 145.793 760.488 01:50:10
5.076 144.890 745.366 01:50:11
5.076 142.695 732.439 01:50:12
5.076 143.390 1064.146 01:50:13
5.076 145.500 734.146 01:50:14
5.076 156.598 801.951 01:50:15
5.076 143.598 727.317 01:50:16
5.068 242.488 1333.902 01:50:17
5.072 143.000 726.585 01:50:18
5.076 142.390 722.195 01:50:19
5.076 158.195 801.951 01:50:20
5.080 143.098 729.268 01:50:22
5.076 149.000 756.585 01:50:23
5.076 144.793 737.805 01:50:24
5.076 154.098 738.537 01:50:25
5.076 143.500 730.488 01:50:26
5.076 144.293 736.098 01:50:27
5.076 143.098 729.268 01:50:28
5.076 144.390 722.195 01:50:29
5.076 142.890 728.780 01:50:30
5.076 143.293 730.000 01:50:31
5.080 186.988 983.902 01:50:32
5.076 145.000 730.976 01:50:33
5.072 175.598 916.829 01:50:34
5.076 145.000 738.780 01:50:35
5.076 143.793 734.390 01:50:36
5.072 156.890 794.390 01:50:37
5.080 142.598 725.610 01:50:38
5.072 179.793 898.049 01:50:39
5.076 145.098 730.000 01:50:40
5.072 192.293 970.732 01:50:41
5.076 142.793 725.610 01:50:42
5.076 142.890 732.927 01:50:43
5.076 145.500 734.146 01:50:44
5.076 143.390 728.049 01:50:45
5.076 144.293 725.366 01:50:46
5.080 142.890 725.610 01:50:47
5.076 143.000 725.610 01:50:48
5.076 143.695 730.000 01:50:49
5.076 143.793 727.805 01:50:50
5.076 144.500 738.537 01:50:51
5.076 144.695 733.415 01:50:52
5.072 158.500 801.951 01:50:53
5.076 142.390 725.610 01:50:54
5.076 148.890 751.220 01:50:55
5.076 144.598 732.927 01:50:56
5.076 143.390 725.366 01:50:57
5.076 143.000 726.585 01:50:58
5.076 144.890 735.366 01:50:59
5.076 165.195 930.000 01:51:00
5.076 145.598 735.366 01:51:01
5.076 143.000 724.390 01:51:02
5.076 145.598 734.878 01:51:03
5.076 143.890 730.488 01:51:04
5.076 142.390 730.488 01:51:05
5.076 143.000 727.805 01:51:06
5.072 202.890 1049.756 01:51:07
5.076 143.098 726.829 01:51:08
5.076 143.098 730.488 01:51:09
5.076 143.598 727.805 01:51:10
5.076 146.293 738.537 01:51:11
5.076 144.293 730.976 01:51:12
5.076 143.195 732.439 01:51:13
5.076 151.695 767.561 01:51:14
5.076 142.500 734.146 01:51:15
5.076 143.890 730.488 01:51:16
5.076 165.390 738.049 01:51:17
5.076 144.000 725.610 01:51:18
5.076 147.695 750.000 01:51:19
5.076 145.500 740.488 01:51:20
5.076 144.390 734.878 01:51:21
5.076 145.598 732.927 01:51:22
5.076 143.098 732.927 01:51:23
5.076 156.695 790.488 01:51:24
5.080 143.793 729.268 01:51:25
5.072 152.098 768.537 01:51:26
5.076 145.098 734.390 01:51:27
5.076 142.500 723.415 01:51:28
5.080 143.195 729.756 01:51:29
5.076 144.195 729.268 01:51:30
5.076 158.390 804.146 01:51:31
5.076 143.293 730.000 01:51:32
5.068 215.890 1156.585 01:51:33
5.076 143.098 728.537 01:51:34
5.076 144.098 723.659 01:51:35
5.076 156.695 793.659 01:51:36
5.080 143.390 731.707 01:51:37
5.076 196.195 978.293 01:51:38
5.076 143.793 727.317 01:51:39
5.076 143.793 729.268 01:51:40
5.076 145.500 736.585 01:51:41
5.072 143.098 761.951 01:51:42
5.076 144.000 725.610 01:51:43
5.076 143.390 731.220 01:51:44
5.072 191.890 987.073 01:51:45
5.076 143.098 722.927 01:51:46
5.076 143.890 731.220 01:51:47
5.076 145.890 733.415 01:51:48
5.076 143.695 728.780 01:51:49
5.072 159.000 808.049 01:51:50
5.076 143.890 725.610 01:51:51
5.072 196.390 1032.927 01:51:52
5.076 143.890 725.610 01:51:53
5.080 143.695 726.829 01:51:54
5.076 149.390 762.927 01:51:55
5.072 143.195 730.000 01:51:56
5.080 145.195 1056.585 01:51:57
5.076 143.098 726.585 01:51:58
5.080 143.098 726.585 01:51:59
5.076 143.000 736.098 01:52:00
5.076 143.195 731.220 01:52:01
5.076 149.195 761.220 01:52:02
5.076 143.793 726.585 01:52:03
5.076 143.098 725.366 01:52:04
5.076 143.293 730.488 01:52:05
5.076 143.793 724.878 01:52:06
5.076 157.293 800.488 01:52:07
5.076 144.000 729.268 01:52:08
5.076 196.793 1000.976 01:52:09
5.076 145.390 759.268 01:52:10
5.076 144.390 732.927 01:52:11
5.076 143.098 727.805 01:52:12
5.076 143.098 735.366 01:52:13
5.076 157.500 792.439 01:52:15
5.076 142.598 730.976 01:52:16
5.076 143.390 735.366 01:52:17
5.076 143.500 727.317 01:52:18
5.076 146.000 740.976 01:52:19
5.080 145.598 735.366 01:52:20
5.072 153.890 775.610 01:52:21
5.076 199.293 737.317 01:52:22
5.076 143.293 724.878 01:52:23
5.076 145.500 731.220 01:52:24
5.076 144.293 738.049 01:52:25
5.076 143.500 729.268 01:52:26
5.076 158.293 759.756 01:52:27
5.076 144.195 737.805 01:52:28
5.076 143.098 725.610 01:52:29
5.076 144.390 738.537 01:52:30
5.076 143.293 730.976 01:52:31
5.076 178.793 808.537 01:52:32
5.076 144.098 728.537 01:52:33
5.072 214.695 1093.659 01:52:34
5.076 144.793 743.171 01:52:35
5.076 144.890 726.585 01:52:36
5.076 156.293 788.537 01:52:37
5.076 143.890 735.366 01:52:38
5.076 150.793 762.439 01:52:39
5.076 143.293 730.000 01:52:40
5.076 144.000 730.488 01:52:41
5.076 144.793 735.366 01:52:42
5.080 143.000 730.000 01:52:43
5.076 157.598 802.927 01:52:44
5.076 143.890 724.878 01:52:45
5.072 264.085 1097.317 01:52:46
5.076 145.000 739.756 01:52:47
5.080 144.000 725.610 01:52:48
5.076 156.793 800.488 01:52:49
5.076 143.598 731.220 01:52:50
5.076 157.000 796.829 01:52:51
5.076 143.195 727.317 01:52:52
5.076 143.695 726.829 01:52:53
5.076 145.293 739.268 01:52:54
5.080 145.293 732.927 01:52:55
5.076 183.988 760.976 01:52:56
5.076 142.500 726.829 01:52:57
5.076 147.000 747.317 01:52:58
5.076 144.000 726.829 01:52:59
5.072 189.890 837.317 01:53:00
5.076 144.793 727.805 01:53:01
5.076 144.000 730.488 01:53:02
5.076 144.695 726.098 01:53:03
5.076 142.695 724.878 01:53:04
5.076 150.195 763.171 01:53:05
5.076 143.890 735.366 01:53:06
5.076 143.195 726.829 01:53:07
5.076 158.500 802.927 01:53:08
5.076 145.500 737.805 01:53:09
5.076 149.293 765.366 01:53:10
5.076 151.598 1616.341 01:53:11
5.076 143.195 729.268 01:53:12
5.080 146.500 784.390 01:53:13
5.076 143.195 728.537 01:53:14
5.076 158.293 804.146 01:53:15
5.076 146.500 739.756 01:53:16
5.072 197.890 999.756 01:53:17
5.080 145.695 742.439 01:53:18
5.076 143.195 730.488 01:53:19
5.072 156.000 795.122 01:53:20
5.076 142.890 721.707 01:53:21
5.068 247.890 957.805 01:53:22
5.072 144.793 734.878 01:53:23
5.076 144.793 730.488 01:53:24
5.076 143.098 727.805 01:53:25
5.076 144.000 730.000 01:53:26
5.072 144.890 880.000 01:53:27
5.076 143.195 726.585 01:53:28
5.068 239.085 1220.732 01:53:29
5.076 144.500 730.000 01:53:30
5.076 142.598 723.415 01:53:31
5.076 170.293 736.098 01:53:32
5.072 144.195 727.317 01:53:33
5.072 156.793 796.829 01:53:34
5.076 143.195 726.829 01:53:35
5.068 194.488 983.415 01:53:36
5.072 143.000 727.317 01:53:37
5.076 143.390 726.829 01:53:38
5.072 166.293 764.146 01:53:39
5.072 176.488 896.829 01:53:40
5.072 208.890 1045.366 01:53:41
5.076 143.195 726.829 01:53:42
5.076 144.098 723.659 01:53:43
5.076 144.098 726.585 01:53:44
5.076 143.695 731.220 01:53:45
5.076 144.098 730.488 01:53:46
5.076 143.793 725.610 01:53:47
5.076 156.098 791.220 01:53:48
5.076 144.890 735.366 01:53:49
5.076 143.293 736.098 01:53:50
5.076 171.988 842.683 01:53:51
5.076 143.793 726.585 01:53:52
5.076 143.195 725.610 01:53:53
5.076 143.293 725.366 01:53:54
5.076 146.793 725.610 01:53:55
5.072 174.793 736.585 01:53:56
5.076 153.293 727.805 01:53:57
5.068 220.598 1155.366 01:53:58
5.076 144.000 727.805 01:53:59
5.076 144.890 727.317 01:54:00
5.076 143.500 727.317 01:54:01
5.072 143.695 727.317 01:54:02
5.076 156.793 794.390 01:54:03
5.076 142.695 727.317 01:54:04
5.076 149.793 757.561 01:54:05
5.076 145.695 869.512 01:54:06
5.076 144.098 727.805 01:54:08
5.076 143.195 725.610 01:54:09
5.076 145.500 743.659 01:54:10
5.076 202.293 800.000 01:54:11
5.080 144.695 731.220 01:54:12
5.072 144.390 731.220 01:54:13
5.076 143.390 729.268 01:54:14
5.076 144.000 753.171 01:54:15
5.076 144.793 742.195 01:54:16
5.076 144.195 730.976 01:54:17
5.076 143.195 731.220 01:54:18
5.076 144.293 1015.366 01:54:19
5.080 144.000 730.976 01:54:20
5.076 156.695 792.439 01:54:21
5.076 150.195 823.902 01:54:22
5.076 142.890 726.585 01:54:23
5.076 145.598 823.171 01:54:24
5.076 143.098 730.488 01:54:25
5.076 158.098 804.390 01:54:26
5.076 143.500 730.488 01:54:27
5.072 152.695 762.927 01:54:28
5.076 143.195 727.317 01:54:29
5.080 143.890 729.268 01:54:30
5.076 143.098 727.805 01:54:31
5.076 144.695 722.195 01:54:32
5.076 157.598 873.902 01:54:33
5.076 143.098 729.268 01:54:34
5.068 174.488 807.317 01:54:35
5.076 144.195 731.220 01:54:36
5.068 203.695 1052.683 01:54:37
5.076 144.195 726.829 01:54:38
5.076 142.695 724.390 01:54:39
5.080 142.793 726.829 01:54:40
5.076 143.293 725.610 01:54:41
5.068 220.488 1035.366 01:54:42
5.076 145.500 750.976 01:54:43
5.076 143.890 732.927 01:54:44
5.076 144.000 726.829 01:54:45
5.080 142.695 726.098 01:54:46
5.076 154.598 754.878 01:54:47
5.072 210.598 734.878 01:54:48
5.072 145.695 1309.024 01:54:49
5.076 153.793 939.512 01:54:50
5.076 142.598 730.488 01:54:51
5.076 158.390 804.146 01:54:52
5.076 145.098 734.878 01:54:53
5.076 143.098 731.707 01:54:54
5.076 148.695 935.122 01:54:55
5.076 143.098 726.829 01:54:56
5.076 143.390 727.317 01:54:57
5.076 142.890 730.488 01:54:58
5.076 142.598 726.585 01:54:59
5.076 143.500 722.439 01:55:00
5.068 242.390 1191.951 01:55:01
5.076 144.000 730.000 01:55:02
5.072 143.098 727.805 01:55:03
5.076 157.793 841.220 01:55:04
5.076 144.098 730.000 01:55:05
5.076 156.500 794.878 01:55:06
5.076 142.500 723.415 01:55:07
5.076 145.098 732.927 01:55:08
5.072 144.890 739.756 01:55:09
5.076 142.890 725.610 01:55:10
5.076 157.195 736.098 01:55:11
5.076 143.293 730.000 01:55:12
5.068 204.488 1034.146 01:55:13
5.076 145.390 736.829 01:55:14
5.076 143.293 730.488 01:55:15
5.076 143.098 732.195 01:55:16
5.076 142.793 727.317 01:55:17
5.072 200.098 1226.341 01:55:18
5.072 176.793 894.634 01:55:19
5.076 153.390 725.610 01:55:20
5.076 143.000 726.585 01:55:21
5.072 143.195 722.927 01:55:22
5.076 147.390 750.976 01:55:23
5.076 143.195 727.317 01:55:24
5.068 241.793 1228.780 01:55:25
5.076 145.195 738.537 01:55:26
5.076 142.793 722.195 01:55:27
5.076 143.598 723.659 01:55:28
5.076 143.098 725.366 01:55:29
5.072 158.598 801.951 01:55:30
5.072 147.195 744.390 01:55:31
5.076 146.293 756.098 01:55:32
5.076 144.793 760.976 01:55:33
5.076 142.500 727.317 01:55:34
5.072 143.293 727.317 01:55:35
5.076 145.293 726.829 01:55:36
5.072 157.390 763.659 01:55:37
5.076 172.988 734.878 01:55:38
5.076 142.390 726.829 01:55:39
5.076 143.195 727.317 01:55:40
5.076 143.098 723.415 01:55:41
5.076 218.488 753.659 01:55:42
5.076 143.793 730.488 01:55:43
5.072 198.598 985.366 01:55:44
5.076 143.293 726.829 01:55:45
5.076 144.293 728.780 01:55:46
5.076 143.890 726.829 01:55:47
5.076 143.098 726.829 01:55:48
5.076 156.695 794.390 01:55:49
5.076 144.000 730.488 01:55:50
5.072 143.293 727.317 01:55:51
5.072 146.500 739.756 01:55:52
5.076 156.098 749.756 01:55:53
5.076 143.000 732.927 01:55:54
5.076 142.695 726.098 01:55:55
5.076 143.293 730.976 01:55:56
5.068 158.598 803.171 01:55:57
5.076 246.195 956.585 01:55:58
5.080 143.793 725.610 01:55:59
5.076 202.988 731.220 01:56:00
5.076 142.500 721.220 01:56:02
5.076 147.500 749.268 01:56:03
5.076 144.890 727.317 01:56:04
5.072 227.488 1322.683 01:56:05
5.076 145.390 733.415 01:56:06
5.076 143.793 728.537 01:56:07
5.072 143.390 730.000 01:56:08
5.076 142.500 724.390 01:56:09
5.076 160.195 812.927 01:56:10
5.076 143.098 731.220 01:56:11
5.068 254.085 1219.268 01:56:12
5.076 144.793 777.561 01:56:13
5.076 145.098 732.927 01:56:14
5.076 156.098 792.439 01:56:15
5.076 143.890 728.780 01:56:16
5.076 151.195 764.146 01:56:17
5.076 144.793 735.366 01:56:18
5.072 143.098 726.585 01:56:19
5.076 157.793 794.146 01:56:20
5.076 142.390 728.780 01:56:21
5.072 158.500 932.195 01:56:22
5.076 143.098 728.537 01:56:23
5.072 212.293 1374.390 01:56:24
5.076 199.098 738.537 01:56:25
5.076 143.293 731.220 01:56:26
5.076 156.098 793.171 01:56:27
5.076 142.500 723.415 01:56:28
5.076 239.988 998.293 01:56:29
5.072 190.195 774.146 01:56:30
5.072 149.598 881.220 01:56:31
5.076 143.000 982.195 01:56:32
5.076 143.500 730.976 01:56:33
5.076 157.098 788.780 01:56:34
5.076 143.793 726.585 01:56:35
5.076 155.390 744.390 01:56:36
5.076 143.500 724.146 01:56:37
5.076 143.098 727.317 01:56:38
5.076 145.598 734.878 01:56:39
5.072 143.500 727.317 01:56:40
5.076 158.500 804.390 01:56:41
5.076 144.890 738.780 01:56:42
5.076 145.695 734.878 01:56:43
5.076 142.390 722.195 01:56:44
5.072 164.500 849.268 01:56:45
5.076 145.793 744.146 01:56:46
5.080 144.000 736.829 01:56:47
5.080 144.890 738.049 01:56:48
5.076 143.390 730.488 01:56:49
5.072 193.890 973.415 01:56:50
5.080 143.098 731.220 01:56:51
5.076 143.890 730.000 01:56:52
5.076 147.000 748.780 01:56:53
5.076 143.000 726.829 01:56:54
5.076 144.195 728.780 01:56:55
5.068 177.390 800.000 01:56:56
5.072 143.195 726.829 01:56:57
5.072 245.085 806.098 01:56:58
5.076 144.098 730.000 01:56:59
5.076 143.098 726.585 01:57:00
5.076 145.500 734.390 01:57:01
5.076 143.195 726.585 01:57:02
5.072 157.793 800.000 01:57:03
5.076 143.000 726.829 01:57:04
5.076 186.598 901.463 01:57:05
5.076 150.195 1013.415 01:57:06
5.076 143.000 725.366 01:57:07
5.076 157.390 864.878 01:57:08
5.076 143.293 727.317 01:57:09
5.068 290.085 1250.732 01:57:10
5.080 322.793 744.146 01:57:11
5.076 143.098 725.610 01:57:12
5.076 158.195 804.146 01:57:13
5.076 144.390 732.195 01:57:14
5.044 243.695 1215.610 01:57:15
5.076 144.598 734.878 01:57:16
5.080 143.890 730.000 01:57:17
5.072 159.098 804.146 01:57:18
5.080 143.793 722.195 01:57:19
5.076 151.195 764.390 01:57:20
5.076 146.598 738.049 01:57:21
5.076 142.695 722.195 01:57:22
5.080 145.598 736.098 01:57:23
5.076 147.598 726.585 01:57:24
5.076 158.500 808.537 01:57:25
5.076 144.390 734.878 01:57:26
5.076 188.098 947.805 01:57:27
5.080 145.500 744.146 01:57:28
5.076 144.793 731.220 01:57:29
5.076 146.500 1039.756 01:57:30
5.076 145.098 738.049 01:57:31
5.076 145.098 738.780 01:57:32
5.076 143.293 729.268 01:57:33
5.076 143.195 727.317 01:57:34
5.076 156.793 794.390 01:57:35
5.076 144.000 728.780 01:57:36
5.072 192.390 981.951 01:57:37
5.076 143.890 725.366 01:57:38
5.076 143.098 736.098 01:57:39
5.076 160.793 811.951 01:57:40
5.076 143.098 727.317 01:57:41
5.076 156.195 793.171 01:57:42
5.076 143.098 730.976 01:57:43
5.076 143.500 727.805 01:57:44
5.072 144.000 726.585 01:57:45
5.076 143.000 726.098 01:57:46
5.072 158.390 803.659 01:57:47
5.076 143.293 722.927 01:57:48
5.076 143.695 726.585 01:57:49
5.076 212.390 737.805 01:57:50
5.076 143.793 729.268 01:57:51
5.076 150.695 808.537 01:57:52
5.076 144.695 734.878 01:57:53
5.076 147.695 725.610 01:57:54
5.076 144.793 769.756 01:57:56
5.080 142.793 724.390 01:57:57
5.072 191.793 977.073 01:57:58
5.076 146.793 725.610 01:57:59
5.076 144.098 732.439 01:58:00
5.076 158.695 804.146 01:58:01
5.076 143.293 724.878 01:58:02
5.076 157.098 791.220 01:58:03
5.076 237.988 1079.024 01:58:04
5.072 143.793 729.268 01:58:05
5.076 143.500 726.098 01:58:06
5.072 143.098 725.610 01:58:07
5.076 142.890 725.610 01:58:08
5.076 145.390 735.366 01:58:09
5.076 159.390 808.049 01:58:10
5.076 144.000 724.878 01:58:11
5.068 203.390 1054.146 01:58:12
5.080 144.793 740.488 01:58:13
5.076 144.098 727.317 01:58:14
5.076 156.098 740.000 01:58:15
5.076 199.793 732.927 01:58:16
5.076 156.695 796.341 01:58:17
5.076 143.098 722.195 01:58:18
5.080 143.598 730.488 01:58:19
5.076 143.000 726.829 01:58:20
5.076 143.793 731.220 01:58:21
5.076 156.890 791.951 01:58:22
5.076 144.390 734.390 01:58:23
5.072 199.195 978.780 01:58:24
5.076 142.598 725.366 01:58:25
5.076 142.598 723.415 01:58:26
5.072 143.890 727.805 01:58:27
5.080 143.098 726.829 01:58:28
5.076 150.390 763.659 01:58:29
5.076 191.098 742.439 01:58:30
5.076 142.793 725.610 01:58:31
5.072 159.500 806.098 01:58:32
5.076 142.195 723.415 01:58:33
5.076 154.293 758.780 01:58:34
5.072 175.890 1036.585 01:58:35
5.068 145.598 742.439 01:58:36
5.076 145.695 730.488 01:58:37
5.076 143.098 725.610 01:58:38
5.076 194.195 801.707 01:58:39
5.076 146.098 736.098 01:58:40
5.076 156.890 796.341 01:58:41
5.080 143.695 730.000 01:58:42
5.072 142.890 726.585 01:58:43
5.072 153.890 1007.073 01:58:44
5.076 143.890 775.610 01:58:45
5.076 144.598 724.878 01:58:46
5.076 144.695 735.366 01:58:47
5.072 179.195 915.854 01:58:48
5.076 143.195 731.220 01:58:49
5.076 144.695 726.585 01:58:50
5.076 155.890 791.707 01:58:51
5.076 142.793 727.805 01:58:52
5.076 143.695 725.610 01:58:53
5.076 156.695 792.927 01:58:54
5.076 143.098 730.488 01:58:55
5.076 156.695 792.439 01:58:56
5.076 144.598 836.341 01:58:57
5.076 176.890 941.463 01:58:58
5.076 142.793 726.585 01:58:59
5.076 143.390 727.317 01:59:00
5.072 157.293 796.098 01:59:01
5.076 145.500 741.220 01:59:02
5.076 156.695 793.171 01:59:03
5.076 143.098 727.805 01:59:04
5.076 143.390 728.537 01:59:05
5.072 160.695 812.927 01:59:06
5.076 143.695 728.537 01:59:07
5.072 156.695 794.878 01:59:08
5.076 144.793 737.805 01:59:09
5.072 179.793 924.634 01:59:10
5.076 145.195 742.195 01:59:11
5.076 166.195 736.585 01:59:12
5.072 160.390 790.732 01:59:13
5.076 144.890 741.220 01:59:14
5.076 143.695 736.829 01:59:15
5.076 171.488 771.707 01:59:16
5.076 146.098 739.756 01:59:17
5.076 158.098 810.000 01:59:18
5.076 143.890 725.610 01:59:19
5.072 202.098 984.634 01:59:20
5.076 144.195 730.000 01:59:21
5.076 143.500 725.610 01:59:22
5.076 157.695 736.098 01:59:23
5.076 144.098 736.585 01:59:24
5.076 150.598 764.146 01:59:25
5.076 143.890 724.878 01:59:26
5.076 145.500 732.439 01:59:27
5.072 143.293 728.537 01:59:28
5.076 143.293 725.610 01:59:29
5.076 233.695 1028.293 01:59:30
5.076 143.390 734.390 01:59:31
5.076 143.890 727.317 01:59:32
5.076 144.195 733.415 01:59:33
5.072 153.000 727.317 01:59:34
5.072 143.890 775.610 01:59:35
5.076 143.890 726.829 01:59:36
5.072 193.988 973.902 01:59:37
5.076 144.890 730.488 01:59:38
5.076 144.098 735.366 01:59:39
5.076 144.695 734.390 01:59:40
5.076 143.195 725.610 01:59:41
5.076 156.598 795.610 01:59:42
5.076 143.890 730.000 01:59:43
5.076 142.390 725.610 01:59:44
5.072 144.890 740.000 01:59:45
5.076 143.890 730.000 01:59:46
5.072 158.500 804.390 01:59:47
5.076 174.890 1038.293 01:59:49
5.068 145.598 882.439 01:59:50
5.076 145.390 811.951 01:59:51
5.076 144.098 725.366 01:59:52
5.072 203.598 1032.195 01:59:53
5.076 143.293 949.512 01:59:54
5.076 143.098 730.488 01:59:55
5.072 156.890 796.341 01:59:56
5.076 162.500 739.756 01:59:57
5.072 216.598 1096.098 01:59:58
5.076 143.390 727.317 01:59:59
5.076 143.293 733.415 02:00:00
5.076 145.000 736.098 02:00:01
5.076 143.890 731.220 02:00:02
5.076 156.890 791.220 02:00:03
5.076 144.390 730.000 02:00:04
5.076 143.098 723.659 02:00:05
5.076 144.500 732.927 02:00:06
5.076 161.390 737.805 02:00:07
5.064 179.988 817.317 02:00:08
5.076 145.500 735.610 02:00:09
5.072 204.695 1033.415 02:00:10
5.076 145.598 841.707 02:00:11
5.076 142.598 724.390 02:00:12
5.076 159.695 808.049 02:00:13
5.076 144.098 734.146 02:00:14
5.068 242.390 1068.293 02:00:15
5.076 143.195 724.390 02:00:16
5.076 143.098 730.976 02:00:17
5.076 144.000 726.585 02:00:18
5.080 143.293 726.585 02:00:19
5.072 156.695 791.951 02:00:20
5.076 143.098 726.829 02:00:21
5.076 145.793 729.268 02:00:22
5.076 158.000 804.146 02:00:23
5.076 143.195 730.488 02:00:24
5.072 158.793 804.146 02:00:25
5.072 143.793 726.098 02:00:26
5.076 145.695 742.439 02:00:27
5.076 143.793 734.878 02:00:28
5.076 143.098 725.610 02:00:29
5.076 155.793 794.878 02:00:30
5.072 144.000 726.829 02:00:31
5.076 247.195 1084.878 02:00:32
5.076 143.390 764.390 02:00:33
5.076 143.098 725.366 02:00:34
5.076 155.890 796.829 02:00:35
5.076 143.195 727.317 02:00:36
5.072 158.098 795.122 02:00:37
5.076 145.793 736.098 02:00:38
5.076 143.793 731.220 02:00:39
5.076 143.293 727.317 02:00:40
5.072 142.890 726.585 02:00:41
5.076 155.390 796.098 02:00:42
5.072 143.000 727.317 02:00:43
5.076 146.390 1300.000 02:00:44
5.076 145.695 735.366 02:00:45
5.076 143.098 726.829 02:00:46
5.076 158.195 804.146 02:00:47
5.076 143.098 723.659 02:00:48
5.076 149.890 760.976 02:00:49
5.076 149.195 738.537 02:00:50
5.076 143.293 730.976 02:00:51
5.076 158.390 804.390 02:00:52
5.076 144.598 737.805 02:00:53
5.076 143.195 726.585 02:00:54
5.068 158.195 805.122 02:00:55
5.076 143.390 726.585 02:00:56
5.076 156.695 791.220 02:00:57
5.080 175.890 734.146 02:00:58
5.080 164.195 730.488 02:00:59
5.076 208.098 734.390 02:01:00
5.076 142.890 733.415 02:01:01
5.068 243.488 1298.049 02:01:02
5.076 143.293 726.585 02:01:03
5.076 143.195 725.610 02:01:04
5.076 143.098 912.683 02:01:05
5.076 143.195 722.927 02:01:06
5.076 147.000 745.610 02:01:07
5.076 144.293 736.829 02:01:08
5.072 218.293 768.537 02:01:09
5.076 145.500 733.659 02:01:10
5.076 143.195 723.415 02:01:11
5.076 156.793 791.707 02:01:12
5.076 144.098 732.927 02:01:13
5.076 157.793 795.122 02:01:14
5.076 146.598 738.537 02:01:15
5.076 143.195 726.829 02:01:16
5.076 145.695 734.390 02:01:17
5.080 142.793 726.585 02:01:18
5.068 272.293 885.122 02:01:19
5.076 145.390 738.049 02:01:20
5.076 150.293 731.220 02:01:21
5.072 177.390 1073.659 02:01:22
5.072 144.793 797.561 02:01:23
5.076 145.293 734.878 02:01:24
5.076 142.293 728.780 02:01:25
5.076 144.695 734.878 02:01:26
5.076 146.695 745.366 02:01:27
5.072 201.293 985.366 02:01:28
5.076 143.390 726.829 02:01:29
5.076 143.293 727.805 02:01:30
5.076 143.195 726.829 02:01:31
5.076 143.390 728.537 02:01:32
5.076 156.598 795.122 02:01:33
5.076 197.793 735.366 02:01:34
5.072 143.793 730.000 02:01:35
5.072 157.890 799.512 02:01:36
5.076 143.390 730.488 02:01:37
5.072 156.890 795.610 02:01:38
5.072 207.390 739.756 02:01:39
5.076 143.293 731.220 02:01:41
5.076 143.793 980.732 02:01:42
5.072 143.098 730.976 02:01:43
5.076 156.890 796.341 02:01:44
5.076 143.098 725.610 02:01:45
5.080 143.793 725.366 02:01:46
5.076 144.098 730.000 02:01:47
5.076 143.793 731.220 02:01:48
5.076 149.293 758.780 02:01:49
5.076 143.000 746.829 02:01:50
5.076 143.500 728.537 02:01:51
5.076 143.293 727.317 02:01:52
5.076 143.695 726.829 02:01:53
5.072 203.390 1032.195 02:01:54
5.076 143.890 728.780 02:01:55
5.072 143.000 726.829 02:01:56
5.076 143.293 726.585 02:01:57
5.076 143.293 728.537 02:01:58
5.072 156.793 798.537 02:01:59
5.076 143.098 732.927 02:02:00
5.076 143.890 730.488 02:02:01
5.076 156.695 796.341 02:02:02
5.076 145.793 738.537 02:02:03
5.072 158.390 800.732 02:02:04
5.076 144.890 734.878 02:02:05
5.076 159.293 830.488 02:02:06
5.076 195.890 734.878 02:02:07
5.076 143.195 726.829 02:02:08
5.076 149.598 751.707 02:02:09
5.076 143.793 753.171 02:02:10
5.068 240.488 1224.878 02:02:11
5.080 150.390 760.488 02:02:12
5.076 144.890 736.098 02:02:13
5.076 145.793 740.000 02:02:14
5.076 143.293 726.829 02:02:15
5.076 144.390 733.415 02:02:16
5.076 143.000 726.098 02:02:17
5.076 156.793 794.146 02:02:18
5.076 143.000 727.317 02:02:19
5.076 146.500 732.195 02:02:20
5.080 119.000 607.317 02:02:21
5.076 142.890 726.829 02:02:22
5.076 143.098 736.829 02:02:23
5.076 144.000 727.805 02:02:24
5.076 156.098 791.951 02:02:25
5.076 145.195 732.439 02:02:26
5.076 144.793 792.927 02:02:27
5.076 145.390 734.146 02:02:28
5.076 143.500 722.195 02:02:29
5.076 143.390 730.488 02:02:30
5.076 142.793 730.000 02:02:31
5.076 156.793 793.171 02:02:32
5.076 143.793 730.976 02:02:33
5.080 142.890 728.780 02:02:34
5.072 145.598 734.390 02:02:35
5.076 143.195 728.537 02:02:36
5.080 158.000 802.439 02:02:37
5.072 198.890 900.244 02:02:38
5.076 143.000 730.488 02:02:39
5.076 145.390 738.049 02:02:40
5.076 144.098 726.829 02:02:41
5.076 158.390 802.439 02:02:42
5.076 153.695 726.585 02:02:43
5.076 145.500 735.366 02:02:44
5.076 143.098 728.537 02:02:45
5.076 143.000 724.878 02:02:46
5.076 143.890 726.829 02:02:47
5.076 143.000 732.195 02:02:48
5.072 204.195 1032.683 02:02:49
5.080 144.695 734.878 02:02:50
5.076 144.793 726.829 02:02:51
5.076 252.390 800.732 02:02:52
5.076 143.098 727.317 02:02:53
5.076 143.695 731.220 02:02:54
5.076 143.695 725.610 02:02:55
5.076 142.793 725.366 02:02:56
5.080 128.598 604.146 02:02:57
5.076 143.000 772.927 02:02:58
5.076 156.598 792.439 02:02:59
5.080 143.195 728.537 02:03:00
5.076 143.195 734.146 02:03:01
5.076 143.195 727.317 02:03:02
5.076 143.098 726.585 02:03:03
5.076 158.598 884.634 02:03:04
5.076 174.695 856.341 02:03:05
5.076 143.793 1032.195 02:03:06
5.076 145.000 735.366 02:03:07
5.076 143.500 726.585 02:03:08
5.076 155.890 794.878 02:03:09
5.076 143.500 726.585 02:03:10
5.076 143.390 736.098 02:03:11
5.076 157.793 792.439 02:03:12
5.076 144.890 733.415 02:03:13
5.076 147.695 736.829 02:03:14
5.080 145.000 725.366 02:03:15
5.076 156.890 796.098 02:03:16
5.076 142.695 724.878 02:03:17
5.072 205.390 1028.537 02:03:18
5.076 143.793 723.659 02:03:19
5.076 143.000 727.317 02:03:20
5.076 157.500 806.341 02:03:21
5.076 144.098 730.976 02:03:22
5.076 156.793 795.122 02:03:23
5.072 143.293 732.195 02:03:24
5.076 143.000 726.829 02:03:25
5.080 142.390 724.390 02:03:26
5.076 143.390 730.000 02:03:27
5.068 244.695 1278.780 02:03:28
5.080 145.890 742.195 02:03:29
5.080 145.390 734.146 02:03:30
5.076 145.000 738.537 02:03:31
5.076 145.890 732.195 02:03:32
5.076 144.695 735.366 02:03:33
5.076 143.500 732.439 02:03:35
5.072 205.988 1050.244 02:03:36
5.076 145.000 726.585 02:03:37
5.080 145.098 726.585 02:03:38
5.076 144.695 734.878 02:03:39
5.076 152.890 730.488 02:03:40
5.068 221.390 1094.878 02:03:41
5.076 181.098 969.024 02:03:42
5.076 143.793 730.000 02:03:43
5.076 147.000 727.317 02:03:44
5.076 143.195 727.317 02:03:45
5.076 159.598 800.732 02:03:46
5.076 149.293 809.268 02:03:47
5.076 143.098 726.585 02:03:48
5.076 146.390 738.780 02:03:49
5.076 143.500 727.317 02:03:50
5.076 156.695 795.122 02:03:51
5.076 144.195 730.000 02:03:52
5.076 143.195 728.537 02:03:53
5.076 156.000 791.707 02:03:54
5.076 142.890 724.146 02:03:55
5.072 147.293 756.585 02:03:56
5.076 143.195 727.317 02:03:57
5.080 143.890 731.220 02:03:58
5.076 147.598 747.317 02:03:59
5.072 142.598 727.317 02:04:00
5.076 157.000 789.756 02:04:01
5.080 143.293 727.317 02:04:02
5.068 239.171 1376.098 02:04:03
5.076 143.195 727.317 02:04:04
5.076 143.780 729.756 02:04:05
5.080 146.195 746.341 02:04:06
5.076 158.293 803.415 02:04:07
