5.060 339.085 1673.902 16:20:58
5.072 160.098 814.878 16:20:59
5.076 146.195 743.659 16:21:00
5.060 336.390 1700.732 16:21:01
5.068 213.890 1196.341 16:21:02
5.072 146.793 746.098 16:21:03
5.068 162.293 824.390 16:21:04
5.072 164.500 770.976 16:21:05
5.052 366.585 2009.268 16:21:06
5.068 189.098 941.463 16:21:07
5.064 303.195 1077.805 16:21:08
5.072 153.195 774.146 16:21:09
5.076 148.195 758.537 16:21:10
5.068 278.890 1251.220 16:21:11
5.072 147.500 746.098 16:21:12
5.056 389.988 1230.732 16:21:13
5.072 151.098 769.756 16:21:14
5.072 154.073 781.463 16:21:15
5.072 161.488 823.415 16:21:16
5.072 148.293 744.878 16:21:17
5.064 360.561 1876.585 16:21:18
5.072 163.293 777.073 16:21:19
5.072 218.683 1177.073 16:21:20
5.072 162.073 887.317 16:21:21
5.072 207.488 1060.000 16:21:22
5.068 255.780 1230.732 16:21:23
5.072 221.976 897.561 16:21:24
5.072 161.976 822.439 16:21:25
5.072 153.390 800.000 16:21:26
5.068 244.268 1302.927 16:21:27
5.072 153.878 761.463 16:21:28
5.068 211.073 1030.244 16:21:29
5.060 398.951 1618.537 16:21:30
5.076 151.683 768.780 16:21:31
5.064 162.878 827.317 16:21:32
5.072 257.878 820.000 16:21:33
5.072 147.195 743.415 16:21:34
5.072 179.488 774.634 16:21:35
5.064 321.171 1513.171 16:21:36
5.060 339.463 1702.439 16:21:37
5.076 147.488 744.878 16:21:38
5.072 162.073 822.439 16:21:39
5.072 161.976 822.439 16:21:40
5.076 159.585 812.683 16:21:41
5.076 152.195 772.683 16:21:42
5.076 155.390 786.341 16:21:43
5.072 222.878 1082.927 16:21:44
5.076 147.195 807.805 16:21:45
5.044 467.049 1796.585 16:21:46
5.072 149.098 1022.927 16:21:47
5.072 162.195 822.439 16:21:48
5.068 161.390 822.439 16:21:49
5.064 247.780 1223.415 16:21:50
5.072 162.073 822.439 16:21:51
5.072 148.293 754.634 16:21:52
5.072 161.976 822.439 16:21:53
5.064 298.366 1285.366 16:21:54
5.060 294.268 976.585 16:21:55
5.076 274.780 1394.634 16:21:56
5.068 226.976 1122.927 16:21:57
5.064 244.488 1367.317 16:21:58
5.072 149.293 752.683 16:21:59
5.068 160.488 814.634 16:22:00
5.072 160.293 814.634 16:22:01
5.060 348.976 1283.415 16:22:02
5.068 244.585 1250.244 16:22:03
5.068 210.073 1390.732 16:22:04
5.076 164.780 836.585 16:22:05
5.072 148.098 757.073 16:22:06
5.072 152.293 769.756 16:22:07
5.076 160.293 810.244 16:22:09
5.072 243.976 823.902 16:22:10
5.072 214.488 816.098 16:22:11
5.072 197.073 1716.585 16:22:12
5.072 160.293 836.585 16:22:13
5.068 188.976 1021.463 16:22:14
5.072 160.293 813.659 16:22:15
5.076 172.488 1306.829 16:22:16
5.060 247.780 1240.976 16:22:17
5.060 335.659 1904.390 16:22:18
5.076 230.878 792.683 16:22:19
5.076 267.585 1409.268 16:22:20
5.072 163.488 860.000 16:22:21
5.072 160.390 860.976 16:22:22
5.060 325.659 1643.415 16:22:23
5.064 281.780 1627.317 16:22:24
5.064 169.780 876.098 16:22:25
5.060 283.366 1422.439 16:22:26
5.068 229.683 1120.488 16:22:27
5.072 148.976 743.415 16:22:28
5.076 222.268 1159.512 16:22:29
5.076 149.098 753.659 16:22:30
5.076 161.878 814.634 16:22:31
5.072 175.780 1101.951 16:22:32
5.064 190.488 943.902 16:22:33
5.072 147.780 743.902 16:22:34
5.072 161.976 820.000 16:22:35
5.056 361.756 1666.341 16:22:36
5.072 254.073 1076.585 16:22:37
5.064 240.171 823.902 16:22:38
5.064 279.268 1282.927 16:22:39
5.056 288.171 1415.610 16:22:40
5.068 162.293 816.585 16:22:41
5.056 263.073 1265.366 16:22:42
5.060 273.585 1432.195 16:22:43
5.064 243.976 1105.366 16:22:44
5.064 326.463 1449.756 16:22:45
5.068 251.976 1118.049 16:22:46
5.068 192.293 982.439 16:22:47
5.072 161.293 817.561 16:22:48
5.076 160.390 813.659 16:22:49
5.068 229.780 1033.171 16:22:50
5.064 201.780 996.585 16:22:51
5.072 151.683 1129.268 16:22:52
5.072 161.878 818.537 16:22:53
5.068 333.366 1303.415 16:22:54
5.068 212.268 1082.927 16:22:55
5.072 239.171 1318.537 16:22:56
5.072 161.878 820.976 16:22:57
5.072 162.195 823.902 16:22:58
5.072 162.195 1233.171 16:22:59
5.060 321.073 1617.561 16:23:00
5.072 161.195 823.902 16:23:01
5.060 255.976 1241.951 16:23:02
5.072 209.268 1272.195 16:23:03
5.072 148.390 756.098 16:23:04
5.072 162.073 822.439 16:23:05
5.072 160.585 818.537 16:23:06
5.060 274.976 1394.634 16:23:07
5.060 331.976 1567.317 16:23:08
5.056 375.171 1248.293 16:23:09
5.072 161.390 821.463 16:23:10
5.072 160.488 811.220 16:23:11
5.064 163.488 776.098 16:23:12
5.056 348.878 1469.756 16:23:13
5.072 148.585 752.195 16:23:14
5.076 161.780 823.902 16:23:15
5.072 162.195 825.366 16:23:16
5.068 245.976 1241.951 16:23:17
5.064 215.878 965.366 16:23:18
5.072 151.976 764.878 16:23:19
5.076 160.488 816.098 16:23:20
5.072 150.390 766.341 16:23:21
5.072 216.878 823.415 16:23:22
5.064 294.073 1359.512 16:23:23
5.068 210.171 1164.390 16:23:24
5.072 151.293 1137.073 16:23:25
5.064 258.683 1381.951 16:23:26
5.072 162.073 816.585 16:23:27
5.072 151.976 771.220 16:23:28
5.064 195.585 1020.000 16:23:29
5.060 318.463 1725.366 16:23:30
5.072 161.390 816.585 16:23:31
5.072 218.585 995.122 16:23:32
5.052 334.171 1892.683 16:23:33
5.076 172.293 823.415 16:23:34
5.072 161.683 823.902 16:23:35
5.048 247.268 1306.829 16:23:36
5.072 282.463 1092.683 16:23:37
5.068 240.585 1400.976 16:23:38
5.072 163.073 826.341 16:23:39
5.068 236.073 1180.488 16:23:40
5.060 164.878 837.561 16:23:41
5.072 162.195 823.415 16:23:42
5.068 181.585 758.537 16:23:43
5.072 190.073 1308.293 16:23:44
5.072 175.293 815.122 16:23:45
5.076 147.683 743.902 16:23:46
5.072 160.488 822.439 16:23:47
5.076 150.683 763.902 16:23:48
5.064 254.780 1286.829 16:23:49
5.072 184.171 752.195 16:23:50
5.072 234.585 1089.268 16:23:51
5.068 224.488 1097.561 16:23:52
5.076 148.098 754.634 16:23:53
5.072 177.683 936.098 16:23:54
5.076 148.488 752.683 16:23:55
5.072 148.293 752.195 16:23:56
5.056 417.951 1420.000 16:23:57
5.068 219.976 1020.000 16:23:58
5.064 247.268 1308.293 16:23:59
5.072 148.195 1032.683 16:24:00
5.072 150.390 765.854 16:24:01
5.072 256.463 859.024 16:24:03
5.064 251.585 995.610 16:24:04
5.072 250.780 795.122 16:24:05
5.072 162.195 819.024 16:24:06
5.072 161.683 1332.195 16:24:07
5.072 162.293 820.000 16:24:08
5.072 182.073 913.659 16:24:09
5.072 179.780 928.780 16:24:10
5.064 200.293 1136.585 16:24:11
5.064 209.585 922.927 16:24:12
5.060 339.366 1658.537 16:24:13
5.076 162.780 1352.195 16:24:14
5.072 161.195 827.805 16:24:15
5.072 162.585 822.439 16:24:16
5.072 223.976 811.220 16:24:17
5.056 297.976 1454.634 16:24:18
5.072 147.585 774.634 16:24:19
5.072 162.195 939.024 16:24:20
5.076 161.195 815.122 16:24:21
5.072 160.780 814.634 16:24:22
5.068 162.073 823.902 16:24:23
5.072 180.171 914.146 16:24:24
5.076 162.293 821.463 16:24:25
5.068 200.976 1006.341 16:24:26
5.072 162.683 1254.634 16:24:27
5.068 161.976 822.439 16:24:28
5.068 223.171 1125.366 16:24:29
5.072 211.976 1079.024 16:24:30
5.072 152.293 771.220 16:24:31
5.068 296.976 1012.683 16:24:32
5.064 205.488 1237.073 16:24:33
5.064 314.268 1477.561 16:24:34
5.076 153.195 777.073 16:24:35
5.068 224.488 1145.366 16:24:36
5.068 275.585 1301.951 16:24:37
5.068 155.585 782.439 16:24:38
5.064 259.171 1782.439 16:24:39
5.072 215.878 772.195 16:24:40
5.068 212.268 1071.707 16:24:41
5.072 214.073 1077.561 16:24:42
5.068 285.683 1282.927 16:24:43
5.072 152.098 775.122 16:24:44
5.072 161.195 820.976 16:24:45
5.048 385.951 2027.805 16:24:46
5.064 214.073 1343.415 16:24:47
5.072 174.683 813.659 16:24:48
5.072 160.585 811.220 16:24:49
5.064 282.780 1891.707 16:24:50
5.068 162.683 823.902 16:24:51
5.076 153.976 777.561 16:24:52
5.060 280.585 1411.220 16:24:53
5.076 152.683 772.683 16:24:54
5.076 161.976 1251.707 16:24:55
5.072 201.683 1050.244 16:24:56
5.072 151.976 768.780 16:24:57
5.072 195.976 1423.415 16:24:58
5.068 239.488 998.049 16:24:59
5.068 248.171 1226.829 16:25:00
5.044 397.951 2054.634 16:25:01
5.076 146.390 793.659 16:25:02
5.072 178.195 821.463 16:25:03
5.072 162.390 816.098 16:25:04
5.072 197.585 1002.439 16:25:05
5.060 162.073 820.000 16:25:06
5.056 318.976 1719.024 16:25:07
5.068 235.073 1381.951 16:25:08
5.076 148.976 752.683 16:25:09
5.076 156.976 1168.293 16:25:10
5.068 162.195 1480.000 16:25:11
5.072 167.488 1365.854 16:25:12
5.052 269.683 1767.805 16:25:13
5.072 152.780 777.561 16:25:14
5.064 249.366 1380.976 16:25:15
5.076 152.195 768.293 16:25:16
5.048 457.659 1240.976 16:25:17
5.072 161.683 823.902 16:25:18
5.072 291.561 963.902 16:25:19
5.072 274.585 988.780 16:25:20
5.068 170.488 753.659 16:25:21
5.072 192.488 1055.610 16:25:22
5.072 160.073 815.122 16:25:23
5.072 160.683 813.659 16:25:24
5.072 194.780 971.707 16:25:25
5.072 154.780 784.878 16:25:26
5.068 245.585 1265.854 16:25:27
5.076 147.488 743.415 16:25:28
5.068 221.390 1119.024 16:25:29
5.072 146.683 748.780 16:25:30
5.068 243.683 1230.732 16:25:31
5.072 161.585 1266.829 16:25:32
5.076 146.195 748.780 16:25:33
5.060 302.463 1753.659 16:25:34
5.068 208.585 1191.707 16:25:35
5.068 297.878 1433.171 16:25:36
5.072 148.293 757.561 16:25:37
5.064 429.049 2417.561 16:25:38
5.072 159.878 812.683 16:25:39
5.068 209.073 1051.220 16:25:40
5.052 413.463 1906.341 16:25:41
5.064 257.463 1245.854 16:25:42
5.072 161.878 821.463 16:25:43
5.072 282.366 1068.780 16:25:44
5.072 150.780 766.341 16:25:45
5.064 243.976 1240.488 16:25:46
5.072 209.683 1076.585 16:25:47
5.060 316.561 1534.634 16:25:48
5.076 151.390 763.902 16:25:49
5.076 160.195 1266.829 16:25:50
5.072 193.780 1533.171 16:25:51
5.072 257.268 891.220 16:25:52
5.072 217.976 1086.341 16:25:53
5.048 420.561 2095.610 16:25:54
5.072 173.073 855.122 16:25:55
5.072 146.878 743.902 16:25:56
5.076 150.683 763.902 16:25:57
5.060 272.976 1433.659 16:25:59
5.064 251.366 1264.390 16:26:00
5.072 162.293 819.024 16:26:01
5.064 288.268 1433.659 16:26:02
5.072 151.488 768.293 16:26:03
5.068 269.976 1303.415 16:26:04
5.076 154.195 753.659 16:26:05
5.068 195.390 996.585 16:26:06
5.064 237.366 905.366 16:26:07
5.072 245.780 887.317 16:26:08
5.064 163.683 823.902 16:26:09
5.072 162.683 756.098 16:26:10
5.068 162.293 819.024 16:26:11
5.072 213.683 1088.780 16:26:12
5.072 155.683 794.634 16:26:13
5.068 180.780 820.976 16:26:14
5.076 151.293 763.415 16:26:15
5.076 176.976 887.317 16:26:16
5.076 216.976 829.756 16:26:17
5.064 318.976 1282.927 16:26:18
5.076 151.098 763.415 16:26:19
5.072 195.390 1225.854 16:26:20
5.076 161.293 822.439 16:26:21
5.064 320.561 1373.171 16:26:22
5.060 345.268 1714.146 16:26:23
5.064 208.390 971.220 16:26:24
5.068 233.366 1033.171 16:26:25
5.068 194.073 956.585 16:26:26
5.072 160.488 858.537 16:26:27
5.060 255.171 1652.683 16:26:28
5.072 155.390 784.878 16:26:29
5.064 161.976 1267.805 16:26:30
5.072 151.098 762.439 16:26:31
5.068 162.585 823.902 16:26:32
5.072 162.195 823.415 16:26:33
5.072 162.390 820.976 16:26:34
5.064 196.585 997.561 16:26:35
5.072 184.878 927.317 16:26:36
5.068 224.878 1110.732 16:26:37
5.064 205.171 971.220 16:26:38
5.072 148.390 751.220 16:26:39
5.068 162.073 822.439 16:26:40
5.072 161.976 816.585 16:26:41
5.072 248.683 1117.561 16:26:42
5.064 244.488 910.244 16:26:43
5.072 154.390 787.805 16:26:44
5.076 161.976 821.463 16:26:45
5.076 152.293 773.659 16:26:46
5.072 162.488 897.561 16:26:47
5.068 185.976 1149.268 16:26:48
5.044 359.561 1612.683 16:26:49
5.048 287.463 1747.317 16:26:50
5.068 258.268 1059.024 16:26:51
5.072 162.195 823.902 16:26:52
5.072 210.073 773.659 16:26:53
5.060 267.171 1080.488 16:26:54
5.072 161.073 821.463 16:26:55
5.072 160.585 811.220 16:26:56
5.076 160.390 813.659 16:26:57
5.048 461.854 1978.049 16:26:58
5.076 146.976 748.293 16:26:59
5.076 146.488 743.415 16:27:00
5.064 328.073 1371.707 16:27:01
5.076 149.098 754.634 16:27:02
5.064 249.488 1266.829 16:27:03
5.060 205.073 1394.634 16:27:04
5.068 221.073 1115.122 16:27:05
5.060 288.976 1464.390 16:27:06
5.076 155.585 747.317 16:27:07
5.064 323.366 1256.585 16:27:08
5.068 203.171 849.756 16:27:09
5.076 272.268 1105.366 16:27:10
5.064 246.683 1221.951 16:27:11
5.068 178.585 942.927 16:27:12
5.072 162.390 819.024 16:27:13
5.072 162.780 821.463 16:27:14
5.072 198.488 1517.073 16:27:15
5.072 178.390 823.902 16:27:16
5.072 146.780 750.244 16:27:17
5.064 394.951 1448.780 16:27:18
5.072 152.195 775.122 16:27:19
5.072 201.488 913.659 16:27:20
5.068 219.268 778.537 16:27:21
5.072 194.390 905.366 16:27:22
5.048 324.268 1231.707 16:27:23
5.076 152.098 774.634 16:27:24
5.064 194.390 1024.390 16:27:25
5.072 152.195 776.098 16:27:26
5.076 149.098 754.634 16:27:27
5.072 162.683 824.878 16:27:28
5.076 147.488 748.293 16:27:29
5.064 268.976 1364.878 16:27:30
5.072 154.390 1099.024 16:27:31
5.072 191.585 980.000 16:27:32
5.072 148.390 800.000 16:27:33
5.072 146.488 743.902 16:27:34
5.060 303.171 1329.756 16:27:35
5.076 150.488 1079.024 16:27:36
5.072 185.683 1394.634 16:27:37
5.072 152.683 768.780 16:27:38
5.060 281.073 1429.756 16:27:39
5.072 151.585 768.293 16:27:40
5.076 159.585 767.317 16:27:41
5.064 277.073 2026.829 16:27:42
5.076 153.878 876.098 16:27:43
5.064 243.878 1493.171 16:27:44
5.072 152.195 772.683 16:27:45
5.076 146.390 743.415 16:27:46
5.072 152.878 777.073 16:27:47
5.068 203.878 1018.049 16:27:48
5.068 281.366 1447.317 16:27:49
5.072 213.171 1133.171 16:27:50
5.072 160.293 812.683 16:27:51
5.060 324.780 1639.024 16:27:53
5.072 186.073 769.756 16:27:54
5.068 213.683 1097.561 16:27:55
5.076 162.293 823.415 16:27:56
5.076 151.098 763.415 16:27:57
5.068 244.780 1838.049 16:27:58
5.068 224.268 1092.683 16:27:59
5.068 203.171 1339.512 16:28:00
5.072 155.293 786.341 16:28:01
5.064 222.976 1118.049 16:28:02
5.052 390.659 1854.146 16:28:03
5.072 148.390 752.195 16:28:04
5.068 166.390 1285.366 16:28:05
5.072 228.073 772.683 16:28:06
5.072 160.488 813.659 16:28:07
5.072 160.780 814.634 16:28:08
5.064 210.390 1089.268 16:28:09
5.060 270.585 1298.049 16:28:10
5.076 148.390 755.122 16:28:11
5.072 160.488 814.634 16:28:12
5.072 162.878 827.805 16:28:13
5.064 276.780 1324.390 16:28:14
5.068 251.171 1662.439 16:28:15
5.072 248.366 1269.268 16:28:16
5.072 155.390 844.878 16:28:17
5.072 172.390 936.098 16:28:18
5.068 244.366 1121.463 16:28:19
5.064 244.585 1237.073 16:28:20
5.072 154.683 788.780 16:28:21
5.064 247.878 820.976 16:28:22
5.072 161.976 823.415 16:28:23
5.052 327.073 1625.854 16:28:24
5.064 248.171 1254.634 16:28:25
5.076 150.976 764.878 16:28:26
5.072 162.195 822.439 16:28:27
5.064 263.073 1276.585 16:28:28
5.068 222.488 1210.732 16:28:29
5.072 162.488 821.463 16:28:30
5.068 190.683 778.537 16:28:31
5.068 193.780 982.439 16:28:32
5.072 162.390 865.366 16:28:33
5.064 243.683 1240.976 16:28:34
5.068 191.293 982.927 16:28:35
5.064 206.780 1235.610 16:28:36
5.068 212.073 1020.488 16:28:37
5.060 323.073 1450.732 16:28:38
5.072 162.073 822.439 16:28:39
5.064 244.171 1393.659 16:28:40
5.072 179.585 991.707 16:28:41
5.076 245.268 1199.024 16:28:42
5.072 160.293 813.659 16:28:43
5.076 161.488 818.537 16:28:44
5.064 347.878 1273.171 16:28:45
5.056 326.073 2132.195 16:28:46
5.072 152.878 768.780 16:28:47
5.076 147.390 743.902 16:28:48
5.068 211.268 1198.049 16:28:49
5.072 158.488 754.634 16:28:50
5.064 215.268 896.585 16:28:51
5.064 244.683 1337.073 16:28:52
5.072 146.878 744.878 16:28:53
5.068 195.976 1398.537 16:28:54
5.068 179.390 826.341 16:28:55
5.064 219.585 1575.122 16:28:56
5.064 245.585 1280.976 16:28:57
5.068 233.268 995.122 16:28:58
5.060 240.268 1256.585 16:28:59
5.076 148.293 756.098 16:29:00
5.072 231.268 1375.610 16:29:01
5.064 282.073 1080.488 16:29:02
5.072 161.390 819.024 16:29:03
5.072 151.195 763.415 16:29:04
5.072 160.073 812.195 16:29:05
5.052 350.073 1455.610 16:29:06
5.072 151.195 768.293 16:29:07
5.072 162.073 821.463 16:29:08
5.068 210.073 1081.951 16:29:09
5.076 155.585 786.341 16:29:10
5.072 239.171 1006.341 16:29:11
5.072 332.780 818.537 16:29:12
5.060 360.463 1442.439 16:29:13
5.076 173.976 832.683 16:29:14
5.068 202.976 1023.902 16:29:15
5.064 255.366 1167.805 16:29:16
5.068 201.293 1053.171 16:29:17
5.072 201.780 815.122 16:29:18
5.072 162.585 901.463 16:29:19
5.072 217.488 1062.927 16:29:20
5.068 211.780 1507.317 16:29:21
5.072 150.585 763.902 16:29:22
5.068 204.976 1065.366 16:29:23
5.072 190.073 1050.244 16:29:24
5.072 187.171 867.317 16:29:25
5.076 160.585 811.220 16:29:26
5.064 247.683 1278.049 16:29:27
5.060 281.366 1412.195 16:29:28
5.068 215.268 1400.488 16:29:29
5.076 146.878 745.854 16:29:30
5.068 210.171 814.634 16:29:31
5.072 162.488 824.878 16:29:32
5.064 366.073 1462.439 16:29:33
5.072 147.390 741.463 16:29:34
5.072 154.585 788.780 16:29:35
5.072 162.780 825.366 16:29:36
5.072 162.683 820.000 16:29:37
5.052 391.366 1696.098 16:29:38
5.072 147.390 750.244 16:29:39
5.064 190.488 823.902 16:29:40
5.064 242.171 1225.366 16:29:41
5.064 368.268 1603.902 16:29:42
5.072 257.171 960.000 16:29:43
5.072 152.878 777.561 16:29:44
5.068 161.195 823.415 16:29:45
5.068 174.683 822.439 16:29:46
5.072 161.683 1245.854 16:29:48
5.068 162.390 820.000 16:29:49
5.068 231.073 1043.902 16:29:50
5.056 244.268 1300.488 16:29:51
5.076 148.488 748.780 16:29:52
5.072 161.073 815.122 16:29:53
5.072 154.780 787.805 16:29:54
5.068 152.878 777.561 16:29:55
5.060 250.073 1635.122 16:29:56
5.072 162.293 820.976 16:29:57
5.060 287.171 1454.634 16:29:58
5.060 350.659 1563.415 16:29:59
5.072 151.780 768.780 16:30:00
5.044 450.268 2363.902 16:30:01
5.068 161.780 820.976 16:30:02
5.072 310.659 1364.390 16:30:03
5.068 250.488 1281.951 16:30:04
5.068 149.098 757.073 16:30:05
5.068 214.683 1087.805 16:30:06
5.072 152.488 777.073 16:30:07
5.064 249.683 1263.415 16:30:08
5.060 273.683 1436.098 16:30:09
5.068 298.561 1136.585 16:30:10
5.072 200.976 913.659 16:30:11
5.076 153.878 772.683 16:30:12
5.064 291.463 1520.000 16:30:13
5.064 243.488 1245.854 16:30:14
5.072 159.780 815.122 16:30:15
5.068 326.171 1959.512 16:30:16
5.076 150.390 818.537 16:30:17
5.064 226.171 899.024 16:30:18
5.076 149.488 754.634 16:30:19
5.076 154.780 784.878 16:30:20
5.068 162.488 818.537 16:30:21
5.072 160.976 752.683 16:30:22
5.064 245.488 1240.976 16:30:23
5.072 148.976 754.634 16:30:24
5.064 162.195 1442.439 16:30:25
5.072 148.683 757.073 16:30:26
5.068 242.585 1563.902 16:30:27
5.044 328.878 1260.976 16:30:28
5.068 222.268 1119.512 16:30:29
5.064 222.585 1120.488 16:30:30
5.064 150.976 761.463 16:30:31
5.072 184.073 1114.146 16:30:32
5.064 149.293 1245.366 16:30:33
5.076 147.390 745.854 16:30:34
5.052 403.463 1643.902 16:30:35
5.076 248.488 821.463 16:30:36
5.064 165.293 837.561 16:30:37
5.064 250.366 823.902 16:30:38
5.076 146.098 748.780 16:30:39
5.064 287.171 1235.610 16:30:40
5.076 152.195 777.073 16:30:41
5.068 200.488 1114.146 16:30:42
5.072 188.780 980.488 16:30:43
5.068 217.390 1334.634 16:30:44
5.068 187.390 960.000 16:30:45
5.072 151.195 1075.122 16:30:46
5.048 324.878 1517.561 16:30:47
5.076 146.488 746.341 16:30:48
5.072 270.073 1072.683 16:30:49
5.076 161.488 1256.585 16:30:50
5.072 151.585 1069.268 16:30:51
5.056 336.073 1623.415 16:30:52
5.076 148.488 753.659 16:30:53
5.072 203.488 979.024 16:30:54
5.076 161.390 823.902 16:30:55
5.072 154.683 787.805 16:30:56
5.072 246.780 835.122 16:30:57
5.072 180.073 913.659 16:30:58
5.056 292.463 1253.171 16:30:59
5.072 146.976 750.244 16:31:00
5.072 162.073 820.976 16:31:01
5.060 326.171 1911.707 16:31:02
5.068 187.976 1029.268 16:31:03
5.064 265.878 1633.659 16:31:04
5.068 162.878 752.683 16:31:05
5.072 161.878 966.341 16:31:06
5.072 199.585 1016.585 16:31:07
5.068 148.780 758.537 16:31:08
5.072 186.780 898.537 16:31:09
5.076 161.073 864.878 16:31:10
5.072 164.878 840.000 16:31:11
5.072 149.098 1282.927 16:31:12
5.072 185.878 1232.195 16:31:13
5.072 148.683 757.561 16:31:14
5.060 327.171 1637.073 16:31:15
5.064 231.171 1146.341 16:31:16
5.068 299.268 1086.341 16:31:17
5.076 149.098 755.122 16:31:18
5.068 160.780 815.122 16:31:19
5.052 418.171 2061.463 16:31:20
5.064 275.073 1582.439 16:31:21
5.072 228.780 1092.683 16:31:22
5.068 225.976 770.244 16:31:23
5.060 210.780 1081.951 16:31:24
5.068 278.780 1253.171 16:31:25
5.076 147.488 747.317 16:31:26
5.072 155.195 779.024 16:31:27
5.072 152.293 774.634 16:31:28
5.072 152.195 809.756 16:31:29
5.076 161.585 823.415 16:31:30
5.076 197.585 755.122 16:31:31
5.056 325.976 1631.220 16:31:32
5.072 158.195 743.902 16:31:33
5.064 290.171 1767.317 16:31:34
5.072 225.390 882.927 16:31:35
5.068 227.976 1263.415 16:31:36
5.064 322.780 1632.195 16:31:37
5.056 291.683 1691.220 16:31:38
5.060 340.073 1720.976 16:31:39
5.076 147.683 743.415 16:31:40
5.076 146.488 743.415 16:31:41
5.064 385.366 1230.732 16:31:42
5.068 203.683 1042.439 16:31:43
5.052 343.463 2226.829 16:31:44
5.072 253.171 907.805 16:31:46
5.072 197.073 927.805 16:31:47
5.072 219.683 759.512 16:31:48
5.064 211.585 1069.268 16:31:49
5.056 357.366 1786.341 16:31:50
5.076 162.683 756.098 16:31:51
5.068 328.366 1501.951 16:31:52
5.072 148.488 752.683 16:31:53
5.076 147.683 754.634 16:31:54
5.056 272.585 1393.659 16:31:55
5.072 151.585 769.756 16:31:56
5.068 285.171 1119.512 16:31:57
5.072 162.585 822.439 16:31:58
5.072 148.293 749.756 16:31:59
5.052 420.268 2172.195 16:32:00
5.076 147.488 748.780 16:32:01
5.076 160.195 812.683 16:32:02
5.072 160.488 956.585 16:32:03
5.064 259.366 1280.488 16:32:04
5.072 182.488 823.415 16:32:05
5.072 213.585 1093.171 16:32:06
5.068 199.780 1280.488 16:32:07
5.072 259.171 1194.634 16:32:08
5.072 301.463 863.902 16:32:09
5.068 233.171 996.585 16:32:10
5.072 153.195 776.098 16:32:11
5.068 222.073 1013.659 16:32:12
5.056 278.976 1388.293 16:32:13
5.068 164.195 887.805 16:32:14
5.068 217.585 1102.927 16:32:15
5.072 147.976 1033.171 16:32:16
5.072 180.585 844.878 16:32:17
5.068 330.463 1653.659 16:32:18
5.068 200.390 993.659 16:32:19
5.060 332.878 1575.122 16:32:20
5.068 206.390 1306.829 16:32:21
5.072 166.780 790.244 16:32:22
5.060 351.268 1611.220 16:32:23
5.068 262.780 1240.976 16:32:24
5.072 168.780 896.585 16:32:25
5.072 151.195 1122.927 16:32:26
5.076 162.488 824.878 16:32:27
5.072 162.195 823.902 16:32:28
5.064 253.585 1240.488 16:32:29
5.072 165.976 840.976 16:32:30
5.076 162.488 820.000 16:32:31
5.076 152.488 789.756 16:32:32
5.068 161.390 1307.317 16:32:33
5.076 151.390 1239.024 16:32:34
5.072 252.878 837.561 16:32:35
5.072 161.976 823.902 16:32:36
5.072 187.976 954.146 16:32:37
5.072 154.878 789.756 16:32:38
5.072 178.488 933.659 16:32:39
5.068 267.171 822.439 16:32:40
5.064 322.073 1855.610 16:32:41
5.060 333.976 1372.195 16:32:42
5.072 153.195 777.073 16:32:43
5.076 152.780 775.122 16:32:44
5.072 161.780 819.024 16:32:45
5.072 162.073 1296.585 16:32:46
5.072 161.780 823.415 16:32:47
5.072 208.878 1860.000 16:32:48
5.072 193.171 823.902 16:32:49
5.072 159.780 758.537 16:32:50
5.068 198.171 1121.463 16:32:51
5.076 152.488 791.220 16:32:52
5.068 197.976 938.537 16:32:53
5.068 215.268 1082.927 16:32:54
5.072 202.878 757.073 16:32:55
5.060 326.073 1648.780 16:32:56
5.072 162.390 823.415 16:32:57
5.072 155.976 757.561 16:32:58
5.064 166.585 823.902 16:32:59
5.072 149.195 753.659 16:33:00
5.056 359.073 1441.951 16:33:01
5.072 152.683 1068.780 16:33:02
5.076 152.976 780.000 16:33:03
5.064 249.780 1225.854 16:33:04
5.072 146.780 748.780 16:33:05
5.068 368.171 1943.902 16:33:06
5.076 183.390 758.537 16:33:07
5.068 246.073 1232.195 16:33:08
5.072 162.390 823.902 16:33:09
5.060 268.683 1460.000 16:33:10
5.068 359.659 1486.341 16:33:11
5.076 219.390 1041.463 16:33:12
5.076 162.585 1340.488 16:33:13
5.076 161.780 816.098 16:33:14
5.064 278.976 1975.610 16:33:15
5.072 149.878 766.341 16:33:16
5.076 152.976 772.683 16:33:17
5.076 160.390 812.683 16:33:18
5.056 325.073 1647.317 16:33:19
5.060 329.268 1777.561 16:33:20
5.056 387.463 2529.756 16:33:21
5.076 147.195 748.780 16:33:22
5.076 150.683 783.902 16:33:23
5.072 216.878 775.122 16:33:24
5.076 162.390 823.902 16:33:25
5.044 273.268 1390.732 16:33:26
5.076 146.780 747.317 16:33:27
5.068 227.390 1118.049 16:33:28
5.072 167.780 813.659 16:33:29
5.068 193.171 1020.488 16:33:30
5.072 160.976 880.000 16:33:31
5.056 287.073 1440.000 16:33:32
5.060 272.585 1460.976 16:33:33
5.068 210.390 1015.122 16:33:34
5.068 306.561 822.439 16:33:35
5.072 169.976 827.805 16:33:36
5.052 406.659 2029.268 16:33:37
5.068 199.073 1085.366 16:33:38
5.072 152.585 782.439 16:33:39
5.060 206.488 1013.659 16:33:41
5.068 184.488 1034.146 16:33:42
5.072 162.073 820.976 16:33:43
5.072 161.073 832.195 16:33:44
5.076 163.293 1391.707 16:33:45
5.064 327.268 1259.512 16:33:46
5.068 316.463 968.780 16:33:47
5.064 248.488 778.537 16:33:48
5.064 161.780 899.024 16:33:49
5.076 162.293 1255.610 16:33:50
5.064 242.073 1260.976 16:33:51
5.072 199.976 995.122 16:33:52
5.076 162.390 822.439 16:33:53
5.076 154.195 787.317 16:33:54
5.056 286.171 1578.537 16:33:55
5.072 190.171 962.927 16:33:56
5.072 149.195 754.634 16:33:57
5.072 161.976 955.122 16:33:58
5.064 285.073 1261.951 16:33:59
5.052 403.171 1926.829 16:34:00
5.068 217.683 1224.390 16:34:01
5.068 200.171 1134.146 16:34:02
5.068 246.683 1237.073 16:34:03
5.072 160.976 816.585 16:34:04
5.072 162.390 815.122 16:34:05
5.072 162.195 818.537 16:34:06
5.060 476.049 2162.927 16:34:07
5.068 265.268 1115.610 16:34:08
5.072 188.683 1007.805 16:34:09
5.068 226.268 1790.244 16:34:10
5.072 160.390 814.634 16:34:11
5.060 290.976 2296.098 16:34:12
5.076 161.976 1505.854 16:34:13
5.072 205.073 1241.951 16:34:14
5.068 163.073 1244.390 16:34:15
5.068 184.585 937.561 16:34:16
5.064 304.171 2379.512 16:34:17
5.068 175.488 1080.488 16:34:18
5.068 198.390 1139.024 16:34:19
5.068 201.293 937.561 16:34:20
5.076 148.195 752.683 16:34:21
5.064 243.171 1298.537 16:34:22
5.064 169.585 856.585 16:34:23
5.072 148.293 748.780 16:34:24
5.060 155.878 792.195 16:34:25
5.076 148.390 1225.366 16:34:26
5.060 277.073 1242.927 16:34:27
5.072 152.293 772.683 16:34:28
5.068 222.976 1106.829 16:34:29
5.068 347.171 1442.439 16:34:30
5.072 211.171 1190.244 16:34:31
5.064 216.073 1178.049 16:34:32
5.072 162.195 823.415 16:34:33
5.068 189.780 1006.341 16:34:34
5.072 148.683 1034.146 16:34:35
5.072 146.293 747.317 16:34:36
5.068 250.683 1849.268 16:34:37
5.072 175.488 881.463 16:34:38
5.072 186.390 1139.024 16:34:39
5.068 264.683 1297.073 16:34:40
5.076 200.683 756.098 16:34:41
5.064 253.976 1257.073 16:34:42
5.064 192.488 1034.146 16:34:43
5.072 147.780 745.854 16:34:44
5.068 188.390 962.439 16:34:45
5.076 161.976 820.000 16:34:46
5.076 162.585 822.439 16:34:47
5.056 252.488 2032.683 16:34:48
5.072 147.585 1018.049 16:34:49
5.068 228.878 1272.195 16:34:50
5.076 162.073 823.902 16:34:51
5.068 183.293 1246.829 16:34:52
5.072 244.976 1179.512 16:34:53
5.076 151.390 768.293 16:34:54
5.060 267.585 1338.537 16:34:55
5.044 414.463 2023.415 16:34:56
5.072 148.585 757.073 16:34:57
5.072 162.073 821.463 16:34:58
5.072 162.585 777.073 16:34:59
5.056 459.854 2056.585 16:35:00
5.072 161.293 816.585 16:35:01
5.072 146.780 743.902 16:35:02
5.072 162.293 1161.463 16:35:03
5.068 242.366 1265.366 16:35:04
5.056 273.585 1414.634 16:35:05
5.056 251.780 1260.976 16:35:06
5.060 273.268 1392.195 16:35:07
5.068 214.073 1080.488 16:35:08
5.068 222.073 1124.390 16:35:09
5.076 152.293 854.146 16:35:10
5.072 159.683 1225.854 16:35:11
5.072 357.463 833.659 16:35:12
5.064 277.463 1671.220 16:35:13
5.068 220.878 1239.024 16:35:14
5.072 152.585 772.683 16:35:15
5.068 323.171 1369.756 16:35:16
5.068 162.976 1289.756 16:35:17
5.056 359.463 1915.610 16:35:18
5.064 184.488 1008.780 16:35:19
5.072 148.683 752.683 16:35:20
5.072 164.585 824.878 16:35:21
5.072 162.293 824.878 16:35:22
5.064 206.878 1096.585 16:35:23
5.072 162.195 880.976 16:35:24
5.072 146.683 744.878 16:35:25
5.064 208.390 988.780 16:35:26
5.072 190.780 1046.341 16:35:27
5.072 161.488 818.537 16:35:28
5.072 162.585 822.439 16:35:29
5.068 227.268 1057.561 16:35:30
5.068 209.780 1323.415 16:35:31
5.072 148.878 958.049 16:35:32
5.076 151.878 771.220 16:35:33
5.072 153.390 777.073 16:35:34
5.056 404.659 1801.463 16:35:36
5.072 276.585 1642.439 16:35:37
5.068 215.390 1029.268 16:35:38
5.068 226.878 1141.951 16:35:39
5.072 195.390 930.244 16:35:40
5.072 162.488 822.439 16:35:41
5.056 258.585 1262.927 16:35:42
5.064 248.366 1231.707 16:35:43
5.072 162.488 822.439 16:35:44
5.064 160.878 842.439 16:35:45
5.060 267.171 1159.024 16:35:46
5.072 148.390 757.073 16:35:47
5.056 326.366 1657.561 16:35:48
5.072 205.878 756.098 16:35:49
5.072 161.195 821.463 16:35:50
5.072 184.585 1070.732 16:35:51
5.076 147.780 744.878 16:35:52
5.068 213.683 1095.610 16:35:53
5.064 233.268 1060.000 16:35:54
5.068 183.171 931.220 16:35:55
5.068 156.073 1151.707 16:35:56
5.072 162.073 826.341 16:35:57
5.064 237.780 1240.488 16:35:58
5.076 146.878 748.780 16:35:59
5.076 160.683 813.659 16:36:00
5.064 181.976 1271.707 16:36:01
5.072 160.976 816.585 16:36:02
5.064 391.756 1407.317 16:36:03
5.068 260.976 944.878 16:36:04
5.072 146.585 748.780 16:36:05
5.076 162.195 819.024 16:36:06
5.064 277.585 1140.488 16:36:07
5.068 190.585 1029.268 16:36:08
5.076 147.878 749.756 16:36:09
5.064 244.585 1398.537 16:36:10
5.076 162.683 1052.683 16:36:11
5.072 259.073 779.024 16:36:12
5.072 155.488 792.195 16:36:13
5.072 213.683 947.317 16:36:14
5.056 401.073 2035.610 16:36:15
5.072 160.195 1299.512 16:36:16
5.064 240.488 1222.927 16:36:17
5.064 248.268 1403.415 16:36:18
5.072 148.683 753.659 16:36:19
5.068 256.585 1246.829 16:36:20
5.076 152.878 773.659 16:36:21
5.068 344.878 1715.122 16:36:22
5.068 483.659 1739.024 16:36:23
5.068 184.488 977.561 16:36:24
5.076 153.390 768.780 16:36:25
5.072 147.488 746.341 16:36:26
5.056 434.659 1327.317 16:36:27
5.060 334.561 1563.415 16:36:28
5.072 172.293 815.122 16:36:29
5.068 244.585 924.878 16:36:30
5.076 162.293 825.366 16:36:31
5.060 332.561 1695.122 16:36:32
5.076 149.293 753.659 16:36:33
5.076 181.585 950.244 16:36:34
5.072 153.390 772.195 16:36:35
5.072 160.195 814.634 16:36:36
5.052 398.268 2114.634 16:36:37
5.068 234.073 988.780 16:36:38
5.068 161.976 933.659 16:36:39
5.072 161.780 823.902 16:36:40
5.068 203.683 982.927 16:36:41
5.072 161.780 825.366 16:36:42
5.068 162.585 823.902 16:36:43
5.068 204.683 1093.171 16:36:44
5.072 162.585 967.805 16:36:45
5.068 179.585 902.927 16:36:46
5.076 165.073 815.122 16:36:47
5.064 249.366 1272.195 16:36:48
5.072 180.390 990.244 16:36:49
5.076 283.366 1780.488 16:36:50
5.064 244.683 1246.829 16:36:51
5.076 149.195 754.634 16:36:52
5.064 244.268 1234.634 16:36:53
5.056 380.171 1727.317 16:36:54
5.072 149.195 752.683 16:36:55
5.072 227.683 866.341 16:36:56
5.072 160.488 815.122 16:36:57
5.056 399.463 2106.829 16:36:58
5.068 161.195 823.415 16:36:59
5.064 290.561 1466.829 16:37:00
5.068 162.878 826.341 16:37:01
5.072 146.976 744.878 16:37:02
5.068 251.073 1455.610 16:37:03
5.060 222.878 996.585 16:37:04
5.072 185.585 943.902 16:37:05
5.072 162.293 822.439 16:37:06
5.068 185.390 997.561 16:37:07
5.068 162.488 823.902 16:37:08
5.072 267.878 820.976 16:37:09
5.068 183.585 1079.024 16:37:10
5.072 221.073 827.805 16:37:11
5.076 146.976 751.220 16:37:12
5.060 263.780 1298.049 16:37:13
5.072 252.683 816.585 16:37:14
5.064 198.585 928.780 16:37:15
5.064 249.780 1233.171 16:37:16
5.072 196.878 756.098 16:37:17
5.076 163.195 826.341 16:37:18
5.064 162.585 916.098 16:37:19
5.072 181.976 942.439 16:37:20
5.064 252.976 1270.732 16:37:21
5.072 149.195 754.634 16:37:22
5.064 249.171 1223.415 16:37:23
5.072 163.073 827.805 16:37:24
5.068 252.268 1537.561 16:37:25
5.064 363.268 1395.610 16:37:26
5.076 204.488 811.220 16:37:27
5.060 254.268 1265.366 16:37:28
5.072 162.195 822.439 16:37:29
5.052 476.854 2428.780 16:37:30
5.068 245.683 1084.390 16:37:32
5.076 146.195 743.415 16:37:33
5.076 163.390 815.122 16:37:34
5.072 160.585 815.122 16:37:35
5.072 162.293 878.537 16:37:36
5.076 162.488 1284.390 16:37:37
5.068 283.780 1448.293 16:37:38
5.072 162.390 824.878 16:37:39
5.044 247.976 1250.732 16:37:40
5.072 178.585 907.805 16:37:41
5.068 205.780 985.366 16:37:42
5.072 210.268 983.902 16:37:43
5.072 155.488 780.000 16:37:44
5.076 163.585 941.463 16:37:45
5.064 247.780 1223.415 16:37:46
5.072 148.585 758.537 16:37:47
5.072 162.195 823.902 16:37:48
5.056 244.878 1404.878 16:37:49
5.068 214.488 1080.488 16:37:50
5.076 162.195 811.220 16:37:51
5.072 174.293 851.220 16:37:52
5.072 147.878 752.195 16:37:53
5.068 213.390 1080.000 16:37:54
5.072 266.171 861.463 16:37:55
5.064 301.683 1120.488 16:37:56
5.064 449.854 1702.439 16:37:57
5.072 160.195 853.659 16:37:58
5.072 161.195 1319.512 16:37:59
5.064 203.171 1086.829 16:38:00
5.060 348.659 1654.634 16:38:01
5.064 259.463 1304.390 16:38:02
5.072 146.488 794.634 16:38:03
5.072 162.488 822.439 16:38:04
5.072 162.488 818.537 16:38:05
5.052 337.878 2002.927 16:38:06
5.076 153.195 777.561 16:38:07
5.076 151.878 743.902 16:38:08
5.064 249.366 1270.732 16:38:09
5.064 266.463 1314.634 16:38:10
5.072 161.585 1356.098 16:38:11
5.060 149.585 758.537 16:38:12
5.072 147.780 756.098 16:38:13
5.068 247.366 1315.610 16:38:14
5.068 166.976 1086.829 16:38:15
5.068 250.585 1263.415 16:38:16
5.068 216.683 1001.463 16:38:17
5.068 284.878 1298.049 16:38:18
5.056 381.659 1773.659 16:38:19
5.060 249.976 1257.073 16:38:20
5.072 162.390 820.000 16:38:21
5.068 189.073 995.610 16:38:22
5.072 161.195 817.561 16:38:23
5.068 244.073 1316.098 16:38:24
5.072 318.561 1245.366 16:38:25
5.068 215.268 922.927 16:38:26
5.072 159.780 810.244 16:38:27
5.056 327.171 1715.122 16:38:28
5.060 291.463 1455.610 16:38:29
5.060 329.878 1636.098 16:38:30
5.056 343.268 1628.780 16:38:31
5.072 215.390 1075.122 16:38:32
5.076 270.073 1541.951 16:38:33
5.068 247.878 1241.951 16:38:34
5.060 378.976 1629.756 16:38:35
5.064 161.780 826.341 16:38:36
5.072 181.878 972.683 16:38:37
5.060 321.171 1619.024 16:38:38
5.072 175.976 777.561 16:38:39
5.068 471.951 1769.268 16:38:40
5.072 151.780 839.024 16:38:41
5.072 161.976 818.537 16:38:42
5.056 369.561 1885.366 16:38:43
5.072 162.073 824.878 16:38:44
5.060 212.976 823.415 16:38:45
5.072 162.073 823.902 16:38:46
5.068 214.488 941.463 16:38:47
5.064 243.268 1242.927 16:38:48
5.060 331.659 2083.415 16:38:49
5.072 232.683 936.585 16:38:50
5.072 148.488 753.659 16:38:51
5.072 162.073 823.902 16:38:52
5.056 398.463 1384.390 16:38:53
5.076 147.976 745.854 16:38:54
5.072 159.780 814.634 16:38:55
5.060 374.366 1639.024 16:38:56
5.068 224.268 1018.049 16:38:57
5.068 226.585 1205.366 16:38:58
5.072 162.073 773.659 16:38:59
5.076 147.293 744.878 16:39:00
5.048 246.366 1250.732 16:39:01
5.072 162.293 824.878 16:39:02
5.068 214.073 1081.951 16:39:03
5.064 265.366 1281.951 16:39:04
5.072 222.878 1179.024 16:39:05
5.060 258.463 834.634 16:39:06
5.076 162.585 823.902 16:39:07
5.064 248.780 1229.268 16:39:08
5.072 160.683 1230.732 16:39:09
5.072 147.585 748.293 16:39:10
5.072 156.195 788.780 16:39:11
5.056 250.268 1648.780 16:39:12
5.064 287.878 1233.171 16:39:13
5.068 258.073 1149.268 16:39:14
5.056 276.683 1476.098 16:39:15
5.068 169.390 780.000 16:39:16
5.072 147.878 757.073 16:39:17
5.056 326.268 1152.683 16:39:18
5.072 162.390 820.976 16:39:19
5.064 358.756 1825.366 16:39:20
5.068 213.585 1086.341 16:39:21
5.064 244.268 1255.610 16:39:22
5.072 182.488 931.707 16:39:23
5.072 155.293 792.195 16:39:24
5.072 152.780 773.659 16:39:25
5.052 333.878 1641.463 16:39:27
5.076 162.585 955.122 16:39:28
5.072 147.683 748.780 16:39:29
5.072 162.293 820.000 16:39:30
5.068 180.293 899.024 16:39:31
5.060 386.659 1500.976 16:39:32
5.072 160.878 816.585 16:39:33
5.072 152.976 773.659 16:39:34
5.056 452.756 2393.659 16:39:35
5.068 233.585 982.439 16:39:36
5.064 295.171 1316.098 16:39:37
5.068 150.195 755.122 16:39:38
5.072 219.171 996.585 16:39:39
5.068 288.780 1358.537 16:39:40
5.072 176.585 907.805 16:39:41
5.064 161.293 823.902 16:39:42
5.068 241.780 1526.341 16:39:43
5.048 470.244 2239.512 16:39:44
5.068 229.585 825.366 16:39:45
5.072 150.976 767.317 16:39:46
5.068 274.780 1161.951 16:39:47
5.072 161.780 820.000 16:39:48
5.060 241.366 1237.073 16:39:49
5.072 163.073 827.805 16:39:50
5.064 203.488 758.537 16:39:51
5.064 243.976 1240.488 16:39:52
5.076 162.390 823.902 16:39:53
5.076 205.268 1269.756 16:39:54
5.072 234.585 822.439 16:39:55
5.072 162.488 823.415 16:39:56
5.044 334.659 1240.976 16:39:57
5.072 160.488 816.585 16:39:58
5.072 149.195 1040.488 16:39:59
5.052 324.366 1886.829 16:40:00
5.072 162.073 822.439 16:40:01
5.068 174.683 948.780 16:40:02
5.072 162.585 852.195 16:40:03
5.052 377.366 2400.000 16:40:04
5.072 206.878 1055.122 16:40:05
5.068 153.293 781.463 16:40:06
5.068 152.488 1221.463 16:40:07
5.056 335.878 1667.805 16:40:08
5.072 394.659 1259.512 16:40:09
5.076 225.976 1011.707 16:40:10
5.064 214.268 1094.146 16:40:11
5.072 204.488 871.220 16:40:12
5.052 368.463 1810.244 16:40:13
5.072 160.878 818.537 16:40:14
5.076 148.293 746.341 16:40:15
5.064 469.561 2325.854 16:40:16
5.072 162.683 827.805 16:40:17
5.052 350.366 1699.024 16:40:18
5.072 162.585 823.902 16:40:19
5.068 195.683 967.805 16:40:20
5.072 221.390 1031.220 16:40:21
5.072 162.683 824.878 16:40:22
5.056 307.780 1935.610 16:40:23
5.072 149.780 1272.195 16:40:24
5.052 344.366 1640.000 16:40:25
5.076 161.878 822.439 16:40:26
5.072 149.878 886.341 16:40:27
5.064 251.780 1374.634 16:40:28
5.064 217.268 1005.366 16:40:29
5.056 370.854 1652.683 16:40:30
5.064 156.195 789.756 16:40:31
5.072 159.780 1283.415 16:40:32
5.064 274.976 1543.902 16:40:33
5.068 245.073 1660.000 16:40:34
5.064 231.171 1146.341 16:40:35
5.068 213.976 1799.024 16:40:36
5.072 332.878 1239.024 16:40:37
5.060 360.171 1055.610 16:40:38
5.064 204.293 1303.415 16:40:39
5.072 148.488 758.537 16:40:40
5.064 155.585 1153.171 16:40:41
5.072 163.683 779.024 16:40:42
5.072 196.073 1014.146 16:40:43
5.076 162.585 823.902 16:40:44
5.072 148.585 757.561 16:40:45
5.056 371.659 1680.976 16:40:46
5.072 162.293 823.902 16:40:47
5.072 162.585 823.902 16:40:48
5.064 251.268 1234.634 16:40:49
5.068 205.683 1060.000 16:40:50
5.072 161.390 817.561 16:40:51
5.072 161.780 823.902 16:40:52
5.064 252.976 1325.366 16:40:53
5.064 257.463 1280.488 16:40:54
5.072 162.585 823.902 16:40:55
5.072 177.585 827.805 16:40:56
5.064 169.683 948.780 16:40:57
5.072 276.878 1214.146 16:40:58
5.076 149.976 896.585 16:40:59
5.076 162.878 823.902 16:41:00
5.064 270.171 1808.780 16:41:01
5.072 183.171 1042.439 16:41:02
5.064 214.488 1067.805 16:41:03
5.072 189.780 779.024 16:41:04
5.076 152.585 777.073 16:41:05
5.048 463.854 2118.537 16:41:06
5.072 259.073 1305.366 16:41:07
5.068 209.585 1237.073 16:41:08
5.076 163.195 826.341 16:41:09
5.072 189.780 945.366 16:41:10
5.052 475.146 1979.024 16:41:11
5.052 267.780 1824.878 16:41:12
5.056 194.878 1027.805 16:41:13
5.064 162.976 831.220 16:41:14
5.064 269.780 1269.268 16:41:15
5.064 250.585 1276.585 16:41:16
5.072 194.390 1220.488 16:41:17
5.072 162.195 824.878 16:41:18
5.072 219.268 982.927 16:41:19
5.064 343.756 1369.268 16:41:20
5.064 329.171 1786.341 16:41:21
5.064 251.780 1245.366 16:41:22
5.076 215.488 1075.610 16:41:24
5.072 166.683 816.098 16:41:25
5.064 277.976 1237.073 16:41:26
5.068 291.561 1345.854 16:41:27
5.064 257.976 1027.805 16:41:28
5.072 233.366 1041.463 16:41:29
5.056 246.585 1259.024 16:41:30
5.060 247.976 1702.439 16:41:31
5.072 212.780 995.610 16:41:32
5.064 245.488 1242.927 16:41:33
5.060 405.463 2125.854 16:41:34
5.064 168.390 847.317 16:41:35
5.064 360.756 1744.878 16:41:36
5.068 163.073 826.341 16:41:37
5.060 332.878 1519.512 16:41:38
5.076 162.585 1165.366 16:41:39
5.072 171.195 1263.415 16:41:40
5.076 163.293 826.341 16:41:41
5.068 244.878 1049.268 16:41:42
5.064 258.171 863.902 16:41:43
5.056 293.171 1387.317 16:41:44
5.064 162.390 823.902 16:41:45
5.064 252.878 1265.854 16:41:46
5.072 188.073 998.049 16:41:47
5.072 151.390 772.683 16:41:48
5.072 212.976 822.439 16:41:49
5.072 162.780 826.341 16:41:50
5.060 370.171 1433.659 16:41:51
5.068 211.390 1204.390 16:41:52
5.072 160.585 813.659 16:41:53
5.068 179.293 1026.341 16:41:54
5.076 147.878 750.244 16:41:55
5.064 242.780 1237.073 16:41:56
5.072 203.073 1204.390 16:41:57
5.060 286.976 1442.439 16:41:58
5.064 247.488 1265.366 16:41:59
5.072 162.683 888.780 16:42:00
5.072 155.780 787.317 16:42:01
5.076 162.976 825.366 16:42:02
5.076 153.976 783.902 16:42:03
5.056 476.951 1766.341 16:42:04
5.072 153.098 779.024 16:42:05
5.072 237.171 1289.756 16:42:06
5.064 323.073 1223.415 16:42:07
5.072 246.683 1221.463 16:42:08
5.068 285.268 1049.268 16:42:09
5.072 162.488 822.439 16:42:10
5.072 162.488 820.976 16:42:11
5.072 162.585 825.366 16:42:12
5.068 257.073 1349.268 16:42:13
5.072 214.073 1086.829 16:42:14
5.072 148.098 749.756 16:42:15
5.060 259.268 821.463 16:42:16
5.072 225.780 1016.585 16:42:17
5.056 358.976 1898.049 16:42:18
5.056 292.463 1789.268 16:42:19
5.072 229.976 1289.756 16:42:20
5.072 222.683 905.366 16:42:21
5.056 239.683 1150.732 16:42:22
5.072 153.098 777.073 16:42:23
5.072 162.488 824.878 16:42:24
5.060 406.659 1642.439 16:42:25
5.076 234.073 1031.707 16:42:26
5.068 217.683 1119.512 16:42:27
5.068 252.780 863.415 16:42:28
5.068 284.171 1306.829 16:42:29
5.060 302.780 1528.293 16:42:30
5.072 198.073 1405.854 16:42:31
5.072 160.195 779.024 16:42:32
5.068 162.073 826.341 16:42:33
5.064 254.366 1636.098 16:42:34
5.068 193.293 976.098 16:42:35
5.064 172.293 947.805 16:42:36
5.068 152.683 772.683 16:42:37
5.044 245.488 1262.927 16:42:38
5.072 153.390 1117.561 16:42:39
5.056 269.585 1405.854 16:42:40
5.072 197.073 823.415 16:42:41
5.068 163.073 827.317 16:42:42
5.052 486.366 2110.732 16:42:43
5.072 237.878 896.098 16:42:44
5.064 258.683 1259.512 16:42:45
5.072 163.073 822.439 16:42:46
5.072 217.878 1002.927 16:42:47
5.060 350.073 1260.976 16:42:48
5.064 162.878 823.415 16:42:49
5.072 153.293 779.024 16:42:50
5.072 151.585 769.756 16:42:51
5.072 162.976 826.341 16:42:52
5.076 147.195 749.756 16:42:53
5.072 164.073 835.122 16:42:54
5.064 176.073 827.317 16:42:55
5.068 252.878 1244.390 16:42:56
5.072 155.878 850.244 16:42:57
5.072 149.878 796.098 16:42:58
5.072 160.780 815.122 16:42:59
5.052 431.171 2360.976 16:43:00
5.056 369.171 2327.317 16:43:01
5.060 316.561 1900.000 16:43:02
5.076 204.780 760.000 16:43:03
5.072 160.878 816.585 16:43:04
5.048 398.561 2016.585 16:43:05
5.072 162.878 826.341 16:43:06
5.068 284.683 1469.756 16:43:07
5.064 253.171 821.463 16:43:08
5.072 189.390 1298.049 16:43:09
5.056 258.171 1409.268 16:43:10
5.076 160.488 820.000 16:43:11
5.072 163.780 826.341 16:43:12
5.048 333.366 1941.951 16:43:13
5.064 274.171 1774.146 16:43:14
5.072 150.488 772.683 16:43:15
5.076 154.293 1173.171 16:43:16
5.064 201.390 1089.268 16:43:17
5.056 430.268 1700.000 16:43:19
5.064 149.878 1021.463 16:43:20
5.072 149.976 762.439 16:43:21
5.072 253.171 1314.634 16:43:22
5.072 163.195 825.366 16:43:23
5.072 185.488 951.220 16:43:24
5.064 247.171 1269.268 16:43:25
5.072 279.683 869.756 16:43:26
5.056 291.976 1721.463 16:43:27
5.060 179.780 1033.171 16:43:28
5.072 182.073 1031.707 16:43:29
5.060 328.878 1670.244 16:43:30
5.072 162.585 823.415 16:43:31
5.068 241.878 1259.512 16:43:32
5.068 251.585 1267.805 16:43:33
5.076 147.976 1011.220 16:43:34
5.060 420.951 2065.366 16:43:35
5.072 253.268 1218.049 16:43:36
5.060 368.561 1712.195 16:43:37
5.072 162.878 827.805 16:43:38
5.072 162.878 824.878 16:43:39
5.064 256.463 826.341 16:43:40
5.076 149.585 759.512 16:43:41
5.068 214.268 1086.341 16:43:42
5.072 184.293 779.024 16:43:43
5.076 162.976 826.341 16:43:44
5.056 324.878 1966.829 16:43:45
5.068 260.463 1148.293 16:43:46
5.072 162.878 825.366 16:43:47
5.072 147.488 752.683 16:43:48
5.064 243.878 1242.927 16:43:49
5.064 325.561 1239.024 16:43:50
5.072 149.488 756.098 16:43:51
5.076 154.293 780.000 16:43:52
5.068 194.780 932.683 16:43:53
5.072 182.293 1334.146 16:43:54
5.072 257.366 1453.171 16:43:55
5.072 151.878 766.341 16:43:56
5.056 331.780 1672.683 16:43:57
5.068 162.976 827.805 16:43:58
5.072 149.488 755.122 16:43:59
5.068 170.293 940.000 16:44:00
5.060 327.878 1269.756 16:44:01
5.072 149.195 759.512 16:44:02
5.072 161.878 823.415 16:44:03
5.064 327.976 1747.317 16:44:04
5.072 250.683 1364.390 16:44:05
5.068 191.780 968.780 16:44:06
5.060 190.390 1073.171 16:44:07
5.072 162.976 825.366 16:44:08
5.064 161.976 1171.707 16:44:09
5.064 305.073 1988.293 16:44:10
5.072 166.976 777.073 16:44:11
5.072 152.683 777.073 16:44:12
5.056 250.976 1274.634 16:44:13
5.052 278.878 1424.390 16:44:14
5.068 273.073 1138.049 16:44:15
5.064 324.561 1672.195 16:44:16
5.072 161.683 935.122 16:44:17
5.060 277.268 1061.463 16:44:18
5.072 162.683 824.878 16:44:19
5.072 160.683 818.537 16:44:20
5.072 161.780 820.976 16:44:21
5.072 163.073 824.878 16:44:22
5.068 255.488 824.878 16:44:23
5.072 221.073 1135.122 16:44:24
5.076 160.488 811.220 16:44:25
5.076 174.293 771.220 16:44:26
5.064 455.463 2413.659 16:44:27
5.052 404.561 2119.512 16:44:28
5.076 148.878 758.537 16:44:29
5.072 161.780 818.537 16:44:30
5.068 208.390 1000.000 16:44:31
5.072 244.585 869.756 16:44:32
5.056 326.268 1457.073 16:44:33
5.068 354.268 1569.756 16:44:34
5.064 278.268 1285.854 16:44:35
5.072 165.293 944.878 16:44:36
5.072 149.683 792.683 16:44:37
5.072 165.390 840.000 16:44:38
5.072 162.878 826.341 16:44:39
5.068 225.585 1127.805 16:44:40
5.068 269.683 1627.805 16:44:41
5.068 195.878 969.268 16:44:42
5.068 213.488 1809.268 16:44:43
5.076 154.683 867.317 16:44:44
5.072 163.073 1052.683 16:44:45
5.072 257.171 1442.439 16:44:46
5.072 213.073 1011.220 16:44:47
5.072 148.780 758.537 16:44:48
5.072 162.878 832.195 16:44:49
5.068 253.488 1269.756 16:44:50
5.076 232.976 1267.805 16:44:51
5.072 147.780 747.317 16:44:52
5.076 181.390 824.878 16:44:53
5.060 354.878 1859.024 16:44:54
5.072 184.780 971.220 16:44:55
5.064 199.683 1007.805 16:44:56
5.072 193.488 962.439 16:44:57
5.064 288.366 1440.000 16:44:58
5.064 242.268 1273.171 16:44:59
5.072 162.585 823.902 16:45:00
5.072 200.780 1091.707 16:45:01
5.068 219.171 1103.902 16:45:02
5.060 328.366 1618.537 16:45:03
5.076 147.390 780.976 16:45:04
5.076 161.585 823.902 16:45:05
5.064 243.780 1243.415 16:45:06
5.048 396.951 1947.805 16:45:07
5.068 270.171 1428.293 16:45:08
5.068 149.195 801.463 16:45:09
5.072 148.976 754.634 16:45:10
5.060 230.171 1041.463 16:45:11
5.060 396.951 1241.951 16:45:13
5.064 246.171 1250.732 16:45:14
5.072 162.488 822.439 16:45:15
5.060 287.976 1994.146 16:45:16
5.052 369.073 1935.122 16:45:17
5.072 149.098 757.561 16:45:18
5.072 191.878 827.317 16:45:19
5.060 259.366 1278.049 16:45:20
5.068 216.683 1060.488 16:45:21
5.072 162.683 825.366 16:45:22
5.076 161.683 823.902 16:45:23
5.056 412.561 2045.854 16:45:24
5.064 243.585 1265.854 16:45:25
5.068 214.073 1081.951 16:45:26
5.072 188.488 1030.244 16:45:27
5.076 147.195 749.756 16:45:28
5.064 353.463 2351.220 16:45:29
5.072 162.195 827.317 16:45:30
5.060 298.878 1206.829 16:45:31
5.064 258.585 1415.610 16:45:32
5.072 184.683 951.220 16:45:33
5.076 162.195 820.000 16:45:34
5.072 249.073 1263.415 16:45:35
5.068 201.780 984.878 16:45:36
5.064 251.683 1779.024 16:45:37
5.064 212.073 760.000 16:45:38
5.076 152.585 777.561 16:45:39
5.044 418.268 1384.390 16:45:40
5.072 162.390 824.878 16:45:41
5.068 246.585 1228.293 16:45:42
5.068 214.780 1090.732 16:45:43
5.072 161.073 1239.512 16:45:44
5.072 163.073 822.439 16:45:45
5.068 190.976 1106.829 16:45:46
5.052 475.659 1672.195 16:45:47
5.068 224.073 1146.341 16:45:48
5.068 228.585 1407.317 16:45:49
5.072 163.073 818.537 16:45:50
5.072 161.878 817.561 16:45:51
5.072 153.780 783.415 16:45:52
5.072 148.878 752.683 16:45:53
5.064 242.878 1631.220 16:45:54
5.072 146.976 748.780 16:45:55
5.068 221.683 1128.293 16:45:56
5.064 192.585 1653.659 16:45:57
5.072 152.878 775.122 16:45:58
5.052 423.366 1986.829 16:45:59
5.068 249.268 1234.634 16:46:00
5.068 308.366 1405.854 16:46:01
5.064 222.780 1130.732 16:46:02
5.072 152.976 783.415 16:46:03
5.068 208.976 1260.976 16:46:04
5.064 168.293 830.244 16:46:05
5.072 161.195 818.537 16:46:06
5.072 161.073 818.537 16:46:07
5.072 162.683 825.366 16:46:08
5.060 319.561 1777.561 16:46:09
5.060 346.561 1795.122 16:46:10
5.072 148.390 743.902 16:46:11
5.072 225.268 943.902 16:46:12
5.052 418.854 1639.024 16:46:13
5.076 153.293 775.122 16:46:14
5.076 160.878 816.098 16:46:15
5.048 395.854 2068.293 16:46:16
5.072 272.463 1092.683 16:46:17
5.064 245.976 1122.927 16:46:18
5.072 163.683 916.098 16:46:19
5.076 187.073 940.488 16:46:20
5.068 200.390 1016.585 16:46:21
5.060 162.195 826.341 16:46:22
5.068 196.390 1304.390 16:46:23
5.060 324.976 1735.122 16:46:24
5.072 162.683 822.439 16:46:25
5.064 257.585 1380.976 16:46:26
5.072 162.780 877.561 16:46:27
5.068 221.780 1141.463 16:46:28
5.060 416.561 2050.244 16:46:29
5.076 149.976 757.561 16:46:30
5.068 197.976 938.537 16:46:31
5.068 214.780 1089.268 16:46:32
5.064 175.293 966.341 16:46:33
5.072 156.390 1025.366 16:46:34
5.072 149.780 758.537 16:46:35
5.068 214.780 1086.829 16:46:36
5.064 243.171 1269.268 16:46:37
5.068 250.073 1271.707 16:46:38
5.064 222.488 1383.415 16:46:39
5.072 339.878 1614.634 16:46:40
5.060 365.073 1685.366 16:46:41
5.056 242.488 1700.000 16:46:42
5.068 170.780 867.805 16:46:43
5.068 194.171 1316.098 16:46:44
5.072 149.683 757.561 16:46:45
5.072 153.683 777.561 16:46:46
5.068 251.878 1239.024 16:46:47
5.060 342.366 1449.756 16:46:48
5.064 214.488 1557.561 16:46:49
5.072 215.488 1090.732 16:46:50
5.072 153.098 777.073 16:46:51
5.056 360.073 1795.122 16:46:52
5.072 210.878 1059.024 16:46:53
5.072 148.390 748.293 16:46:54
5.072 299.561 1523.902 16:46:55
5.068 307.976 1748.780 16:46:56
5.076 149.683 754.634 16:46:57
5.072 153.098 774.634 16:46:58
5.072 162.390 827.805 16:46:59
5.068 311.976 1072.683 16:47:00
5.076 163.293 827.805 16:47:01
5.072 215.780 931.707 16:47:02
5.072 153.098 775.122 16:47:03
5.072 167.585 777.561 16:47:04
5.072 222.878 1242.927 16:47:05
5.064 204.171 1285.854 16:47:06
5.072 161.293 815.122 16:47:07
5.072 160.976 816.585 16:47:09
5.068 251.488 1214.634 16:47:10
5.052 418.561 1577.073 16:47:11
5.072 156.390 960.488 16:47:12
5.072 186.171 823.415 16:47:13
5.072 163.073 831.220 16:47:14
5.060 285.463 1221.951 16:47:15
5.072 163.683 822.439 16:47:16
5.072 163.390 814.634 16:47:17
5.076 162.780 824.878 16:47:18
5.072 162.585 825.366 16:47:19
5.072 201.683 960.488 16:47:20
5.064 349.073 1261.951 16:47:21
5.052 467.561 2404.878 16:47:22
5.064 258.073 1275.610 16:47:23
5.072 158.073 759.512 16:47:24
5.072 200.293 1305.366 16:47:25
5.072 163.073 827.805 16:47:26
5.064 281.366 1379.512 16:47:27
5.068 250.268 1270.732 16:47:28
5.076 161.073 816.098 16:47:29
5.072 161.683 826.341 16:47:30
5.068 162.976 825.366 16:47:31
5.068 156.878 1012.683 16:47:32
5.068 219.073 941.463 16:47:33
5.076 149.195 760.000 16:47:34
5.060 287.878 1673.659 16:47:35
5.064 170.585 826.341 16:47:36
5.072 149.195 1267.805 16:47:37
5.060 338.463 1452.195 16:47:38
5.072 149.780 752.683 16:47:39
5.072 163.073 816.585 16:47:40
5.072 168.976 871.220 16:47:41
5.072 162.976 823.902 16:47:42
5.072 163.390 827.317 16:47:43
5.068 249.488 1379.512 16:47:44
5.060 232.488 1504.878 16:47:45
5.064 148.683 757.073 16:47:46
5.076 153.488 779.024 16:47:47
5.072 161.293 816.585 16:47:48
5.064 239.366 1548.293 16:47:49
5.060 346.366 1767.805 16:47:50
5.056 300.878 1435.610 16:47:51
5.072 149.195 754.634 16:47:52
5.076 163.073 822.439 16:47:53
5.064 249.585 1269.268 16:47:54
5.072 160.878 816.585 16:47:55
5.072 162.780 825.366 16:47:56
5.060 372.854 1720.000 16:47:57
5.072 228.683 1322.927 16:47:58
5.060 301.976 1401.951 16:47:59
5.072 152.585 992.683 16:48:00
5.072 161.073 816.098 16:48:01
5.048 346.561 1393.171 16:48:02
5.072 166.780 847.317 16:48:03
5.068 213.171 1074.146 16:48:04
5.068 162.878 827.317 16:48:05
5.072 162.683 823.902 16:48:06
5.072 192.683 1052.683 16:48:07
5.064 153.390 830.244 16:48:08
5.068 321.463 1750.244 16:48:09
5.072 163.073 823.902 16:48:10
5.072 162.683 820.976 16:48:11
5.076 163.390 1722.927 16:48:12
5.072 194.390 1461.951 16:48:13
5.068 274.585 1154.146 16:48:14
5.068 252.171 1021.463 16:48:15
5.072 163.073 832.195 16:48:16
5.044 481.854 2417.561 16:48:17
5.068 191.390 922.927 16:48:18
5.056 251.073 1270.732 16:48:19
5.072 225.683 1349.756 16:48:20
5.072 187.293 930.244 16:48:21
5.064 329.561 1196.585 16:48:22
5.072 191.585 927.805 16:48:23
5.052 415.463 1643.902 16:48:24
5.072 162.976 966.341 16:48:25
5.072 170.585 816.585 16:48:26
5.072 246.268 852.683 16:48:27
5.068 260.683 1091.707 16:48:28
5.052 478.366 1831.707 16:48:29
5.076 150.293 753.659 16:48:30
5.072 214.073 1052.683 16:48:31
5.072 163.390 827.805 16:48:32
5.076 162.976 827.805 16:48:33
5.072 162.683 826.341 16:48:34
5.064 195.390 966.341 16:48:35
5.072 186.683 808.780 16:48:36
5.072 231.976 1210.244 16:48:37
5.068 186.390 867.317 16:48:38
5.044 359.268 2467.805 16:48:39
5.064 252.171 1271.707 16:48:40
5.068 155.780 792.683 16:48:41
5.072 160.683 817.561 16:48:42
5.064 259.073 1245.854 16:48:43
5.064 163.683 830.244 16:48:44
5.064 266.780 1298.049 16:48:45
5.068 258.780 1558.537 16:48:46
5.072 149.195 1288.293 16:48:47
5.064 248.073 1245.366 16:48:48
5.068 248.780 1422.439 16:48:49
5.068 244.171 1281.951 16:48:50
5.064 252.780 1244.390 16:48:51
5.064 249.976 1271.707 16:48:52
5.060 418.561 2085.854 16:48:53
5.072 163.195 813.659 16:48:54
5.064 248.585 1420.000 16:48:55
5.068 191.780 1005.366 16:48:56
5.072 153.585 1296.585 16:48:57
5.060 279.683 1560.976 16:48:58
5.068 238.073 1037.561 16:48:59
5.064 212.780 826.341 16:49:00
5.064 281.073 1658.537 16:49:01
5.072 188.171 843.902 16:49:02
5.068 152.683 777.561 16:49:04
5.072 167.585 847.317 16:49:05
5.064 328.659 2002.927 16:49:06
5.064 290.561 1910.244 16:49:07
5.060 234.268 1371.707 16:49:08
5.076 149.390 757.073 16:49:09
5.076 155.780 783.902 16:49:10
5.060 338.976 1591.220 16:49:11
5.052 416.854 2128.293 16:49:12
5.072 161.195 928.780 16:49:13
5.072 163.878 826.341 16:49:14
5.072 278.171 1442.439 16:49:15
5.068 193.780 1648.780 16:49:16
5.064 260.171 1838.049 16:49:17
5.072 177.585 778.537 16:49:18
5.072 245.488 1178.049 16:49:19
5.068 250.683 1246.829 16:49:20
5.068 292.171 1383.415 16:49:21
5.064 249.878 1605.854 16:49:22
5.072 188.780 1006.829 16:49:23
5.072 228.585 777.561 16:49:24
5.072 153.683 777.073 16:49:25
5.072 253.683 840.000 16:49:26
5.072 199.585 1014.146 16:49:27
5.072 149.195 752.683 16:49:28
5.068 241.780 1225.854 16:49:29
5.076 152.293 767.317 16:49:30
5.072 164.390 956.585 16:49:31
5.072 162.976 828.780 16:49:32
5.068 190.585 1371.707 16:49:33
5.068 251.268 1358.049 16:49:34
5.068 200.780 1112.683 16:49:35
5.064 248.878 1257.073 16:49:36
5.072 153.976 780.000 16:49:37
5.068 195.878 1049.268 16:49:38
5.072 308.561 1309.268 16:49:39
5.072 234.366 1309.756 16:49:40
5.068 245.878 1244.390 16:49:41
5.072 202.171 991.220 16:49:42
5.072 149.683 823.415 16:49:43
5.072 161.390 1086.829 16:49:44
5.076 147.488 752.195 16:49:45
5.068 174.390 1832.683 16:49:46
5.060 285.366 1494.634 16:49:47
5.056 432.659 2106.829 16:49:48
5.072 163.585 830.244 16:49:49
5.072 201.878 1022.927 16:49:50
5.068 151.585 768.293 16:49:51
5.068 258.585 1273.171 16:49:52
5.052 333.878 1411.220 16:49:53
5.072 150.098 805.854 16:49:54
5.064 246.366 1389.756 16:49:55
5.056 406.951 1667.805 16:49:56
5.060 333.463 1603.415 16:49:57
5.072 185.878 961.463 16:49:58
5.072 163.195 827.805 16:49:59
5.072 300.073 1316.098 16:50:00
5.056 335.976 1743.902 16:50:01
5.056 334.366 1683.415 16:50:02
5.072 203.780 782.439 16:50:03
5.072 247.585 1260.976 16:50:04
5.064 269.976 1366.829 16:50:05
5.068 251.073 1271.707 16:50:06
5.060 250.683 1267.805 16:50:07
5.072 149.195 757.561 16:50:08
5.076 167.195 819.024 16:50:09
5.072 151.683 772.683 16:50:10
5.060 332.976 1697.561 16:50:11
5.052 334.561 1703.902 16:50:12
5.072 148.488 758.537 16:50:13
5.072 156.878 798.537 16:50:14
5.064 153.098 1103.902 16:50:15
5.060 277.976 1802.927 16:50:16
5.064 244.683 1284.390 16:50:17
5.072 149.683 760.000 16:50:18
5.072 237.488 976.585 16:50:19
5.072 151.585 773.659 16:50:20
5.060 289.073 1564.878 16:50:21
5.064 251.878 1274.634 16:50:22
5.072 161.976 825.366 16:50:23
5.064 242.585 1231.707 16:50:24
5.068 264.585 1265.366 16:50:25
5.060 295.171 1440.000 16:50:26
5.056 366.171 1398.537 16:50:27
5.068 149.878 840.976 16:50:28
5.044 477.854 2033.171 16:50:29
5.064 245.073 1231.707 16:50:30
5.072 148.488 759.512 16:50:31
5.064 253.488 1259.024 16:50:32
5.048 280.780 1475.610 16:50:33
5.064 261.585 1280.976 16:50:34
5.060 273.268 1404.878 16:50:35
5.064 160.878 775.122 16:50:36
5.076 163.073 826.341 16:50:37
5.060 273.878 1650.244 16:50:38
5.060 289.976 1462.439 16:50:39
5.064 245.976 1239.024 16:50:40
5.076 150.683 761.463 16:50:41
5.060 320.780 1644.878 16:50:42
5.072 163.073 826.341 16:50:43
5.060 323.561 2353.171 16:50:44
5.068 254.171 1274.634 16:50:45
5.072 165.390 829.756 16:50:46
5.060 333.561 2040.488 16:50:47
5.068 241.683 1346.829 16:50:48
5.064 244.171 1626.341 16:50:49
5.072 161.976 1302.927 16:50:50
5.072 161.585 818.537 16:50:51
5.068 259.171 1103.902 16:50:52
5.072 153.780 781.463 16:50:53
5.072 181.293 1343.415 16:50:54
5.068 191.878 987.805 16:50:55
5.068 153.780 781.463 16:50:56
5.064 335.073 2134.146 16:50:57
5.060 242.976 1294.634 16:50:58
5.072 147.098 749.756 16:51:00
5.072 206.585 827.317 16:51:01
5.072 178.390 891.220 16:51:02
5.060 338.268 1740.488 16:51:03
5.068 235.780 1093.171 16:51:04
5.068 184.683 924.878 16:51:05
5.072 153.976 777.073 16:51:06
5.076 153.976 781.463 16:51:07
5.048 431.756 2120.488 16:51:08
5.072 162.293 827.805 16:51:09
5.076 174.488 775.122 16:51:10
5.068 250.683 1114.146 16:51:11
5.064 273.463 1678.537 16:51:12
5.072 309.659 1800.000 16:51:13
5.072 163.390 828.780 16:51:14
5.064 215.976 1095.122 16:51:15
5.072 211.171 1019.024 16:51:16
5.072 163.293 1049.268 16:51:17
5.064 164.390 829.756 16:51:18
5.068 196.293 951.707 16:51:19
5.072 236.268 1136.585 16:51:20
5.052 408.073 2019.024 16:51:21
5.060 303.463 1467.317 16:51:22
5.072 148.098 748.293 16:51:23
5.068 246.073 1316.098 16:51:24
5.064 280.585 1935.122 16:51:25
5.064 201.585 1133.171 16:51:26
5.064 261.976 1225.366 16:51:27
5.072 250.268 826.341 16:51:28
5.064 339.878 1311.707 16:51:29
5.056 240.171 1263.415 16:51:30
5.072 147.390 747.317 16:51:31
5.072 161.488 820.000 16:51:32
5.076 162.976 830.244 16:51:33
5.068 253.073 1234.634 16:51:34
5.068 162.488 827.317 16:51:35
5.072 162.683 824.878 16:51:36
5.052 344.268 2070.732 16:51:37
5.072 162.878 826.341 16:51:38
5.072 162.488 823.415 16:51:39
5.068 245.171 1239.512 16:51:40
5.072 215.976 1723.902 16:51:41
5.056 337.171 1740.000 16:51:42
5.072 162.780 830.244 16:51:43
5.068 206.878 922.927 16:51:44
5.076 151.488 849.756 16:51:45
5.076 148.780 760.000 16:51:46
5.052 374.976 1656.098 16:51:47
5.068 304.780 904.878 16:51:48
5.064 247.683 1231.707 16:51:49
5.072 195.390 967.805 16:51:50
5.072 148.098 750.244 16:51:51
5.056 285.463 1548.293 16:51:52
5.072 161.585 1018.049 16:51:53
5.072 152.585 777.561 16:51:54
5.052 365.073 1468.780 16:51:55
5.068 202.878 976.585 16:51:56
5.072 161.195 815.122 16:51:57
5.072 163.683 829.756 16:51:58
5.072 195.780 818.537 16:51:59
5.068 247.268 1637.073 16:52:00
5.064 162.878 1250.732 16:52:01
5.064 214.780 1092.683 16:52:02
5.068 162.976 828.780 16:52:03
5.072 161.195 813.659 16:52:04
5.068 252.976 1274.634 16:52:05
5.076 149.780 757.561 16:52:06
5.056 337.073 2070.732 16:52:07
5.068 264.463 828.780 16:52:08
5.060 343.878 1725.366 16:52:09
5.056 335.463 1775.122 16:52:10
5.076 149.488 1025.366 16:52:11
5.068 247.171 1695.122 16:52:12
5.068 163.195 827.317 16:52:13
5.072 192.683 1002.439 16:52:14
5.056 350.976 1894.146 16:52:15
5.076 166.878 756.098 16:52:16
5.068 257.366 1266.829 16:52:17
5.068 244.585 1670.244 16:52:18
5.072 153.195 773.659 16:52:19
5.068 156.390 789.756 16:52:20
5.072 195.293 780.976 16:52:21
5.056 363.561 1855.610 16:52:22
5.056 343.878 1300.976 16:52:23
5.068 241.878 1086.341 16:52:24
5.072 152.585 1130.244 16:52:25
5.072 162.976 827.317 16:52:26
5.068 206.390 1121.951 16:52:27
5.068 250.976 830.244 16:52:28
5.056 276.171 1367.317 16:52:29
5.072 154.073 779.024 16:52:30
5.072 162.780 826.341 16:52:31
5.064 311.463 1390.732 16:52:32
5.064 254.366 2309.756 16:52:33
5.048 456.756 1237.073 16:52:34
5.068 163.488 827.805 16:52:35
5.068 298.268 1060.488 16:52:36
5.072 162.488 826.341 16:52:37
5.072 163.293 2343.415 16:52:38
5.064 247.585 827.805 16:52:39
5.072 196.171 828.780 16:52:40
5.072 155.293 1035.122 16:52:41
5.072 162.780 1034.146 16:52:42
5.068 205.683 1047.805 16:52:43
5.068 200.488 1586.341 16:52:44
5.060 287.268 1565.854 16:52:45
5.072 150.098 756.098 16:52:46
5.068 191.390 973.659 16:52:47
5.056 324.976 1646.341 16:52:48
5.068 279.171 1242.927 16:52:49
5.068 204.488 842.439 16:52:50
5.076 163.390 828.780 16:52:51
5.072 159.976 816.585 16:52:52
5.076 152.390 772.683 16:52:54
5.064 267.878 1659.024 16:52:55
5.076 152.488 1095.122 16:52:56
5.072 161.976 976.098 16:52:57
5.056 476.244 2196.098 16:52:58
5.072 236.976 1014.146 16:52:59
5.056 289.780 1483.415 16:53:00
5.068 149.195 1016.585 16:53:01
5.060 285.073 1313.171 16:53:02
5.052 523.951 2185.854 16:53:03
5.068 243.073 1060.000 16:53:04
5.060 221.390 1457.561 16:53:05
5.072 153.780 780.976 16:53:06
5.072 163.073 1054.146 16:53:07
5.052 346.268 1698.537 16:53:08
5.072 188.293 965.366 16:53:09
5.064 250.073 1381.951 16:53:10
5.064 222.488 1064.390 16:53:11
5.064 246.073 2169.268 16:53:12
5.060 334.366 1691.220 16:53:13
5.072 149.780 762.439 16:53:14
5.056 481.854 2353.659 16:53:15
5.076 149.098 764.878 16:53:16
5.060 327.366 1654.634 16:53:17
5.056 245.488 1247.805 16:53:18
5.068 158.683 936.098 16:53:19
5.072 267.073 1146.341 16:53:20
5.072 147.683 751.220 16:53:21
5.044 417.659 2203.415 16:53:22
5.076 163.683 863.902 16:53:23
5.072 165.585 807.317 16:53:24
5.068 228.683 1148.293 16:53:25
5.076 153.683 820.976 16:53:26
5.056 324.073 1666.341 16:53:27
5.072 163.585 827.805 16:53:28
5.068 213.683 1020.000 16:53:29
5.072 252.878 1711.220 16:53:30
5.072 152.488 774.634 16:53:31
5.060 295.683 1429.268 16:53:32
5.064 253.878 1285.366 16:53:33
5.064 287.976 1289.756 16:53:34
5.064 258.878 1260.976 16:53:35
5.064 212.585 1166.829 16:53:36
5.060 415.659 1636.098 16:53:37
5.064 244.683 1243.415 16:53:38
5.068 243.366 1234.634 16:53:39
5.060 331.366 1603.902 16:53:40
5.072 148.488 748.780 16:53:41
5.060 322.366 1615.122 16:53:42
5.060 166.293 841.463 16:53:43
5.072 151.976 768.293 16:53:44
5.068 300.463 1267.805 16:53:45
5.072 162.878 818.537 16:53:46
5.052 379.756 1656.098 16:53:47
5.064 273.073 1588.293 16:53:48
5.060 224.683 999.024 16:53:49
5.064 245.585 1248.293 16:53:50
5.072 162.390 822.439 16:53:51
5.072 180.390 920.488 16:53:52
5.072 148.976 753.659 16:53:53
5.072 147.683 752.195 16:53:54
5.076 153.585 777.561 16:53:55
5.060 326.171 1666.341 16:53:56
5.052 423.049 2137.073 16:53:57
5.072 148.878 743.415 16:53:58
5.072 162.780 825.366 16:53:59
5.064 197.976 825.366 16:54:00
5.060 330.659 1898.049 16:54:01
5.064 246.780 1617.561 16:54:02
5.064 348.976 1230.244 16:54:03
5.056 330.268 1520.976 16:54:04
5.072 197.293 1039.024 16:54:05
5.076 395.463 1267.805 16:54:06
5.068 378.073 1722.927 16:54:07
5.056 212.073 1081.463 16:54:08
5.072 207.585 796.098 16:54:09
5.072 212.976 783.415 16:54:10
5.068 260.976 1738.537 16:54:11
5.064 279.683 1292.195 16:54:12
5.072 154.390 778.537 16:54:13
5.064 296.171 1418.049 16:54:14
5.072 155.195 792.195 16:54:15
5.056 251.268 1261.951 16:54:16
5.064 253.268 1288.293 16:54:17
5.072 153.878 778.537 16:54:18
5.068 203.976 829.756 16:54:19
5.072 153.293 775.122 16:54:20
5.056 338.756 1554.634 16:54:21
5.068 251.366 1278.049 16:54:22
5.072 151.780 769.756 16:54:23
5.068 275.585 1386.829 16:54:24
5.068 204.683 767.317 16:54:25
5.064 243.683 1229.268 16:54:26
5.064 246.780 1046.341 16:54:27
5.064 184.171 1080.488 16:54:28
5.064 249.780 1284.390 16:54:29
5.076 239.488 1155.610 16:54:30
5.072 159.780 816.098 16:54:31
5.072 163.488 829.756 16:54:32
5.068 209.878 1060.000 16:54:33
5.060 340.171 1699.024 16:54:34
5.072 153.976 773.659 16:54:35
5.072 163.073 1556.098 16:54:36
5.068 251.268 1255.610 16:54:37
5.068 200.976 1150.244 16:54:38
5.044 476.366 2298.537 16:54:39
5.068 193.780 1033.171 16:54:40
5.064 245.268 1242.927 16:54:41
5.056 336.073 1202.927 16:54:42
5.072 161.585 947.805 16:54:43
5.064 215.390 2116.585 16:54:44
5.068 215.390 1201.951 16:54:45
5.068 200.976 1081.463 16:54:46
5.068 224.780 1139.024 16:54:47
5.072 208.488 1320.976 16:54:48
5.064 273.878 1424.878 16:54:49
5.056 246.780 1245.366 16:54:50
5.076 169.780 899.024 16:54:52
5.056 325.659 1712.195 16:54:53
5.072 162.585 825.366 16:54:54
5.064 250.073 1276.585 16:54:55
5.060 461.951 2262.439 16:54:56
5.068 197.293 1033.171 16:54:57
5.056 354.463 1543.902 16:54:58
5.060 264.073 1540.976 16:54:59
5.076 257.366 1340.488 16:55:00
5.064 334.976 1665.366 16:55:01
5.068 245.171 1247.805 16:55:02
5.072 161.293 818.537 16:55:03
5.064 264.683 1307.317 16:55:04
5.076 164.585 827.805 16:55:05
5.072 242.976 1597.561 16:55:06
5.072 161.780 819.024 16:55:07
5.072 161.073 876.585 16:55:08
5.072 163.195 828.780 16:55:09
5.072 195.780 1516.098 16:55:10
5.068 208.976 1095.122 16:55:11
5.068 151.195 765.854 16:55:12
5.060 258.683 1597.561 16:55:13
5.068 322.976 1481.951 16:55:14
5.072 162.976 827.805 16:55:15
5.064 211.780 1387.317 16:55:16
5.068 246.171 1483.415 16:55:17
5.068 178.195 967.805 16:55:18
5.056 299.268 1695.122 16:55:19
5.072 149.976 757.073 16:55:20
5.072 149.683 757.561 16:55:21
5.064 245.073 1419.512 16:55:22
5.068 163.293 827.317 16:55:23
5.060 254.683 1392.195 16:55:24
5.060 182.780 882.927 16:55:25
5.072 201.073 1018.049 16:55:26
5.068 206.268 1002.439 16:55:27
5.072 163.073 826.341 16:55:28
5.064 257.073 1700.976 16:55:29
5.068 249.073 1692.683 16:55:30
5.072 191.293 1031.707 16:55:31
5.068 282.780 1097.561 16:55:32
5.068 226.780 1144.390 16:55:33
5.064 270.366 1710.244 16:55:34
5.068 215.976 1239.024 16:55:35
5.072 156.293 788.780 16:55:36
5.072 191.585 1309.268 16:55:37
5.072 161.683 815.122 16:55:38
5.060 333.073 1690.244 16:55:39
5.072 203.878 957.561 16:55:40
5.072 162.585 820.976 16:55:41
5.076 176.195 826.341 16:55:42
5.064 226.878 1501.951 16:55:43
5.068 210.780 1070.244 16:55:44
5.072 149.683 757.561 16:55:45
5.076 162.878 822.439 16:55:46
5.052 330.659 1697.561 16:55:47
5.072 153.780 993.659 16:55:48
5.064 472.854 1227.805 16:55:49
5.072 152.878 777.073 16:55:50
5.068 163.585 829.756 16:55:51
5.068 249.171 1243.415 16:55:52
5.072 146.976 750.244 16:55:53
5.072 163.073 827.805 16:55:54
5.064 243.780 1277.073 16:55:55
5.068 216.390 1060.000 16:55:56
5.064 246.780 1220.488 16:55:57
5.072 162.976 827.805 16:55:58
5.064 277.171 1231.707 16:55:59
5.068 163.780 1005.366 16:56:00
5.064 334.366 1700.000 16:56:01
5.076 153.683 776.098 16:56:02
5.076 149.488 757.073 16:56:03
5.064 244.878 1234.634 16:56:04
5.060 276.585 1377.073 16:56:05
5.064 219.976 991.707 16:56:06
5.064 259.366 1745.366 16:56:07
5.072 152.098 888.780 16:56:08
5.048 334.268 1740.000 16:56:09
5.068 195.780 995.610 16:56:10
5.072 161.293 819.024 16:56:11
5.028 401.561 1676.098 16:56:12
5.068 251.780 1386.829 16:56:13
5.072 148.195 751.220 16:56:14
5.072 158.073 796.098 16:56:15
5.072 215.585 1328.293 16:56:16
5.064 287.976 1428.293 16:56:17
5.060 342.171 1036.585 16:56:18
5.072 163.195 831.220 16:56:19
5.064 242.268 1684.878 16:56:20
5.072 162.976 825.366 16:56:21
5.076 152.976 780.976 16:56:22
5.072 178.390 836.098 16:56:23
5.060 337.878 1617.561 16:56:24
5.064 340.878 1090.732 16:56:25
5.076 149.683 1040.488 16:56:26
5.064 242.073 1223.415 16:56:27
5.064 203.683 1165.366 16:56:28
5.064 197.976 1010.244 16:56:29
5.064 256.780 2412.683 16:56:30
5.072 163.073 825.366 16:56:31
5.072 163.293 827.805 16:56:32
5.044 409.366 2005.366 16:56:33
5.068 288.976 1553.659 16:56:34
5.072 161.293 817.561 16:56:35
5.072 161.780 816.098 16:56:36
5.060 246.073 1098.049 16:56:37
5.064 275.878 1486.341 16:56:38
5.068 163.683 926.341 16:56:39
5.068 266.463 932.683 16:56:40
5.072 154.488 779.024 16:56:41
5.072 233.073 1067.805 16:56:42
5.064 251.878 1532.195 16:56:43
5.072 153.390 993.659 16:56:44
5.064 341.073 1740.000 16:56:45
5.052 330.073 1689.756 16:56:47
5.060 320.366 1322.927 16:56:48
5.072 174.585 1320.488 16:56:49
5.072 247.171 1100.488 16:56:50
5.072 162.976 823.902 16:56:51
5.060 240.976 1248.293 16:56:52
5.068 299.171 1295.610 16:56:53
5.068 162.878 829.756 16:56:54
5.076 163.390 831.220 16:56:55
5.072 162.488 827.805 16:56:56
5.064 290.683 1413.171 16:56:57
5.064 214.488 1090.732 16:56:58
5.064 243.171 1278.537 16:56:59
5.056 345.366 1805.366 16:57:00
5.072 161.780 820.000 16:57:01
5.060 163.293 826.341 16:57:02
5.060 199.488 966.341 16:57:03
5.072 152.293 772.195 16:57:04
5.072 250.366 826.341 16:57:05
5.064 247.366 1254.146 16:57:06
5.064 251.878 1276.585 16:57:07
5.076 149.878 753.659 16:57:08
5.068 216.585 777.073 16:57:09
5.076 153.976 780.976 16:57:10
5.064 286.780 1681.463 16:57:11
5.072 195.488 1176.585 16:57:12
5.068 149.683 761.463 16:57:13
5.072 213.390 1100.488 16:57:14
5.072 154.683 780.976 16:57:15
5.060 356.366 1418.537 16:57:16
5.072 246.488 1210.732 16:57:17
5.072 153.390 790.244 16:57:18
5.072 156.878 807.317 16:57:19
5.064 239.073 1230.732 16:57:20
5.076 242.683 830.244 16:57:21
5.060 227.268 1140.488 16:57:22
5.076 150.390 763.415 16:57:23
5.068 214.780 1031.707 16:57:24
5.064 388.951 1460.000 16:57:25
5.068 268.073 1244.390 16:57:26
5.064 343.463 1278.537 16:57:27
5.064 274.463 1534.634 16:57:28
5.072 208.683 829.756 16:57:29
5.072 162.488 816.585 16:57:30
5.072 163.195 826.341 16:57:31
5.072 191.488 885.366 16:57:32
5.072 163.488 849.756 16:57:33
5.072 162.878 844.878 16:57:34
5.068 244.268 1234.634 16:57:35
5.064 291.463 1476.098 16:57:36
5.072 151.195 767.317 16:57:37
5.064 365.073 1255.610 16:57:38
5.064 211.976 1006.829 16:57:39
5.064 255.073 1396.098 16:57:40
5.072 181.585 1227.805 16:57:41
5.072 161.488 817.561 16:57:42
5.064 250.878 1267.805 16:57:43
5.076 163.390 829.756 16:57:44
5.072 160.390 818.537 16:57:45
5.056 404.463 2094.146 16:57:46
5.076 150.390 758.537 16:57:47
5.064 250.780 1269.756 16:57:48
5.064 247.585 1244.390 16:57:49
5.072 161.488 819.024 16:57:50
5.068 273.683 1231.707 16:57:51
5.064 206.585 987.805 16:57:52
5.068 161.195 817.561 16:57:53
5.064 284.976 1459.512 16:57:54
5.068 162.878 826.341 16:57:55
5.068 197.293 777.073 16:57:56
5.060 281.585 1424.878 16:57:57
5.068 218.585 1096.585 16:57:58
5.060 331.659 1678.537 16:57:59
5.072 163.390 827.805 16:58:00
5.072 162.780 827.805 16:58:01
5.064 259.585 1269.268 16:58:02
5.068 210.171 971.220 16:58:03
5.072 200.390 1492.195 16:58:04
5.076 163.683 1317.073 16:58:05
5.072 163.293 827.317 16:58:06
5.064 249.488 1276.585 16:58:07
5.072 162.976 1055.610 16:58:08
5.044 241.268 1272.195 16:58:09
5.068 164.878 1384.878 16:58:10
5.072 249.878 1261.951 16:58:11
5.072 163.683 1266.829 16:58:12
5.068 276.366 830.244 16:58:13
5.068 216.390 1355.610 16:58:14
5.060 326.878 1258.049 16:58:15
5.072 163.585 832.195 16:58:16
5.068 197.171 981.463 16:58:17
5.072 163.073 829.756 16:58:18
5.060 334.366 1692.195 16:58:19
5.064 342.659 1956.585 16:58:20
5.064 170.976 816.585 16:58:21
5.064 163.073 936.098 16:58:22
5.060 293.683 1409.756 16:58:23
5.072 148.976 1002.439 16:58:24
5.064 154.195 780.976 16:58:25
5.064 324.463 1285.854 16:58:26
5.056 249.878 1436.098 16:58:27
5.068 240.878 1180.488 16:58:28
5.072 148.683 823.902 16:58:29
5.076 153.098 772.195 16:58:30
5.068 252.268 1280.976 16:58:31
5.052 378.561 2145.854 16:58:32
5.068 199.171 917.561 16:58:33
5.072 148.683 760.976 16:58:34
5.064 260.683 1270.732 16:58:35
5.068 250.268 1398.537 16:58:36
5.048 414.659 1787.317 16:58:37
5.068 271.878 1099.512 16:58:38
5.072 163.073 927.317 16:58:39
5.072 207.171 1105.366 16:58:40
5.060 327.659 1696.585 16:58:41
5.064 325.171 1419.512 16:58:42
5.064 230.683 1060.488 16:58:44
5.076 162.976 1258.049 16:58:45
5.068 163.683 829.756 16:58:46
5.068 249.780 1278.537 16:58:47
5.064 222.073 999.024 16:58:48
5.068 250.878 1281.951 16:58:49
5.064 259.976 1480.000 16:58:50
5.072 163.683 819.024 16:58:51
5.076 162.878 826.341 16:58:52
5.076 163.195 827.317 16:58:53
5.060 283.366 1006.341 16:58:54
5.072 162.293 822.439 16:58:55
5.064 297.171 1504.878 16:58:56
5.072 209.878 1062.927 16:58:57
5.056 386.659 1956.585 16:58:58
5.064 282.073 1269.268 16:58:59
5.068 178.976 1000.000 16:59:00
5.076 170.390 830.244 16:59:01
5.068 216.268 1092.683 16:59:02
5.072 214.976 997.561 16:59:03
5.072 163.390 828.780 16:59:04
5.064 250.488 1272.195 16:59:05
5.060 250.780 1274.634 16:59:06
5.068 212.390 1222.927 16:59:07
5.068 222.390 1373.171 16:59:08
5.072 156.976 795.122 16:59:09
5.068 265.878 2408.780 16:59:10
5.048 481.049 2041.951 16:59:11
5.072 154.073 780.976 16:59:12
5.072 238.878 1031.220 16:59:13
5.072 178.390 966.829 16:59:14
5.064 269.976 1261.951 16:59:15
5.072 162.585 1066.341 16:59:16
5.076 151.390 768.293 16:59:17
5.076 163.195 823.902 16:59:18
5.056 257.683 1023.902 16:59:19
5.072 228.976 1316.098 16:59:20
5.076 217.268 955.122 16:59:21
5.068 215.780 1095.610 16:59:22
5.064 250.366 1818.049 16:59:23
5.072 205.488 1440.000 16:59:24
5.072 215.878 1061.951 16:59:25
5.064 329.780 1443.415 16:59:26
5.072 163.073 827.317 16:59:27
5.068 182.390 987.805 16:59:28
5.068 209.171 996.585 16:59:29
5.072 162.976 826.341 16:59:30
5.068 196.976 983.902 16:59:31
5.052 410.171 2016.585 16:59:32
5.068 338.073 1235.610 16:59:33
5.068 245.268 1245.854 16:59:34
5.072 162.585 827.805 16:59:35
5.072 247.073 1007.805 16:59:36
5.068 337.561 1714.146 16:59:37
5.072 153.098 780.976 16:59:38
5.072 214.390 1092.683 16:59:39
5.064 244.585 1299.512 16:59:40
5.064 252.073 1239.512 16:59:41
5.060 259.268 1019.024 16:59:42
5.064 162.878 991.220 16:59:43
5.072 254.683 1314.146 16:59:44
5.060 343.976 1742.439 16:59:45
5.060 306.268 1513.171 16:59:46
5.072 162.683 823.902 16:59:47
5.068 162.780 826.341 16:59:48
5.076 161.585 819.024 16:59:49
5.064 285.780 1394.634 16:59:50
5.056 248.780 1602.439 16:59:51
5.060 317.659 1659.024 16:59:52
5.072 147.683 754.634 16:59:53
5.072 163.683 830.244 16:59:54
5.056 329.171 1313.171 16:59:55
5.072 149.293 760.000 16:59:56
5.072 160.585 816.585 16:59:57
5.056 334.366 1694.146 16:59:58
5.060 217.976 1101.463 16:59:59
5.068 246.780 1240.488 17:00:00
5.064 200.585 1043.902 17:00:01
5.068 207.390 1057.561 17:00:02
5.064 289.561 1451.220 17:00:03
5.068 214.171 1174.146 17:00:04
5.068 239.780 1087.805 17:00:05
5.076 156.780 795.122 17:00:06
5.060 242.683 1230.732 17:00:07
5.064 250.976 1275.610 17:00:08
5.064 274.780 1278.049 17:00:09
5.068 218.073 1102.927 17:00:10
5.072 162.780 826.341 17:00:11
5.072 164.585 827.317 17:00:12
5.072 171.683 1176.585 17:00:13
5.060 210.683 1169.268 17:00:14
5.068 329.780 1462.439 17:00:15
5.072 163.780 955.122 17:00:16
5.056 343.463 1906.829 17:00:17
5.072 153.780 780.000 17:00:18
5.064 250.976 1310.732 17:00:19
5.072 153.488 1078.049 17:00:20
5.068 226.878 1147.805 17:00:21
5.068 188.171 827.317 17:00:22
5.072 163.293 827.317 17:00:23
5.056 334.659 1695.122 17:00:24
5.068 229.683 1233.171 17:00:25
5.072 193.976 823.902 17:00:26
5.064 279.683 1240.488 17:00:27
5.068 163.488 1380.488 17:00:28
5.064 245.585 1241.951 17:00:29
5.072 176.195 938.537 17:00:30
5.076 161.585 818.537 17:00:31
5.060 248.171 1762.439 17:00:32
5.072 305.366 1179.512 17:00:33
5.072 184.585 1086.341 17:00:34
5.068 218.683 1087.805 17:00:35
5.068 152.878 778.537 17:00:36
5.072 157.976 798.537 17:00:37
5.064 252.878 1272.195 17:00:38
5.064 253.488 1278.537 17:00:39
5.068 221.268 1109.268 17:00:40
5.072 162.878 829.756 17:00:41
5.060 338.659 1727.805 17:00:43
5.068 185.073 989.268 17:00:44
5.076 149.195 755.122 17:00:45
5.072 155.976 844.878 17:00:46
5.064 291.268 1361.951 17:00:47
5.060 300.463 1436.098 17:00:48
5.072 150.293 855.122 17:00:49
5.076 161.195 817.561 17:00:50
5.064 284.878 1667.317 17:00:51
5.060 306.366 2076.585 17:00:52
5.064 242.780 1235.610 17:00:53
5.056 268.878 1696.585 17:00:54
5.060 248.780 1664.878 17:00:55
5.056 245.683 1240.488 17:00:56
5.072 162.780 822.439 17:00:57
5.072 153.780 779.024 17:00:58
5.056 334.268 1680.976 17:00:59
5.064 249.878 1265.366 17:01:00
5.044 431.561 1460.976 17:01:01
5.064 246.073 1239.024 17:01:02
5.068 196.073 1159.024 17:01:03
5.068 189.488 879.024 17:01:04
5.076 156.976 797.073 17:01:05
5.064 163.488 827.317 17:01:06
5.068 250.171 1360.976 17:01:07
5.068 209.780 1093.171 17:01:08
5.072 193.390 1316.098 17:01:09
5.068 166.293 842.439 17:01:10
5.068 210.488 1084.390 17:01:11
5.072 187.976 1239.024 17:01:12
5.060 251.780 1279.512 17:01:13
5.072 163.585 827.317 17:01:14
5.044 412.756 1894.146 17:01:15
5.068 305.780 1726.341 17:01:16
5.076 150.683 760.000 17:01:17
5.056 338.463 1723.902 17:01:18
5.068 184.683 1127.805 17:01:19
5.064 264.463 1288.293 17:01:20
5.064 315.073 1055.610 17:01:21
5.064 214.878 1080.000 17:01:22
5.064 246.488 1227.805 17:01:23
5.076 149.585 762.439 17:01:24
5.052 329.171 1668.780 17:01:25
5.064 247.878 1765.366 17:01:26
5.064 242.976 1233.171 17:01:27
5.056 369.171 2281.951 17:01:28
5.064 238.171 1010.244 17:01:29
5.072 160.585 1155.610 17:01:30
5.072 156.878 791.220 17:01:31
5.068 194.171 958.049 17:01:32
5.068 208.878 898.537 17:01:33
5.072 153.976 936.098 17:01:34
5.060 306.463 1446.829 17:01:35
5.064 250.683 1271.707 17:01:36
5.072 152.878 777.073 17:01:37
5.060 331.780 1670.244 17:01:38
5.068 254.268 869.756 17:01:39
5.048 341.366 1846.829 17:01:40
5.068 240.171 1267.805 17:01:41
5.076 149.390 756.098 17:01:42
5.056 472.049 2431.220 17:01:43
5.064 250.073 1269.268 17:01:44
5.064 251.073 1280.488 17:01:45
5.064 245.780 1244.390 17:01:46
5.072 163.293 829.756 17:01:47
5.064 266.585 1237.073 17:01:48
5.072 162.976 827.317 17:01:49
5.068 228.073 1351.707 17:01:50
5.064 244.976 1258.049 17:01:51
5.064 234.171 1162.927 17:01:52
5.064 162.878 824.878 17:01:53
5.072 221.976 827.317 17:01:54
5.064 277.366 1292.195 17:01:55
5.068 330.268 1603.415 17:01:56
5.072 161.390 819.024 17:01:57
5.048 245.488 1250.732 17:01:58
5.064 325.073 1263.415 17:01:59
5.072 209.073 1061.463 17:02:00
5.056 484.756 2456.098 17:02:01
5.072 150.293 754.634 17:02:02
5.068 245.780 1239.512 17:02:03
5.064 296.073 1377.073 17:02:04
5.072 149.293 762.439 17:02:05
5.064 249.366 1244.390 17:02:06
5.068 273.268 1272.195 17:02:07
5.060 321.268 1239.512 17:02:08
5.064 245.268 1592.195 17:02:09
5.076 152.293 772.195 17:02:10
5.068 271.878 1307.317 17:02:11
5.064 245.780 1785.366 17:02:12
5.068 211.268 783.415 17:02:13
5.064 275.073 1329.268 17:02:14
5.072 154.390 1374.634 17:02:15
5.068 265.073 1600.000 17:02:16
5.064 184.488 866.341 17:02:17
5.068 252.683 1281.951 17:02:18
5.064 196.293 1182.927 17:02:19
5.064 245.366 1718.537 17:02:20
5.068 252.268 1031.220 17:02:21
5.072 160.878 819.024 17:02:22
5.072 223.976 1357.073 17:02:23
5.068 245.780 1239.024 17:02:24
5.056 334.976 1735.122 17:02:25
5.072 163.390 827.805 17:02:26
5.064 258.463 1259.512 17:02:27
5.064 251.780 1335.610 17:02:28
5.064 321.171 1259.024 17:02:29
5.056 333.463 1692.683 17:02:30
5.064 245.878 1369.268 17:02:31
5.068 244.073 1171.707 17:02:32
5.068 242.780 1239.024 17:02:33
5.072 163.195 830.244 17:02:34
5.064 252.366 1273.171 17:02:35
5.072 163.293 829.756 17:02:36
5.064 243.488 1239.024 17:02:37
5.072 172.780 895.122 17:02:39
5.060 423.561 2134.146 17:02:40
5.068 237.780 1088.780 17:02:41
5.076 152.390 768.780 17:02:42
5.068 244.073 1422.439 17:02:43
5.064 245.878 1239.024 17:02:44
5.064 251.585 1272.195 17:02:45
5.064 208.976 1059.024 17:02:46
5.072 148.878 748.780 17:02:47
5.056 339.659 1724.878 17:02:48
5.064 243.488 1240.976 17:02:49
5.068 243.171 1223.415 17:02:50
5.068 225.780 1148.293 17:02:51
5.072 149.195 807.805 17:02:52
5.064 197.976 1218.049 17:02:53
5.060 260.366 1453.171 17:02:54
5.068 186.976 1136.585 17:02:55
5.064 209.976 1063.902 17:02:56
5.072 165.293 784.878 17:02:57
5.064 298.878 1377.073 17:02:58
5.056 399.951 1673.659 17:02:59
5.068 157.878 801.463 17:03:00
5.064 250.976 1078.049 17:03:01
5.044 466.463 2021.951 17:03:02
5.068 258.463 1505.854 17:03:03
5.064 246.268 1238.049 17:03:04
5.072 151.195 1089.268 17:03:05
5.064 296.878 1279.512 17:03:06
5.068 164.195 1057.561 17:03:07
5.064 214.390 953.659 17:03:08
5.064 336.659 1722.439 17:03:09
5.064 214.488 993.659 17:03:10
5.072 151.488 772.683 17:03:11
5.064 261.878 1276.585 17:03:12
5.072 163.293 829.756 17:03:13
5.068 156.976 1054.146 17:03:14
5.064 195.683 969.268 17:03:15
5.064 268.780 1269.756 17:03:16
5.072 153.585 785.854 17:03:17
5.052 351.463 1721.463 17:03:18
5.064 246.878 1251.707 17:03:19
5.072 162.488 826.341 17:03:20
5.068 265.878 1237.073 17:03:21
5.060 254.073 1248.293 17:03:22
5.064 372.366 1768.780 17:03:23
5.068 241.073 1224.390 17:03:24
5.072 219.073 854.146 17:03:25
5.072 162.878 828.780 17:03:26
5.060 245.780 1240.976 17:03:27
5.072 236.780 1148.293 17:03:28
5.064 251.780 830.244 17:03:29
5.068 152.878 1035.610 17:03:30
5.056 324.659 1819.024 17:03:31
5.064 245.488 1038.049 17:03:32
5.068 210.683 1071.707 17:03:33
5.068 215.878 1095.122 17:03:34
5.068 225.390 866.341 17:03:35
5.052 395.659 2331.220 17:03:36
5.060 345.878 1959.024 17:03:37
5.068 320.780 1232.195 17:03:38
5.060 364.366 1819.024 17:03:39
5.072 220.683 872.195 17:03:40
5.064 190.585 932.683 17:03:41
5.068 177.195 905.366 17:03:42
5.072 159.976 818.537 17:03:43
5.052 413.463 1703.902 17:03:44
5.064 230.390 1146.829 17:03:45
5.068 251.366 1275.610 17:03:46
5.076 163.780 832.683 17:03:47
5.072 196.488 948.780 17:03:48
5.064 359.854 2191.707 17:03:49
5.072 193.390 952.683 17:03:50
5.060 243.171 1264.390 17:03:51
5.064 255.780 1250.244 17:03:52
5.072 181.976 750.244 17:03:53
5.072 223.073 867.805 17:03:54
5.060 313.268 1722.927 17:03:55
5.060 297.780 1237.073 17:03:56
5.064 225.780 1143.902 17:03:57
5.068 269.366 1244.390 17:03:58
5.064 246.976 1250.732 17:03:59
5.060 319.171 1766.341 17:04:00
5.072 161.293 815.122 17:04:01
5.068 215.683 1251.707 17:04:02
5.068 222.683 1136.585 17:04:03
5.044 451.366 2097.073 17:04:04
5.064 244.976 1257.073 17:04:05
5.060 306.780 1235.610 17:04:06
5.072 162.976 826.341 17:04:07
5.072 177.488 832.195 17:04:08
5.068 209.585 1064.390 17:04:09
5.064 252.366 1293.171 17:04:10
5.060 431.366 2050.732 17:04:11
5.072 163.073 833.659 17:04:12
5.072 164.195 824.878 17:04:13
5.056 363.976 1688.780 17:04:14
5.064 251.268 1394.634 17:04:15
5.060 255.585 1274.146 17:04:16
5.072 168.878 780.000 17:04:17
5.072 152.780 772.195 17:04:18
5.060 335.976 1770.244 17:04:19
5.060 247.171 1233.171 17:04:20
5.064 245.585 1316.098 17:04:21
5.064 242.366 1808.780 17:04:22
5.072 163.073 826.341 17:04:23
5.072 162.976 828.780 17:04:24
5.064 252.171 1378.049 17:04:25
5.064 178.878 1066.829 17:04:26
5.068 227.073 1184.390 17:04:27
5.072 149.585 757.561 17:04:28
5.056 243.073 1328.293 17:04:29
5.056 371.463 1429.756 17:04:30
5.056 248.488 1866.341 17:04:31
5.064 279.463 1331.707 17:04:32
5.072 161.390 872.683 17:04:33
5.064 244.073 1314.634 17:04:34
5.064 315.268 2266.829 17:04:35
5.064 253.073 1284.390 17:04:37
5.072 163.585 998.049 17:04:38
5.068 237.366 1031.220 17:04:39
5.064 254.683 1285.854 17:04:40
5.064 253.683 1444.390 17:04:41
5.072 202.171 1051.707 17:04:42
5.072 245.488 1174.146 17:04:43
5.072 162.073 828.780 17:04:44
5.072 222.268 1092.683 17:04:45
5.068 161.976 820.976 17:04:46
5.068 188.780 936.585 17:04:47
5.064 251.683 1275.610 17:04:48
5.068 258.780 1061.463 17:04:49
5.056 243.683 1225.366 17:04:50
5.068 209.488 1086.341 17:04:51
5.068 212.488 1070.732 17:04:52
5.052 362.854 2434.634 17:04:53
5.060 187.976 911.707 17:04:54
5.068 244.073 1234.634 17:04:55
5.056 345.756 1762.927 17:04:56
5.072 184.585 909.756 17:04:57
5.068 157.293 797.561 17:04:58
5.072 199.171 1006.341 17:04:59
5.072 172.488 931.707 17:05:00
5.068 189.683 891.707 17:05:01
5.072 170.683 880.976 17:05:02
5.072 169.585 860.976 17:05:03
5.072 183.171 873.659 17:05:04
5.068 169.976 869.756 17:05:05
5.068 171.683 906.341 17:05:06
5.060 278.878 1323.415 17:05:07
5.064 277.366 1498.537 17:05:08
5.068 180.488 1199.024 17:05:09
5.072 161.878 823.902 17:05:10
5.052 245.073 1246.829 17:05:11
5.072 203.976 1029.268 17:05:12
5.052 383.463 1962.927 17:05:13
5.076 163.488 829.756 17:05:14
5.072 189.488 818.537 17:05:15
5.060 452.659 2358.537 17:05:16
5.068 208.976 1055.610 17:05:17
5.060 334.561 1702.927 17:05:18
5.060 331.561 2376.098 17:05:19
5.072 162.780 830.244 17:05:20
5.052 320.976 1438.537 17:05:21
5.052 375.171 1429.268 17:05:22
5.044 403.756 1650.244 17:05:23
5.060 271.878 1340.976 17:05:24
5.076 149.585 761.463 17:05:25
5.064 225.390 1316.098 17:05:26
5.072 161.780 819.024 17:05:27
5.044 451.463 1802.927 17:05:28
5.060 324.268 1762.927 17:05:29
5.072 204.780 1039.024 17:05:30
5.064 260.780 1265.366 17:05:31
5.068 224.390 1097.561 17:05:32
5.068 167.293 836.585 17:05:33
5.064 244.878 1691.220 17:05:34
5.076 149.976 761.463 17:05:35
5.068 250.976 1259.024 17:05:36
5.072 156.585 791.220 17:05:37
5.060 334.976 1681.463 17:05:38
5.056 256.073 1289.756 17:05:39
5.072 150.098 757.561 17:05:40
5.052 327.268 1470.732 17:05:41
5.076 150.195 762.439 17:05:42
5.068 248.268 1507.317 17:05:43
5.064 251.878 1234.634 17:05:44
5.076 193.585 931.707 17:05:45
5.068 250.073 1234.634 17:05:46
5.068 216.171 1093.171 17:05:47
5.064 392.561 1758.537 17:05:48
5.072 163.073 1494.634 17:05:49
5.068 215.976 1104.390 17:05:50
5.072 161.073 1245.854 17:05:51
5.076 148.976 757.073 17:05:52
5.060 329.878 1647.317 17:05:53
5.068 251.878 1251.707 17:05:54
5.076 151.293 768.780 17:05:55
5.060 333.463 1715.122 17:05:56
5.072 254.585 867.317 17:05:57
5.052 457.659 2368.293 17:05:58
5.064 243.073 1231.707 17:05:59
5.072 148.195 748.293 17:06:00
5.064 246.171 1245.854 17:06:01
5.072 215.073 1133.171 17:06:02
5.064 292.366 1231.707 17:06:03
5.072 150.780 816.098 17:06:04
5.076 146.976 747.317 17:06:05
5.064 309.463 1402.439 17:06:06
5.072 149.098 760.976 17:06:07
5.064 288.561 1100.488 17:06:08
5.076 149.390 760.000 17:06:09
5.072 147.683 746.341 17:06:10
5.072 163.878 891.707 17:06:11
5.076 147.098 750.244 17:06:12
5.072 147.293 751.220 17:06:13
5.072 160.390 818.537 17:06:14
5.076 148.098 743.415 17:06:15
5.072 201.171 1023.902 17:06:16
5.076 146.683 743.902 17:06:17
5.072 146.390 748.780 17:06:18
5.064 162.293 1305.366 17:06:19
5.076 146.585 744.878 17:06:20
5.072 160.683 813.659 17:06:21
5.080 147.195 744.878 17:06:22
5.076 146.585 746.341 17:06:23
5.076 159.780 815.122 17:06:24
5.072 147.390 743.415 17:06:25
5.076 160.073 812.195 17:06:26
5.072 161.878 820.976 17:06:27
