5.060 338.183 1467.805 14:53:05
5.072 159.293 804.390 14:53:06
5.072 146.000 741.220 14:53:07
5.056 387.280 1958.049 14:53:08
5.072 214.988 833.171 14:53:09
5.076 146.293 738.780 14:53:10
5.072 154.695 785.366 14:53:11
5.076 223.598 1261.951 14:53:12
5.068 192.488 991.951 14:53:13
5.068 243.793 819.268 14:53:14
5.076 150.695 764.878 14:53:15
5.052 274.488 1251.951 14:53:16
5.072 211.195 977.073 14:53:17
5.052 399.598 1971.220 14:53:18
5.072 203.195 755.610 14:53:19
5.072 146.293 742.439 14:53:20
5.072 161.793 989.512 14:53:21
5.076 152.390 771.951 14:53:22
5.064 257.488 1238.049 14:53:23
5.068 184.988 947.073 14:53:24
5.056 384.561 1714.146 14:53:25
5.072 156.488 748.780 14:53:26
5.068 352.659 1568.293 14:53:27
5.072 269.268 1230.732 14:53:28
5.068 208.878 1059.024 14:53:29
5.076 161.976 1084.390 14:53:30
5.068 189.293 1034.146 14:53:31
5.068 245.073 1244.390 14:53:32
5.076 147.976 752.683 14:53:33
5.060 301.268 1414.634 14:53:34
5.072 168.293 1261.951 14:53:35
5.068 233.878 1110.244 14:53:36
5.064 245.878 822.439 14:53:37
5.072 147.878 751.220 14:53:38
5.072 157.683 772.683 14:53:39
5.072 154.976 784.878 14:53:40
5.060 249.366 1326.829 14:53:41
5.076 148.098 749.756 14:53:42
5.072 159.195 808.780 14:53:43
5.072 160.390 812.195 14:53:44
5.076 147.683 1043.902 14:53:45
5.056 409.756 2091.707 14:53:46
5.072 160.780 820.000 14:53:47
5.076 146.878 743.415 14:53:48
5.072 259.976 1269.268 14:53:49
5.076 150.585 762.439 14:53:50
5.060 161.683 822.439 14:53:51
5.076 250.366 816.098 14:53:52
5.064 254.073 979.024 14:53:53
5.068 189.976 1111.707 14:53:54
5.072 183.488 905.366 14:53:55
5.072 160.390 1252.195 14:53:56
5.072 259.171 1210.732 14:53:57
5.076 161.780 888.780 14:53:58
5.064 161.683 820.976 14:53:59
5.072 211.171 1069.268 14:54:00
5.064 256.268 1476.098 14:54:01
5.072 176.195 1172.683 14:54:02
5.072 159.073 830.244 14:54:03
5.060 165.195 915.122 14:54:04
5.072 254.073 1250.732 14:54:05
5.064 335.659 1958.049 14:54:06
5.060 356.659 2115.610 14:54:07
5.064 331.366 1164.390 14:54:08
5.076 146.878 743.415 14:54:09
5.072 192.683 995.610 14:54:10
5.072 176.390 824.878 14:54:11
5.040 490.049 2541.463 14:54:12
5.060 336.366 1378.537 14:54:14
5.072 148.878 754.634 14:54:15
5.072 161.488 820.976 14:54:16
5.072 164.390 832.683 14:54:17
5.072 191.488 820.976 14:54:18
5.060 288.463 1401.951 14:54:19
5.060 286.561 1278.537 14:54:20
5.064 261.366 1234.146 14:54:21
5.068 213.780 1075.122 14:54:22
5.072 161.585 819.024 14:54:23
5.072 161.585 1484.878 14:54:24
5.072 162.390 820.976 14:54:25
5.072 161.390 1410.732 14:54:26
5.072 181.683 1101.951 14:54:27
5.052 273.366 1566.341 14:54:28
5.072 182.488 895.122 14:54:29
5.076 147.878 751.220 14:54:30
5.072 151.878 772.683 14:54:31
5.072 161.293 820.976 14:54:32
5.072 160.780 816.585 14:54:33
5.056 323.659 1634.634 14:54:34
5.068 218.268 1130.244 14:54:35
5.076 146.780 740.976 14:54:36
5.072 160.585 1255.610 14:54:37
5.072 159.488 808.780 14:54:38
5.044 377.463 1260.488 14:54:39
5.064 242.073 1246.829 14:54:40
5.064 252.366 1484.390 14:54:41
5.072 199.780 1038.049 14:54:42
5.068 204.488 1120.488 14:54:43
5.072 146.976 742.439 14:54:44
5.072 161.683 820.976 14:54:45
5.072 148.780 797.073 14:54:46
5.060 344.561 1620.000 14:54:47
5.060 330.561 1592.195 14:54:48
5.064 201.390 995.610 14:54:49
5.068 161.976 820.976 14:54:50
5.072 159.976 811.220 14:54:51
5.064 476.756 1701.463 14:54:52
5.064 169.390 960.000 14:54:53
5.072 193.171 1014.146 14:54:54
5.068 244.171 1257.073 14:54:55
5.072 167.878 789.756 14:54:56
5.060 341.073 1689.756 14:54:57
5.068 213.171 1008.780 14:54:58
5.072 154.293 782.439 14:54:59
5.076 161.585 819.024 14:55:00
5.064 243.585 1224.390 14:55:01
5.068 245.976 1046.829 14:55:02
5.072 256.171 1143.902 14:55:03
5.072 152.585 773.659 14:55:04
5.068 195.780 976.098 14:55:05
5.072 209.683 1065.366 14:55:06
5.076 161.780 819.024 14:55:07
5.072 156.195 792.683 14:55:08
5.056 367.073 1811.220 14:55:09
5.072 183.780 770.244 14:55:10
5.068 193.585 768.293 14:55:11
5.072 151.683 767.317 14:55:12
5.072 153.878 844.878 14:55:13
5.060 244.488 1245.854 14:55:14
5.072 147.683 746.341 14:55:15
5.068 222.780 1120.488 14:55:16
5.072 171.195 860.976 14:55:17
5.072 161.073 816.098 14:55:18
5.072 162.073 821.463 14:55:19
5.072 161.780 816.585 14:55:20
5.072 204.780 1003.902 14:55:21
5.072 222.585 922.439 14:55:22
5.072 173.683 798.537 14:55:23
5.076 162.073 1087.805 14:55:24
5.072 161.488 816.098 14:55:25
5.076 161.976 821.463 14:55:26
5.060 211.268 1081.951 14:55:27
5.060 321.780 1272.195 14:55:28
5.064 153.098 779.024 14:55:29
5.072 146.390 746.341 14:55:30
5.064 161.976 821.463 14:55:31
5.072 165.780 1264.390 14:55:32
5.076 162.293 820.976 14:55:33
5.064 226.171 1087.805 14:55:34
5.068 213.073 1373.659 14:55:35
5.068 186.780 927.805 14:55:36
5.068 148.488 919.024 14:55:37
5.076 216.976 821.463 14:55:38
5.072 244.780 918.537 14:55:39
5.068 186.171 986.829 14:55:40
5.072 162.293 820.000 14:55:41
5.072 290.780 1138.049 14:55:42
5.068 208.976 1061.951 14:55:43
5.076 202.780 749.756 14:55:44
5.068 202.683 1402.439 14:55:45
5.064 231.171 1388.293 14:55:46
5.072 222.171 988.780 14:55:47
5.072 155.195 789.756 14:55:48
5.076 159.976 885.366 14:55:49
5.076 152.488 768.780 14:55:50
5.072 147.878 755.122 14:55:51
5.052 334.366 1640.000 14:55:52
5.068 193.390 1013.659 14:55:53
5.076 146.780 1021.463 14:55:54
5.076 162.073 922.927 14:55:55
5.076 191.390 769.756 14:55:56
5.056 378.976 2133.171 14:55:57
5.052 377.659 1487.317 14:55:58
5.072 255.073 1192.683 14:55:59
5.068 206.488 1146.341 14:56:00
5.072 317.659 819.024 14:56:01
5.048 270.073 1305.366 14:56:02
5.064 252.585 1360.488 14:56:03
5.076 146.976 1282.927 14:56:04
5.068 217.780 1086.829 14:56:05
5.072 161.976 816.585 14:56:06
5.064 204.488 1029.268 14:56:08
5.068 229.780 860.976 14:56:09
5.056 396.171 1897.561 14:56:10
5.068 210.488 1113.171 14:56:11
5.072 148.683 761.463 14:56:12
5.072 187.293 825.366 14:56:13
5.064 266.268 1297.073 14:56:14
5.068 185.488 1217.073 14:56:15
5.068 214.780 1088.780 14:56:16
5.072 148.585 751.220 14:56:17
5.072 161.293 817.561 14:56:18
5.068 196.293 1592.195 14:56:19
5.072 251.585 924.878 14:56:20
5.064 244.366 828.780 14:56:21
5.072 167.293 782.439 14:56:22
5.068 207.780 976.585 14:56:23
5.076 147.878 842.439 14:56:24
5.068 225.073 791.220 14:56:25
5.072 161.585 814.634 14:56:26
5.076 160.585 820.000 14:56:27
5.072 180.683 824.878 14:56:28
5.064 221.390 1109.268 14:56:29
5.060 243.488 1504.390 14:56:30
5.076 147.976 751.220 14:56:31
5.052 387.366 1208.293 14:56:32
5.072 160.683 1256.585 14:56:33
5.072 159.780 805.854 14:56:34
5.064 244.585 1242.927 14:56:35
5.064 268.171 797.073 14:56:36
5.060 299.878 1517.561 14:56:37
5.072 149.878 750.244 14:56:38
5.072 161.878 819.024 14:56:39
5.072 161.976 819.024 14:56:40
5.076 160.073 812.195 14:56:41
5.064 245.780 1259.512 14:56:42
5.072 147.976 754.634 14:56:43
5.068 294.878 1422.439 14:56:44
5.068 148.390 755.122 14:56:45
5.068 162.390 937.561 14:56:46
5.076 152.390 769.756 14:56:47
5.064 341.268 1354.634 14:56:48
5.064 272.585 1141.951 14:56:49
5.072 151.585 769.756 14:56:50
5.072 161.585 819.024 14:56:51
5.068 249.268 1272.195 14:56:52
5.076 151.585 769.756 14:56:53
5.072 148.390 747.317 14:56:54
5.068 161.878 821.463 14:56:55
5.064 257.073 1597.073 14:56:56
5.064 261.268 1254.634 14:56:57
5.068 147.780 752.195 14:56:58
5.076 147.098 745.854 14:56:59
5.068 161.780 872.683 14:57:00
5.068 267.878 1413.659 14:57:01
5.052 427.366 2134.634 14:57:02
5.076 153.683 940.488 14:57:03
5.076 148.390 753.659 14:57:04
5.076 162.976 826.341 14:57:05
5.076 246.780 842.439 14:57:06
5.072 162.073 823.902 14:57:07
5.064 212.171 1135.610 14:57:08
5.072 208.585 1060.000 14:57:09
5.064 266.780 1358.537 14:57:10
5.072 146.195 743.415 14:57:11
5.072 159.683 818.537 14:57:12
5.072 180.976 997.561 14:57:13
5.068 255.073 1479.512 14:57:14
5.068 152.780 773.659 14:57:15
5.072 146.683 743.902 14:57:16
5.072 212.488 1240.976 14:57:17
5.076 156.488 743.902 14:57:18
5.072 192.780 1090.244 14:57:19
5.072 148.585 777.073 14:57:20
5.064 211.878 1168.293 14:57:21
5.072 160.073 811.220 14:57:22
5.076 151.585 773.659 14:57:23
5.072 162.195 822.439 14:57:24
5.076 180.293 921.463 14:57:25
5.072 215.171 1078.049 14:57:26
5.040 480.366 2542.439 14:57:27
5.076 149.878 759.512 14:57:28
5.076 212.878 907.805 14:57:29
5.072 161.683 885.366 14:57:30
5.072 155.293 782.439 14:57:31
5.060 479.244 2426.341 14:57:32
5.068 211.390 1076.585 14:57:33
5.064 260.976 1105.366 14:57:34
5.068 197.488 769.756 14:57:35
5.072 153.878 765.854 14:57:36
5.060 354.878 1689.756 14:57:37
5.072 252.366 860.976 14:57:38
5.072 206.268 1237.073 14:57:39
5.076 147.780 835.122 14:57:40
5.072 145.488 747.317 14:57:41
5.072 161.780 1537.561 14:57:42
5.076 161.683 820.976 14:57:43
5.072 230.073 1525.854 14:57:44
5.064 244.488 1222.927 14:57:45
5.064 242.976 1758.537 14:57:46
5.076 152.488 1089.268 14:57:47
5.072 146.390 739.512 14:57:48
5.068 161.585 820.976 14:57:49
5.064 161.683 820.976 14:57:50
5.060 328.780 1612.683 14:57:51
5.072 161.293 820.000 14:57:52
5.072 159.780 806.341 14:57:53
5.060 243.488 1267.805 14:57:54
5.068 265.780 1662.439 14:57:55
5.064 242.878 1265.366 14:57:56
5.072 153.390 779.024 14:57:57
5.076 147.780 752.683 14:57:58
5.064 165.293 840.000 14:57:59
5.072 160.073 812.683 14:58:00
5.044 426.854 2343.415 14:58:01
5.068 405.268 1968.293 14:58:03
5.076 159.195 812.683 14:58:04
5.072 160.976 820.000 14:58:05
5.072 159.585 808.780 14:58:06
5.064 250.171 1207.805 14:58:07
5.056 324.463 1648.780 14:58:08
5.064 248.780 876.585 14:58:09
5.068 219.073 1142.927 14:58:10
5.072 161.780 820.976 14:58:11
5.072 161.073 821.463 14:58:12
5.076 251.488 1708.780 14:58:13
5.064 193.780 947.805 14:58:14
5.068 282.171 815.122 14:58:15
5.076 165.976 758.537 14:58:16
5.076 161.585 820.976 14:58:17
5.072 159.488 808.780 14:58:18
5.068 198.878 937.561 14:58:19
5.068 246.878 1228.293 14:58:20
5.072 150.293 756.098 14:58:21
5.072 161.780 820.976 14:58:22
5.072 160.390 815.122 14:58:23
5.072 163.073 826.341 14:58:24
5.072 161.390 820.976 14:58:25
5.072 150.390 759.512 14:58:26
5.052 401.659 2047.805 14:58:27
5.076 151.293 770.244 14:58:28
5.072 145.683 740.000 14:58:29
5.076 154.780 906.341 14:58:30
5.076 146.098 740.976 14:58:31
5.072 174.073 914.146 14:58:32
5.072 179.585 1386.829 14:58:33
5.064 246.976 1267.805 14:58:34
5.060 326.976 1707.805 14:58:35
5.068 233.585 1165.854 14:58:36
5.072 161.488 819.024 14:58:37
5.064 333.171 1542.439 14:58:38
5.072 161.585 820.000 14:58:39
5.072 163.488 831.220 14:58:40
5.068 175.878 897.561 14:58:41
5.064 208.780 966.341 14:58:42
5.072 161.585 820.000 14:58:43
5.072 164.488 833.659 14:58:44
5.064 314.268 1578.537 14:58:45
5.076 213.488 1035.122 14:58:46
5.076 150.780 769.756 14:58:47
5.068 256.268 1193.171 14:58:48
5.068 243.683 1225.854 14:58:49
5.068 186.878 982.927 14:58:50
5.072 146.683 1057.561 14:58:51
5.072 152.390 938.537 14:58:52
5.068 215.683 1508.293 14:58:53
5.072 151.780 1122.927 14:58:54
5.072 151.293 762.439 14:58:55
5.072 253.683 819.024 14:58:56
5.072 185.780 1422.439 14:58:57
5.068 225.488 1075.122 14:58:58
5.072 159.683 808.780 14:58:59
5.072 161.390 822.439 14:59:00
5.072 342.659 1258.049 14:59:01
5.060 277.366 1420.976 14:59:02
5.064 162.683 830.244 14:59:03
5.072 248.171 1250.244 14:59:04
5.072 161.683 819.024 14:59:05
5.076 151.390 763.902 14:59:06
5.072 162.195 820.976 14:59:07
5.072 214.488 1060.488 14:59:08
5.072 150.976 766.341 14:59:09
5.068 243.366 1248.293 14:59:10
5.072 148.098 755.122 14:59:11
5.044 325.171 1813.659 14:59:12
5.068 212.976 1374.634 14:59:13
5.072 215.780 1112.683 14:59:14
5.068 200.976 976.585 14:59:15
5.068 148.098 760.976 14:59:16
5.072 150.585 766.341 14:59:17
5.072 160.195 803.902 14:59:18
5.072 206.585 1480.000 14:59:19
5.060 241.171 1378.537 14:59:20
5.072 162.976 814.634 14:59:21
5.072 162.073 820.976 14:59:22
5.076 161.683 819.024 14:59:23
5.072 182.073 933.659 14:59:24
5.052 333.073 1651.220 14:59:25
5.072 155.585 786.341 14:59:26
5.068 169.683 820.000 14:59:27
5.072 242.073 1362.927 14:59:28
5.048 323.171 1654.634 14:59:29
5.072 180.390 822.439 14:59:30
5.068 202.976 1023.902 14:59:31
5.064 191.585 1011.220 14:59:32
5.068 180.683 774.634 14:59:33
5.072 173.683 991.707 14:59:34
5.072 162.073 821.463 14:59:35
5.068 315.073 1685.366 14:59:36
5.068 168.878 922.439 14:59:37
5.072 240.268 1238.049 14:59:38
5.072 180.293 816.585 14:59:39
5.060 257.585 1294.146 14:59:40
5.072 154.683 775.122 14:59:41
5.076 159.780 808.780 14:59:42
5.072 159.390 813.659 14:59:43
5.072 159.390 809.756 14:59:44
5.064 244.073 1239.024 14:59:45
5.072 152.293 774.634 14:59:46
5.076 171.878 819.024 14:59:47
5.072 162.683 821.463 14:59:48
5.068 248.976 1254.634 14:59:49
5.068 244.683 1248.293 14:59:50
5.076 155.390 786.341 14:59:51
5.072 147.098 742.439 14:59:52
5.052 288.683 1699.024 14:59:53
5.068 261.073 1110.732 14:59:54
5.072 230.976 1302.927 14:59:55
5.072 159.293 807.805 14:59:57
5.072 151.976 770.244 14:59:58
5.052 391.951 1682.439 14:59:59
5.068 178.878 992.683 15:00:00
5.072 161.585 818.537 15:00:01
5.072 162.073 821.463 15:00:02
5.068 275.878 1777.561 15:00:03
5.072 172.780 865.366 15:00:04
5.072 178.073 858.537 15:00:05
5.072 179.585 911.220 15:00:06
5.072 147.780 894.146 15:00:07
5.072 160.195 840.976 15:00:08
5.072 155.976 1072.683 15:00:09
5.072 160.390 812.683 15:00:10
5.076 160.683 1392.195 15:00:11
5.064 248.976 1020.488 15:00:12
5.064 213.268 984.878 15:00:13
5.076 153.390 778.537 15:00:14
5.068 245.073 1010.244 15:00:15
5.064 208.171 974.146 15:00:16
5.060 322.171 1618.537 15:00:17
5.076 148.878 756.098 15:00:18
5.072 409.951 1983.902 15:00:19
5.064 161.976 822.439 15:00:20
5.068 235.366 1941.463 15:00:21
5.060 369.659 1670.244 15:00:22
5.072 148.976 756.098 15:00:23
5.068 248.171 820.000 15:00:24
5.072 151.878 774.634 15:00:25
5.064 255.683 1355.610 15:00:26
5.056 204.878 1022.927 15:00:27
5.072 161.683 754.634 15:00:28
5.072 195.780 991.707 15:00:29
5.072 269.683 820.000 15:00:30
5.072 160.293 812.195 15:00:31
5.064 246.366 1067.805 15:00:32
5.068 243.366 1238.049 15:00:33
5.064 189.683 874.146 15:00:34
5.064 196.878 1166.829 15:00:35
5.072 177.195 1066.829 15:00:36
5.068 190.293 995.610 15:00:37
5.064 192.293 985.366 15:00:38
5.068 329.659 1404.390 15:00:39
5.068 207.585 1051.707 15:00:40
5.072 210.683 750.244 15:00:41
5.072 161.390 817.561 15:00:42
5.072 161.390 812.683 15:00:43
5.064 292.171 1603.415 15:00:44
5.068 374.463 2387.317 15:00:45
5.072 241.976 1071.707 15:00:46
5.068 208.390 967.805 15:00:47
5.072 248.073 943.902 15:00:48
5.072 159.780 807.805 15:00:49
5.076 161.683 816.585 15:00:50
5.064 218.585 1117.561 15:00:51
5.068 203.878 1131.707 15:00:52
5.072 164.073 740.976 15:00:53
5.072 228.390 1023.902 15:00:54
5.064 268.585 1404.390 15:00:55
5.068 209.488 1065.366 15:00:56
5.072 152.390 777.073 15:00:57
5.076 162.293 824.878 15:00:58
5.068 160.073 808.780 15:00:59
5.056 256.780 1431.220 15:01:00
5.068 258.463 1030.244 15:01:01
5.072 199.171 820.976 15:01:02
5.072 183.171 1000.000 15:01:03
5.072 185.780 818.537 15:01:04
5.064 242.976 1234.634 15:01:05
5.072 161.683 820.976 15:01:06
5.052 410.854 1746.341 15:01:07
5.072 194.878 960.000 15:01:08
5.072 147.878 741.463 15:01:09
5.072 161.976 820.976 15:01:10
5.072 161.488 820.000 15:01:11
5.076 161.976 820.976 15:01:12
5.064 234.488 1325.854 15:01:13
5.068 250.878 1036.585 15:01:14
5.076 173.293 774.634 15:01:15
5.076 151.488 765.854 15:01:16
5.068 280.878 823.415 15:01:17
5.072 151.390 1116.585 15:01:18
5.060 323.780 1447.317 15:01:19
5.072 151.098 763.415 15:01:20
5.064 316.268 1336.098 15:01:21
5.076 174.878 812.683 15:01:22
5.076 174.488 817.561 15:01:23
5.068 182.585 922.927 15:01:24
5.072 162.390 779.024 15:01:25
5.068 220.878 1155.610 15:01:26
5.072 164.683 833.659 15:01:27
5.064 214.073 1010.244 15:01:28
5.056 325.780 1641.463 15:01:29
5.072 152.488 773.659 15:01:30
5.060 247.488 1261.951 15:01:31
5.072 208.268 810.244 15:01:32
5.064 264.683 1447.317 15:01:33
5.072 202.976 1021.463 15:01:34
5.076 148.293 752.195 15:01:35
5.076 152.390 773.659 15:01:36
5.068 154.488 784.878 15:01:37
5.068 199.585 1448.780 15:01:38
5.076 161.195 816.098 15:01:39
5.076 163.488 821.463 15:01:40
5.068 233.488 1138.049 15:01:41
5.076 151.195 763.902 15:01:42
5.068 151.683 1121.463 15:01:43
5.072 193.488 958.049 15:01:44
5.068 245.171 1480.000 15:01:45
5.076 169.488 814.634 15:01:46
5.068 330.073 1607.317 15:01:47
5.076 148.098 754.634 15:01:48
5.076 161.976 814.634 15:01:49
5.072 200.878 1031.707 15:01:50
5.076 161.683 1323.415 15:01:52
5.060 246.171 1034.146 15:01:53
5.072 150.976 761.463 15:01:54
5.068 208.390 1056.585 15:01:55
5.068 161.683 819.024 15:01:56
5.068 188.780 918.537 15:01:57
5.072 152.683 775.122 15:01:58
5.068 161.390 817.561 15:01:59
5.060 219.488 822.439 15:02:00
5.076 161.195 821.463 15:02:01
5.068 197.585 1000.488 15:02:02
5.076 147.976 760.976 15:02:03
5.072 161.585 862.439 15:02:04
5.076 161.488 818.537 15:02:05
5.072 159.390 804.878 15:02:06
5.072 162.195 823.902 15:02:07
5.068 212.585 1002.927 15:02:08
5.064 241.683 1225.854 15:02:09
5.068 148.683 754.634 15:02:10
5.072 202.780 1046.341 15:02:11
5.072 208.268 954.146 15:02:12
5.076 148.488 929.268 15:02:13
5.064 312.073 1698.537 15:02:14
5.072 185.171 957.561 15:02:15
5.072 209.585 816.585 15:02:16
5.068 161.780 816.585 15:02:17
5.064 311.463 1459.512 15:02:18
5.068 213.488 1159.512 15:02:19
5.064 208.171 856.098 15:02:20
5.060 292.976 1673.659 15:02:21
5.072 151.488 768.293 15:02:22
5.076 161.878 822.439 15:02:23
5.064 288.171 1491.220 15:02:24
5.072 218.878 938.537 15:02:25
5.060 255.683 1702.927 15:02:26
5.072 196.390 754.634 15:02:27
5.072 161.878 839.024 15:02:28
5.072 161.488 814.634 15:02:29
5.068 223.780 1234.146 15:02:30
5.064 165.073 819.024 15:02:31
5.068 227.073 1115.610 15:02:32
5.064 301.073 2332.195 15:02:33
5.072 149.780 756.098 15:02:34
5.076 162.195 820.976 15:02:35
5.072 160.293 1309.756 15:02:36
5.068 242.780 1256.585 15:02:37
5.072 153.878 783.415 15:02:38
5.068 224.878 1359.512 15:02:39
5.068 210.683 1307.317 15:02:40
5.072 150.878 767.317 15:02:41
5.068 246.366 1230.732 15:02:42
5.072 167.976 823.902 15:02:43
5.072 252.171 1353.659 15:02:44
5.072 202.293 986.829 15:02:45
5.072 148.488 748.780 15:02:46
5.072 185.976 820.000 15:02:47
5.072 218.390 755.122 15:02:48
5.048 328.463 1698.537 15:02:49
5.068 192.488 1015.610 15:02:50
5.076 148.293 748.780 15:02:51
5.072 161.390 818.537 15:02:52
5.076 148.780 750.244 15:02:53
5.064 179.195 986.341 15:02:54
5.068 252.171 1309.268 15:02:55
5.076 147.976 754.634 15:02:56
5.072 162.293 823.902 15:02:57
5.068 200.073 1011.707 15:02:58
5.072 164.073 783.415 15:02:59
5.072 199.171 1036.585 15:03:00
5.068 168.073 812.683 15:03:01
5.068 195.683 945.366 15:03:02
5.068 171.585 883.902 15:03:03
5.072 160.683 818.537 15:03:04
5.064 161.878 991.707 15:03:05
5.064 255.878 1236.585 15:03:06
5.052 449.951 2469.756 15:03:07
5.076 211.976 799.024 15:03:08
5.068 206.976 1007.805 15:03:09
5.072 152.390 774.634 15:03:10
5.072 147.390 750.244 15:03:11
5.072 154.073 784.878 15:03:12
5.076 150.683 763.415 15:03:13
5.072 202.780 956.098 15:03:14
5.060 328.878 1655.122 15:03:15
5.072 203.073 752.195 15:03:16
5.060 477.049 2363.415 15:03:17
5.064 190.171 820.000 15:03:18
5.060 353.976 1798.049 15:03:19
5.072 162.878 827.317 15:03:20
5.072 145.976 743.902 15:03:21
5.064 241.780 1019.024 15:03:22
5.072 214.878 877.561 15:03:23
5.064 314.366 1288.293 15:03:24
5.072 186.683 1081.463 15:03:25
5.076 150.098 766.341 15:03:26
5.056 326.463 1696.585 15:03:27
5.072 153.976 1002.927 15:03:28
5.060 323.268 1694.146 15:03:29
5.076 148.976 751.220 15:03:30
5.076 151.098 770.244 15:03:31
5.060 298.268 1346.829 15:03:32
5.068 321.463 1254.634 15:03:33
5.044 370.171 1286.829 15:03:34
5.072 146.488 747.317 15:03:35
5.076 146.390 745.854 15:03:36
5.064 249.878 822.439 15:03:37
5.072 221.171 1511.220 15:03:38
5.052 392.268 1813.659 15:03:39
5.072 189.976 922.927 15:03:40
5.076 224.073 748.780 15:03:41
5.072 151.780 771.220 15:03:42
5.068 158.585 806.341 15:03:43
5.068 461.244 2396.098 15:03:44
5.064 243.780 1227.805 15:03:45
5.064 268.780 1495.122 15:03:46
5.064 254.488 1262.927 15:03:47
5.072 161.585 813.659 15:03:49
5.072 161.878 824.878 15:03:50
5.068 212.488 1075.610 15:03:51
5.060 192.293 792.195 15:03:52
5.076 151.976 769.756 15:03:53
5.076 147.098 791.220 15:03:54
5.068 222.073 1054.146 15:03:55
5.072 146.585 745.854 15:03:56
5.076 176.390 923.902 15:03:57
5.060 339.878 1961.463 15:03:58
5.068 148.780 1006.829 15:03:59
5.076 162.683 824.878 15:04:00
5.076 152.585 770.244 15:04:01
5.076 147.098 740.976 15:04:02
5.064 258.073 1128.293 15:04:03
5.072 192.683 957.561 15:04:04
5.060 461.561 2379.512 15:04:05
5.072 148.976 1124.390 15:04:06
5.072 145.585 737.561 15:04:07
5.076 153.390 1132.683 15:04:08
5.076 151.683 768.780 15:04:09
5.072 199.878 1103.902 15:04:10
5.072 158.488 770.244 15:04:11
5.072 149.878 755.122 15:04:12
5.076 286.366 1580.000 15:04:13
5.076 151.780 768.780 15:04:14
5.060 221.171 1192.683 15:04:15
5.076 150.098 768.780 15:04:16
5.064 283.878 1651.220 15:04:17
5.076 148.976 751.220 15:04:18
5.072 152.585 780.976 15:04:19
5.072 227.390 785.854 15:04:20
5.072 154.488 1102.927 15:04:21
5.072 162.073 1012.683 15:04:22
5.072 194.171 851.220 15:04:23
5.068 218.780 1616.098 15:04:24
5.072 148.390 751.220 15:04:25
5.064 212.585 1081.951 15:04:26
5.072 231.683 1080.488 15:04:27
5.072 148.195 997.561 15:04:28
5.072 209.488 1712.683 15:04:29
5.076 150.780 768.293 15:04:30
5.056 197.171 1042.439 15:04:31
5.060 288.463 1117.561 15:04:32
5.076 148.098 755.122 15:04:33
5.072 162.585 823.902 15:04:34
5.076 160.585 1258.049 15:04:35
5.060 325.463 1630.244 15:04:36
5.064 294.073 1433.659 15:04:37
5.072 146.780 743.902 15:04:38
5.072 151.780 770.244 15:04:39
5.072 162.073 821.463 15:04:40
5.068 162.073 1083.902 15:04:41
5.056 330.878 1976.585 15:04:42
5.076 210.683 751.220 15:04:43
5.072 159.585 808.780 15:04:44
5.076 192.171 967.805 15:04:45
5.056 327.976 1638.537 15:04:46
5.064 248.268 1227.805 15:04:47
5.072 151.585 895.122 15:04:48
5.076 152.488 773.659 15:04:49
5.076 164.585 816.585 15:04:50
5.076 147.195 743.902 15:04:51
5.076 154.195 777.561 15:04:52
5.072 152.585 772.195 15:04:53
5.068 255.171 1242.927 15:04:54
5.076 147.683 740.000 15:04:55
5.072 161.585 812.195 15:04:56
5.076 160.878 891.707 15:04:57
5.072 162.073 822.439 15:04:58
5.064 318.366 1529.756 15:04:59
5.072 207.390 940.488 15:05:00
5.076 153.293 1404.390 15:05:01
5.068 266.268 1283.415 15:05:02
5.064 233.683 1298.537 15:05:03
5.072 151.488 852.683 15:05:04
5.076 161.488 820.976 15:05:05
5.072 161.878 826.341 15:05:06
5.076 162.073 820.976 15:05:07
5.072 189.683 971.707 15:05:08
5.072 161.780 820.976 15:05:09
5.072 160.878 964.878 15:05:10
5.072 161.683 820.976 15:05:11
5.060 163.488 786.341 15:05:12
5.072 148.683 750.244 15:05:13
5.072 161.780 817.561 15:05:14
5.072 161.683 811.220 15:05:15
5.048 334.561 1656.098 15:05:16
5.064 223.390 1125.366 15:05:17
5.072 198.293 943.902 15:05:18
5.076 151.585 773.659 15:05:19
5.072 147.195 803.415 15:05:20
5.064 247.488 1253.171 15:05:21
5.076 151.390 769.756 15:05:22
5.068 244.585 1227.805 15:05:23
5.072 288.171 1070.732 15:05:24
5.072 161.683 816.585 15:05:25
5.072 161.195 812.195 15:05:26
5.064 257.268 1240.488 15:05:27
5.064 247.878 1250.732 15:05:28
5.072 160.878 821.463 15:05:29
5.064 277.878 1516.098 15:05:30
5.064 244.878 1250.244 15:05:31
5.076 161.585 819.024 15:05:32
5.072 251.585 1334.634 15:05:33
5.068 283.366 1212.195 15:05:34
5.076 201.683 820.976 15:05:35
5.068 210.585 1122.927 15:05:36
5.068 180.780 1200.488 15:05:37
5.076 161.073 815.122 15:05:38
5.072 260.268 1871.707 15:05:39
5.076 160.195 817.561 15:05:40
5.076 161.976 822.439 15:05:41
5.072 197.171 852.195 15:05:42
5.064 258.463 974.146 15:05:44
5.076 146.488 1058.049 15:05:45
5.068 246.171 1917.561 15:05:46
5.072 161.878 868.780 15:05:47
5.072 293.366 1382.439 15:05:48
5.052 405.268 2069.268 15:05:49
5.072 214.390 1084.390 15:05:50
5.072 173.293 773.659 15:05:51
5.072 160.780 814.634 15:05:52
5.072 161.585 820.976 15:05:53
5.072 235.366 1440.976 15:05:54
5.076 160.293 813.659 15:05:55
5.072 184.976 958.049 15:05:56
5.068 178.976 866.341 15:05:57
5.076 161.390 823.902 15:05:58
5.056 222.976 1125.366 15:05:59
5.068 229.878 1170.732 15:06:00
5.064 234.073 1187.805 15:06:01
5.064 248.976 1393.659 15:06:02
5.072 158.585 805.854 15:06:03
5.068 267.171 862.439 15:06:04
5.072 148.390 1023.902 15:06:05
5.068 241.073 1214.634 15:06:06
5.064 258.268 820.976 15:06:07
5.064 251.488 1248.293 15:06:08
5.072 172.976 1400.976 15:06:09
5.072 147.585 772.195 15:06:10
5.068 211.488 1063.902 15:06:11
5.076 157.390 925.366 15:06:12
5.064 282.683 1731.707 15:06:13
5.064 270.585 1388.293 15:06:14
5.064 289.683 1259.512 15:06:15
5.068 211.171 1198.049 15:06:16
5.072 152.585 773.659 15:06:17
5.076 162.073 821.463 15:06:18
5.068 191.171 1259.512 15:06:19
5.060 310.268 1375.610 15:06:20
5.072 152.976 772.683 15:06:21
5.072 161.585 1546.341 15:06:22
5.068 235.268 1125.366 15:06:23
5.068 283.073 927.317 15:06:24
5.064 330.463 1523.415 15:06:25
5.076 191.390 791.220 15:06:26
5.072 161.683 820.976 15:06:27
5.072 161.683 822.439 15:06:28
5.064 248.268 1643.902 15:06:29
5.064 205.390 1448.293 15:06:30
5.072 192.878 945.366 15:06:31
5.072 191.878 953.659 15:06:32
5.068 195.488 767.317 15:06:33
5.072 161.878 823.902 15:06:34
5.072 159.585 809.756 15:06:35
5.056 360.561 1790.244 15:06:36
5.060 339.561 1644.878 15:06:37
5.076 147.878 750.244 15:06:38
5.068 161.195 1216.585 15:06:39
5.072 161.780 1364.390 15:06:40
5.072 152.976 783.415 15:06:41
5.060 327.561 1675.122 15:06:42
5.068 196.171 1048.780 15:06:43
5.072 160.390 1252.195 15:06:44
5.076 160.293 812.683 15:06:45
5.064 248.976 1234.634 15:06:46
5.072 186.683 1199.024 15:06:47
5.076 245.585 1457.073 15:06:48
5.072 183.585 952.683 15:06:49
5.072 246.976 1269.268 15:06:50
5.072 208.171 982.927 15:06:51
5.068 190.171 1353.659 15:06:52
5.068 220.268 1084.390 15:06:53
5.068 324.171 1322.927 15:06:54
5.068 212.171 1075.122 15:06:55
5.052 397.171 1754.146 15:06:56
5.072 148.585 747.317 15:06:57
5.072 162.585 823.902 15:06:58
5.076 161.585 819.024 15:06:59
5.060 336.976 1955.610 15:07:00
5.072 161.585 818.537 15:07:01
5.076 147.098 741.463 15:07:02
5.072 161.878 1036.585 15:07:03
5.076 150.976 762.439 15:07:04
5.056 400.951 2013.171 15:07:05
5.072 319.780 897.561 15:07:06
5.068 245.683 1247.805 15:07:07
5.060 227.390 1329.268 15:07:08
5.072 148.488 754.634 15:07:09
5.072 150.976 763.902 15:07:10
5.072 161.585 820.000 15:07:11
5.060 340.366 1787.805 15:07:12
5.076 148.780 748.780 15:07:13
5.072 161.780 1239.024 15:07:14
5.072 160.878 1254.146 15:07:15
5.072 191.171 940.000 15:07:16
5.072 273.780 770.244 15:07:17
5.072 151.488 1065.366 15:07:18
5.064 161.390 863.415 15:07:19
5.072 161.390 819.024 15:07:20
5.064 274.878 1067.805 15:07:21
5.072 145.585 739.512 15:07:22
5.076 147.390 751.220 15:07:23
5.076 174.073 820.000 15:07:24
5.076 161.585 820.976 15:07:25
5.072 180.488 820.000 15:07:26
5.072 185.073 1042.439 15:07:27
5.072 285.073 1386.829 15:07:28
5.068 211.171 1079.024 15:07:29
5.072 148.195 752.195 15:07:30
5.072 152.780 774.634 15:07:31
5.060 255.268 1278.537 15:07:32
5.060 355.756 1842.927 15:07:33
5.072 161.878 878.537 15:07:34
5.068 233.878 788.780 15:07:35
5.076 147.683 886.341 15:07:36
5.076 151.098 772.195 15:07:37
5.076 152.878 777.073 15:07:39
5.060 199.073 1046.341 15:07:40
5.064 234.585 1378.049 15:07:41
5.064 326.171 1657.561 15:07:42
5.072 218.878 1081.951 15:07:43
5.064 258.976 1422.439 15:07:44
5.068 248.780 1251.707 15:07:45
5.072 190.390 1122.927 15:07:46
5.060 181.293 777.073 15:07:47
5.072 208.073 752.195 15:07:48
5.068 226.390 1030.244 15:07:49
5.072 224.976 927.805 15:07:50
5.060 290.171 1473.659 15:07:51
5.068 221.585 1068.780 15:07:52
5.072 155.073 756.098 15:07:53
5.076 160.073 812.683 15:07:54
5.068 264.878 1099.512 15:07:55
5.068 152.585 773.659 15:07:56
5.072 261.780 1142.927 15:07:57
5.072 152.488 775.122 15:07:58
5.064 175.390 962.927 15:07:59
5.068 294.073 1369.756 15:08:00
5.076 200.293 1025.366 15:08:01
5.072 149.293 752.683 15:08:02
5.072 161.780 820.000 15:08:03
5.044 432.463 1409.756 15:08:04
5.072 294.463 1484.390 15:08:05
5.068 353.976 1293.171 15:08:06
5.072 146.585 743.902 15:08:07
5.076 161.780 820.000 15:08:08
5.068 243.683 1253.171 15:08:09
5.060 240.683 1909.268 15:08:10
5.068 333.659 1170.732 15:08:11
5.072 160.488 816.098 15:08:12
5.060 301.366 1054.146 15:08:13
5.076 160.878 816.098 15:08:14
5.072 253.585 1413.659 15:08:15
5.072 152.195 1024.390 15:08:16
5.072 148.390 752.683 15:08:17
5.072 179.976 824.878 15:08:18
5.076 161.683 818.537 15:08:19
5.072 288.878 1344.878 15:08:20
5.060 187.488 985.366 15:08:21
5.076 146.293 743.415 15:08:22
5.068 218.268 988.780 15:08:23
5.076 160.878 880.000 15:08:24
5.056 321.561 1763.902 15:08:25
5.060 220.073 1007.805 15:08:26
5.072 147.878 754.634 15:08:27
5.060 317.976 1278.537 15:08:28
5.068 221.683 1019.024 15:08:29
5.060 284.366 1239.512 15:08:30
5.072 160.293 813.659 15:08:31
5.076 147.488 751.220 15:08:32
5.064 247.488 1244.390 15:08:33
5.072 149.195 1016.585 15:08:34
5.060 317.463 1992.683 15:08:35
5.072 162.488 821.463 15:08:36
5.076 146.780 741.463 15:08:37
5.056 267.585 1260.488 15:08:38
5.076 147.976 755.122 15:08:39
5.048 443.561 2122.927 15:08:40
5.068 151.878 773.659 15:08:41
5.064 235.878 1530.732 15:08:42
5.072 162.195 820.976 15:08:43
5.072 148.293 894.146 15:08:44
5.072 161.976 1031.707 15:08:45
5.076 146.780 748.293 15:08:46
5.072 181.780 822.439 15:08:47
5.072 162.390 856.585 15:08:48
5.072 212.488 1101.463 15:08:49
5.068 259.171 940.488 15:08:50
5.072 160.073 816.585 15:08:51
5.060 293.171 1234.634 15:08:52
5.064 219.073 960.488 15:08:53
5.072 146.878 745.854 15:08:54
5.072 191.585 822.439 15:08:55
5.076 275.268 1259.024 15:08:56
5.072 160.073 809.756 15:08:57
5.072 196.390 1285.366 15:08:58
5.072 147.780 752.683 15:08:59
5.076 161.976 821.463 15:09:00
5.072 161.878 820.976 15:09:01
5.048 316.073 1653.659 15:09:02
5.072 187.976 970.244 15:09:03
5.072 200.683 748.780 15:09:04
5.072 151.976 823.415 15:09:05
5.064 161.878 822.439 15:09:06
5.064 290.683 1488.293 15:09:07
5.064 292.171 1479.512 15:09:08
5.072 212.585 1056.585 15:09:09
5.068 148.683 757.561 15:09:10
5.076 159.585 812.195 15:09:11
5.060 327.073 2099.024 15:09:12
5.072 188.390 922.927 15:09:13
5.068 222.073 1314.146 15:09:14
5.072 216.171 1035.122 15:09:15
5.076 174.683 821.463 15:09:16
5.064 242.268 1688.780 15:09:17
5.068 217.073 1066.829 15:09:18
5.068 220.780 1144.390 15:09:19
5.072 230.073 955.122 15:09:20
5.072 159.585 810.244 15:09:21
5.044 396.463 2314.634 15:09:22
5.072 162.585 823.902 15:09:23
5.072 160.488 813.659 15:09:24
5.072 147.976 755.122 15:09:25
5.076 164.073 812.683 15:09:26
5.072 162.195 822.439 15:09:27
5.072 178.195 903.902 15:09:28
5.072 183.878 931.707 15:09:29
5.068 235.780 1238.049 15:09:30
5.072 161.488 820.000 15:09:31
5.060 318.976 1635.122 15:09:32
5.064 295.780 1486.341 15:09:33
5.072 200.390 1021.463 15:09:34
5.072 162.488 823.902 15:09:35
5.072 152.878 774.634 15:09:37
5.072 148.098 752.195 15:09:38
5.072 154.976 840.976 15:09:39
5.060 275.976 1249.268 15:09:40
5.064 324.561 1970.732 15:09:41
5.068 202.878 799.024 15:09:42
5.064 243.585 1265.366 15:09:43
5.072 165.488 754.634 15:09:44
5.072 177.976 976.585 15:09:45
5.072 199.780 1070.732 15:09:46
5.068 255.171 1506.341 15:09:47
5.076 197.585 1261.951 15:09:48
5.076 148.293 1090.244 15:09:49
5.072 161.585 823.902 15:09:50
5.064 248.976 1251.707 15:09:51
5.060 389.756 1513.171 15:09:52
5.072 160.073 811.220 15:09:53
5.068 272.878 1339.512 15:09:54
5.072 161.073 792.195 15:09:55
5.056 410.951 1825.366 15:09:56
5.072 161.878 813.659 15:09:57
5.068 248.780 1261.951 15:09:58
5.064 247.976 1258.049 15:09:59
5.068 246.585 1245.854 15:10:00
5.068 244.171 1637.073 15:10:01
5.072 161.488 748.293 15:10:02
5.060 333.171 1667.805 15:10:03
5.072 224.976 818.537 15:10:04
5.072 161.390 819.024 15:10:05
5.068 316.268 860.976 15:10:06
5.076 149.098 752.683 15:10:07
5.072 259.683 817.561 15:10:08
5.076 163.073 931.220 15:10:09
5.064 252.488 1270.732 15:10:10
5.072 159.488 811.220 15:10:11
5.076 147.878 750.244 15:10:12
5.060 321.780 1234.146 15:10:13
5.076 151.780 772.195 15:10:14
5.060 284.073 992.683 15:10:15
5.076 163.293 818.537 15:10:16
5.072 147.098 746.341 15:10:17
5.076 161.585 829.756 15:10:18
5.072 149.585 761.463 15:10:19
5.068 206.390 1000.488 15:10:20
5.076 148.195 756.098 15:10:21
5.072 231.171 813.659 15:10:22
5.056 246.976 1266.829 15:10:23
5.072 161.976 820.976 15:10:24
5.068 228.976 1396.098 15:10:25
5.072 152.585 772.683 15:10:26
5.072 169.683 813.659 15:10:27
5.052 425.951 1957.561 15:10:28
5.076 148.488 799.024 15:10:29
5.072 161.878 831.220 15:10:30
5.076 161.976 1493.171 15:10:31
5.060 326.073 1618.537 15:10:32
5.060 237.585 1543.415 15:10:33
5.072 148.488 751.220 15:10:34
5.076 161.683 820.976 15:10:35
5.072 152.098 776.098 15:10:36
5.056 343.561 1720.976 15:10:37
5.072 184.780 1358.537 15:10:38
5.072 145.976 744.878 15:10:39
5.060 243.976 1702.927 15:10:40
5.076 160.488 809.756 15:10:41
5.060 323.073 1648.780 15:10:42
5.068 263.366 1746.341 15:10:43
5.072 203.585 1141.951 15:10:44
5.072 151.976 776.098 15:10:45
5.072 152.293 767.317 15:10:46
5.072 161.585 821.463 15:10:47
5.076 160.293 813.659 15:10:48
5.064 341.073 1845.366 15:10:49
5.064 268.366 1468.293 15:10:50
5.072 147.293 742.439 15:10:51
5.072 161.878 1846.829 15:10:52
5.052 403.268 1662.439 15:10:53
5.072 167.195 745.854 15:10:54
5.072 205.683 958.049 15:10:55
5.072 161.293 819.024 15:10:56
5.064 232.488 1119.024 15:10:57
5.068 318.780 1554.634 15:10:58
5.072 148.195 755.122 15:10:59
5.076 161.976 820.976 15:11:00
5.072 164.683 833.659 15:11:01
5.064 186.171 1001.463 15:11:02
5.068 185.488 1060.000 15:11:03
5.064 189.585 1015.610 15:11:04
5.064 161.488 818.537 15:11:05
5.072 161.073 816.585 15:11:06
5.044 376.976 1505.854 15:11:07
5.068 221.585 1279.512 15:11:08
5.076 183.585 819.024 15:11:09
5.072 149.098 751.220 15:11:10
5.064 169.488 1237.073 15:11:11
5.060 326.171 1647.805 15:11:12
5.072 210.268 1076.585 15:11:13
5.048 330.366 1336.098 15:11:14
5.076 257.463 860.976 15:11:15
5.068 393.561 1580.000 15:11:16
5.060 332.659 1291.707 15:11:17
5.060 329.878 1628.780 15:11:18
5.068 200.976 1059.024 15:11:19
5.060 180.585 1082.927 15:11:20
5.076 147.390 1076.585 15:11:21
5.072 150.390 763.415 15:11:22
5.076 162.585 823.415 15:11:23
5.064 245.073 1620.976 15:11:24
5.064 189.683 997.561 15:11:25
5.072 176.585 883.902 15:11:26
5.076 160.073 814.634 15:11:27
5.072 161.585 820.976 15:11:28
5.056 353.268 1799.024 15:11:29
5.056 421.366 1712.683 15:11:30
5.072 247.585 2249.268 15:11:31
5.072 148.780 743.415 15:11:33
5.076 159.976 811.220 15:11:34
5.044 399.073 2057.073 15:11:35
5.068 247.366 1239.512 15:11:36
5.060 250.683 1265.366 15:11:37
5.072 247.585 1099.024 15:11:38
5.076 160.488 811.220 15:11:39
5.072 169.683 775.122 15:11:40
5.072 161.195 815.122 15:11:41
5.064 250.976 1271.707 15:11:42
5.068 155.195 749.756 15:11:43
5.068 241.780 1110.244 15:11:44
5.072 149.195 752.195 15:11:45
5.072 160.293 812.683 15:11:46
5.076 161.976 819.024 15:11:47
5.064 267.171 1680.000 15:11:48
5.072 152.780 1105.366 15:11:49
5.076 150.390 1087.805 15:11:50
5.068 196.585 937.561 15:11:51
5.064 248.488 1256.585 15:11:52
5.076 147.976 755.122 15:11:53
5.072 155.488 781.463 15:11:54
5.072 166.976 961.463 15:11:55
5.060 247.780 1359.512 15:11:56
5.064 229.488 961.463 15:11:57
5.072 148.098 752.683 15:11:58
5.072 159.585 1159.512 15:11:59
5.072 158.780 810.244 15:12:00
5.064 247.171 1378.049 15:12:01
5.076 175.293 1587.317 15:12:02
5.072 147.390 1183.902 15:12:03
5.068 296.463 1233.171 15:12:04
5.076 174.585 910.244 15:12:05
5.072 181.780 822.439 15:12:06
5.064 293.683 1450.732 15:12:07
5.072 172.878 932.683 15:12:08
5.072 162.073 822.439 15:12:09
5.072 161.293 818.537 15:12:10
5.052 408.561 2098.049 15:12:11
5.056 218.171 1095.610 15:12:12
5.076 160.390 809.756 15:12:13
5.064 244.780 1011.220 15:12:14
5.064 162.585 822.439 15:12:15
5.044 379.854 1696.585 15:12:16
5.064 241.171 1210.244 15:12:17
5.072 151.878 775.122 15:12:18
5.068 231.171 1228.293 15:12:19
5.068 246.878 1234.146 15:12:20
5.072 292.683 1246.829 15:12:21
5.072 179.390 815.122 15:12:22
5.068 209.780 1080.000 15:12:23
5.068 210.171 1055.122 15:12:24
5.076 148.195 754.634 15:12:25
5.056 327.268 1639.024 15:12:26
5.072 149.195 752.195 15:12:27
5.064 244.780 927.805 15:12:28
5.064 242.878 1234.634 15:12:29
5.072 148.780 754.634 15:12:30
5.068 253.073 1564.878 15:12:31
5.072 161.878 820.976 15:12:32
5.052 372.659 2527.805 15:12:33
5.072 187.073 823.415 15:12:34
5.072 248.780 980.488 15:12:35
5.060 191.073 812.683 15:12:36
5.072 151.976 771.220 15:12:37
5.072 161.585 817.561 15:12:38
5.068 326.878 1462.439 15:12:39
5.068 190.293 931.707 15:12:40
5.064 280.585 1425.854 15:12:41
5.076 148.098 757.561 15:12:42
5.052 269.780 1409.756 15:12:43
5.072 182.780 821.463 15:12:44
5.072 154.976 783.902 15:12:45
5.068 212.488 1180.488 15:12:46
5.072 149.780 755.122 15:12:47
5.072 159.878 811.220 15:12:48
5.076 162.073 823.415 15:12:49
5.064 226.585 1116.585 15:12:50
5.076 147.976 750.244 15:12:51
5.076 158.878 773.659 15:12:52
5.072 214.390 993.659 15:12:53
5.064 231.171 974.146 15:12:54
5.068 214.585 1383.415 15:12:55
5.072 162.293 1265.366 15:12:56
5.064 255.976 1248.293 15:12:57
5.064 231.585 1161.951 15:12:58
5.060 343.756 1650.244 15:12:59
5.076 148.976 752.195 15:13:00
5.056 248.683 1999.024 15:13:01
5.068 200.585 1095.610 15:13:02
5.076 146.585 742.439 15:13:03
5.060 226.683 1080.000 15:13:04
5.068 148.976 749.756 15:13:05
5.072 211.585 822.439 15:13:06
5.072 161.585 1133.171 15:13:07
5.060 249.488 1648.780 15:13:08
5.060 281.073 1425.854 15:13:09
5.060 243.585 1078.049 15:13:10
5.076 161.293 918.537 15:13:11
5.072 159.780 812.683 15:13:12
5.076 148.780 927.317 15:13:13
5.068 242.171 1240.488 15:13:14
5.068 248.366 1253.171 15:13:15
5.068 207.488 928.780 15:13:16
5.072 153.585 774.634 15:13:17
5.072 219.585 1115.122 15:13:18
5.060 287.878 1430.732 15:13:19
5.068 193.878 910.244 15:13:20
5.068 220.073 1123.902 15:13:21
5.068 347.463 1364.390 15:13:22
5.064 208.976 1254.146 15:13:23
5.072 147.195 1037.561 15:13:24
5.072 186.390 1269.756 15:13:25
5.060 316.171 1728.780 15:13:26
5.068 243.878 1625.854 15:13:28
5.060 324.463 1645.854 15:13:29
5.076 147.585 744.878 15:13:30
5.068 164.195 834.634 15:13:31
5.068 294.683 819.024 15:13:32
5.072 162.195 821.463 15:13:33
5.064 244.976 1350.732 15:13:34
5.072 149.098 749.756 15:13:35
5.072 267.683 1294.146 15:13:36
5.072 151.878 769.756 15:13:37
5.068 214.488 1050.244 15:13:38
5.072 197.488 1670.244 15:13:39
5.072 160.878 817.561 15:13:40
5.068 165.683 836.585 15:13:41
5.072 171.780 1203.415 15:13:42
5.064 269.366 1151.707 15:13:43
5.068 335.756 1653.659 15:13:44
5.072 160.488 813.659 15:13:45
5.056 276.683 1431.220 15:13:46
5.072 146.780 747.317 15:13:47
5.076 162.293 823.902 15:13:48
5.072 178.585 924.878 15:13:49
5.056 256.878 1670.244 15:13:50
5.072 291.463 1036.585 15:13:51
5.072 152.293 773.659 15:13:52
5.072 162.195 821.463 15:13:53
5.076 169.390 920.000 15:13:54
5.064 207.878 1017.561 15:13:55
5.072 162.195 822.439 15:13:56
5.072 161.780 820.976 15:13:57
5.060 347.976 1684.878 15:13:58
5.064 161.976 820.976 15:13:59
5.072 200.293 1026.829 15:14:00
5.068 267.268 970.244 15:14:01
5.072 148.976 751.220 15:14:02
5.068 330.463 1683.415 15:14:03
5.072 195.683 997.561 15:14:04
5.068 213.073 1070.732 15:14:05
5.060 282.366 1520.976 15:14:06
5.072 146.390 743.415 15:14:07
5.072 162.073 818.537 15:14:08
5.064 209.171 820.976 15:14:09
5.056 335.463 1540.976 15:14:10
5.064 251.488 1401.951 15:14:11
5.072 148.976 753.659 15:14:12
5.072 163.390 1242.927 15:14:13
5.068 245.488 821.463 15:14:14
5.060 336.463 2107.805 15:14:15
5.060 343.463 1712.683 15:14:16
5.072 150.195 752.195 15:14:17
5.052 324.073 1652.195 15:14:18
5.068 234.683 865.366 15:14:19
5.060 270.268 2034.146 15:14:20
5.060 247.976 1268.293 15:14:21
5.076 148.098 754.634 15:14:22
5.072 154.195 776.098 15:14:23
5.072 152.585 769.756 15:14:24
5.068 218.171 1399.512 15:14:25
5.068 212.390 1094.146 15:14:26
5.072 186.390 921.463 15:14:27
5.072 176.293 922.439 15:14:28
5.056 248.976 823.902 15:14:29
5.064 281.585 1437.073 15:14:30
5.072 175.195 1066.829 15:14:31
5.072 204.585 757.073 15:14:32
5.072 194.073 860.000 15:14:33
5.064 245.171 1389.268 15:14:34
5.064 183.488 933.659 15:14:35
5.060 365.268 1652.195 15:14:36
5.060 233.976 941.463 15:14:37
5.072 147.293 1016.585 15:14:38
5.076 233.073 1081.463 15:14:39
5.072 175.488 819.024 15:14:40
5.060 370.366 1650.244 15:14:41
5.048 403.951 1687.805 15:14:42
5.060 474.244 2359.512 15:14:43
5.076 147.878 753.659 15:14:44
5.072 193.780 981.463 15:14:45
5.072 164.585 835.122 15:14:46
5.072 161.878 818.537 15:14:47
5.076 161.683 823.902 15:14:48
5.076 148.195 748.780 15:14:49
5.064 258.463 1282.927 15:14:50
5.076 148.585 752.683 15:14:51
5.064 279.878 1244.390 15:14:52
5.068 250.366 1234.634 15:14:53
5.072 147.293 752.195 15:14:54
5.072 161.878 821.463 15:14:55
5.060 267.463 1354.634 15:14:56
5.068 213.268 1081.463 15:14:57
5.060 272.171 1440.000 15:14:58
5.072 208.073 1165.854 15:14:59
5.064 244.171 1240.976 15:15:00
5.072 169.780 861.463 15:15:01
5.068 186.171 916.585 15:15:02
5.072 161.780 821.463 15:15:03
5.076 219.488 769.756 15:15:04
5.068 340.878 2102.927 15:15:05
5.068 248.488 1787.317 15:15:06
5.076 147.098 742.439 15:15:07
5.056 264.366 1283.415 15:15:08
5.076 162.293 821.463 15:15:09
5.068 256.683 1803.902 15:15:10
5.076 146.585 743.902 15:15:11
5.076 242.585 1139.024 15:15:12
5.052 331.561 2025.366 15:15:13
5.068 244.073 1231.707 15:15:14
5.072 224.073 991.220 15:15:15
5.076 149.195 757.561 15:15:16
5.072 161.585 820.976 15:15:17
5.060 340.073 1634.634 15:15:18
5.060 258.585 1235.610 15:15:19
5.072 176.073 882.927 15:15:20
5.072 161.585 818.537 15:15:21
5.072 160.293 811.220 15:15:22
5.064 284.366 1430.732 15:15:23
5.060 206.878 1246.829 15:15:25
5.068 169.390 792.683 15:15:26
5.072 148.390 1201.951 15:15:27
5.068 148.976 1024.390 15:15:28
5.060 162.073 823.902 15:15:29
5.072 187.878 936.098 15:15:30
5.072 271.976 1546.341 15:15:31
5.064 219.976 1130.732 15:15:32
5.076 152.098 774.634 15:15:33
5.072 162.073 820.976 15:15:34
5.068 202.488 1321.951 15:15:35
5.068 209.585 1425.854 15:15:36
5.072 161.683 820.000 15:15:37
5.072 161.976 821.463 15:15:38
5.072 169.195 820.000 15:15:39
5.076 240.366 1285.366 15:15:40
5.068 255.585 1192.683 15:15:41
5.068 250.780 1265.366 15:15:42
5.076 161.390 945.366 15:15:43
5.072 151.293 769.756 15:15:44
5.064 166.195 770.244 15:15:45
5.072 188.780 936.585 15:15:46
5.064 252.683 1320.976 15:15:47
5.072 161.488 820.976 15:15:48
5.068 198.073 1015.122 15:15:49
5.064 241.683 1235.610 15:15:50
5.076 161.293 820.000 15:15:51
5.072 162.195 854.146 15:15:52
5.072 159.585 810.244 15:15:53
5.076 160.390 814.634 15:15:54
5.076 161.195 820.976 15:15:55
5.068 249.683 1296.585 15:15:56
5.068 271.268 1227.805 15:15:57
5.072 159.683 810.244 15:15:58
5.072 278.878 1392.195 15:15:59
5.072 148.390 752.683 15:16:00
5.076 146.293 744.878 15:16:01
5.068 161.390 823.415 15:16:02
5.068 208.585 1003.902 15:16:03
5.052 345.976 1824.878 15:16:04
5.068 213.268 1081.463 15:16:05
5.072 147.293 743.415 15:16:06
5.076 180.293 822.439 15:16:07
5.072 161.976 821.463 15:16:08
5.060 283.878 1419.512 15:16:09
5.064 158.683 1075.122 15:16:10
5.076 162.488 1342.927 15:16:11
5.068 194.976 1029.268 15:16:12
5.068 212.488 772.195 15:16:13
5.056 332.976 1716.585 15:16:14
5.064 379.171 1572.683 15:16:15
5.072 287.366 1041.463 15:16:16
5.068 292.073 872.683 15:16:17
5.072 161.585 822.439 15:16:18
5.052 363.463 1703.902 15:16:19
5.072 162.195 914.146 15:16:20
5.068 216.390 1080.000 15:16:21
5.068 255.878 1232.195 15:16:22
5.072 179.878 933.659 15:16:23
5.072 162.878 1466.829 15:16:24
5.056 302.683 863.415 15:16:25
5.064 287.171 1792.683 15:16:26
5.072 161.073 821.463 15:16:27
5.072 148.780 760.000 15:16:28
5.060 353.268 1916.585 15:16:29
5.068 256.683 1040.488 15:16:30
5.072 160.293 815.122 15:16:31
5.068 162.780 899.024 15:16:32
5.072 147.585 745.854 15:16:33
5.060 328.171 1658.537 15:16:34
5.064 285.878 1060.000 15:16:35
5.064 172.488 839.024 15:16:36
5.068 152.098 773.659 15:16:37
5.068 203.171 919.024 15:16:38
5.068 213.976 1140.488 15:16:39
5.068 169.293 820.000 15:16:40
5.072 219.488 1071.707 15:16:41
5.072 168.780 1306.829 15:16:42
5.064 284.073 1392.195 15:16:43
5.068 224.268 1254.634 15:16:44
5.076 147.293 741.463 15:16:45
5.068 241.878 1208.293 15:16:46
5.072 255.268 822.439 15:16:47
5.052 386.073 1995.122 15:16:48
5.068 262.683 1297.073 15:16:49
5.072 147.878 751.220 15:16:50
5.064 314.171 1159.024 15:16:51
5.068 238.683 1175.610 15:16:52
5.072 146.293 743.415 15:16:53
5.052 394.171 1779.024 15:16:54
5.072 235.268 1117.561 15:16:55
5.068 430.951 2402.439 15:16:56
5.076 179.488 822.439 15:16:57
5.064 219.976 1050.244 15:16:58
5.076 163.073 819.024 15:16:59
5.072 148.488 1035.610 15:17:00
5.056 354.463 2027.805 15:17:01
5.068 209.683 1075.122 15:17:02
5.060 370.171 2007.805 15:17:03
5.068 181.780 880.976 15:17:04
5.072 161.073 817.561 15:17:05
5.076 174.195 811.220 15:17:06
5.068 237.878 1218.049 15:17:07
5.064 239.585 1930.244 15:17:08
5.072 147.976 757.073 15:17:09
5.076 146.195 743.415 15:17:10
5.072 162.780 910.244 15:17:11
5.072 162.488 820.976 15:17:12
5.064 208.390 1061.951 15:17:13
5.072 191.293 1159.024 15:17:14
5.072 147.390 748.293 15:17:15
5.064 249.073 1377.073 15:17:16
5.076 162.878 1108.293 15:17:17
5.068 209.780 1067.805 15:17:19
5.064 266.366 1265.366 15:17:20
5.076 241.073 1032.683 15:17:21
5.064 319.561 1284.390 15:17:22
5.068 170.390 821.463 15:17:23
5.060 187.683 957.561 15:17:24
5.076 152.585 1171.707 15:17:25
5.076 161.780 822.439 15:17:26
5.072 180.976 969.268 15:17:27
5.072 216.073 774.634 15:17:28
5.072 162.683 1059.024 15:17:29
5.068 161.488 822.439 15:17:30
5.076 161.976 811.220 15:17:31
5.068 336.976 1708.780 15:17:32
5.068 290.976 1484.878 15:17:33
5.056 328.463 1647.317 15:17:34
5.076 148.585 757.561 15:17:35
5.076 161.390 823.902 15:17:36
5.060 324.780 2010.732 15:17:37
5.060 387.854 1640.000 15:17:38
5.060 327.268 1641.463 15:17:39
5.072 212.683 767.317 15:17:40
5.060 248.366 1374.634 15:17:41
5.072 162.195 822.439 15:17:42
5.072 160.488 1006.341 15:17:43
5.076 159.878 813.659 15:17:44
5.076 149.195 748.780 15:17:45
5.076 151.195 763.415 15:17:46
5.072 191.585 1261.951 15:17:47
5.076 161.390 817.561 15:17:48
5.076 248.683 955.122 15:17:49
5.076 148.195 753.659 15:17:50
5.064 358.463 1947.805 15:17:51
5.072 161.488 823.902 15:17:52
5.064 275.683 1325.366 15:17:53
5.064 245.268 1239.024 15:17:54
5.064 251.976 1257.073 15:17:55
5.072 163.195 824.878 15:17:56
5.072 208.780 851.220 15:17:57
5.068 213.171 1083.902 15:17:58
5.072 151.195 769.756 15:17:59
5.068 192.878 821.463 15:18:00
5.068 401.268 1611.220 15:18:01
5.064 236.585 986.341 15:18:02
5.068 282.683 1334.146 15:18:03
5.076 210.073 1135.122 15:18:04
5.072 161.073 864.878 15:18:05
5.064 247.488 1264.390 15:18:06
5.068 249.366 1245.854 15:18:07
5.064 162.683 1057.561 15:18:08
5.064 307.171 1366.829 15:18:09
5.072 161.195 816.585 15:18:10
5.072 161.976 820.976 15:18:11
5.064 243.073 1268.293 15:18:12
5.060 298.171 1354.634 15:18:13
5.068 213.585 1364.878 15:18:14
5.072 148.878 754.634 15:18:15
5.076 162.488 836.585 15:18:16
5.076 261.366 819.024 15:18:17
5.056 331.561 1676.098 15:18:18
5.060 297.073 1447.317 15:18:19
5.076 148.195 752.195 15:18:20
5.068 149.683 759.512 15:18:21
5.072 273.268 823.902 15:18:22
5.060 441.561 1787.805 15:18:23
5.056 243.780 1234.634 15:18:24
5.076 148.293 757.073 15:18:25
5.072 161.780 818.537 15:18:26
5.064 244.585 825.366 15:18:27
5.064 291.683 1475.610 15:18:28
5.068 264.268 1239.024 15:18:29
5.072 201.073 1064.390 15:18:30
5.072 247.488 1210.732 15:18:31
5.072 161.976 820.976 15:18:32
5.072 180.878 935.122 15:18:33
5.072 161.976 821.463 15:18:34
5.076 161.073 856.098 15:18:35
5.056 313.976 1493.171 15:18:36
5.072 162.390 823.415 15:18:37
5.072 180.878 1076.585 15:18:38
5.076 151.878 1249.268 15:18:39
5.072 161.780 818.537 15:18:40
5.048 402.854 1972.683 15:18:41
5.068 248.073 1250.244 15:18:42
5.072 188.683 918.537 15:18:43
5.072 162.073 1602.439 15:18:44
5.076 147.098 743.415 15:18:45
5.056 362.561 1822.439 15:18:46
5.072 153.098 773.659 15:18:47
5.076 146.683 748.293 15:18:48
5.056 398.073 2057.073 15:18:49
5.072 228.780 1073.171 15:18:50
5.044 411.561 2140.488 15:18:51
5.072 161.293 822.439 15:18:52
5.076 147.878 747.317 15:18:53
5.056 322.976 1636.098 15:18:54
5.072 264.585 820.976 15:18:55
5.072 147.195 825.366 15:18:56
5.064 299.171 1517.073 15:18:57
5.072 147.195 743.415 15:18:58
5.056 334.878 1687.805 15:18:59
5.068 162.195 862.439 15:19:00
5.068 208.073 1075.122 15:19:01
5.072 177.488 880.000 15:19:02
5.056 333.268 1640.976 15:19:03
5.064 250.488 1226.829 15:19:04
5.076 148.780 752.195 15:19:05
5.072 159.585 812.683 15:19:06
5.076 160.488 815.122 15:19:07
5.044 350.756 1813.659 15:19:08
5.076 236.878 1413.659 15:19:09
5.072 162.390 822.439 15:19:10
5.076 161.976 818.537 15:19:11
5.068 215.683 1190.244 15:19:12
5.064 249.585 1276.585 15:19:14
5.072 245.366 1626.341 15:19:15
5.072 209.878 1079.024 15:19:16
5.072 296.780 827.805 15:19:17
5.064 317.976 1632.195 15:19:18
5.068 225.585 1140.488 15:19:19
5.072 148.683 756.098 15:19:20
5.072 196.073 813.659 15:19:21
5.068 326.073 1756.585 15:19:22
5.060 332.780 1676.098 15:19:23
5.064 162.488 1212.195 15:19:24
5.072 149.195 752.195 15:19:25
5.068 258.366 1265.366 15:19:26
5.072 218.780 900.000 15:19:27
5.048 411.463 1666.341 15:19:28
5.076 162.488 824.878 15:19:29
5.076 147.293 744.878 15:19:30
5.076 153.976 793.659 15:19:31
5.076 151.390 762.439 15:19:32
5.060 245.268 1236.585 15:19:33
5.072 160.390 815.122 15:19:34
5.064 200.976 939.024 15:19:35
5.076 152.293 773.659 15:19:36
5.072 217.171 1031.707 15:19:37
5.044 460.463 1978.049 15:19:38
5.072 161.488 1429.756 15:19:39
5.072 162.073 821.463 15:19:40
5.068 170.073 1259.024 15:19:41
5.072 232.683 1219.512 15:19:42
5.064 289.171 1830.244 15:19:43
5.072 239.878 982.439 15:19:44
5.076 146.488 757.073 15:19:45
5.060 322.171 1245.854 15:19:46
5.072 251.878 980.000 15:19:47
5.064 250.585 1119.512 15:19:48
5.068 213.683 1087.805 15:19:49
5.076 159.878 813.659 15:19:50
5.072 160.390 1265.854 15:19:51
5.076 160.390 810.244 15:19:52
5.072 162.293 822.439 15:19:53
5.072 159.878 808.780 15:19:54
5.072 161.683 819.024 15:19:55
5.072 195.073 1450.732 15:19:56
5.072 245.073 822.439 15:19:57
5.068 249.683 1258.049 15:19:58
5.072 161.878 817.561 15:19:59
5.076 148.098 752.195 15:20:00
5.068 211.585 1229.268 15:20:01
5.068 254.878 1254.146 15:20:02
5.068 253.683 1270.732 15:20:03
5.068 201.780 1065.366 15:20:04
5.068 214.268 1081.463 15:20:05
5.072 160.780 1077.561 15:20:06
5.072 279.878 1228.293 15:20:07
5.068 263.268 1332.195 15:20:08
5.076 146.293 743.415 15:20:09
5.072 165.878 852.195 15:20:10
5.072 196.780 777.073 15:20:11
5.064 340.463 1230.732 15:20:12
5.072 160.390 819.024 15:20:13
5.072 149.390 826.341 15:20:14
5.068 152.585 771.220 15:20:15
5.076 152.878 781.463 15:20:16
5.072 166.390 848.780 15:20:17
5.072 161.976 822.439 15:20:18
5.068 328.976 1199.512 15:20:19
5.068 213.683 1338.537 15:20:20
5.072 162.195 817.561 15:20:21
5.060 243.073 1227.805 15:20:22
5.072 213.268 1081.463 15:20:23
5.060 342.463 1750.244 15:20:24
5.072 202.585 987.805 15:20:25
5.068 179.073 820.976 15:20:26
5.056 331.268 1851.220 15:20:27
5.064 256.268 2366.341 15:20:28
5.072 162.195 823.902 15:20:29
5.076 148.293 757.561 15:20:30
5.072 161.780 819.024 15:20:31
5.072 153.976 779.024 15:20:32
5.072 162.293 964.878 15:20:33
5.068 328.780 1900.000 15:20:34
5.076 198.488 867.805 15:20:35
5.072 147.976 756.098 15:20:36
5.076 155.683 787.805 15:20:37
5.072 161.585 1035.122 15:20:38
5.064 258.976 1320.488 15:20:39
5.072 162.073 822.439 15:20:40
5.072 219.780 960.000 15:20:41
5.060 295.268 1371.707 15:20:42
5.064 244.976 1239.024 15:20:43
5.060 267.780 1346.829 15:20:44
5.072 175.780 1031.220 15:20:45
5.060 324.976 1632.195 15:20:46
5.048 428.366 2377.073 15:20:47
5.072 150.878 762.439 15:20:48
5.072 161.073 812.195 15:20:49
5.072 162.195 1254.634 15:20:50
5.068 245.878 1455.610 15:20:51
5.060 372.073 1639.024 15:20:52
5.072 213.585 1090.732 15:20:53
5.072 162.195 821.463 15:20:54
5.072 160.976 815.122 15:20:55
5.064 264.878 822.439 15:20:56
5.072 161.878 820.976 15:20:57
5.064 358.073 1513.171 15:20:58
5.076 277.878 1258.049 15:20:59
5.076 162.073 817.561 15:21:00
5.072 192.683 1389.756 15:21:01
5.072 183.683 896.098 15:21:02
5.072 162.195 819.024 15:21:03
5.076 162.780 825.366 15:21:04
5.072 289.171 1531.220 15:21:05
5.072 184.780 1284.390 15:21:07
5.072 152.976 771.220 15:21:08
5.072 160.878 816.585 15:21:09
5.064 405.171 2008.293 15:21:10
5.072 146.780 747.317 15:21:11
5.076 167.293 1663.415 15:21:12
5.076 152.683 811.220 15:21:13
5.060 293.073 1059.024 15:21:14
5.072 162.293 820.000 15:21:15
5.072 192.488 966.341 15:21:16
5.068 213.585 1235.610 15:21:17
5.076 157.585 775.122 15:21:18
5.068 279.463 1248.293 15:21:19
5.044 465.561 2307.317 15:21:20
5.076 257.463 1027.805 15:21:21
5.072 152.780 774.634 15:21:22
5.068 152.195 772.195 15:21:23
5.064 241.488 1207.805 15:21:24
5.060 321.976 1728.780 15:21:25
5.068 275.171 1161.951 15:21:26
5.064 225.171 1137.073 15:21:27
5.072 148.878 757.073 15:21:28
5.064 251.585 1309.756 15:21:29
5.076 161.683 824.878 15:21:30
5.068 290.976 1220.488 15:21:31
5.056 272.780 1487.317 15:21:32
5.076 230.780 843.415 15:21:33
5.068 245.976 1257.073 15:21:34
5.068 174.195 823.415 15:21:35
5.064 244.488 1247.805 15:21:36
5.060 330.561 1643.902 15:21:37
5.076 157.878 752.683 15:21:38
5.068 248.780 1259.024 15:21:39
5.072 147.780 758.537 15:21:40
5.064 347.268 1328.293 15:21:41
5.068 248.683 1257.073 15:21:42
5.076 229.585 1062.927 15:21:43
5.068 242.171 1261.951 15:21:44
5.076 148.293 758.537 15:21:45
5.072 152.195 777.073 15:21:46
5.076 156.585 792.683 15:21:47
5.068 220.171 956.098 15:21:48
5.076 216.780 1321.951 15:21:49
5.072 162.195 1097.561 15:21:50
5.072 182.293 954.146 15:21:51
5.072 171.585 822.439 15:21:52
5.076 180.171 820.000 15:21:53
5.072 162.488 820.976 15:21:54
5.072 148.488 744.878 15:21:55
5.060 238.171 1525.854 15:21:56
5.072 148.488 774.634 15:21:57
5.072 160.780 816.585 15:21:58
5.076 294.780 1250.244 15:21:59
5.068 182.780 1081.951 15:22:00
5.064 288.976 1359.512 15:22:01
5.076 146.780 748.780 15:22:02
5.044 403.756 1877.561 15:22:03
5.072 162.073 823.902 15:22:04
5.072 146.293 745.854 15:22:05
5.068 307.073 1738.537 15:22:06
5.076 147.390 746.341 15:22:07
5.060 330.073 1705.366 15:22:08
5.068 149.390 752.195 15:22:09
5.072 146.780 747.317 15:22:10
5.060 322.976 1663.415 15:22:11
5.064 212.390 992.683 15:22:12
5.072 193.683 992.683 15:22:13
5.072 239.366 754.634 15:22:14
5.076 163.195 816.098 15:22:15
5.060 351.463 1692.683 15:22:16
5.068 217.976 1100.488 15:22:17
5.068 161.780 818.537 15:22:18
5.076 161.878 821.463 15:22:19
5.060 337.463 1626.341 15:22:20
5.068 195.171 1082.927 15:22:21
5.076 163.195 827.805 15:22:22
5.076 161.488 1483.415 15:22:23
5.068 170.293 825.366 15:22:24
5.064 367.463 2191.707 15:22:25
5.072 152.488 920.488 15:22:26
5.072 161.390 818.537 15:22:27
5.072 214.268 1160.488 15:22:28
5.064 210.171 1161.463 15:22:29
5.060 324.976 1696.585 15:22:30
5.076 151.878 772.195 15:22:31
5.076 152.976 1181.951 15:22:32
5.068 224.878 1248.293 15:22:33
5.060 325.073 1885.366 15:22:34
5.068 161.195 816.585 15:22:35
5.072 192.878 939.024 15:22:36
5.072 160.780 816.585 15:22:37
5.072 161.585 823.415 15:22:38
5.072 373.463 1810.244 15:22:39
5.056 246.780 1156.585 15:22:40
5.068 222.878 1448.780 15:22:41
5.072 234.268 1246.829 15:22:42
5.076 152.780 775.122 15:22:43
5.072 162.195 823.415 15:22:44
5.060 254.171 1318.537 15:22:45
5.072 173.390 823.902 15:22:46
5.072 223.171 1024.390 15:22:47
5.076 161.488 819.024 15:22:48
5.068 273.780 2281.951 15:22:49
5.076 162.073 822.439 15:22:50
5.068 200.683 1018.049 15:22:51
5.072 150.098 768.293 15:22:52
5.072 160.293 813.659 15:22:53
5.064 255.073 1261.951 15:22:54
5.076 149.195 752.683 15:22:55
5.072 161.780 822.439 15:22:56
5.072 160.976 816.098 15:22:57
5.076 160.390 810.244 15:22:58
5.064 248.878 980.000 15:22:59
5.072 148.683 1035.610 15:23:01
5.072 162.390 824.878 15:23:02
5.072 162.195 823.902 15:23:03
5.060 331.463 1313.171 15:23:04
5.072 159.976 813.659 15:23:05
5.076 148.780 760.000 15:23:06
5.072 182.073 1015.122 15:23:07
5.072 236.780 1259.512 15:23:08
5.072 154.293 783.415 15:23:09
5.068 239.171 1298.049 15:23:10
5.060 249.878 1227.805 15:23:11
5.076 152.098 768.780 15:23:12
5.068 204.878 913.659 15:23:13
5.072 154.390 778.537 15:23:14
5.068 251.976 1239.512 15:23:15
5.064 162.683 826.341 15:23:16
5.072 183.293 957.561 15:23:17
5.068 280.171 1087.805 15:23:18
5.076 149.390 754.634 15:23:19
5.068 259.878 1250.244 15:23:20
5.068 200.976 1447.317 15:23:21
5.072 174.488 915.122 15:23:22
5.068 198.683 955.122 15:23:23
5.076 156.878 974.146 15:23:24
5.076 245.780 823.902 15:23:25
5.044 407.756 1701.463 15:23:26
5.064 187.878 1023.902 15:23:27
5.068 213.585 1150.732 15:23:28
5.076 147.195 748.780 15:23:29
5.076 176.976 822.439 15:23:30
5.064 314.976 1267.805 15:23:31
5.072 152.878 803.415 15:23:32
5.060 325.976 1684.878 15:23:33
5.072 272.463 1110.732 15:23:34
5.068 241.268 1259.512 15:23:35
5.052 420.659 1677.561 15:23:36
5.068 213.878 1126.829 15:23:37
5.068 216.171 1380.976 15:23:38
5.076 147.585 743.902 15:23:39
5.072 161.390 822.439 15:23:40
5.060 246.268 1242.927 15:23:41
5.064 172.488 826.341 15:23:42
5.060 250.268 1381.951 15:23:43
5.068 248.683 1239.512 15:23:44
5.076 147.488 743.415 15:23:45
5.072 159.878 816.098 15:23:46
5.060 269.366 1363.415 15:23:47
5.044 474.756 2057.073 15:23:48
5.072 170.780 772.683 15:23:49
5.060 254.073 1597.561 15:23:50
5.076 162.585 823.902 15:23:51
5.064 270.683 1225.854 15:23:52
5.076 149.098 752.195 15:23:53
5.072 162.293 822.439 15:23:54
5.068 249.268 1261.951 15:23:55
5.068 213.585 1414.634 15:23:56
5.076 149.976 1099.512 15:23:57
5.068 197.585 1011.220 15:23:58
5.064 188.780 1019.024 15:23:59
5.072 184.585 1117.561 15:24:00
5.060 334.268 1974.146 15:24:01
5.076 216.171 900.000 15:24:02
5.072 162.293 822.439 15:24:03
5.060 290.073 984.878 15:24:04
5.064 216.683 1336.098 15:24:05
5.076 162.390 823.415 15:24:06
5.072 148.293 750.244 15:24:07
5.064 254.488 1271.707 15:24:08
5.076 214.073 1081.463 15:24:09
5.076 159.585 813.659 15:24:10
5.072 162.683 827.805 15:24:11
5.076 149.683 760.976 15:24:12
5.052 417.854 2111.707 15:24:13
5.068 198.976 810.244 15:24:14
5.076 159.683 810.244 15:24:15
5.056 249.780 1252.195 15:24:16
5.068 178.195 1102.927 15:24:17
5.064 166.683 837.561 15:24:18
5.072 182.390 1156.585 15:24:19
5.064 294.780 2319.512 15:24:20
5.048 412.463 2403.902 15:24:21
5.076 149.390 750.244 15:24:22
5.072 161.195 856.585 15:24:23
5.068 170.195 776.098 15:24:24
5.060 361.366 2035.610 15:24:25
5.056 242.366 1229.268 15:24:26
5.068 203.780 753.659 15:24:27
5.064 245.683 1118.049 15:24:28
5.076 163.073 824.878 15:24:29
5.056 277.976 1771.707 15:24:30
5.064 190.976 1082.927 15:24:31
5.076 148.780 765.854 15:24:32
5.068 193.976 999.024 15:24:33
5.056 446.049 2078.049 15:24:34
5.072 202.171 1026.341 15:24:35
5.076 152.878 775.122 15:24:36
5.068 162.293 823.415 15:24:37
5.072 160.780 816.098 15:24:38
5.060 318.780 2026.829 15:24:39
5.064 206.683 989.268 15:24:40
5.072 149.195 1035.610 15:24:41
5.076 152.390 777.073 15:24:42
5.064 279.463 1072.683 15:24:43
5.064 243.780 1274.634 15:24:44
5.064 246.585 1425.854 15:24:45
5.068 217.171 1081.463 15:24:46
5.068 152.488 769.756 15:24:47
5.068 247.878 1290.732 15:24:48
5.064 249.488 1224.390 15:24:49
5.064 293.268 1424.878 15:24:50
5.064 221.171 1039.024 15:24:51
5.072 147.878 748.293 15:24:52
5.068 243.366 1388.293 15:24:53
5.076 190.390 805.854 15:24:54
5.072 161.683 813.659 15:24:56
5.060 465.854 2173.171 15:24:57
5.064 249.488 824.878 15:24:58
5.072 152.293 763.902 15:24:59
5.072 252.488 826.341 15:25:00
5.076 160.585 857.561 15:25:01
5.060 244.976 1280.976 15:25:02
5.064 244.268 1250.732 15:25:03
5.072 147.976 746.341 15:25:04
5.072 183.878 975.122 15:25:05
5.076 161.390 855.122 15:25:06
5.072 148.976 756.098 15:25:07
5.056 337.073 1780.000 15:25:08
5.068 406.463 1654.634 15:25:09
5.072 219.390 1056.585 15:25:10
5.068 152.976 1416.098 15:25:11
5.068 220.073 901.463 15:25:12
5.064 206.171 1106.829 15:25:13
5.068 385.561 2377.073 15:25:14
5.072 148.683 761.463 15:25:15
5.072 220.268 1053.171 15:25:16
5.072 160.976 820.976 15:25:17
5.068 272.366 1573.659 15:25:18
5.072 148.878 761.463 15:25:19
5.072 152.976 777.073 15:25:20
5.076 152.878 782.439 15:25:21
5.068 247.171 1241.951 15:25:22
5.060 248.780 1383.415 15:25:23
5.072 149.488 751.220 15:25:24
5.064 251.268 1268.293 15:25:25
5.072 162.195 821.463 15:25:26
5.064 258.683 1633.659 15:25:27
5.060 298.561 1511.220 15:25:28
5.076 149.390 758.537 15:25:29
5.064 212.268 1081.463 15:25:30
5.072 162.293 823.415 15:25:31
5.060 333.268 1676.098 15:25:32
5.052 345.878 1738.537 15:25:33
5.072 151.683 772.683 15:25:34
5.068 247.268 1317.073 15:25:35
5.056 471.854 2313.659 15:25:36
5.068 363.756 1505.854 15:25:37
5.076 227.073 1035.122 15:25:38
5.072 161.683 822.439 15:25:39
5.072 199.073 990.244 15:25:40
5.064 240.878 1246.829 15:25:41
5.076 160.976 813.659 15:25:42
5.068 252.073 1300.488 15:25:43
5.060 326.878 2014.146 15:25:44
5.068 197.780 933.659 15:25:45
5.072 153.878 777.073 15:25:46
5.076 152.195 773.659 15:25:47
5.060 297.073 945.366 15:25:48
5.064 248.976 1259.024 15:25:49
5.076 147.585 745.854 15:25:50
5.076 217.073 1037.561 15:25:51
5.064 246.073 1270.732 15:25:52
5.068 203.878 1129.268 15:25:53
5.076 280.683 1130.244 15:25:54
5.072 162.488 1170.732 15:25:55
5.068 192.683 995.610 15:25:56
5.068 171.390 1297.073 15:25:57
5.068 196.488 1579.512 15:25:58
5.076 148.488 1007.805 15:25:59
5.072 152.390 1201.463 15:26:00
5.052 405.561 2034.146 15:26:01
5.072 259.073 1311.707 15:26:02
5.048 245.268 1242.927 15:26:03
5.072 146.976 750.244 15:26:04
5.064 267.585 1314.634 15:26:05
5.056 328.366 2037.073 15:26:06
5.068 271.268 1332.195 15:26:07
5.072 160.683 815.122 15:26:08
5.072 149.390 752.683 15:26:09
5.072 159.683 812.683 15:26:10
5.060 331.878 1691.220 15:26:11
5.076 162.195 812.195 15:26:12
5.072 147.780 747.317 15:26:13
5.064 318.171 1327.317 15:26:14
5.076 153.683 779.024 15:26:15
5.060 458.146 2095.610 15:26:16
5.072 162.195 821.463 15:26:17
5.072 146.683 752.683 15:26:18
5.064 249.488 1625.854 15:26:19
5.068 167.293 1059.024 15:26:20
5.052 414.366 2028.293 15:26:21
5.068 157.293 768.293 15:26:22
5.072 204.488 991.220 15:26:23
5.072 211.976 824.878 15:26:24
5.072 146.976 747.317 15:26:25
5.056 314.366 1320.488 15:26:26
5.072 152.683 776.098 15:26:27
5.072 162.293 822.439 15:26:28
5.076 152.098 771.220 15:26:29
5.072 159.976 808.780 15:26:30
5.064 163.390 1454.634 15:26:31
5.072 151.195 766.341 15:26:32
5.064 242.878 1254.146 15:26:33
5.068 300.366 1761.463 15:26:34
5.064 253.366 1332.195 15:26:35
5.052 399.951 1927.805 15:26:36
5.068 180.976 915.122 15:26:37
5.064 324.780 1183.902 15:26:38
5.068 252.488 825.366 15:26:39
5.072 161.293 818.537 15:26:40
5.060 287.171 1470.732 15:26:41
5.060 218.780 1221.951 15:26:42
5.064 271.171 2428.780 15:26:43
5.076 238.268 776.098 15:26:44
5.064 242.268 1291.707 15:26:45
5.064 280.268 1424.390 15:26:46
5.076 162.390 815.122 15:26:47
5.056 327.659 2039.512 15:26:48
5.076 148.390 754.634 15:26:50
5.076 159.585 810.244 15:26:51
5.060 328.073 1641.463 15:26:52
5.068 186.683 957.561 15:26:53
5.076 161.976 1015.122 15:26:54
5.068 176.195 893.659 15:26:55
5.072 152.098 772.195 15:26:56
5.064 241.878 1225.854 15:26:57
5.076 149.390 754.634 15:26:58
5.076 161.195 817.561 15:26:59
5.072 267.463 827.317 15:27:00
5.068 216.171 1080.488 15:27:01
5.056 291.878 1369.268 15:27:02
5.068 252.585 1071.707 15:27:03
5.072 257.171 905.366 15:27:04
5.068 244.780 1237.073 15:27:05
5.068 225.976 1143.902 15:27:06
5.076 152.098 770.244 15:27:07
5.068 149.293 754.634 15:27:08
5.068 170.488 823.415 15:27:09
5.064 256.171 1259.024 15:27:10
5.068 244.268 1224.390 15:27:11
5.068 200.976 1021.463 15:27:12
5.076 153.390 783.415 15:27:13
5.072 196.390 1022.927 15:27:14
5.064 162.780 1353.171 15:27:15
5.072 213.585 1136.585 15:27:16
5.068 198.585 813.659 15:27:17
5.076 162.976 754.634 15:27:18
5.072 162.488 823.902 15:27:19
5.064 250.268 1244.390 15:27:20
5.068 186.780 968.780 15:27:21
5.068 213.171 1091.707 15:27:22
5.076 152.976 773.659 15:27:23
5.068 162.780 824.878 15:27:24
5.064 467.049 2304.390 15:27:25
5.068 240.488 1204.390 15:27:26
5.064 256.171 1262.927 15:27:27
5.076 149.098 829.756 15:27:28
5.072 162.293 825.366 15:27:29
5.064 241.366 1118.049 15:27:30
5.068 326.171 1805.366 15:27:31
5.072 162.585 821.463 15:27:32
5.064 213.488 752.195 15:27:33
5.076 162.488 820.976 15:27:34
5.068 191.585 1067.805 15:27:35
5.068 215.780 1266.829 15:27:36
5.068 162.390 1240.488 15:27:37
5.072 152.390 774.634 15:27:38
5.072 266.171 1259.024 15:27:39
5.076 162.878 823.902 15:27:40
5.072 160.780 815.122 15:27:41
5.072 162.293 823.902 15:27:42
5.072 251.073 911.707 15:27:43
5.068 220.780 1086.341 15:27:44
5.072 190.683 902.927 15:27:45
5.056 261.976 1303.415 15:27:46
5.064 226.976 1060.000 15:27:47
5.072 166.195 745.854 15:27:48
5.072 162.683 815.122 15:27:49
5.064 216.683 985.366 15:27:50
5.060 334.073 1684.878 15:27:51
5.072 149.195 752.683 15:27:52
5.072 151.585 772.683 15:27:53
5.068 231.488 970.244 15:27:54
5.068 176.488 1110.732 15:27:55
5.064 362.268 1066.829 15:27:56
5.076 160.073 812.683 15:27:57
5.072 195.488 826.341 15:27:58
5.052 257.976 1447.317 15:27:59
5.072 195.683 1251.707 15:28:00
5.068 182.878 922.439 15:28:01
5.076 178.390 856.585 15:28:02
5.064 246.976 1305.854 15:28:03
5.060 250.585 1356.098 15:28:04
5.068 242.171 1653.659 15:28:05
5.064 252.976 2040.488 15:28:06
5.068 151.390 768.293 15:28:07
5.072 201.976 821.463 15:28:08
5.076 161.976 1320.488 15:28:09
5.072 220.878 1427.317 15:28:10
5.072 195.171 1114.146 15:28:11
5.068 149.195 758.537 15:28:12
5.072 148.976 760.000 15:28:13
5.072 163.293 1039.024 15:28:14
5.072 212.390 1077.561 15:28:15
5.056 338.268 1762.927 15:28:16
5.064 239.171 1190.732 15:28:17
5.076 162.488 820.000 15:28:18
5.076 163.195 825.366 15:28:19
5.068 371.561 2398.537 15:28:20
5.072 152.390 771.220 15:28:21
5.072 194.878 984.878 15:28:22
5.072 159.976 816.585 15:28:23
5.076 162.195 820.976 15:28:24
5.068 214.585 1084.390 15:28:25
5.056 326.780 1659.024 15:28:26
5.076 146.585 744.878 15:28:27
5.076 150.683 768.293 15:28:28
5.072 223.073 1117.561 15:28:29
5.060 268.268 1342.927 15:28:30
5.068 252.780 1280.976 15:28:31
5.068 157.293 1204.390 15:28:32
5.068 244.780 1267.805 15:28:33
5.060 280.976 1387.317 15:28:34
5.044 278.268 1525.854 15:28:35
5.064 251.488 1259.512 15:28:36
5.072 147.780 749.756 15:28:38
5.064 293.463 1035.122 15:28:39
5.072 153.878 775.122 15:28:40
5.064 260.585 1269.268 15:28:41
5.072 164.683 833.659 15:28:42
5.072 184.976 1189.268 15:28:43
5.068 244.268 1244.390 15:28:44
5.076 162.390 823.415 15:28:45
5.064 251.585 1227.805 15:28:46
5.072 215.488 1113.171 15:28:47
5.064 257.463 1884.390 15:28:48
5.072 160.780 815.122 15:28:49
5.072 160.585 815.122 15:28:50
5.076 162.585 825.366 15:28:51
5.072 244.878 1627.317 15:28:52
5.068 195.683 936.098 15:28:53
5.068 243.878 1234.634 15:28:54
5.068 216.171 1073.171 15:28:55
5.072 199.780 1049.268 15:28:56
5.072 148.098 846.341 15:28:57
5.072 162.293 823.902 15:28:58
5.064 249.683 1714.146 15:28:59
5.068 251.073 1273.171 15:29:00
5.064 322.976 1239.024 15:29:01
5.072 169.293 789.756 15:29:02
5.064 253.073 1261.951 15:29:03
5.068 246.976 1382.439 15:29:04
5.068 245.488 1239.512 15:29:05
5.072 148.780 757.073 15:29:06
5.060 324.366 2205.854 15:29:07
5.072 152.780 774.634 15:29:08
5.060 196.073 999.024 15:29:09
5.072 162.293 823.902 15:29:10
5.072 200.073 1022.439 15:29:11
5.068 188.976 1262.927 15:29:12
5.064 268.780 1380.976 15:29:13
5.076 163.390 833.659 15:29:14
5.072 161.073 814.634 15:29:15
5.076 148.976 751.220 15:29:16
5.072 181.585 1014.146 15:29:17
5.064 262.463 771.220 15:29:18
5.060 307.878 1230.732 15:29:19
5.064 367.756 1762.927 15:29:20
5.068 248.683 1438.049 15:29:21
5.076 152.293 775.122 15:29:22
5.068 244.073 1472.195 15:29:23
5.072 162.390 819.024 15:29:24
5.068 249.585 1223.415 15:29:25
5.068 201.683 1020.000 15:29:26
5.076 146.976 748.780 15:29:27
5.076 161.780 1410.732 15:29:28
5.076 160.293 814.634 15:29:29
5.064 290.463 1405.854 15:29:30
5.076 146.878 1057.561 15:29:31
5.076 162.195 1074.146 15:29:32
5.068 162.683 895.122 15:29:33
5.064 271.976 1400.488 15:29:34
5.068 251.366 2343.415 15:29:35
5.072 146.976 747.317 15:29:36
5.072 150.585 767.317 15:29:37
5.072 162.073 1464.878 15:29:38
5.064 324.366 1273.171 15:29:39
5.052 457.146 2310.732 15:29:40
5.072 149.195 756.098 15:29:41
5.072 152.488 778.537 15:29:42
5.060 326.659 1650.244 15:29:43
5.064 302.780 2049.268 15:29:44
5.072 256.878 1493.171 15:29:45
5.072 162.293 885.366 15:29:46
5.064 249.268 1285.854 15:29:47
5.060 372.073 1796.098 15:29:48
5.052 332.366 1694.146 15:29:49
5.072 198.171 754.634 15:29:50
5.072 264.171 1261.951 15:29:51
5.068 203.488 1015.610 15:29:52
5.072 149.293 748.293 15:29:53
5.056 337.073 1234.146 15:29:54
5.076 162.488 907.317 15:29:55
5.072 160.390 814.634 15:29:56
5.072 274.585 819.024 15:29:57
5.068 194.073 991.707 15:29:58
5.064 292.878 1459.512 15:29:59
5.072 162.585 820.976 15:30:00
5.072 211.073 758.537 15:30:01
5.068 297.073 1681.463 15:30:02
5.068 213.171 1081.463 15:30:03
5.076 147.585 809.756 15:30:04
5.060 330.171 1718.537 15:30:05
5.060 233.976 819.024 15:30:06
5.076 164.585 823.902 15:30:07
5.068 221.268 1063.902 15:30:08
5.072 206.488 1101.951 15:30:09
5.068 200.488 1059.024 15:30:10
5.068 244.366 1246.829 15:30:11
5.060 240.171 1273.171 15:30:12
5.072 254.268 1026.829 15:30:13
5.072 212.268 1009.268 15:30:14
5.068 335.073 1706.341 15:30:15
5.076 150.683 773.659 15:30:16
5.072 161.780 829.756 15:30:17
5.064 290.561 1531.220 15:30:18
5.056 290.878 1351.707 15:30:19
5.072 233.073 964.878 15:30:20
5.068 183.683 823.415 15:30:21
5.064 207.171 1130.732 15:30:22
5.068 177.780 946.341 15:30:23
5.060 242.976 1637.073 15:30:24
5.064 258.683 1267.805 15:30:25
5.072 162.195 823.902 15:30:26
5.064 249.976 1668.780 15:30:27
5.064 175.195 830.244 15:30:28
5.068 245.585 1146.829 15:30:29
5.076 161.390 817.561 15:30:30
5.072 162.195 822.439 15:30:32
5.056 320.463 1227.805 15:30:33
5.072 162.488 824.878 15:30:34
5.060 311.659 1884.390 15:30:35
5.068 219.488 1061.463 15:30:36
5.076 146.878 749.756 15:30:37
5.060 328.171 1653.659 15:30:38
5.064 243.976 1256.585 15:30:39
5.064 248.878 1224.390 15:30:40
5.076 188.976 825.366 15:30:41
5.076 148.683 757.561 15:30:42
5.076 162.293 783.902 15:30:43
5.076 158.976 748.780 15:30:44
5.064 249.073 1271.707 15:30:45
5.072 162.293 894.146 15:30:46
5.068 224.976 1348.293 15:30:47
5.068 219.683 1114.146 15:30:48
5.072 153.390 777.073 15:30:49
5.064 208.390 1055.610 15:30:50
5.072 161.390 820.976 15:30:51
5.072 161.390 819.024 15:30:52
5.072 282.976 880.976 15:30:53
5.064 161.488 823.902 15:30:54
5.068 149.195 1034.146 15:30:55
5.072 163.293 825.366 15:30:56
5.068 250.268 1344.878 15:30:57
5.072 162.878 1267.805 15:30:58
5.072 161.585 820.000 15:30:59
5.072 234.976 873.659 15:31:00
5.072 161.585 1020.488 15:31:01
5.076 161.976 826.341 15:31:02
5.068 231.268 1166.829 15:31:03
5.068 246.878 1241.951 15:31:04
5.076 153.195 773.659 15:31:05
5.052 322.976 1652.195 15:31:06
5.068 281.366 1275.610 15:31:07
5.072 147.488 745.854 15:31:08
5.064 167.683 820.000 15:31:09
5.068 201.488 1070.244 15:31:10
5.068 213.683 966.341 15:31:11
5.076 163.390 835.122 15:31:12
5.072 148.293 836.585 15:31:13
5.056 332.659 1667.317 15:31:14
5.068 156.293 935.122 15:31:15
5.076 159.878 827.317 15:31:16
5.052 246.366 1291.707 15:31:17
5.072 262.463 1098.049 15:31:18
5.072 259.366 1537.561 15:31:19
5.068 178.390 913.659 15:31:20
5.060 400.561 1299.512 15:31:21
5.060 211.585 1036.585 15:31:22
5.056 327.366 2051.707 15:31:23
5.072 162.683 823.902 15:31:24
5.076 150.683 831.220 15:31:25
5.068 256.171 1098.049 15:31:26
5.076 156.293 791.220 15:31:27
5.064 263.073 1208.293 15:31:28
5.056 248.780 1539.512 15:31:29
5.072 152.390 836.098 15:31:30
5.060 261.585 1344.878 15:31:31
5.072 154.780 758.537 15:31:32
5.072 163.293 872.683 15:31:33
5.064 282.976 1731.220 15:31:34
5.072 225.488 1038.049 15:31:35
5.064 274.463 1568.293 15:31:36
5.068 216.268 1005.366 15:31:37
5.060 244.683 1236.585 15:31:38
5.068 233.976 1035.122 15:31:39
5.072 185.293 1490.732 15:31:40
5.052 483.244 2437.073 15:31:41
5.072 162.390 823.415 15:31:42
5.064 220.878 1118.049 15:31:43
5.056 324.659 1306.829 15:31:44
5.076 149.878 752.683 15:31:45
5.064 202.976 974.146 15:31:46
5.068 184.073 1352.195 15:31:47
5.076 148.293 1186.829 15:31:48
5.072 162.683 820.976 15:31:49
5.076 147.390 748.780 15:31:50
5.056 355.366 1719.024 15:31:51
5.076 152.293 777.073 15:31:52
5.072 192.171 1359.512 15:31:53
5.060 305.780 1399.512 15:31:54
5.076 152.488 805.854 15:31:55
5.064 246.585 1221.951 15:31:56
5.072 420.268 1255.610 15:31:57
5.076 152.976 776.098 15:31:58
5.068 253.171 1061.951 15:31:59
5.076 147.976 768.780 15:32:00
5.056 397.463 1688.780 15:32:01
5.064 162.585 820.976 15:32:02
5.068 235.780 1120.488 15:32:03
5.056 327.366 1648.780 15:32:04
5.072 148.780 758.537 15:32:05
5.064 245.683 2039.024 15:32:06
5.076 162.585 824.878 15:32:07
5.064 282.976 1377.073 15:32:08
5.056 357.366 1813.659 15:32:09
5.076 147.683 749.756 15:32:10
5.068 162.878 825.366 15:32:11
5.068 160.293 821.463 15:32:12
5.072 160.293 816.585 15:32:13
5.076 153.390 780.000 15:32:14
5.076 163.878 828.780 15:32:15
5.076 160.878 815.122 15:32:16
5.072 162.073 1263.415 15:32:17
5.068 268.268 1168.293 15:32:18
5.072 184.976 820.000 15:32:19
5.072 162.390 829.756 15:32:20
5.072 253.366 866.341 15:32:21
5.064 250.488 1269.756 15:32:22
5.064 230.976 976.098 15:32:23
5.068 227.390 1128.293 15:32:24
5.076 149.195 754.634 15:32:25
5.064 295.878 1492.195 15:32:27
5.068 165.585 840.000 15:32:28
5.072 151.683 767.317 15:32:29
5.068 251.976 1152.683 15:32:30
5.052 396.463 2116.585 15:32:31
5.064 272.780 1082.927 15:32:32
5.072 151.293 768.293 15:32:33
5.076 174.195 823.902 15:32:34
5.072 163.195 826.341 15:32:35
5.068 215.268 1060.488 15:32:36
5.068 156.878 827.317 15:32:37
5.072 153.488 778.537 15:32:38
5.060 242.171 956.098 15:32:39
5.064 258.585 1269.756 15:32:40
5.072 187.293 1032.683 15:32:41
5.076 162.390 823.902 15:32:42
5.068 251.683 1269.756 15:32:43
5.072 207.488 990.244 15:32:44
5.064 325.561 1649.756 15:32:45
5.072 164.488 754.634 15:32:46
5.060 248.488 831.220 15:32:47
5.052 281.683 1564.878 15:32:48
5.068 235.366 1575.122 15:32:49
5.072 290.463 824.878 15:32:50
5.072 152.488 779.024 15:32:51
5.064 257.976 1270.732 15:32:52
5.064 271.366 1367.317 15:32:53
5.076 149.488 754.634 15:32:54
5.064 304.561 1647.805 15:32:55
5.068 203.683 1279.512 15:32:56
5.076 148.488 1090.732 15:32:57
5.072 162.390 823.415 15:32:58
5.068 162.976 825.366 15:32:59
5.068 261.780 1736.585 15:33:00
5.056 291.878 1388.293 15:33:01
5.072 165.073 754.634 15:33:02
5.072 209.171 992.683 15:33:03
5.068 216.171 1103.902 15:33:04
5.056 329.780 1692.683 15:33:05
5.064 243.366 1239.512 15:33:06
5.076 161.780 768.780 15:33:07
5.064 220.976 1090.732 15:33:08
5.076 153.488 831.220 15:33:09
5.068 242.488 1294.146 15:33:10
5.068 199.171 1556.098 15:33:11
5.076 148.195 820.976 15:33:12
5.064 156.073 1338.049 15:33:13
5.072 153.390 778.537 15:33:14
5.056 394.171 1634.634 15:33:15
5.060 281.366 1198.049 15:33:16
5.072 236.878 773.659 15:33:17
5.068 261.171 1460.000 15:33:18
5.068 162.976 825.366 15:33:19
5.076 161.488 827.317 15:33:20
5.072 162.488 824.878 15:33:21
5.072 226.488 1147.805 15:33:22
5.052 334.463 1648.780 15:33:23
5.072 150.098 763.415 15:33:24
5.068 281.268 827.805 15:33:25
5.068 250.780 1269.268 15:33:26
5.076 148.098 1242.927 15:33:27
5.068 207.683 990.244 15:33:28
5.064 272.878 1238.049 15:33:29
5.072 162.195 817.561 15:33:30
5.072 249.780 929.268 15:33:31
5.072 162.585 959.024 15:33:32
5.064 249.878 1274.634 15:33:33
5.060 278.683 980.000 15:33:34
5.076 173.293 1040.488 15:33:35
5.076 181.976 822.439 15:33:36
5.064 244.585 1244.390 15:33:37
5.064 250.171 1251.707 15:33:38
5.076 162.976 824.878 15:33:39
5.076 162.683 1210.732 15:33:40
5.068 213.268 928.780 15:33:41
5.076 278.366 1383.415 15:33:42
5.072 162.585 902.439 15:33:43
5.072 162.293 824.878 15:33:44
5.072 245.683 1265.854 15:33:45
5.048 331.463 1690.244 15:33:46
5.064 296.463 1508.293 15:33:47
5.068 242.171 1249.268 15:33:48
5.068 149.780 1013.659 15:33:49
5.072 160.683 811.220 15:33:50
5.060 255.585 1400.488 15:33:51
5.068 246.488 2238.049 15:33:52
5.076 152.780 768.293 15:33:53
5.068 372.463 1806.341 15:33:54
5.072 165.293 837.561 15:33:55
5.076 162.293 820.000 15:33:56
5.068 157.390 1035.122 15:33:57
5.068 222.878 1332.195 15:33:58
5.060 321.268 1517.561 15:33:59
5.076 149.098 848.780 15:34:00
5.072 153.488 900.000 15:34:01
5.072 245.585 1121.463 15:34:02
5.072 220.268 773.659 15:34:03
5.068 207.268 1282.927 15:34:04
5.068 214.683 1086.829 15:34:05
5.076 263.366 956.098 15:34:06
5.076 153.585 1235.610 15:34:07
5.068 252.780 1270.732 15:34:08
5.064 270.171 1288.293 15:34:09
5.072 211.780 787.805 15:34:10
5.068 192.488 954.146 15:34:11
5.072 208.073 827.317 15:34:12
5.064 242.073 1231.707 15:34:13
5.076 149.585 757.561 15:34:14
5.068 248.976 1225.366 15:34:15
5.068 243.366 1239.024 15:34:16
5.072 184.171 1240.488 15:34:17
5.068 210.878 964.878 15:34:18
5.076 207.585 758.537 15:34:19
5.072 162.390 815.122 15:34:21
5.076 326.463 1229.268 15:34:22
5.076 214.390 920.000 15:34:23
5.068 192.780 1632.195 15:34:24
5.076 152.780 775.122 15:34:25
5.056 331.171 1664.878 15:34:26
5.068 245.878 1895.610 15:34:27
5.068 180.976 977.561 15:34:28
5.064 250.488 1265.366 15:34:29
5.072 148.976 759.512 15:34:30
5.072 161.195 816.585 15:34:31
5.056 307.561 1259.512 15:34:32
5.076 161.683 1313.171 15:34:33
5.064 239.585 954.146 15:34:34
5.076 167.683 750.244 15:34:35
5.064 247.976 1295.610 15:34:36
5.052 277.976 1418.537 15:34:37
5.072 161.976 1303.415 15:34:38
5.076 150.976 766.341 15:34:39
5.076 155.488 1020.000 15:34:40
5.068 152.488 774.634 15:34:41
5.048 466.463 2091.707 15:34:42
5.068 248.878 1260.976 15:34:43
5.056 273.976 1416.098 15:34:44
5.068 162.780 1088.780 15:34:45
5.072 162.073 820.976 15:34:46
5.056 340.659 1722.927 15:34:47
5.068 275.366 1420.000 15:34:48
5.076 162.195 819.024 15:34:49
5.076 162.585 823.902 15:34:50
5.064 242.073 1338.049 15:34:51
5.072 312.073 1721.463 15:34:52
5.072 162.293 991.220 15:34:53
5.072 161.073 820.976 15:34:54
5.064 323.780 1449.756 15:34:55
5.076 162.488 826.341 15:34:56
5.072 162.195 823.902 15:34:57
5.072 210.683 824.878 15:34:58
5.076 162.195 825.366 15:34:59
5.056 336.659 1695.122 15:35:00
5.072 307.268 1002.439 15:35:01
5.068 188.293 996.585 15:35:02
5.068 246.073 1247.805 15:35:03
5.068 244.171 1249.268 15:35:04
5.056 212.268 995.122 15:35:05
5.060 350.463 1240.488 15:35:06
5.064 244.268 1633.659 15:35:07
5.072 241.683 825.366 15:35:08
5.072 160.878 816.098 15:35:09
5.064 267.976 1438.537 15:35:10
5.068 153.195 920.488 15:35:11
5.072 219.171 1025.366 15:35:12
5.064 227.268 1093.171 15:35:13
5.072 161.488 938.537 15:35:14
5.060 295.976 1806.341 15:35:15
5.072 161.195 823.902 15:35:16
5.072 151.195 769.756 15:35:17
5.060 307.268 1224.390 15:35:18
5.076 162.488 823.902 15:35:19
5.064 302.073 1881.951 15:35:20
5.068 281.976 991.707 15:35:21
5.072 161.073 816.585 15:35:22
5.072 162.780 824.878 15:35:23
5.076 162.780 820.976 15:35:24
5.068 253.171 1260.976 15:35:25
5.068 243.268 1244.390 15:35:26
5.072 253.073 1307.317 15:35:27
5.072 162.585 826.341 15:35:28
5.072 162.390 1182.927 15:35:29
5.072 186.390 973.659 15:35:30
5.068 360.366 1251.707 15:35:31
5.068 247.585 1230.732 15:35:32
5.072 223.073 1086.829 15:35:33
5.072 166.073 844.878 15:35:34
5.072 160.780 816.585 15:35:35
5.072 160.683 812.195 15:35:36
5.068 242.268 1247.805 15:35:37
5.068 208.073 1063.902 15:35:38
5.072 172.073 827.805 15:35:39
5.072 162.878 818.537 15:35:40
5.068 191.171 1120.488 15:35:41
5.072 162.683 1392.195 15:35:42
5.076 161.488 816.585 15:35:43
5.068 357.756 1780.000 15:35:44
5.064 276.073 1292.195 15:35:45
5.048 249.976 1300.976 15:35:46
5.064 325.366 1448.780 15:35:47
5.056 291.878 1246.829 15:35:48
5.072 190.488 1451.220 15:35:49
5.064 248.488 1349.756 15:35:50
5.072 174.488 942.439 15:35:51
5.072 162.293 823.902 15:35:52
5.040 380.463 1660.000 15:35:53
5.072 218.390 1033.171 15:35:54
5.064 200.585 789.756 15:35:55
5.072 162.073 825.366 15:35:56
5.048 425.463 2062.927 15:35:57
5.068 243.878 1265.366 15:35:58
5.076 147.098 746.341 15:35:59
5.072 214.390 804.878 15:36:00
5.068 163.390 824.878 15:36:01
5.056 243.073 1455.610 15:36:02
5.060 233.073 1145.366 15:36:03
5.072 167.195 754.634 15:36:04
5.064 268.171 1439.512 15:36:05
5.068 163.976 832.195 15:36:07
5.068 170.293 1145.366 15:36:08
5.060 215.683 950.244 15:36:09
5.072 162.683 817.561 15:36:10
5.076 154.488 783.415 15:36:11
5.040 269.976 1393.171 15:36:12
5.072 152.293 776.098 15:36:13
5.064 242.585 1231.707 15:36:14
5.076 162.878 1259.024 15:36:15
5.060 250.171 1245.854 15:36:16
5.052 359.659 1639.024 15:36:17
5.072 149.390 750.244 15:36:18
5.072 160.780 877.561 15:36:19
5.072 162.390 822.439 15:36:20
5.072 163.293 828.780 15:36:21
5.060 344.756 1678.537 15:36:22
5.076 147.488 745.854 15:36:23
5.072 162.293 822.439 15:36:24
5.072 161.488 823.902 15:36:25
5.064 246.780 1258.049 15:36:26
5.068 212.976 1423.415 15:36:27
5.076 150.780 763.902 15:36:28
5.076 152.780 795.122 15:36:29
5.072 148.293 752.195 15:36:30
5.072 151.390 768.780 15:36:31
5.072 160.390 805.854 15:36:32
5.072 160.390 813.659 15:36:33
5.068 164.073 797.561 15:36:34
5.072 148.195 760.000 15:36:35
5.072 161.683 823.415 15:36:36
5.068 295.878 1263.415 15:36:37
5.068 249.780 1230.244 15:36:38
5.076 148.976 1061.463 15:36:39
5.076 161.683 820.976 15:36:40
5.068 251.683 1234.146 15:36:41
5.076 159.976 812.683 15:36:42
5.064 250.878 1242.927 15:36:43
5.072 148.878 752.195 15:36:44
5.072 147.585 745.854 15:36:45
5.072 159.780 811.220 15:36:46
5.072 160.073 811.220 15:36:47
5.072 166.683 808.780 15:36:48
5.072 210.171 1048.780 15:36:49
5.076 146.293 743.415 15:36:50
5.072 151.098 767.317 15:36:51
5.072 161.683 1464.878 15:36:52
5.064 242.878 1230.732 15:36:53
5.072 147.195 1011.220 15:36:54
5.072 159.976 811.220 15:36:55
5.072 164.683 836.098 15:36:56
5.072 213.171 1074.146 15:36:57
5.072 147.878 750.244 15:36:58
5.072 146.195 743.902 15:36:59
5.072 190.585 1265.366 15:37:00
5.072 160.073 812.195 15:37:01
5.076 160.293 816.585 15:37:02
5.064 242.585 1230.732 15:37:03
5.072 155.976 997.561 15:37:04
5.076 174.488 817.561 15:37:05
5.072 159.073 820.000 15:37:06
5.072 161.585 819.024 15:37:07
5.076 161.585 893.659 15:37:08
5.072 177.683 1037.561 15:37:09
5.072 147.878 749.756 15:37:10
5.076 146.683 743.902 15:37:11
5.076 161.390 815.122 15:37:12
5.068 236.171 981.463 15:37:13
5.076 146.878 742.439 15:37:14
5.072 147.976 751.220 15:37:15
5.076 145.780 736.098 15:37:16
5.076 160.488 809.756 15:37:17
5.076 160.195 811.220 15:37:18
