5.060 334.585 1693.171 17:06:29
5.076 160.390 813.902 17:06:30
5.076 147.598 748.537 17:06:31
5.064 312.085 1579.268 17:06:32
5.068 152.390 1093.659 17:06:33
5.072 179.695 1398.537 17:06:34
5.072 149.500 1118.537 17:06:35
5.076 147.000 744.390 17:06:36
5.072 214.793 827.561 17:06:37
5.072 189.793 923.171 17:06:38
5.072 183.488 815.610 17:06:39
5.072 220.988 1096.829 17:06:41
5.076 147.000 745.610 17:06:42
5.068 226.195 1198.780 17:06:43
5.072 160.695 774.878 17:06:44
5.052 379.183 1868.537 17:06:45
5.064 207.293 769.268 17:06:46
5.064 244.585 1245.122 17:06:47
5.076 148.890 1049.024 17:06:48
5.072 152.793 992.683 17:06:49
5.068 166.195 843.659 17:06:50
5.072 156.293 881.951 17:06:51
5.064 212.598 968.293 17:06:52
5.068 146.890 883.171 17:06:53
5.076 161.195 820.732 17:06:54
5.056 305.585 1120.976 17:06:55
5.072 152.293 1075.854 17:06:56
5.068 259.988 1256.829 17:06:57
5.072 149.000 772.439 17:06:58
5.076 149.293 756.829 17:06:59
5.064 246.195 1239.512 17:07:00
5.064 256.988 1396.585 17:07:01
5.052 399.598 2017.317 17:07:02
5.068 160.390 771.707 17:07:03
5.060 333.293 1403.902 17:07:04
5.072 240.695 824.390 17:07:05
5.072 161.890 826.341 17:07:06
5.052 468.561 2097.073 17:07:07
5.076 169.780 756.098 17:07:08
5.068 249.976 1548.780 17:07:09
5.072 153.390 777.073 17:07:10
5.060 237.683 959.024 17:07:11
5.072 156.195 787.317 17:07:12
5.076 161.195 816.585 17:07:13
5.064 217.780 1552.683 17:07:14
5.064 266.268 1357.073 17:07:15
5.068 338.561 1512.195 17:07:16
5.072 148.780 751.220 17:07:17
5.072 157.195 819.024 17:07:18
5.072 263.878 826.341 17:07:19
5.060 270.366 1121.951 17:07:20
5.064 323.268 1466.829 17:07:21
5.076 148.683 754.634 17:07:22
5.076 152.976 776.098 17:07:23
5.072 162.390 915.122 17:07:24
5.076 255.585 823.415 17:07:25
5.048 465.756 2372.195 17:07:26
5.060 317.171 1707.805 17:07:27
5.060 302.683 1292.195 17:07:28
5.072 148.878 756.098 17:07:29
5.072 160.683 815.122 17:07:30
5.072 177.073 824.878 17:07:31
5.064 285.878 1729.756 17:07:32
5.072 210.976 974.146 17:07:33
5.064 200.683 1161.463 17:07:34
5.072 149.195 755.122 17:07:35
5.072 162.585 823.415 17:07:36
5.068 249.073 834.634 17:07:37
5.044 465.756 2045.366 17:07:38
5.052 351.561 1752.683 17:07:39
5.064 251.683 1281.951 17:07:40
5.068 200.488 1022.439 17:07:41
5.076 213.683 832.195 17:07:42
5.072 244.073 826.341 17:07:43
5.076 161.585 823.415 17:07:44
5.072 170.585 1112.683 17:07:45
5.072 162.878 826.341 17:07:46
5.072 160.780 1345.854 17:07:47
5.072 161.976 820.000 17:07:48
5.056 356.463 2009.268 17:07:49
5.068 209.488 1029.268 17:07:50
5.076 147.683 745.854 17:07:51
5.076 148.976 755.122 17:07:52
5.056 421.561 2189.268 17:07:53
5.068 253.268 1406.829 17:07:54
5.072 147.683 760.000 17:07:55
5.072 162.585 819.024 17:07:56
5.072 175.780 820.976 17:07:57
5.052 441.659 2270.732 17:07:58
5.068 148.976 754.634 17:07:59
5.072 148.878 757.561 17:08:00
5.068 200.171 1000.000 17:08:01
5.072 149.683 1101.951 17:08:02
5.068 209.390 823.902 17:08:03
5.060 246.366 1034.146 17:08:04
5.064 245.073 1603.902 17:08:05
5.068 215.073 1081.951 17:08:06
5.064 219.073 820.976 17:08:07
5.072 210.390 1066.829 17:08:08
5.060 236.268 1244.390 17:08:09
5.072 269.268 1527.317 17:08:10
5.068 148.780 759.512 17:08:11
5.068 249.683 1306.829 17:08:12
5.072 162.073 812.683 17:08:13
5.056 290.561 1453.171 17:08:14
5.064 401.073 1946.829 17:08:15
5.072 206.488 1042.439 17:08:16
5.072 162.585 820.000 17:08:17
5.064 162.293 1343.415 17:08:18
5.064 263.878 1369.756 17:08:19
5.064 332.171 1898.049 17:08:20
5.072 148.976 758.537 17:08:21
5.076 162.488 823.902 17:08:22
5.068 204.683 1076.585 17:08:23
5.068 258.171 1266.829 17:08:24
5.056 447.561 1794.146 17:08:25
5.072 260.366 1017.561 17:08:26
5.072 170.780 755.122 17:08:27
5.064 252.366 823.415 17:08:28
5.072 161.390 1285.854 17:08:29
5.068 333.366 1429.268 17:08:30
5.056 332.073 1672.195 17:08:31
5.060 229.073 1441.951 17:08:32
5.076 225.073 769.756 17:08:33
5.072 162.585 916.098 17:08:35
5.068 204.488 1055.122 17:08:36
5.064 220.683 1015.122 17:08:37
5.064 258.585 1166.829 17:08:38
5.076 216.878 1075.610 17:08:39
5.068 201.976 1024.390 17:08:40
5.068 204.780 1161.951 17:08:41
5.072 162.488 1064.390 17:08:42
5.068 354.171 1442.439 17:08:43
5.060 288.366 1349.268 17:08:44
5.068 191.293 911.707 17:08:45
5.068 198.390 967.805 17:08:46
5.060 329.878 1622.439 17:08:47
5.072 226.585 1234.146 17:08:48
5.072 193.488 752.683 17:08:49
5.064 149.585 754.634 17:08:50
5.064 267.878 1257.073 17:08:51
5.056 321.366 1631.220 17:08:52
5.068 190.073 913.659 17:08:53
5.068 227.585 1095.122 17:08:54
5.068 267.073 1240.488 17:08:55
5.064 272.878 1355.610 17:08:56
5.048 396.073 1972.683 17:08:57
5.076 148.488 756.098 17:08:58
5.076 160.780 813.659 17:08:59
5.072 173.878 816.098 17:09:00
5.052 472.854 2352.195 17:09:01
5.068 253.878 1301.951 17:09:02
5.076 149.390 788.780 17:09:03
5.072 161.683 881.463 17:09:04
5.072 153.293 831.220 17:09:05
5.068 299.268 1514.634 17:09:06
5.064 289.976 1475.610 17:09:07
5.068 245.488 1244.390 17:09:08
5.060 212.073 1075.122 17:09:09
5.076 153.293 772.195 17:09:10
5.072 162.293 981.463 17:09:11
5.068 195.171 1384.390 17:09:12
5.064 254.585 1603.415 17:09:13
5.064 344.171 1835.610 17:09:14
5.076 153.878 782.439 17:09:15
5.072 162.488 823.415 17:09:16
5.072 287.463 1080.488 17:09:17
5.068 255.366 822.439 17:09:18
5.068 162.488 1315.610 17:09:19
5.064 249.488 1271.707 17:09:20
5.072 285.073 887.805 17:09:21
5.064 307.171 1510.732 17:09:22
5.068 278.683 1086.341 17:09:23
5.076 166.390 744.878 17:09:24
5.064 161.488 822.439 17:09:25
5.072 162.683 823.902 17:09:26
5.072 162.976 823.415 17:09:27
5.072 200.488 940.488 17:09:28
5.068 240.976 1299.512 17:09:29
5.052 358.659 1838.049 17:09:30
5.076 198.390 910.244 17:09:31
5.080 219.390 773.659 17:09:32
5.076 162.073 823.902 17:09:33
5.072 160.976 877.561 17:09:34
5.044 474.146 2557.561 17:09:35
5.072 179.585 1202.927 17:09:36
5.068 214.683 1063.902 17:09:37
5.076 149.195 758.537 17:09:38
5.072 162.878 822.439 17:09:39
5.072 160.878 818.537 17:09:40
5.068 195.488 894.146 17:09:41
5.076 151.683 767.317 17:09:42
5.072 151.098 806.341 17:09:43
5.072 301.976 1501.951 17:09:44
5.072 179.878 873.659 17:09:45
5.056 408.171 1790.244 17:09:46
5.072 148.683 757.561 17:09:47
5.072 262.780 811.220 17:09:48
5.064 294.878 1664.878 17:09:49
5.064 236.878 846.341 17:09:50
5.064 156.878 753.659 17:09:51
5.072 305.976 1158.049 17:09:52
5.072 162.488 823.902 17:09:53
5.072 182.976 940.000 17:09:54
5.072 206.390 1309.756 17:09:55
5.076 160.585 810.244 17:09:56
5.072 160.293 814.634 17:09:57
5.072 155.585 790.244 17:09:58
5.072 161.683 825.366 17:09:59
5.072 162.780 824.878 17:10:00
5.072 162.585 823.415 17:10:01
5.076 164.976 1254.146 17:10:02
5.068 259.780 1513.659 17:10:03
5.068 162.390 823.902 17:10:04
5.064 323.268 1274.146 17:10:05
5.072 246.171 1410.732 17:10:06
5.072 196.780 924.878 17:10:07
5.068 211.268 1372.195 17:10:08
5.072 284.073 1476.098 17:10:09
5.064 247.171 1318.049 17:10:10
5.068 246.878 961.463 17:10:11
5.076 152.976 799.024 17:10:12
5.056 328.171 1649.756 17:10:13
5.056 357.878 1643.415 17:10:14
5.072 151.585 762.439 17:10:15
5.064 247.878 816.585 17:10:16
5.072 281.780 1141.951 17:10:17
5.072 203.073 1001.463 17:10:18
5.072 160.585 814.634 17:10:19
5.068 192.073 971.707 17:10:20
5.072 162.293 824.878 17:10:21
5.056 322.366 2130.732 17:10:22
5.072 162.195 1242.927 17:10:23
5.072 152.098 772.195 17:10:24
5.068 244.268 1290.732 17:10:25
5.076 162.488 823.902 17:10:26
5.072 162.488 824.878 17:10:27
5.068 243.878 1264.390 17:10:28
5.064 262.780 1274.146 17:10:29
5.076 148.780 761.463 17:10:30
5.072 153.098 777.073 17:10:31
5.068 258.463 2380.976 17:10:33
5.068 281.366 826.341 17:10:34
5.052 352.878 1692.683 17:10:35
5.064 210.976 1237.073 17:10:36
5.076 149.293 758.537 17:10:37
5.072 162.293 820.976 17:10:38
5.076 161.976 823.902 17:10:39
5.044 433.366 2428.293 17:10:40
5.060 323.366 2069.268 17:10:41
5.072 183.293 904.878 17:10:42
5.056 246.878 1252.195 17:10:43
5.076 163.488 827.805 17:10:44
5.072 162.585 824.878 17:10:45
5.072 162.585 823.902 17:10:46
5.072 155.683 787.317 17:10:47
5.076 163.073 826.341 17:10:48
5.076 218.976 1102.927 17:10:49
5.056 389.171 1627.317 17:10:50
5.068 198.390 988.780 17:10:51
5.072 260.073 818.537 17:10:52
5.072 148.098 748.780 17:10:53
5.072 161.390 822.439 17:10:54
5.072 162.073 823.415 17:10:55
5.064 264.268 1360.488 17:10:56
5.072 155.780 774.634 17:10:57
5.072 162.293 823.902 17:10:58
5.064 258.463 1240.976 17:10:59
5.068 220.878 1205.366 17:11:00
5.072 162.488 823.902 17:11:01
5.076 148.976 755.122 17:11:02
5.064 243.366 1455.610 17:11:03
5.076 162.390 822.439 17:11:04
5.072 160.195 817.561 17:11:05
5.068 271.463 1071.707 17:11:06
5.072 190.976 1080.488 17:11:07
5.068 289.683 1400.488 17:11:08
5.064 148.976 1001.463 17:11:09
5.064 246.366 1239.024 17:11:10
5.064 248.268 816.098 17:11:11
5.068 330.659 2300.000 17:11:12
5.076 153.585 772.683 17:11:13
5.072 163.488 822.439 17:11:14
5.072 162.488 824.878 17:11:15
5.064 203.683 1036.585 17:11:16
5.060 224.171 1095.122 17:11:17
5.072 149.293 760.000 17:11:18
5.076 162.195 822.439 17:11:19
5.076 257.463 824.878 17:11:20
5.064 272.366 1358.537 17:11:21
5.068 186.171 960.000 17:11:22
5.076 161.390 778.537 17:11:23
5.072 160.488 813.659 17:11:24
5.072 169.878 872.195 17:11:25
5.076 148.585 752.683 17:11:26
5.072 152.390 775.122 17:11:27
5.072 163.488 829.756 17:11:28
5.064 323.073 1537.561 17:11:29
5.072 193.683 1210.732 17:11:30
5.072 153.683 891.220 17:11:31
5.076 153.098 775.122 17:11:32
5.064 250.268 1267.805 17:11:33
5.072 171.780 823.902 17:11:34
5.064 302.171 1500.000 17:11:35
5.068 221.976 1387.317 17:11:36
5.076 192.390 752.195 17:11:37
5.068 243.268 1312.195 17:11:38
5.076 163.195 822.439 17:11:39
5.052 414.366 2491.220 17:11:40
5.068 225.683 777.561 17:11:41
5.072 149.098 754.634 17:11:42
5.072 331.463 1082.927 17:11:43
5.076 149.780 785.854 17:11:44
5.044 517.146 2363.415 17:11:45
5.068 289.268 989.268 17:11:46
5.076 146.683 747.317 17:11:47
5.072 228.488 789.756 17:11:48
5.072 146.780 748.780 17:11:49
5.060 270.366 1373.659 17:11:50
5.072 161.585 823.902 17:11:51
5.072 163.073 773.659 17:11:52
5.068 211.073 1550.732 17:11:53
5.068 197.293 1051.707 17:11:54
5.068 213.268 1080.488 17:11:55
5.076 149.585 754.634 17:11:56
5.072 160.390 814.634 17:11:57
5.064 312.659 833.659 17:11:58
5.072 149.390 752.683 17:11:59
5.068 190.171 1001.463 17:12:00
5.072 162.780 828.780 17:12:01
5.072 162.780 1266.829 17:12:02
5.068 197.390 1363.415 17:12:03
5.072 153.098 777.073 17:12:04
5.068 210.976 1098.049 17:12:05
5.068 247.073 1305.366 17:12:06
5.056 208.878 979.024 17:12:07
5.064 286.171 1408.293 17:12:08
5.068 153.293 774.634 17:12:09
5.076 153.780 772.195 17:12:10
5.072 162.293 1225.854 17:12:11
5.068 217.585 1075.122 17:12:12
5.056 363.756 1355.610 17:12:13
5.072 148.780 758.537 17:12:14
5.072 162.073 823.902 17:12:15
5.072 163.073 823.415 17:12:16
5.060 286.073 1453.659 17:12:17
5.060 326.976 1652.683 17:12:18
5.068 153.780 780.000 17:12:19
5.068 240.585 1412.195 17:12:20
5.072 161.683 823.902 17:12:21
5.072 162.390 823.902 17:12:22
5.072 368.976 2055.610 17:12:23
5.072 192.780 826.341 17:12:24
5.076 161.073 887.317 17:12:25
5.068 160.488 815.122 17:12:26
5.072 250.171 822.439 17:12:27
5.072 162.585 824.878 17:12:29
5.072 183.390 927.805 17:12:30
5.060 300.561 1299.512 17:12:31
5.068 152.488 772.683 17:12:32
5.060 291.683 995.610 17:12:33
5.072 161.780 821.463 17:12:34
5.060 233.585 1917.561 17:12:35
5.068 240.780 1123.902 17:12:36
5.068 151.878 770.244 17:12:37
5.060 409.756 1653.659 17:12:38
5.068 162.195 1300.488 17:12:39
5.076 184.878 815.122 17:12:40
5.048 245.585 1269.268 17:12:41
5.072 148.683 765.854 17:12:42
5.072 162.390 823.902 17:12:43
5.072 162.073 822.439 17:12:44
5.072 205.268 1401.951 17:12:45
5.068 162.293 824.878 17:12:46
5.068 245.268 1533.171 17:12:47
5.064 199.683 1048.780 17:12:48
5.072 166.683 755.122 17:12:49
5.064 257.683 1495.122 17:12:50
5.068 221.878 1022.927 17:12:51
5.064 239.780 1274.634 17:12:52
5.068 214.171 1158.049 17:12:53
5.072 148.488 754.634 17:12:54
5.072 187.683 900.000 17:12:55
5.072 162.293 822.439 17:12:56
5.072 180.878 911.707 17:12:57
5.072 162.488 1020.000 17:12:58
5.072 163.585 824.878 17:12:59
5.064 312.268 1294.146 17:13:00
5.072 188.878 940.000 17:13:01
5.072 147.293 743.902 17:13:02
5.072 162.585 822.439 17:13:03
5.072 161.976 823.902 17:13:04
5.056 437.756 1841.463 17:13:05
5.060 268.683 1331.707 17:13:06
5.068 261.463 975.122 17:13:07
5.072 161.780 823.902 17:13:08
5.072 162.488 866.341 17:13:09
5.056 366.561 1766.341 17:13:10
5.064 162.780 1250.732 17:13:11
5.068 166.293 754.634 17:13:12
5.064 163.488 829.756 17:13:13
5.068 295.366 873.659 17:13:14
5.056 256.878 1849.268 17:13:15
5.076 163.390 1248.293 17:13:16
5.076 153.098 1154.146 17:13:17
5.068 153.195 780.976 17:13:18
5.076 160.780 985.366 17:13:19
5.052 344.171 2214.634 17:13:20
5.068 205.780 1243.415 17:13:21
5.064 251.683 1259.512 17:13:22
5.072 249.683 1580.000 17:13:23
5.068 148.585 757.561 17:13:24
5.072 163.585 951.707 17:13:25
5.072 160.683 811.220 17:13:26
5.072 162.390 827.805 17:13:27
5.068 184.293 936.585 17:13:28
5.064 242.073 1258.049 17:13:29
5.068 270.073 1835.610 17:13:30
5.068 148.683 920.488 17:13:31
5.072 160.488 812.683 17:13:32
5.076 162.683 820.976 17:13:33
5.068 207.976 1035.610 17:13:34
5.048 417.561 1957.561 17:13:35
5.068 187.683 1448.293 17:13:36
5.072 205.780 758.537 17:13:37
5.068 150.585 771.220 17:13:38
5.072 162.780 824.878 17:13:39
5.060 276.268 1386.829 17:13:40
5.068 178.390 1278.049 17:13:41
5.072 183.488 954.146 17:13:42
5.064 242.268 1225.366 17:13:43
5.052 390.268 1434.634 17:13:44
5.068 241.171 1152.683 17:13:45
5.068 162.293 823.415 17:13:46
5.072 152.683 1003.902 17:13:47
5.056 343.366 1604.878 17:13:48
5.072 256.073 1276.585 17:13:49
5.072 193.976 836.585 17:13:50
5.072 185.878 934.146 17:13:51
5.072 146.293 747.317 17:13:52
5.064 246.366 1276.585 17:13:53
5.068 287.268 1240.976 17:13:54
5.064 203.976 1032.683 17:13:55
5.072 162.585 1248.293 17:13:56
5.060 248.171 1258.049 17:13:57
5.064 251.268 1322.927 17:13:58
5.044 384.463 1862.927 17:13:59
5.076 148.390 755.122 17:14:00
5.076 162.293 823.902 17:14:01
5.072 161.878 823.415 17:14:02
5.056 285.268 1475.610 17:14:03
5.064 279.463 1280.488 17:14:04
5.072 149.195 752.683 17:14:05
5.072 162.195 821.463 17:14:06
5.076 152.780 775.122 17:14:07
5.060 279.463 1418.049 17:14:08
5.064 276.171 1042.927 17:14:09
5.060 250.780 1257.073 17:14:10
5.068 221.878 1117.561 17:14:11
5.068 201.390 1303.415 17:14:12
5.068 248.878 1268.293 17:14:13
5.072 274.463 1155.122 17:14:14
5.072 150.293 754.634 17:14:15
5.072 168.780 823.902 17:14:16
5.064 214.585 993.659 17:14:17
5.068 221.268 1146.341 17:14:18
5.076 152.683 774.634 17:14:19
5.072 163.073 810.244 17:14:20
5.072 162.683 822.439 17:14:21
5.072 153.098 777.561 17:14:22
5.064 279.073 1348.293 17:14:23
5.056 243.976 1465.854 17:14:24
5.076 152.293 777.073 17:14:26
5.064 274.878 1326.829 17:14:27
5.068 170.195 861.463 17:14:28
5.052 473.561 2317.561 17:14:29
5.072 218.268 1049.268 17:14:30
5.044 410.951 1330.732 17:14:31
5.064 251.488 1035.610 17:14:32
5.076 146.683 745.854 17:14:33
5.044 425.951 2378.537 17:14:34
5.076 155.195 765.854 17:14:35
5.068 214.780 1084.390 17:14:36
5.068 162.488 823.902 17:14:37
5.072 148.488 755.122 17:14:38
5.068 247.878 1528.293 17:14:39
5.064 184.585 1166.829 17:14:40
5.068 250.268 1684.878 17:14:41
5.068 272.463 1283.415 17:14:42
5.060 286.073 1458.537 17:14:43
5.068 179.683 1281.951 17:14:44
5.072 162.878 889.756 17:14:45
5.068 479.561 2200.976 17:14:46
5.068 221.780 1127.805 17:14:47
5.064 268.073 1150.732 17:14:48
5.076 148.878 755.122 17:14:49
5.072 258.171 821.463 17:14:50
5.072 161.585 820.000 17:14:51
5.068 161.976 875.122 17:14:52
5.072 148.390 757.073 17:14:53
5.068 264.366 1020.488 17:14:54
5.072 203.073 1225.366 17:14:55
5.048 376.854 1749.756 17:14:56
5.072 156.073 787.805 17:14:57
5.072 146.780 745.854 17:14:58
5.072 176.073 1035.610 17:14:59
5.072 186.073 949.268 17:15:00
5.064 184.780 986.341 17:15:01
5.060 223.073 1457.073 17:15:02
5.072 148.585 757.073 17:15:03
5.072 162.585 823.902 17:15:04
5.076 161.878 820.976 17:15:05
5.052 299.366 1366.829 17:15:06
5.068 224.585 942.927 17:15:07
5.076 148.293 756.098 17:15:08
5.068 241.976 1644.878 17:15:09
5.072 253.366 1408.293 17:15:10
5.060 364.268 1527.317 17:15:11
5.068 203.390 820.000 17:15:12
5.072 166.780 1075.122 17:15:13
5.072 159.585 809.756 17:15:14
5.072 183.293 985.366 17:15:15
5.076 207.171 757.561 17:15:16
5.072 176.585 821.463 17:15:17
5.076 160.195 816.585 17:15:18
5.068 161.585 862.439 17:15:19
5.068 213.073 1120.488 17:15:20
5.076 146.878 746.341 17:15:21
5.068 160.585 812.683 17:15:22
5.072 161.976 891.220 17:15:23
5.072 281.366 1221.951 17:15:24
5.072 201.293 1074.146 17:15:25
5.072 212.488 1129.268 17:15:26
5.068 204.073 754.634 17:15:27
5.064 243.976 1324.390 17:15:28
5.072 149.780 759.512 17:15:29
5.056 250.073 1250.732 17:15:30
5.064 329.561 1703.902 17:15:31
5.072 184.780 1051.220 17:15:32
5.068 152.780 777.073 17:15:33
5.072 152.683 777.073 17:15:34
5.056 324.073 1246.829 17:15:35
5.060 297.878 1865.366 17:15:36
5.072 149.293 752.683 17:15:37
5.064 245.171 1240.976 17:15:38
5.076 151.488 765.854 17:15:39
5.072 193.878 838.537 17:15:40
5.068 219.073 1547.317 17:15:41
5.060 300.878 1592.195 17:15:42
5.072 208.976 1376.098 17:15:43
5.072 146.976 744.878 17:15:44
5.064 320.780 1370.732 17:15:45
5.072 152.976 783.902 17:15:46
5.048 392.268 2091.707 17:15:47
5.072 161.073 774.634 17:15:48
5.072 258.073 1150.244 17:15:49
5.064 214.585 1003.902 17:15:50
5.072 162.293 915.122 17:15:51
5.068 163.488 819.024 17:15:52
5.076 147.683 882.927 17:15:53
5.072 152.780 773.659 17:15:54
5.068 203.171 973.659 17:15:55
5.068 216.171 778.537 17:15:56
5.072 170.195 902.439 17:15:57
5.056 325.659 1640.000 17:15:58
5.068 148.195 756.098 17:15:59
5.072 195.780 1082.927 17:16:00
5.072 162.683 823.902 17:16:01
5.072 160.488 817.561 17:16:02
5.072 163.073 827.805 17:16:03
5.072 149.780 840.000 17:16:04
5.060 328.659 1652.683 17:16:05
5.072 252.366 822.439 17:16:06
5.072 162.293 823.902 17:16:07
5.072 161.488 817.561 17:16:08
5.064 228.976 1349.756 17:16:09
5.076 238.878 1085.366 17:16:10
5.072 217.780 773.659 17:16:11
5.048 455.463 1725.366 17:16:12
5.068 286.683 865.366 17:16:13
5.076 152.780 773.659 17:16:14
5.068 354.878 1455.610 17:16:15
5.072 194.780 1011.707 17:16:16
5.072 250.683 1115.122 17:16:17
5.076 162.488 823.902 17:16:18
5.068 206.683 947.317 17:16:19
5.064 365.976 1485.854 17:16:21
5.072 252.366 1126.829 17:16:22
5.072 237.780 960.488 17:16:23
5.064 249.878 1438.049 17:16:24
5.068 232.488 877.561 17:16:25
5.060 214.390 1034.146 17:16:26
5.076 253.585 1045.366 17:16:27
5.072 147.878 744.878 17:16:28
5.064 282.780 1267.805 17:16:29
5.076 148.390 753.659 17:16:30
5.068 201.683 1086.341 17:16:31
5.072 149.683 756.098 17:16:32
5.076 153.976 782.439 17:16:33
5.072 163.073 1988.293 17:16:34
5.076 146.098 745.854 17:16:35
5.072 210.585 823.902 17:16:36
5.068 182.976 865.366 17:16:37
5.064 371.976 1807.805 17:16:38
5.076 162.780 824.878 17:16:39
5.076 159.488 872.195 17:16:40
5.072 165.073 836.585 17:16:41
5.060 246.171 1806.341 17:16:42
5.068 245.488 1266.829 17:16:43
5.056 385.463 1840.000 17:16:44
5.072 276.073 1250.732 17:16:45
5.068 292.366 1513.171 17:16:46
5.072 153.098 772.195 17:16:47
5.068 206.073 1152.683 17:16:48
5.068 249.683 1230.732 17:16:49
5.072 195.878 1580.976 17:16:50
5.072 186.878 936.098 17:16:51
5.076 147.488 749.756 17:16:52
5.064 249.171 1245.854 17:16:53
5.056 241.366 1253.171 17:16:54
5.072 157.585 760.000 17:16:55
5.068 233.976 1278.537 17:16:56
5.072 268.878 1150.244 17:16:57
5.076 146.976 749.756 17:16:58
5.064 262.683 1229.268 17:16:59
5.076 153.293 777.073 17:17:00
5.072 204.585 971.220 17:17:01
5.072 166.878 1207.805 17:17:02
5.072 147.683 748.780 17:17:03
5.060 322.366 1633.659 17:17:04
5.072 147.976 750.244 17:17:05
5.064 283.171 1269.268 17:17:06
5.068 241.683 1054.146 17:17:07
5.072 146.976 744.878 17:17:08
5.048 500.463 2396.098 17:17:09
5.064 195.976 1090.244 17:17:10
5.068 256.463 1024.390 17:17:11
5.072 162.780 1720.000 17:17:12
5.068 197.780 956.098 17:17:13
5.068 333.268 1432.195 17:17:14
5.072 171.073 751.220 17:17:15
5.072 147.488 748.780 17:17:16
5.052 456.854 2280.000 17:17:17
5.072 175.293 1022.439 17:17:18
5.068 318.976 1275.610 17:17:19
5.076 180.585 824.878 17:17:20
5.076 175.390 928.780 17:17:21
5.068 181.878 920.000 17:17:22
5.076 156.195 787.805 17:17:23
5.068 272.366 1179.024 17:17:24
5.052 479.659 2348.293 17:17:25
5.076 147.780 761.463 17:17:26
5.064 308.073 1153.171 17:17:27
5.072 226.390 922.439 17:17:28
5.072 201.683 1020.488 17:17:29
5.056 392.854 1793.659 17:17:30
5.076 149.488 753.659 17:17:31
5.072 162.488 824.878 17:17:32
5.076 160.780 815.122 17:17:33
5.060 287.463 1528.780 17:17:34
5.072 162.585 824.878 17:17:35
5.076 150.390 763.902 17:17:36
5.068 246.683 1234.146 17:17:37
5.076 147.098 750.244 17:17:38
5.052 247.683 1253.171 17:17:39
5.068 244.976 1042.439 17:17:40
5.068 244.683 1119.512 17:17:41
5.068 273.878 1485.854 17:17:42
5.072 188.293 966.341 17:17:43
5.072 271.366 1086.341 17:17:44
5.056 360.976 1657.561 17:17:45
5.064 282.976 1455.610 17:17:46
5.072 152.293 755.122 17:17:47
5.076 173.488 814.634 17:17:48
5.072 162.976 827.805 17:17:49
5.056 314.366 1865.366 17:17:50
5.064 242.878 1270.732 17:17:51
5.068 171.878 757.073 17:17:52
5.072 159.976 812.195 17:17:53
5.052 299.780 1060.000 17:17:54
5.068 188.488 900.000 17:17:55
5.064 277.585 1851.220 17:17:56
5.060 402.659 2382.439 17:17:57
5.072 148.390 753.659 17:17:58
5.072 160.585 1298.049 17:17:59
5.072 264.976 826.341 17:18:00
5.056 324.878 1621.463 17:18:01
5.056 344.171 1771.707 17:18:02
5.072 165.390 757.561 17:18:03
5.072 162.195 814.634 17:18:04
5.072 173.585 847.317 17:18:05
5.060 285.780 1782.439 17:18:06
5.060 334.171 1740.488 17:18:07
5.072 147.488 745.854 17:18:08
5.072 160.683 813.659 17:18:09
5.072 186.585 779.024 17:18:10
5.064 326.463 2042.927 17:18:11
5.064 259.171 1393.171 17:18:12
5.072 150.878 762.439 17:18:13
5.072 160.878 825.366 17:18:14
5.072 163.195 828.780 17:18:15
5.060 327.366 1259.512 17:18:17
5.072 196.780 1268.293 17:18:18
5.072 226.683 1129.268 17:18:19
5.072 162.293 822.439 17:18:20
5.072 160.780 816.585 17:18:21
5.064 286.268 1441.951 17:18:22
5.068 252.780 1278.537 17:18:23
5.072 150.488 758.537 17:18:24
5.064 371.073 1230.732 17:18:25
5.068 215.683 1090.732 17:18:26
5.072 162.488 1337.073 17:18:27
5.064 245.488 1055.610 17:18:28
5.068 148.683 757.561 17:18:29
5.056 325.463 1634.634 17:18:30
5.060 318.878 1006.341 17:18:31
5.064 167.878 1206.829 17:18:32
5.064 290.780 991.707 17:18:33
5.060 264.073 997.561 17:18:34
5.064 161.976 1338.537 17:18:35
5.076 162.585 886.341 17:18:36
5.064 277.878 1438.049 17:18:37
5.064 261.171 1301.951 17:18:38
5.072 152.585 772.683 17:18:39
5.072 162.488 823.902 17:18:40
5.072 213.780 772.683 17:18:41
5.064 283.463 1222.927 17:18:42
5.064 161.293 997.561 17:18:43
5.068 208.488 1070.732 17:18:44
5.068 245.585 1631.220 17:18:45
5.064 212.878 1091.707 17:18:46
5.072 161.780 1011.220 17:18:47
5.072 163.878 824.878 17:18:48
5.072 164.878 841.463 17:18:49
5.068 282.878 1265.854 17:18:50
5.064 304.073 864.878 17:18:51
5.072 162.488 825.366 17:18:52
5.072 152.780 777.073 17:18:53
5.076 169.780 861.463 17:18:54
5.068 255.780 989.268 17:18:55
5.068 255.878 1258.049 17:18:56
5.072 190.171 826.341 17:18:57
5.060 324.366 1959.024 17:18:58
5.076 162.390 823.415 17:18:59
5.072 153.098 768.780 17:19:00
5.068 214.976 1123.902 17:19:01
5.072 250.976 820.976 17:19:02
5.068 318.976 1400.488 17:19:03
5.060 169.976 861.463 17:19:04
5.068 235.073 1395.610 17:19:05
5.064 239.366 836.585 17:19:06
5.072 229.268 1270.732 17:19:07
5.064 248.780 1239.024 17:19:08
5.072 160.683 757.561 17:19:09
5.060 485.049 2446.341 17:19:10
5.076 162.073 1271.707 17:19:11
5.076 149.195 763.415 17:19:12
5.064 253.073 1260.976 17:19:13
5.068 179.585 1146.341 17:19:14
5.064 326.073 1572.195 17:19:15
5.072 154.488 802.439 17:19:16
5.072 159.780 811.220 17:19:17
5.072 162.683 824.878 17:19:18
5.068 240.171 1284.390 17:19:19
5.056 351.366 1663.415 17:19:20
5.068 170.390 864.878 17:19:21
5.052 411.049 1687.317 17:19:22
5.060 256.463 1300.976 17:19:23
5.068 211.976 1072.683 17:19:24
5.060 326.268 2115.610 17:19:25
5.060 297.878 1199.024 17:19:26
5.068 243.780 1233.171 17:19:27
5.064 215.683 1081.463 17:19:28
5.068 221.073 1126.341 17:19:29
5.064 176.073 836.585 17:19:30
5.068 149.878 849.756 17:19:31
5.052 427.659 2010.732 17:19:32
5.072 156.293 792.683 17:19:33
5.068 148.683 757.073 17:19:34
5.064 156.073 792.683 17:19:35
5.072 212.171 1282.927 17:19:36
5.056 371.171 1706.341 17:19:37
5.072 151.780 765.854 17:19:38
5.068 211.585 1546.341 17:19:39
5.072 216.585 1216.585 17:19:40
5.064 243.171 1230.244 17:19:41
5.072 162.390 827.805 17:19:42
5.068 160.878 865.366 17:19:43
5.064 261.780 1409.756 17:19:44
5.068 188.390 922.927 17:19:45
5.076 146.780 744.878 17:19:46
5.076 214.488 824.878 17:19:47
5.072 175.976 947.805 17:19:48
5.068 285.561 1348.293 17:19:49
5.068 199.878 1028.780 17:19:50
5.072 147.390 1031.220 17:19:51
5.072 160.683 814.634 17:19:52
5.064 188.171 993.659 17:19:53
5.076 147.585 745.854 17:19:54
5.072 161.585 822.439 17:19:55
5.064 297.878 1539.512 17:19:56
5.068 247.585 1242.927 17:19:57
5.072 162.488 823.902 17:19:58
5.068 197.976 945.366 17:19:59
5.076 193.878 1080.488 17:20:00
5.064 229.585 1080.000 17:20:01
5.064 226.780 827.805 17:20:02
5.056 287.683 1433.659 17:20:03
5.056 334.171 1950.732 17:20:04
5.060 329.878 1649.756 17:20:05
5.076 149.390 756.098 17:20:06
5.072 152.585 777.561 17:20:07
5.072 161.976 819.024 17:20:08
5.072 162.073 819.024 17:20:09
5.076 162.585 1424.390 17:20:10
5.068 245.585 1382.439 17:20:11
5.076 153.098 777.561 17:20:13
5.072 162.878 826.341 17:20:14
5.064 336.756 1588.780 17:20:15
5.060 353.756 1241.951 17:20:16
5.064 250.780 1248.293 17:20:17
5.068 163.073 827.805 17:20:18
5.068 149.683 754.634 17:20:19
5.060 209.073 1080.488 17:20:20
5.072 203.683 1026.829 17:20:21
5.056 324.171 1264.390 17:20:22
5.072 252.878 1026.829 17:20:23
5.076 243.268 1173.171 17:20:24
5.064 299.268 1215.610 17:20:25
5.072 149.390 758.537 17:20:26
5.064 290.878 1869.268 17:20:27
5.060 390.659 2288.293 17:20:28
5.064 250.976 1187.805 17:20:29
5.064 314.463 1513.659 17:20:30
5.072 147.976 746.341 17:20:31
5.072 162.390 820.976 17:20:32
5.064 270.780 1242.927 17:20:33
5.060 250.268 1343.415 17:20:34
5.072 249.976 827.317 17:20:35
5.072 149.293 754.634 17:20:36
5.076 161.073 820.976 17:20:37
5.072 159.976 811.220 17:20:38
5.048 439.854 1961.951 17:20:39
5.060 331.073 1731.220 17:20:40
5.068 218.171 903.902 17:20:41
5.068 300.561 1039.024 17:20:42
5.072 148.976 800.000 17:20:43
5.068 326.659 826.341 17:20:44
5.072 162.878 824.878 17:20:45
5.064 199.683 982.927 17:20:46
5.064 189.780 894.146 17:20:47
5.064 181.171 820.000 17:20:48
5.064 245.585 1390.732 17:20:49
5.064 350.073 1323.415 17:20:50
5.072 162.488 823.902 17:20:51
5.072 149.488 756.098 17:20:52
5.072 160.976 815.122 17:20:53
5.072 162.780 823.902 17:20:54
5.072 148.195 792.683 17:20:55
5.064 250.488 844.878 17:20:56
5.072 163.293 826.341 17:20:57
5.060 253.488 1238.049 17:20:58
5.048 243.366 1256.585 17:20:59
5.072 347.561 1377.073 17:21:00
5.064 334.878 1236.585 17:21:01
5.072 160.073 852.683 17:21:02
5.064 194.585 998.049 17:21:03
5.064 290.073 1070.244 17:21:04
5.072 272.878 822.439 17:21:05
5.068 289.561 991.707 17:21:06
5.064 243.488 1234.634 17:21:07
5.064 220.683 1046.829 17:21:08
5.072 148.098 791.220 17:21:09
5.072 159.780 812.683 17:21:10
5.068 180.293 902.439 17:21:11
5.048 162.878 827.317 17:21:12
5.060 263.073 830.244 17:21:13
5.056 278.878 1523.415 17:21:14
5.064 344.073 1537.561 17:21:15
5.072 149.488 760.000 17:21:16
5.072 162.683 1334.634 17:21:17
5.060 333.366 2420.000 17:21:18
5.072 192.976 1020.000 17:21:19
5.072 149.683 755.122 17:21:20
5.072 150.195 768.780 17:21:21
5.072 152.780 778.537 17:21:22
5.072 160.585 817.561 17:21:23
5.072 217.780 1087.805 17:21:24
5.068 177.390 1011.707 17:21:25
5.064 280.463 1390.732 17:21:26
5.072 233.073 1061.463 17:21:27
5.076 160.878 816.585 17:21:28
5.056 340.268 1715.122 17:21:29
5.068 238.171 1127.805 17:21:30
5.072 152.390 777.561 17:21:31
5.072 162.390 820.000 17:21:32
5.068 222.073 1220.488 17:21:33
5.064 164.293 827.805 17:21:34
5.072 162.293 823.902 17:21:35
5.060 357.463 1935.122 17:21:36
5.068 190.073 932.683 17:21:37
5.068 190.390 991.707 17:21:38
5.076 153.293 778.537 17:21:39
5.072 231.268 824.878 17:21:40
5.068 249.683 1524.878 17:21:41
5.068 213.073 1115.610 17:21:42
5.068 213.488 1093.171 17:21:43
5.072 153.585 775.122 17:21:44
5.072 162.585 826.341 17:21:45
5.076 163.195 829.756 17:21:46
5.064 214.976 1084.390 17:21:47
5.056 320.268 1417.073 17:21:48
5.072 153.390 772.683 17:21:49
5.072 162.195 827.317 17:21:50
5.060 163.585 826.341 17:21:51
5.072 147.195 750.244 17:21:52
5.072 194.293 985.366 17:21:53
5.072 162.195 818.537 17:21:54
5.072 147.585 745.854 17:21:55
5.060 323.780 1676.585 17:21:56
5.072 202.171 769.756 17:21:57
5.072 159.878 814.634 17:21:58
5.068 247.171 828.780 17:21:59
5.072 177.780 1120.488 17:22:00
5.060 303.976 1318.537 17:22:02
5.072 176.390 844.878 17:22:03
5.068 260.780 1254.634 17:22:04
5.072 162.073 824.878 17:22:05
5.068 243.585 1453.659 17:22:06
5.064 280.268 2015.610 17:22:07
5.072 149.488 757.073 17:22:08
5.068 208.878 1276.585 17:22:09
5.072 148.976 760.000 17:22:10
5.064 242.780 1225.854 17:22:11
5.060 457.463 2282.439 17:22:12
5.072 152.683 787.805 17:22:13
5.064 163.585 1123.902 17:22:14
5.076 149.488 757.561 17:22:15
5.072 162.683 829.756 17:22:16
5.060 300.878 1229.268 17:22:17
5.072 181.878 1133.171 17:22:18
5.064 228.585 1334.146 17:22:19
5.076 153.878 773.659 17:22:20
5.064 164.073 1270.732 17:22:21
5.064 242.585 1645.854 17:22:22
5.052 295.878 991.220 17:22:23
5.064 246.780 1434.634 17:22:24
5.060 325.659 1660.976 17:22:25
5.064 292.463 1499.512 17:22:26
5.072 148.683 1027.805 17:22:27
5.072 162.390 824.878 17:22:28
5.068 162.976 879.024 17:22:29
5.060 298.683 1565.854 17:22:30
5.076 151.098 767.317 17:22:31
5.076 160.878 816.585 17:22:32
5.072 166.390 826.341 17:22:33
5.060 327.171 1889.268 17:22:34
5.064 265.268 1266.829 17:22:35
5.072 162.488 823.902 17:22:36
5.060 273.463 1153.171 17:22:37
5.076 250.073 1040.488 17:22:38
5.064 249.780 1542.439 17:22:39
5.060 332.780 1334.146 17:22:40
5.068 287.366 1232.195 17:22:41
5.076 150.488 767.317 17:22:42
5.072 162.073 824.878 17:22:43
5.056 321.878 1764.878 17:22:44
5.056 279.073 1445.854 17:22:45
5.072 188.683 1374.634 17:22:46
5.072 203.073 971.707 17:22:47
5.068 185.780 935.122 17:22:48
5.064 257.171 1247.805 17:22:49
5.072 453.561 1263.415 17:22:50
5.064 277.171 1392.195 17:22:51
5.068 277.073 1095.610 17:22:52
5.076 147.390 749.756 17:22:53
5.060 246.976 1240.976 17:22:54
5.072 173.195 1017.561 17:22:55
5.072 152.293 1007.805 17:22:56
5.072 162.488 825.366 17:22:57
5.056 419.366 2044.390 17:22:58
5.060 453.146 1772.683 17:22:59
5.072 152.976 832.683 17:23:00
5.060 260.878 1567.317 17:23:01
5.072 155.683 792.683 17:23:02
5.064 249.171 1566.341 17:23:03
5.068 170.585 827.805 17:23:04
5.060 215.073 1176.585 17:23:05
5.044 250.878 1680.000 17:23:06
5.072 194.171 986.829 17:23:07
5.064 207.488 939.024 17:23:08
5.072 160.073 864.878 17:23:09
5.060 349.463 1667.805 17:23:10
5.076 162.683 1268.293 17:23:11
5.072 400.366 777.561 17:23:12
5.072 222.390 1022.927 17:23:13
5.072 149.488 789.756 17:23:14
5.052 292.780 1245.854 17:23:15
5.068 161.390 1358.049 17:23:16
5.064 292.780 1491.220 17:23:17
5.068 297.976 1657.561 17:23:18
5.068 195.073 906.341 17:23:19
5.060 248.073 823.902 17:23:20
5.068 153.195 777.561 17:23:21
5.072 191.976 1915.610 17:23:22
5.068 248.878 1259.024 17:23:23
5.076 149.878 754.634 17:23:24
5.072 162.683 823.902 17:23:25
5.072 162.390 823.902 17:23:26
5.056 413.854 1812.683 17:23:27
5.068 207.780 1036.585 17:23:28
5.076 154.780 768.293 17:23:29
5.064 194.780 960.000 17:23:30
5.072 203.780 958.049 17:23:31
5.068 202.488 1089.268 17:23:32
5.072 149.098 756.098 17:23:33
5.072 147.390 781.463 17:23:34
5.044 479.951 2422.439 17:23:35
5.072 162.195 823.415 17:23:36
5.072 160.293 815.122 17:23:37
5.060 253.171 1275.610 17:23:38
5.076 152.390 775.122 17:23:39
5.060 333.659 1570.732 17:23:40
5.072 200.390 904.878 17:23:41
5.072 200.585 836.098 17:23:42
5.068 162.683 824.878 17:23:43
5.068 214.073 1095.610 17:23:44
5.068 189.585 1177.073 17:23:45
5.076 148.098 757.561 17:23:46
5.064 250.268 1259.512 17:23:47
5.072 201.488 827.317 17:23:48
5.068 232.683 976.585 17:23:49
5.068 199.683 1342.927 17:23:50
5.072 151.098 764.878 17:23:51
5.076 162.878 824.878 17:23:52
5.056 334.171 1647.805 17:23:53
5.068 165.073 836.098 17:23:54
5.068 253.171 2331.220 17:23:55
5.068 246.366 1241.951 17:23:57
5.068 213.390 1061.463 17:23:58
5.064 253.878 2401.463 17:23:59
5.076 148.098 748.780 17:24:00
5.060 328.268 1774.146 17:24:01
5.068 196.488 987.805 17:24:02
5.076 163.390 827.805 17:24:03
5.068 250.976 1276.585 17:24:04
5.072 162.585 827.317 17:24:05
5.064 294.561 1576.098 17:24:06
5.072 153.390 773.659 17:24:07
5.068 163.878 864.878 17:24:08
5.048 405.268 2032.683 17:24:09
5.064 249.585 1266.829 17:24:10
5.068 194.585 1475.610 17:24:11
5.072 161.976 829.756 17:24:12
5.068 194.488 1004.878 17:24:13
5.060 308.976 1121.463 17:24:14
5.068 255.488 1641.463 17:24:15
5.068 148.878 1113.171 17:24:16
5.076 274.366 824.878 17:24:17
5.072 153.390 780.000 17:24:18
5.052 284.366 1409.756 17:24:19
5.072 224.488 825.366 17:24:20
5.072 175.073 874.146 17:24:21
5.060 243.488 1255.610 17:24:22
5.072 162.878 824.878 17:24:23
5.052 516.439 2014.634 17:24:24
5.052 345.268 1747.805 17:24:25
5.072 149.780 828.780 17:24:26
5.060 299.878 2484.878 17:24:27
5.076 148.683 748.780 17:24:28
5.064 246.073 1406.829 17:24:29
5.072 206.268 1413.659 17:24:30
5.060 223.683 1135.122 17:24:31
5.068 187.878 949.268 17:24:32
5.072 181.073 870.244 17:24:33
5.072 160.878 813.659 17:24:34
5.060 327.366 1672.195 17:24:35
5.064 240.683 1113.171 17:24:36
5.072 162.390 823.902 17:24:37
5.072 162.195 1291.707 17:24:38
5.072 160.780 816.098 17:24:39
5.056 422.463 2012.683 17:24:40
5.072 161.780 826.341 17:24:41
5.076 161.878 823.415 17:24:42
5.072 162.195 824.878 17:24:43
5.064 243.976 1240.976 17:24:44
5.060 338.366 2462.439 17:24:45
5.072 147.488 752.195 17:24:46
5.068 244.073 1242.927 17:24:47
5.060 325.659 1278.049 17:24:48
5.044 365.463 1251.707 17:24:49
5.052 418.171 2137.073 17:24:50
5.076 149.195 761.463 17:24:51
5.068 181.683 827.317 17:24:52
5.072 163.195 827.317 17:24:53
5.072 153.780 757.561 17:24:54
5.072 261.463 1325.366 17:24:55
5.076 162.878 825.366 17:24:56
5.060 270.976 989.268 17:24:57
5.056 351.561 1797.561 17:24:58
5.072 166.683 845.366 17:24:59
5.072 161.976 825.366 17:25:00
5.060 329.976 1637.073 17:25:01
5.056 331.659 1681.463 17:25:02
5.072 209.976 986.829 17:25:03
5.068 162.683 824.878 17:25:04
5.064 292.561 1598.537 17:25:05
5.064 234.585 1235.610 17:25:06
5.072 210.390 1061.463 17:25:07
5.076 149.780 754.634 17:25:08
5.076 162.585 1390.732 17:25:09
5.048 417.049 1946.829 17:25:10
5.068 203.488 1497.561 17:25:11
5.076 152.780 772.683 17:25:12
5.072 154.390 780.976 17:25:13
5.052 329.073 1744.878 17:25:14
5.064 249.878 1272.195 17:25:15
5.072 159.780 760.976 17:25:16
5.064 275.585 1051.707 17:25:17
5.072 162.585 826.341 17:25:18
5.064 286.561 1826.829 17:25:19
5.064 283.171 1316.098 17:25:20
5.068 188.780 920.000 17:25:21
5.064 245.171 1419.512 17:25:22
5.076 153.585 780.976 17:25:23
5.060 327.659 2025.366 17:25:24
5.060 325.366 2026.829 17:25:25
5.068 224.268 1027.805 17:25:26
5.068 257.976 1242.927 17:25:27
5.068 218.390 992.683 17:25:28
5.068 244.171 1234.634 17:25:29
5.072 163.488 1059.024 17:25:30
5.076 148.780 757.561 17:25:31
5.068 216.976 1022.927 17:25:32
5.072 227.585 1389.268 17:25:33
5.052 408.951 2028.293 17:25:34
5.056 402.756 1651.220 17:25:35
5.072 175.976 777.561 17:25:36
5.064 237.780 1803.902 17:25:37
5.076 165.878 840.976 17:25:38
5.060 363.171 1823.902 17:25:39
5.064 328.659 1695.122 17:25:40
5.068 287.463 1270.732 17:25:41
5.068 161.878 826.341 17:25:42
5.072 163.390 824.878 17:25:43
5.072 229.683 1038.049 17:25:44
5.056 395.561 1659.024 17:25:45
5.064 245.366 1159.024 17:25:46
5.072 162.488 823.902 17:25:47
5.072 160.293 812.683 17:25:48
5.064 337.756 1237.073 17:25:49
5.064 257.585 1309.268 17:25:50
5.072 312.268 1259.512 17:25:51
5.068 242.878 1274.634 17:25:52
5.068 241.073 1216.585 17:25:54
5.076 244.585 1280.976 17:25:55
5.068 251.366 1312.195 17:25:56
5.072 213.976 1363.415 17:25:57
5.076 172.683 901.463 17:25:58
5.060 392.951 1700.000 17:25:59
5.072 244.780 1121.951 17:26:00
5.076 149.195 753.659 17:26:01
5.072 161.780 1065.366 17:26:02
5.076 162.488 825.366 17:26:03
5.068 252.171 1383.415 17:26:04
5.064 306.976 996.585 17:26:05
5.072 174.293 982.927 17:26:06
5.064 185.878 863.415 17:26:07
5.076 175.293 811.220 17:26:08
5.068 306.878 1578.537 17:26:09
5.076 185.073 827.317 17:26:10
5.068 172.293 954.146 17:26:11
5.040 219.976 1212.195 17:26:12
5.068 185.878 941.463 17:26:13
5.064 257.366 1305.366 17:26:14
5.068 180.293 971.220 17:26:15
5.068 289.171 1236.585 17:26:16
5.060 478.244 2370.732 17:26:17
5.076 147.976 754.634 17:26:18
5.072 162.293 818.537 17:26:19
5.072 156.293 791.220 17:26:20
5.064 245.268 1240.976 17:26:21
5.072 257.683 1299.512 17:26:22
5.072 153.390 1195.610 17:26:23
5.068 218.073 1130.732 17:26:24
5.072 148.293 744.878 17:26:25
5.072 160.976 816.585 17:26:26
5.048 480.463 2344.390 17:26:27
5.068 214.585 1091.707 17:26:28
5.064 257.073 1264.390 17:26:29
5.072 241.976 1043.902 17:26:30
5.064 161.878 819.024 17:26:31
5.076 161.293 1253.171 17:26:32
5.068 202.390 1259.512 17:26:33
5.068 270.171 1269.756 17:26:34
5.076 148.780 755.122 17:26:35
5.072 162.488 874.146 17:26:36
5.076 153.683 780.976 17:26:37
5.048 422.463 2148.293 17:26:38
5.072 162.683 825.366 17:26:39
5.072 149.585 756.098 17:26:40
5.068 257.683 1214.146 17:26:41
5.068 209.976 1061.951 17:26:42
5.064 293.171 1507.317 17:26:43
5.076 153.098 779.024 17:26:44
5.076 244.683 1040.000 17:26:45
5.072 260.171 937.561 17:26:46
5.072 164.878 833.659 17:26:47
5.076 160.878 816.585 17:26:48
5.064 242.878 1707.805 17:26:49
5.056 327.463 2031.707 17:26:50
5.068 176.976 876.585 17:26:51
5.064 251.683 966.341 17:26:52
5.068 213.878 1104.390 17:26:53
5.064 175.683 769.756 17:26:54
5.068 222.976 1185.854 17:26:55
5.064 248.171 1249.268 17:26:56
5.068 331.878 1296.585 17:26:57
5.072 149.195 758.537 17:26:58
5.068 245.878 1628.780 17:26:59
5.072 162.878 829.756 17:27:00
5.072 162.878 986.341 17:27:01
5.064 192.780 1072.683 17:27:02
5.068 238.976 922.439 17:27:03
5.068 215.780 1095.610 17:27:04
5.068 151.195 772.195 17:27:05
5.076 162.683 825.366 17:27:06
5.068 259.268 1412.195 17:27:07
5.060 282.073 1353.659 17:27:08
5.072 196.293 948.780 17:27:09
5.072 244.268 826.341 17:27:10
5.072 153.488 778.537 17:27:11
5.064 264.171 1500.976 17:27:12
5.072 199.780 1405.854 17:27:13
5.072 154.488 779.024 17:27:14
5.068 230.780 1098.049 17:27:15
5.068 152.780 779.024 17:27:16
5.064 215.976 1205.366 17:27:17
5.064 242.683 1095.610 17:27:18
5.068 214.878 1088.780 17:27:19
5.060 242.878 1230.244 17:27:20
5.072 184.171 990.244 17:27:21
5.052 326.268 1679.024 17:27:22
5.064 338.976 1672.683 17:27:23
5.068 212.585 1011.707 17:27:24
5.072 162.780 879.024 17:27:25
5.072 162.683 823.902 17:27:26
5.056 331.171 1666.341 17:27:27
5.060 255.585 1395.610 17:27:28
5.060 292.366 1484.878 17:27:29
5.068 208.976 1031.707 17:27:30
5.072 249.488 826.341 17:27:31
5.068 246.878 1240.976 17:27:32
5.060 325.463 2031.707 17:27:33
5.060 242.585 1248.293 17:27:34
5.072 149.098 797.561 17:27:35
5.072 150.098 755.122 17:27:36
5.072 156.195 790.244 17:27:37
5.072 250.268 826.341 17:27:38
5.068 321.268 1901.951 17:27:39
5.068 225.976 1112.683 17:27:40
5.068 287.171 816.098 17:27:41
5.076 153.780 780.000 17:27:42
5.076 162.780 940.000 17:27:43
5.064 253.366 1863.902 17:27:44
5.060 292.268 1488.293 17:27:45
5.072 185.171 880.000 17:27:46
5.072 162.293 823.415 17:27:47
5.072 161.195 820.000 17:27:49
5.064 251.683 1672.195 17:27:50
5.052 449.756 1747.805 17:27:51
5.076 149.780 755.122 17:27:52
5.076 245.366 825.366 17:27:53
5.056 243.780 1245.854 17:27:54
5.068 280.366 1138.049 17:27:55
5.072 149.780 756.098 17:27:56
5.072 224.683 991.707 17:27:57
5.044 395.463 1768.780 17:27:58
5.068 346.976 1517.073 17:27:59
5.076 148.488 755.122 17:28:00
5.072 163.293 828.780 17:28:01
5.072 162.683 824.878 17:28:02
5.064 272.683 1530.732 17:28:03
5.064 220.976 1190.244 17:28:04
5.072 147.293 752.195 17:28:05
5.056 290.561 1469.756 17:28:06
5.064 283.976 1508.780 17:28:07
5.064 206.683 1110.732 17:28:08
5.072 161.878 816.585 17:28:09
5.072 148.976 758.537 17:28:10
5.072 230.488 807.317 17:28:11
5.076 265.976 827.805 17:28:12
5.068 162.390 823.902 17:28:13
5.064 308.878 1538.537 17:28:14
5.076 150.585 758.537 17:28:15
5.072 163.390 826.341 17:28:16
5.072 163.195 827.317 17:28:17
5.044 516.561 2551.220 17:28:18
5.064 246.268 1259.512 17:28:19
5.064 326.366 1716.098 17:28:20
5.072 163.293 824.878 17:28:21
5.072 148.683 747.317 17:28:22
5.052 428.659 2209.756 17:28:23
5.072 161.878 826.341 17:28:24
5.072 161.195 813.659 17:28:25
5.064 240.683 1716.585 17:28:26
5.072 240.878 821.463 17:28:27
5.064 180.878 928.780 17:28:28
5.076 176.976 794.634 17:28:29
5.060 242.976 1260.488 17:28:30
5.072 164.293 1054.146 17:28:31
5.072 188.293 1002.927 17:28:32
5.068 268.878 1089.268 17:28:33
5.056 431.561 1824.878 17:28:34
5.072 220.390 967.805 17:28:35
5.064 329.073 1683.902 17:28:36
5.076 241.171 966.829 17:28:37
5.076 153.683 783.902 17:28:38
5.076 162.878 830.244 17:28:39
5.072 148.293 751.220 17:28:40
5.072 194.488 1101.463 17:28:41
5.076 162.293 823.902 17:28:42
5.064 210.268 1081.463 17:28:43
5.068 214.390 1062.927 17:28:44
5.072 197.683 1210.244 17:28:45
5.064 294.171 1477.561 17:28:46
5.068 197.390 826.341 17:28:47
5.068 480.244 1227.805 17:28:48
5.060 334.976 1686.341 17:28:49
5.068 258.073 1400.976 17:28:50
5.072 163.073 826.341 17:28:51
5.072 160.878 816.098 17:28:52
5.068 266.780 1244.390 17:28:53
5.072 211.390 1332.195 17:28:54
5.068 197.878 1018.049 17:28:55
5.056 308.073 1523.902 17:28:56
5.064 470.854 1925.366 17:28:57
5.060 316.659 1258.049 17:28:58
5.072 160.293 1237.073 17:28:59
5.072 161.683 827.317 17:29:00
5.072 163.293 827.805 17:29:01
5.072 160.878 1237.073 17:29:02
5.068 183.683 951.707 17:29:03
5.052 326.073 1610.244 17:29:04
5.072 162.878 826.341 17:29:05
5.064 328.073 1242.927 17:29:06
5.072 209.878 1266.829 17:29:07
5.076 150.878 766.341 17:29:08
5.072 163.073 1019.024 17:29:09
5.072 162.878 826.341 17:29:10
5.068 231.780 1151.707 17:29:11
5.052 226.683 1159.024 17:29:12
5.072 149.780 756.098 17:29:13
5.072 165.073 830.244 17:29:14
5.072 164.390 1399.512 17:29:15
5.064 308.780 1504.390 17:29:16
5.068 190.780 1051.707 17:29:17
5.076 149.780 790.244 17:29:18
5.048 408.561 2125.366 17:29:19
5.064 245.488 1292.195 17:29:20
5.068 184.780 922.927 17:29:21
5.068 178.976 900.000 17:29:22
5.072 161.293 820.976 17:29:23
5.072 251.585 1336.098 17:29:24
5.068 177.976 912.683 17:29:25
5.072 162.780 888.780 17:29:26
5.072 151.390 767.317 17:29:27
5.068 198.171 1380.488 17:29:28
5.072 161.585 819.024 17:29:29
5.076 152.293 823.902 17:29:30
5.072 153.878 1225.366 17:29:31
5.076 249.366 1210.732 17:29:32
5.064 287.976 1433.659 17:29:33
5.064 350.878 1683.415 17:29:34
5.068 221.780 1123.902 17:29:35
5.064 248.878 1280.488 17:29:36
5.072 148.878 1271.707 17:29:37
5.068 195.488 976.585 17:29:38
5.044 412.171 1877.561 17:29:39
5.064 244.171 1310.732 17:29:40
5.072 247.073 1263.415 17:29:41
5.060 251.366 1245.854 17:29:42
5.068 245.488 1320.488 17:29:43
5.068 245.366 1243.415 17:29:45
5.068 224.976 791.220 17:29:46
5.072 156.585 786.341 17:29:47
5.072 162.195 1250.244 17:29:48
5.072 194.585 922.927 17:29:49
5.064 276.585 1073.171 17:29:50
5.072 162.195 823.902 17:29:51
5.060 333.073 1687.805 17:29:52
5.076 147.293 745.854 17:29:53
5.072 162.585 823.902 17:29:54
5.072 173.683 821.463 17:29:55
5.044 306.780 1250.732 17:29:56
5.068 215.878 982.927 17:29:57
5.064 267.878 1301.951 17:29:58
5.064 314.463 1693.659 17:29:59
5.068 153.683 779.024 17:30:00
5.072 161.293 820.000 17:30:01
5.068 274.878 1375.610 17:30:02
5.064 261.366 1360.488 17:30:03
5.068 275.585 1308.293 17:30:04
5.064 238.683 1053.171 17:30:05
5.068 201.780 821.463 17:30:06
5.048 473.366 2295.610 17:30:07
5.060 274.366 1392.195 17:30:08
5.064 251.683 1185.854 17:30:09
5.068 179.878 1310.732 17:30:10
5.072 149.390 757.561 17:30:11
5.060 304.780 829.756 17:30:12
5.064 257.366 1306.829 17:30:13
5.060 251.073 1259.024 17:30:14
5.060 246.073 1260.976 17:30:15
5.076 151.390 765.854 17:30:16
5.064 272.268 1365.854 17:30:17
5.056 280.073 1092.683 17:30:18
5.072 149.780 755.122 17:30:19
5.056 395.268 1825.366 17:30:20
5.072 261.171 1170.244 17:30:21
5.064 286.366 1409.268 17:30:22
5.064 290.463 1250.244 17:30:23
5.056 175.488 1106.341 17:30:24
5.060 361.268 1900.000 17:30:25
5.076 152.976 778.537 17:30:26
5.072 147.976 745.854 17:30:27
5.072 155.488 1436.098 17:30:28
5.068 222.780 1158.049 17:30:29
5.064 204.683 1592.683 17:30:30
5.072 282.073 839.024 17:30:31
5.072 148.683 759.512 17:30:32
5.056 332.268 1338.537 17:30:33
5.072 238.585 1386.829 17:30:34
5.068 256.268 1623.415 17:30:35
5.056 301.780 1523.415 17:30:36
5.076 148.976 755.122 17:30:37
5.076 160.780 816.585 17:30:38
5.048 500.756 2550.244 17:30:39
5.068 217.976 1119.024 17:30:40
5.072 148.585 748.780 17:30:41
5.060 324.268 1667.805 17:30:42
5.064 275.171 1536.098 17:30:43
5.072 152.780 780.976 17:30:44
5.076 252.366 1012.683 17:30:45
5.068 247.366 1236.585 17:30:46
5.060 336.756 1702.927 17:30:47
5.060 284.878 2328.780 17:30:48
5.072 149.390 758.537 17:30:49
5.072 262.780 822.439 17:30:50
5.072 162.780 824.878 17:30:51
5.064 276.976 1654.634 17:30:52
5.076 182.073 778.537 17:30:53
5.068 209.390 1101.951 17:30:54
5.056 346.976 2112.195 17:30:55
5.068 249.976 1123.902 17:30:56
5.072 163.488 823.902 17:30:57
5.072 200.293 991.707 17:30:58
5.068 210.585 1099.512 17:30:59
5.064 378.171 1440.976 17:31:00
5.060 232.171 1147.805 17:31:01
5.072 274.073 1033.171 17:31:02
5.076 163.195 826.341 17:31:03
5.072 174.488 1301.951 17:31:04
5.068 210.976 966.829 17:31:05
5.072 202.390 1007.805 17:31:06
5.076 162.390 823.902 17:31:07
5.064 251.683 1278.537 17:31:08
5.072 194.585 1179.512 17:31:09
5.072 192.073 1441.951 17:31:10
5.072 198.171 1011.707 17:31:11
5.072 161.585 815.122 17:31:12
5.048 354.073 1928.780 17:31:13
5.076 148.878 760.000 17:31:14
5.072 228.976 1393.171 17:31:15
5.068 162.878 844.878 17:31:16
5.056 457.854 2510.244 17:31:17
5.064 244.878 1238.049 17:31:18
5.076 147.098 749.756 17:31:19
5.076 163.195 915.122 17:31:20
5.072 186.780 824.878 17:31:21
5.060 339.756 1738.537 17:31:22
5.056 249.171 1241.951 17:31:23
5.076 199.878 751.220 17:31:24
5.068 225.171 941.463 17:31:25
5.064 162.585 822.439 17:31:26
5.056 490.341 2191.707 17:31:27
5.072 163.293 827.317 17:31:28
5.076 150.098 762.439 17:31:29
5.072 163.488 1192.683 17:31:30
5.072 217.390 780.000 17:31:31
5.056 337.561 1373.171 17:31:32
5.072 163.488 829.756 17:31:33
5.064 258.585 1273.171 17:31:34
5.072 202.293 1533.659 17:31:35
5.076 149.683 748.780 17:31:36
5.068 243.585 1231.707 17:31:37
5.056 415.854 2076.585 17:31:38
5.072 206.683 1092.683 17:31:39
5.072 162.488 820.000 17:31:41
5.072 161.585 819.024 17:31:42
5.052 342.976 1611.220 17:31:43
5.060 281.171 1476.098 17:31:44
5.076 161.585 748.780 17:31:45
5.072 160.683 816.585 17:31:46
5.072 156.585 928.780 17:31:47
5.072 163.073 846.341 17:31:48
5.064 248.976 1436.098 17:31:49
5.072 147.976 747.317 17:31:50
5.072 197.293 1324.390 17:31:51
5.076 155.780 794.634 17:31:52
5.064 219.268 1142.927 17:31:53
5.064 231.976 1475.610 17:31:54
5.076 150.390 761.463 17:31:55
5.076 159.976 817.561 17:31:56
5.064 254.585 1289.268 17:31:57
5.068 213.878 1081.951 17:31:58
5.068 163.195 827.805 17:31:59
5.072 169.878 780.976 17:32:00
5.072 161.878 824.878 17:32:01
5.052 467.561 1763.902 17:32:02
5.064 267.780 1394.634 17:32:03
5.064 242.878 995.122 17:32:04
5.072 163.073 1491.220 17:32:05
5.076 151.780 1146.341 17:32:06
5.064 164.780 829.756 17:32:07
5.068 227.683 813.659 17:32:08
5.064 288.780 1316.098 17:32:09
5.072 178.390 840.000 17:32:10
5.072 212.073 1371.707 17:32:11
5.068 215.683 1556.098 17:32:12
5.064 179.073 909.756 17:32:13
5.072 204.585 758.537 17:32:14
5.072 162.878 875.122 17:32:15
5.076 152.878 770.244 17:32:16
5.068 317.780 1679.024 17:32:17
5.072 162.780 821.463 17:32:18
5.076 147.293 752.195 17:32:19
5.048 454.756 2087.805 17:32:20
5.072 148.293 748.293 17:32:21
5.064 247.780 1312.195 17:32:22
5.072 162.878 1273.171 17:32:23
5.076 149.780 755.122 17:32:24
5.064 331.976 1291.707 17:32:25
5.076 150.390 1082.927 17:32:26
5.052 464.146 1981.463 17:32:27
5.060 252.878 1246.829 17:32:28
5.068 208.878 924.878 17:32:29
5.064 215.976 1914.146 17:32:30
5.072 148.976 805.854 17:32:31
5.068 245.171 1318.537 17:32:32
5.072 162.878 827.317 17:32:33
5.060 276.366 1455.610 17:32:34
5.060 378.756 1660.976 17:32:35
5.076 148.195 747.317 17:32:36
5.064 301.171 942.927 17:32:37
5.068 190.780 1009.268 17:32:38
5.072 311.561 1357.073 17:32:39
5.060 364.463 1751.220 17:32:40
5.072 200.878 927.317 17:32:41
5.060 304.268 1627.317 17:32:42
5.072 189.976 927.317 17:32:43
5.072 190.171 966.341 17:32:44
5.068 213.585 1187.805 17:32:45
5.068 151.098 760.000 17:32:46
5.068 163.976 830.244 17:32:47
5.072 163.585 832.195 17:32:48
5.072 185.390 1012.683 17:32:49
5.060 249.780 1784.878 17:32:50
5.076 210.976 760.000 17:32:51
5.052 334.366 1692.683 17:32:52
5.048 404.073 2036.585 17:32:53
5.076 147.195 750.244 17:32:54
5.044 473.951 2323.415 17:32:55
5.072 174.585 827.805 17:32:56
5.064 259.878 1278.537 17:32:57
5.056 319.268 1438.537 17:32:58
5.072 151.195 1137.073 17:32:59
5.072 285.268 1328.293 17:33:00
5.064 248.780 1248.293 17:33:01
5.072 183.488 858.537 17:33:02
5.056 271.976 1637.073 17:33:03
5.068 198.073 758.537 17:33:04
5.068 152.390 1102.927 17:33:05
5.068 163.073 826.341 17:33:06
5.072 165.195 836.098 17:33:07
5.056 408.854 1950.732 17:33:08
5.060 218.780 1058.049 17:33:09
5.072 162.585 824.878 17:33:10
5.064 163.293 827.805 17:33:11
5.072 162.976 847.805 17:33:12
5.064 246.683 1239.024 17:33:13
5.056 322.268 1265.854 17:33:14
5.072 212.976 824.878 17:33:15
5.076 179.976 823.902 17:33:16
5.060 230.683 1081.951 17:33:17
5.060 276.073 1498.537 17:33:18
5.060 353.463 2008.293 17:33:19
5.068 217.976 1084.390 17:33:20
5.064 250.780 1269.756 17:33:21
5.064 268.976 1315.610 17:33:22
5.068 208.878 1062.927 17:33:23
5.072 180.976 784.878 17:33:24
5.072 162.878 819.024 17:33:25
5.072 163.780 912.683 17:33:26
5.060 324.073 1614.634 17:33:27
5.064 291.976 1482.439 17:33:28
5.076 149.293 757.073 17:33:29
5.068 153.293 777.561 17:33:30
5.056 320.780 1768.780 17:33:31
5.052 420.854 2377.073 17:33:32
5.060 275.366 1582.439 17:33:33
5.072 205.488 757.561 17:33:34
5.060 249.366 1227.805 17:33:35
5.072 162.780 825.366 17:33:36
5.044 474.049 1650.244 17:33:38
5.072 244.073 1244.390 17:33:39
5.068 244.171 1232.195 17:33:40
5.064 292.268 1460.000 17:33:41
5.056 258.171 1388.293 17:33:42
5.072 228.585 1727.805 17:33:43
5.072 185.073 927.805 17:33:44
5.072 155.683 793.659 17:33:45
5.064 246.976 826.341 17:33:46
5.072 160.293 816.585 17:33:47
5.072 163.683 829.756 17:33:48
5.072 171.780 825.366 17:33:49
5.048 406.171 1660.976 17:33:50
5.064 265.976 1237.073 17:33:51
5.064 213.585 1217.073 17:33:52
5.072 153.098 1244.390 17:33:53
5.072 223.585 941.463 17:33:54
5.068 285.878 1301.951 17:33:55
5.068 244.780 1239.512 17:33:56
5.076 149.585 762.439 17:33:57
5.060 328.780 1643.902 17:33:58
5.072 163.195 829.756 17:33:59
5.060 248.585 1255.610 17:34:00
5.060 345.756 1645.854 17:34:01
5.068 149.878 1151.707 17:34:02
5.072 226.073 1455.610 17:34:03
5.076 153.683 775.122 17:34:04
5.068 250.073 1265.854 17:34:05
5.064 281.878 1751.220 17:34:06
5.072 149.878 825.366 17:34:07
5.064 153.488 768.293 17:34:08
5.072 162.585 823.415 17:34:09
5.056 263.780 1250.244 17:34:10
5.068 288.976 1763.902 17:34:11
5.068 215.073 1299.512 17:34:12
5.072 201.683 1022.927 17:34:13
5.044 327.268 1642.439 17:34:14
5.068 168.585 756.098 17:34:15
5.072 251.366 820.000 17:34:16
5.072 185.390 824.878 17:34:17
5.056 326.366 1663.415 17:34:18
5.064 278.073 1378.049 17:34:19
5.076 149.585 1070.244 17:34:20
5.072 187.171 927.805 17:34:21
5.072 154.976 783.415 17:34:22
5.076 153.878 777.073 17:34:23
5.056 289.268 1399.512 17:34:24
5.048 274.171 1248.293 17:34:25
5.072 196.878 946.341 17:34:26
5.072 163.878 1039.024 17:34:27
5.072 177.195 1255.610 17:34:28
5.056 427.854 2119.512 17:34:29
5.056 301.561 1230.732 17:34:30
5.072 197.171 1108.293 17:34:31
5.068 258.780 901.463 17:34:32
5.076 162.878 841.463 17:34:33
5.072 163.293 866.341 17:34:34
5.060 286.780 1241.951 17:34:35
5.068 240.976 1234.634 17:34:36
5.060 329.976 1307.317 17:34:37
5.072 192.878 979.024 17:34:38
5.072 162.878 824.878 17:34:39
5.068 217.073 1099.024 17:34:40
5.072 161.390 818.537 17:34:41
5.072 225.585 826.341 17:34:42
5.072 162.976 822.439 17:34:43
5.072 189.683 1215.610 17:34:44
5.064 259.683 2426.341 17:34:45
5.068 171.683 1314.146 17:34:46
5.072 175.488 1233.171 17:34:47
5.064 250.585 1269.756 17:34:48
5.068 258.683 1237.073 17:34:49
5.060 285.976 1307.317 17:34:50
5.048 271.366 1245.854 17:34:51
5.076 162.976 824.878 17:34:52
5.072 182.171 1085.366 17:34:53
5.064 299.171 1186.829 17:34:54
5.072 188.171 1289.268 17:34:55
5.064 341.976 1687.805 17:34:56
5.068 149.878 760.000 17:34:57
5.064 187.293 822.439 17:34:58
5.072 163.585 826.341 17:34:59
5.068 200.073 1212.195 17:35:00
5.064 269.976 1377.073 17:35:01
5.072 148.976 760.976 17:35:02
5.076 162.878 824.878 17:35:03
5.060 354.073 1920.000 17:35:04
5.072 209.488 961.463 17:35:05
5.060 216.976 1159.024 17:35:06
5.072 165.683 838.537 17:35:07
5.072 162.683 823.902 17:35:08
5.068 210.390 1370.732 17:35:09
5.072 153.098 1282.927 17:35:10
5.064 243.171 1211.707 17:35:11
5.056 372.659 2070.244 17:35:12
5.064 219.780 1386.829 17:35:13
5.076 163.390 1621.463 17:35:14
5.064 249.683 1329.756 17:35:15
5.064 282.976 1679.024 17:35:16
5.060 367.463 1855.122 17:35:17
5.068 187.390 1391.707 17:35:18
5.064 248.585 1627.317 17:35:19
5.072 157.780 795.122 17:35:20
5.064 331.073 1272.195 17:35:21
5.072 198.683 1177.073 17:35:22
5.072 183.976 878.537 17:35:23
5.072 162.780 830.244 17:35:24
5.072 163.195 1248.293 17:35:25
5.076 153.488 779.024 17:35:26
5.076 153.293 1342.927 17:35:27
5.076 153.293 778.537 17:35:28
5.056 471.756 2005.366 17:35:29
5.072 149.976 757.561 17:35:30
5.072 192.171 955.122 17:35:31
5.064 335.976 1250.244 17:35:33
5.076 153.683 777.561 17:35:34
5.052 418.854 2054.634 17:35:35
5.064 253.878 1235.610 17:35:36
5.068 215.390 1086.829 17:35:37
5.072 269.683 1095.122 17:35:38
5.068 209.268 1057.561 17:35:39
5.072 150.195 755.122 17:35:40
5.060 246.683 1278.049 17:35:41
5.060 244.268 1259.512 17:35:42
5.064 418.659 1716.585 17:35:43
5.064 260.073 1248.293 17:35:44
5.072 165.488 831.220 17:35:45
5.072 162.976 826.341 17:35:46
5.068 199.488 1078.049 17:35:47
5.068 157.488 792.683 17:35:48
5.072 149.488 757.561 17:35:49
5.072 259.683 826.341 17:35:50
5.060 245.268 827.805 17:35:51
5.044 339.366 1910.244 17:35:52
5.072 198.683 931.707 17:35:53
5.072 163.195 2012.683 17:35:54
5.064 243.780 1727.805 17:35:55
5.072 149.098 755.122 17:35:56
5.072 217.585 994.146 17:35:57
5.064 221.268 1333.171 17:35:58
5.072 162.780 828.780 17:35:59
5.068 220.268 1034.146 17:36:00
5.068 194.390 988.780 17:36:01
5.072 192.780 824.878 17:36:02
5.072 198.780 996.585 17:36:03
5.064 245.268 1238.049 17:36:04
5.072 186.878 1003.902 17:36:05
5.068 194.171 1011.707 17:36:06
5.068 165.293 1416.098 17:36:07
5.064 343.171 1234.634 17:36:08
5.064 252.878 1504.878 17:36:09
5.068 250.585 1704.878 17:36:10
5.068 176.976 980.000 17:36:11
5.060 261.463 1110.732 17:36:12
5.068 260.073 1635.122 17:36:13
5.064 250.585 1267.805 17:36:14
5.072 190.878 825.366 17:36:15
5.068 184.976 956.098 17:36:16
5.068 344.073 1638.537 17:36:17
5.064 337.659 1274.634 17:36:18
5.068 210.073 1394.634 17:36:19
5.072 149.098 758.537 17:36:20
5.064 261.171 1245.854 17:36:21
5.064 244.073 1240.488 17:36:22
5.060 367.659 1975.610 17:36:23
5.068 221.683 1066.829 17:36:24
5.072 150.390 775.122 17:36:25
5.068 246.268 1320.488 17:36:26
5.072 261.976 1409.756 17:36:27
5.072 303.976 1342.927 17:36:28
5.052 334.073 1667.317 17:36:29
5.068 259.585 1121.951 17:36:30
5.076 147.488 751.220 17:36:31
5.076 188.878 828.780 17:36:32
5.060 265.780 1253.171 17:36:33
5.052 329.366 1657.561 17:36:34
5.068 251.488 1239.024 17:36:35
5.068 241.585 1225.366 17:36:36
5.068 246.585 1248.293 17:36:37
5.064 246.073 1639.024 17:36:38
5.072 164.976 840.976 17:36:39
5.072 191.488 1105.366 17:36:40
5.072 162.683 823.902 17:36:41
5.064 451.366 1237.073 17:36:42
5.064 214.390 1059.024 17:36:43
5.068 214.780 1400.976 17:36:44
5.060 185.488 959.024 17:36:45
5.068 243.268 1267.805 17:36:46
5.072 238.366 1068.780 17:36:47
5.064 301.463 1084.390 17:36:48
5.060 210.390 956.585 17:36:49
5.076 162.488 912.683 17:36:50
5.072 162.683 1239.024 17:36:51
5.072 339.976 1010.244 17:36:52
5.060 162.878 823.415 17:36:53
5.072 181.488 1026.341 17:36:54
5.068 213.683 1382.439 17:36:55
5.068 449.951 2271.220 17:36:56
5.068 218.976 1110.732 17:36:57
5.064 242.780 1219.512 17:36:58
5.072 187.073 950.244 17:36:59
5.064 243.268 1238.049 17:37:00
5.068 163.488 827.805 17:37:01
5.068 227.585 1150.732 17:37:02
5.072 248.366 1424.878 17:37:03
5.072 152.683 773.659 17:37:04
5.072 169.683 882.439 17:37:05
5.064 249.780 1318.537 17:37:06
5.060 400.854 1712.683 17:37:07
5.068 214.780 1080.000 17:37:08
5.060 308.366 1457.561 17:37:09
5.072 158.488 948.780 17:37:10
5.052 325.366 1648.780 17:37:11
5.064 380.171 2381.951 17:37:12
5.072 220.683 1018.049 17:37:13
5.064 245.488 1251.707 17:37:14
5.072 216.268 778.537 17:37:15
5.068 257.683 1371.707 17:37:16
5.072 162.488 824.878 17:37:17
5.076 148.780 752.683 17:37:18
5.068 195.976 951.220 17:37:19
5.072 209.268 761.463 17:37:20
5.064 266.366 1481.951 17:37:21
5.072 163.073 825.366 17:37:22
5.072 160.780 814.634 17:37:23
5.060 267.073 1709.756 17:37:24
5.068 188.488 956.585 17:37:25
5.064 228.683 1441.951 17:37:26
5.072 162.878 822.439 17:37:27
5.072 162.683 823.902 17:37:28
5.064 377.073 1527.317 17:37:29
5.072 222.073 780.976 17:37:31
5.068 226.390 1123.902 17:37:32
5.072 149.488 760.976 17:37:33
5.072 160.683 815.122 17:37:34
5.044 475.951 2314.634 17:37:35
5.068 215.780 1080.488 17:37:36
5.068 215.073 1086.829 17:37:37
5.072 162.195 824.878 17:37:38
5.076 161.585 823.415 17:37:39
5.056 357.268 1727.805 17:37:40
5.068 246.268 777.561 17:37:41
5.064 248.976 1265.366 17:37:42
5.064 205.488 760.000 17:37:43
5.072 162.878 824.878 17:37:44
5.064 244.073 1481.951 17:37:45
5.072 148.293 745.854 17:37:46
5.068 251.878 1242.927 17:37:47
5.072 248.488 779.024 17:37:48
5.072 162.585 820.976 17:37:49
5.064 250.366 1312.195 17:37:50
5.064 162.976 825.366 17:37:51
5.072 160.683 994.146 17:37:52
5.076 162.878 826.341 17:37:53
5.064 250.171 1227.805 17:37:54
5.072 160.780 774.634 17:37:55
5.068 249.585 1266.829 17:37:56
5.068 243.268 1231.707 17:37:57
5.056 350.561 1772.683 17:37:58
5.060 334.659 1768.780 17:37:59
5.060 184.780 826.341 17:38:00
5.056 286.073 1695.122 17:38:01
5.064 332.268 1356.098 17:38:02
5.060 250.366 1500.976 17:38:03
5.064 322.976 1504.878 17:38:04
5.068 214.073 1085.366 17:38:05
5.072 189.171 924.878 17:38:06
5.072 153.488 772.683 17:38:07
5.068 161.976 824.878 17:38:08
5.060 313.659 1453.659 17:38:09
5.060 267.073 1274.634 17:38:10
5.060 273.976 1258.049 17:38:11
5.076 162.878 1469.756 17:38:12
5.068 163.878 896.585 17:38:13
5.068 188.585 979.024 17:38:14
5.072 339.171 983.902 17:38:15
5.064 248.780 1060.000 17:38:16
5.052 434.659 2093.171 17:38:17
5.072 189.488 1031.220 17:38:18
5.068 204.780 1040.000 17:38:19
5.072 156.976 1199.512 17:38:20
5.076 160.390 906.341 17:38:21
5.064 299.683 1433.659 17:38:22
5.072 162.683 823.902 17:38:23
5.068 242.585 1267.805 17:38:24
5.072 161.683 818.537 17:38:25
5.068 337.878 1691.220 17:38:26
5.064 272.780 1388.293 17:38:27
5.072 197.390 916.098 17:38:28
5.072 160.878 852.195 17:38:29
5.056 325.659 1650.244 17:38:30
5.064 243.268 1254.146 17:38:31
5.056 256.585 1290.732 17:38:32
5.072 163.683 820.976 17:38:33
5.068 215.488 1060.000 17:38:34
5.056 350.366 1592.683 17:38:35
5.068 276.585 1305.854 17:38:36
5.060 242.585 1242.927 17:38:37
5.064 352.659 1225.854 17:38:38
5.064 245.268 1383.415 17:38:39
5.072 193.878 980.488 17:38:40
5.060 196.780 1358.049 17:38:41
5.060 267.780 1310.732 17:38:42
5.064 351.561 1670.244 17:38:43
5.072 251.683 761.463 17:38:44
5.068 161.878 826.341 17:38:45
5.072 163.976 1260.488 17:38:46
5.064 288.878 1404.390 17:38:47
5.064 250.171 1333.171 17:38:48
5.072 149.683 1038.049 17:38:49
5.068 224.683 827.805 17:38:50
5.072 194.073 819.024 17:38:51
5.064 225.780 1145.366 17:38:52
5.068 183.390 1029.268 17:38:53
5.064 248.585 1268.293 17:38:54
5.056 250.366 1270.732 17:38:55
5.068 224.390 1132.683 17:38:56
5.072 152.195 772.195 17:38:57
5.072 160.390 821.463 17:38:58
5.052 406.171 2035.610 17:38:59
5.072 224.585 1313.171 17:39:00
5.060 266.585 1148.293 17:39:01
5.072 148.780 756.098 17:39:02
5.044 405.073 2024.390 17:39:03
5.056 466.049 2374.634 17:39:04
5.064 246.683 1235.610 17:39:05
5.068 242.976 1250.244 17:39:06
5.072 149.585 760.000 17:39:07
5.060 244.073 1235.610 17:39:08
5.068 211.488 1469.756 17:39:09
5.072 149.488 876.585 17:39:10
5.076 163.073 826.341 17:39:11
5.072 217.878 1276.585 17:39:12
5.064 183.780 1067.805 17:39:13
5.064 259.366 1244.390 17:39:14
5.076 162.878 825.366 17:39:15
5.052 351.659 1793.659 17:39:16
5.072 212.976 1022.439 17:39:17
5.068 186.073 1360.488 17:39:18
5.076 151.488 770.244 17:39:19
5.064 251.366 1269.756 17:39:20
5.068 162.683 1194.146 17:39:21
5.064 249.683 1271.707 17:39:22
5.076 148.195 748.293 17:39:23
5.076 221.171 780.000 17:39:24
5.072 173.976 815.122 17:39:25
5.056 325.463 1528.780 17:39:26
5.056 382.463 1934.146 17:39:27
5.068 215.073 1088.780 17:39:28
5.072 152.195 771.220 17:39:29
5.076 161.195 817.561 17:39:31
5.064 245.366 1240.976 17:39:32
5.056 326.878 1644.878 17:39:33
5.060 245.488 1245.854 17:39:34
5.072 178.390 760.000 17:39:35
5.072 163.390 825.366 17:39:36
5.052 294.073 1606.341 17:39:37
5.060 350.073 1781.463 17:39:38
5.068 286.561 1280.976 17:39:39
5.072 152.780 770.244 17:39:40
5.068 197.293 994.146 17:39:41
5.072 154.976 847.317 17:39:42
5.064 183.878 1249.268 17:39:43
5.068 175.390 880.976 17:39:44
5.068 325.463 1264.390 17:39:45
5.064 258.366 1258.049 17:39:46
5.072 221.268 1459.512 17:39:47
5.064 215.073 1089.268 17:39:48
5.068 149.585 763.902 17:39:49
5.056 331.463 1860.000 17:39:50
5.076 152.976 776.098 17:39:51
5.068 211.585 1203.415 17:39:52
5.072 163.073 826.341 17:39:53
5.072 162.585 823.902 17:39:54
5.068 296.268 1258.049 17:39:55
5.060 275.073 1272.195 17:39:56
5.072 153.976 778.537 17:39:57
5.060 249.366 1265.366 17:39:58
5.076 152.195 772.683 17:39:59
5.072 196.171 1038.049 17:40:00
5.060 341.171 1716.098 17:40:01
5.076 162.585 755.122 17:40:02
5.068 220.073 1178.049 17:40:03
5.068 159.683 759.512 17:40:04
5.072 163.488 825.366 17:40:05
5.056 354.976 2114.634 17:40:06
5.068 192.780 980.000 17:40:07
5.064 354.561 2194.634 17:40:08
5.072 153.780 1095.122 17:40:09
5.056 250.585 1404.878 17:40:10
5.056 297.073 1397.073 17:40:11
5.068 150.098 1073.171 17:40:12
5.068 236.780 1303.415 17:40:13
5.072 223.171 1106.829 17:40:14
5.076 161.878 823.415 17:40:15
5.060 399.073 1637.073 17:40:16
5.072 162.683 827.805 17:40:17
5.072 265.976 1136.585 17:40:18
5.064 174.195 944.878 17:40:19
5.072 154.195 779.024 17:40:20
5.068 243.268 1270.732 17:40:21
5.068 245.488 827.805 17:40:22
5.064 163.293 827.317 17:40:23
5.064 229.390 1103.902 17:40:24
5.072 162.585 832.683 17:40:25
5.072 163.073 826.341 17:40:26
5.060 332.878 1399.512 17:40:27
5.072 203.878 1081.463 17:40:28
5.060 256.878 1292.195 17:40:29
5.064 401.073 1832.683 17:40:30
5.072 200.780 1025.366 17:40:31
5.064 249.976 1541.951 17:40:32
5.072 184.878 988.780 17:40:33
5.068 251.171 1239.512 17:40:34
5.064 221.780 1210.244 17:40:35
5.064 264.878 1000.488 17:40:36
5.064 277.976 1409.268 17:40:37
5.060 293.976 1578.537 17:40:38
5.076 161.878 1048.780 17:40:39
5.076 213.171 1458.537 17:40:40
5.060 250.585 1269.756 17:40:41
5.060 332.561 1687.317 17:40:42
5.064 334.659 1657.561 17:40:43
5.072 223.488 966.829 17:40:44
5.076 151.390 817.561 17:40:45
5.056 309.463 2310.732 17:40:46
5.072 198.171 1484.390 17:40:47
5.060 204.878 1264.390 17:40:48
5.072 199.976 1020.000 17:40:49
5.060 324.073 1667.317 17:40:50
5.076 160.585 823.902 17:40:51
5.076 158.780 757.073 17:40:52
5.072 161.780 819.024 17:40:53
5.076 161.195 1921.951 17:40:54
5.072 181.683 920.488 17:40:55
5.060 253.585 1285.366 17:40:56
5.068 225.171 994.146 17:40:57
5.072 194.585 1095.610 17:40:58
5.068 163.390 1280.488 17:40:59
5.072 178.878 916.585 17:41:00
5.072 248.780 887.317 17:41:01
5.076 151.195 765.854 17:41:02
5.068 155.073 966.341 17:41:03
5.068 256.463 1270.732 17:41:04
5.068 247.171 1242.927 17:41:05
5.064 252.268 1271.707 17:41:06
5.064 258.683 1342.927 17:41:07
5.064 268.268 1365.854 17:41:08
5.072 156.976 794.634 17:41:09
5.064 277.780 1314.634 17:41:10
5.068 334.756 1464.390 17:41:11
5.068 203.171 1255.610 17:41:12
5.072 163.585 1273.171 17:41:13
5.072 163.195 827.317 17:41:14
5.064 284.878 1779.024 17:41:15
5.068 245.171 1241.951 17:41:16
5.068 261.878 1270.732 17:41:17
5.072 163.780 830.244 17:41:18
5.064 249.976 1442.439 17:41:19
5.064 246.585 963.902 17:41:20
5.068 238.976 1097.561 17:41:21
5.068 213.390 1084.390 17:41:22
5.064 260.073 1260.976 17:41:23
5.072 162.390 826.341 17:41:24
5.068 265.463 1468.780 17:41:25
5.076 154.488 767.317 17:41:26
5.056 288.561 1443.415 17:41:27
5.076 211.171 1027.805 17:41:29
5.068 163.073 826.341 17:41:30
5.068 173.293 834.634 17:41:31
5.068 212.683 1072.683 17:41:32
5.060 298.683 1468.293 17:41:33
5.072 178.073 826.341 17:41:34
5.072 161.195 816.585 17:41:35
5.064 349.561 1731.707 17:41:36
5.068 227.683 1157.073 17:41:37
5.056 372.976 1822.439 17:41:38
5.072 163.195 826.341 17:41:39
5.072 159.488 750.244 17:41:40
5.064 347.756 1728.780 17:41:41
5.072 153.098 776.098 17:41:42
5.048 477.756 2053.171 17:41:43
5.072 163.195 826.341 17:41:44
5.076 148.488 760.000 17:41:45
5.048 411.268 2028.293 17:41:46
5.076 153.585 777.561 17:41:47
5.056 345.171 1309.268 17:41:48
5.072 161.585 1302.927 17:41:49
5.072 203.976 1001.463 17:41:50
5.056 351.171 1840.000 17:41:51
5.072 160.390 812.683 17:41:52
5.060 250.585 1267.805 17:41:53
5.064 220.390 1121.463 17:41:54
5.076 152.683 780.976 17:41:55
5.056 375.659 2072.195 17:41:56
5.068 342.073 1724.878 17:41:57
5.068 149.683 837.561 17:41:58
5.048 325.878 2098.049 17:41:59
5.076 162.683 823.902 17:42:00
5.072 149.585 759.512 17:42:01
5.064 253.268 1283.415 17:42:02
5.076 148.195 747.317 17:42:03
5.060 376.073 1711.220 17:42:04
5.072 262.171 891.220 17:42:05
5.064 203.585 1046.829 17:42:06
5.060 338.463 1760.488 17:42:07
5.072 149.195 755.122 17:42:08
5.076 162.488 823.415 17:42:09
5.064 480.366 1248.293 17:42:10
5.064 478.366 2277.073 17:42:11
5.052 367.073 2580.488 17:42:12
5.072 163.073 826.341 17:42:13
5.064 244.585 1233.171 17:42:14
5.056 343.073 1662.439 17:42:15
5.068 183.073 971.220 17:42:16
5.068 250.268 1872.683 17:42:17
5.072 216.390 780.000 17:42:18
5.048 356.171 1782.439 17:42:19
5.064 244.976 1267.805 17:42:20
5.072 147.390 745.854 17:42:21
5.064 220.171 1091.707 17:42:22
5.064 341.561 1293.171 17:42:23
5.072 147.293 799.024 17:42:24
5.060 332.561 1690.244 17:42:25
5.068 255.976 881.463 17:42:26
5.060 304.976 1231.707 17:42:27
5.064 249.366 1497.073 17:42:28
5.064 243.976 1234.634 17:42:29
5.068 248.366 1440.000 17:42:30
5.076 153.585 771.220 17:42:31
5.072 198.073 1275.610 17:42:32
5.072 163.073 827.317 17:42:33
5.064 199.073 1023.902 17:42:34
5.068 216.268 995.610 17:42:35
5.076 156.585 752.195 17:42:36
5.076 156.488 792.683 17:42:37
5.072 213.878 784.878 17:42:38
5.072 188.073 902.439 17:42:39
5.060 290.073 1418.537 17:42:40
5.064 249.976 1278.537 17:42:41
5.052 332.366 1385.854 17:42:42
5.072 162.780 826.341 17:42:43
5.056 378.756 1609.756 17:42:44
5.044 328.463 1662.439 17:42:45
5.072 163.293 827.317 17:42:46
5.056 278.073 1507.317 17:42:47
5.068 215.390 1089.268 17:42:48
5.052 333.976 1701.463 17:42:49
5.072 163.780 1268.293 17:42:50
5.076 157.585 760.000 17:42:51
5.068 273.585 1384.390 17:42:52
5.076 151.293 769.756 17:42:53
5.064 250.878 1231.707 17:42:54
5.056 322.268 1645.854 17:42:55
5.064 280.585 1449.756 17:42:56
5.072 192.488 976.585 17:42:57
5.072 163.488 829.756 17:42:58
5.056 356.171 2482.439 17:42:59
5.068 215.488 1063.902 17:43:00
5.076 153.390 778.537 17:43:01
5.072 154.293 1240.976 17:43:02
5.056 469.659 2368.780 17:43:03
5.060 205.488 978.049 17:43:04
5.076 176.683 748.293 17:43:05
5.068 222.390 1181.951 17:43:06
5.072 153.878 784.878 17:43:07
5.064 291.268 1335.610 17:43:08
5.068 213.878 1062.927 17:43:09
5.064 149.585 757.073 17:43:10
5.048 347.878 1233.171 17:43:11
5.064 275.463 1704.878 17:43:12
5.064 333.561 2384.878 17:43:13
5.068 196.780 1036.585 17:43:14
5.072 160.976 820.000 17:43:15
5.060 255.488 1489.756 17:43:16
5.072 152.780 779.024 17:43:17
5.060 359.659 1643.902 17:43:18
5.076 165.488 839.024 17:43:19
5.076 151.976 770.244 17:43:20
5.060 320.561 1696.098 17:43:21
5.072 186.390 1156.585 17:43:22
5.064 163.073 886.341 17:43:23
5.068 247.073 1233.171 17:43:25
5.072 209.585 1075.122 17:43:26
5.072 273.073 1315.610 17:43:27
5.072 236.268 887.805 17:43:28
5.068 190.878 880.976 17:43:29
5.072 226.390 962.439 17:43:30
5.072 185.878 995.610 17:43:31
5.076 152.878 778.537 17:43:32
5.064 361.854 1429.756 17:43:33
5.072 175.488 926.341 17:43:34
5.076 200.976 775.122 17:43:35
5.056 322.171 1245.854 17:43:36
5.072 163.293 827.317 17:43:37
5.052 374.976 1843.902 17:43:38
5.072 220.683 996.585 17:43:39
5.064 165.195 856.585 17:43:40
5.068 244.171 1240.488 17:43:41
5.064 246.878 1255.610 17:43:42
5.068 163.683 828.780 17:43:43
5.056 249.366 1269.756 17:43:44
5.064 245.683 1226.829 17:43:45
5.072 363.463 1309.756 17:43:46
5.072 195.293 1156.585 17:43:47
5.056 289.171 1428.293 17:43:48
5.064 274.976 1455.610 17:43:49
5.072 201.585 1340.488 17:43:50
5.072 160.390 820.000 17:43:51
5.064 215.585 780.000 17:43:52
5.072 162.878 825.366 17:43:53
5.076 153.585 779.024 17:43:54
5.064 252.780 1278.537 17:43:55
5.060 276.463 1380.976 17:43:56
5.048 244.488 1234.146 17:43:57
5.064 186.073 966.829 17:43:58
5.068 227.073 1144.390 17:43:59
5.060 249.878 1267.805 17:44:00
5.060 342.073 1751.220 17:44:01
5.072 162.878 826.341 17:44:02
5.060 242.268 1341.951 17:44:03
5.076 235.171 827.317 17:44:04
5.068 186.073 931.220 17:44:05
5.064 333.171 2070.244 17:44:06
5.056 415.951 1504.878 17:44:07
5.072 148.878 756.098 17:44:08
5.076 152.976 1303.415 17:44:09
5.064 251.585 1339.512 17:44:10
5.068 253.366 1269.268 17:44:11
5.060 266.073 1170.244 17:44:12
5.072 150.488 763.902 17:44:13
5.044 343.756 1326.829 17:44:14
5.064 265.976 1745.366 17:44:15
5.072 162.683 928.780 17:44:16
5.064 249.780 1332.195 17:44:17
5.072 163.976 827.317 17:44:18
5.068 259.976 1743.902 17:44:19
5.064 253.488 1282.927 17:44:20
5.068 169.780 826.341 17:44:21
5.060 328.366 1654.634 17:44:22
5.072 162.878 1269.756 17:44:23
5.072 149.390 1034.146 17:44:24
5.060 164.073 827.317 17:44:25
5.064 286.780 926.341 17:44:26
5.048 488.341 2513.659 17:44:27
5.072 152.488 768.780 17:44:28
5.068 230.878 1152.683 17:44:29
5.060 253.878 991.707 17:44:30
5.072 149.195 843.902 17:44:31
5.064 244.366 1763.902 17:44:32
5.072 162.293 826.341 17:44:33
5.052 334.366 1733.659 17:44:34
5.060 251.976 1424.390 17:44:35
5.072 149.976 760.976 17:44:36
5.064 229.683 1163.902 17:44:37
5.064 199.683 1179.024 17:44:38
5.068 171.293 830.244 17:44:39
5.064 258.585 1777.561 17:44:40
5.068 172.683 913.659 17:44:41
5.072 163.293 825.366 17:44:42
5.072 162.878 826.341 17:44:43
5.064 279.780 1881.463 17:44:44
5.052 484.049 1701.463 17:44:45
5.072 156.488 763.415 17:44:46
5.060 242.073 1230.244 17:44:47
5.072 162.683 1103.902 17:44:48
5.056 291.683 2313.659 17:44:49
5.068 163.683 830.244 17:44:50
5.072 223.488 799.024 17:44:51
5.056 339.268 1679.024 17:44:52
5.064 285.976 1360.488 17:44:53
5.072 149.098 756.098 17:44:54
5.060 243.585 1232.195 17:44:55
5.076 162.976 827.317 17:44:56
5.060 339.366 1716.098 17:44:57
5.068 274.780 1218.049 17:44:58
5.072 149.878 752.195 17:44:59
5.064 252.268 1696.098 17:45:00
5.072 162.780 829.756 17:45:01
5.052 338.756 1711.220 17:45:02
5.056 319.366 1255.610 17:45:03
5.076 147.390 752.195 17:45:04
5.072 195.878 1557.561 17:45:05
5.076 279.683 1040.488 17:45:06
5.060 232.171 1396.098 17:45:07
5.072 164.390 1015.610 17:45:08
5.068 241.976 1159.024 17:45:09
5.056 405.171 2160.488 17:45:10
5.076 149.390 757.073 17:45:11
5.060 355.073 1275.610 17:45:12
5.064 253.171 1427.317 17:45:13
5.072 152.585 773.659 17:45:14
5.072 162.390 844.878 17:45:15
5.072 226.073 1252.195 17:45:16
5.068 195.878 944.878 17:45:17
5.060 225.390 1140.488 17:45:18
5.072 150.293 761.463 17:45:19
5.076 160.585 818.537 17:45:20
5.068 290.683 1433.171 17:45:22
5.068 244.878 1280.976 17:45:23
5.044 315.561 1433.171 17:45:24
5.076 163.293 828.780 17:45:25
5.068 200.780 1491.220 17:45:26
5.068 163.878 830.244 17:45:27
5.068 226.073 1386.829 17:45:28
5.072 206.171 1733.659 17:45:29
5.072 156.976 1425.854 17:45:30
5.064 242.683 1224.390 17:45:31
5.056 469.951 2422.439 17:45:32
5.072 162.488 827.805 17:45:33
5.060 161.390 1179.024 17:45:34
5.060 310.171 1304.390 17:45:35
5.068 215.976 1094.146 17:45:36
5.072 244.683 1239.024 17:45:37
5.060 359.366 1851.220 17:45:38
5.076 151.098 754.634 17:45:39
5.064 258.585 1236.585 17:45:40
5.064 266.683 1771.220 17:45:41
5.068 220.976 1397.073 17:45:42
5.056 344.463 1657.561 17:45:43
5.068 149.390 761.463 17:45:44
5.048 322.976 2053.171 17:45:45
5.064 267.683 1807.805 17:45:46
5.068 239.878 1300.976 17:45:47
5.064 368.463 1628.780 17:45:48
5.076 152.585 771.220 17:45:49
5.060 338.463 1654.634 17:45:50
5.072 163.780 831.220 17:45:51
5.064 271.268 1522.439 17:45:52
5.068 189.293 1373.659 17:45:53
5.068 214.683 992.683 17:45:54
5.072 202.878 820.976 17:45:55
5.056 331.659 1882.927 17:45:56
5.076 163.195 900.976 17:45:57
5.076 161.683 1313.171 17:45:58
5.060 340.171 1794.146 17:45:59
5.064 245.976 1424.390 17:46:00
5.072 294.171 1078.049 17:46:01
5.072 156.585 797.561 17:46:02
5.076 165.488 849.756 17:46:03
5.068 260.585 1306.829 17:46:04
5.068 300.366 1255.610 17:46:05
5.076 151.683 769.756 17:46:06
5.076 161.780 824.878 17:46:07
5.072 258.878 1058.049 17:46:08
5.068 179.585 828.780 17:46:09
5.076 163.195 1337.073 17:46:10
5.076 168.878 760.000 17:46:11
5.072 164.390 1010.244 17:46:12
5.076 161.683 897.561 17:46:13
5.056 297.268 1316.098 17:46:14
5.056 252.780 1791.220 17:46:15
5.072 162.683 1337.073 17:46:16
5.052 403.366 2116.585 17:46:17
5.068 226.488 1079.024 17:46:18
5.072 160.878 816.098 17:46:19
5.068 253.073 1263.415 17:46:20
5.072 161.195 817.561 17:46:21
5.068 229.585 1165.366 17:46:22
5.072 187.073 951.220 17:46:23
5.056 246.585 1840.000 17:46:24
5.064 316.561 1962.927 17:46:25
5.068 289.780 1378.537 17:46:26
5.076 149.098 1086.829 17:46:27
5.072 156.585 795.122 17:46:28
5.076 228.878 851.220 17:46:29
5.064 211.171 1066.341 17:46:30
5.068 243.683 1271.707 17:46:31
5.076 149.098 760.976 17:46:32
5.048 368.171 1860.000 17:46:33
5.072 193.976 1172.683 17:46:34
5.068 260.171 1219.512 17:46:35
5.076 164.073 1391.707 17:46:36
5.072 257.073 939.024 17:46:37
5.068 288.171 1281.951 17:46:38
5.068 249.268 1275.610 17:46:39
5.060 404.366 1759.024 17:46:40
5.064 332.561 2216.098 17:46:41
5.072 153.488 776.098 17:46:42
5.076 162.073 826.341 17:46:43
5.060 326.976 1663.902 17:46:44
5.060 282.780 1484.878 17:46:45
5.072 252.268 1384.878 17:46:46
5.072 196.780 1062.927 17:46:47
5.064 244.878 1246.829 17:46:48
5.072 178.683 911.220 17:46:49
5.068 251.488 1418.049 17:46:50
5.064 284.561 1281.951 17:46:51
5.068 338.171 2388.780 17:46:52
5.072 171.585 833.659 17:46:53
5.072 212.585 1042.927 17:46:54
5.076 161.976 1239.024 17:46:55
5.056 250.171 1460.000 17:46:56
5.064 252.585 1235.610 17:46:57
5.040 508.659 2437.561 17:46:58
5.076 149.585 759.512 17:46:59
5.072 162.585 825.366 17:47:00
5.068 277.976 1976.585 17:47:01
5.072 173.780 892.683 17:47:02
5.064 277.585 1404.390 17:47:03
5.068 229.585 1213.171 17:47:04
5.076 149.293 766.341 17:47:05
5.068 267.463 1240.976 17:47:06
5.060 335.171 1409.268 17:47:07
5.052 358.561 1457.073 17:47:08
5.076 163.780 826.341 17:47:09
5.072 154.780 780.976 17:47:10
5.068 244.878 1339.512 17:47:11
5.076 154.585 1396.098 17:47:12
5.068 228.171 1119.512 17:47:13
5.044 251.683 1315.610 17:47:14
5.072 172.195 820.000 17:47:15
5.068 246.780 1248.293 17:47:17
5.076 194.073 1220.488 17:47:18
5.056 367.854 1693.659 17:47:19
5.068 245.171 1242.927 17:47:20
5.060 305.073 1884.390 17:47:21
5.072 163.073 830.244 17:47:22
5.076 156.073 792.195 17:47:23
5.076 217.878 776.098 17:47:24
5.060 284.073 1010.244 17:47:25
5.064 246.585 1265.366 17:47:26
5.060 249.488 1720.976 17:47:27
5.068 197.780 1022.927 17:47:28
5.072 153.293 780.976 17:47:29
5.072 161.585 816.098 17:47:30
5.044 413.366 2125.366 17:47:31
5.068 243.585 1237.073 17:47:32
5.064 242.976 1236.585 17:47:33
5.072 264.878 993.659 17:47:34
5.072 162.976 827.805 17:47:35
5.072 196.780 1499.512 17:47:36
5.064 312.561 1650.244 17:47:37
5.064 244.268 1318.537 17:47:38
5.072 164.293 1047.805 17:47:39
5.068 273.268 1274.634 17:47:40
5.060 325.780 1472.195 17:47:41
5.064 250.488 1272.195 17:47:42
5.060 293.073 1430.732 17:47:43
5.068 269.976 1316.098 17:47:44
5.072 153.390 780.976 17:47:45
5.052 417.561 2072.195 17:47:46
5.056 388.171 2150.732 17:47:47
5.064 247.585 1363.415 17:47:48
5.064 241.073 1729.756 17:47:49
5.072 163.073 827.317 17:47:50
5.056 243.683 1246.829 17:47:51
5.060 285.268 1561.463 17:47:52
5.072 219.780 1129.268 17:47:53
5.064 245.268 1244.390 17:47:54
5.072 163.780 1095.610 17:47:55
5.068 225.976 1147.805 17:47:56
5.064 249.585 1274.634 17:47:57
5.072 147.683 754.634 17:47:58
5.064 250.683 1274.634 17:47:59
5.072 214.585 1105.366 17:48:00
5.068 251.366 827.317 17:48:01
5.064 238.683 1210.732 17:48:02
5.072 154.073 758.537 17:48:03
5.060 381.268 1451.220 17:48:04
5.064 256.976 1281.951 17:48:05
5.072 151.976 794.634 17:48:06
5.056 282.366 1938.049 17:48:07
5.072 148.098 750.244 17:48:08
5.068 251.878 1338.049 17:48:09
5.064 294.073 1235.610 17:48:10
5.072 163.073 827.805 17:48:11
5.040 444.146 1476.098 17:48:12
5.068 206.585 1623.902 17:48:13
5.064 251.585 1277.073 17:48:14
5.064 251.268 1677.561 17:48:15
5.064 214.683 1106.829 17:48:16
5.064 278.585 1282.927 17:48:17
5.072 206.585 827.805 17:48:18
5.068 190.293 1072.683 17:48:19
5.072 183.976 940.488 17:48:20
5.076 162.976 830.244 17:48:21
5.076 162.683 829.756 17:48:22
5.060 250.366 1246.829 17:48:23
5.052 296.463 1393.171 17:48:24
5.060 175.073 843.902 17:48:25
5.068 196.976 1001.463 17:48:26
5.064 163.488 830.244 17:48:27
5.064 285.976 1426.829 17:48:28
5.064 320.561 1395.610 17:48:29
5.076 149.683 753.659 17:48:30
5.072 156.195 793.659 17:48:31
5.072 163.293 829.756 17:48:32
5.040 465.463 1313.171 17:48:33
5.068 248.171 1259.512 17:48:34
5.068 205.683 1004.878 17:48:35
5.060 325.366 1643.415 17:48:36
5.056 398.366 1686.341 17:48:37
5.068 163.073 829.756 17:48:38
5.072 163.073 827.317 17:48:39
5.064 253.585 1276.585 17:48:40
5.060 287.561 1473.659 17:48:41
5.064 474.146 1294.146 17:48:42
5.068 243.073 1229.268 17:48:43
5.068 265.683 1358.537 17:48:44
5.060 206.390 863.902 17:48:45
5.068 215.390 1095.122 17:48:46
5.072 161.683 816.098 17:48:47
5.076 163.488 828.780 17:48:48
5.056 227.073 836.585 17:48:49
5.064 249.878 1228.293 17:48:50
5.072 152.780 772.195 17:48:51
5.072 162.780 826.341 17:48:52
5.072 216.585 1154.146 17:48:53
5.060 272.073 1563.415 17:48:54
5.072 162.878 826.341 17:48:55
5.064 289.366 1703.902 17:48:56
5.052 437.049 2213.659 17:48:57
5.076 160.780 872.683 17:48:58
5.076 163.073 824.878 17:48:59
5.052 467.244 2395.122 17:49:00
5.064 252.488 1397.073 17:49:01
5.076 149.976 762.439 17:49:02
5.076 156.878 983.902 17:49:03
5.064 249.073 1318.537 17:49:04
5.056 338.366 1559.512 17:49:05
5.064 241.976 1741.463 17:49:06
5.072 206.488 757.561 17:49:07
5.060 325.463 1032.683 17:49:08
5.068 246.366 1375.610 17:49:09
5.064 283.073 1278.049 17:49:10
5.072 260.073 1439.512 17:49:12
5.072 148.683 751.220 17:49:13
5.056 336.171 1703.902 17:49:14
5.068 157.073 789.756 17:49:15
5.064 245.878 1235.610 17:49:16
5.064 246.878 1654.634 17:49:17
5.064 271.976 1116.585 17:49:18
5.060 277.683 1495.122 17:49:19
5.072 308.366 1794.146 17:49:20
5.068 204.683 1013.659 17:49:21
5.060 328.561 1599.024 17:49:22
5.072 176.780 1259.512 17:49:23
5.064 302.683 1680.000 17:49:24
5.064 251.073 1274.634 17:49:25
5.076 165.195 862.439 17:49:26
5.056 359.073 1786.341 17:49:27
5.068 185.585 1404.878 17:49:28
5.068 256.878 823.415 17:49:29
5.056 365.463 1883.902 17:49:30
5.076 153.683 776.098 17:49:31
5.068 238.976 1235.610 17:49:32
5.076 162.976 827.805 17:49:33
5.072 162.488 826.341 17:49:34
5.072 196.390 1002.927 17:49:35
5.068 204.683 1121.951 17:49:36
5.068 226.171 1116.585 17:49:37
5.052 420.854 2129.268 17:49:38
5.076 275.463 1567.317 17:49:39
5.072 163.683 832.683 17:49:40
5.068 217.390 773.659 17:49:41
5.056 328.878 1250.244 17:49:42
5.068 266.463 1247.805 17:49:43
5.072 162.683 1574.634 17:49:44
5.072 148.976 752.683 17:49:45
5.076 162.488 824.878 17:49:46
5.072 154.073 779.024 17:49:47
5.044 238.878 1264.390 17:49:48
5.068 162.976 827.317 17:49:49
5.072 147.195 752.683 17:49:50
5.072 210.585 1120.488 17:49:51
5.076 147.878 743.415 17:49:52
5.072 148.780 754.634 17:49:53
5.072 201.585 1053.171 17:49:54
5.076 147.098 751.220 17:49:55
5.076 147.585 746.341 17:49:56
5.068 246.976 1272.195 17:49:57
5.076 146.878 748.780 17:49:58
5.072 160.293 809.756 17:49:59
5.072 156.390 754.634 17:50:00
5.072 245.585 1100.488 17:50:01
5.072 149.293 745.854 17:50:02
5.072 147.488 744.878 17:50:03
5.076 162.293 924.878 17:50:04
5.072 147.488 746.341 17:50:05
5.072 202.293 1034.146 17:50:06
5.076 147.195 743.902 17:50:07
5.072 163.878 747.317 17:50:08
