5.060 334.890 1654.390 15:37:20
5.076 159.890 811.707 15:37:21
5.080 147.098 745.610 15:37:22
5.060 261.793 1250.488 15:37:23
5.076 152.000 774.146 15:37:24
5.076 145.793 742.439 15:37:25
5.072 161.598 818.049 15:37:26
5.072 146.390 747.317 15:37:27
5.060 399.598 1621.463 15:37:28
5.068 254.585 1009.268 15:37:29
5.064 244.976 1233.171 15:37:30
5.076 178.073 900.000 15:37:31
5.076 161.976 820.976 15:37:32
5.068 191.073 919.024 15:37:33
5.068 209.585 1082.927 15:37:34
5.072 224.390 1130.244 15:37:35
5.072 199.780 1012.683 15:37:36
5.072 162.683 966.341 15:37:37
5.076 148.878 743.902 15:37:38
5.060 265.976 1401.951 15:37:39
5.068 219.585 1111.707 15:37:40
5.072 159.585 809.756 15:37:41
5.072 148.683 755.122 15:37:42
5.076 146.488 740.976 15:37:43
5.064 281.683 1468.293 15:37:44
5.068 155.390 787.805 15:37:45
5.072 161.878 924.878 15:37:46
5.072 162.293 1259.024 15:37:47
5.072 193.683 931.220 15:37:48
5.052 276.171 1485.854 15:37:49
5.060 275.268 1389.268 15:37:50
5.072 159.390 804.878 15:37:51
5.072 161.780 821.463 15:37:52
5.072 147.976 754.634 15:37:53
5.072 294.366 1058.049 15:37:54
5.072 162.488 1700.000 15:37:55
5.060 284.878 1444.878 15:37:56
5.076 173.585 816.585 15:37:57
5.076 150.195 766.341 15:37:58
5.068 151.195 772.195 15:38:00
5.076 148.293 754.634 15:38:01
5.076 159.488 808.780 15:38:02
5.060 322.878 1879.024 15:38:03
5.072 161.780 1309.268 15:38:04
5.064 310.976 823.415 15:38:05
5.072 149.195 754.634 15:38:06
5.072 161.878 816.585 15:38:07
5.076 248.366 820.976 15:38:08
5.056 228.780 1187.805 15:38:09
5.068 218.780 937.561 15:38:10
5.076 152.195 863.415 15:38:11
5.064 247.683 2090.732 15:38:12
5.072 170.683 822.439 15:38:13
5.064 242.366 1225.366 15:38:14
5.064 221.488 1154.146 15:38:15
5.068 222.878 1282.927 15:38:16
5.072 161.488 826.341 15:38:17
5.072 148.390 780.000 15:38:18
5.076 161.878 816.585 15:38:19
5.068 155.976 753.659 15:38:20
5.068 331.659 1103.902 15:38:21
5.076 152.878 771.220 15:38:22
5.076 146.195 743.415 15:38:23
5.064 162.390 824.878 15:38:24
5.076 159.976 812.683 15:38:25
5.060 275.171 1388.293 15:38:26
5.072 226.585 1867.805 15:38:27
5.068 214.683 1158.049 15:38:28
5.060 161.780 820.976 15:38:29
5.076 151.195 764.878 15:38:30
5.052 428.854 1945.366 15:38:31
5.072 193.976 1272.195 15:38:32
5.060 325.561 1597.561 15:38:33
5.072 221.073 928.780 15:38:34
5.072 197.878 916.585 15:38:35
5.068 210.488 949.268 15:38:36
5.072 149.488 751.220 15:38:37
5.060 325.171 1747.805 15:38:38
5.076 155.390 787.805 15:38:39
5.068 196.390 977.561 15:38:40
5.072 151.878 768.293 15:38:41
5.072 151.878 771.220 15:38:42
5.076 161.878 821.463 15:38:43
5.072 147.098 745.854 15:38:44
5.052 403.073 1457.073 15:38:45
5.076 148.488 744.878 15:38:46
5.072 195.976 936.098 15:38:47
5.076 161.073 822.439 15:38:48
5.068 212.878 1067.805 15:38:49
5.056 346.171 1601.463 15:38:50
5.072 147.293 752.683 15:38:51
5.068 200.073 1274.146 15:38:52
5.056 358.171 1627.317 15:38:53
5.076 147.683 755.122 15:38:54
5.076 156.585 789.756 15:38:55
5.068 248.585 1024.390 15:38:56
5.072 209.878 775.122 15:38:57
5.072 162.390 822.439 15:38:58
5.072 161.780 821.463 15:38:59
5.076 154.293 783.902 15:39:00
5.076 187.488 916.585 15:39:01
5.072 152.683 775.122 15:39:02
5.076 152.098 1140.488 15:39:03
5.076 154.585 787.317 15:39:04
5.072 161.976 821.463 15:39:05
5.072 189.585 977.561 15:39:06
5.072 181.878 913.659 15:39:07
5.068 243.171 1318.537 15:39:08
5.068 222.976 1029.268 15:39:09
5.068 301.073 1070.732 15:39:10
5.072 152.098 779.024 15:39:11
5.076 159.585 1063.902 15:39:12
5.068 153.195 778.537 15:39:13
5.068 242.976 1237.073 15:39:14
5.064 246.683 1233.171 15:39:15
5.064 262.585 1298.537 15:39:16
5.072 187.171 916.585 15:39:17
5.076 151.976 774.634 15:39:18
5.072 159.390 806.341 15:39:19
5.072 161.073 820.976 15:39:20
5.072 243.366 1318.537 15:39:21
5.056 310.780 2037.073 15:39:22
5.072 193.683 953.659 15:39:23
5.072 145.976 743.902 15:39:24
5.068 169.073 820.000 15:39:25
5.072 159.683 812.683 15:39:26
5.052 414.561 2114.634 15:39:27
5.064 373.976 1892.683 15:39:28
5.076 147.976 754.634 15:39:29
5.064 239.976 1216.585 15:39:30
5.076 152.780 827.805 15:39:31
5.056 271.780 1660.976 15:39:32
5.060 345.171 1628.780 15:39:33
5.076 153.488 776.098 15:39:34
5.064 323.780 1873.171 15:39:35
5.068 183.390 922.927 15:39:36
5.076 245.171 1623.415 15:39:37
5.072 160.488 812.683 15:39:38
5.068 243.073 1141.463 15:39:39
5.068 222.976 1020.000 15:39:40
5.072 173.683 835.122 15:39:41
5.068 197.878 992.683 15:39:42
5.072 162.878 821.463 15:39:43
5.056 373.659 1468.293 15:39:44
5.060 210.488 1069.268 15:39:45
5.072 147.780 751.220 15:39:46
5.072 162.073 820.976 15:39:47
5.076 249.366 820.000 15:39:48
5.068 244.073 1234.146 15:39:49
5.072 162.073 826.341 15:39:50
5.076 147.293 746.341 15:39:51
5.072 161.683 819.024 15:39:52
5.072 249.683 1071.707 15:39:53
5.072 146.195 792.195 15:39:54
5.064 473.244 1579.512 15:39:55
5.072 159.878 812.683 15:39:57
5.052 477.049 2377.561 15:39:58
5.064 215.780 777.073 15:39:59
5.072 146.878 742.439 15:40:00
5.056 315.561 1487.317 15:40:01
5.072 147.878 754.634 15:40:02
5.052 425.463 1967.805 15:40:03
5.068 243.976 1107.805 15:40:04
5.068 208.390 1080.000 15:40:05
5.072 149.098 987.805 15:40:06
5.072 146.683 745.854 15:40:07
5.068 280.366 1408.293 15:40:08
5.064 149.098 752.683 15:40:09
5.076 148.098 755.122 15:40:10
5.072 189.780 814.634 15:40:11
5.072 153.878 751.220 15:40:12
5.056 406.463 2106.829 15:40:13
5.072 152.878 856.585 15:40:14
5.068 320.171 1428.293 15:40:15
5.076 161.683 825.366 15:40:16
5.076 153.098 780.976 15:40:17
5.064 162.683 824.878 15:40:18
5.072 147.195 742.439 15:40:19
5.060 402.561 2125.366 15:40:20
5.072 148.976 752.195 15:40:21
5.072 154.976 1326.829 15:40:22
5.072 146.585 747.317 15:40:23
5.076 148.293 749.756 15:40:24
5.068 215.488 1629.756 15:40:25
5.056 322.366 1353.171 15:40:26
5.064 244.488 1240.488 15:40:27
5.072 194.976 908.780 15:40:28
5.072 153.293 1160.488 15:40:29
5.072 172.293 954.146 15:40:30
5.072 161.390 818.537 15:40:31
5.060 325.561 1642.439 15:40:32
5.072 218.073 1170.244 15:40:33
5.060 239.585 1261.951 15:40:34
5.068 220.976 1042.927 15:40:35
5.072 160.683 801.463 15:40:36
5.072 151.976 1013.659 15:40:37
5.076 149.293 1129.268 15:40:38
5.064 251.976 1254.146 15:40:39
5.072 149.098 753.659 15:40:40
5.072 161.878 823.902 15:40:41
5.076 160.780 813.659 15:40:42
5.072 153.390 777.561 15:40:43
5.076 155.195 785.854 15:40:44
5.072 150.098 762.439 15:40:45
5.068 187.976 942.439 15:40:46
5.072 148.683 750.244 15:40:47
5.072 161.488 820.000 15:40:48
5.064 155.585 754.634 15:40:49
5.060 317.659 1063.902 15:40:50
5.068 351.659 2233.659 15:40:51
5.072 152.976 777.073 15:40:52
5.060 253.780 1497.561 15:40:53
5.076 152.780 946.341 15:40:54
5.064 212.976 1076.585 15:40:55
5.064 381.171 1608.293 15:40:56
5.064 242.073 1011.220 15:40:57
5.072 160.293 814.634 15:40:58
5.076 189.585 1267.805 15:40:59
5.072 304.683 1268.293 15:41:00
5.072 159.976 812.683 15:41:01
5.076 147.293 1337.073 15:41:02
5.064 248.585 1591.220 15:41:03
5.064 186.780 908.780 15:41:04
5.048 242.878 1702.927 15:41:05
5.076 218.171 856.585 15:41:06
5.068 193.293 1036.585 15:41:07
5.068 173.293 879.024 15:41:08
5.076 259.585 752.683 15:41:09
5.072 285.073 2054.146 15:41:10
5.064 188.976 911.707 15:41:11
5.056 326.878 1626.341 15:41:12
5.072 253.171 990.244 15:41:13
5.068 238.268 1321.951 15:41:14
5.072 278.683 871.220 15:41:15
5.072 151.878 794.634 15:41:16
5.060 254.585 1387.317 15:41:17
5.076 172.976 877.561 15:41:18
5.064 248.683 823.902 15:41:19
5.072 182.390 808.780 15:41:20
5.068 245.976 1053.171 15:41:21
5.072 150.976 763.902 15:41:22
5.072 152.195 882.439 15:41:23
5.064 263.171 1519.512 15:41:24
5.072 243.683 1079.024 15:41:25
5.072 160.585 813.659 15:41:26
5.072 176.780 1004.878 15:41:27
5.072 147.098 743.902 15:41:28
5.076 160.390 812.195 15:41:29
5.072 160.293 811.220 15:41:30
5.068 244.366 1383.415 15:41:31
5.068 161.195 822.439 15:41:32
5.072 201.585 914.146 15:41:33
5.072 151.878 772.195 15:41:34
5.072 245.585 819.024 15:41:35
5.068 196.878 872.195 15:41:36
5.076 162.585 823.902 15:41:37
5.072 193.488 965.366 15:41:38
5.068 148.683 752.195 15:41:39
5.076 146.293 746.341 15:41:40
5.072 179.585 822.439 15:41:41
5.064 291.780 1464.390 15:41:42
5.064 271.976 1454.634 15:41:43
5.064 251.878 1434.634 15:41:44
5.068 225.488 783.902 15:41:45
5.072 152.195 774.634 15:41:46
5.068 161.683 819.024 15:41:47
5.068 152.976 772.683 15:41:48
5.072 165.390 769.756 15:41:49
5.064 242.488 1390.732 15:41:51
5.072 161.976 1606.341 15:41:52
5.056 241.878 1254.146 15:41:53
5.072 162.073 820.000 15:41:54
5.072 167.073 820.000 15:41:55
5.072 161.878 823.902 15:41:56
5.064 217.073 1024.390 15:41:57
5.064 281.463 1324.390 15:41:58
5.076 204.488 816.098 15:41:59
5.072 160.293 812.683 15:42:00
5.068 246.171 1631.220 15:42:01
5.064 188.780 861.463 15:42:02
5.068 232.878 1364.878 15:42:03
5.076 157.195 931.707 15:42:04
5.068 197.585 1526.341 15:42:05
5.072 151.976 776.098 15:42:06
5.072 162.488 812.195 15:42:07
5.060 326.073 1632.683 15:42:08
5.072 214.268 1265.366 15:42:09
5.056 342.561 1703.902 15:42:10
5.060 150.976 819.024 15:42:11
5.072 176.073 820.976 15:42:12
5.060 283.878 822.439 15:42:13
5.068 187.488 965.366 15:42:14
5.060 306.171 2324.878 15:42:15
5.076 147.683 752.195 15:42:16
5.072 161.195 811.220 15:42:17
5.068 161.976 832.683 15:42:18
5.064 266.366 1497.561 15:42:19
5.052 407.659 2059.512 15:42:20
5.076 151.293 1144.390 15:42:21
5.068 230.268 1230.732 15:42:22
5.072 151.780 770.244 15:42:23
5.076 152.878 779.024 15:42:24
5.068 266.171 1449.756 15:42:25
5.076 148.780 752.195 15:42:26
5.064 276.683 1408.293 15:42:27
5.076 146.390 744.878 15:42:28
5.072 162.073 820.000 15:42:29
5.076 150.390 760.976 15:42:30
5.064 267.268 1370.732 15:42:31
5.072 152.585 769.756 15:42:32
5.072 150.488 831.220 15:42:33
5.064 252.488 1303.415 15:42:34
5.072 150.878 762.439 15:42:35
5.072 307.171 2042.927 15:42:36
5.072 214.073 1033.171 15:42:37
5.068 180.488 819.024 15:42:38
5.072 154.073 777.073 15:42:39
5.076 147.195 742.439 15:42:40
5.064 190.585 987.805 15:42:41
5.076 150.976 763.902 15:42:42
5.068 290.268 1942.927 15:42:43
5.076 169.683 773.659 15:42:44
5.076 148.585 752.683 15:42:45
5.056 389.366 1860.488 15:42:46
5.072 148.780 803.415 15:42:47
5.064 247.683 1267.805 15:42:48
5.072 221.488 879.024 15:42:49
5.052 397.854 1883.902 15:42:50
5.068 212.390 1078.049 15:42:51
5.072 152.195 749.756 15:42:52
5.060 256.780 822.439 15:42:53
5.072 159.878 820.976 15:42:54
5.076 152.293 848.780 15:42:55
5.060 330.659 2353.171 15:42:56
5.068 215.171 1080.000 15:42:57
5.076 174.195 824.878 15:42:58
5.072 204.585 967.805 15:42:59
5.060 246.780 1987.805 15:43:00
5.072 215.976 776.098 15:43:01
5.076 148.195 755.122 15:43:02
5.072 194.683 1285.854 15:43:03
5.064 181.683 950.244 15:43:04
5.048 321.659 1842.927 15:43:05
5.076 152.195 771.220 15:43:06
5.068 175.780 993.659 15:43:07
5.072 159.878 1128.293 15:43:08
5.072 158.585 812.195 15:43:09
5.052 327.561 1639.024 15:43:10
5.060 275.268 1513.171 15:43:11
5.076 149.098 754.634 15:43:12
5.076 161.878 822.439 15:43:13
5.072 202.488 951.220 15:43:14
5.076 162.390 823.902 15:43:15
5.072 149.293 976.098 15:43:16
5.072 251.780 1305.854 15:43:17
5.076 152.098 770.244 15:43:18
5.072 147.683 752.195 15:43:19
5.072 193.073 1002.927 15:43:20
5.072 183.171 1340.488 15:43:21
5.060 282.463 1413.659 15:43:22
5.076 147.976 757.561 15:43:23
5.064 261.976 1234.634 15:43:24
5.076 162.390 1358.537 15:43:25
5.072 218.390 1341.951 15:43:26
5.076 162.073 821.463 15:43:27
5.068 148.390 752.195 15:43:28
5.076 146.976 742.439 15:43:29
5.072 146.585 743.415 15:43:30
5.072 159.585 811.220 15:43:31
5.068 248.780 1310.732 15:43:32
5.056 315.659 1436.098 15:43:33
5.072 292.463 1113.171 15:43:34
5.072 146.683 747.317 15:43:35
5.076 161.390 820.976 15:43:36
5.076 160.878 1252.195 15:43:37
5.072 161.976 824.878 15:43:38
5.068 290.561 1260.976 15:43:39
5.072 208.390 896.098 15:43:40
5.072 159.976 814.634 15:43:41
5.076 150.293 765.854 15:43:42
5.064 253.878 2372.195 15:43:43
5.044 443.951 2099.024 15:43:44
5.072 148.195 752.683 15:43:46
5.064 317.171 1360.976 15:43:47
5.072 209.073 752.195 15:43:48
5.072 161.878 820.976 15:43:49
5.072 197.976 1238.049 15:43:50
5.072 183.293 916.098 15:43:51
5.064 251.171 1247.805 15:43:52
5.072 250.585 1334.634 15:43:53
5.076 148.390 750.244 15:43:54
5.072 175.195 820.976 15:43:55
5.064 281.366 1460.976 15:43:56
5.048 448.146 2295.610 15:43:57
5.072 162.195 1091.707 15:43:58
5.072 148.293 1088.780 15:43:59
5.072 151.683 950.244 15:44:00
5.072 161.073 821.463 15:44:01
5.072 161.976 823.902 15:44:02
5.068 241.780 1236.585 15:44:03
5.068 263.073 1027.805 15:44:04
5.072 181.878 945.366 15:44:05
5.064 242.683 1519.512 15:44:06
5.068 233.878 779.024 15:44:07
5.072 208.073 1165.854 15:44:08
5.072 159.780 810.244 15:44:09
5.072 160.390 813.659 15:44:10
5.060 329.366 1225.366 15:44:11
5.052 225.683 1139.512 15:44:12
5.072 203.683 1035.610 15:44:13
5.072 161.073 821.463 15:44:14
5.072 226.488 820.976 15:44:15
5.052 298.171 1466.829 15:44:16
5.072 188.073 1292.195 15:44:17
5.072 148.878 748.780 15:44:18
5.068 249.780 1520.976 15:44:19
5.072 231.171 1150.244 15:44:20
5.072 160.683 807.317 15:44:21
5.056 395.073 1703.902 15:44:22
5.076 148.780 751.220 15:44:23
5.064 162.293 822.439 15:44:24
5.076 161.780 816.098 15:44:25
5.060 422.854 1486.341 15:44:26
5.072 162.195 1239.512 15:44:27
5.052 353.073 1687.805 15:44:28
5.068 210.488 1070.732 15:44:29
5.076 296.976 1156.585 15:44:30
5.076 163.780 830.244 15:44:31
5.072 255.268 820.976 15:44:32
5.068 346.976 1667.805 15:44:33
5.064 301.976 1433.659 15:44:34
5.072 200.073 964.878 15:44:35
5.072 153.195 775.122 15:44:36
5.072 148.195 750.244 15:44:37
5.076 152.585 766.341 15:44:38
5.072 161.976 928.780 15:44:39
5.064 245.585 1260.976 15:44:40
5.076 213.780 1108.293 15:44:41
5.068 214.976 823.902 15:44:42
5.068 162.293 824.878 15:44:43
5.072 253.780 1497.561 15:44:44
5.072 212.488 924.878 15:44:45
5.076 162.073 821.463 15:44:46
5.072 161.293 822.439 15:44:47
5.072 255.366 1290.732 15:44:48
5.060 258.683 1498.537 15:44:49
5.072 147.390 742.439 15:44:50
5.072 160.073 812.683 15:44:51
5.072 169.683 820.976 15:44:52
5.076 151.488 771.220 15:44:53
5.072 150.878 764.878 15:44:54
5.072 161.585 816.585 15:44:55
5.072 160.683 1099.512 15:44:56
5.072 160.488 812.683 15:44:57
5.064 210.488 1075.610 15:44:58
5.076 148.488 787.805 15:44:59
5.076 160.293 812.683 15:45:00
5.068 245.488 1260.976 15:45:01
5.068 284.878 1290.732 15:45:02
5.064 161.780 820.976 15:45:03
5.076 146.488 748.780 15:45:04
5.064 203.976 983.902 15:45:05
5.060 369.854 1620.000 15:45:06
5.048 423.951 2581.463 15:45:07
5.072 190.878 810.244 15:45:08
5.072 185.976 753.659 15:45:09
5.072 152.780 774.634 15:45:10
5.072 148.195 752.195 15:45:11
5.072 307.463 817.561 15:45:12
5.064 243.878 1236.585 15:45:13
5.072 174.195 892.683 15:45:14
5.068 302.171 1215.610 15:45:15
5.072 162.585 778.537 15:45:16
5.072 162.390 825.366 15:45:17
5.072 259.585 893.659 15:45:18
5.068 338.463 1438.049 15:45:19
5.068 246.073 1247.805 15:45:20
5.072 203.488 1268.293 15:45:21
5.076 161.073 820.976 15:45:22
5.068 149.293 752.683 15:45:23
5.076 160.585 812.683 15:45:24
5.072 161.390 822.439 15:45:25
5.072 214.390 1076.585 15:45:26
5.056 376.366 1755.122 15:45:27
5.076 146.878 748.293 15:45:28
5.072 162.073 1239.024 15:45:29
5.072 164.195 833.659 15:45:30
5.072 161.683 822.439 15:45:31
5.064 259.780 959.024 15:45:32
5.068 214.073 1161.951 15:45:33
5.076 148.683 756.098 15:45:34
5.072 175.878 1034.146 15:45:35
5.056 348.366 2112.195 15:45:36
5.068 327.976 1302.927 15:45:37
5.072 192.878 1193.171 15:45:38
5.072 161.878 822.439 15:45:39
5.076 146.683 743.415 15:45:41
5.076 161.195 823.902 15:45:42
5.068 203.293 823.415 15:45:43
5.056 342.561 1794.146 15:45:44
5.072 161.585 820.976 15:45:45
5.068 212.878 1442.439 15:45:46
5.060 278.878 1769.268 15:45:47
5.072 170.683 768.780 15:45:48
5.072 219.268 1177.073 15:45:49
5.068 199.390 942.927 15:45:50
5.068 215.780 1416.098 15:45:51
5.060 246.073 1292.195 15:45:52
5.072 147.683 748.780 15:45:53
5.072 147.195 742.439 15:45:54
5.068 452.951 2275.610 15:45:55
5.060 289.683 1685.366 15:45:56
5.072 198.976 1076.585 15:45:57
5.068 223.585 1112.683 15:45:58
5.076 148.390 1156.585 15:45:59
5.048 353.268 1635.122 15:46:00
5.060 334.171 1266.829 15:46:01
5.072 227.073 863.415 15:46:02
5.072 152.878 777.073 15:46:03
5.072 188.073 752.683 15:46:04
5.068 272.585 1262.927 15:46:05
5.064 232.780 1052.683 15:46:06
5.068 209.488 1057.561 15:46:07
5.072 195.171 968.780 15:46:08
5.072 146.585 747.317 15:46:09
5.072 161.195 1235.610 15:46:10
5.064 306.780 1039.024 15:46:11
5.048 252.780 1626.341 15:46:12
5.072 198.878 928.780 15:46:13
5.076 208.780 751.220 15:46:14
5.072 152.780 776.098 15:46:15
5.068 153.488 853.659 15:46:16
5.068 275.171 1523.902 15:46:17
5.072 161.878 821.463 15:46:18
5.056 332.659 1504.878 15:46:19
5.072 216.073 1075.122 15:46:20
5.076 146.780 743.415 15:46:21
5.072 183.293 822.439 15:46:22
5.072 249.366 1228.293 15:46:23
5.056 401.659 1457.073 15:46:24
5.076 154.585 789.756 15:46:25
5.072 149.585 757.073 15:46:26
5.072 161.976 1315.610 15:46:27
5.072 145.878 740.976 15:46:28
5.044 258.268 1242.927 15:46:29
5.072 159.390 809.756 15:46:30
5.072 188.073 872.195 15:46:31
5.076 148.293 1031.707 15:46:32
5.072 160.073 808.780 15:46:33
5.072 354.878 1313.171 15:46:34
5.072 164.073 863.902 15:46:35
5.056 333.268 1660.976 15:46:36
5.072 214.585 1095.610 15:46:37
5.076 146.098 740.000 15:46:38
5.072 161.780 1293.171 15:46:39
5.072 170.073 860.000 15:46:40
5.052 428.049 1812.683 15:46:41
5.068 215.390 1065.366 15:46:42
5.068 196.171 755.122 15:46:43
5.060 247.976 1668.780 15:46:44
5.064 226.780 1163.902 15:46:45
5.072 149.098 1298.537 15:46:46
5.072 147.976 754.634 15:46:47
5.072 208.976 1007.805 15:46:48
5.072 208.390 875.122 15:46:49
5.068 162.073 752.683 15:46:50
5.068 228.268 1510.732 15:46:51
5.076 150.390 763.415 15:46:52
5.072 161.683 817.561 15:46:53
5.072 229.171 1238.049 15:46:54
5.072 148.585 753.659 15:46:55
5.076 151.195 767.317 15:46:56
5.072 267.585 1112.683 15:46:57
5.072 161.585 825.366 15:46:58
5.068 287.171 1591.220 15:46:59
5.072 150.585 768.293 15:47:00
5.072 161.683 820.976 15:47:01
5.072 192.683 925.366 15:47:02
5.068 267.585 1065.366 15:47:03
5.056 360.756 2023.415 15:47:04
5.072 148.976 755.122 15:47:05
5.072 146.585 746.341 15:47:06
5.072 162.585 820.976 15:47:07
5.072 195.683 1043.902 15:47:08
5.068 161.293 814.634 15:47:09
5.076 203.683 753.659 15:47:10
5.076 147.098 743.415 15:47:11
5.064 300.171 1060.488 15:47:12
5.076 152.195 771.220 15:47:13
5.072 248.780 2021.463 15:47:14
5.064 219.976 892.683 15:47:15
5.076 148.878 1080.488 15:47:16
5.068 153.976 780.976 15:47:17
5.076 161.780 811.220 15:47:18
5.056 395.756 2044.390 15:47:19
5.072 161.073 818.537 15:47:20
5.068 155.683 1083.902 15:47:21
5.068 147.780 756.098 15:47:22
5.076 146.585 743.415 15:47:23
5.072 162.683 819.024 15:47:24
5.072 150.195 765.854 15:47:25
5.076 153.683 772.683 15:47:26
5.060 287.780 1230.732 15:47:27
5.064 246.073 1250.732 15:47:28
5.072 162.195 823.415 15:47:29
5.076 192.683 775.122 15:47:30
5.068 209.585 1066.341 15:47:31
5.072 149.878 970.244 15:47:32
5.076 162.195 820.976 15:47:33
5.068 249.683 1325.854 15:47:34
5.072 214.171 1082.927 15:47:36
5.064 181.585 1226.829 15:47:37
5.072 149.585 754.634 15:47:38
5.060 322.976 1643.902 15:47:39
5.072 162.293 970.244 15:47:40
5.076 155.073 778.537 15:47:41
5.056 331.463 1851.707 15:47:42
5.072 180.683 920.000 15:47:43
5.076 252.683 822.439 15:47:44
5.068 152.098 771.220 15:47:45
5.072 227.683 1007.805 15:47:46
5.068 200.683 1405.854 15:47:47
5.068 262.976 1216.585 15:47:48
5.072 154.878 1322.927 15:47:49
5.072 191.171 935.122 15:47:50
5.072 195.171 930.244 15:47:51
5.076 152.878 773.659 15:47:52
5.076 148.585 756.098 15:47:53
5.072 161.683 820.000 15:47:54
5.072 151.195 763.902 15:47:55
5.064 319.268 1883.902 15:47:56
5.072 162.390 1339.512 15:47:57
5.072 148.878 754.634 15:47:58
5.064 238.585 1035.122 15:47:59
5.076 151.488 770.244 15:48:00
5.072 162.585 820.976 15:48:01
5.064 258.073 1337.073 15:48:02
5.072 151.098 763.415 15:48:03
5.072 262.463 1242.927 15:48:04
5.072 146.098 740.000 15:48:05
5.072 160.878 812.683 15:48:06
5.072 162.293 820.000 15:48:07
5.060 286.683 1461.951 15:48:08
5.064 309.561 1278.537 15:48:09
5.072 151.488 768.780 15:48:10
5.056 335.976 1236.585 15:48:11
5.076 167.073 776.098 15:48:12
5.072 160.390 812.683 15:48:13
5.072 160.780 1294.146 15:48:14
5.072 149.390 761.463 15:48:15
5.064 302.073 1265.854 15:48:16
5.076 146.488 743.415 15:48:17
5.072 148.976 748.780 15:48:18
5.064 161.683 823.415 15:48:19
5.068 278.585 1224.390 15:48:20
5.068 346.659 1911.707 15:48:21
5.072 211.390 1065.366 15:48:22
5.064 322.073 1229.268 15:48:23
5.076 147.390 746.341 15:48:24
5.064 312.976 1513.659 15:48:25
5.076 175.780 933.659 15:48:26
5.072 292.976 1237.073 15:48:27
5.076 161.390 1187.805 15:48:28
5.072 195.780 1891.220 15:48:29
5.060 254.073 1758.537 15:48:30
5.068 200.293 1017.561 15:48:31
5.072 152.878 1338.537 15:48:32
5.072 159.390 807.805 15:48:33
5.072 161.585 819.024 15:48:34
5.076 159.976 810.244 15:48:35
5.040 432.463 1806.341 15:48:36
5.072 162.293 820.976 15:48:37
5.068 202.073 1020.000 15:48:38
5.068 149.195 752.683 15:48:39
5.072 185.585 762.439 15:48:40
5.072 190.878 977.561 15:48:41
5.072 176.488 909.756 15:48:42
5.064 161.780 820.976 15:48:43
5.064 162.195 821.463 15:48:44
5.056 265.171 1294.146 15:48:45
5.056 162.293 1616.098 15:48:46
5.072 190.878 997.561 15:48:47
5.068 162.488 812.683 15:48:48
5.064 178.683 818.537 15:48:49
5.068 162.585 823.902 15:48:50
5.076 153.976 1014.146 15:48:51
5.060 249.976 1258.049 15:48:52
5.076 161.780 822.439 15:48:53
5.072 161.073 817.561 15:48:54
5.072 188.585 955.122 15:48:55
5.072 161.683 821.463 15:48:56
5.072 150.780 968.780 15:48:57
5.064 248.268 1228.293 15:48:58
5.076 161.390 821.463 15:48:59
5.072 155.488 790.244 15:49:00
5.056 249.976 1226.829 15:49:01
5.072 152.878 1029.268 15:49:02
5.076 174.976 823.415 15:49:03
5.072 148.585 743.902 15:49:04
5.072 150.390 853.659 15:49:05
5.068 221.390 1120.488 15:49:06
5.072 190.878 998.049 15:49:07
5.072 265.171 1060.488 15:49:08
5.060 215.171 1080.488 15:49:09
5.064 282.171 1350.732 15:49:10
5.076 152.098 772.195 15:49:11
5.064 283.073 1453.171 15:49:12
5.064 287.976 1767.805 15:49:13
5.076 154.390 782.439 15:49:14
5.076 156.073 796.098 15:49:15
5.076 162.390 826.341 15:49:16
5.072 162.390 1625.854 15:49:17
5.076 162.293 817.561 15:49:18
5.072 213.878 812.683 15:49:19
5.064 274.073 1065.366 15:49:20
5.072 168.780 770.244 15:49:21
5.072 210.390 1316.098 15:49:22
5.072 152.780 1100.488 15:49:23
5.068 242.366 1321.951 15:49:24
5.072 182.585 1438.049 15:49:25
5.068 159.878 809.756 15:49:26
5.064 247.268 1302.927 15:49:27
5.068 155.878 788.780 15:49:28
5.068 287.366 950.244 15:49:29
5.076 152.585 775.122 15:49:30
5.068 180.585 752.683 15:49:32
5.064 245.171 1245.366 15:49:33
5.072 190.488 1130.732 15:49:34
5.056 355.756 1581.463 15:49:35
5.068 187.171 947.805 15:49:36
5.072 212.585 1004.878 15:49:37
5.064 215.268 772.195 15:49:38
5.076 146.780 748.293 15:49:39
5.060 324.463 1700.976 15:49:40
5.072 162.878 827.805 15:49:41
5.064 207.683 1061.463 15:49:42
5.076 148.976 751.220 15:49:43
5.072 152.585 773.659 15:49:44
5.072 162.390 823.415 15:49:45
5.076 162.195 1101.463 15:49:46
5.072 249.585 940.488 15:49:47
5.060 253.585 964.878 15:49:48
5.072 161.780 816.098 15:49:49
5.072 232.171 823.902 15:49:50
5.072 177.488 1051.220 15:49:51
5.064 264.683 1498.537 15:49:52
5.076 148.195 752.683 15:49:53
5.072 214.488 1065.366 15:49:54
5.060 197.585 980.488 15:49:55
5.064 284.976 1386.829 15:49:56
5.072 153.585 779.024 15:49:57
5.056 327.268 1640.976 15:49:58
5.064 218.073 1085.366 15:49:59
5.072 147.976 755.122 15:50:00
5.072 162.488 827.805 15:50:01
5.072 152.780 774.634 15:50:02
5.064 162.390 823.415 15:50:03
5.060 190.390 1036.585 15:50:04
5.076 203.683 754.634 15:50:05
5.072 152.390 773.659 15:50:06
5.068 172.390 819.024 15:50:07
5.048 408.756 2045.366 15:50:08
5.068 223.683 1664.878 15:50:09
5.056 243.366 1229.268 15:50:10
5.064 151.585 1046.341 15:50:11
5.072 323.976 769.756 15:50:12
5.060 257.073 1438.049 15:50:13
5.068 243.171 1185.366 15:50:14
5.068 192.171 1291.707 15:50:15
5.072 181.976 1058.049 15:50:16
5.072 171.488 909.756 15:50:17
5.072 161.195 877.561 15:50:18
5.072 249.585 823.415 15:50:19
5.076 160.390 813.659 15:50:20
5.064 258.073 1257.073 15:50:21
5.076 146.585 748.780 15:50:22
5.064 223.390 774.634 15:50:23
5.072 205.171 823.902 15:50:24
5.068 169.780 817.561 15:50:25
5.056 188.585 1737.561 15:50:26
5.060 221.390 1041.463 15:50:27
5.076 147.293 744.878 15:50:28
5.072 152.488 834.634 15:50:29
5.072 161.585 822.439 15:50:30
5.048 356.659 2073.171 15:50:31
5.072 152.878 773.659 15:50:32
5.072 150.488 762.439 15:50:33
5.072 162.073 914.146 15:50:34
5.072 162.073 816.585 15:50:35
5.048 499.561 2218.537 15:50:36
5.064 253.488 1533.171 15:50:37
5.068 148.976 755.122 15:50:38
5.072 163.293 768.780 15:50:39
5.072 161.488 816.585 15:50:40
5.072 162.293 825.366 15:50:41
5.068 313.171 1469.756 15:50:42
5.056 279.171 1240.976 15:50:43
5.072 147.780 752.683 15:50:44
5.064 331.561 1738.537 15:50:45
5.072 202.780 1080.488 15:50:46
5.068 287.561 1448.293 15:50:47
5.068 161.683 1266.829 15:50:48
5.072 146.780 742.439 15:50:49
5.068 275.683 1411.220 15:50:50
5.072 160.293 812.683 15:50:51
5.060 406.561 2389.756 15:50:52
5.072 302.463 1054.146 15:50:53
5.072 174.488 958.049 15:50:54
5.060 285.268 1528.780 15:50:55
5.068 152.098 770.244 15:50:56
5.072 147.293 748.293 15:50:57
5.056 343.659 1801.463 15:50:58
5.072 148.780 752.195 15:50:59
5.056 343.976 1828.780 15:51:00
5.064 220.878 1130.732 15:51:01
5.072 146.195 742.439 15:51:02
5.056 247.366 1477.561 15:51:03
5.076 150.488 765.854 15:51:04
5.072 229.488 1356.098 15:51:05
5.076 149.488 988.780 15:51:06
5.072 146.878 746.341 15:51:07
5.064 245.488 1637.561 15:51:08
5.072 147.585 850.244 15:51:09
5.060 469.951 1669.756 15:51:10
5.068 232.073 752.195 15:51:11
5.068 208.976 1050.244 15:51:12
5.060 301.463 1588.780 15:51:13
5.076 147.390 842.439 15:51:14
5.072 200.976 819.024 15:51:15
5.060 272.366 1155.610 15:51:16
5.072 161.976 1099.024 15:51:17
5.052 349.073 1634.634 15:51:18
5.072 248.268 1120.488 15:51:19
5.068 234.488 1509.756 15:51:20
5.072 180.976 823.415 15:51:21
5.052 406.171 1750.244 15:51:22
5.076 175.293 828.780 15:51:23
5.072 155.780 1095.610 15:51:24
5.064 245.878 1241.951 15:51:25
5.072 152.780 836.098 15:51:26
5.076 160.390 814.634 15:51:28
5.060 308.171 1656.098 15:51:29
5.072 162.390 823.902 15:51:30
5.068 244.268 1239.024 15:51:31
5.068 213.976 947.805 15:51:32
5.072 203.585 1232.195 15:51:33
5.072 161.390 822.439 15:51:34
5.060 338.756 1657.561 15:51:35
5.068 221.073 1045.366 15:51:36
5.072 210.976 1121.951 15:51:37
5.072 164.195 832.683 15:51:38
5.072 161.195 821.463 15:51:39
5.072 160.585 815.122 15:51:40
5.060 266.976 1034.146 15:51:41
5.068 161.878 823.415 15:51:42
5.076 148.098 756.098 15:51:43
5.072 161.683 820.000 15:51:44
5.072 150.488 767.317 15:51:45
5.064 162.488 824.878 15:51:46
5.064 508.756 1873.171 15:51:47
5.072 209.780 1348.293 15:51:48
5.068 212.171 1075.122 15:51:49
5.076 210.171 1086.341 15:51:50
5.072 161.683 820.000 15:51:51
5.072 160.585 813.659 15:51:52
5.072 161.073 816.585 15:51:53
5.072 152.585 907.805 15:51:54
5.068 193.683 816.585 15:51:55
5.064 315.878 944.878 15:51:56
5.072 252.585 1504.878 15:51:57
5.072 207.171 1225.854 15:51:58
5.072 170.293 819.024 15:51:59
5.072 161.073 819.024 15:52:00
5.060 330.878 1669.756 15:52:01
5.072 162.488 821.463 15:52:02
5.072 183.073 925.366 15:52:03
5.068 159.683 815.122 15:52:04
5.068 220.976 1130.732 15:52:05
5.064 243.976 1290.732 15:52:06
5.068 251.878 1265.366 15:52:07
5.072 147.585 743.415 15:52:08
5.068 153.390 896.098 15:52:09
5.076 161.293 820.976 15:52:10
5.072 162.293 821.463 15:52:11
5.076 330.780 823.415 15:52:12
5.072 237.683 1122.927 15:52:13
5.076 148.195 1028.780 15:52:14
5.072 151.293 767.317 15:52:15
5.060 217.683 829.756 15:52:16
5.060 243.171 1724.878 15:52:17
5.072 186.171 1359.512 15:52:18
5.072 212.171 1137.073 15:52:19
5.072 161.073 817.561 15:52:20
5.072 160.683 1249.268 15:52:21
5.072 162.195 822.439 15:52:22
5.060 307.878 1814.146 15:52:23
5.072 161.585 1045.366 15:52:24
5.072 148.976 751.220 15:52:25
5.072 161.073 820.976 15:52:26
5.072 149.195 752.683 15:52:27
5.072 184.073 920.000 15:52:28
5.068 162.976 812.195 15:52:29
5.064 240.878 822.439 15:52:30
5.060 270.366 1272.195 15:52:31
5.072 159.585 1480.976 15:52:32
5.068 173.293 889.756 15:52:33
5.060 247.488 1712.683 15:52:34
5.064 175.073 861.463 15:52:35
5.048 320.659 1433.171 15:52:36
5.076 162.293 823.415 15:52:37
5.076 203.780 756.098 15:52:38
5.048 460.049 2319.512 15:52:39
5.072 197.878 935.122 15:52:40
5.072 201.878 916.098 15:52:41
5.072 155.195 777.561 15:52:42
5.076 146.098 747.317 15:52:43
5.056 410.854 2065.366 15:52:44
5.076 151.293 763.902 15:52:45
5.056 329.780 1552.195 15:52:46
5.072 168.293 786.341 15:52:47
5.072 152.780 777.561 15:52:48
5.060 289.171 1842.927 15:52:49
5.072 152.195 772.683 15:52:50
5.072 161.683 820.976 15:52:51
5.072 162.585 823.902 15:52:52
5.072 203.976 995.610 15:52:53
5.076 148.293 754.634 15:52:54
5.076 161.073 814.634 15:52:55
5.064 274.171 1234.634 15:52:56
5.060 224.268 1291.707 15:52:57
5.068 187.976 980.488 15:52:58
5.072 146.098 742.439 15:52:59
5.076 160.073 813.659 15:53:00
5.072 224.976 1086.341 15:53:01
5.056 280.780 1305.366 15:53:02
5.076 162.878 827.317 15:53:03
5.072 150.293 762.439 15:53:04
5.072 161.683 818.537 15:53:05
5.076 152.488 772.683 15:53:06
5.048 412.049 1250.244 15:53:07
5.072 161.488 823.902 15:53:08
5.064 221.780 1081.463 15:53:09
5.060 282.268 1760.488 15:53:10
5.076 172.780 754.634 15:53:11
5.072 163.878 819.024 15:53:12
5.072 161.390 819.024 15:53:13
5.068 182.683 902.439 15:53:14
5.072 215.878 779.024 15:53:15
5.072 152.780 772.683 15:53:16
5.060 162.293 1430.732 15:53:17
5.068 213.976 1093.171 15:53:18
5.064 169.585 1425.854 15:53:19
5.072 210.976 836.585 15:53:20
5.076 148.976 761.463 15:53:21
5.072 162.488 823.902 15:53:23
5.068 188.780 1162.927 15:53:24
5.060 329.561 1274.634 15:53:25
5.072 148.585 757.073 15:53:26
5.072 168.878 809.756 15:53:27
5.072 174.488 820.000 15:53:28
5.072 173.390 813.659 15:53:29
5.060 282.268 1451.220 15:53:30
5.072 193.293 1015.122 15:53:31
5.072 149.878 767.317 15:53:32
5.076 150.098 767.317 15:53:33
5.072 162.195 823.415 15:53:34
5.056 246.878 1301.951 15:53:35
5.064 308.268 1313.171 15:53:36
5.072 212.585 1084.390 15:53:37
5.072 148.976 751.220 15:53:38
5.064 250.585 1230.732 15:53:39
5.072 160.780 818.537 15:53:40
5.064 244.268 1239.024 15:53:41
5.064 277.878 1259.512 15:53:42
5.068 148.195 759.512 15:53:43
5.068 152.976 777.561 15:53:44
5.072 151.976 884.878 15:53:45
5.072 161.976 820.976 15:53:46
5.076 160.878 1230.732 15:53:47
5.064 303.268 1129.268 15:53:48
5.072 176.683 893.659 15:53:49
5.064 235.171 1131.707 15:53:50
5.072 160.195 812.683 15:53:51
5.060 261.878 1239.512 15:53:52
5.076 148.390 756.098 15:53:53
5.068 258.976 1246.829 15:53:54
5.072 161.976 818.537 15:53:55
5.064 206.976 1190.732 15:53:56
5.076 161.293 822.439 15:53:57
5.064 453.951 1255.610 15:53:58
5.072 181.171 971.707 15:53:59
5.064 266.073 1225.854 15:54:00
5.064 243.976 1413.659 15:54:01
5.072 207.585 1222.927 15:54:02
5.068 257.366 982.927 15:54:03
5.068 243.366 1229.268 15:54:04
5.076 162.390 822.439 15:54:05
5.072 162.390 822.439 15:54:06
5.068 200.878 982.439 15:54:07
5.060 238.268 1495.122 15:54:08
5.068 257.073 945.366 15:54:09
5.072 154.683 1110.732 15:54:10
5.060 300.171 1256.585 15:54:11
5.056 251.073 1388.293 15:54:12
5.068 227.878 791.220 15:54:13
5.064 245.585 1242.927 15:54:14
5.068 194.073 940.488 15:54:15
5.072 161.073 820.976 15:54:16
5.064 259.780 1325.854 15:54:17
5.072 228.683 974.146 15:54:18
5.072 214.780 912.683 15:54:19
5.072 162.073 823.902 15:54:20
5.068 248.683 1259.024 15:54:21
5.064 295.171 960.000 15:54:22
5.068 210.488 1072.683 15:54:23
5.072 184.878 770.244 15:54:24
5.072 244.780 991.220 15:54:25
5.064 258.878 1272.195 15:54:26
5.060 320.073 1676.585 15:54:27
5.072 161.780 822.439 15:54:28
5.076 147.195 743.902 15:54:29
5.068 161.195 818.537 15:54:30
5.072 162.293 1002.927 15:54:31
5.064 272.463 1464.878 15:54:32
5.068 241.878 1155.610 15:54:33
5.076 150.293 760.976 15:54:34
5.068 214.780 1055.610 15:54:35
5.072 160.293 758.537 15:54:36
5.064 261.073 1235.610 15:54:37
5.056 402.561 1564.878 15:54:38
5.076 241.268 1334.146 15:54:39
5.072 204.171 987.805 15:54:40
5.072 160.195 813.659 15:54:41
5.064 243.366 1237.073 15:54:42
5.068 162.390 930.244 15:54:43
5.076 145.780 743.415 15:54:44
5.064 184.293 952.683 15:54:45
5.076 249.073 822.439 15:54:46
5.056 330.878 1696.585 15:54:47
5.076 149.195 1081.951 15:54:48
5.076 183.780 956.098 15:54:49
5.076 160.293 814.634 15:54:50
5.076 152.098 768.293 15:54:51
5.068 244.488 1242.927 15:54:52
5.072 196.585 820.976 15:54:53
5.068 187.488 1211.707 15:54:54
5.064 392.463 1632.195 15:54:55
5.068 236.488 1027.805 15:54:56
5.076 203.878 1118.049 15:54:57
5.064 343.976 1232.195 15:54:58
5.068 244.683 1394.634 15:54:59
5.060 189.878 947.317 15:55:00
5.076 160.780 1320.488 15:55:01
5.056 239.585 1244.390 15:55:02
5.060 324.659 1257.073 15:55:03
5.060 196.780 1288.293 15:55:04
5.076 160.683 815.122 15:55:05
5.076 173.195 767.317 15:55:06
5.072 322.463 1060.000 15:55:07
5.072 162.073 825.366 15:55:08
5.060 249.780 1235.610 15:55:09
5.060 306.268 1242.927 15:55:10
5.072 149.780 759.512 15:55:11
5.072 164.976 846.341 15:55:12
5.072 162.488 826.341 15:55:13
5.052 374.976 1780.000 15:55:14
5.076 174.195 827.805 15:55:15
5.064 220.585 1362.927 15:55:16
5.076 162.390 959.024 15:55:18
5.072 162.780 820.976 15:55:19
5.064 259.683 1248.293 15:55:20
5.064 295.780 1508.780 15:55:21
5.076 247.976 1269.268 15:55:22
5.064 386.171 1881.463 15:55:23
5.072 188.683 963.902 15:55:24
5.072 177.073 837.561 15:55:25
5.068 162.195 860.000 15:55:26
5.068 174.585 822.439 15:55:27
5.056 472.463 1697.561 15:55:28
5.072 210.780 880.000 15:55:29
5.072 165.390 739.512 15:55:30
5.076 155.390 789.756 15:55:31
5.076 161.488 814.634 15:55:32
5.064 280.171 1696.585 15:55:33
5.072 220.780 1002.927 15:55:34
5.072 182.683 1119.512 15:55:35
5.076 160.976 816.098 15:55:36
5.072 160.488 1325.854 15:55:37
5.072 255.683 1811.220 15:55:38
5.076 171.488 918.537 15:55:39
5.068 212.073 1097.561 15:55:40
5.072 163.073 822.439 15:55:41
5.072 159.683 815.122 15:55:42
5.056 369.854 1763.902 15:55:43
5.068 247.683 1146.341 15:55:44
5.072 162.073 821.463 15:55:45
5.076 162.488 882.927 15:55:46
5.068 283.976 1075.122 15:55:47
5.064 268.268 1350.732 15:55:48
5.072 161.390 936.585 15:55:49
5.076 160.293 813.659 15:55:50
5.072 146.390 743.415 15:55:51
5.072 179.683 1217.073 15:55:52
5.064 251.683 1279.512 15:55:53
5.076 147.683 740.000 15:55:54
5.064 249.878 1344.390 15:55:55
5.076 170.683 1075.610 15:55:56
5.072 195.488 885.366 15:55:57
5.068 231.171 1187.805 15:55:58
5.076 162.195 816.585 15:55:59
5.056 287.878 987.805 15:56:00
5.056 327.073 1676.098 15:56:01
5.064 391.073 2060.488 15:56:02
5.072 152.976 1314.634 15:56:03
5.076 146.878 744.878 15:56:04
5.072 162.488 823.902 15:56:05
5.072 162.878 820.976 15:56:06
5.056 334.366 1742.439 15:56:07
5.068 188.683 1026.341 15:56:08
5.076 147.683 743.902 15:56:09
5.072 161.390 818.537 15:56:10
5.072 162.195 822.439 15:56:11
5.064 306.561 1364.878 15:56:12
5.072 215.976 1353.659 15:56:13
5.068 192.293 1556.098 15:56:14
5.072 161.293 826.341 15:56:15
5.076 161.293 1315.610 15:56:16
5.072 175.488 875.122 15:56:17
5.072 164.780 831.220 15:56:18
5.068 153.195 777.073 15:56:19
5.056 336.756 2041.463 15:56:20
5.064 345.171 1236.585 15:56:21
5.072 148.976 751.220 15:56:22
5.068 443.463 2387.317 15:56:23
5.072 148.878 748.780 15:56:24
5.056 355.366 1941.951 15:56:25
5.076 215.780 1067.805 15:56:26
5.072 209.073 1046.829 15:56:27
5.068 226.976 1177.073 15:56:28
5.072 200.488 1183.902 15:56:29
5.068 243.171 1235.610 15:56:30
5.076 146.683 763.415 15:56:31
5.068 209.780 1081.951 15:56:32
5.064 338.463 1239.024 15:56:33
5.076 148.976 749.756 15:56:34
5.072 159.488 808.780 15:56:35
5.072 161.390 823.902 15:56:36
5.060 284.878 1155.122 15:56:37
5.068 250.780 1276.585 15:56:38
5.072 162.976 837.561 15:56:39
5.064 247.976 1259.024 15:56:40
5.072 162.073 820.000 15:56:41
5.056 479.366 1209.268 15:56:42
5.060 176.293 827.317 15:56:43
5.060 160.390 1064.390 15:56:44
5.064 255.268 1010.244 15:56:45
5.076 152.098 805.854 15:56:46
5.072 182.171 1574.634 15:56:47
5.072 182.390 1095.122 15:56:48
5.072 356.366 1225.366 15:56:49
5.052 270.366 2250.732 15:56:50
5.064 226.390 1680.000 15:56:51
5.064 379.561 1428.293 15:56:52
5.072 162.488 822.439 15:56:53
5.068 248.073 1316.098 15:56:54
5.064 381.976 1852.683 15:56:55
5.076 168.390 891.220 15:56:56
5.064 194.171 1032.683 15:56:57
5.072 152.585 777.561 15:56:58
5.076 162.073 1398.537 15:56:59
5.068 222.683 980.000 15:57:00
5.068 208.073 1053.171 15:57:01
5.064 214.878 1384.878 15:57:02
5.072 153.098 777.073 15:57:03
5.072 158.683 1002.439 15:57:04
5.064 256.463 1260.488 15:57:05
5.072 155.780 786.341 15:57:06
5.060 262.463 1230.732 15:57:07
5.076 152.293 772.195 15:57:08
5.076 179.976 754.634 15:57:09
5.076 153.195 772.683 15:57:10
5.072 153.195 771.220 15:57:11
5.064 245.073 1244.390 15:57:13
5.072 148.780 1093.171 15:57:14
5.068 210.878 1707.805 15:57:15
5.072 149.585 755.122 15:57:16
5.068 150.976 763.902 15:57:17
5.052 354.171 1886.829 15:57:18
5.072 221.488 1253.171 15:57:19
5.068 162.683 1240.488 15:57:20
5.076 164.195 770.244 15:57:21
5.064 249.683 1266.829 15:57:22
5.076 162.390 821.463 15:57:23
5.072 159.683 810.244 15:57:24
5.064 291.780 1494.634 15:57:25
5.072 228.268 1073.171 15:57:26
5.072 211.488 1083.902 15:57:27
5.072 177.683 777.073 15:57:28
5.072 159.683 812.683 15:57:29
5.064 264.878 1354.634 15:57:30
5.076 203.976 754.634 15:57:31
5.068 214.683 1084.390 15:57:32
5.072 147.585 744.878 15:57:33
5.072 161.878 821.463 15:57:34
5.072 162.390 822.439 15:57:35
5.064 325.073 1771.220 15:57:36
5.068 169.878 823.415 15:57:37
5.076 198.683 1009.268 15:57:38
5.076 160.976 805.854 15:57:39
5.072 163.073 941.463 15:57:40
5.072 160.585 1260.976 15:57:41
5.052 403.756 2025.854 15:57:42
5.076 212.488 1080.488 15:57:43
5.072 186.488 973.659 15:57:44
5.072 165.780 822.439 15:57:45
5.072 226.585 822.439 15:57:46
5.052 324.561 1649.756 15:57:47
5.072 197.171 1648.780 15:57:48
5.064 281.463 1777.561 15:57:49
5.072 151.293 767.317 15:57:50
5.072 161.976 1300.488 15:57:51
5.072 198.780 1439.512 15:57:52
5.072 235.780 1060.488 15:57:53
5.072 205.780 1269.756 15:57:54
5.064 295.463 1506.341 15:57:55
5.060 243.780 1537.073 15:57:56
5.064 246.780 823.902 15:57:57
5.064 257.366 1288.293 15:57:58
5.068 212.488 1080.488 15:57:59
5.068 242.780 808.780 15:58:00
5.072 174.488 823.415 15:58:01
5.064 227.488 1086.341 15:58:02
5.072 282.073 1241.951 15:58:03
5.072 269.780 904.878 15:58:04
5.072 162.073 822.439 15:58:05
5.068 162.293 822.439 15:58:06
5.068 248.585 1261.951 15:58:07
5.068 242.366 1055.122 15:58:08
5.076 204.171 757.561 15:58:09
5.072 161.293 820.976 15:58:10
5.072 182.976 1252.195 15:58:11
5.052 242.780 1254.634 15:58:12
5.072 150.976 772.683 15:58:13
5.076 159.683 813.659 15:58:14
5.056 246.976 1319.512 15:58:15
5.052 334.976 1680.976 15:58:16
5.060 259.171 1695.122 15:58:17
5.072 158.390 752.683 15:58:18
5.076 194.073 821.463 15:58:19
5.076 153.585 769.756 15:58:20
5.068 306.171 1161.951 15:58:21
5.072 185.585 1106.829 15:58:22
5.076 151.878 765.854 15:58:23
5.068 270.585 1360.488 15:58:24
5.072 169.488 821.463 15:58:25
5.068 336.659 1239.024 15:58:26
5.056 357.561 1494.634 15:58:27
5.076 224.268 901.463 15:58:28
5.060 238.780 1284.390 15:58:29
5.072 159.683 814.634 15:58:30
5.072 162.488 820.000 15:58:31
5.072 162.585 821.463 15:58:32
5.072 244.171 1031.220 15:58:33
5.068 264.073 817.561 15:58:34
5.076 149.390 757.561 15:58:35
5.064 218.171 1078.049 15:58:36
5.072 153.195 777.073 15:58:37
5.056 344.976 1660.000 15:58:38
5.068 243.073 1169.268 15:58:39
5.068 178.780 1231.707 15:58:40
5.064 317.561 1238.049 15:58:41
5.072 148.293 754.634 15:58:42
5.072 160.780 817.561 15:58:43
5.072 152.390 777.561 15:58:44
5.064 240.780 966.341 15:58:45
5.060 252.585 1471.220 15:58:46
5.068 244.585 1151.707 15:58:47
5.068 152.098 1287.805 15:58:48
5.076 151.195 768.780 15:58:49
5.072 162.293 986.341 15:58:50
5.068 151.390 774.634 15:58:51
5.064 222.585 1495.122 15:58:52
5.072 150.390 760.000 15:58:53
5.060 256.780 1343.415 15:58:54
5.064 282.366 1319.512 15:58:55
5.072 162.195 822.439 15:58:56
5.068 194.488 896.098 15:58:57
5.060 331.659 1640.976 15:58:58
5.072 191.171 941.463 15:58:59
5.064 251.171 1606.341 15:59:00
5.072 161.585 812.195 15:59:01
5.072 162.585 821.463 15:59:02
5.060 428.951 1731.220 15:59:03
5.064 182.488 1099.512 15:59:04
5.064 161.976 823.415 15:59:05
5.068 161.390 821.463 15:59:07
5.068 249.585 1310.732 15:59:08
5.072 160.488 814.634 15:59:09
5.064 161.488 1081.951 15:59:10
5.076 162.195 821.463 15:59:11
5.068 210.976 1162.927 15:59:12
5.056 276.780 1086.829 15:59:13
5.072 165.390 823.902 15:59:14
5.068 149.683 752.195 15:59:15
5.072 161.780 816.585 15:59:16
5.064 242.488 1240.976 15:59:17
5.076 151.976 771.220 15:59:18
5.072 162.073 891.707 15:59:19
5.072 161.878 1262.927 15:59:20
5.072 151.780 775.122 15:59:21
5.072 214.073 951.220 15:59:22
5.072 192.073 822.439 15:59:23
5.068 243.073 1020.488 15:59:24
5.068 170.683 861.463 15:59:25
5.072 239.171 1188.293 15:59:26
5.064 244.976 1353.659 15:59:27
5.068 243.780 1419.512 15:59:28
5.068 250.780 1269.268 15:59:29
5.072 171.390 911.220 15:59:30
5.068 242.488 1232.195 15:59:31
5.064 256.073 824.878 15:59:32
5.064 161.976 1240.488 15:59:33
5.064 273.171 1246.829 15:59:34
5.072 177.293 956.098 15:59:35
5.072 185.073 1050.244 15:59:36
5.072 162.390 825.366 15:59:37
5.068 221.390 1126.341 15:59:38
5.072 226.390 1089.268 15:59:39
5.072 222.073 1026.341 15:59:40
5.076 151.293 841.463 15:59:41
5.068 252.171 1083.902 15:59:42
5.072 200.488 936.585 15:59:43
5.064 180.976 997.561 15:59:44
5.072 151.780 768.293 15:59:45
5.060 247.780 1657.561 15:59:46
5.064 251.585 1269.268 15:59:47
5.064 220.268 1108.293 15:59:48
5.064 271.268 1318.049 15:59:49
5.076 153.780 856.585 15:59:50
5.060 278.780 823.415 15:59:51
5.068 451.756 1680.000 15:59:52
5.076 147.293 743.415 15:59:53
5.072 160.585 813.659 15:59:54
5.064 220.683 1117.561 15:59:55
5.064 322.073 1776.585 15:59:56
5.072 149.098 752.195 15:59:57
5.072 274.878 1060.488 15:59:58
5.068 271.976 1443.415 15:59:59
5.064 201.488 1130.244 16:00:00
5.072 209.171 1058.049 16:00:01
5.076 148.390 752.683 16:00:02
5.068 162.390 823.415 16:00:03
5.072 160.878 820.000 16:00:04
5.068 239.780 928.780 16:00:05
5.064 242.585 1235.610 16:00:06
5.072 168.878 872.195 16:00:07
5.056 286.171 1767.317 16:00:08
5.072 270.780 997.561 16:00:09
5.068 212.780 1309.756 16:00:10
5.056 244.366 1240.976 16:00:11
5.072 160.390 757.073 16:00:12
5.068 246.878 1253.171 16:00:13
5.060 376.854 2037.073 16:00:14
5.068 202.293 1027.805 16:00:15
5.076 252.171 840.976 16:00:16
5.072 161.976 819.024 16:00:17
5.076 160.780 818.537 16:00:18
5.060 352.366 1676.585 16:00:19
5.072 256.585 1200.488 16:00:20
5.072 152.195 852.195 16:00:21
5.064 262.366 1066.341 16:00:22
5.068 261.366 1629.756 16:00:23
5.072 162.390 820.976 16:00:24
5.064 162.390 824.878 16:00:25
5.072 207.878 972.683 16:00:26
5.072 250.488 1053.171 16:00:27
5.068 244.878 755.122 16:00:28
5.064 183.976 864.878 16:00:29
5.064 337.073 1639.024 16:00:30
5.068 198.171 1119.512 16:00:31
5.072 276.268 1304.390 16:00:32
5.076 152.878 770.244 16:00:33
5.076 160.585 813.659 16:00:34
5.072 222.171 1314.634 16:00:35
5.068 195.293 822.439 16:00:36
5.052 347.756 1528.780 16:00:37
5.072 162.195 822.439 16:00:38
5.072 209.171 1060.000 16:00:39
5.076 164.780 836.098 16:00:40
5.072 172.585 880.976 16:00:41
5.076 173.390 876.098 16:00:42
5.072 184.488 895.122 16:00:43
5.072 185.171 894.146 16:00:44
5.072 190.488 883.902 16:00:45
5.072 156.488 774.634 16:00:46
5.072 161.585 814.634 16:00:47
5.052 398.561 2004.390 16:00:48
5.060 223.488 1119.512 16:00:49
5.076 146.976 790.244 16:00:50
5.072 162.195 821.463 16:00:51
5.072 162.488 823.902 16:00:52
5.072 146.585 746.341 16:00:53
5.072 178.780 822.439 16:00:54
5.072 179.293 824.878 16:00:55
5.064 288.683 1150.732 16:00:56
5.076 146.585 746.341 16:00:57
5.076 152.683 1100.488 16:00:58
5.068 247.878 1259.512 16:00:59
5.048 467.146 2001.951 16:01:00
5.072 204.293 960.000 16:01:01
5.072 226.390 1180.488 16:01:03
5.072 149.293 752.683 16:01:04
5.072 162.780 951.220 16:01:05
5.064 329.268 1407.317 16:01:06
5.060 327.268 1621.463 16:01:07
5.068 242.878 1716.098 16:01:08
5.076 148.976 754.634 16:01:09
5.072 159.780 814.634 16:01:10
5.048 417.756 1633.659 16:01:11
5.068 246.366 1600.000 16:01:12
5.072 160.585 815.122 16:01:13
5.072 163.878 827.805 16:01:14
5.068 162.976 886.341 16:01:15
5.072 195.293 1042.927 16:01:16
5.052 322.780 1652.683 16:01:17
5.072 161.488 822.439 16:01:18
5.056 332.366 1231.707 16:01:19
5.068 188.585 1003.902 16:01:20
5.068 181.171 1112.683 16:01:21
5.076 162.585 824.878 16:01:22
5.072 296.171 1210.732 16:01:23
5.064 254.488 1597.073 16:01:24
5.072 167.488 1024.390 16:01:25
5.072 159.488 812.683 16:01:26
5.064 244.683 2159.512 16:01:27
5.068 213.268 1108.293 16:01:28
5.068 182.488 972.683 16:01:29
5.076 221.268 787.805 16:01:30
5.072 200.683 750.244 16:01:31
5.072 152.293 773.659 16:01:32
5.068 162.976 820.000 16:01:33
5.064 256.073 1547.317 16:01:34
5.072 176.585 867.805 16:01:35
5.068 195.585 1044.390 16:01:36
5.068 218.976 1077.561 16:01:37
5.072 182.293 814.634 16:01:38
5.068 201.683 1442.439 16:01:39
5.072 161.976 821.463 16:01:40
5.068 182.390 942.439 16:01:41
5.068 176.878 907.805 16:01:42
5.064 244.171 1283.415 16:01:43
5.068 194.683 1561.463 16:01:44
5.068 324.463 1512.195 16:01:45
5.056 271.585 1679.024 16:01:46
5.072 152.390 776.098 16:01:47
5.072 161.195 1234.146 16:01:48
5.076 161.780 824.878 16:01:49
5.076 160.976 812.683 16:01:50
5.056 324.976 1650.244 16:01:51
5.076 259.878 1084.390 16:01:52
5.072 161.976 815.122 16:01:53
5.072 162.585 823.902 16:01:54
5.076 149.195 752.683 16:01:55
5.060 328.561 1731.220 16:01:56
5.060 382.463 2010.732 16:01:57
5.056 244.171 1232.195 16:01:58
5.072 162.073 823.415 16:01:59
5.072 146.683 744.878 16:02:00
5.056 409.366 2089.268 16:02:01
5.076 152.195 772.683 16:02:02
5.068 250.073 1261.951 16:02:03
5.072 210.683 1007.805 16:02:04
5.076 161.390 819.024 16:02:05
5.064 223.488 937.561 16:02:06
5.072 151.390 800.000 16:02:07
5.056 334.659 1691.220 16:02:08
5.072 161.878 818.537 16:02:09
5.068 191.780 922.927 16:02:10
5.076 155.293 786.341 16:02:11
5.072 162.780 826.341 16:02:12
5.072 162.293 826.341 16:02:13
5.064 230.683 1050.244 16:02:14
5.068 222.976 1510.732 16:02:15
5.064 152.585 768.780 16:02:16
5.072 161.878 819.024 16:02:17
5.060 282.268 1378.537 16:02:18
5.064 249.073 1284.390 16:02:19
5.068 259.585 1234.146 16:02:20
5.076 149.976 843.902 16:02:21
5.072 177.293 851.220 16:02:22
5.072 162.488 825.366 16:02:23
5.072 197.683 821.463 16:02:24
5.068 195.878 1103.902 16:02:25
5.076 146.976 1007.805 16:02:26
5.060 198.171 991.220 16:02:27
5.072 162.780 827.805 16:02:28
5.072 173.585 822.439 16:02:29
5.064 246.976 1284.390 16:02:30
5.064 248.073 1791.707 16:02:31
5.068 220.171 1134.146 16:02:32
5.068 188.390 1000.000 16:02:33
5.072 148.585 757.561 16:02:34
5.060 244.780 1309.268 16:02:35
5.068 246.585 1314.634 16:02:36
5.068 166.878 1617.561 16:02:37
5.064 246.171 1235.610 16:02:38
5.072 203.976 761.463 16:02:39
5.072 153.098 936.585 16:02:40
5.072 161.976 822.439 16:02:41
5.044 327.171 1681.463 16:02:42
5.064 262.976 1752.683 16:02:43
5.068 215.976 1166.829 16:02:44
5.064 189.390 1404.390 16:02:45
5.076 146.780 884.878 16:02:46
5.072 159.683 811.220 16:02:47
5.072 162.390 821.463 16:02:48
5.076 152.780 806.341 16:02:49
5.068 231.780 1080.000 16:02:50
5.072 157.683 791.220 16:02:51
5.044 341.463 1632.683 16:02:52
5.060 281.780 1260.488 16:02:53
5.072 160.488 814.634 16:02:54
5.052 407.268 2049.268 16:02:55
5.072 164.780 832.195 16:02:56
5.072 206.073 1599.024 16:02:58
5.052 405.268 2024.390 16:02:59
5.072 162.976 824.878 16:03:00
5.072 161.683 818.537 16:03:01
5.072 177.976 815.122 16:03:02
5.064 210.268 1288.293 16:03:03
5.064 160.780 818.537 16:03:04
5.072 160.390 811.220 16:03:05
5.048 428.951 1878.049 16:03:06
5.068 148.683 989.268 16:03:07
5.072 148.488 758.537 16:03:08
5.076 161.683 820.976 16:03:09
5.072 203.390 995.610 16:03:10
5.068 335.878 1712.683 16:03:11
5.072 167.683 1051.220 16:03:12
5.072 214.585 820.976 16:03:13
5.072 162.585 828.780 16:03:14
5.072 191.073 934.146 16:03:15
5.064 280.878 1697.561 16:03:16
5.072 271.171 1136.585 16:03:17
5.076 229.073 1187.805 16:03:18
5.060 316.366 971.220 16:03:19
5.076 161.293 825.366 16:03:20
5.068 246.488 1218.049 16:03:21
5.076 162.683 822.439 16:03:22
5.072 152.390 776.098 16:03:23
5.072 161.976 822.439 16:03:24
5.072 178.585 780.000 16:03:25
5.068 221.073 1119.512 16:03:26
5.068 161.976 1370.732 16:03:27
5.068 243.488 1002.927 16:03:28
5.068 244.683 1240.976 16:03:29
5.064 241.073 1219.512 16:03:30
5.072 160.390 816.098 16:03:31
5.072 163.195 823.415 16:03:32
5.068 345.366 1910.244 16:03:33
5.064 251.976 1345.854 16:03:34
5.068 162.488 820.000 16:03:35
5.064 271.683 1210.244 16:03:36
5.076 146.780 745.854 16:03:37
5.060 331.780 1454.634 16:03:38
5.068 162.488 1311.707 16:03:39
5.052 278.073 1868.780 16:03:40
5.072 155.293 823.902 16:03:41
5.060 213.878 1384.390 16:03:42
5.068 231.780 954.146 16:03:43
5.072 162.195 822.439 16:03:44
5.056 162.488 823.415 16:03:45
5.068 226.780 1138.049 16:03:46
5.064 271.585 1866.829 16:03:47
5.068 213.488 1088.780 16:03:48
5.076 206.171 850.244 16:03:49
5.072 160.390 809.756 16:03:50
5.044 361.561 1636.098 16:03:51
5.064 245.366 2169.756 16:03:52
5.072 153.098 775.122 16:03:53
5.072 162.585 824.878 16:03:54
5.072 162.585 824.878 16:03:55
5.056 256.073 1469.756 16:03:56
5.060 256.780 2375.122 16:03:57
5.068 188.585 954.146 16:03:58
5.076 153.878 779.024 16:03:59
5.068 162.780 826.341 16:04:00
5.064 414.171 2211.707 16:04:01
5.044 347.756 2147.317 16:04:02
5.064 256.366 1242.927 16:04:03
5.068 206.268 1110.244 16:04:04
5.072 263.976 997.561 16:04:05
5.068 174.073 822.439 16:04:06
5.068 161.585 814.634 16:04:07
5.068 251.171 1265.854 16:04:08
5.068 209.268 1686.341 16:04:09
5.076 148.488 1248.293 16:04:10
5.060 307.780 1404.878 16:04:11
5.072 152.976 777.073 16:04:12
5.072 155.878 966.341 16:04:13
5.072 186.390 1101.951 16:04:14
5.068 258.268 1240.976 16:04:15
5.064 249.976 1268.293 16:04:16
5.068 248.366 1256.585 16:04:17
5.072 227.878 986.829 16:04:18
5.068 349.171 1661.463 16:04:19
5.060 355.976 1748.780 16:04:20
5.072 162.390 819.024 16:04:21
5.072 161.390 822.439 16:04:22
5.072 187.171 914.146 16:04:23
5.076 162.293 821.463 16:04:24
5.076 244.073 1187.805 16:04:25
5.072 162.293 822.439 16:04:26
5.064 330.780 1497.561 16:04:27
5.072 160.976 819.024 16:04:28
5.072 163.488 908.780 16:04:29
5.072 162.488 823.415 16:04:30
5.072 162.390 823.902 16:04:31
5.068 191.878 1006.829 16:04:32
5.060 257.976 1253.171 16:04:33
5.072 153.488 773.659 16:04:34
5.064 156.195 789.756 16:04:35
5.072 162.293 823.902 16:04:36
5.068 283.268 1468.293 16:04:37
5.072 160.585 812.683 16:04:38
5.076 160.293 812.683 16:04:39
5.068 243.683 1247.805 16:04:40
5.064 322.659 1400.976 16:04:41
5.060 243.171 1271.707 16:04:42
5.068 236.171 1087.805 16:04:43
5.072 160.390 813.659 16:04:44
5.052 399.756 1448.293 16:04:45
5.072 212.585 852.195 16:04:46
5.064 319.878 1474.634 16:04:47
5.076 149.390 753.659 16:04:48
5.068 152.098 776.098 16:04:49
5.072 211.683 785.854 16:04:50
5.076 212.171 1700.976 16:04:51
5.076 161.976 815.122 16:04:53
5.072 162.293 823.902 16:04:54
5.068 192.488 984.878 16:04:55
5.056 321.780 1632.195 16:04:56
5.072 161.976 819.024 16:04:57
5.068 223.683 1119.512 16:04:58
5.072 162.585 819.024 16:04:59
5.060 324.366 1278.049 16:05:00
5.068 242.780 1260.976 16:05:01
5.072 197.171 1036.585 16:05:02
5.068 223.976 1345.854 16:05:03
5.072 152.976 776.098 16:05:04
5.072 196.683 1024.390 16:05:05
5.076 161.780 820.976 16:05:06
5.072 181.171 1010.244 16:05:07
5.068 251.683 1098.049 16:05:08
5.076 222.268 787.317 16:05:09
5.068 243.171 1005.366 16:05:10
5.068 247.585 1235.610 16:05:11
5.072 148.683 755.122 16:05:12
5.068 241.878 1263.415 16:05:13
5.072 250.366 829.756 16:05:14
5.060 283.780 1517.561 16:05:15
5.060 243.073 1245.366 16:05:16
5.072 146.976 1000.488 16:05:17
5.052 376.171 1639.024 16:05:18
5.076 176.390 774.634 16:05:19
5.072 161.390 819.024 16:05:20
5.064 248.683 1259.512 16:05:21
5.072 209.878 799.024 16:05:22
5.072 191.293 823.902 16:05:23
5.072 162.293 823.902 16:05:24
5.060 333.659 1633.659 16:05:25
5.060 345.073 1727.805 16:05:26
5.072 149.293 754.634 16:05:27
5.048 266.585 1255.610 16:05:28
5.072 162.195 823.415 16:05:29
5.060 293.561 1496.098 16:05:30
5.060 309.976 1301.951 16:05:31
5.072 187.683 797.561 16:05:32
5.076 162.195 821.463 16:05:33
5.076 241.488 1141.463 16:05:34
5.068 192.073 954.146 16:05:35
5.064 245.585 1650.244 16:05:36
5.076 148.878 794.634 16:05:37
5.060 284.561 998.049 16:05:38
5.072 149.683 759.512 16:05:39
5.068 248.488 875.122 16:05:40
5.068 248.780 1353.171 16:05:41
5.076 148.585 760.000 16:05:42
5.068 214.390 1560.976 16:05:43
5.072 147.878 749.756 16:05:44
5.076 148.293 755.122 16:05:45
5.068 246.585 1612.195 16:05:46
5.068 315.366 1383.415 16:05:47
5.056 246.976 1259.512 16:05:48
5.076 148.683 757.561 16:05:49
5.068 180.390 823.902 16:05:50
5.064 224.488 775.122 16:05:51
5.068 234.366 1130.732 16:05:52
5.060 329.780 1645.854 16:05:53
5.072 157.390 754.634 16:05:54
5.060 292.683 1548.293 16:05:55
5.056 329.878 1757.561 16:05:56
5.068 252.171 1075.122 16:05:57
5.068 226.171 1153.171 16:05:58
5.072 148.488 754.634 16:05:59
5.072 161.780 836.585 16:06:00
5.056 468.756 1473.659 16:06:01
5.060 280.585 1418.537 16:06:02
5.060 297.366 1274.634 16:06:03
5.076 147.585 746.341 16:06:04
5.072 213.976 822.439 16:06:05
5.064 241.488 1446.829 16:06:06
5.064 285.463 1700.000 16:06:07
5.072 146.878 740.000 16:06:08
5.076 162.390 820.976 16:06:09
5.068 161.976 822.439 16:06:10
5.068 252.878 1237.073 16:06:11
5.076 149.098 758.537 16:06:12
5.076 147.878 743.415 16:06:13
5.072 161.780 1209.268 16:06:14
5.072 162.293 820.976 16:06:15
5.072 150.585 763.415 16:06:16
5.072 210.683 1070.244 16:06:17
5.076 148.976 753.659 16:06:18
5.064 247.585 1259.512 16:06:19
5.068 191.073 971.707 16:06:20
5.064 282.366 1439.512 16:06:21
5.068 214.976 1191.707 16:06:22
5.068 193.683 1051.707 16:06:23
5.072 152.683 777.073 16:06:24
5.072 162.976 823.902 16:06:25
5.068 290.268 1452.195 16:06:26
5.064 324.463 1487.317 16:06:27
5.068 153.195 839.024 16:06:28
5.076 154.585 866.341 16:06:29
5.072 162.195 823.902 16:06:30
5.068 203.171 1392.195 16:06:31
5.072 170.195 823.415 16:06:32
5.072 246.171 1235.610 16:06:33
5.076 197.488 753.659 16:06:34
5.068 303.878 1561.463 16:06:35
5.072 165.976 822.439 16:06:36
5.064 248.488 1227.805 16:06:37
5.076 167.585 920.000 16:06:38
5.076 161.878 822.439 16:06:39
5.072 289.878 1464.878 16:06:40
5.064 213.780 1080.000 16:06:41
5.072 187.073 908.780 16:06:42
5.068 228.073 777.561 16:06:43
5.068 241.683 1683.415 16:06:44
5.060 344.171 1269.268 16:06:45
5.064 229.268 1150.244 16:06:46
5.068 247.976 1231.707 16:06:47
5.068 148.780 1070.244 16:06:49
5.072 162.878 823.415 16:06:50
5.068 222.488 826.341 16:06:51
5.072 148.390 755.122 16:06:52
5.072 150.098 762.439 16:06:53
5.072 161.780 821.463 16:06:54
5.064 197.171 972.683 16:06:55
5.072 150.488 765.854 16:06:56
5.068 151.390 768.780 16:06:57
5.064 237.780 1031.707 16:06:58
5.068 259.976 1847.805 16:06:59
5.068 202.171 1003.902 16:07:00
5.048 454.561 2008.293 16:07:01
5.076 146.390 747.317 16:07:02
5.056 321.366 1636.098 16:07:03
5.076 211.780 1245.854 16:07:04
5.072 161.488 812.683 16:07:05
5.056 381.268 1246.829 16:07:06
5.076 153.293 777.073 16:07:07
5.060 326.463 1972.683 16:07:08
5.076 212.488 1034.146 16:07:09
5.072 161.488 822.439 16:07:10
5.060 225.585 1186.829 16:07:11
5.068 178.488 880.000 16:07:12
5.076 162.195 823.902 16:07:13
5.072 163.780 823.415 16:07:14
5.064 255.488 1497.073 16:07:15
5.052 406.171 2093.171 16:07:16
5.072 146.683 748.780 16:07:17
5.072 160.585 816.098 16:07:18
5.072 162.195 822.439 16:07:19
5.068 187.488 960.000 16:07:20
5.060 295.561 1558.537 16:07:21
5.076 218.976 787.317 16:07:22
5.068 161.488 817.561 16:07:23
5.060 330.073 2125.366 16:07:24
5.072 162.585 822.439 16:07:25
5.064 184.488 1230.732 16:07:26
5.072 146.780 748.780 16:07:27
5.072 160.585 814.634 16:07:28
5.052 413.854 2067.805 16:07:29
5.068 193.878 1287.805 16:07:30
5.068 295.561 1241.951 16:07:31
5.072 149.683 755.122 16:07:32
5.076 152.878 777.073 16:07:33
5.060 288.878 1238.049 16:07:34
5.064 221.390 1130.732 16:07:35
5.068 248.171 1263.415 16:07:36
5.072 167.683 822.439 16:07:37
5.072 146.878 747.317 16:07:38
5.060 333.463 1820.488 16:07:39
5.068 163.390 824.878 16:07:40
5.068 248.878 1230.732 16:07:41
5.072 183.488 862.439 16:07:42
5.072 290.683 1298.049 16:07:43
5.056 329.561 1597.561 16:07:44
5.072 162.585 823.902 16:07:45
5.068 266.073 1225.854 16:07:46
5.064 203.293 1403.415 16:07:47
5.060 326.561 1717.561 16:07:48
5.052 327.463 1652.683 16:07:49
5.072 147.976 749.756 16:07:50
5.076 184.293 820.976 16:07:51
5.072 180.293 821.463 16:07:52
5.076 152.878 776.098 16:07:53
5.072 160.488 814.634 16:07:54
5.068 243.780 1314.146 16:07:55
5.064 318.561 1466.829 16:07:56
5.048 450.268 2003.902 16:07:57
5.068 148.195 760.000 16:07:58
5.072 162.488 958.049 16:07:59
5.060 247.878 1250.732 16:08:00
5.060 280.878 1503.415 16:08:01
5.064 252.585 1276.585 16:08:02
5.068 194.073 836.098 16:08:03
5.068 255.268 1303.415 16:08:04
5.056 161.878 1119.512 16:08:05
5.056 337.463 1720.000 16:08:06
5.064 250.171 1266.829 16:08:07
5.068 182.171 1053.171 16:08:08
5.068 173.780 776.098 16:08:09
5.068 220.585 757.561 16:08:10
5.072 162.878 829.756 16:08:11
5.068 284.366 1264.390 16:08:12
5.068 184.878 897.561 16:08:13
5.068 152.293 780.976 16:08:14
5.076 151.293 765.854 16:08:15
5.068 374.268 2397.561 16:08:16
5.072 162.878 827.805 16:08:17
5.072 275.780 1260.976 16:08:18
5.068 190.976 988.780 16:08:19
5.072 232.366 1060.000 16:08:20
5.052 245.268 1274.634 16:08:21
5.060 250.268 1050.244 16:08:22
5.064 157.293 752.683 16:08:23
5.064 251.878 895.122 16:08:24
5.072 147.098 747.317 16:08:25
5.072 163.488 828.780 16:08:26
5.072 210.171 824.878 16:08:27
5.064 188.683 1181.463 16:08:28
5.060 301.976 1480.000 16:08:29
5.068 216.390 859.024 16:08:30
5.068 202.878 1062.927 16:08:31
5.076 162.488 824.878 16:08:32
5.072 189.293 932.683 16:08:33
5.064 305.878 1695.122 16:08:34
5.068 192.293 879.024 16:08:35
5.064 205.073 1409.756 16:08:36
5.072 160.585 818.537 16:08:37
5.072 217.171 1099.024 16:08:38
5.064 304.171 1490.732 16:08:39
5.076 147.585 745.854 16:08:40
5.064 245.171 1239.024 16:08:41
5.076 149.585 754.634 16:08:42
5.060 307.878 1449.756 16:08:43
5.068 318.659 1367.317 16:08:45
5.068 212.488 1075.122 16:08:46
5.072 162.683 822.439 16:08:47
5.072 148.585 753.659 16:08:48
5.068 280.073 2376.098 16:08:49
5.072 185.780 922.439 16:08:50
5.064 249.073 1265.854 16:08:51
5.072 198.073 1305.366 16:08:52
5.072 147.878 746.341 16:08:53
5.064 199.293 998.049 16:08:54
5.064 248.268 1227.805 16:08:55
5.068 169.878 856.585 16:08:56
5.064 214.976 1082.927 16:08:57
5.068 173.293 903.902 16:08:58
5.072 160.073 813.659 16:08:59
5.064 314.171 1752.683 16:09:00
5.064 237.268 1111.707 16:09:01
5.068 221.488 1214.634 16:09:02
5.072 149.488 942.439 16:09:03
5.076 161.488 820.976 16:09:04
5.056 243.585 1412.195 16:09:05
5.076 165.878 778.537 16:09:06
5.072 162.293 823.415 16:09:07
5.072 161.293 922.439 16:09:08
5.072 161.878 822.439 16:09:09
5.060 243.171 1239.024 16:09:10
5.064 217.976 1095.122 16:09:11
5.068 222.585 1120.488 16:09:12
5.072 150.878 765.854 16:09:13
5.076 160.585 1142.927 16:09:14
5.068 196.293 995.122 16:09:15
5.072 152.683 774.634 16:09:16
5.064 230.488 1492.195 16:09:17
5.072 150.195 752.195 16:09:18
5.076 160.488 821.463 16:09:19
5.064 284.976 1805.366 16:09:20
5.068 239.171 1248.293 16:09:21
5.072 162.488 823.902 16:09:22
5.076 149.195 758.537 16:09:23
5.068 199.073 1147.805 16:09:24
5.068 244.585 1743.902 16:09:25
5.060 345.756 2045.854 16:09:26
5.068 214.683 1089.268 16:09:27
5.072 148.780 810.244 16:09:28
5.072 160.780 815.122 16:09:29
5.056 332.561 1662.439 16:09:30
5.056 293.073 1468.293 16:09:31
5.068 258.463 1434.634 16:09:32
5.072 148.780 755.122 16:09:33
5.072 162.390 823.902 16:09:34
5.056 325.171 1655.122 16:09:35
5.060 270.976 1281.951 16:09:36
5.072 161.683 824.878 16:09:37
5.076 147.098 777.561 16:09:38
5.072 153.098 773.659 16:09:39
5.076 160.878 819.024 16:09:40
5.060 467.366 2039.024 16:09:41
5.072 248.878 1242.927 16:09:42
5.072 181.585 936.098 16:09:43
5.068 242.366 1321.951 16:09:44
5.068 153.390 779.024 16:09:45
5.072 163.293 827.805 16:09:46
5.072 207.390 970.244 16:09:47
5.048 280.366 1388.293 16:09:48
5.060 266.976 1442.439 16:09:49
5.076 149.195 757.561 16:09:50
5.072 162.293 823.902 16:09:51
5.072 162.683 824.878 16:09:52
5.068 160.878 825.366 16:09:53
5.076 161.976 823.902 16:09:54
5.056 358.756 1680.976 16:09:55
5.072 151.878 1113.171 16:09:56
5.072 154.073 782.439 16:09:57
5.072 162.780 821.463 16:09:58
5.064 288.976 1372.195 16:09:59
5.068 209.878 1091.707 16:10:00
5.068 148.976 752.683 16:10:01
5.072 160.585 814.634 16:10:02
5.076 222.976 825.366 16:10:03
5.068 226.976 1203.415 16:10:04
5.068 367.976 1847.805 16:10:05
5.076 161.976 768.293 16:10:06
5.072 161.195 815.122 16:10:07
5.072 152.488 907.317 16:10:08
5.060 333.268 1261.951 16:10:09
5.060 246.171 1439.512 16:10:10
5.072 147.488 746.341 16:10:11
5.072 239.073 1222.927 16:10:12
5.072 163.293 755.122 16:10:13
5.056 333.659 1679.024 16:10:14
5.064 244.171 1240.976 16:10:15
5.076 147.098 1168.293 16:10:16
5.072 163.293 882.927 16:10:17
5.076 151.780 777.561 16:10:18
5.056 336.756 1431.220 16:10:19
5.064 303.976 1240.488 16:10:20
5.076 172.488 744.878 16:10:21
5.064 249.585 1268.293 16:10:22
5.076 150.780 766.341 16:10:23
5.068 338.268 1725.366 16:10:24
5.076 280.463 893.659 16:10:25
5.072 149.098 752.683 16:10:26
5.064 226.390 1119.024 16:10:27
5.072 147.098 743.415 16:10:28
5.052 337.366 1641.463 16:10:29
5.068 209.268 1473.171 16:10:30
5.076 148.780 752.683 16:10:31
5.072 156.488 964.878 16:10:32
5.072 153.390 779.024 16:10:33
5.056 420.268 2109.268 16:10:34
5.072 155.780 1029.268 16:10:35
5.072 176.585 751.220 16:10:36
5.048 469.756 2105.854 16:10:37
5.068 234.073 1690.244 16:10:38
5.072 152.976 774.634 16:10:39
5.060 275.463 1443.415 16:10:40
5.072 155.585 846.341 16:10:41
5.072 160.293 813.659 16:10:43
5.060 328.366 1688.780 16:10:44
5.076 149.195 761.463 16:10:45
5.076 160.585 813.659 16:10:46
5.072 163.683 823.902 16:10:47
5.072 187.780 816.098 16:10:48
5.056 372.659 2154.146 16:10:49
5.060 217.390 1152.683 16:10:50
5.068 150.683 1090.244 16:10:51
5.064 157.293 797.561 16:10:52
5.072 149.585 1277.073 16:10:53
5.072 150.585 767.317 16:10:54
5.068 211.171 1070.732 16:10:55
5.068 211.171 1070.732 16:10:56
5.064 287.780 1456.098 16:10:57
5.072 213.585 1085.366 16:10:58
5.064 220.488 1118.049 16:10:59
5.060 272.976 1258.049 16:11:00
5.072 184.488 983.902 16:11:01
5.064 251.585 1258.049 16:11:02
5.068 175.780 1856.585 16:11:03
5.072 161.195 818.537 16:11:04
5.068 241.171 1700.000 16:11:05
5.072 162.293 823.902 16:11:06
5.068 173.780 1652.195 16:11:07
5.072 161.585 825.366 16:11:08
5.064 249.585 1243.415 16:11:09
5.064 284.073 1696.585 16:11:10
5.064 249.878 1260.976 16:11:11
5.072 357.976 823.902 16:11:12
5.072 190.488 823.902 16:11:13
5.064 290.976 1483.415 16:11:14
5.056 372.171 1854.146 16:11:15
5.056 240.268 1225.854 16:11:16
5.072 270.366 974.146 16:11:17
5.060 240.488 836.585 16:11:18
5.060 348.366 1671.220 16:11:19
5.060 272.268 1393.659 16:11:20
5.072 225.073 1033.171 16:11:21
5.072 177.488 1120.488 16:11:22
5.072 162.683 816.585 16:11:23
5.064 246.976 1740.000 16:11:24
5.072 342.268 1702.439 16:11:25
5.068 246.488 1053.171 16:11:26
5.076 147.976 756.098 16:11:27
5.072 152.976 777.073 16:11:28
5.068 245.878 1265.366 16:11:29
5.072 213.585 949.268 16:11:30
5.068 295.976 1500.000 16:11:31
5.068 193.073 1082.927 16:11:32
5.072 153.293 778.537 16:11:33
5.076 250.878 1672.195 16:11:34
5.064 223.683 1747.805 16:11:35
5.064 294.683 1409.268 16:11:36
5.060 267.585 1234.146 16:11:37
5.068 162.683 832.195 16:11:38
5.068 242.683 1286.829 16:11:39
5.076 161.585 829.756 16:11:40
5.064 267.878 1429.756 16:11:41
5.076 151.195 768.780 16:11:42
5.064 250.780 1269.756 16:11:43
5.064 452.366 1236.585 16:11:44
5.068 249.488 1236.585 16:11:45
5.072 184.293 830.244 16:11:46
5.076 159.878 815.122 16:11:47
5.076 161.073 859.024 16:11:48
5.056 288.780 1855.610 16:11:49
5.068 209.073 1066.829 16:11:50
5.072 149.683 756.098 16:11:51
5.068 220.268 1281.951 16:11:52
5.064 252.878 1552.683 16:11:53
5.068 201.488 1021.463 16:11:54
5.072 162.195 903.902 16:11:55
5.072 162.683 824.878 16:11:56
5.076 146.976 755.122 16:11:57
5.064 259.683 1157.073 16:11:58
5.072 226.976 775.122 16:11:59
5.068 376.268 2074.146 16:12:00
5.072 199.976 1320.488 16:12:01
5.068 214.878 1112.683 16:12:02
5.064 247.366 1429.268 16:12:03
5.072 148.976 750.244 16:12:04
5.064 248.780 1223.415 16:12:05
5.076 162.976 827.805 16:12:06
5.072 192.293 947.317 16:12:07
5.060 276.976 1325.854 16:12:08
5.072 149.390 754.634 16:12:09
5.072 161.488 820.976 16:12:10
5.072 369.366 1081.463 16:12:11
5.076 149.878 765.854 16:12:12
5.064 247.780 1237.073 16:12:13
5.076 148.390 751.220 16:12:14
5.060 338.366 1656.098 16:12:15
5.072 162.878 825.366 16:12:16
5.060 304.073 1494.634 16:12:17
5.068 243.780 1044.390 16:12:18
5.072 264.878 967.805 16:12:19
5.072 161.195 863.902 16:12:20
5.072 161.780 852.195 16:12:21
5.076 162.585 855.122 16:12:22
5.068 240.780 1680.000 16:12:23
5.068 224.976 1153.171 16:12:24
5.072 162.976 985.366 16:12:25
5.072 149.293 1049.268 16:12:26
5.064 243.780 1235.610 16:12:27
5.064 239.878 1236.585 16:12:28
5.068 294.780 1495.122 16:12:29
5.052 403.659 1642.439 16:12:30
5.072 171.390 871.220 16:12:31
5.072 163.585 860.000 16:12:32
5.060 244.878 1250.244 16:12:33
5.064 267.366 1027.805 16:12:34
5.072 156.488 789.756 16:12:35
5.072 187.585 823.415 16:12:37
5.052 399.854 2092.195 16:12:38
5.072 164.585 839.024 16:12:39
5.072 148.488 755.122 16:12:40
5.068 306.878 1245.854 16:12:41
5.072 149.780 751.220 16:12:42
5.072 187.878 922.927 16:12:43
5.068 247.780 1320.488 16:12:44
5.068 229.268 1204.390 16:12:45
5.048 399.561 1680.976 16:12:46
5.076 271.366 823.902 16:12:47
5.076 146.780 748.293 16:12:48
5.056 452.366 2280.976 16:12:49
5.072 153.098 773.659 16:12:50
5.052 392.561 1879.024 16:12:51
5.072 160.488 818.537 16:12:52
5.076 146.976 748.293 16:12:53
5.064 359.854 1742.927 16:12:54
5.076 151.293 769.756 16:12:55
5.072 206.390 989.268 16:12:56
5.072 196.073 912.683 16:12:57
5.072 185.390 959.024 16:12:58
5.060 294.878 964.878 16:12:59
5.072 177.390 894.146 16:13:00
5.072 162.488 821.463 16:13:01
5.072 160.585 816.098 16:13:02
5.060 309.073 1740.000 16:13:03
5.044 461.659 1377.073 16:13:04
5.072 148.976 752.683 16:13:05
5.072 156.195 796.098 16:13:06
5.072 152.585 773.659 16:13:07
5.064 383.854 2096.585 16:13:08
5.072 280.976 907.805 16:13:09
5.072 147.683 744.878 16:13:10
5.060 250.366 1271.707 16:13:11
5.072 242.976 758.537 16:13:12
5.060 402.171 2010.732 16:13:13
5.076 176.073 812.683 16:13:14
5.076 148.488 745.854 16:13:15
5.072 220.488 1084.390 16:13:16
5.072 148.780 757.073 16:13:17
5.068 197.488 995.610 16:13:18
5.072 174.488 824.878 16:13:19
5.076 148.585 754.634 16:13:20
5.052 425.561 2138.537 16:13:21
5.076 150.585 768.780 16:13:22
5.072 162.390 823.902 16:13:23
5.072 210.171 823.902 16:13:24
5.076 216.390 1195.610 16:13:25
5.060 254.780 1495.122 16:13:26
5.072 216.683 778.537 16:13:27
5.076 146.390 746.341 16:13:28
5.052 401.463 2010.732 16:13:29
5.076 161.976 824.878 16:13:30
5.068 310.073 1663.902 16:13:31
5.076 149.683 1292.195 16:13:32
5.068 152.976 777.073 16:13:33
5.052 403.659 2012.683 16:13:34
5.064 254.976 1265.366 16:13:35
5.068 222.390 1310.732 16:13:36
5.072 243.976 1327.317 16:13:37
5.072 148.683 754.634 16:13:38
5.044 482.049 2057.073 16:13:39
5.068 248.585 1313.171 16:13:40
5.068 188.390 1329.268 16:13:41
5.072 184.390 986.829 16:13:42
5.072 147.878 747.317 16:13:43
5.052 410.756 2015.610 16:13:44
5.072 162.878 1389.756 16:13:45
5.068 321.073 1462.439 16:13:46
5.056 342.878 1240.976 16:13:47
5.068 202.073 974.146 16:13:48
5.048 324.780 1807.805 16:13:49
5.064 243.488 1195.610 16:13:50
5.068 242.585 1229.268 16:13:51
5.076 222.390 823.415 16:13:52
5.076 160.073 816.098 16:13:53
5.072 212.780 1076.585 16:13:54
5.072 162.780 825.366 16:13:55
5.076 197.293 1035.122 16:13:56
5.064 280.171 1418.537 16:13:57
5.072 151.780 767.317 16:13:58
5.064 242.268 1227.805 16:13:59
5.076 162.780 827.317 16:14:00
5.072 161.488 775.122 16:14:01
5.060 365.463 1235.610 16:14:02
5.072 198.171 934.146 16:14:03
5.076 165.780 1055.122 16:14:04
5.056 260.780 1369.268 16:14:05
5.076 146.878 749.756 16:14:06
5.068 207.976 1053.171 16:14:07
5.072 162.195 747.317 16:14:08
5.068 239.488 1250.732 16:14:09
5.064 292.976 1548.780 16:14:10
5.072 162.976 824.878 16:14:11
5.044 392.854 1274.634 16:14:12
5.076 148.293 760.976 16:14:13
5.052 321.171 1250.732 16:14:14
5.064 315.878 1458.537 16:14:15
5.060 325.171 1682.439 16:14:16
5.064 213.390 1323.415 16:14:17
5.072 194.390 1166.829 16:14:18
5.076 152.976 772.195 16:14:19
5.076 150.878 763.902 16:14:20
5.068 338.366 1224.390 16:14:21
5.068 236.585 1144.390 16:14:22
5.068 202.488 1016.585 16:14:23
5.064 185.171 820.976 16:14:24
5.064 306.171 1338.049 16:14:25
5.072 148.585 824.878 16:14:26
5.072 162.488 822.439 16:14:27
5.064 377.854 1270.732 16:14:28
5.072 153.098 776.098 16:14:29
5.072 267.268 1228.293 16:14:30
5.068 277.366 1269.756 16:14:31
5.064 262.780 1484.390 16:14:32
5.076 185.390 940.488 16:14:33
5.072 150.585 765.854 16:14:34
5.072 155.585 788.780 16:14:35
5.060 334.756 1721.463 16:14:36
5.064 265.171 1277.073 16:14:37
5.068 207.683 949.268 16:14:38
5.068 189.171 1084.390 16:14:40
5.068 152.976 774.634 16:14:41
5.060 251.171 1429.756 16:14:42
5.068 191.293 945.366 16:14:43
5.068 249.878 1233.171 16:14:44
5.060 186.878 1110.244 16:14:45
5.068 149.098 753.659 16:14:46
5.076 160.073 812.195 16:14:47
5.064 246.780 1250.244 16:14:48
5.068 214.268 1085.366 16:14:49
5.068 214.878 1237.073 16:14:50
5.068 183.683 755.122 16:14:51
5.056 397.073 1823.902 16:14:52
5.072 162.683 825.366 16:14:53
5.072 148.488 754.634 16:14:54
5.072 196.780 953.659 16:14:55
5.064 185.585 978.049 16:14:56
5.072 204.390 891.707 16:14:57
5.064 249.171 1274.146 16:14:58
5.064 164.780 1344.878 16:14:59
5.068 149.293 756.098 16:15:00
5.044 452.366 2148.293 16:15:01
5.076 176.878 760.000 16:15:02
5.068 200.293 1019.024 16:15:03
5.060 377.268 1800.488 16:15:04
5.072 146.683 748.780 16:15:05
5.072 162.488 823.415 16:15:06
5.072 246.585 824.878 16:15:07
5.060 243.488 1245.366 16:15:08
5.060 365.268 1473.659 16:15:09
5.076 205.268 754.634 16:15:10
5.072 162.390 823.902 16:15:11
5.072 164.073 1746.341 16:15:12
5.064 243.366 1254.634 16:15:13
5.068 175.780 887.317 16:15:14
5.068 224.780 1142.927 16:15:15
5.076 161.878 822.439 16:15:16
5.056 334.073 2097.073 16:15:17
5.056 334.366 1655.122 16:15:18
5.068 193.390 943.902 16:15:19
5.068 208.780 1026.341 16:15:20
5.076 151.488 768.780 16:15:21
5.060 246.976 1656.098 16:15:22
5.064 243.585 1306.829 16:15:23
5.076 193.780 1013.659 16:15:24
5.072 152.585 1244.390 16:15:25
5.072 176.073 770.244 16:15:26
5.060 342.463 1676.585 16:15:27
5.056 163.073 823.902 16:15:28
5.052 337.171 1716.585 16:15:29
5.072 174.390 874.146 16:15:30
5.076 161.293 820.000 16:15:31
5.064 337.561 1398.049 16:15:32
5.076 146.878 747.317 16:15:33
5.072 160.585 1280.976 16:15:34
5.068 190.488 994.146 16:15:35
5.060 316.366 1603.902 16:15:36
5.068 244.171 1334.146 16:15:37
5.076 147.878 1045.366 16:15:38
5.060 256.780 1300.488 16:15:39
5.076 176.780 824.878 16:15:40
5.064 255.780 1444.878 16:15:41
5.072 165.390 1485.854 16:15:42
5.072 157.780 751.220 16:15:43
5.060 261.073 1258.049 16:15:44
5.072 165.293 823.902 16:15:45
5.076 163.195 866.341 16:15:46
5.060 247.585 1495.122 16:15:47
5.072 149.293 757.073 16:15:48
5.068 271.683 1508.293 16:15:49
5.072 186.780 1078.049 16:15:50
5.064 162.293 822.439 16:15:51
5.072 162.976 822.439 16:15:52
5.072 149.293 753.659 16:15:53
5.064 198.293 1045.366 16:15:54
5.076 251.073 820.976 16:15:55
5.064 262.073 1473.171 16:15:56
5.060 334.073 1380.488 16:15:57
5.072 150.098 1095.122 16:15:58
5.076 162.976 827.317 16:15:59
5.068 162.390 823.902 16:16:00
5.064 241.976 1225.366 16:16:01
5.044 452.854 1812.683 16:16:02
5.076 206.878 755.122 16:16:03
5.068 225.390 1273.171 16:16:04
5.068 269.585 1071.707 16:16:05
5.072 237.268 981.463 16:16:06
5.064 247.976 1258.049 16:16:07
5.076 147.195 743.415 16:16:08
5.052 411.463 1990.732 16:16:09
5.068 277.268 1040.000 16:16:10
5.072 147.195 743.415 16:16:11
5.068 222.878 1200.488 16:16:12
5.076 151.195 763.902 16:16:13
5.064 273.073 1265.854 16:16:14
5.072 162.195 822.439 16:16:15
5.072 159.488 807.805 16:16:16
5.064 221.268 1156.585 16:16:17
5.060 263.780 1305.854 16:16:18
5.060 245.268 1219.024 16:16:19
5.072 161.293 818.537 16:16:20
5.076 155.780 892.683 16:16:21
5.064 364.366 1248.293 16:16:22
5.076 162.488 823.415 16:16:23
5.060 186.585 922.439 16:16:24
5.072 166.878 1284.390 16:16:25
5.068 375.463 1855.610 16:16:26
5.068 194.171 1219.512 16:16:27
5.072 153.293 1258.049 16:16:28
5.064 250.488 1273.171 16:16:29
5.068 232.976 1095.122 16:16:30
5.068 162.585 825.366 16:16:31
5.060 329.659 1673.659 16:16:32
5.072 149.585 754.634 16:16:33
5.072 161.878 825.366 16:16:34
5.068 243.585 1269.268 16:16:36
5.072 164.073 826.341 16:16:37
5.060 279.780 1548.780 16:16:38
5.068 149.293 829.756 16:16:39
5.072 153.976 1137.073 16:16:40
5.072 153.390 774.634 16:16:41
5.072 181.976 905.366 16:16:42
5.072 151.780 766.341 16:16:43
5.072 151.390 769.756 16:16:44
5.060 266.073 1344.390 16:16:45
5.044 399.659 1835.610 16:16:46
5.076 147.195 749.756 16:16:47
5.072 147.488 748.293 16:16:48
5.072 154.073 777.561 16:16:49
5.060 243.171 1234.146 16:16:50
5.072 162.780 824.878 16:16:51
5.076 150.878 763.902 16:16:52
5.068 271.073 1086.341 16:16:53
5.076 153.585 779.024 16:16:54
5.076 147.488 743.902 16:16:55
5.072 152.878 776.098 16:16:56
5.072 192.073 925.366 16:16:57
5.072 221.171 1084.390 16:16:58
5.064 253.683 1468.293 16:16:59
5.076 161.976 823.415 16:17:00
5.060 250.780 1401.951 16:17:01
5.068 214.171 1092.683 16:17:02
5.052 372.659 1734.146 16:17:03
5.072 164.976 833.659 16:17:04
5.064 238.171 1303.415 16:17:05
5.064 246.488 1240.976 16:17:06
5.072 249.878 1242.927 16:17:07
5.064 249.878 1263.415 16:17:08
5.064 224.585 826.341 16:17:09
5.068 244.585 1233.171 16:17:10
5.056 359.756 1464.878 16:17:11
5.072 152.293 764.878 16:17:12
5.068 158.488 888.780 16:17:13
5.060 475.146 1265.854 16:17:14
5.068 248.976 1259.512 16:17:15
5.064 203.073 1032.683 16:17:16
5.060 291.268 1018.049 16:17:17
5.064 277.976 1338.537 16:17:18
5.060 209.780 1040.488 16:17:19
5.064 198.293 1049.268 16:17:20
5.056 337.366 1712.195 16:17:21
5.072 160.293 817.561 16:17:22
5.072 160.878 815.122 16:17:23
5.056 329.463 1666.341 16:17:24
5.064 375.073 1393.171 16:17:25
5.064 251.683 1261.951 16:17:26
5.072 162.683 823.902 16:17:27
5.072 161.585 816.585 16:17:28
5.068 249.488 1269.268 16:17:29
5.064 242.171 1236.585 16:17:30
5.064 252.171 1278.537 16:17:31
5.064 332.976 1683.415 16:17:32
5.072 160.488 930.244 16:17:33
5.072 162.073 824.878 16:17:34
5.068 166.073 823.902 16:17:35
5.048 292.268 1552.195 16:17:36
5.064 250.171 1236.585 16:17:37
5.072 148.683 754.634 16:17:38
5.072 153.683 795.122 16:17:39
5.072 162.585 889.756 16:17:40
5.068 191.390 965.366 16:17:41
5.056 263.976 1240.488 16:17:42
5.072 149.195 757.073 16:17:43
5.068 225.683 1155.122 16:17:44
5.064 317.171 1654.634 16:17:45
5.068 171.073 871.220 16:17:46
5.072 249.976 1057.561 16:17:47
5.072 149.780 758.537 16:17:48
5.076 157.195 793.659 16:17:49
5.068 152.683 1099.024 16:17:50
5.068 182.585 990.244 16:17:51
5.072 174.878 785.854 16:17:52
5.072 146.878 795.122 16:17:53
5.064 272.878 1380.976 16:17:54
5.064 251.366 1275.610 16:17:55
5.068 162.073 823.415 16:17:56
5.056 249.683 1310.732 16:17:57
5.064 201.488 1006.829 16:17:58
5.068 268.366 1260.976 16:17:59
5.068 246.268 829.756 16:18:00
5.068 149.488 754.634 16:18:01
5.056 324.073 1684.878 16:18:02
5.068 218.780 1115.610 16:18:03
5.052 332.561 1742.927 16:18:04
5.064 214.171 1052.683 16:18:05
5.072 174.488 841.463 16:18:06
5.056 273.366 1018.049 16:18:07
5.068 248.585 1253.171 16:18:08
5.060 333.171 1686.341 16:18:09
5.072 147.293 746.341 16:18:10
5.072 214.585 819.024 16:18:11
5.068 315.366 1936.585 16:18:12
5.068 202.585 1001.463 16:18:13
5.056 250.171 1660.000 16:18:14
5.072 150.488 765.854 16:18:15
5.064 245.878 1310.732 16:18:16
5.060 265.073 2133.171 16:18:17
5.068 182.171 990.244 16:18:18
5.060 264.366 1266.829 16:18:19
5.076 162.683 816.585 16:18:20
5.072 162.780 823.902 16:18:21
5.068 170.195 862.439 16:18:22
5.068 210.878 1136.585 16:18:23
5.072 161.976 885.366 16:18:24
5.068 225.683 824.878 16:18:25
5.072 160.780 816.585 16:18:26
5.060 290.268 1153.171 16:18:27
5.060 289.366 1480.976 16:18:28
5.072 153.585 779.024 16:18:29
5.076 222.976 777.561 16:18:30
5.060 270.976 1313.171 16:18:32
5.060 272.878 1445.854 16:18:33
5.064 258.585 1279.512 16:18:34
5.064 225.976 1534.634 16:18:35
5.072 179.195 881.463 16:18:36
5.072 177.976 908.780 16:18:37
5.072 160.390 1252.195 16:18:38
5.068 251.878 1239.024 16:18:39
5.068 163.585 1032.683 16:18:40
5.052 378.463 1648.780 16:18:41
5.072 148.195 1121.463 16:18:42
5.072 161.585 820.976 16:18:43
5.068 163.390 1139.512 16:18:44
5.064 291.171 1436.098 16:18:45
5.044 394.268 2259.512 16:18:46
5.068 264.683 1091.707 16:18:47
5.076 149.585 745.854 16:18:48
5.056 469.659 1986.829 16:18:49
5.064 244.780 1237.073 16:18:50
5.060 254.878 1157.073 16:18:51
5.072 155.195 784.878 16:18:52
5.072 148.878 758.537 16:18:53
5.060 291.683 1487.317 16:18:54
5.072 198.488 972.683 16:18:55
5.072 253.268 1137.073 16:18:56
5.072 340.561 1252.195 16:18:57
5.072 192.585 1014.146 16:18:58
5.060 292.976 1520.976 16:18:59
5.064 246.878 1221.951 16:19:00
5.072 151.585 1070.244 16:19:01
5.068 165.780 838.537 16:19:02
5.076 200.585 1703.902 16:19:03
5.056 257.171 1287.805 16:19:04
5.060 285.878 1701.463 16:19:05
5.072 149.293 756.098 16:19:06
5.072 225.976 826.341 16:19:07
5.072 254.073 825.366 16:19:08
5.072 185.878 1281.951 16:19:09
5.068 191.293 976.098 16:19:10
5.072 149.976 762.439 16:19:11
5.068 244.073 1332.195 16:19:12
5.060 249.488 1267.805 16:19:13
5.068 178.390 799.024 16:19:14
5.068 222.585 1201.951 16:19:15
5.072 150.683 880.976 16:19:16
5.060 334.659 1718.537 16:19:17
5.076 162.878 823.415 16:19:18
5.076 149.293 759.512 16:19:19
5.060 288.268 1049.268 16:19:20
5.072 180.293 847.317 16:19:21
5.064 251.585 1234.146 16:19:22
5.072 162.195 826.341 16:19:23
5.072 158.073 757.561 16:19:24
5.064 253.073 1367.317 16:19:25
5.068 225.073 1086.829 16:19:26
5.068 253.171 1235.610 16:19:27
5.072 149.293 764.878 16:19:28
5.068 199.488 1027.805 16:19:29
5.068 162.195 875.122 16:19:30
5.064 250.780 1325.366 16:19:31
5.060 324.780 1867.805 16:19:32
5.072 162.390 880.976 16:19:33
5.076 160.073 815.122 16:19:34
5.060 328.463 1664.878 16:19:35
5.072 156.293 787.805 16:19:36
5.064 251.683 1240.976 16:19:37
5.072 162.073 826.341 16:19:38
5.072 164.293 754.634 16:19:39
5.068 251.171 1250.732 16:19:40
5.076 163.488 829.756 16:19:41
5.060 340.366 1656.585 16:19:42
5.076 178.878 1062.927 16:19:43
5.064 331.171 1418.537 16:19:44
5.064 206.268 1038.049 16:19:45
5.064 356.561 1520.000 16:19:46
5.060 259.976 1244.390 16:19:47
5.068 164.488 754.634 16:19:48
5.064 386.073 1715.122 16:19:49
5.072 208.780 868.780 16:19:50
5.068 247.780 1257.073 16:19:51
5.072 163.293 823.415 16:19:52
5.068 201.390 974.146 16:19:53
5.064 419.756 2328.780 16:19:54
5.064 250.073 1240.488 16:19:55
5.072 215.268 1239.024 16:19:56
5.072 217.683 1106.829 16:19:57
5.072 177.780 974.146 16:19:58
5.072 200.293 1002.439 16:19:59
5.064 245.073 1243.415 16:20:00
5.064 327.463 1802.927 16:20:01
5.068 238.976 1132.683 16:20:02
5.076 169.293 904.878 16:20:03
5.068 162.585 824.878 16:20:04
5.056 339.073 1232.195 16:20:05
5.068 205.585 986.341 16:20:06
5.064 248.976 1291.707 16:20:07
5.072 149.878 759.512 16:20:08
5.060 162.585 823.902 16:20:09
5.076 170.488 768.780 16:20:10
5.060 475.244 2093.171 16:20:11
5.068 348.756 1743.902 16:20:12
5.072 147.976 756.098 16:20:13
5.072 163.073 824.878 16:20:14
5.072 163.683 834.634 16:20:15
5.072 191.293 967.805 16:20:16
5.060 474.244 2280.976 16:20:17
5.072 165.293 837.561 16:20:18
5.056 479.756 2377.561 16:20:19
5.068 168.390 825.366 16:20:20
5.076 148.195 1067.805 16:20:21
5.064 311.659 1787.805 16:20:22
5.068 209.585 1129.268 16:20:23
5.060 282.780 1978.049 16:20:24
5.064 272.585 1271.707 16:20:25
5.076 149.390 757.073 16:20:27
5.068 156.390 793.659 16:20:28
5.072 147.098 751.220 16:20:29
5.068 241.585 1328.293 16:20:30
5.064 468.146 1218.049 16:20:31
5.072 152.488 777.561 16:20:32
5.064 239.366 1229.268 16:20:33
5.072 162.488 823.415 16:20:34
5.064 256.268 1231.707 16:20:35
5.072 168.488 815.122 16:20:36
5.076 174.878 893.659 16:20:37
5.072 160.390 812.683 16:20:38
5.076 162.293 823.415 16:20:39
5.064 266.976 1264.390 16:20:40
5.072 147.488 756.098 16:20:41
5.076 147.098 775.122 16:20:42
5.072 160.073 813.659 16:20:43
5.072 160.293 812.683 16:20:44
5.072 146.585 748.780 16:20:45
5.072 145.683 746.341 16:20:46
5.076 146.976 742.439 16:20:47
5.064 240.878 1222.927 16:20:48
5.076 148.585 758.537 16:20:49
5.072 146.780 740.976 16:20:50
5.076 159.293 811.220 16:20:51
5.076 146.293 748.293 16:20:52
5.072 147.780 974.146 16:20:53
5.072 146.195 743.415 16:20:54
5.072 159.878 810.244 16:20:55
5.076 161.780 888.780 16:20:56
