5.060 326.988 1645.610 03:28:59
5.072 156.793 796.829 03:29:00
5.076 143.195 726.829 03:29:01
5.076 156.793 792.439 03:29:02
5.076 145.098 739.756 03:29:03
5.064 180.293 736.829 03:29:04
5.068 199.988 738.537 03:29:05
5.076 143.500 725.610 03:29:06
5.072 156.000 795.122 03:29:07
5.076 143.000 730.488 03:29:08
5.076 156.293 795.122 03:29:09
5.076 142.695 727.317 03:29:10
5.076 143.098 726.829 03:29:11
5.076 157.000 791.220 03:29:12
5.076 143.390 726.585 03:29:13
5.060 317.793 1243.902 03:29:14
5.068 151.293 956.585 03:29:15
5.076 144.695 799.268 03:29:16
5.068 149.293 1008.293 03:29:17
5.076 142.793 730.488 03:29:18
5.072 156.695 796.098 03:29:19
5.076 144.500 730.488 03:29:20
5.076 158.695 804.878 03:29:21
5.076 145.598 734.146 03:29:22
5.072 145.000 734.146 03:29:23
5.076 145.000 734.390 03:29:24
5.076 143.890 726.585 03:29:25
5.076 143.793 727.317 03:29:26
5.076 151.598 730.488 03:29:27
5.064 286.988 1462.195 03:29:28
5.076 143.293 730.976 03:29:29
5.076 144.098 730.488 03:29:30
5.076 157.695 801.220 03:29:31
5.076 142.500 726.585 03:29:32
5.076 156.793 796.341 03:29:33
5.076 147.390 743.659 03:29:34
5.076 190.793 889.268 03:29:35
5.076 143.500 726.585 03:29:36
5.076 143.000 725.610 03:29:37
5.076 214.390 861.220 03:29:38
5.076 143.695 724.878 03:29:39
5.080 156.793 796.341 03:29:40
5.080 144.293 818.049 03:29:41
5.076 142.598 723.659 03:29:42
5.076 143.390 992.927 03:29:43
5.076 143.890 725.610 03:29:44
5.076 156.793 796.341 03:29:45
5.076 143.195 740.488 03:29:46
5.056 316.988 1231.951 03:29:47
5.076 175.793 1014.146 03:29:48
5.080 143.890 728.780 03:29:49
5.076 156.500 794.878 03:29:50
5.076 144.293 728.537 03:29:51
5.068 272.695 1342.683 03:29:52
5.080 143.195 730.488 03:29:53
5.080 143.195 724.878 03:29:54
5.076 158.500 811.220 03:29:55
5.072 175.793 871.220 03:29:56
5.072 260.085 886.341 03:29:57
5.076 144.195 732.439 03:29:58
5.076 143.793 729.268 03:29:59
5.076 158.293 803.659 03:30:00
5.076 143.500 736.098 03:30:01
5.076 220.988 1109.024 03:30:02
5.072 188.390 939.024 03:30:03
5.076 143.195 731.707 03:30:04
5.076 144.890 1044.146 03:30:05
5.076 146.293 739.268 03:30:06
5.064 158.390 804.390 03:30:07
5.076 143.195 726.098 03:30:08
5.068 237.598 1224.878 03:30:09
5.076 146.000 726.829 03:30:10
5.076 226.098 836.341 03:30:11
5.072 156.293 890.000 03:30:12
5.076 143.293 738.780 03:30:13
5.076 156.793 1461.707 03:30:14
5.072 145.793 734.878 03:30:15
5.072 145.390 734.878 03:30:16
5.076 156.695 796.098 03:30:17
5.076 143.098 727.317 03:30:18
5.064 265.695 1404.146 03:30:19
5.076 207.793 734.878 03:30:20
5.076 144.098 726.829 03:30:21
5.076 156.000 798.537 03:30:22
5.076 143.793 730.488 03:30:23
5.072 159.390 809.512 03:30:24
5.076 145.000 731.220 03:30:25
5.076 229.695 994.634 03:30:26
5.080 215.195 1075.366 03:30:27
5.076 143.098 731.220 03:30:28
5.076 156.890 792.927 03:30:29
5.076 145.598 742.927 03:30:30
5.076 150.293 766.098 03:30:31
5.076 143.890 725.610 03:30:32
5.076 143.000 726.829 03:30:33
5.076 143.293 726.829 03:30:34
5.076 144.390 729.268 03:30:35
5.076 158.390 803.659 03:30:36
5.076 144.000 729.268 03:30:37
5.072 217.890 1120.976 03:30:38
5.076 144.500 1189.268 03:30:39
5.076 144.000 730.000 03:30:40
5.076 146.293 736.098 03:30:42
5.076 143.890 725.366 03:30:43
5.076 162.598 794.878 03:30:44
5.080 146.293 744.390 03:30:45
5.072 201.488 1054.878 03:30:46
5.076 143.390 727.805 03:30:47
5.076 143.195 726.829 03:30:48
5.068 159.098 803.659 03:30:49
5.076 143.098 726.585 03:30:50
5.064 301.988 1203.171 03:30:51
5.076 143.000 736.098 03:30:52
5.080 144.293 727.317 03:30:53
5.076 159.293 808.049 03:30:54
5.072 144.890 1059.268 03:30:55
5.076 142.390 723.415 03:30:56
5.076 143.293 731.220 03:30:57
5.076 143.500 728.049 03:30:58
5.076 143.195 730.976 03:30:59
5.076 143.695 725.366 03:31:00
5.072 146.890 746.098 03:31:01
5.076 144.000 726.585 03:31:02
5.072 148.390 746.098 03:31:03
5.076 145.500 738.537 03:31:04
5.076 143.293 727.317 03:31:05
5.068 164.293 737.805 03:31:06
5.076 144.000 730.000 03:31:07
5.072 248.988 1145.366 03:31:08
5.076 145.500 740.000 03:31:09
5.068 197.195 970.244 03:31:10
5.076 153.500 727.317 03:31:11
5.076 159.500 871.951 03:31:12
5.076 142.890 1016.341 03:31:13
5.076 148.098 746.098 03:31:14
5.068 359.085 1324.390 03:31:15
5.072 201.098 739.756 03:31:16
5.072 143.195 732.439 03:31:17
5.076 156.793 796.098 03:31:18
5.072 143.195 730.000 03:31:19
5.076 156.098 795.122 03:31:20
5.076 145.000 739.756 03:31:21
5.076 145.793 744.146 03:31:22
5.076 145.695 740.000 03:31:23
5.076 144.195 726.585 03:31:24
5.076 147.195 791.220 03:31:25
5.076 146.695 801.951 03:31:26
5.068 252.695 1301.463 03:31:27
5.076 143.390 726.829 03:31:28
5.076 142.598 726.585 03:31:29
5.076 156.195 795.122 03:31:30
5.076 143.195 726.585 03:31:31
5.076 150.293 760.976 03:31:32
5.076 143.390 735.366 03:31:33
5.072 143.793 730.976 03:31:34
5.076 143.293 727.805 03:31:35
5.076 142.695 723.415 03:31:36
5.076 156.890 796.098 03:31:37
5.072 147.000 744.146 03:31:38
5.056 313.183 1634.146 03:31:39
5.076 143.598 724.390 03:31:40
5.076 145.500 738.780 03:31:41
5.076 156.098 794.146 03:31:42
5.076 143.390 726.829 03:31:43
5.068 271.488 1439.756 03:31:44
5.076 177.695 911.951 03:31:45
5.072 195.293 942.683 03:31:46
5.072 145.598 734.878 03:31:47
5.076 144.195 730.488 03:31:48
5.076 156.793 794.878 03:31:49
5.076 143.293 732.195 03:31:50
5.076 170.500 831.707 03:31:51
5.076 143.598 727.317 03:31:52
5.076 142.793 724.390 03:31:53
5.068 272.793 1866.585 03:31:54
5.080 145.695 734.878 03:31:55
5.076 142.793 724.878 03:31:56
5.076 142.793 727.805 03:31:57
5.076 143.000 724.390 03:31:58
5.076 158.890 804.390 03:31:59
5.072 151.098 772.439 03:32:00
5.064 248.293 1005.854 03:32:01
5.076 143.293 730.488 03:32:02
5.076 143.695 729.268 03:32:03
5.072 156.890 795.122 03:32:04
5.076 143.890 730.976 03:32:05
5.076 156.890 796.341 03:32:06
5.076 144.390 732.439 03:32:07
5.080 144.500 726.829 03:32:08
5.072 195.390 807.317 03:32:09
5.076 145.598 736.098 03:32:10
5.076 159.500 805.122 03:32:11
5.076 145.598 740.000 03:32:12
5.072 199.098 905.122 03:32:13
5.072 145.195 741.220 03:32:14
5.076 144.793 726.829 03:32:15
5.076 142.890 726.829 03:32:16
5.080 143.793 726.829 03:32:17
5.076 157.000 800.732 03:32:18
5.076 143.098 742.439 03:32:19
5.076 142.695 725.610 03:32:20
5.080 143.293 728.537 03:32:21
5.076 142.890 726.829 03:32:22
5.076 242.195 804.146 03:32:23
5.080 144.000 730.976 03:32:24
5.068 261.890 1334.390 03:32:25
5.072 144.793 735.366 03:32:26
5.076 142.793 724.878 03:32:27
5.076 158.195 803.659 03:32:28
5.072 143.000 727.805 03:32:29
5.056 238.293 1288.780 03:32:30
5.072 182.098 883.902 03:32:31
5.080 248.390 1004.634 03:32:32
5.080 143.293 728.537 03:32:33
5.076 143.000 724.390 03:32:34
5.080 143.695 725.610 03:32:36
5.080 143.793 729.268 03:32:37
5.072 260.390 1331.951 03:32:38
5.076 143.195 728.537 03:32:39
5.076 142.890 727.317 03:32:40
5.076 167.598 804.390 03:32:41
5.076 143.098 723.659 03:32:42
5.076 179.293 798.049 03:32:43
5.076 143.098 726.829 03:32:44
5.076 143.695 726.829 03:32:45
5.076 143.390 730.488 03:32:46
5.076 143.500 730.488 03:32:47
5.072 145.098 736.585 03:32:48
5.076 143.793 724.878 03:32:49
5.076 280.488 1270.488 03:32:50
5.072 144.098 730.488 03:32:51
5.080 143.098 727.317 03:32:52
5.068 258.988 1245.610 03:32:53
5.076 144.793 731.220 03:32:54
5.076 142.390 726.585 03:32:55
5.076 158.293 804.146 03:32:56
5.072 143.890 725.610 03:32:57
5.072 253.085 1210.000 03:32:58
5.072 238.598 774.878 03:32:59
5.072 222.390 1050.488 03:33:00
5.072 145.390 740.488 03:33:01
5.076 142.390 723.659 03:33:02
5.076 143.098 726.585 03:33:03
5.076 143.000 730.976 03:33:04
5.076 147.195 750.976 03:33:05
5.076 143.195 727.317 03:33:06
5.076 213.488 1109.268 03:33:07
5.064 173.098 984.634 03:33:08
5.080 143.500 723.659 03:33:09
5.076 144.000 730.488 03:33:10
5.076 145.500 737.805 03:33:11
5.076 157.000 797.561 03:33:12
5.076 147.195 739.756 03:33:13
5.072 166.890 832.439 03:33:14
5.076 143.890 727.317 03:33:15
5.076 143.098 727.317 03:33:16
5.076 192.598 796.829 03:33:17
5.076 143.890 725.610 03:33:18
5.076 143.000 729.268 03:33:19
5.076 145.695 735.366 03:33:20
5.076 145.793 730.976 03:33:21
5.076 149.195 753.659 03:33:22
5.076 143.195 726.829 03:33:23
5.068 206.488 1047.073 03:33:24
5.076 147.000 735.610 03:33:25
5.076 147.695 750.000 03:33:26
5.076 143.890 725.366 03:33:27
5.076 150.500 764.878 03:33:28
5.076 146.598 746.098 03:33:29
5.076 143.195 728.049 03:33:30
5.068 233.195 958.780 03:33:31
5.076 145.195 744.146 03:33:32
5.076 144.793 736.098 03:33:33
5.076 145.000 738.780 03:33:34
5.072 208.598 1069.756 03:33:35
5.072 216.890 1258.780 03:33:36
5.072 184.598 1047.317 03:33:37
5.076 161.500 1145.610 03:33:38
5.076 143.098 747.561 03:33:39
5.076 143.390 727.317 03:33:40
5.076 151.195 739.756 03:33:41
5.068 144.293 732.927 03:33:42
5.076 156.293 791.220 03:33:43
5.080 144.598 737.805 03:33:44
5.076 143.890 731.220 03:33:45
5.080 144.390 730.976 03:33:46
5.080 149.695 758.780 03:33:47
5.076 149.000 756.585 03:33:48
5.076 143.000 726.829 03:33:49
5.072 206.293 1317.561 03:33:50
5.076 144.000 726.829 03:33:51
5.076 142.598 723.659 03:33:52
5.076 145.695 734.878 03:33:53
5.072 204.598 1039.512 03:33:54
5.080 145.500 730.000 03:33:55
5.076 144.695 781.707 03:33:56
5.076 145.598 1041.707 03:33:57
5.072 157.500 800.488 03:33:58
5.076 157.793 796.098 03:33:59
5.076 156.293 792.439 03:34:00
5.068 211.098 1406.585 03:34:01
5.076 143.500 734.390 03:34:02
5.076 143.098 727.805 03:34:03
5.076 143.098 728.537 03:34:04
5.076 143.293 726.829 03:34:05
5.076 157.000 793.659 03:34:06
5.052 263.793 1106.098 03:34:07
5.072 145.195 736.098 03:34:08
5.076 143.293 727.805 03:34:09
5.072 158.390 803.659 03:34:10
5.076 149.098 756.098 03:34:11
5.076 157.793 796.341 03:34:12
5.076 144.390 727.317 03:34:13
5.080 146.293 740.488 03:34:14
5.068 151.098 764.878 03:34:15
5.072 265.293 1067.073 03:34:16
5.076 156.695 735.366 03:34:17
5.080 144.000 1005.366 03:34:18
5.080 144.390 727.317 03:34:19
5.076 147.890 949.024 03:34:20
5.072 149.390 758.537 03:34:21
5.076 154.000 731.220 03:34:22
5.076 144.195 734.878 03:34:23
5.076 145.695 736.098 03:34:24
5.076 144.793 734.146 03:34:25
5.080 144.293 737.805 03:34:26
5.076 143.195 727.317 03:34:27
5.076 147.195 749.756 03:34:28
5.080 149.293 750.976 03:34:30
5.076 143.598 727.317 03:34:31
5.076 145.500 742.439 03:34:32
5.076 144.890 734.146 03:34:33
5.076 149.195 762.927 03:34:34
5.072 192.195 736.829 03:34:35
5.072 191.988 988.537 03:34:36
5.076 149.695 763.171 03:34:37
5.072 143.500 730.000 03:34:38
5.076 156.793 796.098 03:34:39
5.076 144.195 730.488 03:34:40
5.076 143.890 724.390 03:34:41
5.076 147.195 749.268 03:34:42
5.076 144.793 741.220 03:34:43
5.076 144.793 734.878 03:34:44
5.072 256.890 940.732 03:34:45
5.060 235.988 1175.610 03:34:46
5.080 145.390 735.610 03:34:47
5.076 146.000 738.049 03:34:48
5.076 143.098 728.780 03:34:49
5.076 150.195 1609.756 03:34:50
5.076 148.195 750.000 03:34:51
5.072 144.695 732.195 03:34:52
5.076 145.390 894.634 03:34:53
5.076 242.585 1037.317 03:34:54
5.076 144.793 738.537 03:34:55
5.072 181.293 1031.707 03:34:56
5.076 165.695 833.659 03:34:57
5.076 158.000 801.951 03:34:58
5.076 170.500 860.488 03:34:59
5.072 235.890 1086.585 03:35:00
5.076 144.793 742.195 03:35:01
5.076 143.500 728.537 03:35:02
5.072 143.293 726.829 03:35:03
5.076 156.195 792.439 03:35:04
5.076 143.293 726.585 03:35:05
5.064 261.585 1330.244 03:35:06
5.076 143.293 727.317 03:35:07
5.076 143.890 730.000 03:35:08
5.072 158.500 806.098 03:35:09
5.076 143.890 728.537 03:35:10
5.060 320.085 1622.927 03:35:11
5.072 156.098 800.488 03:35:12
5.080 144.195 730.488 03:35:13
5.076 160.390 811.707 03:35:14
5.076 195.195 722.927 03:35:15
5.076 147.098 756.585 03:35:16
5.076 144.890 730.976 03:35:17
5.068 185.890 915.610 03:35:18
5.072 199.793 739.756 03:35:19
5.076 143.195 728.780 03:35:20
5.076 159.793 808.049 03:35:21
5.076 144.293 732.195 03:35:22
5.068 261.988 1377.805 03:35:23
5.076 144.598 740.488 03:35:24
5.076 142.500 724.390 03:35:25
5.076 145.598 734.878 03:35:26
5.076 143.293 730.000 03:35:27
5.068 203.390 898.049 03:35:28
5.076 148.000 738.780 03:35:29
5.076 145.890 733.415 03:35:30
5.076 142.695 730.488 03:35:31
5.068 205.988 1060.244 03:35:32
5.076 156.695 795.122 03:35:33
5.076 143.000 726.829 03:35:34
5.080 144.695 738.780 03:35:35
5.076 143.000 726.585 03:35:36
5.076 152.793 771.707 03:35:37
5.076 146.195 736.098 03:35:38
5.076 143.500 727.317 03:35:39
5.076 156.098 1023.902 03:35:40
5.076 144.098 732.195 03:35:41
5.080 229.293 783.659 03:35:42
5.076 142.598 723.415 03:35:43
5.068 246.085 1222.927 03:35:44
5.076 143.195 730.976 03:35:45
5.076 143.195 726.829 03:35:46
5.076 159.098 804.146 03:35:47
5.076 143.195 728.537 03:35:48
5.076 150.598 764.390 03:35:49
5.076 143.293 727.805 03:35:50
5.076 145.598 743.171 03:35:51
5.072 158.195 801.707 03:35:52
5.080 154.695 734.878 03:35:53
5.076 187.988 968.780 03:35:54
5.076 149.195 738.780 03:35:55
5.076 143.293 726.585 03:35:56
5.076 195.488 765.366 03:35:57
5.072 144.098 726.585 03:35:58
5.068 231.890 1868.293 03:35:59
5.076 143.293 732.195 03:36:00
5.076 143.098 726.585 03:36:01
5.076 144.793 739.756 03:36:02
5.076 145.098 732.195 03:36:03
5.076 155.695 792.439 03:36:04
5.076 144.000 728.537 03:36:05
5.072 216.988 1106.098 03:36:06
5.076 144.098 730.488 03:36:07
5.072 144.598 734.390 03:36:08
5.080 143.500 732.927 03:36:09
5.076 149.793 758.780 03:36:10
5.076 149.000 760.488 03:36:11
5.080 144.000 734.390 03:36:12
5.076 145.098 734.390 03:36:13
5.076 196.195 740.000 03:36:14
5.076 152.098 767.561 03:36:15
5.072 149.390 757.317 03:36:16
5.076 144.195 730.488 03:36:17
5.068 216.293 1119.268 03:36:18
5.072 145.695 734.390 03:36:19
5.076 143.390 728.049 03:36:20
5.076 157.390 796.341 03:36:21
5.080 150.695 767.317 03:36:22
5.076 143.195 727.805 03:36:23
5.076 146.500 746.098 03:36:25
5.072 213.695 1190.976 03:36:26
5.076 145.793 734.390 03:36:27
5.076 148.195 746.585 03:36:28
5.076 143.390 727.805 03:36:29
5.076 144.390 730.488 03:36:30
5.076 149.000 759.756 03:36:31
5.076 143.293 730.488 03:36:32
5.072 203.195 738.537 03:36:33
5.076 145.000 737.805 03:36:34
5.072 205.793 1026.585 03:36:35
5.076 145.000 736.098 03:36:36
5.076 143.098 727.317 03:36:37
5.072 249.293 785.366 03:36:38
5.076 146.500 1027.317 03:36:39
5.076 145.195 775.610 03:36:40
5.080 145.500 735.366 03:36:41
5.072 177.695 940.000 03:36:42
5.072 149.793 826.829 03:36:43
5.076 145.500 736.098 03:36:44
5.076 195.293 964.390 03:36:45
5.076 145.890 740.000 03:36:46
5.072 192.195 900.244 03:36:47
5.072 145.000 734.878 03:36:48
5.080 143.293 728.780 03:36:49
5.068 210.890 1383.415 03:36:50
5.076 145.695 736.585 03:36:51
5.068 209.695 1066.585 03:36:52
5.076 142.793 727.317 03:36:53
5.076 144.890 734.878 03:36:54
5.072 215.988 1176.585 03:36:55
5.076 153.500 1011.463 03:36:56
5.076 143.890 725.610 03:36:57
5.072 156.793 797.317 03:36:58
5.076 142.695 724.878 03:36:59
5.076 158.293 804.146 03:37:00
5.076 143.390 729.268 03:37:01
5.072 203.890 1032.927 03:37:02
5.072 143.500 727.317 03:37:03
5.076 142.598 725.366 03:37:04
5.076 157.293 797.561 03:37:05
5.076 144.500 726.585 03:37:06
5.072 156.098 796.341 03:37:07
5.076 144.098 1044.146 03:37:08
5.072 208.293 1047.073 03:37:09
5.076 142.793 732.927 03:37:10
5.080 145.793 736.585 03:37:11
5.076 157.000 789.756 03:37:12
5.072 143.195 732.927 03:37:13
5.076 157.195 796.341 03:37:14
5.076 144.793 744.390 03:37:15
5.080 143.890 726.585 03:37:16
5.072 157.598 804.390 03:37:17
5.076 143.000 724.878 03:37:18
5.072 169.293 794.878 03:37:19
5.076 143.500 728.537 03:37:20
5.068 216.695 1110.244 03:37:21
5.076 143.098 727.805 03:37:22
5.080 143.598 728.537 03:37:23
5.076 157.390 796.829 03:37:24
5.076 144.000 726.585 03:37:25
5.076 156.890 794.390 03:37:26
5.072 142.598 728.780 03:37:27
5.060 261.890 883.171 03:37:28
5.076 145.195 740.488 03:37:29
5.076 145.000 732.195 03:37:30
5.076 157.695 798.537 03:37:31
5.076 143.098 732.439 03:37:32
5.064 265.890 1347.561 03:37:33
5.076 192.890 730.488 03:37:34
5.072 227.695 1056.585 03:37:35
5.076 143.195 727.805 03:37:36
5.076 144.195 730.488 03:37:37
5.072 159.390 811.220 03:37:38
5.076 143.890 728.537 03:37:39
5.076 157.098 798.049 03:37:40
5.076 143.098 1048.293 03:37:41
5.076 144.000 728.537 03:37:42
5.072 281.695 799.268 03:37:43
5.076 143.195 733.415 03:37:44
5.072 190.390 796.829 03:37:45
5.072 143.695 728.537 03:37:46
5.068 236.488 1260.488 03:37:47
5.076 145.890 742.439 03:37:48
5.076 143.000 726.829 03:37:49
5.076 157.000 790.732 03:37:50
5.076 147.695 749.268 03:37:51
5.076 143.890 730.000 03:37:52
5.072 159.000 1249.512 03:37:53
5.072 142.598 724.878 03:37:54
5.068 287.293 1275.122 03:37:55
5.072 197.390 899.024 03:37:56
5.076 142.695 728.537 03:37:57
5.072 143.293 730.976 03:37:58
5.072 258.293 992.195 03:37:59
5.076 147.890 754.146 03:38:00
5.076 142.598 723.659 03:38:01
5.076 158.500 804.390 03:38:02
5.076 158.000 957.561 03:38:03
5.076 161.890 800.488 03:38:04
5.076 143.390 741.707 03:38:05
5.076 142.890 726.585 03:38:06
5.076 144.195 731.220 03:38:07
5.076 143.390 723.415 03:38:08
5.076 156.793 794.878 03:38:09
5.076 144.195 1014.634 03:38:10
5.072 219.390 987.805 03:38:11
5.076 163.793 800.732 03:38:12
5.076 143.793 738.049 03:38:13
5.076 158.390 876.341 03:38:14
5.076 147.695 748.780 03:38:15
5.072 200.098 991.463 03:38:16
5.076 143.390 727.317 03:38:17
5.076 144.000 727.317 03:38:19
5.076 155.890 789.268 03:38:20
5.076 143.890 727.805 03:38:21
5.056 368.488 1887.073 03:38:22
5.076 144.000 727.317 03:38:23
5.076 143.000 726.829 03:38:24
5.076 157.793 796.341 03:38:25
5.076 143.195 724.390 03:38:26
5.068 278.085 1206.098 03:38:27
5.072 215.098 776.341 03:38:28
5.072 224.098 1158.537 03:38:29
5.076 145.695 743.171 03:38:30
5.076 144.500 723.659 03:38:31
5.076 146.695 744.390 03:38:32
5.076 143.793 727.317 03:38:33
5.072 157.293 794.878 03:38:34
5.072 199.488 732.927 03:38:35
5.076 159.890 727.805 03:38:36
5.076 158.000 800.732 03:38:37
5.076 143.098 727.317 03:38:38
5.068 237.293 1226.829 03:38:39
5.076 144.390 778.780 03:38:40
5.068 281.988 1293.902 03:38:41
5.076 144.098 730.976 03:38:42
5.076 143.195 726.829 03:38:43
5.076 158.598 804.390 03:38:44
5.076 143.098 722.195 03:38:45
5.072 179.195 1517.805 03:38:46
5.076 157.598 746.829 03:38:47
5.076 144.598 730.976 03:38:48
5.068 145.195 1260.000 03:38:49
5.076 143.500 732.439 03:38:50
5.076 206.098 1080.244 03:38:51
5.076 144.390 970.732 03:38:52
5.076 150.695 760.976 03:38:53
5.076 157.098 791.951 03:38:54
5.076 145.098 734.390 03:38:55
5.076 144.695 734.878 03:38:56
5.076 156.000 997.805 03:38:57
5.076 145.598 735.366 03:38:58
5.076 145.598 738.049 03:38:59
5.072 156.000 795.122 03:39:00
5.076 150.000 760.488 03:39:01
5.076 150.500 765.366 03:39:02
5.076 143.293 724.878 03:39:03
5.076 149.890 734.878 03:39:04
5.076 145.000 726.829 03:39:05
5.076 143.293 730.000 03:39:06
5.076 143.098 730.488 03:39:07
5.076 143.598 730.000 03:39:08
5.072 200.390 980.244 03:39:09
5.076 144.098 730.976 03:39:10
5.076 145.890 1600.976 03:39:11
5.068 242.585 1221.220 03:39:12
5.076 144.793 991.463 03:39:13
5.068 193.890 985.366 03:39:14
5.076 150.390 805.610 03:39:15
5.076 143.695 725.610 03:39:16
5.076 146.098 732.439 03:39:17
5.076 145.000 738.049 03:39:18
5.068 198.098 972.195 03:39:19
5.076 144.890 735.366 03:39:20
5.072 189.293 894.390 03:39:21
5.076 176.098 798.537 03:39:22
5.076 142.890 725.366 03:39:23
5.072 147.793 751.220 03:39:24
5.076 142.500 725.366 03:39:25
5.076 147.098 750.000 03:39:26
5.076 143.390 727.317 03:39:27
5.076 143.500 730.976 03:39:28
5.076 147.598 742.439 03:39:29
5.076 145.793 740.000 03:39:30
5.076 149.793 761.220 03:39:31
5.076 143.890 730.976 03:39:32
5.072 214.695 1088.537 03:39:33
5.076 156.598 795.122 03:39:34
5.076 143.598 728.780 03:39:35
5.076 185.988 734.878 03:39:36
5.076 147.390 735.366 03:39:37
5.072 213.695 1046.098 03:39:38
5.076 143.000 723.415 03:39:39
5.076 143.390 723.659 03:39:40
5.076 145.293 739.756 03:39:41
5.068 256.988 841.707 03:39:42
5.076 146.500 743.171 03:39:43
5.076 142.793 725.366 03:39:44
5.076 143.390 729.268 03:39:45
5.076 144.000 730.976 03:39:46
5.076 145.598 732.927 03:39:47
5.076 156.293 791.220 03:39:48
5.072 264.488 1078.537 03:39:49
5.068 210.390 1049.024 03:39:50
5.076 145.000 736.829 03:39:51
5.076 146.500 750.000 03:39:52
5.076 147.195 748.049 03:39:53
5.076 146.793 734.146 03:39:54
5.072 192.488 884.634 03:39:55
5.076 143.293 726.829 03:39:56
5.072 147.793 750.000 03:39:57
5.076 144.195 729.268 03:39:58
5.076 142.793 727.317 03:39:59
5.076 145.293 737.805 03:40:00
5.076 143.500 727.805 03:40:01
5.076 148.293 753.171 03:40:02
5.076 144.695 737.805 03:40:03
5.072 198.098 1174.878 03:40:04
5.080 145.195 741.220 03:40:05
5.072 143.390 728.780 03:40:06
5.072 144.000 727.805 03:40:07
5.072 142.793 727.805 03:40:08
5.052 382.183 1083.415 03:40:09
5.072 176.488 851.220 03:40:10
5.076 147.000 734.390 03:40:11
5.072 182.195 891.220 03:40:12
5.072 158.598 908.780 03:40:13
5.076 151.500 769.268 03:40:14
5.076 143.195 732.439 03:40:16
5.072 208.988 1067.073 03:40:17
5.072 145.000 739.756 03:40:18
5.076 146.695 724.878 03:40:19
5.076 142.890 770.976 03:40:20
5.076 145.890 734.390 03:40:21
5.076 145.793 736.098 03:40:22
5.076 151.098 827.317 03:40:23
5.072 189.988 945.854 03:40:24
5.068 392.280 2006.585 03:40:25
5.072 145.695 735.366 03:40:26
5.076 143.098 726.829 03:40:27
5.076 142.695 727.317 03:40:28
5.076 142.500 729.268 03:40:29
5.076 149.793 758.780 03:40:30
5.076 150.598 758.780 03:40:31
5.080 143.293 727.317 03:40:32
5.076 145.195 732.195 03:40:33
5.072 145.195 738.049 03:40:34
5.076 144.000 729.268 03:40:35
5.076 143.000 723.659 03:40:36
5.076 142.890 724.390 03:40:37
5.076 143.293 726.829 03:40:38
5.064 216.598 1156.585 03:40:39
5.068 214.598 1498.537 03:40:40
5.072 143.890 726.829 03:40:41
5.076 142.793 725.610 03:40:42
5.076 142.695 723.415 03:40:43
5.076 194.793 730.976 03:40:44
5.072 195.793 979.512 03:40:45
5.076 173.293 744.146 03:40:46
5.076 144.890 741.707 03:40:47
5.072 143.000 725.610 03:40:48
5.076 143.793 724.878 03:40:49
5.076 144.000 1053.415 03:40:50
5.076 145.195 956.585 03:40:51
5.072 144.793 734.878 03:40:52
5.076 145.890 732.439 03:40:53
5.076 144.293 807.317 03:40:54
5.072 213.793 1266.098 03:40:55
5.076 142.793 730.000 03:40:56
5.072 142.793 725.610 03:40:57
5.076 155.890 743.171 03:40:58
5.076 143.195 771.707 03:40:59
5.076 147.890 747.561 03:41:00
5.076 144.293 732.927 03:41:01
5.076 143.195 730.000 03:41:02
5.076 143.098 727.805 03:41:03
5.076 144.000 724.878 03:41:04
5.068 206.390 1047.317 03:41:05
5.072 145.000 736.829 03:41:06
5.072 204.390 1054.146 03:41:07
5.072 142.890 727.805 03:41:08
5.076 143.098 731.220 03:41:09
5.072 158.390 801.707 03:41:10
5.060 145.293 734.878 03:41:11
5.072 147.195 746.585 03:41:12
5.076 145.098 736.098 03:41:13
5.072 144.000 734.146 03:41:14
5.076 144.293 733.415 03:41:15
5.076 143.098 729.268 03:41:16
5.076 142.695 725.366 03:41:17
5.080 143.500 730.488 03:41:18
5.076 213.390 803.659 03:41:19
5.076 170.293 734.390 03:41:20
5.076 150.598 760.976 03:41:21
5.076 142.793 728.537 03:41:22
5.076 143.793 736.098 03:41:23
5.076 150.793 768.049 03:41:24
5.080 145.293 734.146 03:41:25
5.076 148.000 750.976 03:41:26
5.076 144.695 726.829 03:41:27
5.076 235.890 1047.317 03:41:28
5.076 163.890 771.707 03:41:29
5.076 143.195 726.585 03:41:30
5.076 156.793 793.659 03:41:31
5.076 143.098 728.537 03:41:32
5.076 149.793 760.488 03:41:33
5.076 145.695 741.707 03:41:34
5.076 145.598 735.366 03:41:35
5.076 175.695 843.171 03:41:36
5.076 144.195 1016.341 03:41:37
5.076 143.500 730.488 03:41:38
5.076 154.390 732.195 03:41:39
5.076 143.500 780.732 03:41:40
5.076 147.195 747.561 03:41:41
5.056 219.988 1098.049 03:41:42
5.072 143.195 728.780 03:41:43
5.076 145.293 732.195 03:41:44
5.076 174.195 791.951 03:41:45
5.068 146.098 736.098 03:41:46
5.072 199.793 1006.585 03:41:47
5.076 145.000 804.146 03:41:48
5.076 246.488 1211.220 03:41:49
5.076 144.793 738.537 03:41:50
5.076 144.598 736.585 03:41:51
5.068 197.793 1069.756 03:41:52
5.076 143.890 727.805 03:41:53
5.072 157.890 1279.512 03:41:54
5.076 143.390 727.805 03:41:55
5.072 243.793 1274.390 03:41:56
5.072 207.988 953.415 03:41:57
5.076 145.598 732.927 03:41:58
5.072 146.390 741.220 03:41:59
5.072 156.793 793.171 03:42:00
5.076 145.195 732.927 03:42:01
5.076 156.098 795.122 03:42:02
5.076 148.390 750.976 03:42:03
5.068 218.793 1131.707 03:42:04
5.080 143.000 726.585 03:42:05
5.076 156.793 791.951 03:42:06
5.076 145.598 734.878 03:42:07
5.076 149.598 758.537 03:42:08
5.076 143.500 937.805 03:42:10
5.072 282.890 1098.537 03:42:11
5.072 145.598 744.390 03:42:12
5.076 146.293 736.098 03:42:13
5.076 145.390 736.829 03:42:14
5.076 143.890 750.488 03:42:15
5.076 151.793 766.098 03:42:16
5.072 202.695 1033.415 03:42:17
5.076 197.598 734.878 03:42:18
5.076 145.000 730.488 03:42:19
5.076 156.890 1162.439 03:42:20
5.076 205.488 975.366 03:42:21
5.076 158.195 768.537 03:42:22
5.076 147.500 767.561 03:42:23
5.076 157.500 803.171 03:42:24
5.072 165.890 1080.976 03:42:25
5.076 150.000 760.976 03:42:26
5.076 144.598 985.122 03:42:27
5.076 142.598 724.146 03:42:28
5.072 217.598 1096.585 03:42:29
5.076 145.793 727.805 03:42:30
5.072 157.500 792.439 03:42:31
5.076 209.195 734.390 03:42:32
5.076 174.988 935.122 03:42:33
5.076 143.195 732.439 03:42:34
5.076 144.195 727.805 03:42:35
5.072 185.695 1001.951 03:42:36
5.076 145.390 732.195 03:42:37
5.076 236.988 1136.585 03:42:38
5.076 143.598 1113.659 03:42:39
5.076 143.293 726.829 03:42:40
5.076 143.598 732.439 03:42:41
5.072 143.293 732.439 03:42:42
5.076 143.098 727.317 03:42:43
5.076 143.890 727.317 03:42:44
5.076 143.390 729.268 03:42:45
5.076 143.695 723.415 03:42:46
5.076 145.598 738.780 03:42:47
5.076 144.195 732.439 03:42:48
5.076 152.598 766.585 03:42:49
5.076 150.390 763.171 03:42:50
5.076 144.793 738.537 03:42:51
5.072 145.195 740.000 03:42:52
5.076 246.793 1219.268 03:42:53
5.076 145.598 733.415 03:42:54
5.076 145.890 726.585 03:42:55
5.076 143.793 726.829 03:42:56
5.072 145.098 835.610 03:42:57
5.072 146.293 737.805 03:42:58
5.072 179.293 933.902 03:42:59
5.076 205.098 736.098 03:43:00
5.076 157.000 791.220 03:43:01
5.076 144.098 730.976 03:43:02
5.076 143.000 727.805 03:43:03
5.080 143.695 730.976 03:43:04
5.076 145.000 734.390 03:43:05
5.076 145.390 796.829 03:43:06
5.076 145.695 742.439 03:43:07
5.076 150.098 760.976 03:43:08
5.072 150.000 762.927 03:43:09
5.076 147.500 750.488 03:43:10
5.076 145.695 733.415 03:43:11
5.072 144.000 730.488 03:43:12
5.076 142.793 724.390 03:43:13
5.076 150.293 827.317 03:43:14
5.076 142.890 724.878 03:43:15
5.076 143.598 724.878 03:43:16
5.072 198.390 1004.634 03:43:17
5.072 181.793 947.805 03:43:18
5.076 143.695 726.829 03:43:19
5.076 143.000 727.317 03:43:20
5.076 148.098 739.756 03:43:21
5.072 146.500 739.756 03:43:22
5.076 144.098 727.317 03:43:23
5.076 155.695 793.659 03:43:24
5.076 149.195 757.317 03:43:25
5.076 174.793 835.122 03:43:26
5.076 143.000 727.805 03:43:27
5.076 145.598 736.098 03:43:28
5.072 226.098 1188.780 03:43:29
5.072 150.695 1150.488 03:43:30
5.072 145.793 962.683 03:43:31
5.076 144.000 727.317 03:43:32
5.076 145.000 736.098 03:43:33
5.076 147.890 749.268 03:43:34
5.076 144.293 726.829 03:43:35
5.068 217.488 1097.805 03:43:36
5.076 144.195 781.707 03:43:37
5.072 145.598 743.171 03:43:38
5.068 173.793 1034.634 03:43:39
5.076 142.500 726.585 03:43:40
5.076 145.000 740.488 03:43:41
5.076 144.890 739.756 03:43:42
5.076 155.695 734.878 03:43:43
5.072 163.000 767.317 03:43:44
5.076 144.793 740.000 03:43:45
5.076 143.098 726.829 03:43:46
5.076 143.890 727.805 03:43:47
5.076 143.098 725.366 03:43:48
5.076 166.195 736.829 03:43:49
5.076 143.390 734.390 03:43:50
5.072 143.890 731.220 03:43:51
5.072 145.195 738.780 03:43:52
5.076 142.598 723.415 03:43:53
5.076 144.000 725.610 03:43:54
5.076 145.793 734.878 03:43:55
5.072 172.793 886.829 03:43:56
5.076 147.695 747.561 03:43:57
5.072 145.390 732.195 03:43:58
5.072 265.293 2017.561 03:43:59
5.072 144.890 824.878 03:44:00
5.076 143.390 722.927 03:44:01
5.072 204.988 1042.927 03:44:02
5.076 146.098 738.537 03:44:04
5.076 145.098 736.098 03:44:05
5.076 143.500 725.610 03:44:06
5.076 144.195 729.268 03:44:07
5.076 145.000 1047.317 03:44:08
5.068 195.793 935.854 03:44:09
5.076 158.598 804.390 03:44:10
5.076 143.195 726.829 03:44:11
5.072 193.793 986.341 03:44:12
5.076 144.195 731.220 03:44:13
5.072 207.195 1028.293 03:44:14
5.076 157.695 1174.146 03:44:15
5.076 144.500 727.317 03:44:16
5.064 207.390 1060.488 03:44:17
5.076 145.390 735.366 03:44:18
5.068 213.890 1070.244 03:44:19
5.072 187.488 908.293 03:44:20
5.076 143.195 725.610 03:44:21
5.072 149.890 759.268 03:44:22
5.076 144.000 730.000 03:44:23
5.076 143.598 727.317 03:44:24
5.076 156.195 798.537 03:44:25
5.068 205.793 1068.293 03:44:26
5.076 152.793 775.610 03:44:27
5.076 144.098 730.488 03:44:28
5.076 198.098 737.805 03:44:29
5.072 143.293 727.317 03:44:30
5.068 242.085 1079.756 03:44:31
5.076 151.793 967.073 03:44:32
5.072 198.890 970.244 03:44:33
5.076 145.390 742.439 03:44:34
5.076 144.293 808.537 03:44:35
5.076 143.793 730.000 03:44:36
5.076 143.390 727.317 03:44:37
5.080 147.000 750.000 03:44:38
5.072 224.098 1617.317 03:44:39
5.076 143.195 726.585 03:44:40
5.076 145.793 738.780 03:44:41
5.076 142.890 724.390 03:44:42
5.076 147.793 743.171 03:44:43
5.076 145.000 734.878 03:44:44
5.076 145.098 813.659 03:44:45
5.072 175.988 901.463 03:44:46
5.068 217.695 1106.585 03:44:47
5.076 144.000 730.488 03:44:48
5.072 143.195 726.829 03:44:49
5.076 144.195 730.488 03:44:50
5.072 199.988 989.024 03:44:51
5.072 152.195 732.439 03:44:52
5.076 144.195 730.488 03:44:53
5.076 142.598 1014.634 03:44:54
5.076 148.890 762.927 03:44:55
5.076 144.793 745.610 03:44:56
5.076 143.098 732.195 03:44:57
5.068 238.098 1279.512 03:44:58
5.076 144.695 738.537 03:44:59
5.076 142.500 726.585 03:45:00
5.072 158.098 802.927 03:45:01
5.076 145.598 736.098 03:45:02
5.076 145.598 734.878 03:45:03
5.080 144.793 734.878 03:45:04
5.072 177.793 904.390 03:45:05
5.072 145.598 877.561 03:45:06
5.076 149.695 757.561 03:45:07
5.076 143.598 730.976 03:45:08
5.076 143.098 721.707 03:45:09
5.076 148.793 889.512 03:45:10
5.076 146.890 738.537 03:45:11
5.072 149.793 873.171 03:45:12
5.076 148.390 747.317 03:45:13
5.068 188.890 934.634 03:45:14
5.076 147.293 745.366 03:45:15
5.076 143.390 727.805 03:45:16
5.076 144.793 740.488 03:45:17
5.072 144.793 735.366 03:45:18
5.076 143.293 727.317 03:45:19
5.076 143.890 727.317 03:45:20
5.076 144.098 730.976 03:45:21
5.072 287.988 1060.488 03:45:22
5.076 143.793 816.829 03:45:23
5.076 158.390 876.829 03:45:24
5.076 144.695 736.098 03:45:25
5.076 143.598 724.390 03:45:26
5.076 147.390 744.878 03:45:27
5.072 215.988 1096.098 03:45:28
5.076 157.390 734.878 03:45:29
5.076 144.598 736.098 03:45:30
5.076 144.390 737.805 03:45:31
5.076 144.098 730.000 03:45:32
5.076 144.793 737.805 03:45:33
5.072 149.390 760.976 03:45:34
5.072 145.500 785.610 03:45:35
5.076 145.000 734.878 03:45:36
5.076 144.390 1015.122 03:45:37
5.076 144.195 726.829 03:45:38
5.076 149.195 755.610 03:45:39
5.072 164.890 759.756 03:45:40
5.076 182.695 734.878 03:45:41
5.076 177.695 739.756 03:45:42
5.076 145.695 736.585 03:45:43
5.076 145.500 738.049 03:45:44
5.076 143.390 726.585 03:45:45
5.076 149.793 762.927 03:45:46
5.068 266.390 1129.024 03:45:47
5.076 144.890 738.780 03:45:48
5.076 143.000 728.537 03:45:49
5.076 144.098 734.146 03:45:50
5.076 145.598 735.366 03:45:51
5.072 166.890 756.829 03:45:52
5.080 145.598 736.098 03:45:53
5.076 156.890 791.220 03:45:54
5.076 158.500 804.146 03:45:55
5.072 150.195 760.976 03:45:57
5.076 214.988 1089.756 03:45:58
5.072 168.695 738.049 03:45:59
5.076 143.598 726.585 03:46:00
5.072 143.098 727.317 03:46:01
5.076 147.390 840.000 03:46:02
5.068 202.293 1028.537 03:46:03
5.076 145.598 738.049 03:46:04
5.076 144.695 736.829 03:46:05
5.072 143.293 732.195 03:46:06
5.076 143.390 726.585 03:46:07
5.076 150.000 762.439 03:46:08
5.052 219.878 1125.366 03:46:09
5.072 144.098 728.293 03:46:10
5.076 143.195 724.878 03:46:11
5.068 234.073 1185.854 03:46:12
5.076 186.171 803.902 03:46:13
5.076 156.488 795.122 03:46:14
5.072 201.073 980.000 03:46:15
5.072 198.878 735.122 03:46:16
5.076 199.976 738.537 03:46:17
5.076 143.390 742.439 03:46:18
5.076 155.976 796.098 03:46:19
5.076 198.976 995.610 03:46:20
5.060 229.171 1102.927 03:46:21
5.072 240.171 1004.878 03:46:22
5.076 143.390 724.878 03:46:23
5.076 143.976 739.512 03:46:24
5.076 143.195 727.317 03:46:25
5.072 144.976 739.512 03:46:26
5.072 197.390 1013.659 03:46:27
5.076 145.976 737.561 03:46:28
5.076 145.585 736.098 03:46:29
5.076 143.390 726.341 03:46:30
5.076 145.488 736.098 03:46:31
5.076 156.390 1119.024 03:46:32
5.072 188.976 899.024 03:46:33
5.072 170.976 904.878 03:46:34
5.076 143.390 726.341 03:46:35
5.076 147.195 748.293 03:46:36
5.076 145.780 737.561 03:46:37
5.068 214.878 1088.780 03:46:38
5.072 192.293 975.122 03:46:39
5.076 143.878 729.756 03:46:40
5.076 145.098 728.293 03:46:41
5.076 156.683 758.537 03:46:42
5.072 198.073 992.683 03:46:43
5.072 191.780 921.463 03:46:44
5.072 155.976 990.244 03:46:45
5.076 143.098 728.293 03:46:46
5.076 143.195 728.293 03:46:47
5.076 145.683 743.415 03:46:48
5.076 149.195 1055.122 03:46:49
5.076 156.976 795.122 03:46:50
5.068 197.073 1002.927 03:46:51
5.076 145.780 734.634 03:46:52
5.076 146.878 748.780 03:46:53
5.068 217.073 1099.024 03:46:54
5.076 143.878 729.756 03:46:55
5.076 143.878 728.293 03:46:56
5.076 158.488 803.415 03:46:57
5.076 151.878 768.293 03:46:58
5.076 146.976 749.756 03:46:59
5.068 226.073 1380.488 03:47:00
5.072 192.585 992.683 03:47:01
5.076 146.488 743.902 03:47:02
5.076 145.195 739.512 03:47:03
5.076 144.878 739.512 03:47:04
5.072 209.585 1055.122 03:47:05
5.060 201.293 931.707 03:47:06
5.072 144.878 739.512 03:47:07
5.072 194.390 880.976 03:47:08
5.080 143.488 727.317 03:47:09
5.076 144.976 737.073 03:47:10
5.072 157.683 803.415 03:47:11
5.076 206.976 1054.146 03:47:12
5.068 243.268 1347.317 03:47:13
5.076 145.683 738.537 03:47:14
5.076 145.585 736.098 03:47:15
5.076 143.195 728.293 03:47:16
5.068 261.268 1045.366 03:47:17
5.072 178.976 1184.390 03:47:18
5.076 199.390 876.585 03:47:19
5.072 176.390 944.878 03:47:20
5.072 145.683 739.512 03:47:21
5.076 146.390 736.098 03:47:22
5.076 143.293 727.317 03:47:23
5.076 150.390 763.415 03:47:24
5.072 153.293 765.854 03:47:25
5.072 142.976 728.780 03:47:26
5.076 143.098 730.732 03:47:27
5.072 145.683 740.976 03:47:28
5.072 144.878 743.902 03:47:29
5.080 150.488 758.537 03:47:30
5.072 193.488 995.122 03:47:31
5.076 176.488 1180.488 03:47:32
5.076 144.878 732.195 03:47:33
5.076 143.195 724.878 03:47:34
5.076 144.195 730.732 03:47:35
5.076 150.585 759.512 03:47:36
5.076 151.976 772.683 03:47:37
5.076 144.390 724.878 03:47:38
5.076 143.390 730.732 03:47:39
5.072 144.585 737.561 03:47:40
5.072 147.780 745.854 03:47:41
5.072 197.488 1014.146 03:47:42
5.072 198.293 942.439 03:47:43
5.076 145.488 739.512 03:47:44
5.076 144.390 732.195 03:47:45
5.076 148.683 774.634 03:47:46
5.076 142.683 730.732 03:47:47
5.076 197.780 988.780 03:47:48
5.072 180.585 923.902 03:47:50
5.076 142.976 726.341 03:47:51
5.076 143.976 727.317 03:47:52
5.076 158.683 807.317 03:47:53
5.076 143.195 726.341 03:47:54
5.076 143.195 729.756 03:47:55
5.076 145.195 739.512 03:47:56
5.076 146.878 749.756 03:47:57
5.076 147.878 748.780 03:47:58
5.076 143.293 727.317 03:47:59
5.072 175.780 865.366 03:48:00
5.068 174.780 792.683 03:48:01
5.076 143.878 726.341 03:48:02
5.068 241.268 1223.415 03:48:03
5.076 145.293 737.073 03:48:04
5.072 196.585 971.707 03:48:05
5.076 143.780 725.854 03:48:06
5.072 144.098 726.341 03:48:07
5.076 144.195 732.195 03:48:08
5.076 143.195 726.341 03:48:09
5.072 212.073 1051.220 03:48:10
5.076 144.390 729.756 03:48:11
5.076 143.195 731.220 03:48:12
5.072 158.976 809.756 03:48:13
5.076 143.293 727.317 03:48:14
5.076 159.488 808.780 03:48:15
5.076 143.293 728.293 03:48:16
5.080 143.878 725.854 03:48:17
5.076 143.390 728.293 03:48:18
5.072 187.390 944.878 03:48:19
5.076 158.390 808.780 03:48:20
5.076 143.098 728.293 03:48:21
5.072 156.976 796.098 03:48:22
5.076 175.390 738.537 03:48:23
5.076 149.488 760.976 03:48:24
5.072 147.195 739.512 03:48:25
5.076 143.488 729.756 03:48:26
5.076 158.390 803.902 03:48:27
5.076 142.585 732.195 03:48:28
5.072 245.366 1220.488 03:48:29
5.072 144.683 1086.829 03:48:30
5.080 175.976 732.683 03:48:31
5.076 143.195 728.293 03:48:32
5.076 143.293 727.317 03:48:33
5.076 145.098 740.976 03:48:34
5.076 186.780 1065.366 03:48:35
5.064 242.585 1117.561 03:48:36
5.076 144.878 739.512 03:48:37
5.076 144.390 728.293 03:48:38
5.076 159.073 1097.561 03:48:39
5.076 143.293 731.220 03:48:40
5.076 155.488 797.073 03:48:41
5.076 143.878 723.415 03:48:42
5.076 143.976 728.780 03:48:43
5.076 145.098 737.561 03:48:44
5.076 143.098 726.341 03:48:45
5.076 157.683 805.854 03:48:46
5.076 142.878 726.341 03:48:47
5.068 203.585 1032.683 03:48:48
5.076 167.780 880.000 03:48:49
5.076 146.488 739.512 03:48:50
5.076 158.195 797.073 03:48:51
5.076 145.098 735.122 03:48:52
5.076 143.878 730.732 03:48:53
5.076 156.976 795.122 03:48:54
5.076 143.293 726.341 03:48:55
5.076 199.976 798.537 03:48:56
5.076 144.293 730.732 03:48:57
5.076 144.098 729.756 03:48:58
5.076 158.293 803.415 03:48:59
5.076 151.098 727.317 03:49:00
5.076 158.293 813.659 03:49:01
5.072 174.780 1031.220 03:49:02
5.076 222.268 1392.195 03:49:03
5.080 200.585 734.634 03:49:04
5.076 191.293 730.732 03:49:05
5.072 168.195 796.098 03:49:06
5.076 143.293 726.341 03:49:07
5.076 156.976 797.073 03:49:08
5.072 146.683 745.854 03:49:09
5.072 168.390 907.317 03:49:10
5.076 256.683 743.415 03:49:11
5.076 158.195 795.122 03:49:12
5.072 147.878 752.683 03:49:13
5.072 144.098 724.878 03:49:14
5.068 318.268 1182.927 03:49:15
5.076 150.780 723.902 03:49:16
5.080 143.976 727.317 03:49:17
5.076 160.878 816.585 03:49:18
5.076 178.195 895.122 03:49:19
5.068 303.780 1262.927 03:49:20
5.072 177.683 902.439 03:49:21
5.068 258.976 1520.976 03:49:22
5.076 143.195 727.317 03:49:23
5.076 168.683 928.780 03:49:24
5.076 158.390 792.195 03:49:25
5.076 144.098 724.878 03:49:26
5.076 149.976 1011.707 03:49:27
5.076 145.488 734.634 03:49:28
5.076 146.293 739.512 03:49:29
5.072 143.390 730.732 03:49:30
5.076 150.585 731.220 03:49:31
5.064 158.585 806.341 03:49:32
5.076 143.976 730.732 03:49:33
5.072 185.073 941.463 03:49:34
5.080 144.098 733.659 03:49:35
5.076 143.390 726.341 03:49:36
5.076 158.488 803.902 03:49:37
5.076 143.098 726.341 03:49:38
5.068 242.366 1210.732 03:49:39
5.076 143.293 726.341 03:49:40
5.072 143.878 729.756 03:49:41
5.076 255.878 1285.854 03:49:43
5.076 143.390 723.902 03:49:44
5.076 360.366 1225.366 03:49:45
5.076 143.195 726.341 03:49:46
5.076 143.195 730.732 03:49:47
5.076 143.293 727.317 03:49:48
5.080 146.098 729.756 03:49:49
5.080 156.780 796.098 03:49:50
5.076 145.390 735.122 03:49:51
5.076 146.293 739.512 03:49:52
5.076 162.780 792.683 03:49:53
5.076 143.293 726.341 03:49:54
5.076 145.488 740.000 03:49:55
5.076 143.976 732.683 03:49:56
5.076 143.878 726.341 03:49:57
5.076 158.488 806.341 03:49:58
5.072 145.098 737.561 03:49:59
5.076 244.268 1245.854 03:50:00
5.072 157.073 835.122 03:50:01
5.076 143.195 727.317 03:50:02
5.076 158.390 800.000 03:50:03
5.076 144.390 803.902 03:50:04
5.072 176.195 905.366 03:50:05
5.076 184.976 790.244 03:50:06
5.076 143.780 727.317 03:50:07
5.076 157.073 796.098 03:50:08
5.076 143.195 729.756 03:50:09
5.068 453.463 2270.732 03:50:10
5.076 145.390 740.976 03:50:11
5.076 143.293 732.683 03:50:12
5.072 160.390 870.244 03:50:13
5.076 143.780 732.195 03:50:14
5.076 158.073 796.098 03:50:15
5.076 145.976 739.512 03:50:16
5.076 143.878 730.732 03:50:17
5.076 158.293 801.463 03:50:18
5.076 146.780 740.976 03:50:19
5.060 159.073 801.463 03:50:20
5.076 190.976 920.000 03:50:21
5.072 162.293 842.439 03:50:22
5.076 146.683 740.976 03:50:23
5.080 143.195 728.293 03:50:24
5.076 158.585 807.317 03:50:25
5.076 143.878 730.732 03:50:26
5.072 266.171 1330.732 03:50:27
5.076 143.878 726.341 03:50:28
5.072 143.195 726.341 03:50:29
5.072 156.780 797.073 03:50:30
5.080 144.098 726.341 03:50:31
5.072 159.780 811.220 03:50:32
5.068 186.976 751.220 03:50:33
5.076 143.195 727.317 03:50:34
5.076 158.683 803.902 03:50:35
5.076 143.098 730.732 03:50:36
5.060 267.878 1617.073 03:50:37
5.072 195.878 984.878 03:50:38
5.068 186.585 1405.854 03:50:39
5.076 143.293 728.293 03:50:40
5.076 143.293 729.756 03:50:41
5.076 157.390 796.098 03:50:42
5.076 145.390 730.732 03:50:43
5.060 319.780 1630.244 03:50:44
5.080 147.390 748.780 03:50:45
5.076 143.098 730.732 03:50:46
5.076 157.878 796.098 03:50:47
5.076 142.878 725.854 03:50:48
5.076 157.073 792.683 03:50:49
5.076 143.098 729.756 03:50:50
5.076 143.878 729.756 03:50:51
5.072 156.293 795.122 03:50:52
5.076 143.683 730.732 03:50:53
5.076 143.293 726.341 03:50:54
5.076 143.976 729.756 03:50:55
5.076 143.293 726.341 03:50:56
5.076 159.195 864.878 03:50:57
5.080 144.780 734.634 03:50:58
5.072 178.683 1224.390 03:50:59
5.076 213.780 878.537 03:51:00
5.076 142.976 724.878 03:51:01
5.076 155.878 795.122 03:51:02
5.076 143.098 727.317 03:51:03
5.064 322.366 1633.659 03:51:04
5.076 144.293 736.098 03:51:05
5.076 143.976 728.780 03:51:06
5.076 143.293 731.220 03:51:07
5.076 143.195 729.756 03:51:08
5.076 197.976 1231.707 03:51:09
5.072 199.585 1089.268 03:51:10
5.072 158.683 803.415 03:51:11
5.072 164.195 730.732 03:51:12
5.076 145.098 732.195 03:51:13
5.076 150.976 760.000 03:51:14
5.076 145.585 743.902 03:51:15
5.076 182.780 803.415 03:51:16
5.076 144.195 726.341 03:51:17
5.072 220.878 1126.341 03:51:18
5.076 223.488 1045.366 03:51:19
5.076 143.195 727.317 03:51:20
5.076 156.073 799.024 03:51:21
5.076 143.976 730.732 03:51:22
5.064 218.976 1110.732 03:51:23
5.076 144.780 740.000 03:51:24
5.076 175.976 901.463 03:51:25
5.064 167.585 803.415 03:51:26
5.076 144.195 731.220 03:51:27
5.072 172.488 737.073 03:51:28
5.072 185.878 902.439 03:51:29
5.076 150.195 759.512 03:51:30
5.076 147.390 757.073 03:51:31
5.076 142.878 730.732 03:51:32
5.076 156.878 795.122 03:51:33
5.076 143.976 726.341 03:51:34
5.076 146.976 750.244 03:51:35
5.076 143.878 729.756 03:51:37
5.068 192.878 943.902 03:51:38
5.076 147.585 748.780 03:51:39
5.072 207.976 1054.146 03:51:40
5.076 143.976 726.341 03:51:41
5.076 143.780 733.659 03:51:42
5.076 156.878 792.683 03:51:43
5.072 144.195 729.756 03:51:44
5.072 145.780 727.317 03:51:45
5.076 150.488 730.732 03:51:46
5.076 143.293 742.439 03:51:47
5.076 143.585 732.195 03:51:48
5.076 143.098 740.000 03:51:49
5.076 225.780 804.878 03:51:50
5.076 145.780 734.634 03:51:51
5.076 145.390 735.122 03:51:52
5.076 142.683 723.902 03:51:53
5.076 144.195 732.195 03:51:54
5.072 223.073 1042.927 03:51:55
5.076 144.878 733.659 03:51:56
5.072 143.293 727.317 03:51:57
5.080 158.488 805.854 03:51:58
5.076 143.878 732.195 03:51:59
5.072 158.293 803.415 03:52:00
5.076 147.488 1042.439 03:52:01
5.076 144.780 738.537 03:52:02
5.076 143.878 724.878 03:52:03
5.076 143.293 727.317 03:52:04
5.072 158.976 803.902 03:52:05
5.080 143.488 730.732 03:52:06
5.068 156.293 796.098 03:52:07
5.080 143.195 730.732 03:52:08
5.080 145.585 734.634 03:52:09
5.076 143.488 727.317 03:52:10
5.076 253.171 739.512 03:52:11
5.076 159.585 801.463 03:52:12
5.076 147.293 736.098 03:52:13
5.064 242.780 951.220 03:52:14
5.076 209.171 743.902 03:52:15
5.076 144.098 737.073 03:52:16
5.076 158.585 803.415 03:52:17
5.072 147.390 745.854 03:52:18
5.064 221.073 1031.707 03:52:19
5.076 143.780 728.293 03:52:20
5.076 144.293 730.732 03:52:21
5.076 145.488 733.659 03:52:22
5.076 143.780 726.341 03:52:23
5.072 197.683 986.829 03:52:24
5.076 162.488 1152.683 03:52:25
5.072 149.683 754.634 03:52:26
5.076 144.683 735.122 03:52:27
5.076 193.488 886.341 03:52:28
5.076 198.780 735.122 03:52:29
5.072 143.683 727.317 03:52:30
5.076 156.390 852.683 03:52:31
5.076 145.488 740.000 03:52:32
5.072 150.390 764.878 03:52:33
5.076 144.780 732.683 03:52:34
5.072 145.098 737.561 03:52:35
5.076 210.488 1257.073 03:52:36
5.076 143.098 756.098 03:52:37
5.072 267.976 1778.537 03:52:38
5.076 144.195 735.122 03:52:39
5.068 204.390 800.000 03:52:40
5.076 158.390 805.854 03:52:41
5.076 150.488 763.415 03:52:42
5.076 145.683 735.122 03:52:43
5.076 143.878 726.341 03:52:44
5.068 195.878 993.659 03:52:45
5.080 143.878 726.341 03:52:46
5.076 165.878 1209.268 03:52:47
5.076 157.488 804.878 03:52:48
5.072 204.780 1040.000 03:52:49
5.068 277.976 859.024 03:52:50
5.072 144.976 737.561 03:52:51
5.076 185.488 818.537 03:52:52
5.076 143.683 732.683 03:52:53
5.076 152.098 775.122 03:52:54
5.076 224.171 966.829 03:52:55
5.076 146.488 737.073 03:52:56
5.076 151.780 770.244 03:52:57
5.076 158.488 798.537 03:52:58
5.076 187.976 960.000 03:52:59
5.076 156.195 797.073 03:53:00
5.072 160.976 734.634 03:53:01
5.076 157.073 791.220 03:53:02
5.076 229.976 739.512 03:53:03
5.076 157.195 792.683 03:53:04
5.076 156.780 795.122 03:53:05
5.076 144.195 733.659 03:53:06
5.072 194.488 989.268 03:53:07
5.076 143.195 731.220 03:53:08
5.076 147.683 747.317 03:53:09
5.072 157.780 800.000 03:53:10
5.056 207.585 1056.585 03:53:11
5.076 158.195 797.561 03:53:12
5.076 171.780 872.195 03:53:13
5.076 185.073 1303.415 03:53:14
5.076 144.683 743.415 03:53:15
5.076 145.683 740.000 03:53:16
5.072 157.683 803.902 03:53:17
5.076 143.585 734.634 03:53:18
5.076 143.195 729.756 03:53:19
5.076 142.488 726.341 03:53:20
5.076 150.195 1043.902 03:53:21
5.076 198.171 801.463 03:53:22
5.076 143.390 726.341 03:53:23
5.076 143.195 732.195 03:53:24
5.076 143.585 787.317 03:53:25
5.076 159.390 807.317 03:53:26
5.076 145.780 739.512 03:53:27
5.080 149.585 757.073 03:53:28
5.072 198.390 1002.927 03:53:29
5.076 144.780 738.537 03:53:31
5.076 158.780 805.854 03:53:32
5.076 156.293 796.098 03:53:33
5.076 147.878 752.683 03:53:34
5.076 149.488 1002.927 03:53:35
5.072 191.390 900.000 03:53:36
5.076 144.976 782.439 03:53:37
5.076 147.390 789.756 03:53:38
5.080 143.976 726.341 03:53:39
5.076 142.976 985.366 03:53:40
5.076 144.293 727.317 03:53:41
5.076 156.683 795.122 03:53:42
5.076 150.976 765.854 03:53:43
5.072 144.780 735.122 03:53:44
5.080 143.293 727.317 03:53:45
5.076 144.780 732.195 03:53:46
5.076 156.976 804.878 03:53:47
5.076 156.195 796.098 03:53:48
5.076 156.195 791.220 03:53:49
5.072 200.488 736.098 03:53:50
5.076 143.195 733.659 03:53:51
5.076 157.488 806.341 03:53:52
5.076 146.098 727.317 03:53:53
5.076 143.390 732.195 03:53:54
5.072 197.390 910.244 03:53:55
5.076 145.293 731.220 03:53:56
5.076 146.683 749.756 03:53:57
5.076 144.878 740.976 03:53:58
5.072 217.268 1424.878 03:53:59
5.076 151.293 772.683 03:54:00
5.076 148.585 746.341 03:54:01
5.076 144.878 852.683 03:54:02
5.076 143.878 724.878 03:54:03
5.068 270.683 1210.732 03:54:04
5.076 158.585 805.854 03:54:05
5.076 145.293 735.122 03:54:06
5.072 248.073 1192.683 03:54:07
5.072 210.878 1179.512 03:54:08
5.076 143.195 1005.366 03:54:09
5.076 143.098 727.317 03:54:10
5.068 159.195 1881.951 03:54:11
5.064 158.780 813.659 03:54:12
5.076 181.780 922.439 03:54:13
5.076 144.488 729.756 03:54:14
5.080 145.683 735.122 03:54:15
5.076 147.878 1066.341 03:54:16
5.076 146.585 746.341 03:54:17
5.068 196.683 904.878 03:54:18
5.076 158.780 842.439 03:54:19
5.076 146.390 736.098 03:54:20
5.076 156.195 797.073 03:54:21
5.076 143.878 727.317 03:54:22
5.072 156.195 792.683 03:54:23
5.072 152.293 1147.805 03:54:24
5.076 143.293 984.878 03:54:25
5.080 144.195 735.122 03:54:26
5.076 156.976 800.976 03:54:27
5.076 157.488 797.561 03:54:28
5.076 147.683 750.244 03:54:29
5.072 200.878 988.780 03:54:30
5.072 253.976 1051.707 03:54:31
5.076 144.293 747.317 03:54:32
5.076 158.488 1081.463 03:54:33
5.072 144.976 735.122 03:54:34
5.068 217.976 1115.122 03:54:35
5.072 158.293 801.463 03:54:36
5.076 143.293 728.293 03:54:37
5.076 155.976 796.098 03:54:38
5.076 143.976 734.634 03:54:39
5.072 156.390 795.122 03:54:40
5.076 144.098 732.195 03:54:41
5.068 213.268 1059.024 03:54:42
5.076 156.488 800.000 03:54:43
5.076 143.683 731.220 03:54:44
5.072 156.195 794.634 03:54:45
5.076 143.976 730.732 03:54:46
5.076 161.195 818.537 03:54:47
5.076 148.878 755.122 03:54:48
5.072 181.878 911.220 03:54:49
5.076 170.585 1030.244 03:54:50
5.076 143.390 727.317 03:54:51
5.076 156.878 796.098 03:54:52
5.068 217.488 1088.780 03:54:53
5.076 144.878 737.073 03:54:54
5.076 159.293 807.317 03:54:55
5.076 156.780 797.561 03:54:56
5.068 238.268 1284.390 03:54:57
5.072 248.073 843.902 03:54:58
5.076 154.683 1002.439 03:54:59
5.076 143.488 727.317 03:55:00
5.076 145.683 738.537 03:55:01
5.076 156.878 800.000 03:55:02
5.072 146.976 747.317 03:55:03
5.068 220.780 1111.707 03:55:04
5.076 144.780 737.073 03:55:05
5.076 142.585 733.659 03:55:06
5.076 156.878 791.220 03:55:07
5.072 168.976 803.902 03:55:08
5.076 232.585 795.122 03:55:09
5.072 157.390 813.659 03:55:10
5.080 143.390 728.293 03:55:11
5.076 145.683 735.122 03:55:12
5.080 145.488 735.122 03:55:13
5.076 147.293 746.341 03:55:14
5.076 156.780 799.024 03:55:15
5.072 206.683 1060.000 03:55:16
5.072 149.098 754.634 03:55:17
5.076 143.390 727.317 03:55:18
5.072 195.780 1048.780 03:55:19
5.080 144.780 726.341 03:55:20
5.076 149.878 760.000 03:55:21
5.076 157.976 793.659 03:55:22
5.076 143.683 726.341 03:55:23
5.076 148.585 806.341 03:55:25
5.072 186.683 869.756 03:55:26
5.076 156.683 796.098 03:55:27
5.072 142.976 732.195 03:55:28
5.068 217.390 1101.951 03:55:29
5.076 144.976 739.512 03:55:30
5.076 143.195 723.902 03:55:31
5.076 156.976 796.098 03:55:32
5.076 143.195 727.317 03:55:33
5.068 200.585 743.415 03:55:34
5.076 178.195 804.878 03:55:35
5.072 193.073 911.707 03:55:36
5.076 149.390 850.244 03:55:37
5.076 142.683 723.902 03:55:38
5.068 239.073 1209.268 03:55:39
5.076 144.976 731.220 03:55:40
5.076 157.390 792.195 03:55:41
5.068 203.780 1102.927 03:55:42
5.076 145.878 743.415 03:55:43
5.072 166.780 792.683 03:55:44
5.076 142.683 728.293 03:55:45
5.076 158.488 804.878 03:55:46
5.076 144.293 730.732 03:55:47
5.068 219.780 1118.049 03:55:48
5.076 196.780 950.244 03:55:49
5.076 144.683 726.341 03:55:50
5.076 160.976 816.098 03:55:51
5.076 143.390 725.854 03:55:52
5.072 201.780 929.268 03:55:53
5.076 144.780 727.317 03:55:54
5.076 156.293 796.098 03:55:55
5.072 184.585 1538.537 03:55:56
5.076 144.098 736.098 03:55:57
5.072 157.073 796.098 03:55:58
5.076 191.976 736.098 03:55:59
5.076 159.073 807.317 03:56:00
5.076 144.585 726.341 03:56:01
5.080 149.976 757.561 03:56:02
5.076 157.390 805.854 03:56:03
5.076 143.585 726.341 03:56:04
5.076 194.073 982.439 03:56:05
5.076 145.683 737.073 03:56:06
5.076 156.683 795.122 03:56:07
5.076 158.585 797.561 03:56:08
5.076 157.293 793.659 03:56:09
5.072 156.195 796.098 03:56:10
5.076 144.683 731.220 03:56:11
5.076 172.585 804.878 03:56:12
5.076 144.390 728.780 03:56:13
5.076 156.293 797.073 03:56:14
5.076 149.488 760.000 03:56:15
5.072 209.268 1038.049 03:56:16
5.072 207.585 1055.122 03:56:17
5.076 143.390 729.756 03:56:18
5.076 144.098 728.780 03:56:19
5.076 158.488 803.415 03:56:20
5.076 245.268 860.976 03:56:21
5.076 156.878 796.098 03:56:22
5.076 156.683 797.073 03:56:23
5.076 144.098 727.317 03:56:24
5.076 143.195 728.780 03:56:25
5.076 145.683 736.098 03:56:26
5.076 156.780 796.098 03:56:27
5.072 160.683 801.463 03:56:28
5.068 238.878 1254.146 03:56:29
5.076 156.488 797.561 03:56:30
5.076 143.976 726.341 03:56:31
5.072 160.293 812.195 03:56:32
5.068 145.195 902.927 03:56:33
5.076 157.976 800.000 03:56:34
5.076 149.683 757.073 03:56:35
5.072 194.780 935.122 03:56:36
5.068 200.585 942.927 03:56:37
5.076 145.390 734.634 03:56:38
5.076 157.683 800.000 03:56:39
5.076 156.878 797.561 03:56:40
5.072 157.293 797.073 03:56:41
5.076 151.390 769.756 03:56:42
5.076 146.488 740.976 03:56:43
5.072 143.293 728.293 03:56:44
5.072 142.585 728.780 03:56:45
5.072 157.878 800.976 03:56:46
5.076 156.976 797.561 03:56:47
5.072 204.171 1064.390 03:56:48
5.072 216.976 1137.073 03:56:49
5.076 144.878 740.000 03:56:50
5.076 147.488 752.683 03:56:51
5.072 156.976 797.073 03:56:52
5.076 143.390 727.317 03:56:53
5.076 156.878 796.098 03:56:54
5.076 157.976 798.537 03:56:55
5.076 177.585 800.976 03:56:56
5.076 157.073 797.073 03:56:57
5.068 214.268 1084.390 03:56:58
5.080 144.293 731.220 03:56:59
5.076 206.976 740.976 03:57:00
5.072 158.488 803.415 03:57:01
5.076 143.878 730.732 03:57:02
5.076 144.098 726.341 03:57:03
5.072 216.390 1119.024 03:57:04
5.076 242.780 1016.585 03:57:05
5.076 143.390 1016.585 03:57:06
5.072 161.780 842.439 03:57:07
5.076 157.878 805.854 03:57:08
5.076 152.195 777.073 03:57:09
5.076 292.366 1136.585 03:57:10
5.076 161.195 739.512 03:57:11
5.076 157.073 795.122 03:57:12
5.068 159.488 808.780 03:57:13
5.076 143.585 737.073 03:57:14
5.068 288.268 1231.707 03:57:15
5.076 142.976 727.317 03:57:16
5.076 143.488 726.341 03:57:17
5.076 157.195 796.098 03:57:19
5.076 143.390 730.732 03:57:20
5.072 158.780 955.122 03:57:21
5.076 202.878 752.195 03:57:22
5.064 188.390 1070.244 03:57:23
5.076 145.585 740.000 03:57:24
5.072 143.390 730.732 03:57:25
5.072 158.585 806.341 03:57:26
5.072 168.683 886.341 03:57:27
5.072 219.976 1166.829 03:57:28
5.076 152.683 730.732 03:57:29
5.072 143.293 726.341 03:57:30
5.076 156.976 792.683 03:57:31
5.076 144.098 726.341 03:57:32
5.060 244.366 1237.073 03:57:33
5.080 142.780 727.317 03:57:34
5.076 144.098 726.341 03:57:35
5.076 158.293 803.415 03:57:36
5.076 144.976 743.902 03:57:37
5.076 171.293 805.854 03:57:38
5.072 175.293 897.561 03:57:39
5.072 221.585 1373.171 03:57:40
5.076 143.293 725.854 03:57:41
5.076 142.293 726.341 03:57:42
5.076 157.976 804.878 03:57:43
5.076 143.195 730.732 03:57:44
5.068 251.488 1205.366 03:57:45
5.068 205.268 1016.585 03:57:46
5.076 144.098 730.732 03:57:47
5.076 158.683 804.878 03:57:48
5.076 143.098 726.341 03:57:49
5.072 156.878 797.561 03:57:50
5.076 143.878 728.293 03:57:51
5.076 143.098 727.317 03:57:52
5.076 155.976 795.122 03:57:53
5.076 143.390 726.341 03:57:54
5.076 143.878 730.732 03:57:55
5.072 143.195 732.195 03:57:56
5.076 143.195 726.341 03:57:57
5.076 158.976 977.561 03:57:58
5.072 178.585 860.000 03:57:59
5.072 143.293 726.341 03:58:00
5.076 149.098 754.634 03:58:01
5.076 142.976 729.756 03:58:02
5.072 158.585 803.415 03:58:03
5.076 146.780 747.317 03:58:04
5.064 267.878 1331.707 03:58:05
5.072 146.488 738.537 03:58:06
5.076 145.390 733.659 03:58:07
5.076 157.585 798.537 03:58:08
5.076 144.098 726.341 03:58:09
5.068 240.171 1214.634 03:58:10
5.076 143.878 729.756 03:58:11
5.076 144.878 728.780 03:58:12
5.076 157.878 800.976 03:58:13
5.072 144.195 726.341 03:58:14
5.076 157.780 856.098 03:58:15
5.080 144.293 735.122 03:58:16
5.072 145.585 986.341 03:58:17
5.076 143.488 728.293 03:58:18
5.076 142.976 728.293 03:58:19
5.076 156.976 792.683 03:58:20
5.076 147.585 744.878 03:58:21
5.068 264.171 1333.171 03:58:22
5.076 146.195 769.756 03:58:23
5.076 145.098 727.317 03:58:24
5.072 158.585 803.902 03:58:25
5.076 143.098 725.854 03:58:26
5.060 317.171 1676.098 03:58:27
5.076 199.683 739.512 03:58:28
5.076 143.098 728.780 03:58:29
5.076 156.683 872.683 03:58:30
5.076 143.683 729.756 03:58:31
5.064 380.366 1337.073 03:58:32
5.072 205.878 889.756 03:58:33
5.072 195.878 733.659 03:58:34
5.076 144.293 736.098 03:58:35
5.076 142.976 726.341 03:58:36
5.072 158.683 805.854 03:58:37
5.080 144.098 730.732 03:58:38
5.064 261.780 1035.610 03:58:39
5.076 143.585 770.244 03:58:40
5.076 143.293 726.341 03:58:41
5.072 156.976 874.146 03:58:42
5.076 143.293 726.341 03:58:43
5.068 156.585 803.415 03:58:44
5.076 171.390 735.122 03:58:45
5.072 152.195 726.341 03:58:46
5.072 158.390 803.902 03:58:47
5.076 143.585 731.220 03:58:48
5.076 158.780 807.317 03:58:49
5.076 143.293 726.341 03:58:50
5.076 144.488 729.756 03:58:51
5.076 155.976 796.098 03:58:52
5.076 143.780 731.220 03:58:53
5.076 143.098 726.341 03:58:54
5.076 157.976 726.341 03:58:55
5.072 143.683 732.195 03:58:56
5.076 158.976 805.854 03:58:57
5.076 153.098 737.561 03:58:58
5.080 144.780 736.098 03:58:59
5.076 145.293 743.415 03:59:00
5.076 143.976 729.756 03:59:01
5.072 158.390 803.415 03:59:02
5.076 146.488 748.293 03:59:03
5.064 260.268 1334.146 03:59:04
5.076 143.195 728.293 03:59:05
5.076 143.683 732.195 03:59:06
5.072 158.488 805.854 03:59:07
5.080 143.195 722.439 03:59:08
5.076 156.976 796.098 03:59:09
5.072 143.780 725.854 03:59:10
5.076 144.780 1612.683 03:59:11
5.076 158.976 804.878 03:59:12
5.076 144.098 730.732 03:59:14
5.060 243.366 1248.293 03:59:15
5.060 194.585 1042.927 03:59:16
5.076 143.098 726.341 03:59:17
5.076 144.976 740.000 03:59:18
5.076 142.976 731.220 03:59:19
5.076 157.390 792.195 03:59:20
5.076 143.878 727.317 03:59:21
5.076 158.390 805.854 03:59:22
5.076 144.488 773.659 03:59:23
5.076 149.780 761.463 03:59:24
5.076 156.878 793.659 03:59:25
5.076 143.780 729.756 03:59:26
5.076 147.683 747.317 03:59:27
5.076 144.195 743.415 03:59:28
5.072 210.878 1207.805 03:59:29
5.076 145.098 732.195 03:59:30
5.064 237.073 1205.366 03:59:31
5.076 145.976 739.512 03:59:32
5.076 143.195 726.341 03:59:33
5.076 149.585 759.512 03:59:34
5.076 143.488 736.098 03:59:35
5.068 183.878 1305.854 03:59:36
5.076 143.683 726.341 03:59:37
5.076 171.878 796.098 03:59:38
5.076 180.488 812.683 03:59:39
5.072 202.683 1032.683 03:59:40
5.064 243.976 1217.073 03:59:41
5.076 143.585 761.463 03:59:42
5.076 157.878 803.415 03:59:43
5.076 143.878 726.341 03:59:44
5.076 157.073 792.195 03:59:45
5.076 143.683 730.732 03:59:46
5.076 143.098 730.732 03:59:47
5.072 159.878 735.122 03:59:48
5.076 143.098 727.317 03:59:49
5.076 156.585 793.659 03:59:50
5.072 161.195 827.317 03:59:51
5.076 145.488 733.659 03:59:52
5.076 163.976 792.683 03:59:53
5.076 144.878 736.098 03:59:54
5.072 203.293 1538.537 03:59:55
5.076 143.878 726.341 03:59:56
5.072 143.780 761.463 03:59:57
5.076 157.073 791.220 03:59:58
5.076 143.195 728.293 03:59:59
5.076 157.390 797.073 04:00:00
5.076 145.585 739.512 04:00:01
5.076 143.293 727.317 04:00:02
5.076 157.293 737.073 04:00:03
5.072 144.390 730.732 04:00:04
5.072 158.585 805.854 04:00:05
5.076 164.585 863.902 04:00:06
5.076 143.390 731.220 04:00:07
5.076 156.878 796.098 04:00:08
5.076 143.195 728.293 04:00:09
5.076 182.390 899.024 04:00:10
5.076 145.098 740.976 04:00:11
5.076 142.976 728.293 04:00:12
5.076 156.293 801.463 04:00:13
5.076 145.878 735.122 04:00:14
5.072 238.073 1244.390 04:00:15
5.076 145.488 737.073 04:00:16
5.076 142.780 729.756 04:00:17
5.076 157.683 800.976 04:00:18
5.076 143.878 726.341 04:00:19
5.060 320.171 1217.073 04:00:20
5.076 144.098 730.732 04:00:21
5.076 143.390 726.341 04:00:22
5.076 158.585 795.122 04:00:23
5.076 142.585 726.341 04:00:24
5.076 156.780 796.098 04:00:25
5.076 142.976 726.341 04:00:26
5.076 143.878 732.195 04:00:27
5.076 143.390 996.585 04:00:28
5.076 155.195 758.537 04:00:29
5.076 157.878 1288.293 04:00:30
5.076 159.293 728.780 04:00:31
5.064 274.171 1434.634 04:00:32
5.076 143.390 736.098 04:00:33
5.076 142.976 726.341 04:00:34
5.076 158.585 805.854 04:00:35
5.076 143.976 726.341 04:00:36
5.060 318.878 1625.854 04:00:37
5.076 145.195 736.098 04:00:38
5.076 143.293 727.317 04:00:39
5.076 157.780 916.098 04:00:40
5.076 144.098 726.341 04:00:41
5.076 157.390 797.073 04:00:42
5.076 143.390 728.293 04:00:43
5.076 143.390 728.293 04:00:44
5.076 156.683 796.098 04:00:45
5.076 143.293 727.317 04:00:46
5.076 158.488 796.098 04:00:47
5.076 144.195 732.195 04:00:48
5.072 332.878 1430.732 04:00:49
5.076 145.488 739.512 04:00:50
5.076 142.780 724.878 04:00:51
5.072 197.878 1004.878 04:00:52
5.072 144.390 731.220 04:00:53
5.076 147.683 746.341 04:00:54
5.076 145.488 737.073 04:00:55
5.080 143.293 729.756 04:00:56
5.076 156.878 797.561 04:00:57
5.072 195.390 986.829 04:00:58
5.076 144.683 739.512 04:00:59
5.076 143.780 735.122 04:01:00
5.072 156.780 797.073 04:01:01
5.068 158.683 804.878 04:01:02
5.076 156.878 796.098 04:01:03
5.076 190.780 972.683 04:01:04
5.076 143.293 727.317 04:01:05
5.076 144.780 738.537 04:01:06
5.076 157.073 792.683 04:01:08
5.076 156.293 796.098 04:01:09
5.072 218.073 1041.463 04:01:10
5.068 279.171 1420.976 04:01:11
5.076 147.098 737.561 04:01:12
5.076 144.195 726.341 04:01:13
5.076 146.878 737.073 04:01:14
5.076 175.488 797.561 04:01:15
5.052 238.488 1212.195 04:01:16
5.072 222.268 1110.732 04:01:17
5.076 143.293 728.293 04:01:18
5.076 144.293 735.122 04:01:19
5.076 155.976 795.122 04:01:20
5.072 268.171 1407.317 04:01:21
5.076 158.683 804.878 04:01:22
5.072 193.585 896.585 04:01:23
5.076 143.585 734.634 04:01:24
5.076 143.390 1006.829 04:01:25
5.076 158.683 805.854 04:01:26
5.076 145.780 737.073 04:01:27
5.076 158.683 795.122 04:01:28
5.076 204.171 1029.268 04:01:29
5.076 143.390 731.220 04:01:30
5.076 156.780 796.098 04:01:31
5.072 156.976 793.659 04:01:32
5.076 158.780 804.878 04:01:33
5.076 152.098 818.537 04:01:34
5.076 171.878 1207.805 04:01:35
5.068 252.976 1229.268 04:01:36
5.076 177.488 894.146 04:01:37
5.072 169.976 1572.683 04:01:38
5.076 145.780 772.683 04:01:39
5.076 149.878 760.000 04:01:40
5.076 158.195 804.878 04:01:41
5.076 143.293 730.732 04:01:42
5.076 157.073 876.585 04:01:43
5.080 144.780 727.317 04:01:44
5.076 158.390 805.854 04:01:45
5.076 145.976 740.000 04:01:46
5.068 207.976 1031.220 04:01:47
5.076 149.390 754.634 04:01:48
5.076 143.976 972.683 04:01:49
5.072 255.878 1511.220 04:01:50
5.076 145.878 741.463 04:01:51
5.072 189.390 913.659 04:01:52
5.076 156.585 797.561 04:01:53
5.080 143.976 730.732 04:01:54
5.076 143.976 728.780 04:01:55
5.076 145.488 735.122 04:01:56
5.076 155.976 795.122 04:01:57
5.076 205.390 777.073 04:01:58
5.068 213.683 1124.390 04:01:59
5.076 156.585 797.561 04:02:00
5.076 143.488 731.220 04:02:01
5.068 205.171 1043.902 04:02:02
5.072 144.780 739.512 04:02:03
5.076 156.976 798.537 04:02:04
5.076 144.585 734.634 04:02:05
5.072 241.488 841.463 04:02:06
5.076 144.683 1065.366 04:02:07
5.076 144.293 730.732 04:02:08
5.068 240.878 1220.488 04:02:09
5.076 143.488 728.293 04:02:10
5.068 210.878 997.561 04:02:11
5.076 146.390 736.098 04:02:12
5.076 150.976 723.902 04:02:13
5.072 313.780 1214.146 04:02:14
5.072 170.585 913.659 04:02:15
5.080 143.195 1150.732 04:02:16
5.076 145.878 837.561 04:02:17
5.076 143.488 731.220 04:02:18
5.076 149.390 757.561 04:02:19
5.080 143.195 729.756 04:02:20
5.076 156.878 792.195 04:02:21
5.076 144.780 745.854 04:02:22
5.076 144.878 726.341 04:02:23
5.076 143.976 731.220 04:02:24
5.076 143.293 724.878 04:02:25
5.076 158.488 801.463 04:02:26
5.076 143.390 728.293 04:02:27
5.068 262.073 1324.390 04:02:28
5.076 143.293 733.659 04:02:29
5.080 146.585 726.341 04:02:30
5.076 159.488 792.683 04:02:31
5.076 143.780 730.732 04:02:32
5.068 157.390 794.634 04:02:33
5.076 143.098 728.293 04:02:34
5.076 143.390 728.293 04:02:35
5.076 147.878 750.244 04:02:36
5.076 143.195 728.293 04:02:37
5.076 156.488 796.098 04:02:38
5.076 142.585 728.293 04:02:39
5.064 196.171 1098.049 04:02:40
5.076 143.878 725.854 04:02:41
5.076 143.780 797.561 04:02:42
5.068 156.390 797.561 04:02:43
5.072 143.683 728.293 04:02:44
5.064 205.390 1043.902 04:02:45
5.076 151.683 730.732 04:02:46
5.076 143.488 730.732 04:02:47
5.076 156.585 796.098 04:02:48
5.080 143.390 730.732 04:02:49
5.048 238.878 1230.244 04:02:50
5.072 144.683 739.512 04:02:51
5.076 143.683 724.878 04:02:52
5.076 157.073 797.073 04:02:53
5.076 145.488 739.512 04:02:54
5.076 229.878 1002.927 04:02:55
5.080 145.683 735.122 04:02:56
5.076 144.878 733.659 04:02:57
5.072 157.683 796.098 04:02:58
5.076 145.780 743.415 04:02:59
5.068 239.976 1243.415 04:03:00
5.076 144.098 728.293 04:03:02
5.076 143.390 731.220 04:03:03
5.076 158.585 804.878 04:03:04
5.080 143.683 731.220 04:03:05
5.076 157.195 801.463 04:03:06
5.076 143.488 732.683 04:03:07
5.072 195.293 1006.341 04:03:08
5.076 145.488 735.122 04:03:09
5.076 144.585 728.293 04:03:10
5.076 157.073 795.122 04:03:11
5.076 176.488 951.220 04:03:12
5.072 206.585 1305.366 04:03:13
5.076 161.585 739.512 04:03:14
5.076 143.195 725.854 04:03:15
5.076 156.683 791.220 04:03:16
5.080 143.976 727.317 04:03:17
5.060 286.878 1108.293 04:03:18
5.076 145.585 738.537 04:03:19
5.076 143.098 726.341 04:03:20
5.076 158.390 803.415 04:03:21
5.076 143.293 730.732 04:03:22
5.076 156.878 796.098 04:03:23
5.072 214.171 1218.049 04:03:24
5.076 153.195 763.902 04:03:25
5.080 145.780 737.073 04:03:26
5.076 152.195 730.732 04:03:27
5.076 157.878 806.341 04:03:28
5.076 143.390 727.317 04:03:29
5.068 238.171 1210.732 04:03:30
5.076 155.878 740.000 04:03:31
5.076 143.293 727.317 04:03:32
5.064 199.976 1283.415 04:03:33
5.076 143.683 727.317 04:03:34
5.076 158.195 802.439 04:03:35
5.076 145.780 737.561 04:03:36
5.072 287.976 1353.659 04:03:37
5.076 143.878 726.341 04:03:38
5.076 143.488 732.195 04:03:39
5.076 156.878 797.561 04:03:40
5.080 143.098 723.902 04:03:41
5.060 320.561 1617.073 04:03:42
5.076 143.683 727.317 04:03:43
5.076 146.098 732.195 04:03:44
5.076 161.195 816.585 04:03:45
5.076 143.878 726.341 04:03:46
5.076 157.195 797.561 04:03:47
5.076 144.976 739.512 04:03:48
5.076 143.195 730.732 04:03:49
5.076 146.098 1070.244 04:03:50
5.076 143.976 737.073 04:03:51
5.072 212.976 1227.805 04:03:52
5.072 145.683 737.073 04:03:53
5.076 143.390 728.780 04:03:54
5.076 156.585 793.659 04:03:55
5.076 145.683 735.122 04:03:56
5.072 143.098 726.341 04:03:57
5.076 156.976 792.683 04:03:58
5.076 143.390 722.439 04:03:59
5.076 156.585 800.000 04:04:00
5.076 144.098 727.317 04:04:01
5.076 142.585 724.878 04:04:02
5.072 179.878 899.024 04:04:03
5.076 145.195 728.780 04:04:04
5.076 247.073 816.585 04:04:05
5.076 146.976 748.780 04:04:06
5.072 257.780 880.000 04:04:07
5.072 144.780 739.512 04:04:08
5.076 143.098 726.341 04:04:09
5.076 156.878 796.098 04:04:10
5.072 144.683 839.024 04:04:11
5.060 321.171 1639.024 04:04:12
5.076 159.878 740.976 04:04:13
5.076 144.098 732.195 04:04:14
5.076 158.585 793.659 04:04:15
5.076 144.195 731.220 04:04:16
5.072 158.390 804.878 04:04:17
5.076 144.098 730.732 04:04:18
5.076 144.878 735.122 04:04:19
5.076 157.390 800.976 04:04:20
5.076 143.976 731.220 04:04:21
5.068 254.878 2317.561 04:04:22
5.076 145.390 771.220 04:04:23
5.076 143.878 729.756 04:04:24
5.072 156.585 796.098 04:04:25
5.080 143.878 732.195 04:04:26
5.076 156.683 800.976 04:04:27
5.076 143.780 726.341 04:04:28
5.076 143.098 723.902 04:04:29
5.076 148.390 757.073 04:04:30
5.076 143.878 732.195 04:04:31
5.064 374.073 1579.512 04:04:32
5.072 195.390 897.561 04:04:33
5.076 237.976 1069.268 04:04:34
5.072 240.878 1214.146 04:04:35
5.072 291.878 1002.927 04:04:36
5.072 143.390 727.317 04:04:37
5.072 190.073 886.341 04:04:38
5.076 143.683 726.341 04:04:39
5.080 158.488 805.854 04:04:40
5.076 147.878 748.780 04:04:41
5.068 260.073 1338.537 04:04:42
5.076 142.878 726.341 04:04:43
5.076 143.878 728.293 04:04:44
5.072 156.390 793.659 04:04:45
5.076 143.293 727.317 04:04:46
5.076 157.683 802.439 04:04:47
5.072 144.878 818.537 04:04:48
5.076 143.683 726.341 04:04:49
5.076 158.390 804.878 04:04:50
5.076 143.390 732.683 04:04:51
5.068 260.683 1325.854 04:04:52
5.076 154.878 738.537 04:04:53
5.080 143.195 731.220 04:04:54
5.060 381.268 1234.634 04:04:55
5.072 179.073 902.439 04:04:57
5.076 193.976 1215.610 04:04:58
5.076 142.780 728.293 04:04:59
5.076 143.195 727.317 04:05:00
5.068 158.683 1009.268 04:05:01
5.076 149.976 762.439 04:05:02
5.072 260.073 1210.244 04:05:03
5.076 143.293 1022.439 04:05:04
5.076 143.585 728.293 04:05:05
5.072 156.780 797.073 04:05:06
5.076 145.878 739.512 04:05:07
5.060 318.171 1207.805 04:05:08
5.076 144.195 732.195 04:05:09
5.076 143.390 729.756 04:05:10
5.076 156.488 796.098 04:05:11
5.076 144.976 737.073 04:05:12
5.072 174.976 915.122 04:05:13
5.072 179.073 924.878 04:05:14
5.076 143.293 729.756 04:05:15
5.076 158.293 824.878 04:05:16
5.080 147.878 752.683 04:05:17
5.068 261.171 1325.854 04:05:18
5.080 144.293 726.341 04:05:19
5.076 143.878 726.341 04:05:20
5.072 158.585 805.854 04:05:21
5.076 144.780 733.659 04:05:22
5.064 241.683 1666.341 04:05:23
5.080 143.293 723.902 04:05:24
5.076 143.488 727.317 04:05:25
5.076 156.488 795.122 04:05:26
5.076 154.780 727.317 04:05:27
5.076 156.878 797.073 04:05:28
5.076 143.878 728.293 04:05:29
5.076 144.293 730.732 04:05:30
5.072 143.878 729.756 04:05:31
5.076 148.878 726.341 04:05:32
5.076 157.073 796.098 04:05:33
5.076 143.585 728.293 04:05:34
5.072 184.488 1257.073 04:05:35
5.072 145.195 1011.220 04:05:36
5.080 144.098 727.317 04:05:37
5.072 157.780 1265.854 04:05:38
5.076 145.683 727.317 04:05:39
5.060 325.659 1608.780 04:05:40
5.076 145.585 737.073 04:05:41
5.076 143.878 732.195 04:05:42
5.076 158.488 829.756 04:05:43
5.076 143.195 727.317 04:05:44
5.076 156.488 797.561 04:05:45
5.076 143.878 726.341 04:05:46
5.080 144.293 726.341 04:05:47
5.076 143.390 728.293 04:05:48
5.076 175.683 907.805 04:05:49
5.072 302.683 806.341 04:05:50
5.076 145.683 742.439 04:05:51
5.076 143.293 730.732 04:05:52
5.076 157.683 800.000 04:05:53
5.076 144.195 739.512 04:05:54
5.072 195.683 980.488 04:05:55
5.076 143.390 732.683 04:05:56
5.076 143.488 728.293 04:05:57
5.072 156.976 789.756 04:05:58
5.076 164.878 856.098 04:05:59
5.072 216.268 1099.512 04:06:00
5.076 144.683 732.195 04:06:01
5.076 143.780 726.341 04:06:02
5.076 158.390 804.878 04:06:03
5.076 143.488 730.732 04:06:04
5.064 239.976 1282.927 04:06:05
5.072 144.976 1073.171 04:06:06
5.076 143.098 728.293 04:06:07
5.076 145.098 740.000 04:06:08
5.076 143.098 728.293 04:06:09
5.076 245.171 804.878 04:06:10
5.076 146.488 1040.000 04:06:11
5.076 148.683 730.732 04:06:12
5.072 151.780 1039.024 04:06:13
5.076 156.976 800.000 04:06:14
5.072 159.683 872.195 04:06:15
5.076 146.878 793.659 04:06:16
5.072 181.073 890.244 04:06:17
5.076 147.878 727.317 04:06:18
5.076 142.878 726.341 04:06:19
5.076 156.976 796.098 04:06:20
5.076 143.878 730.732 04:06:21
5.072 222.878 1407.317 04:06:22
5.076 198.683 732.683 04:06:23
5.076 197.073 907.317 04:06:24
5.076 156.073 792.195 04:06:25
5.076 143.976 730.732 04:06:26
5.068 271.073 1244.390 04:06:27
5.076 144.098 1020.000 04:06:28
5.076 144.098 729.756 04:06:29
5.076 157.073 794.634 04:06:30
5.076 143.098 731.220 04:06:31
5.076 157.073 797.561 04:06:32
5.076 143.293 1012.683 04:06:33
5.076 143.976 727.317 04:06:34
5.072 162.195 736.098 04:06:35
5.076 143.683 730.732 04:06:36
5.072 157.780 805.854 04:06:37
5.076 142.683 723.902 04:06:38
5.064 307.171 1099.512 04:06:39
5.068 144.976 1011.707 04:06:40
5.076 143.293 730.732 04:06:41
5.076 157.293 794.634 04:06:42
5.076 145.098 730.732 04:06:43
5.060 316.268 1609.756 04:06:44
5.076 145.585 736.098 04:06:45
5.076 143.195 728.293 04:06:46
5.076 156.976 797.073 04:06:47
5.076 143.780 726.341 04:06:48
5.076 152.293 769.756 04:06:50
5.076 143.293 727.317 04:06:51
5.068 242.683 1194.634 04:06:52
5.076 145.488 731.220 04:06:53
5.076 142.976 726.341 04:06:54
5.076 157.073 796.098 04:06:55
5.076 145.098 735.122 04:06:56
5.080 143.878 728.780 04:06:57
5.072 147.098 748.780 04:06:58
5.076 145.878 743.415 04:06:59
5.072 157.683 803.902 04:07:00
5.072 196.073 1005.366 04:07:01
5.072 204.878 1055.122 04:07:02
5.076 176.976 1003.902 04:07:03
5.072 144.195 730.732 04:07:04
5.068 243.171 1233.171 04:07:05
5.076 143.390 730.732 04:07:06
5.064 214.171 1053.171 04:07:07
5.072 209.585 956.585 04:07:08
5.076 143.195 752.683 04:07:09
5.076 150.780 807.805 04:07:10
5.076 143.390 731.220 04:07:11
5.068 243.780 982.439 04:07:12
5.076 144.390 738.537 04:07:13
5.068 177.878 1319.512 04:07:14
5.076 143.976 735.122 04:07:15
5.072 143.976 725.854 04:07:16
5.076 157.976 797.073 04:07:17
5.080 143.195 726.341 04:07:18
5.072 239.366 1216.585 04:07:19
5.076 143.780 933.659 04:07:20
5.076 143.780 725.854 04:07:21
5.076 145.878 880.000 04:07:22
5.076 143.293 727.317 04:07:23
5.076 157.073 797.073 04:07:24
5.072 173.780 871.220 04:07:25
5.056 249.488 1216.585 04:07:26
5.076 145.780 735.122 04:07:27
5.076 142.780 726.341 04:07:28
5.076 155.488 797.561 04:07:29
5.076 143.878 729.756 04:07:30
5.068 239.488 1309.756 04:07:31
5.072 145.488 739.512 04:07:32
5.076 195.878 902.439 04:07:33
5.076 156.878 995.122 04:07:34
5.076 174.073 889.756 04:07:35
5.068 373.976 2428.293 04:07:36
5.076 143.390 728.780 04:07:37
5.076 145.488 735.122 04:07:38
5.080 143.390 727.317 04:07:39
5.072 155.390 796.098 04:07:40
5.072 150.293 761.463 04:07:41
5.076 143.488 984.878 04:07:42
5.072 143.390 728.780 04:07:43
5.072 161.073 817.561 04:07:44
5.076 143.390 730.732 04:07:45
5.076 151.976 745.854 04:07:46
5.076 156.878 801.463 04:07:47
5.072 204.293 1033.171 04:07:48
5.076 148.098 748.293 04:07:49
5.076 145.195 735.122 04:07:50
5.076 171.073 816.098 04:07:51
5.076 143.585 732.683 04:07:52
5.076 143.098 726.341 04:07:53
5.076 240.488 799.024 04:07:54
5.076 143.683 727.317 04:07:55
5.076 157.293 798.537 04:07:56
5.076 145.488 735.122 04:07:57
5.076 143.098 760.976 04:07:58
5.076 147.976 745.854 04:07:59
5.076 143.098 726.341 04:08:00
5.072 192.073 976.098 04:08:01
5.076 144.878 736.098 04:08:02
5.076 177.195 799.024 04:08:03
5.072 254.683 823.902 04:08:04
5.076 144.683 777.073 04:08:05
5.076 156.878 843.415 04:08:06
5.076 143.098 727.317 04:08:07
5.076 143.683 731.220 04:08:08
5.076 147.683 911.707 04:08:09
5.068 207.683 1053.171 04:08:10
5.076 145.293 740.000 04:08:11
5.076 147.488 752.683 04:08:12
5.068 239.268 1450.732 04:08:13
5.076 143.390 723.902 04:08:14
5.072 205.390 1047.805 04:08:15
5.076 144.195 732.195 04:08:16
5.080 143.976 730.732 04:08:17
5.072 156.195 797.561 04:08:18
5.080 143.780 729.756 04:08:19
5.076 157.073 797.073 04:08:20
5.080 143.878 728.780 04:08:21
5.076 143.293 727.317 04:08:22
5.076 148.683 763.902 04:08:23
5.076 143.683 726.341 04:08:24
5.076 157.293 797.073 04:08:25
5.076 143.976 730.732 04:08:26
5.072 143.976 727.317 04:08:27
5.076 147.293 752.195 04:08:28
5.076 143.293 763.415 04:08:29
5.060 205.585 807.317 04:08:30
5.072 148.293 737.073 04:08:31
5.076 208.976 737.073 04:08:32
5.076 145.098 769.756 04:08:33
5.072 142.488 728.293 04:08:34
5.064 161.073 817.561 04:08:35
5.076 143.488 728.293 04:08:36
5.064 262.683 1040.000 04:08:37
5.076 144.780 740.000 04:08:38
5.076 143.878 783.415 04:08:39
5.076 156.780 797.073 04:08:40
5.076 142.585 726.341 04:08:41
5.064 281.780 1693.659 04:08:42
5.076 200.488 734.634 04:08:44
5.076 144.098 729.756 04:08:45
5.076 158.488 1374.634 04:08:46
5.076 145.976 743.415 04:08:47
5.076 157.195 799.024 04:08:48
5.076 145.195 725.854 04:08:49
5.080 143.195 727.317 04:08:50
5.076 157.195 794.634 04:08:51
5.076 143.195 726.341 04:08:52
5.072 245.073 904.878 04:08:53
5.076 143.780 981.463 04:08:54
5.076 143.585 730.732 04:08:55
5.076 196.390 796.098 04:08:56
5.076 145.488 735.122 04:08:57
5.068 275.683 1334.146 04:08:58
5.076 199.390 1048.780 04:08:59
5.080 143.390 744.878 04:09:00
5.076 157.195 796.098 04:09:01
5.080 143.293 727.317 04:09:02
5.076 157.293 792.683 04:09:03
5.076 175.878 942.927 04:09:04
5.076 245.683 735.122 04:09:05
5.076 143.098 733.659 04:09:06
5.076 146.488 747.317 04:09:07
5.076 158.488 803.415 04:09:08
5.076 142.488 726.341 04:09:09
5.060 321.561 1632.195 04:09:10
5.076 144.780 736.098 04:09:11
5.076 144.195 728.293 04:09:12
5.076 159.488 807.317 04:09:13
5.076 146.585 739.512 04:09:14
5.072 157.976 830.244 04:09:15
5.076 145.878 732.195 04:09:16
5.068 470.756 2282.439 04:09:17
5.076 144.293 731.220 04:09:18
5.080 143.780 728.293 04:09:19
5.076 149.390 760.000 04:09:20
5.076 143.390 727.317 04:09:21
5.068 238.878 1210.244 04:09:22
5.076 145.098 728.293 04:09:23
5.076 194.171 1035.122 04:09:24
5.072 205.268 755.122 04:09:25
5.076 144.293 731.220 04:09:26
5.076 158.195 796.098 04:09:27
5.072 144.780 736.098 04:09:28
5.068 191.976 974.146 04:09:29
5.076 144.098 731.220 04:09:30
5.076 158.780 803.902 04:09:31
5.076 158.488 803.902 04:09:32
5.064 212.780 942.927 04:09:33
5.072 144.195 738.537 04:09:34
5.076 142.976 727.317 04:09:35
5.072 238.878 1214.146 04:09:36
5.076 143.195 724.878 04:09:37
5.076 157.073 793.659 04:09:38
5.076 146.195 737.561 04:09:39
5.076 143.585 731.220 04:09:40
5.076 148.195 760.000 04:09:41
5.076 143.293 726.341 04:09:42
5.068 348.366 1199.512 04:09:43
5.076 144.780 777.073 04:09:44
5.072 204.780 1031.707 04:09:45
5.072 152.780 955.122 04:09:46
5.076 143.390 730.732 04:09:47
5.080 157.683 803.902 04:09:48
5.076 143.195 727.317 04:09:49
5.068 209.488 1458.537 04:09:50
5.076 156.293 792.683 04:09:51
5.076 144.195 731.220 04:09:52
5.076 158.488 805.854 04:09:53
5.076 144.878 735.122 04:09:54
5.076 144.390 1151.707 04:09:55
5.076 223.683 739.512 04:09:56
5.076 143.780 727.317 04:09:57
5.076 156.878 792.683 04:09:58
5.076 145.780 738.537 04:09:59
5.076 158.683 804.878 04:10:00
5.072 145.488 740.000 04:10:01
5.076 143.195 725.854 04:10:02
5.076 156.073 795.122 04:10:03
5.080 143.098 728.780 04:10:04
5.068 245.171 1223.415 04:10:05
5.076 146.780 748.780 04:10:06
5.072 194.488 1173.171 04:10:07
5.076 145.390 738.537 04:10:08
5.080 144.195 732.195 04:10:09
5.076 157.293 792.683 04:10:10
5.076 144.878 761.463 04:10:11
5.076 151.390 765.854 04:10:12
5.080 144.683 733.659 04:10:13
5.076 143.293 731.220 04:10:14
5.072 158.976 856.098 04:10:15
5.076 147.488 748.780 04:10:16
5.064 242.171 1227.805 04:10:17
5.080 143.878 730.732 04:10:18
5.064 238.366 1210.732 04:10:19
5.080 144.098 728.293 04:10:20
5.076 146.585 740.976 04:10:21
5.076 157.878 802.439 04:10:22
5.076 145.098 735.122 04:10:23
5.072 178.780 874.146 04:10:24
5.076 186.171 737.561 04:10:25
5.076 173.488 896.585 04:10:26
5.076 156.878 797.073 04:10:27
5.076 144.195 732.195 04:10:28
5.076 156.390 797.073 04:10:29
5.076 145.585 1009.268 04:10:30
5.072 198.293 978.049 04:10:31
5.076 143.878 731.220 04:10:32
5.076 143.976 739.512 04:10:33
5.076 156.780 798.537 04:10:34
5.076 184.171 757.073 04:10:35
5.072 150.098 760.976 04:10:36
5.076 156.390 795.122 04:10:37
5.076 148.878 728.780 04:10:38
5.076 166.195 828.780 04:10:39
5.076 144.585 731.220 04:10:41
5.072 246.585 1233.171 04:10:42
5.076 144.976 737.073 04:10:43
5.076 157.073 797.561 04:10:44
5.076 144.195 726.341 04:10:45
5.076 143.976 724.878 04:10:46
5.076 157.780 800.976 04:10:47
5.076 147.976 731.220 04:10:48
5.080 158.683 805.854 04:10:49
5.072 145.780 733.659 04:10:50
5.076 144.195 730.732 04:10:51
5.076 147.293 745.854 04:10:52
5.076 145.293 740.000 04:10:53
5.076 156.878 796.098 04:10:54
5.076 145.195 739.512 04:10:55
5.076 143.293 729.756 04:10:56
5.076 156.683 1219.512 04:10:57
5.076 150.976 732.195 04:10:58
5.072 214.390 1085.366 04:10:59
5.076 145.585 733.659 04:11:00
5.076 146.878 750.244 04:11:01
5.076 144.780 736.098 04:11:02
5.076 142.976 724.878 04:11:03
5.076 158.683 804.878 04:11:04
5.076 144.293 737.561 04:11:05
5.072 158.878 807.317 04:11:06
5.076 147.585 743.415 04:11:07
5.080 144.293 735.122 04:11:08
5.080 157.073 797.073 04:11:09
5.076 143.098 723.902 04:11:10
5.076 158.976 803.902 04:11:11
5.072 212.488 812.683 04:11:12
