5.056 365.085 1847.317 17:50:09
5.072 159.598 810.000 17:50:10
5.072 146.598 743.659 17:50:11
5.060 371.561 1766.341 17:50:12
5.072 216.976 771.220 17:50:13
5.072 149.195 752.195 17:50:14
5.064 162.878 829.756 17:50:15
5.072 181.073 1022.439 17:50:16
5.064 278.366 1373.659 17:50:17
5.052 484.146 2191.707 17:50:18
5.076 149.585 758.537 17:50:19
5.068 162.073 822.439 17:50:20
5.072 152.585 1075.610 17:50:21
5.064 247.073 1233.171 17:50:23
5.064 333.366 1681.463 17:50:24
5.072 217.488 1036.585 17:50:25
5.072 199.293 1337.073 17:50:26
5.072 148.585 760.000 17:50:27
5.064 208.268 962.927 17:50:28
5.072 245.585 823.415 17:50:29
5.072 160.683 815.122 17:50:30
5.064 249.268 820.000 17:50:31
5.068 163.585 757.561 17:50:32
5.076 240.585 1110.732 17:50:33
5.072 184.488 982.439 17:50:34
5.064 244.780 1240.976 17:50:35
5.072 196.293 1485.854 17:50:36
5.064 312.976 1521.951 17:50:37
5.044 410.268 1991.707 17:50:38
5.072 149.390 759.512 17:50:39
5.076 161.878 824.878 17:50:40
5.072 176.585 842.439 17:50:41
5.056 342.463 1377.073 17:50:42
5.072 195.390 1389.756 17:50:43
5.072 148.585 749.756 17:50:44
5.072 160.780 816.098 17:50:45
5.076 160.390 815.122 17:50:46
5.072 161.293 818.537 17:50:47
5.052 277.585 1246.829 17:50:48
5.072 162.683 823.902 17:50:49
5.064 193.976 1644.878 17:50:50
5.072 233.366 812.683 17:50:51
5.072 162.390 825.366 17:50:52
5.076 148.683 760.000 17:50:53
5.068 152.585 772.683 17:50:54
5.060 295.683 1081.951 17:50:55
5.072 151.488 768.780 17:50:56
5.064 242.171 1234.634 17:50:57
5.072 162.390 1250.732 17:50:58
5.076 146.390 743.415 17:50:59
5.076 187.488 779.024 17:51:00
5.060 194.073 1006.829 17:51:01
5.072 161.683 819.024 17:51:02
5.072 148.195 1178.049 17:51:03
5.064 271.585 1380.488 17:51:04
5.076 202.488 1062.927 17:51:05
5.072 162.488 823.415 17:51:06
5.068 244.976 1239.024 17:51:07
5.064 363.756 1274.634 17:51:08
5.072 170.293 822.439 17:51:09
5.064 232.683 1118.049 17:51:10
5.072 203.683 956.098 17:51:11
5.072 152.488 760.976 17:51:12
5.068 192.293 962.927 17:51:13
5.068 170.488 867.805 17:51:14
5.072 162.488 816.585 17:51:15
5.072 160.073 826.341 17:51:16
5.068 207.390 1026.829 17:51:17
5.060 394.659 1851.220 17:51:18
5.072 162.195 812.683 17:51:19
5.076 167.390 785.854 17:51:20
5.068 282.366 1583.415 17:51:21
5.072 161.976 823.902 17:51:22
5.072 221.976 822.439 17:51:23
5.056 319.780 1537.073 17:51:24
5.072 147.878 796.098 17:51:25
5.072 160.683 773.659 17:51:26
5.072 162.488 823.902 17:51:27
5.068 163.195 829.756 17:51:28
5.072 161.488 816.585 17:51:29
5.060 281.366 1240.488 17:51:30
5.076 146.098 749.756 17:51:31
5.068 162.195 822.439 17:51:32
5.072 160.585 1253.171 17:51:33
5.072 160.780 815.122 17:51:34
5.064 248.488 1230.732 17:51:35
5.072 185.073 982.439 17:51:36
5.076 148.293 745.854 17:51:37
5.072 251.683 822.439 17:51:38
5.072 162.390 1305.366 17:51:39
5.068 205.976 1000.000 17:51:40
5.072 162.488 821.463 17:51:41
5.068 247.780 1260.488 17:51:42
5.064 461.854 2323.415 17:51:43
5.072 162.780 1042.927 17:51:44
5.068 272.976 1352.195 17:51:45
5.068 148.488 936.585 17:51:46
5.072 152.195 772.683 17:51:47
5.072 187.073 891.220 17:51:48
5.072 189.293 1300.488 17:51:49
5.060 330.366 1219.512 17:51:50
5.068 163.073 1393.659 17:51:51
5.072 201.878 758.537 17:51:52
5.072 162.073 823.415 17:51:53
5.064 294.683 1659.024 17:51:54
5.072 148.195 752.683 17:51:55
5.072 162.195 1053.171 17:51:56
5.064 162.293 923.902 17:51:57
5.052 323.780 2030.732 17:51:58
5.060 432.049 1829.268 17:51:59
5.076 147.488 746.341 17:52:00
5.072 152.878 777.073 17:52:01
5.072 160.293 813.659 17:52:02
5.072 198.293 814.634 17:52:03
5.056 361.171 1620.000 17:52:04
5.060 208.976 987.805 17:52:05
5.076 149.195 749.756 17:52:06
5.068 211.585 917.561 17:52:07
5.072 160.780 815.122 17:52:08
5.060 288.366 1578.537 17:52:09
5.076 160.878 815.122 17:52:10
5.076 149.390 757.073 17:52:11
5.068 265.976 1294.634 17:52:12
5.064 207.488 768.780 17:52:13
5.064 300.976 820.000 17:52:14
5.056 246.585 1271.707 17:52:15
5.072 223.780 1181.951 17:52:16
5.072 249.683 1265.366 17:52:18
5.072 163.073 833.659 17:52:19
5.044 421.756 1246.829 17:52:20
5.072 162.488 823.902 17:52:21
5.068 252.268 1537.073 17:52:22
5.068 156.195 1060.000 17:52:23
5.076 147.585 752.683 17:52:24
5.060 268.585 826.341 17:52:25
5.076 146.780 748.780 17:52:26
5.068 199.585 1511.220 17:52:27
5.068 185.780 1187.805 17:52:28
5.060 235.976 1389.756 17:52:29
5.072 213.268 1083.902 17:52:30
5.076 146.585 743.902 17:52:31
5.068 225.390 1123.902 17:52:32
5.072 162.390 819.024 17:52:33
5.052 324.976 1626.341 17:52:34
5.076 161.878 825.366 17:52:35
5.068 281.780 1148.293 17:52:36
5.068 230.878 955.122 17:52:37
5.076 164.976 912.683 17:52:38
5.072 162.780 818.537 17:52:39
5.072 161.585 1301.951 17:52:40
5.056 450.756 2315.610 17:52:41
5.068 205.780 951.707 17:52:42
5.068 161.878 820.000 17:52:43
5.076 149.390 1012.683 17:52:44
5.076 152.976 1101.951 17:52:45
5.072 162.683 818.537 17:52:46
5.072 194.780 1170.732 17:52:47
5.064 162.195 918.537 17:52:48
5.072 162.878 826.341 17:52:49
5.056 372.366 1624.878 17:52:50
5.052 457.463 2531.220 17:52:51
5.076 147.878 754.634 17:52:52
5.076 161.390 821.463 17:52:53
5.052 378.268 1780.000 17:52:54
5.072 148.390 755.122 17:52:55
5.072 241.073 815.122 17:52:56
5.064 162.293 1169.268 17:52:57
5.064 218.683 822.439 17:52:58
5.072 163.195 823.902 17:52:59
5.060 195.878 913.659 17:53:00
5.076 153.195 773.659 17:53:01
5.076 148.780 764.878 17:53:02
5.068 190.683 831.220 17:53:03
5.064 244.366 1255.610 17:53:04
5.056 352.561 1769.268 17:53:05
5.064 193.293 841.463 17:53:06
5.072 146.293 746.341 17:53:07
5.064 252.780 1255.610 17:53:08
5.076 249.488 823.415 17:53:09
5.064 244.171 1244.390 17:53:10
5.060 351.073 1389.756 17:53:11
5.076 262.268 769.756 17:53:12
5.068 183.780 907.805 17:53:13
5.068 249.073 1245.854 17:53:14
5.068 248.878 1340.976 17:53:15
5.064 313.073 1240.976 17:53:16
5.076 148.390 758.537 17:53:17
5.072 199.976 815.122 17:53:18
5.060 247.878 1231.707 17:53:19
5.076 190.683 928.780 17:53:20
5.072 147.780 754.634 17:53:21
5.072 162.390 820.976 17:53:22
5.072 162.585 824.878 17:53:23
5.072 162.390 818.537 17:53:24
5.072 311.780 2096.585 17:53:25
5.072 217.488 1078.049 17:53:26
5.072 148.488 757.561 17:53:27
5.072 162.293 894.146 17:53:28
5.072 163.293 822.439 17:53:29
5.048 424.366 2120.488 17:53:30
5.072 194.976 1276.585 17:53:31
5.076 148.098 756.098 17:53:32
5.076 162.390 827.805 17:53:33
5.076 160.488 814.634 17:53:34
5.072 159.780 816.098 17:53:35
5.072 246.366 824.878 17:53:36
5.072 212.683 1181.951 17:53:37
5.052 426.171 1873.171 17:53:38
5.076 145.683 742.439 17:53:39
5.072 161.780 822.439 17:53:40
5.072 160.293 861.463 17:53:41
5.072 161.195 817.561 17:53:42
5.076 162.293 813.659 17:53:43
5.068 231.878 2029.268 17:53:44
5.072 151.390 814.634 17:53:45
5.072 162.780 826.341 17:53:46
5.068 322.878 1445.854 17:53:47
5.068 180.073 911.220 17:53:48
5.068 152.195 772.195 17:53:49
5.064 162.683 813.659 17:53:50
5.076 161.293 820.000 17:53:51
5.044 461.659 2470.244 17:53:52
5.076 149.293 756.098 17:53:53
5.068 200.780 1156.585 17:53:54
5.064 244.171 1247.805 17:53:55
5.076 151.098 758.537 17:53:56
5.064 182.878 815.122 17:53:57
5.072 152.195 776.098 17:53:58
5.068 417.268 1676.585 17:53:59
5.072 476.854 1908.780 17:54:00
5.072 188.171 920.488 17:54:01
5.068 206.268 1017.561 17:54:02
5.068 200.780 836.585 17:54:03
5.068 209.976 1065.366 17:54:04
5.076 153.195 774.634 17:54:05
5.072 151.585 775.122 17:54:06
5.064 307.878 1466.829 17:54:07
5.072 148.293 755.122 17:54:08
5.072 166.488 842.439 17:54:09
5.068 188.878 822.439 17:54:10
5.068 216.268 1122.927 17:54:11
5.048 442.146 2417.561 17:54:13
5.072 165.683 753.659 17:54:14
5.064 244.585 1915.122 17:54:15
5.064 161.390 820.976 17:54:16
5.068 323.171 1245.366 17:54:17
5.052 322.780 1691.220 17:54:18
5.072 150.488 1141.463 17:54:19
5.076 194.683 1037.561 17:54:20
5.060 161.976 821.463 17:54:21
5.048 471.756 2313.659 17:54:22
5.060 337.366 1464.390 17:54:23
5.068 227.390 987.805 17:54:24
5.060 250.878 1318.537 17:54:25
5.064 161.585 819.024 17:54:26
5.072 205.390 1018.049 17:54:27
5.072 280.683 1270.732 17:54:28
5.072 146.585 740.976 17:54:29
5.052 470.244 2039.024 17:54:30
5.060 275.171 993.659 17:54:31
5.076 253.976 754.634 17:54:32
5.064 248.683 1431.220 17:54:33
5.072 204.488 1192.683 17:54:34
5.064 245.585 1538.537 17:54:35
5.068 188.878 1407.317 17:54:36
5.064 435.463 1643.902 17:54:37
5.068 180.976 934.146 17:54:38
5.076 200.976 863.415 17:54:39
5.076 161.780 821.463 17:54:40
5.072 162.073 821.463 17:54:41
5.052 406.951 2054.146 17:54:42
5.076 152.585 773.659 17:54:43
5.072 178.073 918.537 17:54:44
5.072 147.878 752.683 17:54:45
5.072 202.488 752.195 17:54:46
5.052 320.976 1600.000 17:54:47
5.072 153.293 778.537 17:54:48
5.072 245.878 1358.537 17:54:49
5.076 161.976 820.976 17:54:50
5.072 212.268 1056.585 17:54:51
5.072 170.390 982.927 17:54:52
5.068 215.073 821.463 17:54:53
5.056 252.488 1119.024 17:54:54
5.072 192.171 970.244 17:54:55
5.076 161.293 821.463 17:54:56
5.076 161.073 812.683 17:54:57
5.064 247.488 895.122 17:54:58
5.072 147.780 754.634 17:54:59
5.072 161.976 822.439 17:55:00
5.072 161.488 821.463 17:55:01
5.068 180.293 823.902 17:55:02
5.072 221.780 1121.463 17:55:03
5.064 213.683 1083.902 17:55:04
5.072 196.976 954.146 17:55:05
5.068 244.268 1008.780 17:55:06
5.076 153.293 774.634 17:55:07
5.064 280.780 1457.073 17:55:08
5.068 190.683 1305.854 17:55:09
5.076 152.195 775.122 17:55:10
5.064 209.390 1084.390 17:55:11
5.072 248.976 822.439 17:55:12
5.072 177.488 880.976 17:55:13
5.068 256.585 1225.854 17:55:14
5.060 251.585 825.366 17:55:15
5.068 248.683 1259.024 17:55:16
5.044 316.073 1500.000 17:55:17
5.076 157.585 760.000 17:55:18
5.072 184.585 941.463 17:55:19
5.064 193.293 905.366 17:55:20
5.056 247.171 1257.073 17:55:21
5.064 246.780 1423.415 17:55:22
5.072 189.878 1171.707 17:55:23
5.072 224.683 1380.488 17:55:24
5.068 205.976 1176.585 17:55:25
5.072 160.073 812.683 17:55:26
5.056 357.561 2042.927 17:55:27
5.068 197.976 960.000 17:55:28
5.068 237.366 1265.366 17:55:29
5.076 152.293 772.683 17:55:30
5.072 161.878 820.976 17:55:31
5.068 206.585 1000.000 17:55:32
5.068 236.268 1342.927 17:55:33
5.072 259.171 954.146 17:55:34
5.076 162.073 823.902 17:55:35
5.072 173.683 816.098 17:55:36
5.068 269.585 1826.829 17:55:37
5.064 152.293 826.341 17:55:38
5.072 148.683 799.024 17:55:39
5.076 162.073 821.463 17:55:40
5.076 150.878 743.415 17:55:41
5.068 203.488 922.927 17:55:42
5.072 209.976 1147.805 17:55:43
5.072 153.390 777.561 17:55:44
5.072 162.683 824.878 17:55:45
5.076 250.488 912.683 17:55:46
5.076 147.098 742.439 17:55:47
5.072 152.683 782.439 17:55:48
5.072 150.878 763.902 17:55:49
5.056 278.976 1217.073 17:55:50
5.060 218.976 1196.585 17:55:51
5.068 209.976 1150.732 17:55:52
5.060 398.951 1647.317 17:55:53
5.076 150.780 760.000 17:55:54
5.068 219.171 1113.171 17:55:55
5.072 161.390 820.976 17:55:56
5.076 150.780 755.122 17:55:57
5.064 320.659 1614.634 17:55:58
5.068 267.268 1090.732 17:55:59
5.072 159.878 811.220 17:56:00
5.072 201.293 1365.854 17:56:01
5.072 146.683 748.780 17:56:02
5.072 162.073 1465.854 17:56:03
5.068 190.293 911.707 17:56:04
5.072 183.171 815.122 17:56:05
5.072 257.463 1448.293 17:56:07
5.064 263.683 1282.927 17:56:08
5.076 159.878 773.659 17:56:09
5.068 152.683 777.073 17:56:10
5.056 321.268 1680.000 17:56:11
5.068 335.366 1314.634 17:56:12
5.056 358.561 1828.780 17:56:13
5.068 149.390 888.780 17:56:14
5.072 159.976 813.659 17:56:15
5.064 242.073 1331.707 17:56:16
5.072 174.585 945.366 17:56:17
5.052 419.854 2094.146 17:56:18
5.076 161.878 772.195 17:56:19
5.072 149.585 850.244 17:56:20
5.072 248.878 1234.146 17:56:21
5.076 147.488 747.317 17:56:22
5.060 277.780 1448.780 17:56:23
5.072 146.488 747.317 17:56:24
5.072 161.488 820.000 17:56:25
5.072 204.976 819.024 17:56:26
5.072 154.073 782.439 17:56:27
5.064 261.780 1379.512 17:56:28
5.076 148.098 754.634 17:56:29
5.072 248.268 824.878 17:56:30
5.072 151.195 762.439 17:56:31
5.072 197.171 1011.220 17:56:32
5.056 404.756 1749.756 17:56:33
5.068 190.780 980.488 17:56:34
5.076 148.878 746.341 17:56:35
5.072 153.488 1507.317 17:56:36
5.064 263.268 1273.171 17:56:37
5.048 298.171 1590.244 17:56:38
5.068 149.195 769.756 17:56:39
5.064 177.488 849.756 17:56:40
5.064 300.780 1231.707 17:56:41
5.068 210.171 1384.390 17:56:42
5.068 291.878 1860.000 17:56:43
5.068 177.780 934.146 17:56:44
5.076 247.976 972.683 17:56:45
5.072 152.683 770.244 17:56:46
5.064 327.073 1252.195 17:56:47
5.064 247.073 1366.829 17:56:48
5.068 226.268 1216.585 17:56:49
5.072 152.878 777.073 17:56:50
5.072 159.780 811.220 17:56:51
5.072 163.073 827.317 17:56:52
5.068 209.171 1180.488 17:56:53
5.076 146.585 742.439 17:56:54
5.056 328.878 1642.439 17:56:55
5.064 169.683 1267.805 17:56:56
5.060 324.561 1432.195 17:56:57
5.072 221.488 1080.488 17:56:58
5.076 147.585 741.463 17:56:59
5.076 161.976 824.878 17:57:00
5.068 161.780 819.024 17:57:01
5.060 334.561 1892.683 17:57:02
5.072 201.073 1541.951 17:57:03
5.060 173.780 822.439 17:57:04
5.068 228.268 1146.829 17:57:05
5.072 160.390 803.902 17:57:06
5.064 247.976 1219.512 17:57:07
5.076 150.488 763.902 17:57:08
5.060 213.683 1060.000 17:57:09
5.064 289.463 1311.707 17:57:10
5.072 145.976 746.341 17:57:11
5.060 202.878 1036.585 17:57:12
5.072 161.585 824.878 17:57:13
5.068 195.293 970.244 17:57:14
5.072 149.195 755.122 17:57:15
5.076 150.390 765.854 17:57:16
5.068 197.171 1275.610 17:57:17
5.072 145.780 748.293 17:57:18
5.064 379.756 1806.829 17:57:19
5.068 148.293 751.220 17:57:20
5.076 146.098 741.463 17:57:21
5.056 361.854 1260.976 17:57:22
5.068 247.366 1204.390 17:57:23
5.064 229.585 1076.585 17:57:24
5.072 148.293 754.634 17:57:25
5.072 160.293 811.220 17:57:26
5.072 164.976 836.585 17:57:27
5.072 155.195 776.098 17:57:28
5.052 426.049 2004.390 17:57:29
5.072 190.585 916.098 17:57:30
5.068 269.366 1558.537 17:57:31
5.076 152.878 777.073 17:57:32
5.072 150.878 766.341 17:57:33
5.044 474.561 2357.561 17:57:34
5.072 180.488 909.756 17:57:35
5.052 396.951 1509.756 17:57:36
5.072 161.195 817.561 17:57:37
5.064 278.268 1281.951 17:57:38
5.060 274.463 1434.634 17:57:39
5.068 283.780 1258.049 17:57:40
5.076 146.488 743.415 17:57:41
5.072 162.293 823.415 17:57:42
5.072 175.390 820.000 17:57:43
5.056 328.659 2002.927 17:57:44
5.072 275.780 1080.000 17:57:45
5.068 265.585 1510.732 17:57:46
5.060 436.268 2326.341 17:57:47
5.076 152.488 771.220 17:57:48
5.060 162.293 819.024 17:57:49
5.068 227.171 1250.732 17:57:50
5.060 353.976 1660.000 17:57:51
5.072 151.293 767.317 17:57:52
5.076 151.683 772.683 17:57:53
5.044 484.756 2266.829 17:57:54
5.068 148.976 755.122 17:57:55
5.072 147.195 745.854 17:57:56
5.072 243.878 1099.024 17:57:57
5.072 184.293 752.683 17:57:58
5.072 180.390 904.878 17:57:59
5.060 324.561 1656.098 17:58:00
5.076 161.780 821.463 17:58:01
5.072 197.390 916.585 17:58:02
5.072 161.878 763.415 17:58:04
5.068 189.585 1019.024 17:58:05
5.072 162.293 891.707 17:58:06
5.076 161.488 1225.854 17:58:07
5.060 279.268 1771.220 17:58:08
5.064 273.268 1371.707 17:58:09
5.076 155.390 787.805 17:58:10
5.072 163.488 824.878 17:58:11
5.076 163.073 823.415 17:58:12
5.072 217.171 995.610 17:58:13
5.060 309.171 1500.000 17:58:14
5.068 221.585 1344.878 17:58:15
5.068 193.878 1037.561 17:58:16
5.076 248.878 773.659 17:58:17
5.064 234.268 1353.171 17:58:18
5.060 224.171 1031.707 17:58:19
5.076 161.585 821.463 17:58:20
5.072 215.585 1059.024 17:58:21
5.064 283.780 1359.512 17:58:22
5.064 286.683 1373.659 17:58:23
5.072 148.488 750.244 17:58:24
5.060 310.878 1251.707 17:58:25
5.068 243.976 883.902 17:58:26
5.072 245.683 1062.927 17:58:27
5.052 408.171 2062.927 17:58:28
5.072 152.683 1439.512 17:58:29
5.072 203.780 779.024 17:58:30
5.072 162.683 827.805 17:58:31
5.068 245.780 818.537 17:58:32
5.044 473.463 2032.683 17:58:33
5.064 270.073 1235.610 17:58:34
5.076 145.683 743.415 17:58:35
5.044 368.366 1250.732 17:58:36
5.072 162.683 820.000 17:58:37
5.072 160.488 815.122 17:58:38
5.060 295.268 1235.610 17:58:39
5.072 181.976 909.756 17:58:40
5.072 251.366 816.585 17:58:41
5.072 160.878 820.000 17:58:42
5.044 420.268 2507.317 17:58:43
5.064 281.463 1753.659 17:58:44
5.072 184.293 902.439 17:58:45
5.076 203.683 748.780 17:58:46
5.072 164.293 834.634 17:58:47
5.076 161.976 822.439 17:58:48
5.076 160.488 812.683 17:58:49
5.068 221.585 1121.951 17:58:50
5.072 155.488 918.537 17:58:51
5.072 161.976 820.000 17:58:52
5.052 385.366 2182.927 17:58:53
5.072 184.878 956.098 17:58:54
5.072 148.195 754.634 17:58:55
5.056 250.171 836.098 17:58:56
5.068 221.585 1034.146 17:58:57
5.068 267.780 1457.561 17:58:58
5.072 167.585 892.683 17:58:59
5.064 342.268 1612.683 17:59:00
5.072 167.878 818.537 17:59:01
5.072 214.780 839.024 17:59:02
5.072 157.683 774.634 17:59:03
5.072 168.488 815.122 17:59:04
5.068 162.683 896.585 17:59:05
5.064 193.585 1029.268 17:59:06
5.060 212.878 1109.268 17:59:07
5.064 200.878 1063.902 17:59:08
5.072 150.098 775.122 17:59:09
5.072 161.585 822.439 17:59:10
5.068 196.073 1029.268 17:59:11
5.044 465.951 2087.805 17:59:12
5.060 258.268 1351.707 17:59:13
5.072 176.878 758.537 17:59:14
5.068 209.488 1040.000 17:59:15
5.056 382.976 1627.805 17:59:16
5.056 333.463 1643.415 17:59:17
5.072 149.585 758.537 17:59:18
5.068 260.780 1135.122 17:59:19
5.068 152.488 775.122 17:59:20
5.076 160.780 812.195 17:59:21
5.068 249.585 824.878 17:59:22
5.060 247.780 1190.244 17:59:23
5.072 281.366 1295.610 17:59:24
5.072 152.878 867.805 17:59:25
5.068 221.976 1124.390 17:59:26
5.068 246.683 1603.415 17:59:27
5.076 250.171 1031.707 17:59:28
5.072 195.780 1003.902 17:59:29
5.064 249.585 1485.854 17:59:30
5.064 246.780 1241.951 17:59:31
5.072 161.976 822.439 17:59:32
5.068 208.878 1073.171 17:59:33
5.064 201.488 1022.927 17:59:34
5.072 254.878 1120.488 17:59:35
5.072 175.585 819.024 17:59:36
5.076 167.390 847.805 17:59:37
5.072 161.780 821.463 17:59:38
5.064 305.976 1604.878 17:59:39
5.076 154.780 746.341 17:59:40
5.068 300.780 1641.463 17:59:41
5.072 250.585 825.366 17:59:42
5.064 285.561 1442.439 17:59:43
5.060 339.561 1900.000 17:59:44
5.064 218.780 1011.220 17:59:45
5.068 172.488 1202.927 17:59:46
5.068 162.293 823.902 17:59:47
5.064 170.683 844.878 17:59:48
5.068 222.171 1125.366 17:59:49
5.064 212.683 1078.049 17:59:50
5.072 160.976 747.317 17:59:51
5.068 161.976 819.024 17:59:52
5.056 325.878 1413.171 17:59:53
5.072 152.195 1011.220 17:59:54
5.076 216.878 774.634 17:59:55
5.072 161.976 819.024 17:59:56
5.064 217.585 927.805 17:59:58
5.068 294.463 1460.000 17:59:59
5.072 229.878 1759.024 18:00:00
5.072 150.293 761.463 18:00:01
5.060 253.268 1235.610 18:00:02
5.072 162.683 1347.317 18:00:03
5.068 225.585 1139.024 18:00:04
5.072 170.488 1046.341 18:00:05
5.072 182.976 1450.732 18:00:06
5.068 245.878 1487.317 18:00:07
5.072 209.878 960.488 18:00:08
5.060 257.463 976.585 18:00:09
5.064 183.780 921.463 18:00:10
5.060 161.683 820.976 18:00:11
5.076 162.878 822.439 18:00:12
5.056 410.463 1959.024 18:00:13
5.068 197.780 971.707 18:00:14
5.060 254.780 1285.366 18:00:15
5.064 186.780 821.463 18:00:16
5.076 152.976 771.220 18:00:17
5.060 326.268 1674.634 18:00:18
5.060 272.976 1199.512 18:00:19
5.076 152.976 780.976 18:00:20
5.072 161.976 820.976 18:00:21
5.060 245.780 1259.024 18:00:22
5.064 270.366 1233.171 18:00:23
5.072 162.390 822.439 18:00:24
5.068 266.585 1066.341 18:00:25
5.072 162.195 1235.610 18:00:26
5.072 161.073 820.976 18:00:27
5.068 198.171 979.024 18:00:28
5.064 248.878 1337.073 18:00:29
5.072 148.780 756.098 18:00:30
5.068 222.390 990.244 18:00:31
5.076 151.780 768.780 18:00:32
5.064 276.366 1260.976 18:00:33
5.072 162.390 823.902 18:00:34
5.068 234.878 1152.683 18:00:35
5.076 161.878 1272.195 18:00:36
5.076 159.488 808.780 18:00:37
5.056 246.073 1249.268 18:00:38
5.064 220.390 1123.902 18:00:39
5.052 434.366 1879.024 18:00:40
5.060 306.463 1814.146 18:00:41
5.072 147.780 1131.707 18:00:42
5.072 210.585 1254.634 18:00:43
5.076 152.780 770.244 18:00:44
5.072 162.683 823.902 18:00:45
5.064 269.366 1398.537 18:00:46
5.064 161.683 826.341 18:00:47
5.076 160.585 813.659 18:00:48
5.076 146.585 748.780 18:00:49
5.060 361.366 1523.415 18:00:50
5.072 161.293 821.463 18:00:51
5.068 256.976 1245.854 18:00:52
5.068 184.293 879.024 18:00:53
5.068 187.171 943.902 18:00:54
5.060 287.683 1376.098 18:00:55
5.060 341.878 1762.439 18:00:56
5.064 226.878 1352.195 18:00:57
5.072 149.195 754.634 18:00:58
5.076 160.073 848.780 18:00:59
5.064 163.293 889.756 18:01:00
5.056 410.268 2094.146 18:01:01
5.072 194.293 937.561 18:01:02
5.072 147.878 896.585 18:01:03
5.072 159.976 812.195 18:01:04
5.072 192.878 891.707 18:01:05
5.048 426.756 1834.146 18:01:06
5.068 258.878 867.805 18:01:07
5.068 151.780 774.634 18:01:08
5.060 251.488 1244.390 18:01:09
5.072 228.268 1095.122 18:01:10
5.072 161.976 820.976 18:01:11
5.056 320.171 1627.805 18:01:12
5.072 157.878 780.000 18:01:13
5.072 162.195 826.341 18:01:14
5.076 152.585 771.220 18:01:15
5.072 162.073 1042.927 18:01:16
5.068 248.585 1337.073 18:01:17
5.068 213.390 1129.268 18:01:18
5.072 228.268 840.976 18:01:19
5.072 149.390 1004.878 18:01:20
5.076 244.976 823.415 18:01:21
5.072 190.171 820.976 18:01:22
5.068 172.976 874.146 18:01:23
5.068 209.683 1078.049 18:01:24
5.068 212.878 1073.171 18:01:25
5.072 161.390 821.463 18:01:26
5.072 162.683 823.902 18:01:27
5.064 241.878 1232.195 18:01:28
5.068 247.488 1046.829 18:01:29
5.072 173.585 894.146 18:01:30
5.072 230.976 820.976 18:01:31
5.064 246.366 1235.610 18:01:32
5.072 162.073 820.976 18:01:33
5.068 189.171 958.049 18:01:34
5.072 215.976 1032.683 18:01:35
5.072 195.878 945.366 18:01:36
5.064 325.976 1229.268 18:01:37
5.072 208.976 1245.366 18:01:38
5.064 248.488 1616.098 18:01:39
5.072 181.976 1099.024 18:01:40
5.076 148.195 755.122 18:01:41
5.068 161.488 933.659 18:01:42
5.076 159.683 809.756 18:01:43
5.068 224.488 1491.220 18:01:44
5.068 225.268 1530.732 18:01:45
5.064 200.171 962.439 18:01:46
5.076 153.098 778.537 18:01:47
5.076 150.780 763.415 18:01:48
5.060 271.683 1295.610 18:01:49
5.072 162.585 823.415 18:01:50
5.072 248.171 1241.951 18:01:51
5.064 195.780 998.049 18:01:53
5.072 147.878 743.902 18:01:54
5.072 184.293 916.098 18:01:55
5.072 253.171 1346.829 18:01:56
5.072 161.878 822.439 18:01:57
5.060 276.463 1392.195 18:01:58
5.060 337.561 1914.146 18:01:59
5.072 148.683 754.634 18:02:00
5.072 172.488 774.634 18:02:01
5.072 161.195 818.537 18:02:02
5.060 273.268 1700.000 18:02:03
5.076 162.293 822.439 18:02:04
5.060 342.073 1691.220 18:02:05
5.072 161.780 822.439 18:02:06
5.076 190.976 913.659 18:02:07
5.076 161.780 824.878 18:02:08
5.072 162.073 823.902 18:02:09
5.068 246.488 1436.098 18:02:10
5.064 337.561 1718.537 18:02:11
5.072 261.585 982.439 18:02:12
5.068 193.171 777.073 18:02:13
5.044 332.659 1647.317 18:02:14
5.072 163.585 822.439 18:02:15
5.068 185.390 823.902 18:02:16
5.068 185.293 1032.683 18:02:17
5.072 147.585 742.439 18:02:18
5.068 247.268 823.415 18:02:19
5.072 160.780 815.122 18:02:20
5.052 328.463 1628.780 18:02:21
5.072 203.293 752.195 18:02:22
5.072 162.488 823.415 18:02:23
5.072 161.585 816.585 18:02:24
5.064 248.878 1295.610 18:02:25
5.068 162.195 820.976 18:02:26
5.072 209.268 991.707 18:02:27
5.076 161.976 882.439 18:02:28
5.076 161.195 818.537 18:02:29
5.044 455.268 2005.854 18:02:30
5.048 220.073 1120.488 18:02:31
5.068 207.585 1147.805 18:02:32
5.072 174.976 743.902 18:02:33
5.072 249.073 820.976 18:02:34
5.072 163.390 976.585 18:02:35
5.052 247.976 1763.902 18:02:36
5.064 256.171 1900.000 18:02:37
5.072 146.878 1095.122 18:02:38
5.076 159.780 808.780 18:02:39
5.064 289.463 1689.756 18:02:40
5.072 201.683 995.610 18:02:41
5.060 314.976 1413.171 18:02:42
5.072 187.585 975.122 18:02:43
5.072 203.171 1019.024 18:02:44
5.068 185.390 925.366 18:02:45
5.076 149.098 757.073 18:02:46
5.076 152.585 775.122 18:02:47
5.060 183.585 824.878 18:02:48
5.052 463.244 2050.732 18:02:49
5.052 341.561 1467.317 18:02:50
5.072 147.878 752.683 18:02:51
5.072 160.488 811.220 18:02:52
5.060 404.561 2215.610 18:02:53
5.072 162.488 820.976 18:02:54
5.076 162.073 820.976 18:02:55
5.064 255.976 1922.927 18:02:56
5.072 287.268 824.878 18:02:57
5.072 179.780 894.146 18:02:58
5.064 303.268 1194.634 18:02:59
5.064 215.171 1061.951 18:03:00
5.060 292.463 1480.000 18:03:01
5.048 408.463 1657.561 18:03:02
5.076 147.976 832.195 18:03:03
5.072 162.073 820.976 18:03:04
5.068 162.195 976.585 18:03:05
5.056 245.585 1527.317 18:03:06
5.056 432.659 1651.220 18:03:07
5.064 177.390 1008.780 18:03:08
5.072 159.585 812.195 18:03:09
5.068 152.878 775.122 18:03:10
5.064 243.780 975.122 18:03:11
5.044 474.463 2442.439 18:03:12
5.072 150.878 757.561 18:03:13
5.060 321.976 1876.585 18:03:14
5.064 161.585 819.024 18:03:15
5.064 268.683 1360.488 18:03:16
5.072 150.390 758.537 18:03:17
5.072 160.488 813.659 18:03:18
5.068 175.293 827.805 18:03:19
5.072 170.488 755.122 18:03:20
5.068 381.659 1059.024 18:03:21
5.076 193.293 1065.366 18:03:22
5.056 324.463 1942.927 18:03:23
5.064 285.561 1190.732 18:03:24
5.072 217.073 792.683 18:03:25
5.064 211.878 1533.659 18:03:26
5.076 149.195 754.634 18:03:27
5.064 162.195 892.683 18:03:28
5.072 162.390 823.902 18:03:29
5.068 288.366 1386.829 18:03:30
5.072 192.171 1001.463 18:03:31
5.072 162.073 852.683 18:03:32
5.072 162.195 822.439 18:03:33
5.048 392.951 2072.195 18:03:34
5.064 265.463 1136.585 18:03:35
5.076 148.390 760.000 18:03:36
5.072 161.073 822.439 18:03:37
5.072 164.585 821.463 18:03:38
5.056 392.951 1755.122 18:03:39
5.064 236.366 966.341 18:03:40
5.072 216.073 752.683 18:03:41
5.068 229.683 1378.049 18:03:42
5.072 164.585 832.683 18:03:43
5.056 408.268 1654.634 18:03:44
5.060 341.171 1620.000 18:03:45
5.072 150.585 763.902 18:03:46
5.076 162.780 823.415 18:03:47
5.072 161.976 822.439 18:03:48
5.064 193.171 922.927 18:03:49
5.072 162.073 823.415 18:03:51
5.064 213.488 1095.122 18:03:52
5.064 230.683 820.000 18:03:53
5.076 159.780 813.659 18:03:54
5.072 159.488 812.195 18:03:55
5.068 309.463 1743.902 18:03:56
5.064 272.976 1267.805 18:03:57
5.072 240.780 753.659 18:03:58
5.072 221.878 822.439 18:03:59
5.072 178.073 822.439 18:04:00
5.052 406.366 2418.537 18:04:01
5.076 154.293 781.463 18:04:02
5.068 242.878 1632.195 18:04:03
5.068 324.463 1647.317 18:04:04
5.060 301.171 1925.366 18:04:05
5.072 211.171 1208.293 18:04:06
5.068 183.390 937.561 18:04:07
5.048 328.366 1780.488 18:04:08
5.052 410.756 2037.073 18:04:09
5.072 148.293 756.098 18:04:10
5.072 160.390 814.634 18:04:11
5.072 162.683 828.780 18:04:12
5.064 292.976 1506.341 18:04:13
5.072 257.073 1019.024 18:04:14
5.060 209.171 1373.659 18:04:15
5.072 162.293 827.805 18:04:16
5.072 192.976 931.220 18:04:17
5.060 338.366 1393.659 18:04:18
5.068 224.390 1141.951 18:04:19
5.068 244.366 1321.951 18:04:20
5.076 155.976 793.659 18:04:21
5.072 248.488 917.561 18:04:22
5.068 213.171 1090.244 18:04:23
5.056 304.976 1407.317 18:04:24
5.064 289.780 1381.951 18:04:25
5.072 184.780 942.927 18:04:26
5.072 224.585 1126.829 18:04:27
5.068 215.780 777.561 18:04:28
5.076 161.488 818.537 18:04:29
5.060 455.049 2366.341 18:04:30
5.064 264.976 1440.000 18:04:31
5.064 368.561 1231.707 18:04:32
5.072 146.878 746.341 18:04:33
5.072 160.293 813.659 18:04:34
5.068 252.683 1256.585 18:04:35
5.060 278.683 1424.878 18:04:36
5.052 403.463 1948.293 18:04:37
5.076 146.585 742.439 18:04:38
5.076 162.293 822.439 18:04:39
5.072 162.195 1285.366 18:04:40
5.064 252.683 1255.610 18:04:41
5.052 438.049 2148.293 18:04:42
5.076 189.073 926.341 18:04:43
5.076 223.585 822.439 18:04:44
5.072 162.195 820.000 18:04:45
5.068 241.585 1230.732 18:04:46
5.064 185.293 1095.122 18:04:47
5.072 221.390 1298.049 18:04:48
5.072 148.293 1005.366 18:04:49
5.068 249.683 1233.171 18:04:50
5.072 161.780 996.585 18:04:51
5.068 203.878 1000.000 18:04:52
5.068 198.171 1165.366 18:04:53
5.072 152.195 776.098 18:04:54
5.064 275.976 1377.073 18:04:55
5.068 250.366 1251.707 18:04:56
5.076 181.976 1104.390 18:04:57
5.072 339.463 1564.878 18:04:58
5.072 210.585 940.488 18:04:59
5.064 304.780 1776.585 18:05:00
5.072 356.073 1250.732 18:05:01
5.076 148.488 752.683 18:05:02
5.064 221.780 980.000 18:05:03
5.076 153.195 827.317 18:05:04
5.064 246.878 1871.220 18:05:05
5.068 214.390 1147.805 18:05:06
5.072 181.780 1067.805 18:05:07
5.072 162.195 830.244 18:05:08
5.072 226.585 872.195 18:05:09
5.064 251.878 1239.512 18:05:10
5.076 162.878 824.878 18:05:11
5.064 254.488 1218.049 18:05:12
5.072 149.195 757.073 18:05:13
5.072 161.780 813.659 18:05:14
5.060 327.073 1704.878 18:05:15
5.072 163.780 826.341 18:05:16
5.068 162.878 1306.829 18:05:17
5.068 242.780 994.146 18:05:18
5.068 218.390 1088.780 18:05:19
5.072 215.780 987.805 18:05:20
5.072 148.683 756.098 18:05:21
5.068 148.293 752.195 18:05:22
5.072 164.293 834.634 18:05:23
5.072 160.585 813.659 18:05:24
5.064 304.268 1428.293 18:05:25
5.076 160.780 1238.049 18:05:26
5.068 182.976 1367.317 18:05:27
5.072 154.780 790.244 18:05:28
5.072 153.098 777.073 18:05:29
5.064 294.976 1670.244 18:05:30
5.072 175.195 962.439 18:05:31
5.072 197.683 1004.878 18:05:32
5.068 211.878 1164.390 18:05:33
5.076 146.293 741.463 18:05:34
5.068 202.976 829.756 18:05:35
5.072 162.390 815.122 18:05:36
5.064 332.073 1292.195 18:05:37
5.072 162.073 824.878 18:05:38
5.072 146.195 743.415 18:05:39
5.072 163.195 1266.829 18:05:40
5.072 204.878 754.634 18:05:41
5.056 324.780 1642.439 18:05:42
5.068 164.073 827.805 18:05:43
5.076 189.878 1037.561 18:05:44
5.068 200.683 1305.854 18:05:46
5.076 151.293 773.659 18:05:47
5.064 207.390 1018.049 18:05:48
5.072 160.780 814.634 18:05:49
5.068 255.780 1451.220 18:05:50
5.060 290.561 1455.610 18:05:51
5.068 160.780 810.244 18:05:52
5.064 245.488 1241.951 18:05:53
5.064 161.780 2045.366 18:05:54
5.072 220.073 1320.488 18:05:55
5.068 162.390 823.902 18:05:56
5.072 164.878 868.780 18:05:57
5.068 221.171 1438.537 18:05:58
5.056 386.463 1947.805 18:05:59
5.072 149.390 760.000 18:06:00
5.060 303.268 1433.659 18:06:01
5.076 153.195 773.659 18:06:02
5.068 244.780 1239.024 18:06:03
5.056 460.561 2328.780 18:06:04
5.068 179.073 752.683 18:06:05
5.072 162.293 816.585 18:06:06
5.072 152.195 776.098 18:06:07
5.060 220.488 1110.244 18:06:08
5.064 242.488 1233.171 18:06:09
5.076 148.390 756.098 18:06:10
5.072 156.073 792.195 18:06:11
5.076 148.293 771.220 18:06:12
5.072 162.293 824.878 18:06:13
5.068 196.293 822.439 18:06:14
5.072 160.585 815.122 18:06:15
5.068 243.780 1237.073 18:06:16
5.056 247.488 1252.195 18:06:17
5.072 184.390 947.805 18:06:18
5.072 194.488 1640.000 18:06:19
5.064 205.878 1031.220 18:06:20
5.064 248.366 825.366 18:06:21
5.072 162.488 819.024 18:06:22
5.064 249.488 1262.927 18:06:23
5.072 181.683 1027.805 18:06:24
5.072 161.585 766.341 18:06:25
5.072 194.976 944.878 18:06:26
5.060 162.293 1358.537 18:06:27
5.052 328.780 1629.756 18:06:28
5.056 280.073 1378.537 18:06:29
5.056 184.488 1475.610 18:06:30
5.068 316.463 1221.951 18:06:31
5.048 398.854 2021.463 18:06:32
5.068 207.683 1194.634 18:06:33
5.076 160.683 1294.634 18:06:34
5.056 317.878 1716.585 18:06:35
5.072 204.293 1021.463 18:06:36
5.068 218.976 1018.049 18:06:37
5.068 231.073 1088.780 18:06:38
5.052 249.488 1612.195 18:06:39
5.076 153.195 770.244 18:06:40
5.076 160.585 810.244 18:06:41
5.060 329.561 1627.805 18:06:42
5.072 301.683 1304.390 18:06:43
5.068 249.268 984.878 18:06:44
5.064 201.976 1240.488 18:06:45
5.072 159.878 809.756 18:06:46
5.064 162.488 822.439 18:06:47
5.052 401.073 1645.854 18:06:48
5.064 329.976 1608.293 18:06:49
5.072 184.683 1126.341 18:06:50
5.076 153.780 1277.073 18:06:51
5.068 248.366 1118.049 18:06:52
5.068 226.976 1151.707 18:06:53
5.068 152.780 775.122 18:06:54
5.076 153.293 777.073 18:06:55
5.072 160.585 810.244 18:06:56
5.068 472.463 2360.000 18:06:57
5.068 190.171 992.683 18:06:58
5.068 208.780 1144.390 18:06:59
5.076 148.878 752.195 18:07:00
5.072 172.195 867.805 18:07:01
5.072 149.195 757.561 18:07:02
5.072 161.293 818.537 18:07:03
5.052 320.659 1643.902 18:07:04
5.068 235.073 824.878 18:07:05
5.068 212.683 993.659 18:07:06
5.076 162.195 821.463 18:07:07
5.072 152.585 1076.585 18:07:08
5.068 246.073 1358.537 18:07:09
5.060 264.780 1390.732 18:07:10
5.072 163.488 823.902 18:07:11
5.072 162.488 824.878 18:07:12
5.068 264.366 1233.171 18:07:13
5.072 246.976 962.439 18:07:14
5.072 213.390 985.366 18:07:15
5.068 219.268 1140.488 18:07:16
5.072 201.171 997.561 18:07:17
5.068 200.683 1026.829 18:07:18
5.072 162.390 822.439 18:07:19
5.068 286.878 1135.610 18:07:20
5.072 196.585 1004.878 18:07:21
5.060 212.878 1070.244 18:07:22
5.072 149.098 1039.024 18:07:23
5.072 250.878 821.463 18:07:24
5.064 234.073 888.780 18:07:25
5.056 248.366 1233.171 18:07:26
5.064 277.780 985.366 18:07:27
5.072 161.293 822.439 18:07:28
5.068 162.195 816.098 18:07:29
5.068 270.878 1318.537 18:07:30
5.072 192.780 1094.146 18:07:31
5.064 254.171 1237.073 18:07:32
5.064 317.073 1291.707 18:07:33
5.072 204.780 1024.390 18:07:34
5.064 265.780 1232.195 18:07:35
5.068 209.878 956.098 18:07:36
5.048 243.366 1250.244 18:07:37
5.044 502.146 2130.732 18:07:38
5.068 202.073 980.488 18:07:39
5.076 159.780 808.780 18:07:41
5.072 155.585 1155.610 18:07:42
5.072 160.683 814.634 18:07:43
5.060 358.561 2109.268 18:07:44
5.068 218.171 1017.561 18:07:45
5.072 162.293 823.415 18:07:46
5.072 153.195 1145.366 18:07:47
5.072 160.683 814.634 18:07:48
5.056 492.244 2024.390 18:07:49
5.068 182.878 900.976 18:07:50
5.064 267.585 1352.195 18:07:51
5.076 152.098 773.659 18:07:52
5.072 162.488 822.439 18:07:53
5.072 161.585 822.439 18:07:54
5.072 162.073 1339.512 18:07:55
5.068 242.268 1231.707 18:07:56
5.072 163.293 825.366 18:07:57
5.064 300.780 1460.976 18:07:58
5.060 284.976 1421.951 18:07:59
5.064 211.976 932.683 18:08:00
5.072 197.976 990.244 18:08:01
5.056 327.780 1647.805 18:08:02
5.056 349.659 1846.829 18:08:03
5.068 224.976 1115.610 18:08:04
5.076 148.488 758.537 18:08:05
5.072 162.073 820.976 18:08:06
5.076 162.073 822.439 18:08:07
5.068 294.878 1252.195 18:08:08
5.044 451.561 1646.341 18:08:09
5.068 171.976 887.317 18:08:10
5.076 173.976 960.000 18:08:11
5.060 152.976 777.561 18:08:12
5.060 379.463 1898.049 18:08:13
5.060 337.756 1720.976 18:08:14
5.072 266.878 1004.878 18:08:15
5.076 148.390 748.780 18:08:16
5.076 148.780 759.512 18:08:17
5.068 161.976 824.878 18:08:18
5.060 260.171 1457.561 18:08:19
5.072 160.073 808.780 18:08:20
5.072 222.171 1126.829 18:08:21
5.068 149.098 763.902 18:08:22
5.072 162.293 823.902 18:08:23
5.064 245.268 1233.171 18:08:24
5.072 152.683 1309.756 18:08:25
5.064 207.488 1075.610 18:08:26
5.060 275.366 1258.049 18:08:27
5.072 207.878 1065.366 18:08:28
5.076 162.976 823.902 18:08:29
5.056 351.976 1800.000 18:08:30
5.072 162.585 822.439 18:08:31
5.068 216.585 1139.024 18:08:32
5.064 248.171 1260.488 18:08:33
5.076 151.878 777.073 18:08:34
5.064 324.073 1441.951 18:08:35
5.060 280.366 1240.488 18:08:36
5.072 149.098 755.122 18:08:37
5.068 184.073 911.220 18:08:38
5.072 162.195 823.902 18:08:39
5.064 474.366 1752.683 18:08:40
5.060 331.878 1771.220 18:08:41
5.064 246.780 1239.024 18:08:42
5.068 152.683 771.220 18:08:43
5.072 149.293 758.537 18:08:44
5.072 152.390 942.927 18:08:45
5.072 163.976 820.976 18:08:46
5.068 249.171 1266.829 18:08:47
5.068 249.366 1204.390 18:08:48
5.064 242.073 1233.171 18:08:49
5.072 149.488 756.098 18:08:50
5.072 162.488 1273.171 18:08:51
5.072 163.390 820.000 18:08:52
5.068 252.585 2229.756 18:08:53
5.064 246.976 1272.195 18:08:54
5.068 207.073 982.439 18:08:55
5.064 319.073 1258.049 18:08:56
5.072 160.195 810.244 18:08:57
5.052 418.049 2142.927 18:08:58
5.068 254.268 863.415 18:08:59
5.064 161.976 1471.220 18:09:00
5.056 323.073 1759.024 18:09:01
5.064 221.878 1126.341 18:09:02
5.068 287.073 1097.561 18:09:03
5.072 186.683 1261.951 18:09:04
5.072 181.488 956.585 18:09:05
5.076 188.976 822.439 18:09:06
5.068 162.195 823.415 18:09:07
5.072 208.390 995.610 18:09:08
5.068 226.780 1121.951 18:09:09
5.064 263.585 1141.951 18:09:10
5.072 149.390 987.805 18:09:11
5.072 162.390 823.902 18:09:12
5.068 163.488 832.195 18:09:13
5.060 399.659 1681.463 18:09:14
5.072 178.878 941.463 18:09:15
5.044 337.878 1393.171 18:09:16
5.064 277.976 1265.854 18:09:17
5.072 149.293 754.634 18:09:18
5.060 162.878 826.341 18:09:19
5.072 154.293 780.976 18:09:20
5.068 215.683 1148.293 18:09:21
5.072 223.683 1134.146 18:09:22
5.076 146.878 744.878 18:09:23
5.052 337.463 1656.098 18:09:24
5.072 155.293 788.780 18:09:25
5.064 250.683 1036.585 18:09:26
5.072 162.390 822.439 18:09:27
5.072 146.585 743.415 18:09:28
5.056 351.171 1697.561 18:09:29
5.068 196.976 999.024 18:09:30
5.044 449.268 2269.756 18:09:31
5.068 172.073 846.341 18:09:32
5.068 249.268 1236.585 18:09:33
5.072 148.878 797.561 18:09:34
5.076 147.585 743.415 18:09:35
5.048 400.854 1820.000 18:09:36
5.072 147.878 752.683 18:09:37
5.056 250.268 1443.415 18:09:39
5.072 190.976 960.488 18:09:40
5.072 160.195 814.634 18:09:41
5.052 427.049 2078.049 18:09:42
5.072 193.488 926.341 18:09:43
5.068 208.488 1054.146 18:09:44
5.060 350.171 1913.171 18:09:45
5.072 157.390 792.195 18:09:46
5.068 205.878 1191.707 18:09:47
5.068 224.683 1118.049 18:09:48
5.068 201.390 1037.561 18:09:49
5.072 162.683 823.902 18:09:50
5.072 153.195 777.073 18:09:51
5.064 257.171 1611.220 18:09:52
5.076 162.195 1170.732 18:09:53
5.076 148.195 754.634 18:09:54
5.056 411.659 2085.366 18:09:55
5.060 244.268 1245.366 18:09:56
5.060 480.951 2467.805 18:09:57
5.068 256.366 1097.561 18:09:58
5.072 159.683 812.683 18:09:59
5.064 242.585 1226.829 18:10:00
5.068 202.780 982.439 18:10:01
5.052 442.049 2370.732 18:10:02
5.068 245.268 1258.049 18:10:03
5.072 148.878 752.683 18:10:04
5.056 342.463 1640.976 18:10:05
5.072 165.780 778.537 18:10:06
5.052 249.683 1268.293 18:10:07
5.072 161.683 820.000 18:10:08
5.068 246.366 1239.024 18:10:09
5.056 360.659 1281.951 18:10:10
5.072 171.195 865.366 18:10:11
5.072 161.780 820.976 18:10:12
5.072 164.073 830.244 18:10:13
5.068 203.171 1201.463 18:10:14
5.060 277.268 1823.902 18:10:15
5.076 292.976 1287.805 18:10:16
5.072 160.390 813.659 18:10:17
5.068 162.585 824.878 18:10:18
5.068 347.171 1704.878 18:10:19
5.064 327.073 1318.049 18:10:20
5.068 195.488 1185.854 18:10:21
5.076 161.683 822.439 18:10:22
5.064 162.585 823.902 18:10:23
5.072 173.293 816.098 18:10:24
5.060 320.780 1401.951 18:10:25
5.072 152.976 772.195 18:10:26
5.068 273.585 1086.341 18:10:27
5.068 271.780 1239.024 18:10:28
5.072 162.390 822.439 18:10:29
5.068 245.171 1230.732 18:10:30
5.068 221.976 1325.854 18:10:31
5.076 205.585 1023.902 18:10:32
5.076 212.878 1198.049 18:10:33
5.072 162.073 823.415 18:10:34
5.076 162.683 823.415 18:10:35
5.060 346.268 1466.829 18:10:36
5.056 403.171 1747.805 18:10:37
5.072 217.683 794.634 18:10:38
5.068 254.171 2101.951 18:10:39
5.072 155.293 791.220 18:10:40
5.076 160.683 816.585 18:10:41
5.052 330.366 1895.122 18:10:42
5.072 208.488 955.122 18:10:43
5.076 162.390 816.585 18:10:44
5.076 149.488 763.415 18:10:45
5.076 162.780 822.439 18:10:46
5.064 334.561 1364.390 18:10:47
5.068 186.488 819.024 18:10:48
5.076 149.195 755.122 18:10:49
5.076 163.073 925.366 18:10:50
5.048 359.171 1504.390 18:10:51
5.072 178.073 898.537 18:10:52
5.068 242.976 1293.171 18:10:53
5.068 217.976 1125.366 18:10:54
5.072 159.293 907.317 18:10:55
5.060 366.756 1624.878 18:10:56
5.072 260.585 987.805 18:10:57
5.072 147.390 743.415 18:10:58
5.060 324.268 1244.390 18:10:59
5.076 148.683 757.073 18:11:00
5.068 236.878 823.902 18:11:01
5.076 157.390 777.073 18:11:02
5.068 252.780 1237.073 18:11:03
5.076 162.683 893.659 18:11:04
5.076 151.780 1095.122 18:11:05
5.064 259.073 1108.293 18:11:06
5.072 152.780 772.683 18:11:07
5.064 245.585 1432.195 18:11:08
5.056 259.268 1259.024 18:11:09
5.068 192.878 939.024 18:11:10
5.060 325.976 1709.756 18:11:11
5.068 202.293 1221.951 18:11:12
5.072 163.073 815.122 18:11:13
5.068 249.488 1339.512 18:11:14
5.072 189.073 1047.805 18:11:15
5.052 370.561 1460.000 18:11:16
5.064 265.585 959.024 18:11:17
5.072 162.073 819.024 18:11:18
5.060 252.683 827.805 18:11:19
5.072 183.976 1039.024 18:11:20
5.072 215.390 1093.171 18:11:21
5.076 148.780 752.195 18:11:22
5.064 163.585 908.780 18:11:23
5.072 162.195 823.902 18:11:24
5.072 227.171 1307.317 18:11:25
5.044 347.366 2030.244 18:11:26
5.072 161.976 779.024 18:11:27
5.056 360.659 1607.317 18:11:28
5.072 162.293 822.439 18:11:29
5.064 287.683 1450.732 18:11:30
5.052 396.366 2002.927 18:11:31
5.072 148.098 753.659 18:11:32
5.076 161.293 811.220 18:11:34
5.076 151.878 772.683 18:11:35
5.072 161.073 812.195 18:11:36
5.056 324.073 1767.805 18:11:37
5.072 147.878 754.634 18:11:38
5.068 284.976 1672.195 18:11:39
5.072 164.683 836.098 18:11:40
5.060 285.780 1475.610 18:11:41
5.068 187.683 1017.561 18:11:42
5.072 148.098 1081.463 18:11:43
5.068 226.976 1148.293 18:11:44
5.068 152.780 773.659 18:11:45
5.060 352.366 1636.098 18:11:46
5.060 252.366 823.415 18:11:47
5.072 200.171 997.561 18:11:48
5.052 393.366 2025.366 18:11:49
5.072 192.585 979.024 18:11:50
5.076 161.293 864.878 18:11:51
5.076 163.195 828.780 18:11:52
5.060 392.561 1641.463 18:11:53
5.076 147.878 743.415 18:11:54
5.076 161.488 820.976 18:11:55
5.076 162.683 824.878 18:11:56
5.072 161.683 820.976 18:11:57
5.072 170.878 820.976 18:11:58
5.076 198.683 754.634 18:11:59
5.064 287.463 1373.659 18:12:00
5.072 152.585 776.098 18:12:01
5.076 177.585 896.585 18:12:02
5.052 355.878 1917.561 18:12:03
5.068 308.659 1070.732 18:12:04
5.072 148.293 753.659 18:12:05
5.068 156.293 791.220 18:12:06
5.072 175.488 758.537 18:12:07
5.052 329.976 1656.585 18:12:08
5.064 249.683 1227.805 18:12:09
5.068 213.780 1457.561 18:12:10
5.076 162.488 1254.146 18:12:11
5.072 146.780 775.122 18:12:12
5.060 326.268 2014.146 18:12:13
5.076 162.195 822.439 18:12:14
5.064 332.268 1891.220 18:12:15
5.060 346.756 1700.000 18:12:16
5.072 149.488 759.512 18:12:17
5.072 163.293 882.439 18:12:18
5.068 194.171 991.707 18:12:19
5.076 160.488 813.659 18:12:20
5.072 156.390 1031.220 18:12:21
5.072 153.780 777.561 18:12:22
5.048 352.268 1880.488 18:12:23
5.068 216.878 956.098 18:12:24
5.076 147.780 760.000 18:12:25
5.044 302.976 1552.683 18:12:26
5.072 149.683 832.195 18:12:27
5.068 246.073 1229.268 18:12:28
5.064 233.878 833.659 18:12:29
5.064 223.171 1114.146 18:12:30
5.064 246.976 1271.707 18:12:31
5.072 171.488 1068.780 18:12:32
5.072 162.683 824.878 18:12:33
5.076 152.098 771.220 18:12:34
5.072 245.488 1179.512 18:12:35
5.068 156.390 1298.537 18:12:36
5.072 146.976 744.878 18:12:37
5.064 162.878 1537.561 18:12:38
5.076 162.390 823.415 18:12:39
5.056 251.976 1011.707 18:12:40
5.076 170.195 827.805 18:12:41
5.064 186.171 1026.829 18:12:42
5.072 186.293 1120.488 18:12:43
5.072 191.390 796.098 18:12:44
5.064 252.976 1276.585 18:12:45
5.072 162.683 1066.341 18:12:46
5.068 242.976 1280.488 18:12:47
5.056 335.171 1681.463 18:12:48
5.076 150.585 768.293 18:12:49
5.072 203.780 1027.805 18:12:50
5.076 148.585 749.756 18:12:51
5.072 153.195 772.195 18:12:52
5.060 323.976 1619.024 18:12:53
5.068 213.171 1272.195 18:12:54
5.072 151.878 777.073 18:12:55
5.072 161.976 999.024 18:12:56
5.068 250.683 1330.732 18:12:57
5.060 250.171 1479.512 18:12:58
5.068 191.683 926.341 18:12:59
5.076 149.585 754.634 18:13:00
5.068 244.878 1251.707 18:13:01
5.064 284.976 1473.659 18:13:02
5.064 162.195 821.463 18:13:03
5.072 160.585 819.024 18:13:04
5.072 161.976 823.415 18:13:05
5.056 330.561 1808.780 18:13:06
5.060 335.366 1707.317 18:13:07
5.064 212.073 752.683 18:13:08
5.064 162.195 828.780 18:13:09
5.060 281.878 1252.195 18:13:10
5.068 159.878 787.805 18:13:11
5.064 217.976 934.146 18:13:12
5.072 280.683 1500.000 18:13:13
5.076 155.683 1407.317 18:13:14
5.064 248.976 1323.415 18:13:15
5.064 210.976 1022.927 18:13:16
5.072 161.683 823.902 18:13:17
5.064 251.976 1227.805 18:13:18
5.060 277.976 997.561 18:13:19
5.072 214.976 1417.073 18:13:20
5.072 184.488 942.927 18:13:21
5.072 160.293 813.659 18:13:22
5.052 327.780 1660.000 18:13:23
5.072 161.683 823.902 18:13:24
5.060 331.659 1655.122 18:13:25
5.072 162.293 823.902 18:13:26
5.072 151.390 766.341 18:13:28
5.056 368.659 2187.317 18:13:29
5.072 149.488 757.561 18:13:30
5.072 160.585 815.122 18:13:31
5.076 190.293 1466.829 18:13:32
5.076 151.390 763.902 18:13:33
5.068 226.390 1221.463 18:13:34
5.072 153.195 777.073 18:13:35
5.056 329.659 1672.195 18:13:36
5.064 372.268 1393.171 18:13:37
5.060 265.463 1012.683 18:13:38
5.068 201.976 946.341 18:13:39
5.072 151.293 758.537 18:13:40
5.072 162.683 820.000 18:13:41
5.072 199.683 831.220 18:13:42
5.068 220.780 1115.610 18:13:43
5.060 295.171 1235.610 18:13:44
5.072 153.195 776.098 18:13:45
5.064 259.878 1422.439 18:13:46
5.060 200.878 1032.683 18:13:47
5.060 194.488 1092.683 18:13:48
5.064 244.878 1699.024 18:13:49
5.072 152.780 1098.049 18:13:50
5.068 243.268 1554.634 18:13:51
5.072 195.171 1008.780 18:13:52
5.072 162.488 823.415 18:13:53
5.064 250.780 1266.829 18:13:54
5.072 152.585 1231.707 18:13:55
5.072 160.488 813.659 18:13:56
5.068 260.878 1700.000 18:13:57
5.072 148.195 1186.829 18:13:58
5.056 282.780 1562.439 18:13:59
5.068 156.390 787.805 18:14:00
5.072 162.195 822.439 18:14:01
5.056 319.976 1834.146 18:14:02
5.076 152.976 777.073 18:14:03
5.056 280.585 1377.073 18:14:04
5.068 202.878 756.098 18:14:05
5.064 201.293 986.341 18:14:06
5.068 245.268 1411.220 18:14:07
5.072 214.390 1086.829 18:14:08
5.060 327.561 1658.537 18:14:09
5.080 147.488 750.244 18:14:10
5.068 208.268 993.659 18:14:11
5.056 275.878 1351.707 18:14:12
5.056 341.976 1741.463 18:14:13
5.076 148.683 1210.244 18:14:14
5.076 160.683 813.659 18:14:15
5.064 246.780 1418.537 18:14:16
5.068 244.585 1700.976 18:14:17
5.056 224.390 1261.951 18:14:18
5.072 147.293 751.220 18:14:19
5.072 151.195 767.317 18:14:20
5.056 376.073 1690.244 18:14:21
5.056 341.756 1651.220 18:14:22
5.072 188.293 933.659 18:14:23
5.072 161.390 1102.927 18:14:24
5.072 155.878 777.073 18:14:25
5.060 335.976 1824.878 18:14:26
5.060 288.683 1697.561 18:14:27
5.072 147.098 749.756 18:14:28
5.064 354.268 2139.512 18:14:29
5.072 149.585 841.463 18:14:30
5.076 176.878 828.780 18:14:31
5.068 245.366 1262.927 18:14:32
5.072 237.780 1183.902 18:14:33
5.064 244.268 1237.073 18:14:34
5.076 147.780 745.854 18:14:35
5.072 366.463 1260.976 18:14:36
5.068 191.878 986.829 18:14:37
5.060 245.171 1721.463 18:14:38
5.060 325.780 1730.244 18:14:39
5.072 257.268 1075.610 18:14:40
5.076 162.585 1023.902 18:14:41
5.056 328.171 1520.976 18:14:42
5.068 193.976 972.683 18:14:43
5.052 419.561 2130.732 18:14:44
5.076 153.098 776.098 18:14:45
5.068 251.683 1267.805 18:14:46
5.072 189.976 777.561 18:14:47
5.072 160.976 817.561 18:14:48
5.052 359.976 1495.122 18:14:49
5.072 224.780 1145.366 18:14:50
5.068 163.390 830.244 18:14:51
5.072 161.293 816.585 18:14:52
5.076 152.195 777.073 18:14:53
5.072 163.780 823.902 18:14:54
5.064 162.683 822.439 18:14:55
5.076 162.390 863.902 18:14:56
5.060 375.463 1907.805 18:14:57
5.060 183.488 911.220 18:14:58
5.060 335.756 1729.756 18:14:59
5.060 286.976 1710.244 18:15:00
5.072 206.268 1039.024 18:15:01
5.072 203.976 1015.122 18:15:02
5.072 152.390 882.439 18:15:03
5.072 245.976 1250.244 18:15:04
5.072 162.878 825.366 18:15:05
5.060 326.073 1445.854 18:15:06
5.068 273.976 1266.829 18:15:07
5.076 149.390 751.220 18:15:08
5.072 161.976 821.463 18:15:09
5.072 162.585 1358.049 18:15:10
5.064 250.878 2000.488 18:15:11
5.060 223.171 1420.000 18:15:12
5.076 206.585 749.756 18:15:13
5.060 247.780 1493.659 18:15:14
5.064 197.073 1232.195 18:15:15
5.060 249.268 1513.171 18:15:16
5.076 159.195 746.341 18:15:17
5.072 161.488 814.634 18:15:18
5.072 149.976 756.098 18:15:19
5.044 240.683 1244.390 18:15:20
5.064 249.488 1225.854 18:15:21
5.072 249.780 1256.585 18:15:23
5.072 224.976 1482.439 18:15:24
5.072 162.488 1041.463 18:15:25
5.076 217.585 782.439 18:15:26
5.056 479.951 2371.220 18:15:27
5.064 200.293 1612.195 18:15:28
5.068 213.683 1080.488 18:15:29
5.068 214.073 1089.268 18:15:30
5.076 216.780 757.561 18:15:31
5.060 445.463 1260.976 18:15:32
5.060 275.073 1438.049 18:15:33
5.068 247.683 1425.854 18:15:34
5.076 256.976 976.098 18:15:35
5.076 148.683 754.634 18:15:36
5.076 156.390 792.195 18:15:37
5.076 162.585 824.878 18:15:38
5.072 163.683 831.220 18:15:39
5.072 220.268 1166.829 18:15:40
5.068 209.683 1080.488 18:15:41
5.072 162.780 894.146 18:15:42
5.072 192.780 816.098 18:15:43
5.064 244.488 1258.049 18:15:44
5.068 246.073 1239.024 18:15:45
5.060 244.976 1239.024 18:15:46
5.072 162.488 1259.512 18:15:47
5.072 162.195 822.439 18:15:48
5.072 161.976 823.415 18:15:49
5.072 199.585 1279.512 18:15:50
5.068 241.878 1233.171 18:15:51
5.072 162.195 823.415 18:15:52
5.072 182.488 875.122 18:15:53
5.072 164.390 816.098 18:15:54
5.076 153.098 772.195 18:15:55
5.072 165.878 775.122 18:15:56
5.044 402.951 2030.732 18:15:57
5.068 319.878 1275.610 18:15:58
5.068 201.073 942.439 18:15:59
5.068 197.171 1387.317 18:16:00
5.076 160.293 888.780 18:16:01
5.052 329.366 1712.683 18:16:02
5.064 250.171 1261.951 18:16:03
5.072 189.683 1648.780 18:16:04
5.064 299.780 1331.707 18:16:05
5.064 320.268 1266.829 18:16:06
5.064 246.073 1237.073 18:16:07
5.068 249.488 1035.122 18:16:08
5.072 199.293 965.366 18:16:09
5.068 224.268 1130.244 18:16:10
5.060 334.366 1340.488 18:16:11
5.072 165.780 850.244 18:16:12
5.076 165.390 843.902 18:16:13
5.072 161.488 876.585 18:16:14
5.076 151.683 768.780 18:16:15
5.064 260.585 1714.146 18:16:16
5.064 276.976 1444.390 18:16:17
5.072 161.390 822.439 18:16:18
5.064 156.390 790.244 18:16:19
5.072 162.683 821.463 18:16:20
5.072 204.293 1029.268 18:16:21
5.068 218.073 1099.024 18:16:22
5.068 262.366 1245.854 18:16:23
5.072 162.585 816.585 18:16:24
5.076 161.780 823.902 18:16:25
5.064 271.463 1373.171 18:16:26
5.072 215.073 1091.707 18:16:27
5.068 248.073 1218.049 18:16:28
5.076 147.878 747.317 18:16:29
5.068 250.585 1228.293 18:16:30
5.068 273.976 1068.780 18:16:31
5.060 328.366 2039.024 18:16:32
5.064 328.171 1464.878 18:16:33
5.072 234.366 816.585 18:16:34
5.064 285.878 1853.659 18:16:35
5.072 149.390 757.561 18:16:36
5.072 162.780 824.878 18:16:37
5.072 276.976 1061.463 18:16:38
5.072 234.780 1319.512 18:16:39
5.060 364.073 1842.927 18:16:40
5.068 183.976 947.805 18:16:41
5.076 162.073 823.415 18:16:42
5.068 162.488 824.878 18:16:43
5.072 174.976 820.976 18:16:44
5.064 332.780 1298.049 18:16:45
5.072 205.878 759.512 18:16:46
5.072 224.073 1740.488 18:16:47
5.072 189.073 922.927 18:16:48
5.072 203.293 1022.439 18:16:49
5.072 193.683 1041.463 18:16:50
5.076 156.390 791.220 18:16:51
5.072 160.390 811.220 18:16:52
5.072 148.390 755.122 18:16:53
5.072 250.976 1197.073 18:16:54
5.076 160.293 812.683 18:16:55
5.064 268.780 1451.220 18:16:56
5.072 149.585 754.634 18:16:57
5.076 149.293 754.634 18:16:58
5.068 331.171 1248.293 18:16:59
5.068 206.268 778.537 18:17:00
5.044 478.146 2278.537 18:17:01
5.060 265.585 1272.195 18:17:02
5.064 276.780 1388.293 18:17:03
5.072 163.073 826.341 18:17:04
5.068 153.098 775.122 18:17:05
5.068 251.878 1273.171 18:17:06
5.068 278.268 1417.073 18:17:07
5.060 341.073 2258.537 18:17:08
5.072 198.683 1406.829 18:17:09
5.076 152.585 772.683 18:17:10
5.076 205.488 1029.268 18:17:11
5.064 271.976 1670.244 18:17:12
5.052 287.366 1402.439 18:17:13
5.076 248.976 826.341 18:17:14
5.068 166.293 773.659 18:17:15
5.068 289.683 1015.122 18:17:16
5.068 169.780 1385.854 18:17:18
5.072 170.195 1239.024 18:17:19
5.068 153.195 767.317 18:17:20
5.068 360.756 1934.146 18:17:21
5.064 253.366 1262.927 18:17:22
5.064 276.463 1436.098 18:17:23
5.068 214.878 1083.902 18:17:24
5.076 146.585 746.341 18:17:25
5.060 324.561 1239.024 18:17:26
5.072 170.195 823.902 18:17:27
5.056 269.073 1455.610 18:17:28
5.068 224.488 1146.829 18:17:29
5.072 146.683 746.341 18:17:30
5.064 250.976 1259.512 18:17:31
5.072 243.976 824.878 18:17:32
5.056 334.073 1652.683 18:17:33
5.048 430.854 2384.878 18:17:34
5.072 149.098 763.902 18:17:35
5.052 374.268 1285.854 18:17:36
5.072 212.268 1455.610 18:17:37
5.064 247.780 1609.756 18:17:38
5.072 238.585 968.780 18:17:39
5.060 250.488 1859.024 18:17:40
5.076 228.488 829.756 18:17:41
5.064 200.293 777.073 18:17:42
5.068 251.073 1270.732 18:17:43
5.072 220.683 1104.390 18:17:44
5.060 341.561 1721.463 18:17:45
5.068 148.780 1020.000 18:17:46
5.072 161.683 823.902 18:17:47
5.068 287.073 994.146 18:17:48
5.076 160.195 1254.634 18:17:49
5.052 400.366 1717.561 18:17:50
5.068 208.390 1110.732 18:17:51
5.068 162.488 975.122 18:17:52
5.068 219.780 1255.610 18:17:53
5.076 147.195 810.244 18:17:54
5.072 162.073 867.805 18:17:55
5.060 309.463 1318.537 18:17:56
5.064 247.585 1352.195 18:17:57
5.064 255.488 1928.780 18:17:58
5.072 292.561 1273.171 18:17:59
5.064 456.951 2298.537 18:18:00
5.060 195.390 965.366 18:18:01
5.072 183.683 775.122 18:18:02
5.068 271.683 1230.732 18:18:03
5.064 249.780 1245.854 18:18:04
5.060 283.780 1444.390 18:18:05
5.064 266.366 1554.634 18:18:06
5.072 160.585 811.220 18:18:07
5.076 163.488 826.341 18:18:08
5.072 162.488 823.902 18:18:09
5.064 237.878 1336.098 18:18:10
5.064 262.073 1236.585 18:18:11
5.076 148.780 867.317 18:18:12
5.076 161.780 823.902 18:18:13
5.064 244.585 1248.293 18:18:14
5.072 193.780 1105.366 18:18:15
5.068 228.976 1051.707 18:18:16
5.076 162.195 823.902 18:18:17
5.072 284.878 823.415 18:18:18
5.064 244.366 1288.293 18:18:19
5.068 238.268 1148.293 18:18:20
5.076 147.683 816.098 18:18:21
5.076 162.780 823.902 18:18:22
5.072 160.878 818.537 18:18:23
5.052 325.878 1472.195 18:18:24
5.060 368.171 1258.049 18:18:25
5.076 148.683 754.634 18:18:26
5.076 160.390 812.683 18:18:27
5.072 181.976 828.780 18:18:28
5.068 258.073 1239.512 18:18:29
5.068 198.073 860.000 18:18:30
5.076 190.390 1133.171 18:18:31
5.072 218.073 1285.854 18:18:32
5.068 201.293 1248.293 18:18:33
5.044 458.951 2137.073 18:18:34
5.064 252.073 1228.293 18:18:35
5.072 220.780 1114.146 18:18:36
5.068 227.683 1143.902 18:18:37
5.068 191.780 824.878 18:18:38
5.060 342.268 1637.561 18:18:39
5.064 185.878 931.707 18:18:40
5.072 179.488 922.439 18:18:41
5.072 162.293 824.878 18:18:42
5.056 287.561 1683.415 18:18:43
5.076 204.585 760.000 18:18:44
5.068 227.488 1146.341 18:18:45
5.072 178.390 749.756 18:18:46
5.072 161.390 816.585 18:18:47
5.068 243.878 1239.512 18:18:48
5.072 160.780 815.122 18:18:49
5.060 284.780 1042.439 18:18:50
5.076 146.976 750.244 18:18:51
5.068 162.488 824.878 18:18:52
5.072 197.171 1011.707 18:18:53
5.072 190.390 886.341 18:18:54
5.076 150.780 764.878 18:18:55
5.068 163.073 827.317 18:18:56
5.076 162.073 1024.390 18:18:57
5.048 477.049 2051.707 18:18:58
5.060 170.878 863.415 18:18:59
5.068 192.780 768.293 18:19:00
5.072 163.780 826.341 18:19:01
5.068 152.976 1151.707 18:19:02
5.060 249.073 1303.415 18:19:03
5.064 241.488 1268.293 18:19:04
5.072 149.195 827.317 18:19:05
5.072 165.488 839.024 18:19:06
5.064 244.268 1235.610 18:19:07
5.060 354.756 1484.878 18:19:08
5.072 161.073 1266.829 18:19:09
5.060 355.073 1487.317 18:19:10
5.072 183.293 970.244 18:19:11
5.072 196.171 1335.610 18:19:12
5.068 250.171 1275.610 18:19:14
5.076 153.098 777.561 18:19:15
5.060 407.659 2360.000 18:19:16
5.068 213.878 1058.049 18:19:17
5.076 152.878 771.220 18:19:18
5.076 175.585 960.000 18:19:19
5.064 270.073 1373.171 18:19:20
5.068 242.780 1309.756 18:19:21
5.044 461.049 2062.927 18:19:22
5.076 150.293 760.000 18:19:23
5.072 152.976 775.122 18:19:24
5.072 241.878 1020.000 18:19:25
5.064 250.488 1225.854 18:19:26
5.056 286.683 1413.171 18:19:27
5.068 201.878 1164.390 18:19:28
5.072 163.390 819.024 18:19:29
5.072 162.683 823.902 18:19:30
5.068 251.366 1234.146 18:19:31
5.060 269.878 1473.171 18:19:32
5.072 147.878 745.854 18:19:33
5.060 241.878 1286.829 18:19:34
5.072 162.976 820.976 18:19:35
5.064 215.683 1099.512 18:19:36
5.056 326.878 1646.341 18:19:37
5.044 330.463 1252.195 18:19:38
5.056 290.366 1450.732 18:19:39
5.060 170.390 862.439 18:19:40
5.056 303.366 1331.707 18:19:41
5.064 291.561 1365.854 18:19:42
5.072 210.683 775.122 18:19:43
5.072 177.293 824.878 18:19:44
5.072 224.976 1084.390 18:19:45
5.072 220.268 1317.073 18:19:46
5.064 273.366 1179.024 18:19:47
5.076 182.976 777.073 18:19:48
5.044 448.756 2028.293 18:19:49
5.072 204.073 971.220 18:19:50
5.072 146.488 741.463 18:19:51
5.064 253.268 2340.976 18:19:52
5.076 152.585 1201.463 18:19:53
5.072 148.293 753.659 18:19:54
5.056 480.146 2031.707 18:19:55
5.068 193.683 1030.244 18:19:56
5.072 146.878 747.317 18:19:57
5.056 336.268 1237.073 18:19:58
5.072 162.195 1493.171 18:19:59
5.072 160.293 814.634 18:20:00
5.068 334.756 1637.073 18:20:01
5.060 210.390 1422.439 18:20:02
5.060 347.171 1691.220 18:20:03
5.072 148.878 758.537 18:20:04
5.072 168.976 822.439 18:20:05
5.068 199.073 1041.463 18:20:06
5.072 147.683 763.415 18:20:07
5.052 399.268 1985.854 18:20:08
5.072 161.976 772.195 18:20:09
5.060 292.268 1278.049 18:20:10
5.072 165.683 839.024 18:20:11
5.076 151.878 771.220 18:20:12
5.068 277.171 1245.366 18:20:13
5.072 152.390 778.537 18:20:14
5.060 413.854 1689.756 18:20:15
5.068 214.268 1089.268 18:20:16
5.068 221.683 1138.049 18:20:17
5.072 162.683 824.878 18:20:18
5.072 180.171 879.024 18:20:19
5.060 162.585 824.878 18:20:20
5.068 238.585 1447.317 18:20:21
5.068 239.585 1061.951 18:20:22
5.060 334.268 1701.463 18:20:23
5.072 148.390 763.902 18:20:24
5.068 149.390 756.098 18:20:25
5.072 153.293 775.122 18:20:26
5.068 228.878 1146.341 18:20:27
5.064 285.366 1741.463 18:20:28
5.076 149.488 761.463 18:20:29
5.064 236.976 827.317 18:20:30
5.076 162.390 823.902 18:20:31
5.072 221.976 1002.439 18:20:32
5.060 289.463 1433.171 18:20:33
5.072 149.683 857.561 18:20:34
5.056 351.073 2059.512 18:20:35
5.068 162.683 826.341 18:20:36
5.068 207.976 1086.341 18:20:37
5.068 247.585 1249.268 18:20:38
5.072 187.171 987.805 18:20:39
5.068 255.171 1216.585 18:20:40
5.076 167.976 779.024 18:20:41
5.076 160.976 813.659 18:20:42
5.068 291.366 1246.829 18:20:43
5.076 151.976 777.073 18:20:44
5.068 257.073 1982.927 18:20:45
5.076 152.488 772.683 18:20:46
5.072 267.463 1266.829 18:20:47
5.064 375.073 2414.634 18:20:48
5.072 239.073 1377.073 18:20:49
5.072 235.780 1209.268 18:20:50
5.072 234.780 1285.854 18:20:51
5.072 162.488 824.878 18:20:52
5.064 244.585 1275.610 18:20:53
5.076 153.195 777.561 18:20:54
5.056 249.268 1269.756 18:20:55
5.072 163.195 826.341 18:20:56
5.064 232.976 1115.122 18:20:57
5.056 345.463 1265.854 18:20:58
5.072 249.488 892.683 18:20:59
5.076 162.390 822.439 18:21:00
5.068 163.293 2214.634 18:21:01
5.072 249.878 1462.439 18:21:02
5.072 162.488 823.902 18:21:03
5.072 162.293 829.756 18:21:04
5.068 268.585 1334.634 18:21:05
5.072 203.585 947.317 18:21:07
5.072 147.976 745.854 18:21:08
5.072 161.976 817.561 18:21:09
5.072 161.976 823.902 18:21:10
5.068 160.780 812.195 18:21:11
5.056 395.854 1659.024 18:21:12
5.076 156.195 790.244 18:21:13
5.064 275.878 1383.415 18:21:14
5.072 152.878 779.024 18:21:15
5.076 162.976 820.976 18:21:16
5.056 360.756 1935.122 18:21:17
5.072 170.488 873.659 18:21:18
5.052 257.073 1445.854 18:21:19
5.064 162.683 823.902 18:21:20
5.076 160.780 1282.927 18:21:21
5.060 261.366 1709.756 18:21:22
5.072 162.683 823.902 18:21:23
5.060 326.976 1347.317 18:21:24
5.068 195.878 1170.732 18:21:25
5.076 162.390 982.439 18:21:26
5.056 273.463 1369.268 18:21:27
5.048 309.780 1230.732 18:21:28
5.072 198.390 907.805 18:21:29
5.072 161.780 823.902 18:21:30
5.072 257.463 1301.951 18:21:31
5.068 249.878 2021.463 18:21:32
5.072 163.073 1063.902 18:21:33
5.072 198.976 970.244 18:21:34
5.072 156.585 797.561 18:21:35
5.072 197.073 852.195 18:21:36
5.068 221.390 1453.659 18:21:37
5.064 250.171 1669.756 18:21:38
5.064 259.268 1265.854 18:21:39
5.072 276.463 1154.146 18:21:40
5.072 162.488 1169.268 18:21:41
5.060 276.073 1767.317 18:21:42
5.068 199.390 951.707 18:21:43
5.064 251.488 1264.390 18:21:44
5.072 147.488 746.341 18:21:45
5.064 275.073 2267.317 18:21:46
5.072 162.878 1267.805 18:21:47
5.068 256.268 1225.366 18:21:48
5.052 250.878 1240.976 18:21:49
5.076 148.683 800.000 18:21:50
5.068 200.780 1160.488 18:21:51
5.076 152.878 772.683 18:21:52
5.072 151.976 765.854 18:21:53
5.068 211.878 1250.732 18:21:54
5.064 279.268 1539.512 18:21:55
5.068 278.268 1493.171 18:21:56
5.064 342.366 1500.976 18:21:57
5.064 183.073 863.902 18:21:58
5.072 163.293 825.366 18:21:59
5.076 162.293 823.902 18:22:00
5.064 278.463 1608.780 18:22:01
5.056 248.366 1253.171 18:22:02
5.068 250.488 1269.268 18:22:03
5.060 330.073 1648.780 18:22:04
5.064 287.171 1298.049 18:22:05
5.076 249.171 1042.927 18:22:06
5.068 153.585 1101.463 18:22:07
5.072 160.976 816.098 18:22:08
5.068 192.585 1291.707 18:22:09
5.072 159.780 816.585 18:22:10
5.064 337.976 1766.341 18:22:11
5.076 164.195 820.976 18:22:12
5.076 161.073 1130.244 18:22:13
5.056 382.854 1791.220 18:22:14
5.072 161.195 816.585 18:22:15
5.064 223.171 1059.024 18:22:16
5.072 162.585 824.878 18:22:17
5.076 157.780 1032.683 18:22:18
5.060 284.976 1430.732 18:22:19
5.064 313.073 1560.976 18:22:20
5.060 337.073 1080.000 18:22:21
5.076 156.585 794.634 18:22:22
5.076 172.293 766.341 18:22:23
5.064 259.976 1358.049 18:22:24
5.076 151.878 769.756 18:22:25
5.060 233.683 1135.610 18:22:26
5.072 194.293 982.927 18:22:27
5.072 150.976 759.512 18:22:28
5.060 287.976 1277.073 18:22:29
5.072 245.878 1087.805 18:22:30
5.052 375.268 2025.854 18:22:31
5.068 240.073 1181.951 18:22:32
5.064 220.585 1150.244 18:22:33
5.064 322.780 1234.634 18:22:34
5.064 250.268 1266.829 18:22:35
5.056 338.073 1712.195 18:22:36
5.072 171.976 824.878 18:22:37
5.072 162.683 824.878 18:22:38
5.076 163.878 1536.098 18:22:39
5.068 199.780 1109.268 18:22:40
5.072 162.293 819.024 18:22:41
5.076 152.976 777.073 18:22:42
5.060 329.171 1671.220 18:22:43
5.064 243.366 1070.244 18:22:44
5.072 162.195 823.902 18:22:45
5.064 251.488 1307.317 18:22:46
5.060 274.268 1183.902 18:22:47
5.068 297.561 1541.951 18:22:48
5.064 209.390 950.244 18:22:49
5.068 188.488 922.439 18:22:50
5.072 161.780 822.439 18:22:51
5.064 246.878 1253.171 18:22:52
5.076 153.488 777.073 18:22:53
5.072 162.073 820.976 18:22:54
5.072 178.488 913.659 18:22:55
5.068 234.268 1071.707 18:22:56
5.068 245.585 1245.854 18:22:57
5.072 162.488 823.902 18:22:58
5.064 252.585 1280.488 18:22:59
5.072 210.683 1084.390 18:23:00
5.064 245.976 1238.049 18:23:02
5.060 396.171 1881.463 18:23:03
5.072 180.585 1362.927 18:23:04
5.064 302.366 1250.244 18:23:05
5.072 184.585 948.780 18:23:06
5.068 182.683 957.561 18:23:07
5.064 288.561 1547.317 18:23:08
5.064 286.366 1408.293 18:23:09
5.072 205.878 869.756 18:23:10
5.060 234.268 1780.000 18:23:11
5.072 163.195 1365.854 18:23:12
5.060 419.463 1597.561 18:23:13
5.072 203.390 1242.927 18:23:14
5.072 207.171 1094.146 18:23:15
5.072 156.488 1096.585 18:23:16
5.068 248.878 1225.366 18:23:17
5.060 399.561 1884.390 18:23:18
5.076 160.780 816.098 18:23:19
5.072 214.878 754.634 18:23:20
5.056 339.366 1672.195 18:23:21
5.068 236.366 1150.244 18:23:22
5.056 317.878 1306.829 18:23:23
5.064 249.683 1267.805 18:23:24
5.072 196.878 1652.195 18:23:25
5.060 342.659 1245.366 18:23:26
5.068 244.073 1242.927 18:23:27
5.056 358.756 1643.415 18:23:28
5.072 310.268 968.780 18:23:29
5.072 163.293 818.537 18:23:30
5.072 216.878 1266.829 18:23:31
5.072 179.195 901.463 18:23:32
5.060 279.780 1225.854 18:23:33
5.072 163.683 826.341 18:23:34
5.068 245.683 1239.024 18:23:35
5.072 202.878 966.829 18:23:36
5.068 355.756 1252.195 18:23:37
5.072 270.976 1191.707 18:23:38
5.076 159.878 815.122 18:23:39
5.060 353.268 1980.488 18:23:40
5.052 336.756 1596.098 18:23:41
5.076 159.878 812.195 18:23:42
5.072 161.683 820.000 18:23:43
5.064 251.976 1232.195 18:23:44
5.060 262.268 1324.390 18:23:45
5.064 243.683 1235.610 18:23:46
5.068 236.268 965.366 18:23:47
5.068 357.561 1314.146 18:23:48
5.076 149.878 826.341 18:23:49
5.072 160.488 816.585 18:23:50
5.048 386.171 2072.195 18:23:51
5.072 211.780 1406.829 18:23:52
5.068 213.390 1306.829 18:23:53
5.060 333.561 1654.634 18:23:54
5.064 231.878 1166.829 18:23:55
5.068 214.585 1093.171 18:23:56
5.072 152.780 777.073 18:23:57
5.076 162.780 1416.098 18:23:58
5.064 250.585 1277.073 18:23:59
5.068 207.171 995.610 18:24:00
5.064 275.585 1426.829 18:24:01
5.076 148.683 755.122 18:24:02
5.072 212.171 821.463 18:24:03
5.076 162.488 827.805 18:24:04
5.060 176.390 1486.341 18:24:05
5.064 325.659 1078.049 18:24:06
5.072 148.780 757.561 18:24:07
5.064 306.463 1286.829 18:24:08
5.068 244.976 1240.976 18:24:09
5.064 280.073 1430.732 18:24:10
5.064 257.171 1591.220 18:24:11
5.076 177.488 816.585 18:24:12
5.072 205.878 1295.610 18:24:13
5.068 253.976 1275.610 18:24:14
5.068 172.390 875.122 18:24:15
5.072 160.878 1257.073 18:24:16
5.068 196.171 1015.122 18:24:17
5.072 162.683 824.878 18:24:18
5.064 244.171 1242.927 18:24:19
5.060 335.878 1783.902 18:24:20
5.072 162.488 873.659 18:24:21
5.072 164.073 903.902 18:24:22
5.072 162.683 879.024 18:24:23
5.076 161.780 817.561 18:24:24
5.052 438.756 2186.829 18:24:25
5.068 247.171 1261.951 18:24:26
5.068 194.585 969.268 18:24:27
5.076 308.268 1308.293 18:24:28
5.064 247.366 979.024 18:24:29
5.064 462.366 2203.415 18:24:30
5.076 170.488 975.122 18:24:31
5.064 366.366 1283.415 18:24:32
5.068 215.585 1086.341 18:24:33
5.064 247.976 1259.024 18:24:34
5.072 162.976 827.805 18:24:35
5.072 314.561 1035.610 18:24:36
5.068 242.268 1225.366 18:24:37
5.056 334.878 1625.854 18:24:38
5.068 375.073 1637.073 18:24:39
5.072 262.171 865.366 18:24:40
5.068 327.780 1299.512 18:24:41
5.072 208.171 1061.463 18:24:42
5.060 327.268 1684.878 18:24:43
5.072 162.976 823.415 18:24:44
5.076 162.488 876.585 18:24:45
5.064 385.659 1763.902 18:24:46
5.068 197.585 940.000 18:24:47
5.052 341.561 1384.390 18:24:48
5.076 288.683 1061.463 18:24:49
5.076 147.195 748.293 18:24:50
5.072 161.976 824.878 18:24:51
5.064 240.878 1706.341 18:24:52
5.072 146.976 795.122 18:24:53
5.072 162.976 1280.976 18:24:54
5.072 162.878 826.341 18:24:56
5.068 203.073 976.098 18:24:57
5.056 242.585 1217.073 18:24:58
5.064 228.171 1087.805 18:24:59
5.072 228.171 872.683 18:25:00
5.072 162.488 826.341 18:25:01
5.056 335.976 2037.073 18:25:02
5.076 187.976 1112.683 18:25:03
5.064 306.780 1604.878 18:25:04
5.068 152.878 772.195 18:25:05
5.064 418.561 2105.366 18:25:06
5.060 397.659 2321.951 18:25:07
5.076 151.390 769.756 18:25:08
5.064 346.268 1786.341 18:25:09
5.072 152.976 1066.829 18:25:10
5.072 202.683 1022.439 18:25:11
5.064 251.171 1270.732 18:25:12
5.076 154.293 772.195 18:25:13
5.052 470.561 2256.098 18:25:14
5.072 162.073 1343.415 18:25:15
5.076 148.780 763.415 18:25:16
5.056 361.366 1685.366 18:25:17
5.072 150.390 755.122 18:25:18
5.072 172.878 924.878 18:25:19
5.044 466.659 2289.756 18:25:20
5.076 148.195 757.073 18:25:21
5.064 199.390 1051.220 18:25:22
5.076 162.390 822.439 18:25:23
5.076 151.390 767.317 18:25:24
5.064 215.976 1148.293 18:25:25
5.072 168.780 1008.780 18:25:26
5.068 237.073 1255.610 18:25:27
5.056 346.659 1744.878 18:25:28
5.072 187.073 910.244 18:25:29
5.076 256.268 1358.049 18:25:30
5.076 152.390 773.659 18:25:31
5.056 334.878 1674.634 18:25:32
5.072 279.878 1040.488 18:25:33
5.068 239.268 1089.268 18:25:34
5.068 237.073 1779.024 18:25:35
5.072 149.878 993.659 18:25:36
5.060 244.585 1246.829 18:25:37
5.072 162.488 825.366 18:25:38
5.068 346.878 1453.171 18:25:39
5.064 252.878 1273.171 18:25:40
5.076 147.098 747.317 18:25:41
5.060 368.756 1438.049 18:25:42
5.076 148.976 758.537 18:25:43
5.056 371.268 2601.463 18:25:44
5.068 277.683 1904.390 18:25:45
5.076 148.585 757.073 18:25:46
5.056 376.659 1497.073 18:25:47
5.072 174.976 823.902 18:25:48
5.060 337.561 2065.854 18:25:49
5.076 244.878 1176.585 18:25:50
5.072 160.780 812.683 18:25:51
5.068 225.073 1042.439 18:25:52
5.068 205.878 780.000 18:25:53
5.048 427.171 1964.390 18:25:54
5.064 251.366 1468.780 18:25:55
5.072 208.780 1055.610 18:25:56
5.076 146.390 748.780 18:25:57
5.072 227.390 822.439 18:25:58
5.068 195.878 977.561 18:25:59
5.060 407.951 1999.024 18:26:00
5.060 271.585 2400.000 18:26:01
5.068 225.976 1572.683 18:26:02
5.072 162.073 830.244 18:26:03
5.064 245.585 1219.024 18:26:04
5.064 375.854 1443.415 18:26:05
5.076 171.780 750.244 18:26:06
5.064 337.756 1722.927 18:26:07
5.072 163.195 823.902 18:26:08
5.076 160.390 810.244 18:26:09
5.060 478.049 2426.341 18:26:10
5.076 146.878 749.756 18:26:11
5.068 211.878 1090.732 18:26:12
5.068 251.073 1260.976 18:26:13
5.068 246.780 1210.732 18:26:14
5.060 339.878 1644.878 18:26:15
5.068 194.293 945.366 18:26:16
5.068 272.073 1418.049 18:26:17
5.072 186.878 951.707 18:26:18
5.072 264.683 820.976 18:26:19
5.072 162.780 825.366 18:26:20
5.068 162.073 869.756 18:26:21
5.068 244.171 1252.195 18:26:22
5.072 163.780 839.024 18:26:23
5.072 161.683 820.000 18:26:24
5.068 191.488 1053.171 18:26:25
5.064 182.683 992.683 18:26:26
5.072 162.878 1219.024 18:26:27
5.060 270.976 1029.268 18:26:28
5.064 196.780 971.220 18:26:29
5.060 249.488 1239.024 18:26:30
5.068 148.976 900.976 18:26:31
5.068 245.268 1240.488 18:26:32
5.068 242.976 1233.171 18:26:33
5.072 272.976 1307.317 18:26:34
5.072 162.976 924.878 18:26:35
5.068 224.073 823.415 18:26:36
5.068 344.659 1723.902 18:26:37
5.072 160.390 812.683 18:26:38
5.064 160.780 825.366 18:26:39
5.076 257.683 822.439 18:26:40
5.060 295.171 1420.976 18:26:41
5.064 405.463 2066.829 18:26:42
5.072 152.488 841.463 18:26:43
5.060 252.683 1262.927 18:26:44
5.068 293.463 1497.073 18:26:45
5.068 213.390 1087.805 18:26:46
5.060 339.171 1711.220 18:26:47
5.072 149.488 755.122 18:26:48
5.076 162.390 813.659 18:26:49
5.056 291.878 1165.366 18:26:50
5.068 264.366 1195.610 18:26:52
5.068 243.780 1230.732 18:26:53
5.076 162.683 822.439 18:26:54
5.056 264.171 1261.951 18:26:55
5.072 164.390 945.366 18:26:56
5.060 325.171 1664.878 18:26:57
5.064 256.585 1370.732 18:26:58
5.076 147.780 752.683 18:26:59
5.072 152.780 1093.171 18:27:00
5.052 405.756 2057.073 18:27:01
5.056 333.366 1424.878 18:27:02
5.072 162.073 822.439 18:27:03
5.076 147.976 744.878 18:27:04
5.064 213.488 1095.122 18:27:05
5.072 155.780 792.195 18:27:06
5.072 162.390 820.976 18:27:07
5.068 211.976 826.341 18:27:08
5.064 257.780 1324.390 18:27:09
5.068 268.585 885.366 18:27:10
5.072 162.780 823.902 18:27:11
5.064 409.268 1834.146 18:27:12
5.068 248.268 1269.268 18:27:13
5.072 163.976 831.220 18:27:14
5.072 258.585 822.439 18:27:15
5.072 163.585 1254.146 18:27:16
5.068 252.073 1225.366 18:27:17
5.068 339.463 1663.902 18:27:18
5.072 159.878 812.683 18:27:19
5.072 160.683 815.122 18:27:20
5.052 407.073 2034.146 18:27:21
5.072 161.488 1241.951 18:27:22
5.072 163.780 824.878 18:27:23
5.068 247.585 1190.244 18:27:24
5.064 162.976 825.366 18:27:25
5.068 162.390 823.415 18:27:26
5.072 194.488 985.366 18:27:27
5.072 162.488 823.902 18:27:28
5.064 244.366 1040.000 18:27:29
5.068 213.780 1375.610 18:27:30
5.072 202.878 1011.220 18:27:31
5.076 162.878 818.537 18:27:32
5.068 320.659 1246.829 18:27:33
5.064 242.683 1259.512 18:27:34
5.076 149.488 761.463 18:27:35
5.064 249.585 1254.146 18:27:36
5.060 162.878 827.317 18:27:37
5.072 208.585 1007.805 18:27:38
5.068 225.268 1122.927 18:27:39
5.076 148.390 753.659 18:27:40
5.044 382.756 2034.146 18:27:41
5.072 184.585 826.341 18:27:42
5.076 157.976 1009.268 18:27:43
5.072 175.195 941.463 18:27:44
5.060 336.073 1663.902 18:27:45
5.064 244.268 1230.732 18:27:46
5.068 221.390 1081.951 18:27:47
5.072 159.585 809.756 18:27:48
5.068 228.268 779.024 18:27:49
5.048 444.951 1991.707 18:27:50
5.060 248.073 1275.610 18:27:51
5.076 151.780 772.195 18:27:52
5.056 289.878 1957.561 18:27:53
5.068 284.366 2492.683 18:27:54
5.072 239.366 757.073 18:27:55
5.064 274.683 1393.659 18:27:56
5.072 148.878 1077.561 18:27:57
5.064 251.488 1270.732 18:27:58
5.064 377.268 1846.341 18:27:59
5.076 149.390 757.561 18:28:00
5.076 150.780 765.854 18:28:01
5.064 404.659 1697.561 18:28:02
5.072 222.976 1151.707 18:28:03
5.068 208.171 1088.780 18:28:04
5.068 218.390 1128.293 18:28:05
5.076 151.098 765.854 18:28:06
5.068 201.976 1263.415 18:28:07
5.064 182.683 963.902 18:28:08
5.064 251.878 1234.634 18:28:09
5.064 161.780 826.341 18:28:10
5.060 249.073 1409.756 18:28:11
5.064 242.683 1338.537 18:28:12
5.072 332.366 1700.000 18:28:13
5.044 401.854 1389.756 18:28:14
5.072 203.390 902.439 18:28:15
5.068 242.366 1729.756 18:28:16
5.068 266.976 1135.122 18:28:17
5.068 185.073 779.024 18:28:18
5.072 167.780 842.439 18:28:19
5.064 167.878 830.244 18:28:20
5.068 249.366 1259.512 18:28:21
5.072 156.878 1157.073 18:28:22
5.072 148.878 946.341 18:28:23
5.064 193.878 999.024 18:28:24
5.072 169.390 831.220 18:28:25
5.068 282.268 1269.268 18:28:26
5.076 204.585 826.341 18:28:27
5.076 162.293 816.585 18:28:28
5.072 209.390 1285.854 18:28:29
5.076 156.293 775.122 18:28:30
5.072 162.293 823.902 18:28:31
5.060 274.976 1773.659 18:28:32
5.072 188.780 910.244 18:28:33
5.060 322.659 1640.976 18:28:34
5.064 340.073 1736.098 18:28:35
5.068 148.683 1095.610 18:28:36
5.056 333.463 1217.073 18:28:37
5.076 149.683 761.463 18:28:38
5.068 245.780 1227.805 18:28:39
5.068 193.293 1413.171 18:28:40
5.052 339.463 1675.122 18:28:41
5.072 164.390 836.585 18:28:42
5.076 162.488 1260.976 18:28:43
5.068 233.488 827.805 18:28:44
5.052 287.463 2410.244 18:28:45
5.068 245.171 1238.049 18:28:47
5.072 162.390 825.366 18:28:48
5.072 161.976 820.000 18:28:49
5.056 269.268 1469.756 18:28:50
5.068 250.171 1275.610 18:28:51
5.060 245.171 1188.293 18:28:52
5.076 156.073 937.561 18:28:53
5.072 288.171 952.683 18:28:54
5.064 243.683 1224.390 18:28:55
5.072 149.488 760.000 18:28:56
5.072 148.976 756.098 18:28:57
5.072 165.293 1275.610 18:28:58
5.060 332.463 1692.195 18:28:59
5.072 161.976 1162.927 18:29:00
5.072 162.585 818.537 18:29:01
5.068 247.073 1249.268 18:29:02
5.068 227.585 1094.146 18:29:03
5.064 249.780 1262.927 18:29:04
5.072 215.488 1044.390 18:29:05
5.068 324.268 1250.732 18:29:06
5.064 335.659 1664.878 18:29:07
5.072 190.488 945.366 18:29:08
5.076 162.293 816.098 18:29:09
5.068 162.585 1260.976 18:29:10
5.076 153.098 779.024 18:29:11
5.068 242.585 1639.024 18:29:12
5.068 287.976 1636.098 18:29:13
5.072 162.976 830.244 18:29:14
5.068 217.976 1087.805 18:29:15
5.060 326.073 1796.098 18:29:16
5.064 264.073 1757.561 18:29:17
5.076 183.976 825.366 18:29:18
5.064 327.780 1255.610 18:29:19
5.060 345.976 1676.585 18:29:20
5.072 190.488 1046.829 18:29:21
5.060 273.780 1245.854 18:29:22
5.068 249.366 1251.707 18:29:23
5.072 162.878 825.366 18:29:24
5.060 251.683 1272.195 18:29:25
5.064 329.073 1676.585 18:29:26
5.064 243.171 1181.463 18:29:27
5.072 254.268 823.902 18:29:28
5.076 162.073 1252.195 18:29:29
5.064 246.073 1254.146 18:29:30
5.064 263.780 1790.244 18:29:31
5.064 209.390 1060.000 18:29:32
5.064 210.390 1069.268 18:29:33
5.052 420.951 2105.854 18:29:34
5.064 249.366 1382.439 18:29:35
5.068 200.976 1094.146 18:29:36
5.072 162.780 1236.585 18:29:37
5.068 214.390 1087.805 18:29:38
5.068 274.171 2014.634 18:29:39
5.068 228.585 936.585 18:29:40
5.072 180.878 836.098 18:29:41
5.068 243.683 1230.732 18:29:42
5.064 264.073 1444.878 18:29:43
5.072 210.171 1128.293 18:29:44
5.068 212.171 822.439 18:29:45
5.076 160.488 814.634 18:29:46
5.064 393.756 1733.659 18:29:47
5.068 214.585 1140.488 18:29:48
5.068 215.171 1083.902 18:29:49
5.068 293.366 1086.829 18:29:50
5.068 251.366 1278.537 18:29:51
5.068 275.463 1261.951 18:29:52
5.064 162.780 829.756 18:29:53
5.048 240.683 1246.829 18:29:54
5.072 265.366 823.415 18:29:55
5.064 305.976 986.341 18:29:56
5.072 215.390 1426.829 18:29:57
5.064 339.073 1233.171 18:29:58
5.060 251.171 1264.390 18:29:59
5.068 218.488 812.683 18:30:00
5.072 162.976 778.537 18:30:01
5.072 215.585 1085.366 18:30:02
5.072 175.488 886.341 18:30:03
5.064 481.146 2373.659 18:30:04
5.072 189.878 1021.463 18:30:05
5.064 243.171 1235.610 18:30:06
5.068 248.268 1240.488 18:30:07
5.076 147.585 745.854 18:30:08
5.064 306.268 1260.976 18:30:09
5.068 196.683 986.829 18:30:10
5.064 322.780 1301.951 18:30:11
5.068 165.195 1183.902 18:30:12
5.076 152.976 783.902 18:30:13
5.060 283.171 1422.439 18:30:14
5.064 162.878 824.878 18:30:15
5.076 148.390 753.659 18:30:16
5.072 201.488 969.268 18:30:17
5.072 162.683 1139.512 18:30:18
5.072 162.585 1401.951 18:30:19
5.056 261.683 1615.122 18:30:20
5.072 162.878 825.366 18:30:21
5.072 228.780 798.537 18:30:22
5.060 340.659 1679.024 18:30:23
5.072 292.780 1313.171 18:30:24
5.064 338.268 1627.317 18:30:25
5.060 293.171 1640.976 18:30:26
5.072 160.683 816.585 18:30:27
5.072 210.683 1061.463 18:30:28
5.072 163.073 823.902 18:30:29
5.072 245.780 1055.122 18:30:30
5.056 346.268 1680.976 18:30:31
5.076 148.976 754.634 18:30:32
5.068 250.780 1118.049 18:30:33
5.064 210.780 1033.171 18:30:34
5.072 191.488 946.341 18:30:35
5.060 325.659 1747.317 18:30:36
5.068 247.073 1070.244 18:30:37
5.064 288.683 1535.122 18:30:38
5.072 206.585 1289.268 18:30:39
5.072 152.683 781.463 18:30:40
5.060 254.171 1493.171 18:30:41
5.068 148.976 754.634 18:30:43
5.072 243.488 1037.561 18:30:44
5.068 244.073 1717.561 18:30:45
5.072 201.585 755.122 18:30:46
5.044 499.756 2686.341 18:30:47
5.072 212.878 1137.073 18:30:48
5.064 214.268 1085.366 18:30:49
5.072 179.878 826.341 18:30:50
5.072 161.780 825.366 18:30:51
5.064 268.171 1491.220 18:30:52
5.072 208.683 937.561 18:30:53
5.076 161.976 823.902 18:30:54
5.060 359.756 1444.878 18:30:55
5.072 159.878 813.659 18:30:56
5.072 160.293 812.683 18:30:57
5.064 257.073 1310.732 18:30:58
5.068 244.585 1240.976 18:30:59
5.064 288.268 1498.537 18:31:00
5.060 353.976 1150.732 18:31:01
5.072 155.683 793.659 18:31:02
5.064 250.878 1269.268 18:31:03
5.064 244.976 1245.854 18:31:04
5.068 254.878 1578.537 18:31:05
5.060 336.561 1155.122 18:31:06
5.076 156.585 792.195 18:31:07
5.072 207.878 1561.463 18:31:08
5.076 179.390 890.244 18:31:09
5.072 156.488 791.220 18:31:10
5.068 245.073 1315.610 18:31:11
5.068 200.976 1139.024 18:31:12
5.060 197.683 863.415 18:31:13
5.072 161.293 816.585 18:31:14
5.072 175.293 1338.537 18:31:15
5.072 162.585 823.902 18:31:16
5.072 162.585 833.659 18:31:17
5.068 233.780 757.561 18:31:18
5.076 152.780 776.098 18:31:19
5.068 222.171 1348.293 18:31:20
5.068 198.293 982.927 18:31:21
5.068 193.878 1004.878 18:31:22
5.076 149.585 755.122 18:31:23
5.072 207.488 1169.268 18:31:24
5.072 238.976 1161.951 18:31:25
5.076 148.976 847.317 18:31:26
5.068 296.976 1010.244 18:31:27
5.064 244.171 1243.415 18:31:28
5.060 178.390 785.854 18:31:29
5.068 250.073 1267.805 18:31:30
5.076 150.195 754.634 18:31:31
5.052 344.756 1762.439 18:31:32
5.044 440.756 1544.878 18:31:33
5.076 206.073 754.634 18:31:34
5.068 242.976 1234.146 18:31:35
5.072 149.098 757.561 18:31:36
5.064 225.268 1047.805 18:31:37
5.064 201.390 1360.976 18:31:38
5.072 199.293 1121.463 18:31:39
5.060 335.171 1700.000 18:31:40
5.072 204.390 760.000 18:31:41
5.060 416.171 1634.634 18:31:42
5.072 163.195 938.537 18:31:43
5.060 242.268 1254.146 18:31:44
5.060 415.756 2240.488 18:31:45
5.072 148.976 759.512 18:31:46
5.068 244.488 1256.585 18:31:47
5.068 163.488 911.707 18:31:48
5.068 335.073 1504.878 18:31:49
5.072 162.780 825.366 18:31:50
5.076 153.098 777.073 18:31:51
5.060 458.366 1739.024 18:31:52
5.072 162.976 826.341 18:31:53
5.068 195.390 952.683 18:31:54
5.052 332.268 1852.683 18:31:55
5.056 335.171 1235.610 18:31:56
5.072 162.488 823.902 18:31:57
5.076 153.878 779.024 18:31:58
5.052 468.854 2380.976 18:31:59
5.056 326.780 1669.756 18:32:00
5.068 201.683 997.561 18:32:01
5.072 162.683 825.366 18:32:02
5.068 282.171 1173.171 18:32:03
5.060 220.488 980.000 18:32:04
5.060 336.073 2005.854 18:32:05
5.064 268.683 1267.805 18:32:06
5.076 197.683 825.366 18:32:07
5.068 196.073 996.585 18:32:08
5.076 162.195 825.366 18:32:09
5.068 250.683 1269.268 18:32:10
5.064 248.171 1264.390 18:32:11
5.068 242.878 2166.829 18:32:12
5.068 245.171 1237.073 18:32:13
5.072 162.585 824.878 18:32:14
5.072 163.683 1093.171 18:32:15
5.072 158.585 797.561 18:32:16
5.052 418.951 2110.732 18:32:17
5.068 249.780 1269.756 18:32:18
5.072 194.390 1331.707 18:32:19
5.072 213.073 1115.610 18:32:20
5.068 256.463 1261.951 18:32:21
5.060 277.268 1703.902 18:32:22
5.060 281.171 2383.902 18:32:23
5.072 162.073 821.463 18:32:24
5.060 290.463 1626.341 18:32:25
5.064 288.073 1432.195 18:32:26
5.060 326.171 1594.634 18:32:27
5.064 245.976 1048.780 18:32:28
5.072 153.488 779.024 18:32:29
5.072 185.878 1011.707 18:32:30
5.068 252.976 1130.244 18:32:31
5.068 198.878 1326.829 18:32:32
5.064 280.073 1768.780 18:32:33
5.072 162.976 822.439 18:32:34
5.072 173.073 897.561 18:32:35
5.072 174.878 887.805 18:32:37
5.072 162.976 823.902 18:32:38
5.052 408.561 1990.732 18:32:39
5.072 161.976 1194.634 18:32:40
5.072 160.878 812.195 18:32:41
5.068 225.390 1321.951 18:32:42
5.072 154.293 1129.268 18:32:43
5.064 244.366 1404.878 18:32:44
5.072 148.195 751.220 18:32:45
5.064 298.463 1393.659 18:32:46
5.068 156.390 792.195 18:32:47
5.060 253.683 1285.366 18:32:48
5.056 288.171 1062.927 18:32:49
5.072 214.268 775.122 18:32:50
5.052 483.561 1687.317 18:32:51
5.072 161.390 876.098 18:32:52
5.072 148.976 755.122 18:32:53
5.064 250.171 1270.732 18:32:54
5.072 152.878 777.073 18:32:55
5.076 149.390 758.537 18:32:56
5.064 289.463 1241.951 18:32:57
5.076 147.390 752.195 18:32:58
5.060 366.854 1696.585 18:32:59
5.072 164.390 827.805 18:33:00
5.072 191.293 967.805 18:33:01
5.052 244.585 1236.585 18:33:02
5.064 265.683 1068.780 18:33:03
5.072 190.390 950.244 18:33:04
5.044 517.341 2583.902 18:33:05
5.076 162.195 823.902 18:33:06
5.072 162.780 826.341 18:33:07
5.044 476.049 1696.585 18:33:08
5.068 242.488 1273.171 18:33:09
5.068 250.683 1694.146 18:33:10
5.076 162.878 826.341 18:33:11
5.076 162.976 826.341 18:33:12
5.064 251.488 1338.049 18:33:13
5.068 248.780 827.805 18:33:14
5.064 249.683 1265.366 18:33:15
5.064 252.878 1497.073 18:33:16
5.064 175.073 888.780 18:33:17
5.064 303.561 1257.073 18:33:18
5.072 166.878 826.341 18:33:19
5.068 252.171 1368.293 18:33:20
5.076 163.488 1468.780 18:33:21
5.064 259.171 1313.171 18:33:22
5.064 248.780 1581.463 18:33:23
5.072 300.171 824.878 18:33:24
5.068 245.268 1249.268 18:33:25
5.064 227.976 1170.244 18:33:26
5.056 355.878 1732.683 18:33:27
5.064 214.976 1151.707 18:33:28
5.072 214.268 1232.195 18:33:29
5.064 242.488 1270.732 18:33:30
5.064 293.073 1354.634 18:33:31
5.072 195.488 986.829 18:33:32
5.068 182.073 933.659 18:33:33
5.072 204.878 759.512 18:33:34
5.076 177.073 826.341 18:33:35
5.072 250.366 1267.805 18:33:36
5.064 203.683 1061.463 18:33:37
5.064 251.366 1282.927 18:33:38
5.072 147.878 746.341 18:33:39
5.072 147.585 742.439 18:33:40
5.068 241.488 1246.829 18:33:41
5.072 168.488 821.463 18:33:42
5.068 255.366 2336.098 18:33:43
5.072 224.390 1121.951 18:33:44
5.076 147.293 744.878 18:33:45
5.076 146.780 743.415 18:33:46
5.076 160.293 809.756 18:33:47
5.076 147.195 743.415 18:33:48
5.072 160.195 808.780 18:33:49
5.068 240.366 823.902 18:33:50
5.076 148.780 755.122 18:33:51
