5.060 321.683 1628.780 04:53:08
5.076 156.390 796.829 04:53:09
5.076 144.000 731.220 04:53:10
5.076 158.793 801.951 04:53:11
5.068 153.195 759.756 04:53:12
5.072 145.098 985.854 04:53:13
5.068 148.195 760.976 04:53:14
5.076 143.000 724.146 04:53:15
5.072 158.598 805.122 04:53:16
5.076 174.695 862.439 04:53:17
5.076 144.000 727.805 04:53:18
5.076 158.598 807.317 04:53:19
5.076 142.793 723.659 04:53:20
5.072 159.500 802.927 04:53:21
5.072 144.890 741.220 04:53:22
5.072 184.793 994.634 04:53:23
5.076 146.000 732.439 04:53:24
5.076 143.500 728.780 04:53:25
5.072 158.695 805.122 04:53:26
5.076 143.500 728.537 04:53:27
5.068 269.793 1233.659 04:53:28
5.072 183.195 905.610 04:53:29
5.076 144.098 729.756 04:53:30
5.076 144.293 727.317 04:53:31
5.072 143.695 730.976 04:53:32
5.076 157.500 791.220 04:53:33
5.076 143.695 728.780 04:53:34
5.072 157.500 796.098 04:53:35
5.076 143.293 731.220 04:53:36
5.076 144.098 731.220 04:53:37
5.076 213.890 1039.756 04:53:38
5.076 144.195 730.000 04:53:39
5.076 156.793 796.829 04:53:40
5.076 142.793 726.829 04:53:41
5.056 371.488 1850.244 04:53:42
5.076 143.390 728.049 04:53:43
5.076 143.293 727.317 04:53:44
5.076 176.195 737.805 04:53:45
5.076 144.195 732.439 04:53:46
5.072 158.500 806.341 04:53:47
5.076 143.598 727.317 04:53:48
5.064 250.293 984.634 04:53:49
5.076 143.293 727.317 04:53:50
5.080 144.098 727.805 04:53:51
5.076 158.793 805.610 04:53:52
5.076 145.500 736.098 04:53:53
5.080 143.390 731.220 04:53:54
5.076 156.390 795.122 04:53:55
5.076 144.000 727.805 04:53:56
5.076 157.293 797.561 04:53:58
5.072 145.390 736.098 04:53:59
5.080 143.500 730.976 04:54:00
5.076 158.598 800.488 04:54:01
5.072 145.098 738.537 04:54:02
5.076 157.293 792.927 04:54:03
5.076 143.890 727.317 04:54:04
5.076 157.293 797.561 04:54:05
5.076 143.293 730.488 04:54:06
5.076 143.293 730.976 04:54:07
5.076 158.390 876.829 04:54:08
5.076 143.000 730.488 04:54:09
5.072 176.390 803.659 04:54:10
5.076 143.890 725.366 04:54:11
5.076 173.195 738.537 04:54:12
5.076 144.390 731.220 04:54:13
5.076 144.098 728.780 04:54:14
5.072 172.598 800.732 04:54:15
5.076 145.000 734.146 04:54:16
5.076 147.390 748.049 04:54:17
5.076 145.000 734.878 04:54:18
5.076 143.500 727.805 04:54:19
5.076 156.695 800.488 04:54:20
5.076 144.000 728.537 04:54:21
5.076 156.793 796.098 04:54:22
5.076 143.293 730.976 04:54:23
5.064 262.488 1331.951 04:54:24
5.076 143.500 732.195 04:54:25
5.076 144.195 731.220 04:54:26
5.072 158.500 806.341 04:54:27
5.076 143.195 727.805 04:54:28
5.076 161.098 815.122 04:54:29
5.076 147.793 743.171 04:54:30
5.064 273.793 1360.732 04:54:31
5.076 144.195 730.000 04:54:32
5.072 143.195 731.220 04:54:33
5.076 156.500 796.829 04:54:34
5.076 143.098 727.805 04:54:35
5.060 244.793 1231.951 04:54:36
5.072 184.695 937.073 04:54:37
5.076 149.195 1290.244 04:54:38
5.072 219.195 1044.146 04:54:39
5.076 143.390 725.366 04:54:40
5.076 158.598 804.146 04:54:41
5.080 144.000 730.976 04:54:42
5.076 147.293 786.829 04:54:43
5.076 143.500 726.829 04:54:44
5.076 143.293 730.488 04:54:45
5.076 145.598 738.780 04:54:46
5.076 144.000 730.000 04:54:47
5.076 148.293 747.317 04:54:48
5.076 147.000 746.098 04:54:49
5.064 271.793 1327.073 04:54:50
5.076 144.195 730.976 04:54:51
5.076 143.695 732.195 04:54:52
5.076 146.598 736.098 04:54:53
5.076 143.890 804.146 04:54:54
5.076 143.890 726.829 04:54:55
5.076 156.000 797.561 04:54:56
5.076 143.390 724.390 04:54:57
5.064 241.890 1239.512 04:54:58
5.076 145.598 736.098 04:54:59
5.068 171.695 777.561 04:55:00
5.076 148.890 807.561 04:55:01
5.076 143.098 726.829 04:55:02
5.080 158.695 802.927 04:55:03
5.076 143.000 725.610 04:55:04
5.076 157.293 800.732 04:55:05
5.076 143.390 930.244 04:55:06
5.072 143.598 727.805 04:55:07
5.076 145.695 727.805 04:55:08
5.076 143.890 726.829 04:55:09
5.076 158.390 800.000 04:55:10
5.076 145.793 733.415 04:55:11
5.076 204.988 1043.415 04:55:12
5.076 143.390 732.439 04:55:13
5.072 143.098 731.220 04:55:14
5.072 158.500 803.659 04:55:15
5.072 143.390 726.585 04:55:16
5.076 166.695 797.561 04:55:17
5.076 145.293 730.976 04:55:18
5.072 194.488 1283.171 04:55:19
5.076 143.390 727.317 04:55:20
5.076 143.195 728.780 04:55:21
5.072 158.695 805.122 04:55:22
5.072 143.098 728.537 04:55:23
5.064 356.293 1597.317 04:55:24
5.072 184.793 923.171 04:55:25
5.076 227.890 738.049 04:55:26
5.080 144.293 728.537 04:55:27
5.076 144.098 731.220 04:55:28
5.076 158.500 801.951 04:55:29
5.076 144.000 731.220 04:55:30
5.068 157.500 796.341 04:55:31
5.076 144.293 732.927 04:55:32
5.080 142.598 728.537 04:55:33
5.076 158.793 807.317 04:55:34
5.076 143.890 730.488 04:55:35
5.076 157.098 794.390 04:55:36
5.076 144.890 740.000 04:55:37
5.076 252.488 878.049 04:55:38
5.076 143.793 728.537 04:55:39
5.076 144.098 732.195 04:55:40
5.068 175.598 939.024 04:55:41
5.076 143.195 725.610 04:55:42
5.080 157.000 792.439 04:55:43
5.076 143.293 728.537 04:55:44
5.076 143.793 730.488 04:55:45
5.076 143.195 727.317 04:55:46
5.076 143.793 729.268 04:55:47
5.072 159.500 806.098 04:55:48
5.076 143.098 732.195 04:55:49
5.068 192.293 983.415 04:55:50
5.076 144.098 734.146 04:55:52
5.076 144.000 730.976 04:55:53
5.072 157.098 797.561 04:55:54
5.076 145.598 794.146 04:55:55
5.076 143.695 730.000 04:55:56
5.072 156.695 790.732 04:55:57
5.076 152.598 728.537 04:55:58
5.072 158.195 805.122 04:55:59
5.076 154.500 785.610 04:56:00
5.060 306.585 1559.268 04:56:01
5.076 145.890 736.585 04:56:02
5.076 146.598 739.756 04:56:03
5.076 156.793 865.610 04:56:04
5.072 143.293 732.195 04:56:05
5.072 158.098 805.610 04:56:06
5.076 143.390 727.805 04:56:07
5.072 278.695 1325.122 04:56:08
5.076 144.793 740.000 04:56:09
5.076 148.793 736.098 04:56:10
5.076 157.390 800.488 04:56:11
5.064 143.293 726.098 04:56:12
5.048 319.780 1218.049 04:56:13
5.080 143.683 731.220 04:56:14
5.076 144.098 730.732 04:56:15
5.076 159.293 800.000 04:56:16
5.076 143.683 732.195 04:56:17
5.072 158.585 804.878 04:56:18
5.072 142.878 724.878 04:56:19
5.068 246.488 1214.634 04:56:20
5.076 143.195 998.049 04:56:21
5.080 143.293 727.317 04:56:22
5.076 156.780 797.561 04:56:23
5.076 143.293 731.220 04:56:24
5.076 157.976 1089.268 04:56:25
5.076 151.195 772.683 04:56:26
5.064 177.683 995.610 04:56:27
5.080 144.683 736.098 04:56:28
5.076 145.390 743.902 04:56:29
5.076 158.780 804.878 04:56:30
5.076 143.195 723.902 04:56:31
5.076 157.073 795.122 04:56:32
5.076 143.195 728.293 04:56:33
5.076 143.488 727.317 04:56:34
5.072 145.585 737.561 04:56:35
5.076 143.098 730.732 04:56:36
5.076 155.878 797.073 04:56:37
5.080 144.098 732.195 04:56:38
5.072 207.073 1066.829 04:56:39
5.076 144.098 726.341 04:56:40
5.076 143.976 730.732 04:56:41
5.076 173.585 1026.829 04:56:42
5.076 143.098 726.341 04:56:43
5.076 157.683 799.024 04:56:44
5.076 143.195 737.073 04:56:45
5.072 274.171 1062.927 04:56:46
5.076 143.976 731.220 04:56:47
5.076 143.293 730.732 04:56:48
5.076 157.780 1051.220 04:56:49
5.076 143.878 727.317 04:56:50
5.064 263.780 1591.220 04:56:51
5.072 145.585 754.634 04:56:52
5.076 143.585 727.317 04:56:53
5.064 323.659 800.000 04:56:54
5.076 143.585 730.732 04:56:55
5.072 144.878 734.634 04:56:56
5.064 158.488 804.878 04:56:57
5.076 143.976 742.439 04:56:58
5.076 156.780 796.098 04:56:59
5.076 143.780 723.902 04:57:00
5.076 196.171 956.585 04:57:01
5.076 145.195 735.122 04:57:02
5.076 143.780 734.634 04:57:03
5.076 156.390 798.537 04:57:04
5.076 143.195 723.415 04:57:05
5.076 179.976 790.244 04:57:06
5.076 145.585 740.976 04:57:07
5.072 144.098 726.341 04:57:08
5.072 158.488 858.537 04:57:09
5.076 144.293 731.220 04:57:10
5.072 159.390 810.244 04:57:11
5.076 158.585 812.195 04:57:12
5.072 185.878 963.902 04:57:13
5.076 143.976 730.732 04:57:14
5.076 143.488 726.341 04:57:15
5.076 158.390 795.122 04:57:16
5.076 143.195 728.293 04:57:17
5.076 144.098 740.976 04:57:18
5.072 144.976 735.122 04:57:19
5.076 142.683 726.341 04:57:20
5.076 158.390 810.244 04:57:21
5.076 143.488 725.854 04:57:22
5.076 152.585 1108.293 04:57:23
5.076 144.098 1048.780 04:57:24
5.080 144.293 730.732 04:57:25
5.068 253.683 803.902 04:57:26
5.076 147.195 742.439 04:57:27
5.064 326.073 1348.293 04:57:28
5.076 207.683 736.098 04:57:29
5.076 143.780 736.098 04:57:30
5.076 143.098 728.293 04:57:31
5.076 143.488 726.341 04:57:32
5.076 156.976 796.098 04:57:33
5.076 161.585 737.073 04:57:34
5.076 143.878 730.732 04:57:35
5.076 158.293 804.878 04:57:36
5.072 143.098 732.195 04:57:37
5.072 157.780 801.463 04:57:38
5.072 145.976 735.122 04:57:39
5.072 186.390 954.146 04:57:40
5.076 143.878 728.293 04:57:41
5.076 142.780 723.902 04:57:42
5.076 143.195 728.293 04:57:43
5.076 147.683 746.341 04:57:45
5.068 268.268 1360.488 04:57:46
5.076 212.488 1004.878 04:57:47
5.076 142.683 726.341 04:57:48
5.072 145.098 737.561 04:57:49
5.076 148.780 728.293 04:57:50
5.072 149.195 771.220 04:57:51
5.076 144.976 740.976 04:57:52
5.072 202.585 1003.902 04:57:53
5.076 144.976 735.122 04:57:54
5.076 145.098 739.512 04:57:55
5.072 144.976 995.610 04:57:56
5.080 143.976 722.439 04:57:57
5.076 145.683 728.780 04:57:58
5.080 145.488 735.122 04:57:59
5.076 142.878 727.317 04:58:00
5.072 210.171 754.634 04:58:01
5.076 145.390 740.976 04:58:02
5.072 156.780 796.098 04:58:03
5.076 156.976 792.195 04:58:04
5.076 150.098 765.854 04:58:05
5.076 156.683 796.098 04:58:06
5.076 240.585 988.780 04:58:07
5.072 143.293 732.195 04:58:08
5.076 144.683 768.780 04:58:09
5.072 157.683 800.976 04:58:10
5.080 144.878 739.512 04:58:11
5.068 219.585 991.707 04:58:12
5.076 145.293 735.122 04:58:13
5.072 158.293 989.268 04:58:14
5.080 144.195 735.122 04:58:15
5.076 167.293 805.854 04:58:16
5.072 210.488 1042.439 04:58:17
5.068 279.683 1055.122 04:58:18
5.072 143.683 726.341 04:58:19
5.072 156.073 795.122 04:58:20
5.072 163.683 833.659 04:58:21
5.076 207.390 991.220 04:58:22
5.076 200.683 737.561 04:58:23
5.076 143.195 728.293 04:58:24
5.076 146.098 739.512 04:58:25
5.076 143.390 725.854 04:58:26
5.076 147.195 743.415 04:58:27
5.076 144.878 771.220 04:58:28
5.076 149.780 759.512 04:58:29
5.072 197.976 960.488 04:58:30
5.076 145.488 736.098 04:58:31
5.076 143.195 905.366 04:58:32
5.076 146.683 740.976 04:58:33
5.076 143.293 726.341 04:58:34
5.076 146.293 746.341 04:58:35
5.076 202.878 906.341 04:58:36
5.076 144.976 752.683 04:58:37
5.080 145.585 1012.683 04:58:38
5.076 158.390 804.878 04:58:39
5.076 143.293 732.195 04:58:40
5.076 147.488 750.244 04:58:41
5.072 215.488 1846.341 04:58:42
5.080 145.098 726.341 04:58:43
5.076 143.195 727.317 04:58:44
5.076 146.195 766.341 04:58:45
5.076 144.878 739.512 04:58:46
5.076 144.293 729.756 04:58:47
5.072 192.780 970.244 04:58:48
5.072 203.390 1026.341 04:58:49
5.076 143.585 732.195 04:58:50
5.076 158.683 805.854 04:58:51
5.076 159.073 799.024 04:58:52
5.076 143.683 733.659 04:58:53
5.076 142.780 727.317 04:58:54
5.072 145.683 783.902 04:58:55
5.076 145.780 733.659 04:58:56
5.076 148.780 756.098 04:58:57
5.076 202.390 1034.146 04:58:58
5.076 143.195 728.780 04:58:59
5.080 144.780 738.537 04:59:00
5.076 156.780 795.122 04:59:01
5.072 154.683 735.122 04:59:02
5.076 147.683 748.780 04:59:03
5.072 149.878 763.902 04:59:04
5.072 162.780 854.146 04:59:05
5.072 145.293 739.512 04:59:06
5.076 143.878 730.732 04:59:07
5.076 156.780 792.195 04:59:08
5.076 200.390 732.195 04:59:09
5.076 176.488 887.317 04:59:10
5.068 177.293 962.927 04:59:11
5.076 143.195 728.293 04:59:12
5.076 148.195 755.122 04:59:13
5.076 143.878 728.293 04:59:14
5.072 206.683 1046.341 04:59:15
5.076 145.098 734.634 04:59:16
5.076 146.878 756.098 04:59:17
5.076 143.488 995.122 04:59:18
5.064 202.683 1118.049 04:59:19
5.076 143.488 726.341 04:59:20
5.076 143.098 767.317 04:59:21
5.076 177.780 932.683 04:59:22
5.076 143.488 727.317 04:59:23
5.076 143.098 992.683 04:59:24
5.080 144.976 740.000 04:59:25
5.068 205.878 1082.927 04:59:26
5.080 143.293 728.293 04:59:27
5.076 143.878 731.220 04:59:28
5.076 156.390 796.098 04:59:29
5.076 143.098 730.732 04:59:30
5.076 174.976 891.220 04:59:31
5.060 267.683 1035.610 04:59:32
5.076 145.488 738.537 04:59:33
5.076 147.195 748.780 04:59:34
5.072 144.780 737.073 04:59:35
5.076 143.293 728.293 04:59:36
5.076 146.878 748.780 04:59:37
5.076 143.390 730.732 04:59:39
5.068 243.366 1231.707 04:59:40
5.076 194.878 739.512 04:59:41
5.072 204.780 1040.000 04:59:42
5.076 144.390 739.512 04:59:43
5.076 142.390 728.293 04:59:44
5.076 201.293 735.122 04:59:45
5.076 144.976 794.634 04:59:46
5.068 237.171 1137.073 04:59:47
5.076 217.780 1017.561 04:59:48
5.076 142.976 728.293 04:59:49
5.076 143.293 727.317 04:59:50
5.080 142.683 727.317 04:59:51
5.068 237.488 1015.610 04:59:52
5.076 144.878 737.073 04:59:53
5.080 143.293 732.683 04:59:54
5.080 151.878 758.537 04:59:55
5.076 143.195 727.317 04:59:56
5.080 144.878 740.000 04:59:57
5.076 144.683 735.122 04:59:58
5.076 153.098 737.073 04:59:59
5.076 149.098 754.634 05:00:00
5.076 143.976 725.854 05:00:01
5.068 210.976 1068.780 05:00:02
5.080 144.976 775.122 05:00:03
5.076 149.488 759.512 05:00:04
5.080 144.195 729.756 05:00:05
5.076 143.488 728.293 05:00:06
5.076 158.780 804.878 05:00:07
5.076 144.195 731.220 05:00:08
5.076 157.073 797.561 05:00:09
5.076 144.488 731.220 05:00:10
5.076 142.585 722.439 05:00:11
5.076 144.878 731.220 05:00:12
5.076 144.878 735.122 05:00:13
5.076 159.390 807.317 05:00:14
5.076 199.488 745.854 05:00:15
5.072 190.976 911.220 05:00:16
5.076 156.683 796.098 05:00:17
5.076 142.976 725.854 05:00:18
5.076 148.585 758.537 05:00:19
5.076 143.293 726.341 05:00:20
5.072 283.366 1970.732 05:00:21
5.072 209.976 772.683 05:00:22
5.076 163.390 957.561 05:00:23
5.076 145.488 737.561 05:00:24
5.076 143.488 731.220 05:00:25
5.072 161.195 816.585 05:00:26
5.080 143.195 726.341 05:00:27
5.072 216.976 1096.585 05:00:28
5.072 153.098 1013.659 05:00:29
5.076 143.098 726.341 05:00:30
5.076 143.098 727.317 05:00:31
5.080 144.195 726.341 05:00:32
5.076 158.293 804.878 05:00:33
5.080 144.293 728.293 05:00:34
5.076 149.976 763.902 05:00:35
5.076 143.195 727.317 05:00:36
5.072 203.585 1039.024 05:00:37
5.080 145.293 737.561 05:00:38
5.076 143.780 728.780 05:00:39
5.076 158.390 804.878 05:00:40
5.076 143.878 727.317 05:00:41
5.076 150.585 763.902 05:00:42
5.076 144.780 736.098 05:00:43
5.072 193.171 992.683 05:00:44
5.076 156.976 790.244 05:00:45
5.076 152.293 728.293 05:00:46
5.076 156.073 808.780 05:00:47
5.080 143.683 780.976 05:00:48
5.068 439.659 2375.122 05:00:49
5.072 165.878 736.098 05:00:50
5.076 145.195 740.976 05:00:51
5.076 157.683 800.000 05:00:52
5.076 143.976 729.756 05:00:53
5.076 144.780 729.756 05:00:54
5.076 145.683 740.976 05:00:55
5.076 143.098 726.341 05:00:56
5.076 158.488 803.902 05:00:57
5.076 143.390 724.878 05:00:58
5.080 151.098 773.659 05:00:59
5.076 143.293 727.317 05:01:00
5.076 145.195 728.293 05:01:01
5.076 250.171 859.024 05:01:02
5.076 143.195 726.341 05:01:03
5.076 145.098 823.902 05:01:04
5.072 144.195 734.634 05:01:05
5.076 145.390 735.122 05:01:06
5.080 145.293 737.073 05:01:07
5.076 144.098 733.659 05:01:08
5.076 156.195 797.561 05:01:09
5.076 147.585 745.854 05:01:10
5.076 156.976 757.561 05:01:11
5.072 156.976 796.098 05:01:12
5.076 143.195 730.732 05:01:13
5.056 270.463 1704.878 05:01:14
5.064 241.878 1040.000 05:01:15
5.076 143.976 726.341 05:01:16
5.076 268.683 803.902 05:01:17
5.076 143.683 730.732 05:01:18
5.076 151.878 770.244 05:01:19
5.076 144.195 731.220 05:01:20
5.068 222.268 1061.951 05:01:21
5.076 143.390 727.317 05:01:22
5.080 143.878 731.220 05:01:23
5.076 156.780 796.098 05:01:24
5.076 142.488 725.854 05:01:25
5.072 157.390 793.659 05:01:26
5.076 142.976 726.341 05:01:27
5.076 143.878 726.341 05:01:28
5.072 245.171 803.902 05:01:29
5.080 143.293 726.341 05:01:30
5.068 254.268 1329.756 05:01:31
5.076 143.683 727.317 05:01:33
5.076 143.390 726.341 05:01:34
5.076 156.878 796.098 05:01:35
5.076 143.878 726.341 05:01:36
5.076 158.488 803.902 05:01:37
5.076 143.195 728.293 05:01:38
5.064 239.683 1303.415 05:01:39
5.076 152.293 731.220 05:01:40
5.076 143.195 750.244 05:01:41
5.076 158.585 803.415 05:01:42
5.076 142.878 735.122 05:01:43
5.076 156.878 798.537 05:01:44
5.072 200.780 880.000 05:01:45
5.076 142.976 725.854 05:01:46
5.076 156.585 791.220 05:01:47
5.076 143.390 727.317 05:01:48
5.076 158.293 867.805 05:01:49
5.076 144.878 733.659 05:01:50
5.072 145.098 860.976 05:01:51
5.076 143.293 727.317 05:01:52
5.080 142.780 726.341 05:01:53
5.068 240.683 1326.829 05:01:54
5.076 143.098 726.341 05:01:55
5.076 143.585 731.220 05:01:56
5.076 158.488 796.098 05:01:57
5.076 143.878 730.732 05:01:58
5.080 157.878 1221.951 05:01:59
5.080 144.683 737.561 05:02:00
5.072 206.780 1364.390 05:02:01
5.076 143.390 739.512 05:02:02
5.076 143.195 727.317 05:02:03
5.076 240.585 796.098 05:02:04
5.076 142.488 723.415 05:02:05
5.064 314.268 1597.073 05:02:06
5.072 217.268 882.439 05:02:07
5.080 148.195 726.341 05:02:08
5.076 144.780 728.293 05:02:09
5.076 143.488 727.317 05:02:10
5.076 147.780 754.634 05:02:11
5.072 191.390 1112.683 05:02:12
5.076 143.488 725.854 05:02:13
5.076 144.195 740.000 05:02:14
5.076 143.976 728.293 05:02:15
5.076 157.195 799.024 05:02:16
5.076 146.878 748.780 05:02:17
5.056 303.683 1413.171 05:02:18
5.076 145.585 854.146 05:02:19
5.080 143.195 726.341 05:02:20
5.076 143.976 732.195 05:02:21
5.076 144.585 732.195 05:02:22
5.064 321.171 1669.756 05:02:23
5.076 179.878 900.000 05:02:24
5.076 211.976 736.098 05:02:25
5.076 147.098 752.195 05:02:26
5.076 143.585 726.341 05:02:27
5.076 148.780 745.854 05:02:28
5.076 146.683 745.854 05:02:29
5.064 261.976 1356.098 05:02:30
5.076 143.780 727.317 05:02:31
5.076 144.098 729.756 05:02:32
5.072 158.073 799.024 05:02:33
5.076 142.585 727.317 05:02:34
5.076 156.878 803.415 05:02:35
5.076 142.683 724.878 05:02:36
5.076 143.780 727.317 05:02:37
5.076 145.293 739.512 05:02:38
5.072 143.293 726.341 05:02:39
5.072 157.585 800.000 05:02:40
5.076 143.488 729.756 05:02:41
5.068 261.585 1333.171 05:02:42
5.076 143.488 731.220 05:02:43
5.080 143.683 729.756 05:02:44
5.076 144.976 974.146 05:02:45
5.076 143.195 730.732 05:02:46
5.072 156.683 796.098 05:02:47
5.076 145.195 730.732 05:02:48
5.076 143.195 730.732 05:02:49
5.076 156.780 796.098 05:02:50
5.076 143.878 732.683 05:02:51
5.068 245.976 1235.610 05:02:52
5.076 144.976 739.512 05:02:53
5.076 143.976 730.732 05:02:54
5.072 158.683 805.854 05:02:55
5.076 148.390 752.195 05:02:56
5.072 191.683 895.122 05:02:57
5.068 164.390 740.000 05:02:58
5.076 143.976 727.317 05:02:59
5.072 156.293 800.000 05:03:00
5.076 146.683 750.244 05:03:01
5.068 265.976 1345.854 05:03:02
5.076 142.878 727.317 05:03:03
5.076 143.878 726.341 05:03:04
5.072 157.780 1037.561 05:03:05
5.076 143.780 729.756 05:03:06
5.076 157.073 796.098 05:03:07
5.080 222.780 947.317 05:03:08
5.076 143.683 726.341 05:03:09
5.076 163.976 803.902 05:03:10
5.076 144.585 732.195 05:03:11
5.060 318.780 1625.854 05:03:12
5.076 180.878 1030.244 05:03:13
5.080 143.976 730.732 05:03:14
5.080 143.195 723.902 05:03:15
5.076 143.390 730.732 05:03:16
5.076 156.878 797.073 05:03:17
5.076 147.683 748.780 05:03:18
5.068 265.366 1329.268 05:03:19
5.076 144.683 731.220 05:03:20
5.076 143.390 732.195 05:03:21
5.080 143.780 728.293 05:03:22
5.076 143.780 726.341 05:03:23
5.076 148.976 757.073 05:03:24
5.076 143.683 726.341 05:03:25
5.072 151.195 771.220 05:03:27
5.076 143.293 728.293 05:03:28
5.076 235.488 1049.268 05:03:29
5.076 149.976 761.463 05:03:30
5.076 142.976 726.341 05:03:31
5.072 192.390 982.439 05:03:32
5.076 143.585 736.098 05:03:33
5.076 147.878 750.244 05:03:34
5.076 143.976 726.341 05:03:35
5.076 190.976 950.244 05:03:36
5.076 147.683 755.122 05:03:37
5.072 144.488 737.073 05:03:38
5.072 222.683 927.317 05:03:39
5.076 145.488 769.756 05:03:40
5.076 147.878 748.293 05:03:41
5.076 143.878 728.293 05:03:42
5.076 143.585 723.902 05:03:43
5.080 150.293 762.439 05:03:44
5.076 143.390 730.732 05:03:45
5.076 147.780 757.561 05:03:46
5.076 143.293 728.293 05:03:47
5.072 219.171 1655.122 05:03:48
5.076 144.488 732.195 05:03:49
5.076 144.195 728.780 05:03:50
5.072 192.585 969.268 05:03:51
5.076 148.293 748.780 05:03:52
5.076 144.195 728.780 05:03:53
5.076 183.683 755.122 05:03:54
5.076 143.293 728.780 05:03:55
5.076 143.195 727.317 05:03:56
5.076 158.683 738.537 05:03:57
5.056 390.561 1090.244 05:03:58
5.076 144.683 742.439 05:03:59
5.076 144.098 725.854 05:04:00
5.072 152.293 767.317 05:04:01
5.076 145.390 740.976 05:04:02
5.076 144.390 731.220 05:04:03
5.076 142.683 732.195 05:04:04
5.072 208.488 1055.122 05:04:05
5.076 154.195 805.854 05:04:06
5.076 143.878 765.854 05:04:07
5.072 267.878 998.049 05:04:08
5.076 143.390 727.317 05:04:09
5.076 144.780 732.195 05:04:10
5.072 143.683 737.073 05:04:11
5.072 144.878 737.073 05:04:12
5.072 216.390 1102.927 05:04:13
5.076 144.878 740.000 05:04:14
5.076 143.195 731.220 05:04:15
5.076 143.976 743.415 05:04:16
5.076 149.878 760.000 05:04:17
5.072 248.976 1015.122 05:04:18
5.072 182.683 773.659 05:04:19
5.072 198.585 962.927 05:04:20
5.072 143.293 731.220 05:04:21
5.076 159.390 735.122 05:04:22
5.076 167.878 848.780 05:04:23
5.076 143.098 727.317 05:04:24
5.072 176.683 832.195 05:04:25
5.076 143.195 728.293 05:04:26
5.072 198.976 1000.000 05:04:27
5.072 188.390 901.463 05:04:28
5.076 143.098 816.098 05:04:29
5.076 144.195 732.195 05:04:30
5.076 144.098 726.341 05:04:31
5.076 149.683 763.902 05:04:32
5.076 144.098 732.195 05:04:33
5.076 149.683 763.902 05:04:34
5.080 156.488 791.220 05:04:35
5.076 143.878 730.732 05:04:36
5.076 142.780 725.854 05:04:37
5.072 143.195 727.317 05:04:38
5.072 206.585 1045.366 05:04:39
5.076 143.390 736.098 05:04:40
5.076 150.195 832.195 05:04:41
5.076 158.390 803.415 05:04:42
5.076 143.098 726.341 05:04:43
5.076 156.780 793.659 05:04:44
5.076 143.195 730.732 05:04:45
5.068 241.488 1210.732 05:04:46
5.080 210.390 748.780 05:04:47
5.072 155.878 803.415 05:04:48
5.072 143.293 728.293 05:04:49
5.076 152.976 748.293 05:04:50
5.076 147.976 803.902 05:04:51
5.076 143.195 728.293 05:04:52
5.076 143.683 726.341 05:04:53
5.076 207.268 755.122 05:04:54
5.076 143.390 723.902 05:04:55
5.072 183.683 954.146 05:04:56
5.076 144.878 735.122 05:04:57
5.076 145.683 746.341 05:04:58
5.076 143.195 728.293 05:04:59
5.076 143.098 726.341 05:05:00
5.080 147.878 748.293 05:05:01
5.076 199.780 735.122 05:05:02
5.076 150.585 760.000 05:05:03
5.076 142.780 732.683 05:05:04
5.080 143.195 726.341 05:05:05
5.076 147.098 745.854 05:05:06
5.076 143.390 737.073 05:05:07
5.072 308.268 1050.244 05:05:08
5.076 142.976 726.341 05:05:09
5.068 211.878 1051.220 05:05:10
5.080 143.780 729.756 05:05:11
5.076 143.488 726.341 05:05:12
5.076 157.073 796.098 05:05:13
5.076 143.780 735.122 05:05:14
5.076 151.293 771.220 05:05:15
5.068 200.073 789.756 05:05:16
5.076 143.878 732.195 05:05:17
5.076 143.293 726.341 05:05:18
5.072 159.073 731.220 05:05:19
5.064 239.171 1223.415 05:05:21
5.076 143.293 727.317 05:05:22
5.072 216.171 1091.707 05:05:23
5.076 145.293 738.537 05:05:24
5.080 142.780 726.341 05:05:25
5.076 149.585 1078.049 05:05:26
5.076 143.098 727.317 05:05:27
5.068 205.488 1045.366 05:05:28
5.080 145.683 737.073 05:05:29
5.072 186.073 976.098 05:05:30
5.076 143.195 731.220 05:05:31
5.076 143.585 770.244 05:05:32
5.072 145.780 736.098 05:05:33
5.076 145.488 736.098 05:05:34
5.072 182.976 922.439 05:05:35
5.080 143.293 852.683 05:05:36
5.076 143.293 722.439 05:05:37
5.076 157.390 925.366 05:05:38
5.076 143.195 729.756 05:05:39
5.076 156.878 803.415 05:05:40
5.076 143.098 727.317 05:05:41
5.076 148.098 750.244 05:05:42
5.076 143.293 727.317 05:05:43
5.076 143.195 729.756 05:05:44
5.076 199.780 735.122 05:05:45
5.076 143.293 724.878 05:05:46
5.076 156.683 797.561 05:05:47
5.076 144.585 791.220 05:05:48
5.076 149.780 769.756 05:05:49
5.076 197.073 737.561 05:05:50
5.076 142.488 724.878 05:05:51
5.076 151.195 772.195 05:05:52
5.076 145.488 733.659 05:05:53
5.076 146.683 749.756 05:05:54
5.072 157.585 750.244 05:05:55
5.072 217.268 1106.829 05:05:56
5.076 144.976 735.122 05:05:57
5.072 145.098 737.561 05:05:58
5.076 144.098 731.220 05:05:59
5.076 147.976 748.780 05:06:00
5.076 158.683 804.878 05:06:01
5.072 233.878 939.024 05:06:02
5.076 192.683 907.317 05:06:03
5.068 181.390 931.707 05:06:04
5.076 143.195 730.732 05:06:05
5.076 145.683 728.293 05:06:06
5.076 149.683 767.317 05:06:07
5.076 161.073 816.585 05:06:08
5.076 145.390 735.122 05:06:09
5.076 144.878 739.512 05:06:10
5.080 148.780 753.659 05:06:11
5.076 308.171 1059.024 05:06:12
5.076 151.585 763.415 05:06:13
5.076 143.195 728.293 05:06:14
5.076 143.195 725.854 05:06:15
5.076 193.976 748.780 05:06:16
5.076 146.976 740.976 05:06:17
5.076 143.293 732.683 05:06:18
5.080 153.976 758.537 05:06:19
5.072 214.976 1087.805 05:06:20
5.076 145.585 736.098 05:06:21
5.076 143.195 728.293 05:06:22
5.076 143.488 728.293 05:06:23
5.076 171.683 750.244 05:06:24
5.076 167.780 728.293 05:06:25
5.072 145.488 737.073 05:06:26
5.068 150.390 736.098 05:06:27
5.080 143.195 730.732 05:06:28
5.076 144.098 726.341 05:06:29
5.072 183.293 775.122 05:06:30
5.068 193.171 860.000 05:06:31
5.076 143.293 724.878 05:06:32
5.080 143.098 731.220 05:06:33
5.076 156.780 792.195 05:06:34
5.076 143.195 723.902 05:06:35
5.076 149.683 786.341 05:06:36
5.076 145.390 1015.610 05:06:37
5.072 217.780 990.244 05:06:38
5.072 186.976 986.341 05:06:39
5.076 144.098 729.756 05:06:40
5.076 148.780 754.634 05:06:41
5.076 143.976 729.756 05:06:42
5.068 265.878 1320.488 05:06:43
5.076 145.488 740.000 05:06:44
5.072 153.878 1026.829 05:06:45
5.076 144.195 875.122 05:06:46
5.076 143.390 723.902 05:06:47
5.076 157.073 792.683 05:06:48
5.076 143.098 726.341 05:06:49
5.072 208.878 1060.488 05:06:50
5.076 145.585 737.073 05:06:51
5.076 143.976 727.317 05:06:52
5.076 152.878 800.000 05:06:53
5.076 143.390 723.902 05:06:54
5.068 202.390 986.829 05:06:55
5.076 144.390 732.195 05:06:56
5.076 143.780 733.659 05:06:57
5.076 161.195 958.049 05:06:58
5.076 143.098 726.341 05:06:59
5.072 208.390 1038.049 05:07:00
5.076 143.585 726.341 05:07:01
5.076 143.098 726.341 05:07:02
5.076 145.585 734.634 05:07:03
5.076 143.195 726.341 05:07:04
5.076 197.293 979.024 05:07:05
5.076 148.878 1014.146 05:07:06
5.076 149.878 760.000 05:07:07
5.076 144.683 730.732 05:07:08
5.076 143.390 726.341 05:07:09
5.076 184.780 796.098 05:07:10
5.076 146.780 738.537 05:07:11
5.068 200.488 1036.585 05:07:13
5.072 191.171 834.634 05:07:14
5.076 172.683 876.098 05:07:15
5.076 157.390 799.024 05:07:16
5.080 144.098 730.732 05:07:17
5.076 158.390 803.902 05:07:18
5.076 143.780 726.341 05:07:19
5.072 170.585 957.561 05:07:20
5.076 143.585 728.293 05:07:21
5.072 143.390 730.732 05:07:22
5.076 156.878 790.244 05:07:23
5.076 143.195 728.293 05:07:24
5.076 158.683 806.341 05:07:25
5.076 143.878 727.317 05:07:26
5.072 186.780 957.561 05:07:27
5.076 143.390 729.756 05:07:28
5.076 144.293 731.220 05:07:29
5.076 158.683 805.854 05:07:30
5.076 143.976 726.341 05:07:31
5.072 217.268 1324.390 05:07:32
5.068 198.293 1085.366 05:07:33
5.080 144.488 726.341 05:07:34
5.076 142.976 723.902 05:07:35
5.076 143.098 726.341 05:07:36
5.076 157.073 797.073 05:07:37
5.076 143.098 728.293 05:07:38
5.072 217.268 1090.244 05:07:39
5.076 143.683 726.341 05:07:40
5.076 143.195 731.220 05:07:41
5.076 143.390 1008.780 05:07:42
5.076 144.293 730.732 05:07:43
5.080 156.585 795.122 05:07:44
5.080 147.098 745.854 05:07:45
5.072 260.171 1318.537 05:07:46
5.072 145.098 740.000 05:07:47
5.076 145.780 740.976 05:07:48
5.072 157.780 801.463 05:07:49
5.076 177.976 903.902 05:07:50
5.076 206.073 1026.341 05:07:51
5.076 144.683 730.732 05:07:52
5.076 143.390 726.341 05:07:53
5.056 287.976 2308.293 05:07:54
5.076 143.976 727.317 05:07:55
5.076 143.098 723.415 05:07:56
5.076 156.780 797.073 05:07:57
5.076 142.976 727.317 05:07:58
5.068 248.171 1254.146 05:07:59
5.064 200.683 975.122 05:08:00
5.076 142.488 770.244 05:08:01
5.076 144.976 735.122 05:08:02
5.076 144.098 726.341 05:08:03
5.076 155.878 795.122 05:08:04
5.076 202.780 895.122 05:08:05
5.064 284.463 1431.220 05:08:06
5.080 145.780 803.902 05:08:07
5.076 143.293 730.732 05:08:08
5.076 156.585 791.220 05:08:09
5.072 171.073 901.463 05:08:10
5.052 243.073 1663.415 05:08:11
5.076 143.293 731.220 05:08:12
5.076 144.390 736.098 05:08:13
5.076 243.488 1011.220 05:08:14
5.080 143.195 727.317 05:08:15
5.068 251.366 1278.537 05:08:16
5.076 218.780 997.561 05:08:17
5.076 143.195 727.317 05:08:18
5.076 145.976 738.537 05:08:19
5.076 144.098 727.317 05:08:20
5.076 155.976 796.098 05:08:21
5.076 150.195 756.098 05:08:22
5.060 263.976 1429.756 05:08:23
5.076 146.390 739.512 05:08:24
5.072 175.585 896.098 05:08:25
5.072 158.780 840.000 05:08:26
5.076 143.195 728.293 05:08:27
5.076 337.073 1235.610 05:08:28
5.076 157.073 902.927 05:08:29
5.076 142.780 723.902 05:08:30
5.076 156.683 791.220 05:08:31
5.076 143.195 732.195 05:08:32
5.076 163.780 1054.146 05:08:33
5.076 145.683 735.122 05:08:34
5.076 180.390 877.561 05:08:35
5.076 143.195 723.902 05:08:36
5.076 143.195 730.732 05:08:37
5.076 146.293 1010.244 05:08:38
5.076 144.390 732.683 05:08:39
5.068 240.171 2094.634 05:08:40
5.076 144.098 726.341 05:08:41
5.072 143.195 726.341 05:08:42
5.076 158.293 800.976 05:08:43
5.080 144.293 725.854 05:08:44
5.076 158.488 803.902 05:08:45
5.076 149.585 750.244 05:08:46
5.076 169.488 896.585 05:08:47
5.076 143.293 728.293 05:08:48
5.076 143.293 729.756 05:08:49
5.076 157.073 748.780 05:08:50
5.076 145.488 780.976 05:08:51
5.076 145.585 735.122 05:08:52
5.076 235.073 1026.341 05:08:53
5.076 143.390 730.732 05:08:54
5.068 237.073 1206.829 05:08:55
5.076 144.098 729.756 05:08:56
5.076 145.878 739.512 05:08:57
5.076 143.195 729.756 05:08:58
5.076 142.976 726.341 05:08:59
5.076 156.683 797.073 05:09:00
5.076 162.073 730.732 05:09:01
5.064 281.463 1511.220 05:09:02
5.076 143.585 1069.268 05:09:03
5.076 142.976 723.902 05:09:04
5.076 156.976 796.098 05:09:06
5.080 144.098 729.756 05:09:07
5.076 157.390 793.659 05:09:08
5.076 236.366 879.024 05:09:09
5.076 143.390 726.341 05:09:10
5.080 156.878 1270.732 05:09:11
5.076 146.488 735.122 05:09:12
5.076 147.390 861.463 05:09:13
5.076 144.976 735.122 05:09:14
5.076 158.195 796.098 05:09:15
5.076 144.195 735.122 05:09:16
5.076 143.293 731.220 05:09:17
5.072 221.390 796.098 05:09:18
5.076 144.293 735.122 05:09:19
5.072 224.976 1327.317 05:09:20
5.076 144.390 737.561 05:09:21
5.076 143.488 730.732 05:09:22
5.076 156.073 797.561 05:09:23
5.072 143.293 730.732 05:09:24
5.080 156.390 799.024 05:09:25
5.076 144.195 730.732 05:09:26
5.076 143.098 726.341 05:09:27
5.076 143.098 726.341 05:09:28
5.076 143.195 729.756 05:09:29
5.072 156.195 794.634 05:09:30
5.076 143.195 726.341 05:09:31
5.072 195.683 903.902 05:09:32
5.076 145.780 784.878 05:09:33
5.076 143.195 727.317 05:09:34
5.076 144.683 739.512 05:09:35
5.076 143.976 726.341 05:09:36
5.072 157.073 830.244 05:09:37
5.076 143.780 729.756 05:09:38
5.064 255.268 1547.317 05:09:39
5.076 157.780 805.854 05:09:40
5.076 144.098 730.732 05:09:41
5.064 158.780 804.878 05:09:42
5.076 148.293 747.317 05:09:43
5.072 199.585 994.146 05:09:44
5.076 143.976 727.317 05:09:45
5.076 143.683 726.341 05:09:46
5.076 156.780 798.537 05:09:47
5.076 146.878 748.780 05:09:48
5.060 387.854 1645.854 05:09:49
5.076 145.585 737.561 05:09:50
5.076 143.293 725.854 05:09:51
5.076 145.195 736.098 05:09:52
5.076 144.878 739.512 05:09:53
5.076 143.878 731.220 05:09:54
5.072 156.683 794.634 05:09:55
5.072 236.976 1042.927 05:09:56
5.072 176.293 1086.341 05:09:57
5.072 173.780 998.049 05:09:58
5.076 195.585 991.220 05:09:59
5.072 146.293 740.976 05:10:00
5.076 156.073 791.220 05:10:01
5.076 144.780 1011.220 05:10:02
5.076 143.488 730.732 05:10:03
5.076 142.976 728.293 05:10:04
5.076 143.098 726.341 05:10:05
5.072 144.195 730.732 05:10:06
5.076 144.878 730.732 05:10:07
5.076 149.585 760.000 05:10:08
5.076 146.390 1066.341 05:10:09
5.072 143.293 730.732 05:10:10
5.076 190.878 2154.146 05:10:11
5.072 200.878 736.098 05:10:12
5.076 147.293 745.854 05:10:13
5.072 158.976 920.000 05:10:14
5.076 142.488 728.780 05:10:15
5.076 150.293 763.415 05:10:16
5.076 143.878 726.341 05:10:17
5.076 173.293 880.976 05:10:18
5.072 240.171 797.561 05:10:19
5.072 206.780 872.683 05:10:20
5.080 143.683 731.220 05:10:21
5.076 146.780 726.341 05:10:22
5.076 143.293 726.341 05:10:23
5.076 156.390 794.634 05:10:24
5.076 144.098 726.341 05:10:25
5.076 143.098 730.732 05:10:26
5.076 145.098 740.976 05:10:27
5.076 143.293 726.341 05:10:28
5.076 157.976 800.000 05:10:29
5.076 143.780 730.732 05:10:30
5.068 204.976 1144.390 05:10:31
5.076 143.976 736.098 05:10:32
5.076 143.976 726.341 05:10:33
5.076 157.878 804.878 05:10:34
5.076 143.293 726.341 05:10:35
5.060 321.659 1269.268 05:10:36
5.080 143.878 728.293 05:10:37
5.080 142.293 723.415 05:10:38
5.076 155.976 799.024 05:10:39
5.076 143.293 730.732 05:10:40
5.068 253.268 1614.634 05:10:41
5.072 159.878 739.512 05:10:42
5.076 142.976 726.341 05:10:43
5.076 158.585 803.902 05:10:44
5.076 142.878 727.317 05:10:45
5.076 157.488 797.561 05:10:46
5.076 145.585 740.000 05:10:47
5.076 143.293 728.293 05:10:48
5.076 156.780 795.122 05:10:49
5.076 143.585 730.732 05:10:50
5.076 155.878 797.561 05:10:51
5.076 144.878 737.561 05:10:52
5.076 145.488 734.634 05:10:53
5.076 157.073 795.122 05:10:54
5.076 147.976 746.341 05:10:55
5.072 199.293 1012.683 05:10:56
5.072 142.683 729.756 05:10:57
5.080 143.293 727.317 05:10:58
5.072 145.098 739.512 05:10:59
5.080 151.780 770.244 05:11:00
5.072 147.878 743.415 05:11:02
5.068 238.683 1231.707 05:11:03
5.072 144.976 736.098 05:11:04
5.072 144.878 732.195 05:11:05
5.072 142.683 728.780 05:11:06
5.072 159.195 807.805 05:11:07
5.072 194.780 998.049 05:11:08
5.068 254.073 1519.512 05:11:09
5.068 148.585 759.512 05:11:10
5.076 142.390 726.341 05:11:11
5.072 147.780 748.780 05:11:12
5.076 146.585 746.341 05:11:13
5.068 215.488 1092.683 05:11:14
5.052 290.561 1116.585 05:11:15
5.076 146.683 743.902 05:11:16
5.076 156.780 843.902 05:11:17
5.072 145.195 742.439 05:11:18
5.072 156.488 796.098 05:11:19
5.072 151.878 763.902 05:11:20
5.076 145.488 1053.171 05:11:21
5.076 145.293 737.561 05:11:22
5.076 143.195 727.317 05:11:23
5.076 143.195 727.317 05:11:24
5.076 182.585 803.415 05:11:25
5.076 156.878 796.098 05:11:26
5.068 209.976 1065.366 05:11:27
5.076 143.683 726.341 05:11:28
5.072 159.195 796.098 05:11:29
5.072 145.098 735.122 05:11:30
5.072 158.585 804.878 05:11:31
5.076 156.878 797.073 05:11:32
5.068 206.268 1049.268 05:11:33
5.076 145.293 863.415 05:11:34
5.076 143.976 725.854 05:11:35
5.072 143.195 730.732 05:11:36
5.080 145.390 735.122 05:11:37
5.072 145.488 737.073 05:11:38
5.076 152.195 771.220 05:11:39
5.072 252.878 996.585 05:11:40
5.076 145.585 735.122 05:11:41
5.076 143.098 728.293 05:11:42
5.076 143.390 728.293 05:11:43
5.076 158.390 804.878 05:11:44
5.072 150.488 763.902 05:11:45
5.060 244.976 1309.268 05:11:46
5.076 144.976 739.512 05:11:47
5.076 143.195 723.902 05:11:48
5.080 143.878 727.317 05:11:49
5.076 148.780 745.854 05:11:50
5.076 144.780 1007.805 05:11:51
5.076 142.878 728.293 05:11:52
5.076 148.878 758.537 05:11:53
5.076 143.976 726.341 05:11:54
5.072 208.683 1062.927 05:11:55
5.076 144.098 802.439 05:11:56
5.076 142.780 726.341 05:11:57
5.076 144.488 737.073 05:11:58
5.076 145.780 733.659 05:11:59
5.072 217.268 1059.024 05:12:00
5.076 177.390 854.146 05:12:01
5.076 143.390 728.293 05:12:02
5.076 143.293 986.341 05:12:03
5.076 163.780 726.341 05:12:04
5.076 162.488 768.780 05:12:05
5.076 146.293 732.683 05:12:06
5.076 149.683 761.463 05:12:07
5.076 198.171 740.000 05:12:08
5.076 143.293 726.341 05:12:09
5.068 148.683 760.000 05:12:10
5.076 143.390 729.756 05:12:11
5.072 236.073 1210.732 05:12:12
5.076 144.098 732.195 05:12:13
5.068 225.488 1466.829 05:12:14
5.076 142.878 729.756 05:12:15
5.076 143.878 726.341 05:12:16
5.072 237.976 999.024 05:12:17
5.076 143.780 734.634 05:12:18
5.080 203.683 1007.805 05:12:19
5.080 142.683 731.220 05:12:20
5.076 143.293 736.098 05:12:21
5.072 145.780 736.098 05:12:22
5.076 143.976 732.195 05:12:23
5.076 169.878 810.244 05:12:24
5.076 144.780 736.098 05:12:25
5.068 234.780 1480.976 05:12:26
5.076 199.293 1014.146 05:12:27
5.076 143.390 737.073 05:12:28
5.076 143.195 728.293 05:12:29
5.076 143.195 733.659 05:12:30
5.068 164.585 795.122 05:12:31
5.076 144.098 728.293 05:12:32
5.080 145.390 734.634 05:12:33
5.076 179.073 790.244 05:12:34
5.076 142.976 727.317 05:12:35
5.068 252.878 804.878 05:12:36
5.076 143.780 725.854 05:12:37
5.068 208.390 1052.683 05:12:38
5.072 144.976 1066.341 05:12:39
5.076 143.293 726.341 05:12:40
5.076 145.195 740.976 05:12:41
5.076 143.195 728.780 05:12:42
5.076 156.488 798.537 05:12:43
5.076 143.488 727.317 05:12:44
5.072 200.390 962.439 05:12:45
5.076 143.293 732.683 05:12:46
5.076 144.098 730.732 05:12:47
5.076 158.195 801.463 05:12:48
5.080 143.195 730.732 05:12:49
5.072 151.098 752.195 05:12:50
5.072 146.488 761.463 05:12:51
5.076 143.780 730.732 05:12:52
5.076 157.780 805.854 05:12:53
5.076 143.098 728.293 05:12:54
5.064 285.780 1121.951 05:12:56
5.076 142.976 727.317 05:12:57
5.076 145.585 729.756 05:12:58
5.072 158.390 1249.268 05:12:59
5.076 142.780 724.878 05:13:00
5.076 158.195 804.878 05:13:01
5.076 143.976 728.293 05:13:02
5.068 213.683 1433.171 05:13:03
5.080 145.683 736.098 05:13:04
5.076 142.976 722.439 05:13:05
5.076 156.780 797.561 05:13:06
5.076 143.976 728.293 05:13:07
5.076 158.780 804.878 05:13:08
5.076 142.976 723.902 05:13:09
5.076 197.390 951.220 05:13:10
5.076 158.293 792.195 05:13:11
5.080 145.293 727.317 05:13:12
5.080 156.878 907.317 05:13:13
5.076 143.195 727.317 05:13:14
5.076 151.976 772.195 05:13:15
5.076 144.585 737.073 05:13:16
5.076 143.098 726.341 05:13:17
5.080 149.293 756.098 05:13:18
5.076 143.976 729.756 05:13:19
5.064 158.878 804.878 05:13:20
5.076 147.390 735.122 05:13:21
5.064 263.585 1235.610 05:13:22
5.072 146.585 864.878 05:13:23
5.076 143.195 730.732 05:13:24
5.076 158.683 797.561 05:13:25
5.076 143.195 728.293 05:13:26
5.076 156.585 796.098 05:13:27
5.076 143.878 727.317 05:13:28
5.072 159.976 771.220 05:13:29
5.076 168.390 820.000 05:13:30
5.076 146.585 725.854 05:13:31
5.072 146.488 1046.829 05:13:32
5.076 143.878 728.293 05:13:33
5.060 283.463 1458.537 05:13:34
5.076 143.195 727.317 05:13:35
5.076 142.488 723.415 05:13:36
5.076 156.976 797.561 05:13:37
5.076 144.488 730.732 05:13:38
5.076 156.073 799.024 05:13:39
5.076 143.976 806.341 05:13:40
5.076 143.293 727.317 05:13:41
5.076 199.780 735.122 05:13:42
5.080 143.488 724.878 05:13:43
5.072 157.683 801.463 05:13:44
5.076 146.780 745.854 05:13:45
5.068 205.171 1044.390 05:13:46
5.076 153.098 728.293 05:13:47
5.076 143.293 760.976 05:13:48
5.076 156.878 1287.805 05:13:49
5.076 144.390 728.293 05:13:50
5.064 331.268 2355.122 05:13:51
5.076 144.098 731.220 05:13:52
5.076 143.585 726.341 05:13:53
5.076 156.878 796.098 05:13:54
5.076 144.098 727.317 05:13:55
5.076 143.293 728.780 05:13:56
5.076 149.585 747.317 05:13:57
5.076 143.293 730.732 05:13:58
5.076 157.488 798.537 05:13:59
5.076 144.976 740.000 05:14:00
5.072 252.878 894.146 05:14:01
5.068 199.683 736.098 05:14:02
5.076 143.195 730.732 05:14:03
5.072 276.268 876.585 05:14:04
5.072 186.171 891.707 05:14:05
5.068 266.878 962.439 05:14:06
5.076 144.683 738.537 05:14:07
5.076 143.976 731.220 05:14:08
5.076 158.488 803.902 05:14:09
5.076 143.195 728.293 05:14:10
5.076 145.098 739.512 05:14:11
5.072 149.390 1075.610 05:14:12
5.076 144.293 732.683 05:14:13
5.072 158.585 793.659 05:14:14
5.080 143.488 724.878 05:14:15
5.068 259.878 1327.317 05:14:16
5.076 145.293 727.317 05:14:17
5.076 144.098 735.122 05:14:18
5.076 156.488 796.098 05:14:19
5.076 143.683 728.293 05:14:20
5.076 173.390 809.756 05:14:21
5.076 145.780 743.415 05:14:22
5.076 143.195 730.732 05:14:23
5.076 156.585 796.098 05:14:24
5.076 143.976 730.732 05:14:25
5.064 315.878 1621.463 05:14:26
5.076 195.390 1012.683 05:14:27
5.076 142.976 723.902 05:14:28
5.076 144.976 737.561 05:14:29
5.072 143.293 725.854 05:14:30
5.080 157.878 804.878 05:14:31
5.076 147.683 745.854 05:14:32
5.068 258.780 1318.537 05:14:33
5.072 145.683 737.561 05:14:34
5.072 143.098 726.341 05:14:35
5.076 158.585 803.902 05:14:36
5.076 143.683 726.341 05:14:37
5.064 238.171 1350.732 05:14:38
5.076 144.195 730.732 05:14:39
5.076 143.098 730.732 05:14:40
5.076 158.488 803.415 05:14:41
5.072 143.195 726.341 05:14:42
5.072 156.683 793.659 05:14:43
5.076 143.098 732.195 05:14:44
5.080 143.195 729.756 05:14:45
5.076 158.293 866.341 05:14:46
5.076 144.098 723.902 05:14:47
5.064 173.878 806.341 05:14:48
5.076 152.585 737.073 05:14:50
5.076 144.780 739.512 05:14:51
5.076 156.878 796.098 05:14:52
5.076 144.878 735.122 05:14:53
5.076 186.390 900.000 05:14:54
5.076 144.098 731.220 05:14:55
5.076 143.585 727.317 05:14:56
5.076 157.780 800.976 05:14:57
5.076 142.585 723.902 05:14:58
5.064 244.878 1215.610 05:14:59
5.076 142.878 728.293 05:15:00
5.072 196.585 729.756 05:15:01
5.072 155.976 795.122 05:15:02
5.076 143.585 725.854 05:15:03
5.060 326.561 1630.244 05:15:04
5.076 145.878 732.683 05:15:05
5.076 143.976 732.683 05:15:06
5.076 145.585 735.122 05:15:07
5.076 143.195 727.317 05:15:08
5.076 221.585 984.878 05:15:09
5.072 179.780 738.537 05:15:10
5.076 143.195 726.341 05:15:11
5.060 212.585 817.561 05:15:12
5.076 143.390 730.732 05:15:13
5.068 297.683 1438.537 05:15:14
5.076 143.195 732.683 05:15:15
5.076 143.098 722.439 05:15:16
5.076 156.878 797.073 05:15:17
5.076 142.683 723.902 05:15:18
5.068 243.268 1576.098 05:15:19
5.076 163.878 740.976 05:15:20
5.072 186.878 901.463 05:15:21
5.076 147.585 745.854 05:15:22
5.076 143.293 728.780 05:15:23
5.076 252.683 951.707 05:15:24
5.076 142.488 724.878 05:15:25
5.076 157.293 797.561 05:15:26
5.076 145.585 735.122 05:15:27
5.076 142.976 728.293 05:15:28
5.072 157.390 796.098 05:15:29
5.076 143.195 726.341 05:15:30
5.052 256.780 1642.439 05:15:31
5.068 195.976 1047.805 05:15:32
5.064 221.488 1238.049 05:15:33
5.080 145.098 739.512 05:15:34
5.076 143.293 730.732 05:15:35
5.076 158.878 804.878 05:15:36
5.076 144.293 733.659 05:15:37
5.072 169.293 924.878 05:15:38
5.076 142.780 777.073 05:15:39
5.080 142.585 723.902 05:15:40
5.076 157.488 797.073 05:15:41
5.072 197.585 1006.341 05:15:42
5.068 263.878 1344.390 05:15:43
5.076 143.488 995.122 05:15:44
5.076 143.293 731.220 05:15:45
5.076 158.293 802.439 05:15:46
5.076 143.976 730.732 05:15:47
5.068 157.293 797.073 05:15:48
5.076 143.878 726.341 05:15:49
5.072 143.195 727.317 05:15:50
5.076 144.683 1123.902 05:15:51
5.076 143.390 722.439 05:15:52
5.068 237.878 1208.293 05:15:53
5.072 143.390 730.732 05:15:54
5.080 143.780 726.341 05:15:55
5.072 158.878 803.902 05:15:56
5.076 142.976 723.902 05:15:57
5.072 150.683 765.854 05:15:58
5.076 143.878 980.488 05:15:59
5.072 194.585 990.244 05:16:00
5.076 143.976 732.195 05:16:01
5.076 143.098 726.341 05:16:02
5.072 158.683 807.317 05:16:03
5.076 142.976 727.317 05:16:04
5.076 158.585 803.415 05:16:05
5.076 143.293 759.512 05:16:06
5.076 144.878 739.512 05:16:07
5.076 146.195 740.976 05:16:08
5.076 143.195 730.732 05:16:09
5.076 143.293 728.293 05:16:10
5.076 299.463 1215.610 05:16:11
5.068 240.780 1216.585 05:16:12
5.076 220.268 1011.707 05:16:13
5.076 143.683 728.293 05:16:14
5.076 146.878 750.244 05:16:15
5.076 143.293 727.317 05:16:16
5.076 158.488 804.878 05:16:17
5.076 143.098 726.341 05:16:18
5.064 288.683 1040.000 05:16:19
5.076 143.390 728.293 05:16:20
5.076 143.195 728.780 05:16:21
5.076 158.585 805.854 05:16:22
5.076 143.195 728.293 05:16:23
5.068 252.585 1259.512 05:16:24
5.076 152.878 771.220 05:16:25
5.072 317.561 1105.366 05:16:26
5.068 200.488 735.122 05:16:27
5.076 143.293 728.293 05:16:28
5.076 159.976 807.805 05:16:29
5.076 143.293 731.220 05:16:30
5.076 179.683 804.878 05:16:31
5.080 144.293 731.220 05:16:32
5.068 209.878 1018.049 05:16:33
5.076 149.293 728.293 05:16:34
5.076 143.585 732.683 05:16:35
5.076 145.585 732.195 05:16:36
5.076 143.683 731.220 05:16:37
5.076 145.683 1020.488 05:16:38
5.076 143.878 724.878 05:16:39
5.076 157.585 802.439 05:16:40
5.076 144.098 729.756 05:16:41
5.076 143.195 733.659 05:16:42
5.076 143.976 730.732 05:16:43
5.076 142.488 726.341 05:16:45
5.076 158.683 805.854 05:16:46
5.076 143.878 726.341 05:16:47
5.068 317.171 1417.073 05:16:48
5.076 144.878 735.122 05:16:49
5.076 143.195 727.317 05:16:50
5.076 157.683 803.902 05:16:51
5.076 143.293 727.317 05:16:52
5.080 143.878 725.854 05:16:53
5.076 156.780 795.122 05:16:54
5.076 145.780 744.878 05:16:55
5.076 159.293 806.341 05:16:56
5.076 145.098 739.512 05:16:57
5.068 294.878 1448.293 05:16:58
5.076 143.195 732.195 05:16:59
5.076 143.780 723.902 05:17:00
5.072 207.585 1121.951 05:17:01
5.076 143.390 728.293 05:17:02
5.076 155.976 797.561 05:17:03
5.076 143.293 743.415 05:17:04
5.076 144.878 732.683 05:17:05
5.072 195.683 748.780 05:17:06
5.076 143.195 729.756 05:17:07
5.068 246.268 803.415 05:17:08
5.076 165.976 852.683 05:17:09
5.080 142.390 722.439 05:17:10
5.076 145.195 739.512 05:17:11
5.072 195.390 995.122 05:17:12
5.076 159.683 805.854 05:17:13
5.076 143.683 723.415 05:17:14
5.072 254.780 1056.585 05:17:15
5.080 143.390 728.780 05:17:16
5.076 146.683 740.976 05:17:17
5.076 158.390 804.878 05:17:18
5.080 146.585 731.220 05:17:19
5.076 143.488 726.341 05:17:20
5.080 144.293 731.220 05:17:21
5.072 204.073 1037.561 05:17:22
5.076 144.195 728.780 05:17:23
5.080 152.390 731.220 05:17:24
5.072 158.585 849.756 05:17:25
5.076 143.293 777.073 05:17:26
5.076 169.878 797.073 05:17:27
5.076 145.780 737.073 05:17:28
5.076 143.488 728.293 05:17:29
5.080 144.390 730.732 05:17:30
5.072 235.171 1030.244 05:17:31
5.076 146.780 748.780 05:17:32
5.080 144.195 729.756 05:17:33
5.068 207.683 1029.268 05:17:34
5.080 144.976 739.512 05:17:35
5.076 156.195 796.098 05:17:36
5.076 143.293 727.317 05:17:37
5.076 143.976 727.317 05:17:38
5.076 157.585 863.902 05:17:39
5.080 143.098 730.732 05:17:40
5.076 240.585 1027.805 05:17:41
5.076 143.293 727.317 05:17:42
5.076 150.976 764.878 05:17:43
5.080 144.293 730.732 05:17:44
5.076 143.780 726.341 05:17:45
5.076 156.780 795.122 05:17:46
5.076 143.488 726.341 05:17:47
5.076 158.683 804.878 05:17:48
5.076 143.488 728.293 05:17:49
5.076 145.390 1159.512 05:17:50
5.076 158.488 803.415 05:17:51
5.076 144.098 730.732 05:17:52
5.076 156.878 793.659 05:17:53
5.076 157.073 867.317 05:17:54
5.076 143.098 732.683 05:17:55
5.056 470.244 1230.244 05:17:56
5.076 146.878 743.415 05:17:57
5.076 143.195 728.293 05:17:58
5.080 143.976 902.439 05:17:59
5.072 212.488 977.561 05:18:00
5.076 143.976 729.756 05:18:01
5.076 143.780 727.317 05:18:02
5.080 157.878 803.902 05:18:03
5.076 143.195 730.732 05:18:04
5.072 158.683 807.805 05:18:05
5.076 145.780 744.878 05:18:06
5.072 160.073 738.537 05:18:07
5.076 158.585 1194.146 05:18:08
5.076 143.293 726.341 05:18:09
5.068 242.585 1218.049 05:18:10
5.076 233.268 728.780 05:18:11
5.076 156.878 796.098 05:18:12
5.076 155.683 879.024 05:18:13
5.076 144.390 730.732 05:18:14
5.076 142.780 728.780 05:18:15
5.076 143.195 727.317 05:18:16
5.068 240.171 1221.951 05:18:17
5.076 143.878 728.293 05:18:18
5.076 150.585 762.439 05:18:19
5.072 194.585 736.098 05:18:20
5.076 145.098 732.195 05:18:21
5.076 164.683 788.780 05:18:22
5.076 143.195 740.000 05:18:23
5.068 321.463 1267.805 05:18:24
5.076 144.780 741.463 05:18:25
5.072 192.878 1080.488 05:18:26
5.076 145.585 739.512 05:18:27
5.076 142.585 729.756 05:18:28
5.076 156.780 800.000 05:18:29
5.076 143.195 919.024 05:18:30
5.068 209.878 918.537 05:18:31
5.076 143.293 725.854 05:18:32
5.080 143.878 726.341 05:18:33
5.072 156.073 794.634 05:18:34
5.080 142.976 742.439 05:18:35
5.072 221.488 1110.732 05:18:36
5.076 143.390 730.732 05:18:38
5.076 143.098 729.756 05:18:39
5.076 157.073 795.122 05:18:40
5.076 143.195 732.195 05:18:41
5.076 156.878 797.561 05:18:42
5.076 143.390 726.341 05:18:43
5.076 143.293 732.195 05:18:44
5.076 144.195 727.317 05:18:45
5.072 143.390 726.341 05:18:46
5.072 181.171 803.415 05:18:47
5.072 146.683 749.756 05:18:48
5.064 226.585 1111.707 05:18:49
5.076 143.098 727.317 05:18:50
5.076 143.195 726.341 05:18:51
5.068 231.366 804.878 05:18:52
5.076 143.390 727.317 05:18:53
5.076 144.195 730.732 05:18:54
5.080 148.293 752.195 05:18:55
5.076 143.390 727.317 05:18:56
5.072 242.488 1200.488 05:18:57
5.076 144.585 740.976 05:18:58
5.072 193.390 1011.220 05:18:59
5.076 143.195 728.780 05:19:00
5.076 143.195 730.732 05:19:01
5.076 156.488 792.683 05:19:02
5.076 152.976 742.439 05:19:03
5.060 241.073 1211.707 05:19:04
5.076 144.878 737.561 05:19:05
5.076 142.976 730.732 05:19:06
5.076 157.780 799.024 05:19:07
5.072 143.390 728.293 05:19:08
5.064 158.390 806.341 05:19:09
5.072 205.878 886.341 05:19:10
5.076 174.390 734.634 05:19:11
5.076 146.976 732.195 05:19:12
5.076 144.098 734.634 05:19:13
5.076 157.390 796.098 05:19:14
5.076 143.878 744.878 05:19:15
5.076 190.171 957.561 05:19:16
5.076 142.488 728.293 05:19:17
5.080 142.683 728.293 05:19:18
5.076 156.683 788.780 05:19:19
5.076 143.780 726.341 05:19:20
5.064 291.171 1424.878 05:19:21
5.076 151.098 730.732 05:19:22
5.076 143.293 730.732 05:19:23
5.072 157.073 797.561 05:19:24
5.076 143.195 727.317 05:19:25
5.072 157.073 789.756 05:19:26
5.076 143.780 728.293 05:19:27
5.076 143.098 726.341 05:19:28
5.076 156.390 793.659 05:19:29
5.076 142.878 728.293 05:19:30
5.076 161.488 802.439 05:19:31
5.076 149.390 757.561 05:19:32
5.072 179.780 877.561 05:19:33
5.076 144.098 726.341 05:19:34
5.076 143.293 726.341 05:19:35
5.068 147.976 749.756 05:19:36
5.076 143.098 726.341 05:19:37
5.068 290.976 1433.171 05:19:38
5.076 145.098 738.537 05:19:39
5.072 142.878 726.341 05:19:40
5.076 158.488 804.878 05:19:41
5.072 173.683 896.585 05:19:42
5.076 157.195 797.561 05:19:43
5.076 144.098 735.122 05:19:44
5.076 143.195 732.195 05:19:45
5.076 197.878 727.317 05:19:46
5.076 143.195 732.195 05:19:47
5.076 161.488 930.244 05:19:48
5.076 144.293 740.000 05:19:49
5.068 168.195 990.244 05:19:50
5.076 144.390 729.756 05:19:51
5.076 143.683 726.341 05:19:52
5.068 242.878 1223.415 05:19:53
5.076 144.195 726.341 05:19:54
5.076 152.585 740.000 05:19:55
5.076 143.293 727.317 05:19:56
5.076 156.780 797.073 05:19:57
5.076 158.488 871.220 05:19:58
5.076 143.195 728.780 05:19:59
5.080 146.488 739.512 05:20:00
5.076 144.878 735.122 05:20:01
5.076 156.488 791.220 05:20:02
5.072 159.780 800.976 05:20:03
5.076 150.098 765.854 05:20:04
5.076 156.390 797.561 05:20:05
5.076 192.585 735.122 05:20:06
5.076 155.780 799.024 05:20:07
5.076 144.293 731.220 05:20:08
5.068 157.073 803.902 05:20:09
5.080 144.976 737.073 05:20:10
5.076 144.195 735.122 05:20:11
5.072 195.073 992.683 05:20:12
5.080 143.195 727.317 05:20:13
5.072 157.390 800.000 05:20:14
5.076 145.780 739.512 05:20:15
5.076 147.585 746.341 05:20:16
5.072 181.780 922.439 05:20:17
5.076 143.390 724.878 05:20:18
5.076 147.780 752.195 05:20:19
5.076 145.683 735.122 05:20:20
5.076 156.780 796.098 05:20:21
5.076 163.878 795.122 05:20:22
5.072 193.171 1332.195 05:20:23
5.076 142.683 737.073 05:20:24
5.076 143.976 735.122 05:20:25
5.068 236.976 1603.415 05:20:26
5.076 145.585 740.000 05:20:27
5.076 145.098 743.415 05:20:28
5.076 155.878 792.195 05:20:29
5.076 143.780 724.878 05:20:30
5.080 144.780 723.902 05:20:32
5.076 145.683 738.537 05:20:33
5.076 194.878 735.122 05:20:34
5.080 145.683 735.122 05:20:35
5.076 150.098 762.439 05:20:36
5.076 156.195 795.122 05:20:37
5.076 143.195 727.317 05:20:38
5.076 156.976 792.195 05:20:39
5.080 143.780 729.756 05:20:40
5.068 157.683 804.878 05:20:41
5.076 145.195 742.439 05:20:42
5.072 204.585 1040.488 05:20:43
5.076 143.390 732.195 05:20:44
5.076 143.098 723.415 05:20:45
5.076 159.073 800.000 05:20:46
5.076 143.195 726.341 05:20:47
5.064 292.268 1452.195 05:20:48
5.072 195.976 772.683 05:20:49
5.076 145.390 1061.951 05:20:50
5.080 185.683 1032.683 05:20:51
5.076 143.976 730.732 05:20:52
5.072 151.293 772.195 05:20:53
5.076 143.195 727.317 05:20:54
5.072 195.878 998.049 05:20:55
5.076 145.683 735.122 05:20:56
5.080 144.195 725.854 05:20:57
5.064 246.366 1234.146 05:20:58
5.076 171.073 1003.902 05:20:59
5.076 149.585 1136.585 05:21:00
5.076 146.585 749.756 05:21:01
5.076 143.195 735.122 05:21:02
5.076 145.585 736.098 05:21:03
5.076 143.293 731.220 05:21:04
5.076 155.976 796.098 05:21:05
5.076 144.976 734.634 05:21:06
5.072 214.171 1107.805 05:21:07
5.080 163.976 929.268 05:21:08
5.076 144.293 728.293 05:21:09
5.076 144.878 737.073 05:21:10
5.076 143.585 729.756 05:21:11
5.068 244.366 1227.805 05:21:12
5.076 150.585 737.073 05:21:13
5.072 226.390 1148.293 05:21:14
5.076 145.976 1015.610 05:21:15
5.076 147.488 727.317 05:21:16
5.076 151.683 728.293 05:21:17
5.076 198.683 911.220 05:21:18
5.072 158.390 796.098 05:21:19
5.076 149.488 750.244 05:21:20
5.072 207.390 1051.707 05:21:21
5.076 144.488 726.341 05:21:22
5.076 143.390 730.732 05:21:23
5.072 157.878 804.878 05:21:24
5.076 143.878 728.293 05:21:25
5.068 242.488 1348.293 05:21:26
5.076 143.195 736.098 05:21:27
5.076 144.976 738.537 05:21:28
5.076 143.585 730.732 05:21:29
5.076 143.780 726.341 05:21:30
5.076 157.683 802.439 05:21:31
5.080 142.976 726.341 05:21:32
5.068 278.683 1389.268 05:21:33
5.076 215.878 739.512 05:21:34
5.072 175.878 1101.951 05:21:35
5.072 187.488 1204.390 05:21:36
5.076 144.098 732.683 05:21:37
5.072 158.683 804.878 05:21:38
5.076 146.683 747.317 05:21:39
5.072 218.585 1097.561 05:21:40
5.076 144.878 739.512 05:21:41
5.076 143.780 722.439 05:21:42
5.076 159.195 810.244 05:21:43
5.076 143.390 729.756 05:21:44
5.072 158.585 804.878 05:21:45
5.076 144.780 778.537 05:21:46
5.076 206.780 1037.561 05:21:47
5.076 143.585 730.732 05:21:48
5.072 143.683 727.317 05:21:49
5.076 205.073 818.537 05:21:50
5.076 143.683 729.756 05:21:51
5.076 144.683 738.537 05:21:52
5.072 188.878 905.366 05:21:53
5.076 143.780 728.293 05:21:54
5.064 241.878 800.000 05:21:55
5.080 144.878 1048.780 05:21:56
5.076 144.195 729.756 05:21:57
5.076 155.976 796.098 05:21:58
5.076 142.683 726.341 05:21:59
5.076 156.780 796.098 05:22:00
5.076 215.171 865.366 05:22:01
5.080 143.976 726.341 05:22:02
5.076 143.195 732.683 05:22:03
5.076 143.488 728.780 05:22:04
5.076 158.683 804.878 05:22:05
5.076 147.976 751.220 05:22:06
5.076 239.780 902.439 05:22:07
5.068 144.780 739.512 05:22:08
5.080 143.293 726.341 05:22:09
5.076 160.488 797.073 05:22:10
5.076 146.098 789.756 05:22:11
5.072 279.683 1409.268 05:22:12
5.076 143.195 729.756 05:22:13
5.076 143.585 728.293 05:22:14
5.076 157.488 791.220 05:22:15
5.076 143.390 730.732 05:22:16
5.076 156.780 796.098 05:22:17
5.076 143.878 726.341 05:22:18
5.076 143.195 728.293 05:22:19
5.076 156.683 796.098 05:22:20
5.076 142.976 731.220 05:22:21
5.076 158.585 804.878 05:22:22
5.076 189.683 942.927 05:22:23
5.068 198.488 1442.439 05:22:24
5.076 143.293 726.341 05:22:26
5.076 142.878 726.341 05:22:27
5.072 158.488 795.122 05:22:28
5.076 179.976 876.098 05:22:29
5.076 176.293 893.659 05:22:30
5.076 158.390 804.878 05:22:31
5.076 156.195 791.220 05:22:32
5.072 159.488 805.854 05:22:33
5.076 147.195 749.756 05:22:34
5.076 143.098 722.439 05:22:35
5.076 143.878 726.341 05:22:36
5.076 144.976 829.756 05:22:37
5.072 155.488 792.683 05:22:38
5.076 143.293 727.317 05:22:39
5.068 203.488 1022.439 05:22:40
5.072 447.561 2388.293 05:22:41
5.076 143.488 726.341 05:22:42
5.076 157.390 800.000 05:22:43
5.076 158.683 795.122 05:22:44
5.068 243.073 1200.488 05:22:45
5.072 217.488 956.585 05:22:46
5.076 143.195 728.293 05:22:47
5.072 185.976 949.268 05:22:48
5.076 145.780 733.659 05:22:49
5.076 158.390 804.878 05:22:50
5.076 157.585 796.098 05:22:51
5.072 283.683 1060.000 05:22:52
5.076 148.390 1070.732 05:22:53
5.076 156.878 797.073 05:22:54
5.076 157.073 796.098 05:22:55
5.076 158.390 804.878 05:22:56
5.076 145.488 730.732 05:22:57
5.076 183.780 948.780 05:22:58
5.080 145.683 883.902 05:22:59
5.072 156.878 792.683 05:23:00
5.076 156.293 796.098 05:23:01
5.072 217.073 1219.024 05:23:02
5.076 172.878 763.415 05:23:03
5.076 144.195 726.341 05:23:04
5.076 143.293 732.195 05:23:05
5.076 145.098 739.512 05:23:06
5.076 158.488 892.683 05:23:07
5.076 157.390 797.073 05:23:08
5.076 175.878 893.659 05:23:09
5.076 157.293 792.195 05:23:10
5.064 145.390 740.000 05:23:11
5.076 157.878 801.463 05:23:12
5.076 145.098 733.659 05:23:13
5.072 202.683 1028.780 05:23:14
5.080 145.098 823.902 05:23:15
5.076 144.488 723.902 05:23:16
5.068 176.390 1242.927 05:23:17
5.076 143.195 729.756 05:23:18
5.072 207.780 1051.707 05:23:19
5.076 145.780 735.122 05:23:20
5.068 145.683 735.122 05:23:21
5.076 201.878 752.683 05:23:22
5.076 143.195 748.780 05:23:23
5.076 156.976 796.098 05:23:24
5.076 143.976 732.683 05:23:25
5.076 156.878 796.098 05:23:26
5.076 146.488 739.512 05:23:27
5.076 143.878 730.732 05:23:28
5.076 149.585 755.122 05:23:29
5.076 143.293 730.732 05:23:30
5.076 150.585 761.463 05:23:31
5.072 145.098 897.561 05:23:32
5.068 238.878 1278.049 05:23:33
5.076 143.976 734.634 05:23:34
5.076 143.488 728.293 05:23:35
5.076 157.780 802.439 05:23:36
5.076 143.585 731.220 05:23:37
5.072 218.268 1150.732 05:23:38
5.076 143.585 732.195 05:23:39
5.076 179.195 950.244 05:23:40
5.076 143.390 732.683 05:23:41
5.076 143.878 725.854 05:23:42
5.072 142.683 1016.585 05:23:43
5.076 143.195 730.732 05:23:44
5.072 159.390 803.902 05:23:45
5.076 144.683 735.122 05:23:46
5.072 185.073 852.195 05:23:47
5.076 199.683 739.512 05:23:48
5.080 143.976 729.756 05:23:49
5.076 158.390 803.415 05:23:50
5.072 169.780 893.659 05:23:51
5.076 232.585 738.537 05:23:52
5.076 155.878 794.634 05:23:53
5.080 143.878 729.756 05:23:54
5.064 469.659 2355.122 05:23:55
5.076 143.878 999.024 05:23:56
5.072 143.293 728.293 05:23:57
5.076 156.683 797.073 05:23:58
5.080 142.976 726.341 05:23:59
5.080 156.195 792.195 05:24:00
5.076 144.390 729.756 05:24:01
5.076 142.976 727.317 05:24:02
5.076 143.293 726.341 05:24:03
5.076 143.195 727.317 05:24:04
5.072 158.878 798.537 05:24:05
5.076 147.098 744.878 05:24:06
5.068 269.366 1316.098 05:24:07
5.076 144.585 743.415 05:24:08
5.076 143.293 728.780 05:24:09
5.072 156.390 789.756 05:24:10
5.060 143.976 727.317 05:24:11
5.072 236.683 1103.902 05:24:12
5.076 144.976 728.780 05:24:13
5.076 144.195 732.195 05:24:14
5.076 157.585 798.537 05:24:15
5.072 143.488 726.341 05:24:16
5.068 239.366 1206.829 05:24:17
5.072 144.293 728.293 05:24:18
5.076 143.488 732.683 05:24:20
5.076 156.976 792.683 05:24:21
5.076 143.390 728.780 05:24:22
5.076 144.098 730.732 05:24:23
5.076 200.585 736.098 05:24:24
5.076 143.098 727.317 05:24:25
5.068 158.585 805.854 05:24:26
5.076 144.098 730.732 05:24:27
5.072 249.878 1237.073 05:24:28
5.072 197.976 735.122 05:24:29
5.076 143.293 726.341 05:24:30
5.076 233.268 804.878 05:24:31
5.076 143.195 726.341 05:24:32
5.064 322.878 1233.171 05:24:33
5.076 144.878 740.000 05:24:34
5.080 143.585 730.732 05:24:35
5.076 158.878 804.878 05:24:36
5.076 143.293 730.732 05:24:37
5.076 156.390 792.683 05:24:38
5.076 145.878 727.317 05:24:39
5.076 144.585 726.341 05:24:40
5.076 143.780 730.732 05:24:41
5.076 143.195 728.293 05:24:42
5.068 157.293 797.561 05:24:43
5.076 143.293 728.780 05:24:44
5.076 146.390 744.878 05:24:45
5.076 144.293 730.732 05:24:46
5.076 142.390 729.756 05:24:47
5.072 157.293 793.659 05:24:48
5.076 143.293 728.293 05:24:49
5.068 239.268 1300.976 05:24:50
5.072 180.976 737.561 05:24:51
5.076 143.293 729.756 05:24:52
5.076 156.976 796.098 05:24:53
5.076 144.878 738.537 05:24:54
5.076 143.293 731.220 05:24:55
5.076 156.976 791.220 05:24:56
5.076 156.585 800.000 05:24:57
5.076 157.780 996.585 05:24:58
5.072 196.390 990.244 05:24:59
5.072 198.293 980.000 05:25:00
5.076 145.683 735.122 05:25:01
5.076 156.878 796.098 05:25:02
5.076 157.073 792.195 05:25:03
5.068 243.683 1212.195 05:25:04
5.072 181.780 985.366 05:25:05
5.076 232.683 777.561 05:25:06
5.076 144.683 728.293 05:25:07
5.076 153.780 735.122 05:25:08
5.076 157.780 800.976 05:25:09
5.076 155.683 844.878 05:25:10
5.064 159.976 827.805 05:25:11
5.064 454.756 2229.268 05:25:12
5.076 143.293 732.683 05:25:13
5.076 145.098 731.220 05:25:14
5.076 145.488 737.073 05:25:15
5.064 276.366 971.220 05:25:16
5.076 204.585 1048.780 05:25:17
5.076 142.976 1230.732 05:25:18
5.076 143.488 728.293 05:25:19
5.076 145.195 739.512 05:25:20
5.076 158.073 800.000 05:25:21
5.076 167.683 803.902 05:25:22
5.072 158.976 806.341 05:25:23
5.072 206.585 1044.390 05:25:24
5.076 148.488 842.439 05:25:25
5.072 158.390 805.854 05:25:26
5.076 156.878 796.098 05:25:27
5.076 156.878 792.683 05:25:28
5.076 156.195 2261.951 05:25:29
5.072 195.488 1424.878 05:25:30
5.076 145.976 737.561 05:25:31
5.076 145.976 730.732 05:25:32
5.076 156.780 797.073 05:25:33
5.076 142.976 1011.707 05:25:34
5.076 156.976 800.000 05:25:35
5.072 157.073 797.561 05:25:36
5.076 143.293 728.293 05:25:37
5.076 199.878 740.976 05:25:38
5.076 164.488 800.000 05:25:39
5.076 211.585 754.634 05:25:40
5.076 157.073 852.683 05:25:41
5.076 194.171 987.805 05:25:42
5.064 233.268 1167.805 05:25:43
5.076 143.195 728.293 05:25:44
5.076 155.976 796.098 05:25:45
5.076 143.488 729.756 05:25:46
5.076 155.585 736.098 05:25:47
5.076 156.878 796.098 05:25:48
5.076 143.976 728.293 05:25:49
5.076 144.098 729.756 05:25:50
5.072 158.780 797.073 05:25:51
5.076 144.976 736.098 05:25:52
5.076 190.171 833.659 05:25:53
5.080 158.073 800.976 05:25:54
5.072 142.585 725.854 05:25:55
5.068 240.780 1225.854 05:25:56
5.076 144.390 728.293 05:25:57
5.072 209.976 1042.927 05:25:58
5.072 143.683 980.488 05:25:59
5.076 143.195 727.317 05:26:00
5.076 157.585 796.098 05:26:01
5.080 143.976 730.732 05:26:02
5.068 321.976 1325.854 05:26:03
5.076 188.780 976.585 05:26:04
5.076 142.683 724.878 05:26:05
5.076 145.195 1016.585 05:26:06
5.076 144.293 732.195 05:26:07
5.072 158.585 1248.293 05:26:08
5.076 143.293 728.293 05:26:09
5.068 242.585 1214.146 05:26:10
5.076 145.488 737.561 05:26:11
5.076 156.878 800.976 05:26:12
5.072 242.878 803.415 05:26:14
5.076 143.390 730.732 05:26:15
5.064 238.780 1221.951 05:26:16
5.076 145.098 737.561 05:26:17
5.076 148.488 728.293 05:26:18
5.080 157.683 793.659 05:26:19
5.076 144.293 724.878 05:26:20
5.076 262.463 1245.854 05:26:21
5.076 220.073 1652.683 05:26:22
5.076 143.098 728.293 05:26:23
5.076 144.098 728.780 05:26:24
5.076 143.195 731.220 05:26:25
5.072 157.195 793.659 05:26:26
5.076 145.878 733.659 05:26:27
5.072 187.390 1404.878 05:26:28
5.076 172.780 743.415 05:26:29
5.076 143.488 728.293 05:26:30
5.076 156.878 792.195 05:26:31
5.076 143.098 728.293 05:26:32
5.072 214.171 1553.659 05:26:33
5.076 143.683 728.293 05:26:34
5.076 143.390 728.293 05:26:35
5.076 156.878 796.098 05:26:36
5.076 143.293 728.293 05:26:37
5.068 241.683 1211.707 05:26:38
5.076 144.195 730.732 05:26:39
5.076 143.098 730.732 05:26:40
5.076 164.878 795.122 05:26:41
5.080 143.390 727.317 05:26:42
5.076 156.976 797.073 05:26:43
5.076 209.488 734.634 05:26:44
5.080 143.390 726.341 05:26:45
5.072 145.098 1047.805 05:26:46
5.076 142.878 726.341 05:26:47
5.076 158.585 806.341 05:26:48
5.080 144.683 732.683 05:26:49
5.068 263.073 1309.756 05:26:50
5.080 145.780 735.122 05:26:51
5.076 143.195 728.293 05:26:52
5.072 239.073 1214.146 05:26:53
5.076 149.098 730.732 05:26:54
5.080 143.488 731.220 05:26:55
5.076 156.878 799.024 05:26:56
5.080 143.098 726.341 05:26:57
5.072 251.683 2336.098 05:26:58
5.076 143.390 730.732 05:26:59
5.080 143.098 728.293 05:27:00
5.076 149.293 758.537 05:27:01
5.076 143.976 727.317 05:27:02
5.064 241.780 1230.732 05:27:03
5.072 195.976 883.902 05:27:04
5.064 293.268 891.707 05:27:05
5.076 143.585 731.220 05:27:06
5.080 142.878 737.561 05:27:07
5.076 156.878 797.073 05:27:08
5.076 144.195 727.317 05:27:09
5.072 210.171 1318.537 05:27:10
5.076 163.878 728.780 05:27:11
5.076 157.293 795.122 05:27:12
5.076 172.488 796.098 05:27:13
5.076 144.878 726.341 05:27:14
5.072 205.683 1035.122 05:27:15
5.072 145.976 739.512 05:27:16
5.076 144.293 726.341 05:27:17
5.076 156.878 796.098 05:27:18
5.076 143.195 727.317 05:27:19
5.076 156.195 793.659 05:27:20
5.076 143.390 728.293 05:27:21
5.072 145.683 735.122 05:27:22
5.076 143.976 731.220 05:27:23
5.076 143.390 728.293 05:27:24
5.076 157.780 806.341 05:27:25
5.076 145.780 737.073 05:27:26
5.076 145.585 739.512 05:27:27
5.076 144.976 739.512 05:27:28
5.076 143.585 731.220 05:27:29
5.076 158.780 805.854 05:27:30
5.072 178.878 775.122 05:27:31
5.068 203.073 1140.488 05:27:32
5.076 143.488 1090.244 05:27:33
5.076 143.976 724.878 05:27:34
5.076 157.073 797.561 05:27:35
5.076 143.780 728.780 05:27:36
5.072 195.780 1050.244 05:27:37
5.076 147.780 747.317 05:27:38
5.076 143.878 732.683 05:27:39
5.076 158.585 804.878 05:27:40
5.076 144.293 728.780 05:27:41
5.068 263.268 1266.829 05:27:42
5.072 185.780 940.000 05:27:43
5.076 143.195 725.854 05:27:44
5.072 246.683 868.780 05:27:45
5.076 143.293 726.341 05:27:46
5.072 202.878 1389.756 05:27:47
5.076 145.585 735.122 05:27:48
5.080 144.293 728.780 05:27:49
5.076 156.780 796.098 05:27:50
5.076 196.488 869.756 05:27:51
5.076 145.293 737.073 05:27:52
5.076 156.780 802.439 05:27:53
5.076 194.488 978.049 05:27:54
5.064 236.585 1222.927 05:27:55
5.076 143.195 1042.439 05:27:56
5.076 144.976 739.512 05:27:57
5.072 156.878 793.659 05:27:58
5.076 157.195 793.659 05:27:59
5.076 156.976 797.073 05:28:00
5.076 143.585 730.732 05:28:01
5.072 156.878 797.073 05:28:02
5.076 159.073 792.195 05:28:03
5.076 144.293 728.293 05:28:04
5.064 159.488 809.756 05:28:05
5.076 144.293 728.293 05:28:06
5.076 145.195 1061.951 05:28:07
5.068 144.976 733.659 05:28:09
5.076 158.780 804.878 05:28:10
5.076 158.390 804.878 05:28:11
5.076 168.195 867.317 05:28:12
5.064 145.780 880.976 05:28:13
5.076 143.585 731.220 05:28:14
5.072 209.780 1100.488 05:28:15
5.076 152.878 737.561 05:28:16
5.076 143.878 784.878 05:28:17
5.076 159.878 812.195 05:28:18
5.072 197.073 924.878 05:28:19
5.076 157.195 797.561 05:28:20
5.076 146.878 737.561 05:28:21
5.076 156.976 796.098 05:28:22
5.072 156.780 797.561 05:28:23
5.068 222.073 1098.049 05:28:24
5.076 158.780 805.854 05:28:25
5.076 143.976 730.732 05:28:26
5.076 156.976 796.098 05:28:27
5.076 173.878 829.756 05:28:28
5.076 144.878 739.512 05:28:29
5.068 169.780 860.976 05:28:30
5.072 209.878 740.000 05:28:31
5.072 216.390 1126.829 05:28:32
5.076 144.195 726.341 05:28:33
5.072 156.878 792.683 05:28:34
5.076 158.488 805.854 05:28:35
5.076 149.683 757.561 05:28:36
5.076 152.390 750.244 05:28:37
5.076 161.488 843.415 05:28:38
5.072 175.683 927.805 05:28:39
5.076 143.195 728.780 05:28:40
5.076 156.976 797.561 05:28:41
5.068 171.683 797.561 05:28:42
5.076 143.488 728.293 05:28:43
5.072 150.293 761.463 05:28:44
5.060 222.585 1177.073 05:28:45
5.076 144.878 735.122 05:28:46
5.076 145.585 768.293 05:28:47
5.076 143.683 728.293 05:28:48
5.076 157.488 852.683 05:28:49
5.068 238.878 1227.805 05:28:50
5.076 149.195 758.537 05:28:51
5.076 144.293 732.195 05:28:52
5.076 143.488 730.732 05:28:53
5.072 207.390 957.561 05:28:54
5.072 175.683 969.268 05:28:55
5.076 144.390 724.878 05:28:56
5.076 159.488 804.878 05:28:57
5.076 157.073 796.098 05:28:58
5.076 156.976 795.122 05:28:59
5.076 157.073 793.659 05:29:00
5.076 143.976 729.756 05:29:01
5.076 156.878 792.683 05:29:02
5.072 145.195 739.512 05:29:03
5.076 156.976 796.098 05:29:04
5.076 157.195 797.073 05:29:05
5.068 235.976 1258.049 05:29:06
5.068 241.488 1282.927 05:29:07
5.076 144.878 735.122 05:29:08
5.076 156.293 789.756 05:29:09
5.076 156.780 792.683 05:29:10
5.076 171.195 1675.122 05:29:11
5.064 242.171 1250.244 05:29:12
5.072 166.585 745.854 05:29:13
5.076 178.683 885.366 05:29:14
5.076 143.195 726.341 05:29:15
5.076 157.585 797.561 05:29:16
5.076 159.488 808.780 05:29:17
5.068 209.390 1075.610 05:29:18
5.076 145.780 737.073 05:29:19
5.076 147.390 749.756 05:29:20
5.076 157.976 805.854 05:29:21
5.076 157.293 1144.390 05:29:22
5.072 156.488 789.756 05:29:23
5.068 238.683 1230.244 05:29:24
5.076 145.293 740.000 05:29:25
5.076 143.195 728.293 05:29:26
5.076 157.683 802.439 05:29:27
5.076 156.976 793.659 05:29:28
5.068 241.171 1262.927 05:29:29
5.068 268.366 1349.756 05:29:30
5.076 143.195 1199.024 05:29:31
5.076 144.390 732.195 05:29:32
5.072 158.585 1270.732 05:29:33
5.076 157.878 799.024 05:29:34
5.076 156.488 795.122 05:29:35
5.076 156.976 797.561 05:29:36
5.072 165.683 882.439 05:29:37
5.076 143.780 726.341 05:29:38
5.072 155.976 800.000 05:29:39
5.076 165.293 796.098 05:29:40
5.076 173.195 807.317 05:29:41
5.076 157.073 793.659 05:29:42
5.072 209.390 1042.927 05:29:43
5.076 145.488 737.561 05:29:44
5.076 145.780 736.098 05:29:45
5.072 156.780 796.098 05:29:46
5.076 155.390 793.659 05:29:47
5.064 251.780 1003.902 05:29:48
5.064 275.171 1376.098 05:29:49
5.076 143.780 730.732 05:29:50
5.072 174.585 852.683 05:29:51
5.076 145.488 735.122 05:29:52
5.076 158.585 806.341 05:29:53
5.080 144.195 730.732 05:29:54
5.072 182.390 1020.488 05:29:55
5.076 199.585 737.073 05:29:56
5.076 143.585 732.195 05:29:57
5.076 156.976 797.073 05:29:58
5.072 252.878 1050.244 05:29:59
5.076 148.390 747.317 05:30:00
5.076 144.976 735.122 05:30:01
5.080 143.585 732.195 05:30:03
5.076 143.585 732.195 05:30:04
5.080 147.390 744.878 05:30:05
5.080 143.780 832.195 05:30:06
5.076 143.195 728.293 05:30:07
5.076 145.098 726.341 05:30:08
5.072 157.073 797.073 05:30:09
5.076 143.488 732.195 05:30:10
5.072 209.390 1056.585 05:30:11
5.068 207.585 1101.463 05:30:12
5.076 146.195 750.244 05:30:13
5.076 156.976 803.415 05:30:14
5.076 157.073 794.634 05:30:15
5.072 221.488 1124.390 05:30:16
5.068 250.683 1402.439 05:30:17
5.076 168.488 736.098 05:30:18
5.068 196.585 1075.122 05:30:19
5.072 172.390 922.927 05:30:20
5.064 159.293 931.707 05:30:21
5.076 215.683 781.463 05:30:22
5.076 144.390 999.024 05:30:23
5.076 156.073 794.634 05:30:24
5.080 143.098 980.488 05:30:25
5.076 161.683 813.659 05:30:26
5.076 157.878 807.317 05:30:27
5.076 156.585 799.024 05:30:28
5.076 158.683 802.439 05:30:29
5.072 145.976 813.659 05:30:30
5.076 145.878 733.659 05:30:31
5.076 144.098 726.341 05:30:32
5.076 156.195 800.976 05:30:33
5.076 157.293 796.098 05:30:34
5.072 194.878 979.024 05:30:35
5.076 156.585 797.561 05:30:36
5.072 145.098 738.537 05:30:37
5.076 161.585 805.854 05:30:38
5.076 143.976 727.317 05:30:39
5.072 172.488 808.780 05:30:40
5.076 153.683 737.073 05:30:41
5.076 144.293 749.756 05:30:42
5.072 196.683 1049.268 05:30:43
5.076 142.683 724.878 05:30:44
5.076 145.390 740.976 05:30:45
5.080 143.098 728.780 05:30:46
5.072 152.293 772.195 05:30:47
5.068 145.195 1165.854 05:30:48
5.076 143.488 740.000 05:30:49
5.076 156.390 1280.488 05:30:50
5.076 144.683 741.463 05:30:51
5.076 143.390 728.780 05:30:52
5.076 143.780 728.293 05:30:53
5.072 156.780 796.098 05:30:54
5.072 177.293 904.878 05:30:55
5.072 240.073 1216.585 05:30:56
5.072 167.683 732.195 05:30:57
5.076 156.390 793.659 05:30:58
5.076 147.488 750.244 05:30:59
5.072 206.585 1027.805 05:31:00
5.076 149.488 758.537 05:31:01
5.076 145.878 736.098 05:31:02
5.068 206.780 843.415 05:31:03
5.076 145.683 1048.780 05:31:04
5.076 146.780 746.341 05:31:05
5.076 156.073 795.122 05:31:06
5.076 143.780 728.780 05:31:07
5.072 147.488 748.780 05:31:08
5.076 143.488 732.195 05:31:09
5.076 158.585 800.000 05:31:10
5.076 146.780 843.415 05:31:11
5.072 201.585 1001.463 05:31:12
5.076 157.976 917.561 05:31:13
5.076 145.293 735.122 05:31:14
5.072 172.073 803.902 05:31:15
5.072 199.780 735.122 05:31:16
5.076 148.878 746.341 05:31:17
5.072 156.878 793.659 05:31:18
5.076 143.780 729.756 05:31:19
5.064 244.878 1093.171 05:31:20
5.076 145.293 740.976 05:31:21
5.076 144.976 737.073 05:31:22
5.076 156.073 795.122 05:31:23
5.072 203.780 1037.561 05:31:24
5.068 210.878 1074.146 05:31:25
5.072 200.976 1013.659 05:31:26
5.076 143.488 727.317 05:31:27
5.076 144.293 732.195 05:31:28
5.076 157.293 794.634 05:31:29
5.072 168.878 884.878 05:31:30
5.076 143.488 728.293 05:31:31
5.048 457.561 1220.488 05:31:32
5.076 143.390 728.293 05:31:33
5.072 206.268 1042.927 05:31:34
5.076 144.195 727.317 05:31:35
5.072 143.488 728.293 05:31:36
5.076 200.073 802.439 05:31:37
5.076 143.488 730.732 05:31:38
5.068 238.268 1233.171 05:31:39
5.076 144.878 737.073 05:31:40
5.076 144.683 732.195 05:31:41
5.072 156.878 796.098 05:31:42
5.076 143.976 730.732 05:31:43
5.076 156.976 796.098 05:31:44
5.076 142.878 726.341 05:31:46
5.064 244.268 1747.317 05:31:47
5.076 144.780 739.512 05:31:48
5.076 143.195 728.293 05:31:49
5.076 158.195 902.439 05:31:50
5.076 143.585 732.195 05:31:51
5.064 399.659 1598.537 05:31:52
5.080 144.098 730.732 05:31:53
5.076 153.098 727.317 05:31:54
5.076 158.195 806.341 05:31:55
5.072 145.195 735.122 05:31:56
5.072 238.683 1369.756 05:31:57
5.076 143.585 732.195 05:31:58
5.076 143.390 731.220 05:31:59
5.072 157.878 805.854 05:32:00
5.076 142.878 728.293 05:32:01
5.068 260.463 1219.024 05:32:02
5.076 145.683 737.561 05:32:03
5.076 143.585 728.780 05:32:04
5.076 149.683 1076.585 05:32:05
5.076 143.293 729.756 05:32:06
5.068 158.976 800.976 05:32:07
5.072 145.976 739.512 05:32:08
5.076 180.585 952.683 05:32:09
5.076 195.390 737.073 05:32:10
5.076 143.976 727.317 05:32:11
5.076 245.976 1273.171 05:32:12
5.076 142.976 757.073 05:32:13
5.072 219.171 1173.171 05:32:14
5.072 146.098 743.902 05:32:15
5.072 143.098 730.732 05:32:16
5.076 145.878 736.098 05:32:17
5.072 142.683 728.293 05:32:18
5.076 156.976 798.537 05:32:19
5.076 144.390 733.659 05:32:20
5.076 146.683 760.000 05:32:21
5.076 143.585 728.780 05:32:22
5.076 144.098 727.317 05:32:23
5.072 156.390 797.561 05:32:24
5.076 145.780 740.976 05:32:25
5.060 322.073 2047.805 05:32:26
5.080 143.293 731.220 05:32:27
5.076 143.683 732.195 05:32:28
5.076 159.195 832.195 05:32:29
5.076 143.683 732.195 05:32:30
5.076 157.195 797.561 05:32:31
5.076 143.488 732.683 05:32:32
5.076 155.195 743.902 05:32:33
5.076 148.195 744.878 05:32:34
5.080 143.976 728.293 05:32:35
5.068 265.976 1375.610 05:32:36
5.076 189.780 1077.561 05:32:37
5.068 249.171 1328.293 05:32:38
5.076 143.683 727.317 05:32:39
5.076 146.488 740.976 05:32:40
5.076 288.561 1062.927 05:32:41
5.076 144.780 737.073 05:32:42
5.072 182.878 922.927 05:32:43
5.076 158.195 739.512 05:32:44
5.076 143.878 727.317 05:32:45
5.076 182.683 805.854 05:32:46
5.076 143.390 732.195 05:32:47
5.064 330.171 1643.902 05:32:48
5.076 145.293 1019.024 05:32:49
5.076 143.293 732.195 05:32:50
5.072 159.195 803.415 05:32:51
5.072 145.488 734.634 05:32:52
5.076 211.488 803.902 05:32:53
5.076 160.585 817.561 05:32:54
5.068 240.171 1220.488 05:32:55
5.076 149.195 760.000 05:32:56
5.076 145.098 737.561 05:32:57
5.068 161.195 814.634 05:32:58
5.076 143.976 727.317 05:32:59
5.076 158.585 803.902 05:33:00
5.076 145.878 733.659 05:33:01
5.072 187.171 734.634 05:33:02
5.072 151.780 777.073 05:33:03
5.076 143.585 728.293 05:33:04
5.076 158.683 803.902 05:33:05
5.076 200.683 735.122 05:33:06
5.076 156.585 793.659 05:33:07
5.072 166.878 734.634 05:33:08
5.076 143.780 728.293 05:33:09
5.076 156.976 797.073 05:33:10
5.076 150.488 761.463 05:33:11
5.072 333.878 1656.585 05:33:12
5.076 145.488 737.073 05:33:13
5.072 207.268 1063.902 05:33:14
5.076 143.683 726.341 05:33:15
5.076 143.293 728.293 05:33:16
5.072 156.976 793.659 05:33:17
5.080 143.293 735.122 05:33:18
5.072 189.171 962.439 05:33:19
5.076 145.390 1047.805 05:33:20
5.080 144.098 730.732 05:33:21
5.072 158.585 793.659 05:33:22
5.076 144.098 730.732 05:33:23
5.076 305.780 1233.171 05:33:24
5.072 178.683 899.024 05:33:25
5.068 218.390 1107.805 05:33:26
5.076 144.293 732.683 05:33:27
5.076 143.488 731.220 05:33:28
5.072 266.268 911.220 05:33:29
5.072 144.195 731.220 05:33:30
5.076 156.683 799.024 05:33:31
5.076 143.390 730.732 05:33:32
5.080 144.390 730.732 05:33:33
5.076 157.195 798.537 05:33:34
5.076 143.390 723.902 05:33:35
5.072 158.976 807.317 05:33:36
5.072 148.195 726.341 05:33:37
5.068 290.463 1413.659 05:33:38
5.076 145.293 736.098 05:33:40
5.076 143.293 730.732 05:33:41
5.076 156.073 797.073 05:33:42
5.076 143.488 728.293 05:33:43
5.076 157.195 798.537 05:33:44
5.076 145.293 739.512 05:33:45
5.076 228.171 1006.341 05:33:46
5.076 144.098 730.732 05:33:47
5.076 144.098 728.293 05:33:48
5.076 176.488 801.463 05:33:49
5.080 143.195 728.293 05:33:50
5.064 245.683 1234.634 05:33:51
5.076 144.488 740.000 05:33:52
5.076 144.195 731.220 05:33:53
5.064 218.073 1116.585 05:33:54
5.076 144.390 1054.146 05:33:55
5.076 142.976 728.780 05:33:56
5.072 158.780 805.854 05:33:57
5.076 143.195 732.683 05:33:58
5.068 241.976 1291.707 05:33:59
5.072 180.073 905.366 05:34:00
5.072 246.171 1142.927 05:34:01
5.076 147.585 749.756 05:34:02
5.076 142.976 728.293 05:34:03
5.076 156.976 796.098 05:34:04
5.076 145.098 744.878 05:34:05
5.064 239.171 1220.488 05:34:06
5.076 145.390 740.976 05:34:07
5.076 144.293 731.220 05:34:08
5.076 158.390 804.878 05:34:09
5.076 146.585 767.317 05:34:10
5.076 156.390 861.463 05:34:11
5.076 146.293 745.854 05:34:12
5.076 144.878 732.195 05:34:13
5.072 156.976 792.195 05:34:14
5.076 143.683 733.659 05:34:15
5.076 157.878 794.634 05:34:16
5.076 143.098 727.317 05:34:17
5.072 196.293 992.683 05:34:18
5.076 143.488 728.780 05:34:19
5.076 144.195 727.317 05:34:20
5.076 156.195 797.073 05:34:21
5.076 143.488 732.683 05:34:22
5.060 318.780 1629.756 05:34:23
5.076 145.683 739.512 05:34:24
5.076 145.293 728.293 05:34:25
5.080 232.585 803.902 05:34:26
5.076 143.488 728.293 05:34:27
5.076 149.780 763.415 05:34:28
5.076 143.976 731.220 05:34:29
5.076 142.488 734.634 05:34:30
5.076 211.683 735.122 05:34:31
5.076 143.976 730.732 05:34:32
5.072 171.976 795.122 05:34:33
5.076 158.585 803.902 05:34:34
