5.056 327.793 1652.439 20:02:22
5.072 160.598 809.512 20:02:23
5.076 147.598 748.537 20:02:24
5.044 474.756 2380.000 20:02:25
5.072 201.073 775.122 20:02:26
5.076 146.585 749.756 20:02:27
5.072 164.293 827.317 20:02:28
5.076 147.098 749.756 20:02:29
5.056 371.268 1821.463 20:02:30
5.072 240.683 1334.634 20:02:31
5.060 202.293 1230.244 20:02:32
5.076 244.268 1301.951 20:02:33
5.072 147.780 746.341 20:02:34
5.072 163.488 832.683 20:02:35
5.072 182.780 1001.463 20:02:36
5.052 362.268 2100.976 20:02:37
5.068 224.878 774.634 20:02:38
5.068 211.268 1069.268 20:02:39
5.072 155.976 1151.707 20:02:40
5.072 150.976 766.341 20:02:41
5.056 397.659 2431.220 20:02:42
5.072 218.390 975.122 20:02:43
5.056 332.976 1627.317 20:02:44
5.072 154.073 780.000 20:02:45
5.072 196.390 894.146 20:02:46
5.076 163.195 888.780 20:02:47
5.072 208.683 877.561 20:02:48
5.052 338.756 1852.683 20:02:49
5.072 148.976 843.415 20:02:50
5.060 309.463 1640.976 20:02:51
5.072 163.073 826.341 20:02:52
5.072 148.098 747.317 20:02:53
5.072 247.268 1255.610 20:02:54
5.076 162.878 827.317 20:02:55
5.072 188.073 876.098 20:02:56
5.072 184.488 949.268 20:02:57
5.072 161.195 1305.366 20:02:58
5.068 201.976 1073.171 20:02:59
5.072 331.780 1263.415 20:03:00
5.072 151.976 752.683 20:03:01
5.072 246.366 1059.024 20:03:02
5.068 164.878 839.024 20:03:03
5.060 296.366 1282.927 20:03:04
5.076 152.780 758.537 20:03:05
5.068 236.585 805.854 20:03:06
5.056 403.951 1722.439 20:03:07
5.072 283.171 951.707 20:03:08
5.040 512.049 2419.512 20:03:09
5.068 215.878 1075.122 20:03:10
5.072 158.683 752.683 20:03:11
5.072 152.488 772.195 20:03:12
5.072 162.585 833.659 20:03:13
5.056 405.854 2056.585 20:03:14
5.068 189.488 965.366 20:03:15
5.068 154.293 756.098 20:03:16
5.068 208.780 990.244 20:03:17
5.072 147.878 751.220 20:03:18
5.072 163.488 828.780 20:03:19
5.068 193.488 987.805 20:03:20
5.064 236.976 1545.854 20:03:21
5.068 179.390 941.463 20:03:22
5.076 148.683 754.634 20:03:23
5.072 162.976 824.878 20:03:24
5.072 163.390 826.341 20:03:25
5.064 271.780 1409.756 20:03:26
5.068 218.268 827.805 20:03:27
5.072 149.488 759.512 20:03:28
5.056 350.976 1248.293 20:03:29
5.068 265.073 1246.829 20:03:30
5.072 238.878 1022.439 20:03:31
5.072 162.878 827.317 20:03:32
5.076 147.195 748.780 20:03:33
5.060 222.878 832.683 20:03:34
5.060 215.780 1354.634 20:03:35
5.052 363.268 1833.659 20:03:36
5.072 274.976 825.366 20:03:37
5.072 147.683 744.878 20:03:38
5.072 227.976 796.098 20:03:40
5.072 149.683 760.000 20:03:41
5.056 356.366 1950.732 20:03:42
5.068 252.976 1079.024 20:03:43
5.064 260.976 1308.293 20:03:44
5.064 249.780 826.341 20:03:45
5.072 146.780 752.195 20:03:46
5.060 183.390 1436.098 20:03:47
5.072 212.683 1309.268 20:03:48
5.064 359.756 1617.561 20:03:49
5.072 247.268 1099.024 20:03:50
5.072 202.585 1020.488 20:03:51
5.072 177.585 821.463 20:03:52
5.068 235.976 1023.902 20:03:53
5.064 255.585 1240.488 20:03:54
5.072 160.585 813.659 20:03:55
5.072 147.878 746.341 20:03:56
5.052 420.366 2189.268 20:03:57
5.072 149.195 865.366 20:03:58
5.052 421.756 2152.195 20:03:59
5.068 211.780 1138.049 20:04:00
5.072 147.488 744.878 20:04:01
5.064 296.878 1269.268 20:04:02
5.076 152.585 774.634 20:04:03
5.072 239.683 1002.439 20:04:04
5.072 161.976 822.439 20:04:05
5.076 148.683 750.244 20:04:06
5.068 239.366 808.780 20:04:07
5.068 213.683 985.366 20:04:08
5.056 322.561 2150.732 20:04:09
5.068 247.976 1314.634 20:04:10
5.052 501.951 2571.220 20:04:11
5.068 241.488 1092.683 20:04:12
5.068 152.780 782.439 20:04:13
5.064 266.171 1278.049 20:04:14
5.060 340.463 2025.854 20:04:15
5.056 355.659 2036.585 20:04:16
5.076 150.585 760.000 20:04:17
5.072 160.390 816.098 20:04:18
5.072 170.195 827.805 20:04:19
5.072 161.293 816.585 20:04:20
5.056 400.366 2336.098 20:04:21
5.072 258.976 1033.171 20:04:22
5.068 213.878 1086.341 20:04:23
5.072 160.976 817.561 20:04:24
5.072 162.488 824.878 20:04:25
5.048 473.049 2423.902 20:04:26
5.052 337.463 2008.293 20:04:27
5.068 198.293 1260.976 20:04:28
5.072 215.878 988.780 20:04:29
5.064 179.488 797.561 20:04:30
5.060 351.561 1825.366 20:04:31
5.060 169.878 1439.512 20:04:32
5.068 215.488 1612.195 20:04:33
5.068 186.683 936.098 20:04:34
5.068 160.878 812.195 20:04:35
5.072 212.073 826.341 20:04:36
5.064 305.561 1263.415 20:04:37
5.056 482.561 2448.780 20:04:38
5.064 187.878 796.098 20:04:39
5.068 152.976 895.122 20:04:40
5.072 186.293 872.195 20:04:41
5.072 160.683 815.122 20:04:42
5.072 162.976 832.195 20:04:43
5.076 161.195 815.122 20:04:44
5.052 403.171 2304.878 20:04:45
5.072 153.488 764.878 20:04:46
5.068 237.585 1156.585 20:04:47
5.072 150.195 758.537 20:04:48
5.072 162.390 824.878 20:04:49
5.076 163.585 829.756 20:04:50
5.064 194.976 967.805 20:04:51
5.060 276.976 1367.317 20:04:52
5.072 147.293 861.463 20:04:53
5.072 162.878 827.805 20:04:54
5.056 315.659 1612.195 20:04:55
5.072 148.780 1211.707 20:04:56
5.076 150.878 767.317 20:04:57
5.072 162.878 826.341 20:04:58
5.072 246.878 824.878 20:04:59
5.052 297.366 1476.098 20:05:00
5.072 162.878 1400.976 20:05:01
5.072 211.878 755.122 20:05:02
5.072 162.293 826.341 20:05:03
5.072 152.585 780.000 20:05:04
5.052 309.659 1070.732 20:05:05
5.072 162.976 822.439 20:05:06
5.064 213.878 997.561 20:05:07
5.068 246.878 1192.683 20:05:08
5.064 186.878 938.537 20:05:09
5.044 402.659 2440.976 20:05:10
5.064 163.073 827.805 20:05:11
5.068 227.976 991.707 20:05:12
5.072 162.073 822.439 20:05:13
5.072 164.780 838.537 20:05:14
5.052 321.976 1800.488 20:05:15
5.068 176.878 1453.659 20:05:16
5.068 208.780 920.488 20:05:17
5.076 152.878 1299.512 20:05:18
5.072 160.585 812.683 20:05:19
5.060 324.659 1841.463 20:05:20
5.072 165.585 1250.732 20:05:21
5.072 155.195 792.195 20:05:22
5.056 332.976 1648.780 20:05:23
5.072 160.976 816.098 20:05:24
5.072 242.780 1239.024 20:05:25
5.072 149.488 752.195 20:05:26
5.072 166.976 758.537 20:05:27
5.072 152.878 781.463 20:05:28
5.072 162.073 1261.951 20:05:29
5.064 252.171 1260.488 20:05:30
5.064 217.878 942.927 20:05:31
5.056 329.878 1724.878 20:05:32
5.076 217.488 777.561 20:05:33
5.068 241.073 1057.561 20:05:34
5.072 156.195 792.683 20:05:36
5.072 190.293 1441.951 20:05:37
5.060 394.366 1683.415 20:05:38
5.060 243.073 1388.293 20:05:39
5.060 195.878 1021.463 20:05:40
5.064 162.488 824.878 20:05:41
5.068 211.488 1075.122 20:05:42
5.072 179.488 824.878 20:05:43
5.068 162.488 824.878 20:05:44
5.056 352.659 1619.024 20:05:45
5.060 299.878 1421.951 20:05:46
5.072 147.878 744.878 20:05:47
5.068 154.878 1103.902 20:05:48
5.076 162.683 823.902 20:05:49
5.052 245.976 1250.244 20:05:50
5.052 326.780 1652.683 20:05:51
5.068 252.976 1468.293 20:05:52
5.072 147.293 748.780 20:05:53
5.072 149.878 758.537 20:05:54
5.072 258.878 1060.000 20:05:55
5.076 161.073 809.756 20:05:56
5.056 380.854 2065.366 20:05:57
5.072 148.780 756.098 20:05:58
5.072 296.878 1156.585 20:05:59
5.076 162.195 821.463 20:06:00
5.072 163.488 826.341 20:06:01
5.068 262.976 1056.585 20:06:02
5.068 179.195 1449.756 20:06:03
5.064 285.878 1090.244 20:06:04
5.068 184.171 824.878 20:06:05
5.076 162.780 948.780 20:06:06
5.060 358.073 1572.683 20:06:07
5.064 338.976 1311.707 20:06:08
5.068 337.268 1784.878 20:06:09
5.076 149.488 758.537 20:06:10
5.068 206.488 1061.951 20:06:11
5.052 385.366 1358.537 20:06:12
5.064 265.878 1221.463 20:06:13
5.072 162.073 824.878 20:06:14
5.068 230.780 780.976 20:06:15
5.072 160.195 816.585 20:06:16
5.072 160.878 816.098 20:06:17
5.064 329.659 1441.951 20:06:18
5.064 234.878 828.780 20:06:19
5.076 149.195 818.537 20:06:20
5.064 185.073 950.244 20:06:21
5.072 248.585 1163.902 20:06:22
5.068 243.366 1276.585 20:06:23
5.052 367.073 2036.585 20:06:24
5.068 163.878 897.561 20:06:25
5.072 152.878 1079.024 20:06:26
5.068 215.780 820.976 20:06:27
5.068 213.683 1083.902 20:06:28
5.060 277.683 1578.537 20:06:29
5.064 238.268 1482.439 20:06:30
5.068 230.390 1146.341 20:06:31
5.072 162.585 825.366 20:06:32
5.076 148.683 761.463 20:06:33
5.072 228.073 840.976 20:06:34
5.072 161.488 825.366 20:06:35
5.072 265.780 1306.829 20:06:36
5.068 229.171 856.098 20:06:37
5.072 161.073 815.122 20:06:38
5.072 161.390 818.537 20:06:39
5.064 260.585 820.976 20:06:40
5.076 162.195 821.463 20:06:41
5.068 199.171 1068.780 20:06:42
5.072 159.976 759.512 20:06:43
5.060 254.780 1420.976 20:06:44
5.076 162.390 1096.585 20:06:45
5.052 400.268 2293.171 20:06:46
5.060 359.073 1846.829 20:06:47
5.072 190.488 977.561 20:06:48
5.076 148.390 749.756 20:06:49
5.072 162.488 825.366 20:06:50
5.068 278.463 1451.220 20:06:51
5.068 216.171 1067.805 20:06:52
5.072 148.585 758.537 20:06:53
5.064 152.976 780.000 20:06:54
5.072 170.780 867.317 20:06:55
5.056 279.268 1321.951 20:06:56
5.076 173.488 753.659 20:06:57
5.068 224.878 1045.366 20:06:58
5.072 225.683 1018.049 20:06:59
5.072 247.683 1326.829 20:07:00
5.060 314.171 1901.951 20:07:01
5.076 296.171 1326.829 20:07:02
5.072 390.659 1252.195 20:07:03
5.072 188.878 929.268 20:07:04
5.064 363.561 1441.951 20:07:05
5.064 257.463 1026.341 20:07:06
5.072 161.293 824.878 20:07:07
5.064 266.171 1328.293 20:07:08
5.064 328.561 1909.268 20:07:09
5.072 162.878 825.366 20:07:10
5.072 257.683 1149.268 20:07:11
5.060 202.780 1095.610 20:07:12
5.068 161.390 816.585 20:07:13
5.072 161.976 1503.415 20:07:14
5.076 162.585 827.317 20:07:15
5.064 161.488 827.805 20:07:16
5.064 219.073 1154.146 20:07:17
5.068 191.073 1468.780 20:07:18
5.060 298.683 1469.756 20:07:19
5.064 269.878 2150.732 20:07:20
5.064 246.366 1440.976 20:07:21
5.072 177.780 880.976 20:07:22
5.064 261.171 1297.073 20:07:23
5.060 248.683 1241.951 20:07:24
5.068 204.780 1011.220 20:07:25
5.072 261.268 1661.463 20:07:26
5.072 236.268 925.366 20:07:27
5.068 152.683 782.439 20:07:28
5.076 151.195 767.317 20:07:29
5.052 329.780 1656.098 20:07:30
5.056 342.878 2020.488 20:07:32
5.064 271.683 1350.732 20:07:33
5.072 154.390 780.000 20:07:34
5.072 161.585 820.000 20:07:35
5.064 250.488 1645.854 20:07:36
5.072 283.073 998.049 20:07:37
5.044 358.171 1940.488 20:07:38
5.076 153.293 777.561 20:07:39
5.076 159.878 816.098 20:07:40
5.076 162.780 826.341 20:07:41
5.064 250.366 1600.000 20:07:42
5.064 267.976 1339.512 20:07:43
5.072 166.780 777.073 20:07:44
5.072 186.585 1025.366 20:07:45
5.076 193.488 763.902 20:07:46
5.072 162.488 826.341 20:07:47
5.048 471.366 2045.366 20:07:48
5.064 266.366 1090.732 20:07:49
5.060 247.683 1582.439 20:07:50
5.072 204.171 757.073 20:07:51
5.072 159.585 807.317 20:07:52
5.064 338.366 1220.488 20:07:53
5.072 148.878 758.537 20:07:54
5.060 253.780 820.976 20:07:55
5.072 163.585 824.878 20:07:56
5.048 362.171 1656.585 20:07:57
5.072 204.585 983.902 20:07:58
5.072 255.171 823.902 20:07:59
5.056 473.561 2086.829 20:08:00
5.068 162.780 826.341 20:08:01
5.076 231.585 1627.317 20:08:02
5.072 151.098 766.341 20:08:03
5.068 215.268 1204.390 20:08:04
5.076 153.390 1107.805 20:08:05
5.072 162.780 824.878 20:08:06
5.072 370.561 2301.951 20:08:07
5.064 300.780 1415.610 20:08:08
5.060 341.268 1534.634 20:08:09
5.072 163.073 827.805 20:08:10
5.064 304.683 1821.463 20:08:11
5.064 243.683 1435.610 20:08:12
5.048 327.561 1255.610 20:08:13
5.060 298.073 1278.537 20:08:14
5.064 162.195 821.463 20:08:15
5.060 248.683 1269.268 20:08:16
5.064 275.683 1518.537 20:08:17
5.068 214.976 1063.902 20:08:18
5.064 247.171 1277.073 20:08:19
5.068 249.683 1060.000 20:08:20
5.068 224.171 1108.293 20:08:21
5.064 161.488 820.976 20:08:22
5.060 219.488 1146.829 20:08:23
5.072 176.195 829.756 20:08:24
5.064 378.854 1282.927 20:08:25
5.068 242.780 1237.073 20:08:26
5.072 162.683 820.976 20:08:27
5.072 187.878 944.878 20:08:28
5.056 389.561 1962.927 20:08:29
5.072 162.488 824.878 20:08:30
5.068 222.171 976.585 20:08:31
5.072 262.171 1423.415 20:08:32
5.076 152.683 777.073 20:08:33
5.072 194.073 1457.561 20:08:34
5.076 162.878 826.341 20:08:35
5.060 293.780 1453.659 20:08:36
5.068 194.878 1042.927 20:08:37
5.068 183.390 948.780 20:08:38
5.072 205.073 1014.146 20:08:39
5.072 163.195 824.878 20:08:40
5.056 351.073 2406.341 20:08:41
5.064 249.976 1497.561 20:08:42
5.076 162.976 823.902 20:08:43
5.068 207.268 1002.927 20:08:44
5.072 214.976 1109.268 20:08:45
5.064 164.390 832.195 20:08:46
5.072 163.073 825.366 20:08:47
5.068 251.683 1637.561 20:08:48
5.060 278.366 1406.829 20:08:49
5.064 227.585 1126.829 20:08:50
5.068 189.976 982.927 20:08:51
5.072 162.390 821.463 20:08:52
5.072 161.878 824.878 20:08:53
5.076 152.976 773.659 20:08:54
5.068 243.073 1283.415 20:08:55
5.052 404.854 1598.537 20:08:56
5.068 156.390 752.195 20:08:57
5.064 209.585 956.585 20:08:58
5.068 198.780 815.122 20:08:59
5.068 186.585 1412.195 20:09:00
5.072 148.098 760.000 20:09:01
5.076 147.878 747.317 20:09:02
5.052 417.171 2017.073 20:09:03
5.072 187.171 956.098 20:09:04
5.052 369.366 1797.561 20:09:05
5.068 179.073 919.024 20:09:06
5.076 241.171 807.317 20:09:07
5.068 236.976 1137.073 20:09:08
5.064 210.390 1068.780 20:09:09
5.060 256.585 1236.585 20:09:10
5.072 152.585 779.024 20:09:11
5.068 231.585 1091.707 20:09:12
5.072 156.878 791.220 20:09:13
5.068 243.878 1338.049 20:09:14
5.040 499.659 2326.341 20:09:15
5.068 215.683 777.073 20:09:16
5.060 324.878 1668.780 20:09:17
5.068 162.780 822.439 20:09:18
5.060 184.073 823.415 20:09:19
5.060 406.268 2062.927 20:09:20
5.068 245.366 1237.073 20:09:21
5.064 289.268 1304.390 20:09:22
5.072 233.585 975.122 20:09:23
5.064 325.268 1734.146 20:09:24
5.068 250.488 1153.171 20:09:25
5.064 184.683 1060.488 20:09:27
5.064 273.171 1384.390 20:09:28
5.068 203.976 1038.049 20:09:29
5.072 202.683 1026.829 20:09:30
5.064 163.073 826.341 20:09:31
5.048 251.780 1274.634 20:09:32
5.060 252.268 1240.488 20:09:33
5.072 153.780 783.902 20:09:34
5.064 162.488 822.439 20:09:35
5.072 162.878 822.439 20:09:36
5.072 152.098 770.244 20:09:37
5.056 419.659 2133.171 20:09:38
5.064 211.073 1081.951 20:09:39
5.068 192.488 923.902 20:09:40
5.072 162.878 822.439 20:09:41
5.068 161.976 820.976 20:09:42
5.060 320.878 2067.805 20:09:43
5.064 213.268 1086.341 20:09:44
5.068 196.976 1081.463 20:09:45
5.068 244.976 1133.171 20:09:46
5.072 162.488 823.902 20:09:47
5.068 200.780 1053.171 20:09:48
5.060 356.366 1641.463 20:09:49
5.068 222.171 1263.415 20:09:50
5.076 152.683 822.439 20:09:51
5.072 161.585 820.976 20:09:52
5.072 162.683 824.878 20:09:53
5.072 149.195 758.537 20:09:54
5.072 263.171 891.220 20:09:55
5.052 335.073 1644.878 20:09:56
5.072 175.293 1236.585 20:09:57
5.064 226.976 1150.732 20:09:58
5.072 173.780 916.585 20:09:59
5.072 185.488 935.122 20:10:00
5.076 177.878 827.805 20:10:01
5.068 251.171 1273.171 20:10:02
5.068 187.683 1040.000 20:10:03
5.068 266.878 1195.610 20:10:04
5.072 151.098 770.244 20:10:05
5.072 173.073 931.707 20:10:06
5.064 367.366 1656.585 20:10:07
5.068 245.585 1338.537 20:10:08
5.072 170.488 1424.390 20:10:09
5.076 228.780 1240.976 20:10:10
5.072 147.488 747.317 20:10:11
5.048 403.561 2011.707 20:10:12
5.076 161.683 821.463 20:10:13
5.072 161.976 811.220 20:10:14
5.064 202.293 1043.902 20:10:15
5.068 202.073 1021.463 20:10:16
5.048 452.561 2232.195 20:10:17
5.064 279.683 1808.780 20:10:18
5.068 153.098 986.341 20:10:19
5.072 222.488 784.878 20:10:20
5.068 180.293 1159.512 20:10:21
5.064 246.878 952.683 20:10:22
5.076 148.683 766.341 20:10:23
5.060 291.171 1015.122 20:10:24
5.072 149.585 755.122 20:10:25
5.076 153.195 777.073 20:10:26
5.072 163.293 1197.073 20:10:27
5.068 232.683 1082.927 20:10:28
5.064 286.561 1708.780 20:10:29
5.076 152.390 774.634 20:10:30
5.060 291.268 1410.732 20:10:31
5.072 162.780 824.878 20:10:32
5.076 150.390 756.098 20:10:33
5.048 405.171 2467.805 20:10:34
5.072 149.780 754.634 20:10:35
5.056 360.171 1840.488 20:10:36
5.068 269.780 2400.976 20:10:37
5.072 148.683 758.537 20:10:38
5.072 165.195 1243.415 20:10:39
5.072 236.878 819.024 20:10:40
5.044 466.951 2186.829 20:10:41
5.060 284.683 1329.756 20:10:42
5.076 147.683 743.415 20:10:43
5.072 200.585 827.317 20:10:44
5.068 251.366 1254.634 20:10:45
5.056 359.659 1660.000 20:10:46
5.064 287.780 1461.951 20:10:47
5.064 214.171 1177.073 20:10:48
5.072 163.073 824.878 20:10:49
5.072 162.683 827.317 20:10:50
5.068 214.976 1083.902 20:10:51
5.056 351.073 1413.171 20:10:52
5.072 151.098 766.341 20:10:53
5.060 290.463 1248.293 20:10:54
5.076 167.073 1031.220 20:10:55
5.072 158.780 777.073 20:10:56
5.060 251.171 1325.854 20:10:57
5.072 205.268 1006.829 20:10:58
5.072 192.390 1023.902 20:10:59
5.072 162.878 825.366 20:11:00
5.072 162.585 824.878 20:11:01
5.060 414.854 2115.610 20:11:02
5.072 163.073 789.756 20:11:03
5.060 425.659 1711.220 20:11:04
5.068 209.488 1194.634 20:11:05
5.072 242.268 1240.976 20:11:06
5.060 254.976 824.878 20:11:07
5.072 161.195 818.537 20:11:08
5.052 294.366 2062.927 20:11:09
5.068 249.366 813.659 20:11:10
5.072 188.293 791.220 20:11:11
5.072 163.780 823.902 20:11:12
5.072 164.195 832.683 20:11:13
5.072 179.878 958.049 20:11:14
5.064 197.878 1119.512 20:11:15
5.076 152.488 777.561 20:11:16
5.072 186.780 945.366 20:11:17
5.048 324.659 1790.244 20:11:18
5.076 162.683 826.341 20:11:19
5.064 319.366 1638.537 20:11:20
5.060 302.073 1482.439 20:11:21
5.076 151.488 848.780 20:11:22
5.064 292.463 871.220 20:11:23
5.072 162.585 824.878 20:11:24
5.068 215.073 1168.293 20:11:26
5.072 162.878 823.415 20:11:27
5.072 232.073 816.585 20:11:28
5.052 339.756 1668.780 20:11:29
5.072 152.878 774.634 20:11:30
5.052 429.268 2145.854 20:11:31
5.076 149.976 761.463 20:11:32
5.072 222.390 820.000 20:11:33
5.060 400.073 1642.439 20:11:34
5.052 398.951 1800.488 20:11:35
5.072 162.878 826.341 20:11:36
5.076 152.098 772.195 20:11:37
5.076 273.463 909.756 20:11:38
5.060 280.463 1417.073 20:11:39
5.064 393.659 1384.878 20:11:40
5.072 309.073 824.878 20:11:41
5.072 185.976 932.683 20:11:42
5.068 342.561 1237.073 20:11:43
5.072 238.683 1067.805 20:11:44
5.068 194.780 971.220 20:11:45
5.072 227.878 1300.488 20:11:46
5.072 149.293 758.537 20:11:47
5.060 251.878 827.805 20:11:48
5.072 292.463 1330.732 20:11:49
5.052 245.976 1314.146 20:11:50
5.068 184.878 923.902 20:11:51
5.072 160.293 1104.390 20:11:52
5.072 162.976 822.439 20:11:53
5.060 299.561 1363.415 20:11:54
5.072 164.976 744.878 20:11:55
5.072 184.390 827.805 20:11:56
5.072 161.780 820.976 20:11:57
5.052 403.463 1124.390 20:11:58
5.048 277.463 1244.390 20:11:59
5.068 209.683 1201.951 20:12:00
5.072 260.171 1259.512 20:12:01
5.060 162.293 1161.951 20:12:02
5.068 180.585 827.317 20:12:03
5.068 247.488 1234.634 20:12:04
5.068 249.585 1597.561 20:12:05
5.064 225.268 1358.049 20:12:06
5.072 162.976 823.902 20:12:07
5.076 162.195 826.341 20:12:08
5.076 149.293 758.537 20:12:09
5.064 257.780 1343.415 20:12:10
5.072 252.683 1078.049 20:12:11
5.068 265.878 1713.659 20:12:12
5.060 317.976 1687.805 20:12:13
5.072 188.878 946.341 20:12:14
5.068 283.780 948.780 20:12:15
5.072 153.585 1402.439 20:12:16
5.072 165.488 839.024 20:12:17
5.072 268.268 1123.902 20:12:18
5.072 195.390 1249.268 20:12:19
5.076 152.098 772.683 20:12:20
5.072 161.195 817.561 20:12:21
5.064 257.268 1285.366 20:12:22
5.064 374.659 1450.732 20:12:23
5.064 263.463 1387.317 20:12:24
5.068 215.780 1088.780 20:12:25
5.072 168.293 907.805 20:12:26
5.056 334.976 1699.024 20:12:27
5.068 287.073 1691.220 20:12:28
5.060 290.171 1608.780 20:12:29
5.072 221.878 1124.390 20:12:30
5.076 153.390 956.585 20:12:31
5.064 289.683 1267.805 20:12:32
5.072 226.780 1527.317 20:12:33
5.072 182.293 922.927 20:12:34
5.060 317.171 1787.805 20:12:35
5.080 147.098 749.756 20:12:36
5.060 401.561 1653.659 20:12:37
5.064 185.780 1023.902 20:12:38
5.060 353.659 1769.268 20:12:39
5.068 156.683 850.244 20:12:40
5.076 189.683 925.366 20:12:41
5.060 286.268 1318.049 20:12:42
5.072 149.976 757.561 20:12:43
5.064 240.171 1203.415 20:12:44
5.076 162.780 826.341 20:12:45
5.072 181.293 974.146 20:12:46
5.068 246.171 1250.244 20:12:47
5.076 150.976 765.854 20:12:48
5.064 386.854 1531.220 20:12:49
5.076 207.683 777.073 20:12:50
5.056 356.878 2023.415 20:12:51
5.072 255.073 1276.585 20:12:52
5.072 252.780 1290.732 20:12:53
5.076 161.878 1515.122 20:12:54
5.068 188.171 983.902 20:12:55
5.064 277.780 1405.854 20:12:56
5.048 429.659 1699.024 20:12:57
5.072 149.293 759.512 20:12:58
5.072 149.878 777.073 20:12:59
5.064 163.390 825.366 20:13:00
5.060 246.488 1248.293 20:13:01
5.064 301.171 1820.488 20:13:02
5.064 274.976 1396.098 20:13:03
5.068 223.390 1091.707 20:13:04
5.072 166.976 756.098 20:13:05
5.076 162.976 827.805 20:13:06
5.060 246.683 1049.268 20:13:07
5.072 209.268 1303.415 20:13:08
5.068 222.390 1122.927 20:13:09
5.076 151.878 765.854 20:13:10
5.056 244.366 1093.171 20:13:11
5.056 246.585 1169.268 20:13:12
5.068 214.488 1121.463 20:13:13
5.072 153.585 782.439 20:13:14
5.072 160.488 815.122 20:13:15
5.052 246.976 1440.976 20:13:16
5.064 216.780 1260.976 20:13:17
5.072 149.098 768.293 20:13:18
5.072 155.585 793.659 20:13:19
5.072 162.585 916.098 20:13:20
5.056 336.366 1235.610 20:13:22
5.072 205.878 949.268 20:13:23
5.076 156.073 938.537 20:13:24
5.072 149.195 757.561 20:13:25
5.056 219.976 824.878 20:13:26
5.048 416.659 2100.488 20:13:27
5.056 370.659 1828.780 20:13:28
5.060 330.780 1265.854 20:13:29
5.068 249.780 1324.390 20:13:30
5.060 295.268 1378.537 20:13:31
5.072 221.073 1209.268 20:13:32
5.068 240.488 911.707 20:13:33
5.072 174.073 818.537 20:13:34
5.064 163.073 819.024 20:13:35
5.056 382.561 2217.073 20:13:36
5.060 295.780 1740.000 20:13:37
5.072 146.488 745.854 20:13:38
5.076 153.488 779.024 20:13:39
5.072 153.390 778.537 20:13:40
5.048 487.049 2377.561 20:13:41
5.048 423.049 2283.415 20:13:42
5.056 298.683 1163.902 20:13:43
5.072 273.268 920.488 20:13:44
5.072 188.293 754.634 20:13:45
5.068 251.976 1547.317 20:13:46
5.056 407.854 1762.439 20:13:47
5.064 245.366 1241.951 20:13:48
5.076 245.171 1076.585 20:13:49
5.068 228.488 1061.951 20:13:50
5.060 233.780 1280.488 20:13:51
5.076 157.293 791.220 20:13:52
5.072 162.976 825.366 20:13:53
5.076 237.171 826.341 20:13:54
5.076 179.390 820.000 20:13:55
5.056 252.366 1278.049 20:13:56
5.068 163.683 880.976 20:13:57
5.068 162.073 942.927 20:13:58
5.056 437.951 2174.634 20:13:59
5.072 181.683 1001.463 20:14:00
5.072 164.976 910.244 20:14:01
5.052 326.463 1728.780 20:14:02
5.052 363.171 2368.293 20:14:03
5.072 162.976 829.756 20:14:04
5.072 164.488 1007.805 20:14:05
5.064 261.268 1259.512 20:14:06
5.068 215.878 1090.244 20:14:07
5.072 171.585 985.366 20:14:08
5.064 364.268 1995.122 20:14:09
5.076 152.488 774.634 20:14:10
5.064 361.463 1667.805 20:14:11
5.072 162.683 822.439 20:14:12
5.064 246.073 1251.707 20:14:13
5.060 297.268 1824.878 20:14:14
5.072 192.976 815.122 20:14:15
5.068 164.878 1040.000 20:14:16
5.068 162.195 951.707 20:14:17
5.060 320.268 1538.537 20:14:18
5.060 375.976 1862.439 20:14:19
5.072 206.683 773.659 20:14:20
5.076 155.683 792.683 20:14:21
5.072 151.780 772.683 20:14:22
5.060 326.073 1654.634 20:14:23
5.072 244.366 827.805 20:14:24
5.072 217.878 1106.341 20:14:25
5.060 288.878 1379.512 20:14:26
5.072 153.390 780.976 20:14:27
5.064 259.268 1360.488 20:14:28
5.052 335.073 896.585 20:14:29
5.072 199.683 907.805 20:14:30
5.072 253.780 1372.195 20:14:31
5.072 177.293 820.976 20:14:32
5.060 327.878 2436.098 20:14:33
5.072 163.073 829.756 20:14:34
5.072 181.171 919.024 20:14:35
5.064 246.878 1246.829 20:14:36
5.064 243.488 1358.537 20:14:37
5.072 190.293 1234.634 20:14:38
5.060 360.463 1794.146 20:14:39
5.068 246.488 1213.171 20:14:40
5.056 399.073 1958.049 20:14:41
5.068 207.488 1033.171 20:14:42
5.068 183.585 938.537 20:14:43
5.072 156.585 791.220 20:14:44
5.072 149.585 752.683 20:14:45
5.068 244.171 1277.073 20:14:46
5.056 323.976 1457.073 20:14:47
5.072 257.878 1080.488 20:14:48
5.068 180.683 865.366 20:14:49
5.056 272.878 1112.683 20:14:50
5.076 156.878 871.220 20:14:51
5.076 153.585 779.024 20:14:52
5.072 162.976 825.366 20:14:53
5.072 196.073 1369.756 20:14:54
5.076 160.878 812.683 20:14:55
5.052 395.463 2251.220 20:14:56
5.068 296.780 1630.244 20:14:57
5.072 162.585 824.878 20:14:58
5.060 246.585 1308.293 20:14:59
5.060 205.171 1132.683 20:15:00
5.068 209.488 1102.927 20:15:01
5.044 296.561 1237.073 20:15:02
5.072 152.780 773.659 20:15:03
5.072 162.780 825.366 20:15:04
5.064 286.780 1455.610 20:15:05
5.072 172.195 922.927 20:15:06
5.072 165.683 1425.854 20:15:07
5.072 214.390 824.878 20:15:08
5.068 214.683 1066.829 20:15:09
5.072 288.561 1710.244 20:15:10
5.072 148.976 756.098 20:15:11
5.072 162.878 828.780 20:15:12
5.072 190.488 827.805 20:15:13
5.068 189.390 955.122 20:15:14
5.056 314.366 1458.537 20:15:15
5.076 148.098 748.780 20:15:17
5.064 216.390 1100.488 20:15:18
5.068 161.390 817.561 20:15:19
5.060 224.488 1374.634 20:15:20
5.068 278.976 1063.902 20:15:21
5.072 148.683 1185.854 20:15:22
5.072 162.073 1146.341 20:15:23
5.072 163.073 829.756 20:15:24
5.072 212.976 1112.683 20:15:25
5.060 265.268 1237.073 20:15:26
5.068 231.171 1070.732 20:15:27
5.068 312.659 1458.537 20:15:28
5.072 171.293 917.561 20:15:29
5.072 163.073 824.878 20:15:30
5.072 162.585 865.366 20:15:31
5.052 354.561 1836.585 20:15:32
5.056 244.268 1285.854 20:15:33
5.064 157.195 763.902 20:15:34
5.072 214.171 1099.024 20:15:35
5.076 148.390 748.293 20:15:36
5.072 163.780 829.756 20:15:37
5.056 370.756 2034.146 20:15:38
5.064 222.780 1543.415 20:15:39
5.072 193.683 1240.976 20:15:40
5.064 200.171 1110.732 20:15:41
5.072 195.878 1255.610 20:15:42
5.064 211.073 1048.780 20:15:43
5.072 194.488 1325.854 20:15:44
5.064 272.463 1377.073 20:15:45
5.072 148.098 757.073 20:15:46
5.072 163.390 1242.927 20:15:47
5.072 162.585 826.341 20:15:48
5.068 409.366 2082.927 20:15:49
5.064 252.683 1312.195 20:15:50
5.072 210.488 1095.610 20:15:51
5.076 153.683 777.073 20:15:52
5.060 301.171 1110.244 20:15:53
5.072 162.073 1398.049 20:15:54
5.076 149.098 759.512 20:15:55
5.076 163.073 1709.756 20:15:56
5.056 285.463 1655.122 20:15:57
5.056 374.171 1246.829 20:15:58
5.056 248.976 1233.171 20:15:59
5.064 210.878 1203.415 20:16:00
5.072 163.585 828.780 20:16:01
5.072 211.268 780.000 20:16:02
5.048 322.171 1254.146 20:16:03
5.072 184.171 1504.878 20:16:04
5.064 278.268 1231.707 20:16:05
5.064 338.878 1645.854 20:16:06
5.076 149.195 757.073 20:16:07
5.068 327.073 1280.488 20:16:08
5.076 156.585 793.659 20:16:09
5.068 225.390 1002.927 20:16:10
5.060 459.659 2039.512 20:16:11
5.072 283.366 760.000 20:16:12
5.072 160.976 813.659 20:16:13
5.060 332.780 1778.537 20:16:14
5.068 253.780 1675.122 20:16:15
5.060 402.268 1275.610 20:16:16
5.072 162.878 1773.659 20:16:17
5.068 246.683 1220.488 20:16:18
5.056 403.951 1974.146 20:16:19
5.052 281.878 1576.098 20:16:20
5.068 243.366 1175.610 20:16:21
5.072 168.780 1162.927 20:16:22
5.072 162.878 826.341 20:16:23
5.064 391.073 2031.707 20:16:24
5.072 289.683 1538.537 20:16:25
5.060 342.171 1268.293 20:16:26
5.064 162.780 1257.073 20:16:27
5.076 160.878 816.585 20:16:28
5.056 328.561 1662.439 20:16:29
5.072 171.073 872.683 20:16:30
5.064 347.659 1638.537 20:16:31
5.064 215.683 1381.951 20:16:32
5.072 231.780 984.878 20:16:33
5.072 163.488 827.805 20:16:34
5.068 318.561 1225.366 20:16:35
5.072 258.073 1165.854 20:16:36
5.044 314.366 1427.317 20:16:37
5.068 182.683 966.341 20:16:38
5.060 371.756 1813.659 20:16:39
5.060 266.171 1822.439 20:16:40
5.060 337.659 1470.732 20:16:41
5.068 225.171 1482.439 20:16:42
5.068 201.171 773.659 20:16:43
5.064 243.780 1315.610 20:16:44
5.064 419.659 1320.488 20:16:45
5.072 187.585 1084.390 20:16:46
5.072 235.488 828.780 20:16:47
5.064 287.878 1374.634 20:16:48
5.072 154.195 777.073 20:16:49
5.072 205.073 1419.512 20:16:50
5.072 163.293 823.902 20:16:51
5.064 342.073 1302.927 20:16:52
5.064 208.780 987.805 20:16:53
5.072 196.390 1000.000 20:16:54
5.072 147.390 747.317 20:16:55
5.072 152.780 782.439 20:16:56
5.068 248.366 1260.976 20:16:57
5.060 258.585 866.341 20:16:58
5.064 162.780 1438.537 20:16:59
5.068 288.780 1439.512 20:17:00
5.072 147.976 751.220 20:17:01
5.060 246.268 1265.854 20:17:02
5.068 163.293 827.805 20:17:03
5.072 245.366 1069.268 20:17:04
5.068 243.585 1236.585 20:17:05
5.072 219.780 1102.927 20:17:06
5.072 162.293 822.439 20:17:07
5.060 300.073 1418.537 20:17:08
5.060 279.171 1932.683 20:17:09
5.060 297.878 1384.878 20:17:10
5.076 147.390 746.341 20:17:11
5.076 156.488 793.659 20:17:13
5.064 200.390 1010.244 20:17:14
5.056 361.854 1790.244 20:17:15
5.064 276.073 1251.707 20:17:16
5.068 193.878 943.902 20:17:17
5.064 319.878 1320.488 20:17:18
5.068 207.268 1090.244 20:17:19
5.068 196.683 1092.683 20:17:20
5.072 162.976 826.341 20:17:21
5.072 190.780 891.707 20:17:22
5.068 217.780 1005.366 20:17:23
5.072 162.780 821.463 20:17:24
5.068 250.683 1278.049 20:17:25
5.060 337.976 1381.951 20:17:26
5.072 153.585 777.561 20:17:27
5.072 162.878 824.878 20:17:28
5.072 163.195 829.756 20:17:29
5.060 252.268 1427.317 20:17:30
5.072 273.171 1087.805 20:17:31
5.072 257.585 1015.610 20:17:32
5.064 245.976 1679.024 20:17:33
5.068 269.366 829.756 20:17:34
5.064 244.780 1241.951 20:17:35
5.068 448.146 2394.634 20:17:36
5.056 287.780 1362.927 20:17:37
5.068 229.073 780.976 20:17:38
5.068 153.683 779.024 20:17:39
5.068 243.683 1274.634 20:17:40
5.072 160.878 816.585 20:17:41
5.068 303.878 989.268 20:17:42
5.072 149.780 780.976 20:17:43
5.064 249.488 1259.512 20:17:44
5.072 195.878 1054.146 20:17:45
5.072 153.780 777.073 20:17:46
5.064 246.976 1270.732 20:17:47
5.064 246.780 1225.854 20:17:48
5.064 259.171 1237.073 20:17:49
5.072 213.171 1174.146 20:17:50
5.068 149.098 760.000 20:17:51
5.076 151.195 772.195 20:17:52
5.060 330.073 1668.780 20:17:53
5.068 201.390 1023.902 20:17:54
5.076 153.390 1166.829 20:17:55
5.052 501.341 2049.268 20:17:56
5.076 160.780 820.976 20:17:57
5.072 148.683 754.634 20:17:58
5.076 163.195 827.805 20:17:59
5.068 225.780 996.585 20:18:00
5.052 460.756 1702.927 20:18:01
5.064 319.268 1297.073 20:18:02
5.072 180.780 1065.366 20:18:03
5.064 256.366 827.805 20:18:04
5.072 148.293 748.780 20:18:05
5.056 328.366 1742.439 20:18:06
5.076 152.878 777.561 20:18:07
5.060 322.366 1646.341 20:18:08
5.052 397.854 2090.732 20:18:09
5.072 215.585 1379.512 20:18:10
5.072 162.780 1373.171 20:18:11
5.060 342.561 1954.146 20:18:12
5.064 232.488 1133.171 20:18:13
5.076 163.390 772.195 20:18:14
5.068 189.878 1215.610 20:18:15
5.072 164.488 829.756 20:18:16
5.068 291.366 1413.659 20:18:17
5.064 220.780 1331.707 20:18:18
5.068 228.976 1168.293 20:18:19
5.060 326.463 1404.390 20:18:20
5.064 295.073 1696.098 20:18:21
5.060 202.171 1176.585 20:18:22
5.076 153.098 775.122 20:18:23
5.068 248.171 1254.146 20:18:24
5.056 467.463 2361.951 20:18:25
5.064 213.976 1003.902 20:18:26
5.072 305.171 1050.244 20:18:27
5.068 164.976 1035.122 20:18:28
5.072 163.976 827.317 20:18:29
5.052 414.366 1247.805 20:18:30
5.072 183.488 918.537 20:18:31
5.064 241.585 1255.610 20:18:32
5.068 163.195 827.317 20:18:33
5.068 169.073 828.780 20:18:34
5.064 352.756 1297.073 20:18:35
5.072 216.683 1093.171 20:18:36
5.064 153.390 887.317 20:18:37
5.076 163.878 824.878 20:18:38
5.056 256.268 827.805 20:18:39
5.072 149.488 757.073 20:18:40
5.060 396.268 1823.902 20:18:41
5.068 162.878 825.366 20:18:42
5.072 321.463 1002.927 20:18:43
5.072 161.878 787.317 20:18:44
5.072 248.073 970.244 20:18:45
5.048 407.268 1708.780 20:18:46
5.064 246.268 1707.805 20:18:47
5.072 188.073 906.341 20:18:48
5.068 250.585 1269.268 20:18:49
5.064 238.683 1461.951 20:18:50
5.068 223.268 1141.463 20:18:51
5.068 212.780 1103.902 20:18:52
5.072 220.268 1263.415 20:18:53
5.068 205.488 1086.829 20:18:54
5.056 268.976 1400.488 20:18:55
5.068 246.073 1250.244 20:18:56
5.076 245.976 828.780 20:18:57
5.068 207.683 950.244 20:18:58
5.060 284.268 1372.195 20:18:59
5.076 149.976 753.659 20:19:00
5.072 149.195 756.098 20:19:01
5.068 258.171 1293.171 20:19:02
5.072 220.268 1164.390 20:19:03
5.060 340.171 1717.561 20:19:04
5.076 153.780 780.000 20:19:05
5.052 331.171 1642.439 20:19:06
5.060 255.585 1875.122 20:19:08
5.068 205.585 1140.488 20:19:09
5.052 475.049 2032.683 20:19:10
5.076 185.073 755.122 20:19:11
5.068 195.073 1522.439 20:19:12
5.072 168.293 1309.268 20:19:13
5.060 260.171 1318.537 20:19:14
5.068 201.293 1267.805 20:19:15
5.072 154.293 769.756 20:19:16
5.064 365.171 1388.293 20:19:17
5.072 241.268 1183.902 20:19:18
5.072 160.780 818.537 20:19:19
5.068 365.268 2406.341 20:19:20
5.072 152.293 778.537 20:19:21
5.072 294.878 1559.512 20:19:22
5.076 150.098 767.317 20:19:23
5.076 178.585 1263.415 20:19:24
5.048 456.659 2154.146 20:19:25
5.072 214.878 1161.463 20:19:26
5.060 233.683 1190.244 20:19:27
5.072 162.780 823.902 20:19:28
5.072 162.878 825.366 20:19:29
5.064 381.561 1655.122 20:19:30
5.068 223.976 1287.805 20:19:31
5.072 163.073 827.317 20:19:32
5.076 149.585 762.439 20:19:33
5.076 161.488 819.024 20:19:34
5.056 338.268 2135.610 20:19:35
5.068 257.683 826.341 20:19:36
5.064 292.561 1274.634 20:19:37
5.076 255.268 825.366 20:19:38
5.060 250.683 1727.317 20:19:39
5.072 163.585 985.366 20:19:40
5.060 326.171 1284.390 20:19:41
5.072 162.878 826.341 20:19:42
5.064 244.683 1243.415 20:19:43
5.072 198.171 1366.829 20:19:44
5.064 247.878 827.317 20:19:45
5.072 163.488 828.780 20:19:46
5.076 162.878 827.317 20:19:47
5.068 208.171 1164.390 20:19:48
5.060 264.366 1717.561 20:19:49
5.072 231.488 995.610 20:19:50
5.044 466.146 1932.683 20:19:51
5.068 260.268 1426.829 20:19:52
5.072 162.878 821.463 20:19:53
5.060 245.488 1797.561 20:19:54
5.068 244.268 1151.707 20:19:55
5.068 161.585 824.878 20:19:56
5.068 235.878 1156.585 20:19:57
5.052 332.366 1468.293 20:19:58
5.056 375.171 1405.854 20:19:59
5.072 149.195 758.537 20:20:00
5.064 357.073 2004.390 20:20:01
5.072 153.098 780.976 20:20:02
5.052 350.268 1779.024 20:20:03
5.064 189.293 1300.976 20:20:04
5.072 150.878 755.122 20:20:05
5.072 224.390 831.220 20:20:06
5.052 390.854 2003.902 20:20:07
5.064 221.585 1010.244 20:20:08
5.072 188.073 1423.415 20:20:09
5.064 162.878 825.366 20:20:10
5.072 182.171 825.366 20:20:11
5.072 191.171 1110.244 20:20:12
5.072 202.171 993.659 20:20:13
5.068 240.976 1026.341 20:20:14
5.072 165.195 842.439 20:20:15
5.060 287.366 1489.756 20:20:16
5.064 275.780 1384.390 20:20:17
5.068 260.073 1373.171 20:20:18
5.076 153.585 1078.049 20:20:19
5.076 156.976 794.634 20:20:20
5.064 163.195 829.756 20:20:21
5.064 198.073 1867.805 20:20:22
5.068 246.366 1237.073 20:20:23
5.064 236.780 805.854 20:20:24
5.068 220.585 777.073 20:20:25
5.072 174.073 826.341 20:20:26
5.060 343.659 1637.073 20:20:27
5.068 184.293 975.122 20:20:28
5.068 213.976 1310.732 20:20:29
5.068 181.293 782.439 20:20:30
5.072 163.195 827.805 20:20:31
5.056 332.171 1683.902 20:20:32
5.056 324.073 1608.293 20:20:33
5.052 508.244 2193.659 20:20:34
5.072 149.878 761.463 20:20:35
5.072 248.780 823.415 20:20:36
5.068 164.390 835.122 20:20:37
5.068 245.585 1238.049 20:20:38
5.060 300.463 1482.439 20:20:39
5.068 270.780 1340.976 20:20:40
5.072 169.293 824.878 20:20:41
5.056 342.366 1126.829 20:20:42
5.072 193.780 939.024 20:20:43
5.056 467.659 1877.561 20:20:44
5.064 163.073 1362.927 20:20:45
5.068 201.073 1023.902 20:20:46
5.072 288.683 829.756 20:20:47
5.072 186.171 936.585 20:20:48
5.068 205.073 998.049 20:20:49
5.064 241.171 1341.951 20:20:50
5.072 190.780 1176.585 20:20:51
5.072 156.195 795.122 20:20:52
5.064 233.683 1174.146 20:20:53
5.068 245.878 1278.537 20:20:54
5.068 218.171 1371.707 20:20:55
5.072 197.878 980.000 20:20:56
5.072 257.683 1712.195 20:20:57
5.072 152.878 779.024 20:20:58
5.068 310.463 1568.293 20:20:59
5.072 149.488 1085.366 20:21:00
5.072 163.585 830.244 20:21:01
5.060 327.171 2293.171 20:21:02
5.072 182.073 920.488 20:21:03
5.060 235.171 985.366 20:21:05
5.072 156.073 795.122 20:21:06
5.068 246.976 1344.878 20:21:07
5.056 370.561 1744.878 20:21:08
5.060 320.366 1440.000 20:21:09
5.068 215.171 1000.000 20:21:10
5.068 155.390 923.902 20:21:11
5.060 349.366 2066.829 20:21:12
5.044 463.854 2498.537 20:21:13
5.072 149.098 760.976 20:21:14
5.076 249.976 832.195 20:21:15
5.068 244.171 1258.049 20:21:16
5.068 210.073 1073.171 20:21:17
5.052 352.878 2291.220 20:21:18
5.072 211.268 830.244 20:21:19
5.072 222.073 928.780 20:21:20
5.076 156.585 797.073 20:21:21
5.064 288.073 1453.659 20:21:22
5.048 381.976 2295.610 20:21:23
5.072 178.780 1340.976 20:21:24
5.072 163.195 819.024 20:21:25
5.072 228.268 1210.732 20:21:26
5.068 210.976 1026.829 20:21:27
5.068 268.366 1296.585 20:21:28
5.076 162.293 760.000 20:21:29
5.076 155.585 775.122 20:21:30
5.068 223.390 1365.854 20:21:31
5.064 276.268 1548.293 20:21:32
5.072 319.976 1656.585 20:21:33
5.072 183.780 920.000 20:21:34
5.072 172.390 876.098 20:21:35
5.048 455.049 2079.024 20:21:36
5.076 177.293 827.317 20:21:37
5.064 308.976 1384.390 20:21:38
5.060 329.171 2132.195 20:21:39
5.068 149.878 1035.122 20:21:40
5.068 241.780 1154.146 20:21:41
5.076 153.195 834.634 20:21:42
5.072 162.878 1432.195 20:21:43
5.060 163.683 830.244 20:21:44
5.068 214.268 1056.585 20:21:45
5.064 314.878 1329.268 20:21:46
5.068 234.366 1237.073 20:21:47
5.048 245.585 1235.610 20:21:48
5.072 163.073 824.878 20:21:49
5.060 324.073 1633.659 20:21:50
5.076 163.195 933.659 20:21:51
5.072 149.878 763.415 20:21:52
5.068 243.488 1244.390 20:21:53
5.064 257.585 1274.634 20:21:54
5.072 187.683 1055.122 20:21:55
5.072 330.073 1259.512 20:21:56
5.072 164.195 827.805 20:21:57
5.068 257.366 1305.366 20:21:58
5.064 353.659 1483.415 20:21:59
5.072 163.073 827.317 20:22:00
5.068 285.268 1003.902 20:22:01
5.076 149.878 757.073 20:22:02
5.072 170.585 826.341 20:22:03
5.072 163.073 1023.902 20:22:04
5.068 215.976 1063.902 20:22:05
5.064 245.585 1250.732 20:22:06
5.068 153.488 776.098 20:22:07
5.060 249.171 1349.756 20:22:08
5.064 250.780 1259.512 20:22:09
5.076 149.293 857.561 20:22:10
5.064 227.488 897.561 20:22:11
5.044 247.366 1248.293 20:22:12
5.076 153.098 780.976 20:22:13
5.060 194.390 1073.171 20:22:14
5.072 250.488 829.756 20:22:15
5.072 147.488 753.659 20:22:16
5.052 435.463 2097.073 20:22:17
5.072 194.171 966.341 20:22:18
5.072 162.780 823.902 20:22:19
5.072 163.488 1305.854 20:22:20
5.072 275.585 1072.683 20:22:21
5.060 264.073 846.341 20:22:22
5.076 154.073 758.537 20:22:23
5.068 190.683 960.488 20:22:24
5.064 179.976 827.805 20:22:25
5.056 335.268 1578.537 20:22:26
5.056 170.293 827.805 20:22:27
5.076 162.585 1429.756 20:22:28
5.060 171.073 845.366 20:22:29
5.056 336.561 1232.195 20:22:30
5.068 277.366 1510.732 20:22:31
5.072 172.390 819.024 20:22:32
5.068 199.976 995.122 20:22:33
5.072 161.976 891.220 20:22:34
5.064 280.268 1797.561 20:22:35
5.060 340.171 1712.683 20:22:36
5.068 216.585 1094.146 20:22:37
5.068 239.366 1219.024 20:22:38
5.076 163.390 829.756 20:22:39
5.044 475.146 2105.854 20:22:40
5.072 156.878 794.634 20:22:41
5.072 150.293 760.976 20:22:42
5.076 225.390 1174.634 20:22:43
5.072 153.195 777.073 20:22:44
5.072 194.780 1030.244 20:22:45
5.068 163.293 826.341 20:22:46
5.072 163.293 827.805 20:22:47
5.068 232.976 1345.854 20:22:48
5.068 283.073 1235.610 20:22:49
5.076 246.976 1066.341 20:22:50
5.076 157.073 792.195 20:22:51
5.064 248.585 1641.463 20:22:52
5.072 162.976 828.780 20:22:53
5.064 200.293 1269.756 20:22:54
5.068 198.171 827.805 20:22:55
5.060 214.683 1707.805 20:22:56
5.060 234.268 1123.902 20:22:57
5.072 246.268 1135.122 20:22:58
5.072 161.488 818.537 20:23:00
5.068 253.171 1265.854 20:23:01
5.064 278.073 1014.146 20:23:02
5.056 407.659 2310.732 20:23:03
5.076 217.268 780.000 20:23:04
5.076 153.488 778.537 20:23:05
5.068 245.171 1278.537 20:23:06
5.060 239.366 1473.659 20:23:07
5.068 196.488 985.366 20:23:08
5.072 156.488 792.683 20:23:09
5.064 277.976 1170.732 20:23:10
5.068 246.878 1646.341 20:23:11
5.072 149.780 758.537 20:23:12
5.056 261.463 1044.390 20:23:13
5.064 251.683 1234.634 20:23:14
5.072 187.683 943.902 20:23:15
5.060 276.463 1270.732 20:23:16
5.072 152.878 779.024 20:23:17
5.064 476.146 1739.024 20:23:18
5.064 214.268 1085.366 20:23:19
5.064 217.683 1086.341 20:23:20
5.068 163.293 927.805 20:23:21
5.072 163.390 824.878 20:23:22
5.056 371.854 1820.000 20:23:23
5.064 273.683 1300.976 20:23:24
5.068 199.390 916.585 20:23:25
5.064 288.463 848.780 20:23:26
5.072 165.976 795.122 20:23:27
5.052 446.366 2561.463 20:23:28
5.064 245.683 1250.732 20:23:29
5.060 293.073 1478.537 20:23:30
5.068 326.561 1451.220 20:23:31
5.068 193.585 1044.390 20:23:32
5.068 192.585 1202.927 20:23:33
5.068 181.488 1099.512 20:23:34
5.052 317.463 1942.927 20:23:35
5.056 258.463 1240.976 20:23:36
5.072 197.073 871.220 20:23:37
5.052 402.561 2383.902 20:23:38
5.072 163.683 830.244 20:23:39
5.076 206.488 761.463 20:23:40
5.056 431.268 1673.659 20:23:41
5.076 149.195 760.000 20:23:42
5.064 250.366 1240.488 20:23:43
5.072 163.195 827.317 20:23:44
5.064 252.683 1273.171 20:23:45
5.056 256.268 1285.854 20:23:46
5.068 149.976 913.659 20:23:47
5.060 333.561 1730.244 20:23:48
5.072 204.171 781.463 20:23:49
5.068 229.585 1131.707 20:23:50
5.064 242.878 1270.732 20:23:51
5.076 149.293 752.683 20:23:52
5.068 323.073 966.341 20:23:53
5.072 156.488 1071.707 20:23:54
5.076 150.976 769.756 20:23:55
5.068 278.366 1582.439 20:23:56
5.068 162.878 1250.244 20:23:57
5.064 351.756 1452.195 20:23:58
5.064 187.171 828.780 20:23:59
5.076 222.585 884.878 20:24:00
5.060 273.366 1447.317 20:24:01
5.068 204.293 760.976 20:24:02
5.076 163.390 827.805 20:24:03
5.072 163.683 831.220 20:24:04
5.072 215.390 1179.024 20:24:05
5.044 438.756 2039.024 20:24:06
5.068 153.683 846.341 20:24:07
5.072 194.073 1154.146 20:24:08
5.072 163.488 830.244 20:24:09
5.064 326.976 1457.073 20:24:10
5.056 338.878 1789.268 20:24:11
5.072 147.780 752.683 20:24:12
5.068 274.366 1234.634 20:24:13
5.064 470.951 1575.122 20:24:14
5.068 243.780 1725.366 20:24:15
5.072 163.683 829.756 20:24:16
5.068 235.585 994.146 20:24:17
5.072 162.488 820.976 20:24:18
5.060 246.488 1250.244 20:24:19
5.068 233.366 1060.000 20:24:20
5.064 266.268 1527.317 20:24:21
5.068 187.683 989.268 20:24:22
5.072 165.488 838.537 20:24:23
5.068 286.780 1188.293 20:24:24
5.072 185.585 1139.024 20:24:25
5.072 150.195 764.878 20:24:26
5.044 472.049 2065.366 20:24:27
5.068 256.366 1718.537 20:24:28
5.072 153.098 780.000 20:24:29
5.064 346.659 1764.878 20:24:30
5.072 153.293 775.122 20:24:31
5.056 339.268 1237.073 20:24:32
5.072 163.073 826.341 20:24:33
5.064 240.780 1219.512 20:24:34
5.044 406.854 1679.024 20:24:35
5.076 152.976 768.780 20:24:36
5.048 425.951 1891.707 20:24:37
5.076 153.098 888.780 20:24:38
5.060 317.659 1935.122 20:24:39
5.072 163.683 827.805 20:24:40
5.076 148.976 1044.390 20:24:41
5.064 195.976 1550.732 20:24:42
5.072 149.098 756.098 20:24:43
5.052 408.561 2089.268 20:24:44
5.072 217.976 825.366 20:24:45
5.064 209.585 1141.951 20:24:46
5.072 186.780 986.829 20:24:47
5.072 162.195 826.341 20:24:48
5.076 186.683 946.341 20:24:49
5.064 365.171 1270.732 20:24:50
5.068 217.976 1099.024 20:24:51
5.072 220.390 940.488 20:24:53
5.072 171.780 784.878 20:24:54
5.068 218.390 962.927 20:24:55
5.060 325.561 1482.439 20:24:56
5.076 149.780 760.000 20:24:57
5.068 244.073 1242.927 20:24:58
5.068 212.268 780.976 20:24:59
5.056 341.976 1718.537 20:25:00
5.072 161.780 816.585 20:25:01
5.064 226.976 1154.146 20:25:02
5.068 251.171 1275.610 20:25:03
5.072 164.976 861.463 20:25:04
5.068 209.878 1073.171 20:25:05
5.076 149.390 757.561 20:25:06
5.064 256.976 2350.732 20:25:07
5.072 156.976 797.561 20:25:08
5.068 193.293 1285.854 20:25:09
5.060 244.073 1271.707 20:25:10
5.072 162.585 827.317 20:25:11
5.060 399.073 1642.439 20:25:12
5.068 252.585 1560.976 20:25:13
5.060 413.951 1620.976 20:25:14
5.064 326.463 1663.415 20:25:15
5.076 150.293 760.976 20:25:16
5.068 164.390 830.244 20:25:17
5.072 207.585 827.805 20:25:18
5.072 189.390 1020.488 20:25:19
5.068 182.171 925.366 20:25:20
5.076 152.195 770.244 20:25:21
5.064 163.585 832.683 20:25:22
5.076 167.293 844.878 20:25:23
5.064 270.366 1595.122 20:25:24
5.064 210.268 1087.805 20:25:25
5.076 149.683 761.463 20:25:26
5.052 403.073 2364.878 20:25:27
5.072 255.585 974.146 20:25:28
5.072 162.488 826.341 20:25:29
5.068 371.073 1521.951 20:25:30
5.072 258.683 865.366 20:25:31
5.068 209.780 1071.707 20:25:32
5.068 249.171 1250.732 20:25:33
5.072 171.488 827.317 20:25:34
5.060 259.878 1430.732 20:25:35
5.068 265.585 1311.707 20:25:36
5.072 338.756 867.805 20:25:37
5.056 327.463 2374.634 20:25:38
5.072 172.390 912.683 20:25:39
5.072 162.195 1391.707 20:25:40
5.072 149.683 760.976 20:25:41
5.068 247.366 1247.805 20:25:42
5.072 166.073 841.463 20:25:43
5.064 152.878 775.122 20:25:44
5.056 463.244 2280.976 20:25:45
5.072 180.390 826.341 20:25:46
5.064 339.073 1839.024 20:25:47
5.064 265.366 1406.829 20:25:48
5.068 162.976 1433.659 20:25:49
5.064 290.976 1022.439 20:25:50
5.068 191.878 1398.537 20:25:51
5.056 244.171 1369.268 20:25:52
5.072 150.683 929.268 20:25:53
5.072 192.293 873.659 20:25:54
5.072 181.073 871.220 20:25:55
5.060 288.561 1556.098 20:25:56
5.060 277.073 1415.610 20:25:57
5.076 215.268 1062.927 20:25:58
5.072 156.585 788.780 20:25:59
5.072 156.390 790.244 20:26:00
5.068 189.293 1436.098 20:26:01
5.056 418.951 1840.488 20:26:02
5.068 221.390 1130.244 20:26:03
5.072 189.780 1315.610 20:26:04
5.076 149.878 762.439 20:26:05
5.060 250.073 1241.951 20:26:06
5.068 261.780 1380.488 20:26:07
5.068 244.171 1235.610 20:26:08
5.068 249.366 1252.195 20:26:09
5.068 161.683 821.463 20:26:10
5.060 327.268 1656.585 20:26:11
5.068 163.390 1841.463 20:26:12
5.068 177.488 824.878 20:26:13
5.052 419.171 2072.195 20:26:14
5.072 153.976 914.146 20:26:15
5.068 210.268 1072.683 20:26:16
5.060 238.780 1236.585 20:26:17
5.060 219.878 1307.317 20:26:18
5.064 366.366 1831.220 20:26:19
5.076 153.098 833.659 20:26:20
5.064 251.366 1273.171 20:26:21
5.072 166.293 843.415 20:26:22
5.076 163.585 827.805 20:26:23
5.064 254.780 1245.854 20:26:24
5.076 161.488 819.024 20:26:25
5.072 212.073 1080.000 20:26:26
5.064 205.073 1066.829 20:26:27
5.064 325.561 1517.561 20:26:28
5.056 459.366 2368.780 20:26:29
5.068 241.780 1725.366 20:26:30
5.072 202.585 1030.244 20:26:31
5.072 149.585 1043.902 20:26:32
5.072 163.293 829.756 20:26:33
5.060 342.561 1729.756 20:26:34
5.056 288.268 1784.878 20:26:35
5.064 251.366 1278.537 20:26:36
5.064 258.878 1242.927 20:26:37
5.068 163.293 1235.610 20:26:38
5.064 292.171 1404.390 20:26:39
5.068 215.976 1090.244 20:26:40
5.072 162.780 827.317 20:26:41
5.064 292.878 1379.512 20:26:42
5.072 162.293 811.220 20:26:43
5.060 163.585 865.366 20:26:44
5.076 157.073 797.561 20:26:45
5.072 235.268 1047.805 20:26:46
5.064 253.780 1601.463 20:26:47
5.072 171.390 827.317 20:26:49
5.068 214.390 1094.146 20:26:50
5.072 161.683 827.805 20:26:51
5.068 188.780 1064.390 20:26:52
5.064 251.976 1283.415 20:26:53
5.072 162.878 825.366 20:26:54
5.072 151.585 920.488 20:26:55
5.072 163.293 823.902 20:26:56
5.064 465.951 2414.634 20:26:57
5.064 222.585 1350.732 20:26:58
5.060 249.683 1225.366 20:26:59
5.076 158.780 800.000 20:27:00
5.064 288.073 1560.000 20:27:01
5.072 255.780 1302.927 20:27:02
5.056 288.976 1546.341 20:27:03
5.072 163.780 1440.000 20:27:04
5.064 299.683 1786.341 20:27:05
5.064 252.171 1039.024 20:27:06
5.072 187.585 940.488 20:27:07
5.072 175.780 900.976 20:27:08
5.060 336.171 1578.537 20:27:09
5.064 280.878 1517.073 20:27:10
5.076 163.195 967.805 20:27:11
5.072 298.268 827.805 20:27:12
5.052 376.561 1540.976 20:27:13
5.068 228.878 1153.171 20:27:14
5.068 212.780 998.049 20:27:15
5.072 163.488 822.439 20:27:16
5.072 211.878 828.780 20:27:17
5.064 251.488 1292.195 20:27:18
5.072 164.390 833.659 20:27:19
5.072 194.073 896.098 20:27:20
5.072 162.780 818.537 20:27:21
5.064 252.073 1271.707 20:27:22
5.068 450.268 2328.293 20:27:23
5.076 188.683 831.220 20:27:24
5.064 275.073 1508.780 20:27:25
5.056 281.976 1626.341 20:27:26
5.060 208.683 1297.073 20:27:27
5.072 162.976 1265.366 20:27:28
5.064 244.585 1015.610 20:27:29
5.072 160.488 821.463 20:27:30
5.064 245.780 1248.293 20:27:31
5.064 163.878 929.268 20:27:32
5.064 283.268 1400.488 20:27:33
5.064 267.585 1207.805 20:27:34
5.072 149.976 808.780 20:27:35
5.076 163.976 828.780 20:27:36
5.068 245.683 1245.854 20:27:37
5.060 288.683 1531.220 20:27:38
5.064 302.976 1509.756 20:27:39
5.072 148.390 1006.341 20:27:40
5.072 163.073 818.537 20:27:41
5.064 248.780 1417.073 20:27:42
5.068 171.195 1579.512 20:27:43
5.068 278.463 1211.707 20:27:44
5.064 271.780 1436.098 20:27:45
5.068 254.585 841.463 20:27:46
5.068 279.780 1239.512 20:27:47
5.068 201.073 985.366 20:27:48
5.068 219.073 1123.902 20:27:49
5.056 252.171 1438.049 20:27:50
5.076 148.976 760.000 20:27:51
5.048 419.951 2126.829 20:27:52
5.060 220.390 1298.049 20:27:53
5.076 149.098 760.000 20:27:54
5.044 443.366 2001.951 20:27:55
5.060 380.366 1712.195 20:27:56
5.068 248.683 1267.805 20:27:57
5.068 218.073 1102.927 20:27:58
5.076 150.390 761.463 20:27:59
5.068 283.463 1006.341 20:28:00
5.068 248.488 1961.463 20:28:01
5.060 338.878 1646.341 20:28:02
5.068 221.976 1541.951 20:28:03
5.076 154.293 779.024 20:28:04
5.064 251.585 1244.390 20:28:05
5.076 163.780 829.756 20:28:06
5.056 344.268 1730.244 20:28:07
5.064 351.878 1559.512 20:28:08
5.060 281.683 827.805 20:28:09
5.068 301.561 1442.439 20:28:10
5.072 168.976 875.122 20:28:11
5.076 153.195 780.976 20:28:12
5.060 420.171 1753.659 20:28:13
5.064 271.976 2119.512 20:28:14
5.056 334.561 1683.415 20:28:15
5.072 154.585 1107.805 20:28:16
5.060 265.366 828.780 20:28:17
5.072 203.073 1007.805 20:28:18
5.068 225.585 1267.805 20:28:19
5.076 160.780 820.000 20:28:20
5.064 249.585 1320.976 20:28:21
5.072 278.171 1099.024 20:28:22
5.072 192.073 1134.146 20:28:23
5.068 226.780 1150.732 20:28:24
5.072 153.195 781.463 20:28:25
5.060 325.073 1643.902 20:28:26
5.064 251.268 1413.659 20:28:27
5.072 162.878 823.415 20:28:28
5.064 250.976 1231.707 20:28:29
5.060 247.366 1620.976 20:28:30
5.060 338.976 1781.463 20:28:31
5.076 160.878 819.024 20:28:32
5.072 161.293 817.561 20:28:33
5.076 164.195 832.683 20:28:34
5.068 250.488 1252.195 20:28:35
5.060 338.756 1692.683 20:28:36
5.072 176.780 829.756 20:28:37
5.068 216.585 1099.512 20:28:38
5.072 162.073 1272.195 20:28:39
5.060 330.073 1626.341 20:28:40
5.064 331.366 1770.244 20:28:41
5.072 229.780 1424.390 20:28:42
5.072 187.976 970.244 20:28:43
5.052 249.780 1305.366 20:28:44
5.064 194.171 981.463 20:28:46
5.064 247.780 1240.976 20:28:47
5.064 283.463 1508.780 20:28:48
5.072 149.585 768.293 20:28:49
5.072 163.293 829.756 20:28:50
5.072 163.293 904.878 20:28:51
5.068 302.463 1393.659 20:28:52
5.072 216.073 1093.171 20:28:53
5.072 152.878 776.098 20:28:54
5.068 215.976 1091.707 20:28:55
5.064 265.463 1759.024 20:28:56
5.076 164.488 827.317 20:28:57
5.072 162.878 827.317 20:28:58
5.072 191.390 1147.805 20:28:59
5.064 255.268 1269.756 20:29:00
5.072 163.683 829.756 20:29:01
5.072 213.488 1299.512 20:29:02
5.068 215.585 1097.561 20:29:03
5.064 261.463 1338.049 20:29:04
5.076 186.390 1259.512 20:29:05
5.068 191.976 986.829 20:29:06
5.064 290.976 1275.610 20:29:07
5.064 212.585 1398.537 20:29:08
5.064 386.561 1702.439 20:29:09
5.068 219.683 1006.829 20:29:10
5.064 154.195 1375.610 20:29:11
5.072 236.683 1219.024 20:29:12
5.060 244.976 1246.829 20:29:13
5.072 299.073 1252.195 20:29:14
5.052 464.951 2174.634 20:29:15
5.060 292.171 1682.439 20:29:16
5.064 213.390 760.976 20:29:17
5.072 150.780 759.512 20:29:18
5.072 165.073 836.585 20:29:19
5.060 258.073 1309.268 20:29:20
5.072 213.171 994.146 20:29:21
5.068 216.073 1179.024 20:29:22
5.076 152.585 780.976 20:29:23
5.064 162.585 831.220 20:29:24
5.064 314.366 1292.195 20:29:25
5.064 251.878 1715.122 20:29:26
5.064 267.976 1119.024 20:29:27
5.072 150.098 762.439 20:29:28
5.068 234.488 1143.902 20:29:29
5.064 251.366 1278.537 20:29:30
5.068 196.171 1011.707 20:29:31
5.044 356.268 1852.683 20:29:32
5.076 150.195 758.537 20:29:33
5.076 163.585 825.366 20:29:34
5.064 221.171 1080.000 20:29:35
5.044 325.561 2041.951 20:29:36
5.064 249.171 1364.390 20:29:37
5.076 150.683 757.561 20:29:38
5.068 226.073 1151.707 20:29:39
5.072 213.780 780.976 20:29:40
5.068 310.878 1501.951 20:29:41
5.052 375.171 1364.390 20:29:42
5.072 174.683 927.805 20:29:43
5.076 186.585 877.561 20:29:44
5.072 214.683 1131.707 20:29:45
5.076 204.293 757.073 20:29:46
5.064 246.268 1246.829 20:29:47
5.064 227.585 832.683 20:29:48
5.064 192.073 1036.585 20:29:49
5.068 187.293 1305.366 20:29:50
5.076 150.488 763.415 20:29:51
5.044 442.146 2383.902 20:29:52
5.072 153.976 780.976 20:29:53
5.076 151.390 767.317 20:29:54
5.056 277.683 1390.732 20:29:55
5.072 197.585 996.585 20:29:56
5.076 148.780 760.000 20:29:57
5.056 333.463 2333.659 20:29:58
5.076 148.390 757.561 20:29:59
5.060 481.463 2454.634 20:30:00
5.068 257.878 1013.659 20:30:01
5.072 149.390 814.634 20:30:02
5.056 230.585 1017.561 20:30:03
5.076 153.293 778.537 20:30:04
5.056 250.268 1275.610 20:30:05
5.076 163.780 832.195 20:30:06
5.072 211.390 826.341 20:30:07
5.052 495.341 2449.756 20:30:08
5.072 163.073 824.878 20:30:09
5.076 162.878 817.561 20:30:10
5.048 295.561 1237.073 20:30:11
5.072 148.390 750.244 20:30:12
5.072 272.585 1273.171 20:30:13
5.068 227.268 830.244 20:30:14
5.068 247.878 1147.805 20:30:15
5.068 215.683 1169.268 20:30:16
5.072 152.683 775.122 20:30:17
5.060 328.171 1720.976 20:30:18
5.064 311.366 2421.463 20:30:19
5.068 305.463 1554.634 20:30:20
5.064 249.585 1568.293 20:30:21
5.064 251.268 1265.366 20:30:22
5.068 205.976 822.439 20:30:23
5.068 232.171 1281.951 20:30:24
5.064 306.073 1587.317 20:30:25
5.076 164.195 833.659 20:30:26
5.072 160.976 822.439 20:30:27
5.068 271.366 873.659 20:30:28
5.060 267.073 1307.317 20:30:29
5.072 265.073 1275.610 20:30:30
5.064 285.683 1287.805 20:30:31
5.064 246.683 1943.902 20:30:32
5.076 163.488 966.829 20:30:33
5.060 324.561 1702.927 20:30:34
5.064 268.366 1080.488 20:30:35
5.068 244.488 1560.976 20:30:36
5.076 161.195 822.439 20:30:37
5.064 226.390 1168.293 20:30:38
5.044 561.537 2054.634 20:30:39
5.048 461.561 2278.049 20:30:41
5.068 247.366 1246.829 20:30:42
5.072 163.390 827.317 20:30:43
5.072 163.073 827.317 20:30:44
5.072 196.293 1399.512 20:30:45
5.072 163.585 889.756 20:30:46
5.068 252.878 1294.146 20:30:47
5.068 228.683 1156.585 20:30:48
5.072 150.098 760.976 20:30:49
5.072 163.585 829.756 20:30:50
5.072 238.976 833.659 20:30:51
5.068 252.366 1282.927 20:30:52
5.072 161.390 816.585 20:30:53
5.072 163.293 829.756 20:30:54
5.072 161.878 822.439 20:30:55
5.072 154.293 782.439 20:30:56
5.060 399.268 1957.561 20:30:57
5.056 360.976 1687.805 20:30:58
5.052 335.561 1686.341 20:30:59
5.068 323.463 1641.463 20:31:00
5.072 154.073 782.439 20:31:01
5.072 162.878 823.902 20:31:02
5.052 265.366 1392.195 20:31:03
5.056 301.268 1449.756 20:31:04
5.056 248.780 1258.049 20:31:05
5.068 196.073 758.537 20:31:06
5.076 164.293 867.317 20:31:07
5.072 251.073 1268.293 20:31:08
5.064 190.293 1053.171 20:31:09
5.064 253.268 1818.049 20:31:10
5.068 154.390 783.415 20:31:11
5.064 214.878 1172.683 20:31:12
5.068 184.683 951.707 20:31:13
5.068 264.878 1264.390 20:31:14
5.064 267.073 1667.317 20:31:15
5.068 249.073 1266.829 20:31:16
5.072 214.780 1090.244 20:31:17
5.072 203.585 1022.927 20:31:18
5.072 163.073 820.000 20:31:19
5.064 246.683 1250.244 20:31:20
5.072 163.073 826.341 20:31:21
5.072 226.683 1066.829 20:31:22
5.044 447.951 1898.049 20:31:23
5.064 277.780 1392.195 20:31:24
5.068 233.780 1393.171 20:31:25
5.072 148.390 752.195 20:31:26
5.076 163.195 822.439 20:31:27
5.064 298.878 2149.268 20:31:28
5.064 251.683 1271.707 20:31:29
5.072 163.073 1048.780 20:31:30
5.064 367.854 1732.683 20:31:31
5.068 340.561 1324.390 20:31:32
5.068 162.976 827.317 20:31:33
5.064 245.366 1250.732 20:31:34
5.056 320.171 1819.024 20:31:35
5.076 164.488 783.415 20:31:36
5.056 329.659 1646.341 20:31:37
5.064 244.976 1247.805 20:31:38
5.072 153.976 780.000 20:31:39
5.048 358.463 1000.488 20:31:40
5.072 149.293 763.902 20:31:41
5.068 162.488 823.415 20:31:42
5.064 265.585 1227.805 20:31:43
5.064 252.171 1374.634 20:31:44
5.052 340.756 1720.976 20:31:45
5.076 149.683 758.537 20:31:46
5.064 164.878 827.317 20:31:47
5.072 163.585 830.244 20:31:48
5.060 336.073 1679.024 20:31:49
5.064 187.488 1350.732 20:31:50
5.072 266.585 1704.878 20:31:51
5.072 178.073 952.683 20:31:52
5.060 298.463 1497.073 20:31:53
5.072 212.683 1197.073 20:31:54
5.068 203.976 1082.927 20:31:55
5.064 283.878 1953.171 20:31:56
5.072 162.073 817.561 20:31:57
5.072 183.780 815.122 20:31:58
5.072 163.585 829.756 20:31:59
5.072 189.683 979.024 20:32:00
5.064 235.268 1202.927 20:32:01
5.068 203.073 1327.317 20:32:02
5.072 154.293 1080.000 20:32:03
5.056 461.049 2113.171 20:32:04
5.064 197.293 946.341 20:32:05
5.068 264.171 878.537 20:32:06
5.056 426.463 1696.098 20:32:07
5.072 149.390 966.341 20:32:08
5.072 184.171 1095.122 20:32:09
5.040 279.585 1489.756 20:32:10
5.068 258.268 1414.634 20:32:11
5.044 243.268 1230.732 20:32:12
5.072 148.683 750.244 20:32:13
5.068 230.878 1077.561 20:32:14
5.064 246.976 1420.000 20:32:15
5.072 180.171 827.317 20:32:16
5.076 178.585 1672.195 20:32:17
5.068 199.293 934.146 20:32:18
5.060 373.463 1242.927 20:32:19
5.064 246.488 1508.780 20:32:20
5.068 212.488 1045.366 20:32:21
5.068 334.463 1413.171 20:32:22
5.072 266.878 1307.317 20:32:23
5.072 156.878 860.000 20:32:24
5.056 345.463 1756.098 20:32:25
5.072 156.488 794.634 20:32:26
5.056 333.561 1701.463 20:32:27
5.072 161.390 820.976 20:32:28
5.068 162.390 829.756 20:32:29
5.068 199.780 1283.415 20:32:30
5.072 160.683 817.561 20:32:31
5.072 251.878 1389.756 20:32:32
5.072 163.293 827.805 20:32:33
5.064 251.268 1269.268 20:32:34
5.072 186.683 951.220 20:32:35
5.072 153.293 1095.610 20:32:37
5.072 187.878 945.366 20:32:38
5.060 316.976 1089.268 20:32:39
5.044 461.366 2567.805 20:32:40
5.068 186.171 1042.927 20:32:41
5.068 215.073 1095.122 20:32:42
5.068 215.683 1328.293 20:32:43
5.068 258.585 1379.512 20:32:44
5.076 163.293 828.780 20:32:45
5.068 271.976 1004.878 20:32:46
5.060 344.463 1697.561 20:32:47
5.072 163.683 827.805 20:32:48
5.072 174.976 826.341 20:32:49
5.064 247.585 1278.049 20:32:50
5.068 196.585 1093.171 20:32:51
5.068 250.488 1274.634 20:32:52
5.068 154.293 783.415 20:32:53
5.064 281.171 1429.756 20:32:54
5.064 247.780 1200.488 20:32:55
5.060 409.561 1811.707 20:32:56
5.064 163.390 827.805 20:32:57
5.072 163.195 830.244 20:32:58
5.064 258.268 1237.073 20:32:59
5.064 243.780 1234.634 20:33:00
5.060 376.561 1839.024 20:33:01
5.072 150.878 760.976 20:33:02
5.060 282.683 830.244 20:33:03
5.072 237.366 943.902 20:33:04
5.068 251.878 1234.146 20:33:05
5.064 287.463 1690.244 20:33:06
5.072 150.195 758.537 20:33:07
5.068 217.268 981.463 20:33:08
5.072 215.073 1095.122 20:33:09
5.056 288.366 1648.780 20:33:10
5.064 329.561 1358.537 20:33:11
5.072 163.195 828.780 20:33:12
5.072 355.073 1484.878 20:33:13
5.064 207.585 991.220 20:33:14
5.060 336.171 1819.024 20:33:15
5.056 350.268 1667.317 20:33:16
5.056 244.073 1281.951 20:33:17
5.064 262.073 1162.927 20:33:18
5.068 251.268 1240.976 20:33:19
5.056 245.073 1240.488 20:33:20
5.060 416.049 1640.000 20:33:21
5.076 154.585 780.976 20:33:22
5.072 155.683 858.537 20:33:23
5.064 259.171 1310.732 20:33:24
5.068 259.073 903.902 20:33:25
5.072 160.780 1094.146 20:33:26
5.068 245.488 1234.146 20:33:27
5.072 163.195 832.683 20:33:28
5.064 251.488 1280.976 20:33:29
5.072 201.976 1278.537 20:33:30
5.076 148.683 750.244 20:33:31
5.064 207.780 1278.537 20:33:32
5.056 328.171 1642.439 20:33:33
5.064 251.780 1266.829 20:33:34
5.072 163.073 827.317 20:33:35
5.068 161.780 819.024 20:33:36
5.060 328.976 1863.902 20:33:37
5.064 303.561 1886.341 20:33:38
5.064 188.976 1393.171 20:33:39
5.072 163.073 828.780 20:33:40
5.072 162.976 827.805 20:33:41
5.064 250.585 1266.829 20:33:42
5.064 270.171 1251.707 20:33:43
5.056 284.976 1252.195 20:33:44
5.072 223.585 999.024 20:33:45
5.072 189.585 1112.683 20:33:46
5.072 159.390 808.780 20:33:47
5.056 340.878 1727.805 20:33:48
5.056 383.268 1982.927 20:33:49
5.060 204.073 1070.244 20:33:50
5.068 254.488 1878.049 20:33:51
5.072 163.683 1440.976 20:33:52
5.044 273.463 1372.195 20:33:53
5.072 282.463 839.024 20:33:54
5.072 198.171 1115.122 20:33:55
5.072 163.780 830.244 20:33:56
5.056 329.976 1771.220 20:33:57
5.068 221.976 1165.366 20:33:58
5.068 215.878 1101.951 20:33:59
5.072 189.171 928.780 20:34:00
5.072 163.976 772.195 20:34:01
5.076 167.488 814.634 20:34:02
5.064 224.585 1201.463 20:34:03
5.068 315.659 1337.073 20:34:04
5.072 254.073 849.756 20:34:05
5.068 153.488 1142.927 20:34:06
5.068 218.073 1092.683 20:34:07
5.068 253.488 1267.805 20:34:08
5.072 223.585 994.146 20:34:09
5.072 225.780 1142.927 20:34:10
5.072 153.683 854.146 20:34:11
5.060 351.366 1683.902 20:34:12
5.072 235.878 1296.585 20:34:13
5.044 330.976 2184.390 20:34:14
5.060 255.268 1416.098 20:34:15
5.072 147.195 760.000 20:34:16
5.068 356.268 1352.195 20:34:17
5.068 214.780 1082.927 20:34:18
5.068 258.683 1515.122 20:34:19
5.064 251.366 1274.146 20:34:20
5.076 150.195 757.073 20:34:21
5.056 323.659 1728.780 20:34:22
5.068 246.073 1244.390 20:34:23
5.068 246.073 1243.415 20:34:24
5.072 163.195 1277.073 20:34:25
5.072 182.976 1105.366 20:34:26
5.060 247.488 1245.854 20:34:27
5.072 163.195 822.439 20:34:28
5.060 350.073 1959.024 20:34:29
5.068 246.780 948.780 20:34:30
5.072 163.073 826.341 20:34:32
5.056 341.756 1829.268 20:34:33
5.064 242.585 1223.415 20:34:34
5.052 385.463 1664.878 20:34:35
5.064 338.561 1623.415 20:34:36
5.072 191.488 1011.220 20:34:37
5.068 249.366 1269.268 20:34:38
5.068 250.268 1246.829 20:34:39
5.064 246.171 1149.268 20:34:40
5.072 253.780 834.634 20:34:41
5.068 215.976 1096.585 20:34:42
5.060 292.073 1826.341 20:34:43
5.072 252.976 1253.171 20:34:44
5.068 224.585 1038.049 20:34:45
5.072 275.366 826.341 20:34:46
5.072 163.293 827.805 20:34:47
5.064 293.561 1276.585 20:34:48
5.072 153.585 783.902 20:34:49
5.068 246.878 1261.951 20:34:50
5.076 163.195 820.976 20:34:51
5.064 220.976 1192.683 20:34:52
5.068 247.171 1929.268 20:34:53
5.064 204.171 971.220 20:34:54
5.060 224.268 1095.122 20:34:55
5.064 245.073 1741.463 20:34:56
5.072 163.390 829.756 20:34:57
5.064 252.073 1532.195 20:34:58
5.064 163.390 827.805 20:34:59
5.060 276.463 1396.098 20:35:00
5.052 449.659 2357.073 20:35:01
5.068 263.073 1011.707 20:35:02
5.068 164.195 827.805 20:35:03
5.072 208.390 1002.439 20:35:04
5.056 424.854 2127.317 20:35:05
5.072 171.488 892.683 20:35:06
5.072 182.780 921.463 20:35:07
5.076 163.585 831.220 20:35:08
5.056 409.366 1858.049 20:35:09
5.068 239.683 1120.488 20:35:10
5.068 246.488 1325.854 20:35:11
5.072 150.585 761.463 20:35:12
5.040 276.171 1453.171 20:35:13
5.064 165.293 832.683 20:35:14
5.072 222.390 1069.268 20:35:15
5.068 214.073 1026.341 20:35:16
5.064 243.171 1251.707 20:35:17
5.056 350.171 1364.878 20:35:18
5.064 232.683 1340.976 20:35:19
5.072 221.073 1061.951 20:35:20
5.068 229.488 1159.024 20:35:21
5.072 164.488 834.634 20:35:22
5.072 169.195 1284.390 20:35:23
5.068 234.488 829.756 20:35:24
5.052 350.561 2594.146 20:35:25
5.068 287.976 1000.000 20:35:26
5.064 317.780 1443.415 20:35:27
5.064 245.976 1246.829 20:35:28
5.072 194.073 990.244 20:35:29
5.068 251.268 1421.951 20:35:30
5.060 486.146 1222.927 20:35:31
5.056 289.878 1623.415 20:35:32
5.060 362.756 1858.049 20:35:33
5.068 247.366 1248.293 20:35:34
5.072 173.683 827.805 20:35:35
5.076 162.195 820.976 20:35:36
5.056 313.878 1453.659 20:35:37
5.072 163.780 829.756 20:35:38
5.068 216.683 1099.024 20:35:39
5.064 251.268 1257.073 20:35:40
5.068 244.366 1160.488 20:35:41
5.064 295.878 1509.756 20:35:42
5.060 385.268 1844.390 20:35:43
5.072 153.195 1209.268 20:35:44
5.072 201.780 1096.585 20:35:45
5.072 234.780 1221.951 20:35:46
5.052 418.659 2066.829 20:35:47
5.064 264.683 1223.415 20:35:48
5.076 151.488 772.683 20:35:49
5.064 253.268 1281.951 20:35:50
5.068 249.683 1155.610 20:35:51
5.068 274.976 1438.049 20:35:52
5.060 231.780 843.902 20:35:53
5.064 244.585 1216.585 20:35:54
5.068 199.293 921.463 20:35:55
5.068 220.268 1119.024 20:35:56
5.072 152.780 782.439 20:35:57
5.052 421.561 2253.171 20:35:58
5.068 165.195 837.561 20:35:59
5.064 303.073 1197.073 20:36:00
5.068 245.171 1255.610 20:36:01
5.072 153.976 780.000 20:36:02
5.068 209.780 800.000 20:36:03
5.072 253.268 1417.073 20:36:04
5.072 228.878 1057.561 20:36:05
5.072 151.390 756.098 20:36:06
5.072 156.780 884.878 20:36:07
5.060 320.878 1273.171 20:36:08
5.064 292.878 2121.951 20:36:09
5.064 318.976 1952.683 20:36:10
5.072 316.976 860.976 20:36:11
5.064 208.780 1026.829 20:36:12
5.064 316.073 1148.293 20:36:13
5.064 247.171 1250.244 20:36:14
5.068 163.390 894.146 20:36:15
5.064 245.268 1320.976 20:36:16
5.068 163.780 829.756 20:36:17
5.068 198.390 1286.829 20:36:18
5.068 215.976 1095.610 20:36:19
5.068 247.878 823.902 20:36:20
5.072 280.463 1320.976 20:36:21
5.068 261.976 1440.000 20:36:22
5.072 167.488 763.902 20:36:23
5.068 247.683 1337.073 20:36:24
5.064 163.976 832.195 20:36:25
5.072 200.780 1038.049 20:36:26
5.072 237.683 983.902 20:36:28
5.064 199.585 1079.024 20:36:29
5.048 459.049 1346.829 20:36:30
5.060 316.073 1590.244 20:36:31
5.064 211.488 1068.780 20:36:32
5.060 250.073 846.341 20:36:33
5.072 163.488 827.805 20:36:34
5.060 347.073 1289.756 20:36:35
5.068 215.585 1087.805 20:36:36
5.076 163.585 829.756 20:36:37
5.068 163.488 829.756 20:36:38
5.072 194.976 1015.610 20:36:39
5.056 243.073 1791.707 20:36:40
5.064 215.390 1093.171 20:36:41
5.056 289.780 1903.902 20:36:42
5.060 326.463 1433.171 20:36:43
5.072 162.488 827.805 20:36:44
5.060 269.878 1565.854 20:36:45
5.068 228.073 1463.415 20:36:46
5.064 245.488 1255.610 20:36:47
5.060 325.073 1657.561 20:36:48
5.068 150.098 758.537 20:36:49
5.060 226.268 1205.366 20:36:50
5.060 257.683 1330.732 20:36:51
5.048 245.366 1355.610 20:36:52
5.056 326.171 1592.683 20:36:53
5.072 163.683 827.805 20:36:54
5.064 260.585 1292.195 20:36:55
5.064 272.683 1292.195 20:36:56
5.068 230.780 1285.366 20:36:57
5.072 225.073 1027.805 20:36:58
5.076 154.585 780.976 20:36:59
5.068 286.268 1295.610 20:37:00
5.064 206.780 986.341 20:37:01
5.064 181.171 1207.805 20:37:02
5.068 211.390 1153.171 20:37:03
5.068 207.268 1073.171 20:37:04
5.060 203.976 990.244 20:37:05
5.056 290.366 1508.293 20:37:06
5.060 280.683 1473.171 20:37:07
5.068 217.268 1522.439 20:37:08
5.072 183.171 1390.732 20:37:09
5.064 251.366 1253.171 20:37:10
5.064 255.976 1269.268 20:37:11
5.072 150.878 1613.659 20:37:12
5.060 263.878 1891.220 20:37:13
5.064 255.780 1309.756 20:37:14
5.064 245.683 1254.634 20:37:15
5.072 164.780 841.463 20:37:16
5.056 337.878 1884.390 20:37:17
5.064 245.073 1226.829 20:37:18
5.072 171.976 829.756 20:37:19
5.064 287.561 2091.707 20:37:20
5.072 164.390 1246.829 20:37:21
5.072 162.878 837.561 20:37:22
5.076 216.976 829.756 20:37:23
5.072 262.463 1325.854 20:37:24
5.064 251.268 1660.000 20:37:25
5.068 228.878 1155.610 20:37:26
5.056 336.463 1950.244 20:37:27
5.064 268.976 1278.537 20:37:28
5.076 161.878 823.415 20:37:29
5.072 294.366 1568.293 20:37:30
5.064 328.659 1740.000 20:37:31
5.060 211.488 1040.488 20:37:32
5.068 280.585 1338.049 20:37:33
5.076 259.463 831.220 20:37:34
5.064 246.268 1245.854 20:37:35
5.068 191.878 1514.634 20:37:36
5.060 325.878 1719.024 20:37:37
5.052 344.268 1881.463 20:37:38
5.064 163.585 938.537 20:37:39
5.072 206.171 1095.122 20:37:40
5.072 215.683 1014.146 20:37:41
5.044 349.561 1552.195 20:37:42
5.072 162.976 916.585 20:37:43
5.060 304.268 1299.512 20:37:44
5.068 197.488 1030.244 20:37:45
5.072 153.683 780.000 20:37:46
5.064 226.171 1115.610 20:37:47
5.056 343.463 2099.512 20:37:48
5.056 494.244 2385.854 20:37:49
5.072 150.293 759.512 20:37:50
5.072 209.780 771.220 20:37:51
5.056 342.659 1733.659 20:37:52
5.072 154.293 1329.268 20:37:53
5.072 163.293 823.902 20:37:54
5.068 216.488 1101.951 20:37:55
5.064 225.268 1106.829 20:37:56
5.072 163.390 830.244 20:37:57
5.068 260.683 1238.049 20:37:58
5.040 418.366 2144.390 20:37:59
5.064 250.073 1278.537 20:38:00
5.072 161.293 819.024 20:38:01
5.056 339.561 1371.707 20:38:02
5.064 243.268 1269.268 20:38:03
5.044 462.463 1996.585 20:38:04
5.068 253.878 877.561 20:38:05
5.076 163.878 1551.220 20:38:06
5.068 195.780 966.341 20:38:07
5.064 187.171 988.780 20:38:08
5.068 212.171 1388.293 20:38:09
5.052 358.366 2025.854 20:38:10
5.064 252.878 1389.756 20:38:11
5.072 152.390 1453.659 20:38:12
5.064 246.780 1438.537 20:38:13
5.052 246.268 1326.829 20:38:14
5.052 359.561 1922.927 20:38:15
5.068 228.268 1165.366 20:38:16
5.064 213.585 1003.902 20:38:17
5.068 290.976 1393.171 20:38:18
5.072 180.683 911.220 20:38:19
5.072 198.488 982.439 20:38:20
5.056 315.366 1537.073 20:38:21
5.072 150.780 757.073 20:38:22
5.072 206.585 866.341 20:38:24
5.060 251.878 1841.463 20:38:25
5.076 150.585 758.537 20:38:26
5.052 417.951 1770.244 20:38:27
5.076 153.780 782.439 20:38:28
5.064 265.683 1266.829 20:38:29
5.072 178.976 1406.829 20:38:30
5.068 157.195 787.805 20:38:31
5.056 389.951 2137.073 20:38:32
5.064 229.878 1380.488 20:38:33
5.072 189.878 1052.683 20:38:34
5.056 407.561 1722.927 20:38:35
5.064 367.976 1718.537 20:38:36
5.068 164.293 829.756 20:38:37
5.068 153.976 782.439 20:38:38
5.072 163.488 828.780 20:38:39
5.056 339.268 1712.683 20:38:40
5.072 195.171 1039.024 20:38:41
5.072 163.585 829.756 20:38:42
5.068 177.195 1278.049 20:38:43
5.064 341.976 1823.902 20:38:44
5.068 248.073 1240.488 20:38:45
5.072 153.585 1084.390 20:38:46
5.052 327.171 1657.561 20:38:47
5.064 275.780 2363.415 20:38:48
5.060 260.780 1306.829 20:38:49
5.068 197.683 1695.122 20:38:50
5.060 344.268 1757.561 20:38:51
5.076 161.878 821.463 20:38:52
5.072 149.293 966.341 20:38:53
5.072 181.073 1347.317 20:38:54
5.072 170.780 822.439 20:38:55
5.064 230.268 1002.439 20:38:56
5.060 299.268 1804.878 20:38:57
5.064 296.683 1453.659 20:38:58
5.072 203.293 763.415 20:38:59
5.060 326.780 1735.122 20:39:00
5.060 246.366 1273.171 20:39:01
5.064 200.683 1155.610 20:39:02
5.068 218.780 1394.634 20:39:03
5.072 219.976 953.659 20:39:04
5.060 245.585 1239.024 20:39:05
5.060 243.976 1246.829 20:39:06
5.068 196.293 1031.707 20:39:07
5.060 280.073 1710.244 20:39:08
5.068 229.780 1246.829 20:39:09
5.068 351.561 1262.927 20:39:10
5.064 252.780 1292.195 20:39:11
5.064 249.268 1278.537 20:39:12
5.072 163.683 1144.390 20:39:13
5.072 171.585 829.756 20:39:14
5.064 260.780 1285.366 20:39:15
5.064 281.878 1267.805 20:39:16
5.060 276.171 1322.927 20:39:17
5.072 185.780 831.220 20:39:18
5.052 318.463 1433.171 20:39:19
5.068 217.073 1239.024 20:39:20
5.064 252.073 1372.195 20:39:21
5.060 333.463 2049.268 20:39:22
5.060 268.268 1645.854 20:39:23
5.064 260.683 1883.902 20:39:24
5.072 241.073 783.902 20:39:25
5.068 164.293 831.220 20:39:26
5.068 239.683 878.537 20:39:27
5.068 280.171 1295.610 20:39:28
5.076 163.976 1155.610 20:39:29
5.052 415.171 2097.073 20:39:30
5.068 251.585 1273.171 20:39:31
5.068 163.390 828.780 20:39:32
5.064 259.463 1297.073 20:39:33
5.076 163.390 831.220 20:39:34
5.060 194.683 1027.805 20:39:35
5.064 257.366 1468.293 20:39:36
5.060 337.878 1513.171 20:39:37
5.064 255.366 1051.220 20:39:38
5.072 179.390 943.902 20:39:39
5.072 228.171 792.683 20:39:40
5.076 156.878 797.073 20:39:41
5.064 377.854 1727.805 20:39:42
5.064 250.878 1275.610 20:39:43
5.072 163.488 827.805 20:39:44
5.064 170.683 827.805 20:39:45
5.064 344.878 1227.805 20:39:46
5.068 278.683 1253.171 20:39:47
5.068 246.488 1253.171 20:39:48
5.072 163.293 880.000 20:39:49
5.068 251.976 1720.000 20:39:50
5.068 264.976 1130.732 20:39:51
5.076 149.293 761.463 20:39:52
5.064 387.171 2059.024 20:39:53
5.068 273.366 1435.610 20:39:54
5.068 237.171 1089.268 20:39:55
5.064 250.976 1274.146 20:39:56
5.064 198.780 1027.805 20:39:57
5.072 203.073 1047.805 20:39:58
5.056 335.171 2420.976 20:39:59
5.068 184.878 991.220 20:40:00
5.064 245.171 1219.512 20:40:01
5.072 161.390 1358.537 20:40:02
5.072 163.293 840.000 20:40:03
5.064 252.585 1290.732 20:40:04
5.060 341.073 1860.000 20:40:05
5.056 252.585 1267.805 20:40:06
5.072 161.878 821.463 20:40:07
5.072 162.073 821.463 20:40:08
5.060 289.366 1429.756 20:40:09
5.064 250.878 1265.366 20:40:10
5.060 267.683 1301.951 20:40:11
5.064 254.780 1233.171 20:40:12
5.072 163.780 832.195 20:40:13
5.064 215.683 1094.146 20:40:14
5.064 241.878 1643.902 20:40:15
5.068 252.073 1272.195 20:40:16
5.064 254.976 1255.610 20:40:17
5.068 226.268 983.902 20:40:18
5.060 308.878 1714.146 20:40:19
5.072 163.585 1088.780 20:40:20
5.064 250.366 1261.951 20:40:22
5.060 250.780 1274.634 20:40:23
5.064 249.268 1267.805 20:40:24
5.064 254.683 1285.366 20:40:25
5.068 217.390 1305.366 20:40:26
5.068 247.683 1252.195 20:40:27
5.076 163.488 831.220 20:40:28
5.068 173.390 1292.195 20:40:29
5.064 344.976 1577.073 20:40:30
5.060 227.488 1281.951 20:40:31
5.072 166.293 845.366 20:40:32
5.056 262.171 1393.171 20:40:33
5.068 205.268 1254.146 20:40:34
5.060 246.171 1277.073 20:40:35
5.068 150.585 759.512 20:40:36
5.076 157.293 797.561 20:40:37
5.068 204.171 994.146 20:40:38
5.060 294.073 1409.756 20:40:39
5.056 331.171 1692.195 20:40:40
5.072 180.293 1081.951 20:40:41
5.064 164.293 832.683 20:40:42
5.072 178.195 832.683 20:40:43
5.068 252.683 1393.659 20:40:44
5.064 251.976 1271.707 20:40:45
5.060 172.195 1021.463 20:40:46
5.064 251.366 1269.756 20:40:47
5.072 163.683 829.756 20:40:48
5.060 279.073 1414.634 20:40:49
5.052 370.854 1484.390 20:40:50
5.068 182.390 1204.390 20:40:51
5.064 268.366 1201.463 20:40:52
5.064 252.073 1276.585 20:40:53
5.064 161.878 1146.829 20:40:54
5.064 252.878 1280.488 20:40:55
5.072 178.878 832.195 20:40:56
5.072 177.488 1446.829 20:40:57
5.064 355.268 1313.171 20:40:58
5.068 208.878 1096.585 20:40:59
5.072 163.976 845.366 20:41:00
5.076 163.780 832.683 20:41:01
5.072 165.878 841.463 20:41:02
5.056 249.366 1690.244 20:41:03
5.072 199.488 1042.927 20:41:04
5.072 175.390 913.659 20:41:05
5.044 407.756 2144.390 20:41:06
5.056 387.951 1704.878 20:41:07
5.076 149.683 761.463 20:41:08
5.072 162.976 824.878 20:41:09
5.064 338.756 1365.854 20:41:10
5.056 300.366 1520.976 20:41:11
5.068 244.488 1954.146 20:41:12
5.064 246.171 1245.854 20:41:13
5.068 199.293 1066.829 20:41:14
5.072 163.878 832.195 20:41:15
5.068 198.488 974.146 20:41:16
5.068 251.073 1158.049 20:41:17
5.060 348.976 1679.024 20:41:18
5.048 443.854 2535.122 20:41:19
5.072 163.780 924.878 20:41:20
5.068 255.366 1408.293 20:41:21
5.060 276.976 1378.049 20:41:22
5.072 252.683 1282.927 20:41:23
5.056 276.976 1031.220 20:41:24
5.060 244.878 1239.024 20:41:25
5.072 164.073 962.927 20:41:26
5.064 250.780 1270.732 20:41:27
5.060 245.585 1244.390 20:41:28
5.072 164.390 833.659 20:41:29
5.068 201.171 1086.829 20:41:30
5.060 396.756 1420.976 20:41:31
5.064 293.463 1628.780 20:41:32
5.064 437.854 1689.756 20:41:33
5.068 196.683 1096.585 20:41:34
5.064 294.878 1345.854 20:41:35
5.052 421.659 2120.488 20:41:36
5.076 152.293 765.854 20:41:37
5.072 385.951 1261.951 20:41:38
5.056 351.171 1812.683 20:41:39
5.072 175.585 832.683 20:41:40
5.060 344.268 1262.927 20:41:41
5.064 303.366 1563.415 20:41:42
5.064 331.366 1259.512 20:41:43
5.056 249.488 1340.488 20:41:44
5.064 203.171 1026.341 20:41:45
5.072 210.780 1065.366 20:41:46
5.072 162.073 822.439 20:41:47
5.044 410.561 1640.000 20:41:48
5.048 361.756 1991.707 20:41:49
5.060 295.268 1624.878 20:41:50
5.068 209.073 982.439 20:41:51
5.068 162.195 824.878 20:41:52
5.068 249.366 844.878 20:41:53
5.072 208.488 951.707 20:41:54
5.072 195.683 1060.000 20:41:55
5.064 291.683 2025.366 20:41:56
5.048 389.366 1653.659 20:41:57
5.068 251.976 1276.585 20:41:58
5.068 219.488 983.902 20:41:59
5.064 227.878 1161.951 20:42:00
5.056 431.951 2109.268 20:42:01
5.072 161.976 821.463 20:42:02
5.072 162.073 821.463 20:42:03
5.060 275.780 1722.927 20:42:04
5.060 462.366 2333.659 20:42:05
5.064 252.268 1273.171 20:42:06
5.072 163.780 827.317 20:42:07
5.056 259.585 1272.195 20:42:08
5.072 221.171 1185.854 20:42:09
5.072 209.683 915.122 20:42:10
5.072 164.195 830.244 20:42:11
5.060 276.171 1296.585 20:42:12
5.044 331.366 1446.829 20:42:13
5.048 264.585 1376.098 20:42:14
5.052 275.976 1995.122 20:42:15
5.064 444.146 2261.951 20:42:16
5.056 257.073 1245.854 20:42:18
5.060 295.780 1443.415 20:42:19
5.048 321.878 1746.341 20:42:20
5.064 255.488 1780.488 20:42:21
5.068 197.780 1186.829 20:42:22
5.052 248.171 1253.171 20:42:23
5.068 322.171 835.122 20:42:24
5.064 252.488 1276.585 20:42:25
5.068 214.073 1066.341 20:42:26
5.064 376.854 1839.024 20:42:27
5.056 278.683 1720.976 20:42:28
5.072 148.976 752.683 20:42:29
5.064 302.780 1617.561 20:42:30
5.068 163.878 830.244 20:42:31
5.064 164.585 1254.146 20:42:32
5.064 245.585 1244.390 20:42:33
5.072 221.878 1561.463 20:42:34
5.064 251.780 1274.634 20:42:35
5.072 166.683 846.341 20:42:36
5.064 250.976 1270.732 20:42:37
5.064 348.073 1795.122 20:42:38
5.064 250.780 1373.659 20:42:39
5.072 163.976 1429.268 20:42:40
5.072 204.171 990.244 20:42:41
5.064 210.976 1022.439 20:42:42
5.052 326.878 1709.756 20:42:43
5.072 180.073 1027.805 20:42:44
5.068 164.195 1520.976 20:42:45
5.068 259.976 1428.293 20:42:46
5.072 181.585 916.585 20:42:47
5.072 181.585 902.927 20:42:48
5.056 328.268 1623.902 20:42:49
5.072 150.585 765.854 20:42:50
5.052 344.878 1791.707 20:42:51
5.052 373.976 1664.878 20:42:52
5.072 160.976 819.024 20:42:53
5.064 269.463 1418.537 20:42:54
5.048 392.951 1995.610 20:42:55
5.072 152.195 770.244 20:42:56
5.068 424.268 1578.537 20:42:57
5.068 256.683 988.780 20:42:58
5.064 234.268 1162.927 20:42:59
5.068 243.366 1238.049 20:43:00
5.072 177.780 835.122 20:43:01
5.064 254.073 1474.634 20:43:02
5.068 194.390 987.805 20:43:03
5.068 222.683 1247.805 20:43:04
5.064 323.561 1530.732 20:43:05
5.072 163.780 950.244 20:43:06
5.056 316.780 1742.927 20:43:07
5.072 163.976 830.244 20:43:08
5.068 219.585 1108.293 20:43:09
5.068 161.585 886.341 20:43:10
5.072 272.463 1000.000 20:43:11
5.052 396.561 2232.195 20:43:12
5.068 239.683 1265.854 20:43:13
5.076 149.780 1104.390 20:43:14
5.072 163.976 834.634 20:43:15
5.056 329.463 1523.902 20:43:16
5.068 215.976 1093.171 20:43:17
5.064 403.756 1528.780 20:43:18
5.072 150.683 768.780 20:43:19
5.064 223.976 1260.976 20:43:20
5.064 285.561 1559.512 20:43:21
5.060 342.756 1716.098 20:43:22
5.064 299.073 1521.951 20:43:23
5.072 163.878 833.659 20:43:24
5.072 157.683 799.024 20:43:25
5.064 244.878 1232.195 20:43:26
5.056 384.854 2186.829 20:43:27
5.056 339.561 1720.976 20:43:28
5.072 163.390 828.780 20:43:29
5.072 161.878 817.561 20:43:30
5.068 227.390 1119.024 20:43:31
5.064 250.976 1278.537 20:43:32
5.064 253.488 1278.537 20:43:33
5.072 163.780 828.780 20:43:34
5.072 154.073 1316.098 20:43:35
5.052 278.780 1454.634 20:43:36
5.048 401.659 2108.293 20:43:37
5.064 244.488 1219.512 20:43:38
5.072 164.293 1258.049 20:43:39
5.056 244.073 1214.146 20:43:40
5.060 172.683 872.195 20:43:41
5.056 370.756 1696.585 20:43:42
5.064 246.268 1241.951 20:43:43
5.072 163.683 831.220 20:43:44
5.064 250.171 1464.390 20:43:45
5.068 217.171 1129.268 20:43:46
5.064 214.878 1098.049 20:43:47
5.068 202.171 1022.927 20:43:48
5.068 163.683 832.195 20:43:49
5.056 332.780 1712.195 20:43:50
5.068 189.976 991.707 20:43:51
5.068 196.878 1126.341 20:43:52
5.072 147.878 748.293 20:43:53
5.064 231.585 1271.707 20:43:54
5.056 270.073 1312.195 20:43:55
5.064 264.463 1279.512 20:43:56
5.068 249.976 1232.195 20:43:57
5.064 319.780 1286.829 20:43:58
5.064 252.366 1484.878 20:43:59
5.072 150.585 1047.805 20:44:00
5.060 244.171 1254.146 20:44:01
5.072 162.976 825.366 20:44:02
5.060 251.585 1276.585 20:44:03
5.064 440.561 2376.098 20:44:04
5.068 201.780 1053.171 20:44:05
5.076 157.878 797.073 20:44:06
5.068 244.073 1394.634 20:44:07
5.056 250.976 1261.951 20:44:08
5.064 287.976 1687.317 20:44:09
5.064 193.976 1143.902 20:44:10
5.072 164.293 840.000 20:44:11
5.068 191.585 974.146 20:44:13
5.068 288.878 1280.488 20:44:14
5.048 369.268 1683.415 20:44:15
5.068 172.195 757.561 20:44:16
5.052 370.659 2516.098 20:44:17
5.072 238.488 935.122 20:44:18
5.064 246.976 1242.927 20:44:19
5.064 298.976 1411.220 20:44:20
5.072 153.780 786.341 20:44:21
5.068 268.463 1396.098 20:44:22
5.060 245.878 1254.146 20:44:23
5.072 162.878 912.683 20:44:24
5.056 355.756 2113.171 20:44:25
5.064 164.195 830.244 20:44:26
5.060 242.585 1270.732 20:44:27
5.052 360.854 2055.610 20:44:28
5.068 248.171 1375.610 20:44:29
5.064 252.366 1278.537 20:44:30
5.068 228.488 1153.171 20:44:31
5.048 333.878 1685.366 20:44:32
5.072 225.585 995.122 20:44:33
5.072 164.195 829.756 20:44:34
5.056 288.780 1725.366 20:44:35
5.060 339.268 1600.000 20:44:36
5.064 239.780 1503.415 20:44:37
5.064 251.073 1352.195 20:44:38
5.064 247.073 1745.366 20:44:39
5.064 251.488 1274.634 20:44:40
5.068 245.878 1639.024 20:44:41
5.072 216.780 1016.585 20:44:42
5.048 373.756 1605.854 20:44:43
5.056 245.976 1683.415 20:44:44
5.052 342.659 1687.805 20:44:45
5.068 197.976 1119.512 20:44:46
5.064 325.463 1228.293 20:44:47
5.064 253.585 1487.317 20:44:48
5.040 490.561 1424.390 20:44:49
5.052 354.268 1398.049 20:44:50
5.052 325.366 1689.756 20:44:51
5.072 161.878 816.098 20:44:52
5.068 166.780 844.878 20:44:53
5.052 408.659 2053.171 20:44:54
5.072 163.488 827.805 20:44:55
5.064 301.561 1279.512 20:44:56
5.064 286.976 1641.463 20:44:57
5.068 163.585 1219.512 20:44:58
5.056 342.073 1241.951 20:44:59
5.072 150.390 763.902 20:45:00
5.072 210.073 1094.146 20:45:01
5.064 251.780 1270.732 20:45:02
5.076 162.780 829.756 20:45:03
5.056 348.463 1778.537 20:45:04
5.072 162.073 822.439 20:45:05
5.072 216.878 1095.610 20:45:06
5.064 245.976 1236.585 20:45:07
5.068 260.073 1258.049 20:45:08
5.072 266.585 1033.171 20:45:09
5.072 149.683 1062.927 20:45:10
5.060 272.878 1298.049 20:45:11
5.072 162.683 822.439 20:45:12
5.064 470.659 2296.098 20:45:13
5.072 163.878 830.244 20:45:14
5.064 263.780 1266.829 20:45:15
5.072 180.390 829.756 20:45:16
5.068 210.390 1314.634 20:45:17
5.060 252.073 1289.756 20:45:18
5.068 239.488 1237.073 20:45:19
5.072 167.585 965.366 20:45:20
5.068 250.780 1256.585 20:45:21
5.072 171.195 872.195 20:45:22
5.068 208.171 1033.171 20:45:23
5.072 159.878 812.195 20:45:24
5.056 344.878 1810.244 20:45:25
5.048 416.659 1702.439 20:45:26
5.072 160.488 814.634 20:45:27
5.056 344.171 1696.098 20:45:28
5.072 201.293 768.780 20:45:29
5.064 251.976 1472.195 20:45:30
5.056 336.878 1680.000 20:45:31
5.072 153.780 783.902 20:45:32
5.064 272.268 1575.122 20:45:33
5.072 164.073 832.195 20:45:34
5.064 281.366 1239.512 20:45:35
5.052 474.366 2225.854 20:45:36
5.064 196.878 975.122 20:45:37
5.064 252.488 1398.537 20:45:38
5.060 219.171 1473.171 20:45:39
5.076 164.293 1525.854 20:45:40
5.060 365.268 1954.146 20:45:41
5.068 207.585 1318.537 20:45:42
5.064 319.171 1673.659 20:45:43
5.072 163.976 830.244 20:45:44
5.068 252.366 1531.220 20:45:45
5.068 225.585 1144.390 20:45:46
5.068 226.390 1142.927 20:45:47
5.068 245.683 1246.829 20:45:48
5.072 195.878 1020.000 20:45:49
5.056 353.976 1740.000 20:45:50
5.072 303.463 902.927 20:45:51
5.064 236.171 961.463 20:45:52
5.072 175.195 782.439 20:45:53
5.064 245.488 1042.439 20:45:54
5.068 204.293 1402.439 20:45:55
5.068 210.171 1112.683 20:45:56
5.068 272.780 1174.146 20:45:57
5.052 371.268 1716.098 20:45:58
5.052 432.854 2320.000 20:45:59
5.072 165.976 1474.634 20:46:00
5.072 163.976 830.244 20:46:01
5.068 251.488 1269.268 20:46:02
5.056 245.171 1212.195 20:46:03
5.072 217.390 782.439 20:46:04
5.060 282.561 1093.171 20:46:05
5.068 196.780 1100.488 20:46:06
5.072 161.683 820.000 20:46:07
5.064 251.683 1265.366 20:46:09
5.064 336.878 1618.537 20:46:10
5.064 240.683 1234.634 20:46:11
5.076 149.488 757.073 20:46:12
5.072 163.073 826.341 20:46:13
5.072 247.268 1059.024 20:46:14
5.064 218.976 1196.585 20:46:15
5.072 149.976 761.463 20:46:16
5.068 245.268 830.244 20:46:17
5.068 164.195 818.537 20:46:18
5.068 198.488 1171.707 20:46:19
5.068 173.195 1137.073 20:46:20
5.072 147.488 747.317 20:46:21
5.072 250.585 1276.585 20:46:22
5.072 162.976 824.878 20:46:23
5.068 262.463 1227.805 20:46:24
5.068 227.878 1234.634 20:46:25
5.072 147.195 745.854 20:46:26
5.072 162.683 1182.927 20:46:27
5.072 160.293 816.585 20:46:28
5.068 214.976 1086.341 20:46:29
5.072 161.195 814.634 20:46:30
5.072 147.293 748.293 20:46:31
5.072 160.683 815.122 20:46:32
5.076 148.293 743.902 20:46:33
5.064 245.268 1240.976 20:46:34
5.072 148.293 755.122 20:46:35
5.076 147.390 748.293 20:46:36
5.068 161.293 812.683 20:46:37
5.072 146.293 753.659 20:46:38
5.072 159.976 814.634 20:46:39
5.076 146.683 749.756 20:46:40
5.076 146.878 747.317 20:46:41
5.072 160.073 812.683 20:46:42
5.072 151.390 763.902 20:46:43
