5.064 329.793 1634.878 04:11:14
5.076 156.598 794.878 04:11:15
5.080 145.098 731.220 04:11:16
5.072 158.598 801.951 04:11:17
5.076 147.000 821.707 04:11:18
5.072 206.988 1210.732 04:11:19
5.076 143.695 732.439 04:11:20
5.076 143.293 730.488 04:11:21
5.076 156.695 796.341 04:11:22
5.076 143.695 732.439 04:11:23
5.076 156.890 796.829 04:11:24
5.076 143.500 727.317 04:11:25
5.072 143.598 731.220 04:11:26
5.076 143.293 732.927 04:11:27
5.076 143.098 723.659 04:11:28
5.076 214.793 1336.829 04:11:29
5.072 143.195 724.878 04:11:30
5.076 157.098 798.537 04:11:31
5.076 144.195 726.829 04:11:32
5.076 143.195 727.805 04:11:33
5.076 143.293 727.805 04:11:34
5.080 145.000 729.268 04:11:35
5.076 169.695 740.000 04:11:36
5.076 143.195 727.805 04:11:37
5.068 244.195 1241.707 04:11:38
5.080 146.293 736.098 04:11:39
5.076 143.293 728.537 04:11:40
5.076 143.293 729.268 04:11:41
5.076 142.890 728.537 04:11:42
5.076 143.390 732.927 04:11:43
5.076 144.695 726.585 04:11:44
5.072 145.000 880.732 04:11:45
5.076 145.793 738.049 04:11:46
5.080 143.598 732.195 04:11:47
5.076 158.390 804.146 04:11:48
5.072 143.195 731.220 04:11:49
5.060 184.488 809.512 04:11:50
5.076 145.000 734.878 04:11:51
5.072 199.098 1010.244 04:11:52
5.076 144.195 730.488 04:11:53
5.076 143.000 725.610 04:11:54
5.072 205.695 1038.293 04:11:55
5.072 199.598 817.561 04:11:56
5.064 195.695 1322.683 04:11:57
5.080 145.598 1052.927 04:11:58
5.076 143.293 727.317 04:11:59
5.076 207.488 746.585 04:12:00
5.076 144.195 732.439 04:12:01
5.068 213.195 1418.293 04:12:02
5.076 151.500 738.780 04:12:03
5.072 183.890 881.463 04:12:04
5.072 144.890 739.268 04:12:05
5.076 143.500 732.195 04:12:06
5.068 251.085 1216.341 04:12:07
5.072 191.793 928.780 04:12:08
5.076 147.098 1060.976 04:12:09
5.080 143.390 732.195 04:12:10
5.076 143.098 730.488 04:12:11
5.076 157.793 807.317 04:12:12
5.076 143.695 731.220 04:12:13
5.076 160.195 806.098 04:12:14
5.076 145.390 742.439 04:12:16
5.072 206.793 1050.976 04:12:17
5.076 148.390 749.268 04:12:18
5.076 144.195 728.049 04:12:19
5.076 148.390 753.171 04:12:20
5.072 151.098 732.195 04:12:21
5.072 217.890 1103.659 04:12:22
5.076 144.293 732.927 04:12:23
5.076 147.195 800.000 04:12:24
5.076 159.598 801.951 04:12:25
5.072 209.195 1059.024 04:12:26
5.076 157.293 798.049 04:12:27
5.076 143.098 730.000 04:12:28
5.072 197.293 990.976 04:12:29
5.076 143.500 731.220 04:12:30
5.076 145.000 860.000 04:12:31
5.076 145.695 740.000 04:12:32
5.072 173.598 935.122 04:12:33
5.076 147.000 750.000 04:12:34
5.076 144.000 731.220 04:12:35
5.068 279.195 1052.683 04:12:36
5.076 143.195 731.220 04:12:37
5.072 217.695 1042.195 04:12:38
5.076 148.695 734.878 04:12:39
5.072 191.098 915.854 04:12:40
5.076 166.390 1047.805 04:12:41
5.076 145.098 734.878 04:12:42
5.076 179.390 908.293 04:12:43
5.072 144.598 738.049 04:12:44
5.076 147.793 746.098 04:12:45
5.072 158.598 803.659 04:12:46
5.076 143.293 734.390 04:12:47
5.072 209.890 996.585 04:12:48
5.076 143.390 727.317 04:12:49
5.076 142.598 726.829 04:12:50
5.076 157.000 792.439 04:12:51
5.076 143.098 727.317 04:12:52
5.076 143.000 725.610 04:12:53
5.076 146.195 736.098 04:12:54
5.076 143.195 723.659 04:12:55
5.076 157.000 796.341 04:12:56
5.076 144.195 728.537 04:12:57
5.072 399.598 1229.268 04:12:58
5.076 143.195 728.780 04:12:59
5.068 193.293 987.805 04:13:00
5.076 159.195 808.780 04:13:01
5.076 143.780 735.122 04:13:02
5.076 173.390 746.341 04:13:03
5.076 142.878 727.317 04:13:04
5.076 145.780 737.073 04:13:05
5.076 172.780 854.146 04:13:06
5.076 142.976 728.293 04:13:07
5.076 145.585 735.122 04:13:08
5.076 143.390 728.780 04:13:09
5.072 205.171 1007.805 04:13:10
5.076 145.390 995.610 04:13:11
5.076 147.098 745.854 04:13:12
5.080 151.683 731.220 04:13:13
5.076 143.098 726.341 04:13:14
5.076 148.976 755.122 04:13:15
5.076 143.780 730.732 04:13:16
5.072 212.683 1040.000 04:13:17
5.072 197.878 736.098 04:13:18
5.080 143.878 730.732 04:13:19
5.076 157.073 792.195 04:13:20
5.076 150.488 763.902 04:13:21
5.076 144.878 739.512 04:13:22
5.076 147.293 748.293 04:13:23
5.068 181.171 771.220 04:13:24
5.072 144.878 810.244 04:13:25
5.076 163.488 828.780 04:13:26
5.080 142.878 723.902 04:13:27
5.072 197.878 994.146 04:13:28
5.076 146.098 735.122 04:13:29
5.080 143.976 726.341 04:13:30
5.076 143.195 727.317 04:13:31
5.076 146.585 737.561 04:13:32
5.068 245.366 1338.537 04:13:33
5.072 196.488 1295.610 04:13:34
5.076 143.195 726.341 04:13:35
5.076 144.195 726.341 04:13:36
5.076 143.293 726.341 04:13:37
5.076 243.488 1010.244 04:13:38
5.076 144.585 727.317 04:13:39
5.072 244.171 977.561 04:13:40
5.076 143.780 728.780 04:13:41
5.076 144.390 728.293 04:13:42
5.076 151.976 734.634 04:13:43
5.076 143.780 771.220 04:13:44
5.076 156.195 867.317 04:13:45
5.080 143.585 730.732 04:13:46
5.076 169.488 862.439 04:13:47
5.076 145.585 729.756 04:13:48
5.076 149.976 760.000 04:13:49
5.076 158.390 891.707 04:13:50
5.076 143.293 728.293 04:13:51
5.076 146.878 748.780 04:13:52
5.072 143.195 726.341 04:13:53
5.076 142.878 726.341 04:13:54
5.076 150.293 760.976 04:13:55
5.076 157.488 728.293 04:13:56
5.076 144.683 737.073 04:13:57
5.080 145.390 736.098 04:13:58
5.072 225.073 1393.171 04:13:59
5.076 145.488 734.634 04:14:00
5.076 143.098 732.195 04:14:01
5.072 207.780 1041.463 04:14:02
5.076 144.585 736.098 04:14:03
5.076 149.488 758.537 04:14:04
5.076 144.293 732.195 04:14:05
5.076 142.585 728.293 04:14:07
5.076 165.976 744.878 04:14:08
5.076 143.098 732.195 04:14:09
5.072 145.585 732.195 04:14:10
5.076 143.976 725.854 04:14:11
5.072 193.585 985.366 04:14:12
5.076 145.878 877.561 04:14:13
5.076 144.098 735.122 04:14:14
5.076 143.390 1012.683 04:14:15
5.080 144.488 730.732 04:14:16
5.072 207.390 1055.122 04:14:17
5.072 146.293 836.585 04:14:18
5.076 146.293 748.780 04:14:19
5.072 155.390 795.122 04:14:20
5.076 143.098 730.732 04:14:21
5.076 148.195 754.634 04:14:22
5.076 143.098 727.317 04:14:23
5.076 206.073 987.805 04:14:24
5.076 143.585 732.195 04:14:25
5.080 149.683 763.902 04:14:26
5.076 145.488 735.122 04:14:27
5.080 152.293 728.780 04:14:28
5.076 210.878 1223.415 04:14:29
5.076 145.780 1012.683 04:14:30
5.076 144.195 730.732 04:14:31
5.076 144.878 739.512 04:14:32
5.072 208.780 745.854 04:14:33
5.076 155.488 795.122 04:14:34
5.076 143.878 729.756 04:14:35
5.076 150.585 767.317 04:14:36
5.076 144.488 734.634 04:14:37
5.076 145.390 732.683 04:14:38
5.076 144.683 738.537 04:14:39
5.080 177.390 757.073 04:14:40
5.072 158.195 803.902 04:14:41
5.072 196.073 1224.390 04:14:42
5.072 149.585 760.976 04:14:43
5.076 177.976 939.024 04:14:44
5.072 143.195 739.512 04:14:45
5.076 156.683 800.000 04:14:46
5.076 143.976 726.341 04:14:47
5.076 143.780 726.341 04:14:48
5.076 144.878 732.195 04:14:49
5.056 234.976 1037.561 04:14:50
5.076 224.976 1026.341 04:14:51
5.080 145.195 1045.366 04:14:52
5.072 145.683 883.902 04:14:53
5.076 144.683 735.122 04:14:54
5.076 143.195 724.878 04:14:55
5.072 205.390 1035.122 04:14:56
5.076 144.098 729.756 04:14:57
5.072 148.195 756.098 04:14:58
5.076 144.585 738.537 04:14:59
5.076 197.976 989.268 04:15:00
5.076 148.098 1075.122 04:15:01
5.076 144.098 728.780 04:15:02
5.072 221.488 1126.829 04:15:03
5.076 145.683 735.122 04:15:04
5.072 196.585 1018.049 04:15:05
5.068 188.780 867.805 04:15:06
5.076 144.098 726.341 04:15:07
5.076 202.976 737.561 04:15:08
5.080 143.780 729.756 04:15:09
5.072 203.878 1008.780 04:15:10
5.076 144.878 741.463 04:15:11
5.076 144.488 734.634 04:15:12
5.072 145.878 735.122 04:15:13
5.076 148.780 757.561 04:15:14
5.076 224.268 775.122 04:15:15
5.076 143.780 732.683 04:15:16
5.076 143.976 728.293 04:15:17
5.076 144.293 727.317 04:15:18
5.076 148.488 757.561 04:15:19
5.080 148.780 755.122 04:15:20
5.072 195.171 976.098 04:15:21
5.076 143.098 728.293 04:15:22
5.076 144.488 729.756 04:15:23
5.076 153.683 758.537 04:15:24
5.072 172.488 849.756 04:15:25
5.068 158.976 804.878 04:15:26
5.076 192.780 911.707 04:15:27
5.076 142.976 728.293 04:15:28
5.076 147.585 751.220 04:15:29
5.076 143.098 728.293 04:15:30
5.076 147.585 750.244 04:15:31
5.076 144.098 730.732 04:15:32
5.076 149.488 759.512 04:15:33
5.080 146.390 739.512 04:15:34
5.076 143.098 727.317 04:15:35
5.076 160.195 878.537 04:15:36
5.076 143.585 726.341 04:15:37
5.072 195.073 1019.024 04:15:38
5.076 143.878 731.220 04:15:39
5.056 242.878 1043.902 04:15:40
5.076 147.390 740.000 04:15:41
5.076 144.390 730.732 04:15:42
5.076 199.780 735.122 04:15:43
5.072 152.976 737.073 04:15:44
5.076 247.878 1035.122 04:15:45
5.076 143.098 732.195 04:15:46
5.072 203.878 1033.171 04:15:47
5.072 150.585 735.122 04:15:48
5.080 143.293 747.317 04:15:49
5.060 243.585 1225.854 04:15:50
5.072 144.878 739.512 04:15:51
5.072 200.293 987.805 04:15:52
5.076 143.976 737.561 04:15:53
5.076 143.293 730.732 04:15:54
5.072 202.488 1051.220 04:15:55
5.080 143.878 726.341 04:15:56
5.076 197.390 970.244 04:15:57
5.076 151.098 738.537 04:15:58
5.076 143.195 726.341 04:15:59
5.076 155.976 796.098 04:16:00
5.076 143.195 728.293 04:16:02
5.076 157.488 802.439 04:16:03
5.076 145.585 736.098 04:16:04
5.076 163.780 856.585 04:16:05
5.076 144.976 735.122 04:16:06
5.080 143.976 726.341 04:16:07
5.076 157.195 797.073 04:16:08
5.080 143.976 726.341 04:16:09
5.076 158.585 813.659 04:16:10
5.076 144.780 739.512 04:16:11
5.076 147.098 750.244 04:16:12
5.080 144.878 740.976 04:16:13
5.076 145.098 735.122 04:16:14
5.076 159.878 810.244 04:16:15
5.076 143.683 726.341 04:16:16
5.076 177.780 922.439 04:16:17
5.080 144.878 731.220 04:16:18
5.076 142.780 726.341 04:16:19
5.072 158.293 803.902 04:16:20
5.076 142.976 727.317 04:16:21
5.076 245.780 1541.951 04:16:22
5.076 287.366 1403.415 04:16:23
5.076 143.488 726.341 04:16:24
5.076 143.293 728.293 04:16:25
5.080 143.293 727.317 04:16:26
5.076 156.585 797.561 04:16:27
5.076 143.780 730.732 04:16:28
5.064 263.073 1329.756 04:16:29
5.076 143.293 723.902 04:16:30
5.080 143.195 726.341 04:16:31
5.076 158.293 803.415 04:16:32
5.076 142.878 727.317 04:16:33
5.076 159.195 803.902 04:16:34
5.076 143.683 726.341 04:16:35
5.072 226.976 1361.951 04:16:36
5.076 143.780 725.854 04:16:37
5.076 142.976 727.317 04:16:38
5.076 158.390 802.439 04:16:39
5.076 143.195 727.317 04:16:40
5.076 156.683 798.537 04:16:41
5.076 143.976 727.317 04:16:42
5.076 143.488 742.439 04:16:43
5.076 203.390 775.122 04:16:44
5.080 143.976 777.073 04:16:45
5.076 156.683 795.122 04:16:46
5.080 143.683 730.732 04:16:47
5.068 281.976 1432.195 04:16:48
5.076 146.585 740.000 04:16:49
5.076 142.488 723.902 04:16:50
5.076 157.195 792.683 04:16:51
5.076 143.683 730.732 04:16:52
5.076 179.293 897.561 04:16:53
5.072 147.195 750.244 04:16:54
5.076 142.976 726.341 04:16:55
5.076 145.683 734.634 04:16:56
5.076 143.976 727.317 04:16:57
5.080 149.976 760.000 04:16:58
5.076 144.098 728.780 04:16:59
5.080 143.683 725.854 04:17:00
5.076 159.195 844.878 04:17:01
5.076 143.195 729.756 04:17:02
5.076 144.098 727.317 04:17:03
5.076 143.878 730.732 04:17:04
5.080 144.683 739.512 04:17:05
5.076 145.780 735.122 04:17:06
5.076 143.780 725.854 04:17:07
5.076 144.878 740.976 04:17:08
5.076 142.780 742.439 04:17:09
5.076 156.195 792.683 04:17:10
5.076 146.780 743.902 04:17:11
5.076 144.293 734.634 04:17:12
5.076 156.585 790.244 04:17:13
5.076 143.488 730.732 04:17:14
5.072 349.171 1623.902 04:17:15
5.076 187.683 1108.293 04:17:16
5.080 142.488 723.902 04:17:17
5.076 143.293 728.293 04:17:18
5.076 143.780 734.634 04:17:19
5.076 158.293 805.854 04:17:20
5.076 143.293 727.317 04:17:21
5.064 248.878 1018.049 04:17:22
5.076 143.780 730.732 04:17:23
5.076 142.976 729.756 04:17:24
5.076 156.073 790.244 04:17:25
5.080 144.098 781.463 04:17:26
5.076 150.488 763.902 04:17:27
5.076 145.976 734.634 04:17:28
5.080 190.976 743.902 04:17:29
5.076 158.293 803.902 04:17:30
5.076 152.780 726.341 04:17:31
5.072 171.488 795.122 04:17:32
5.076 144.780 737.073 04:17:33
5.076 181.878 893.659 04:17:34
5.076 144.293 735.122 04:17:35
5.076 143.878 743.415 04:17:36
5.080 146.390 750.244 04:17:37
5.080 143.293 729.756 04:17:38
5.068 261.780 1316.098 04:17:39
5.076 143.293 726.341 04:17:40
5.076 143.878 729.756 04:17:41
5.076 158.585 807.317 04:17:42
5.076 143.293 726.341 04:17:43
5.076 155.488 796.098 04:17:44
5.076 143.293 734.634 04:17:45
5.076 143.293 730.732 04:17:46
5.076 156.780 794.634 04:17:47
5.072 171.488 867.317 04:17:48
5.076 146.976 750.244 04:17:49
5.076 144.878 738.537 04:17:50
5.076 143.390 725.854 04:17:51
5.076 147.488 847.317 04:17:52
5.076 145.683 739.512 04:17:53
5.072 183.171 894.146 04:17:54
5.076 156.585 799.024 04:17:56
5.076 143.585 730.732 04:17:57
5.072 162.390 795.122 04:17:58
5.076 149.488 1014.146 04:17:59
5.076 150.488 763.415 04:18:00
5.076 143.293 726.341 04:18:01
5.076 143.780 726.341 04:18:02
5.076 156.780 791.220 04:18:03
5.076 143.683 723.902 04:18:04
5.076 143.390 726.341 04:18:05
5.076 143.098 726.341 04:18:06
5.072 157.293 796.098 04:18:07
5.076 145.683 742.439 04:18:08
5.076 143.293 726.341 04:18:09
5.080 156.195 795.122 04:18:10
5.076 143.195 730.732 04:18:11
5.068 237.683 1224.390 04:18:12
5.076 146.585 733.659 04:18:13
5.056 213.390 1115.122 04:18:14
5.072 148.585 742.439 04:18:15
5.076 142.976 726.341 04:18:16
5.072 157.585 1015.122 04:18:17
5.076 143.098 726.341 04:18:18
5.072 262.366 1060.000 04:18:19
5.076 145.488 735.122 04:18:20
5.072 216.488 1110.732 04:18:21
5.076 145.585 733.659 04:18:22
5.072 143.683 732.195 04:18:23
5.076 158.488 842.439 04:18:24
5.076 142.683 727.317 04:18:25
5.072 393.268 2283.415 04:18:26
5.080 144.390 730.732 04:18:27
5.076 145.390 1294.146 04:18:28
5.076 156.683 796.098 04:18:29
5.080 143.780 734.634 04:18:30
5.076 158.683 805.854 04:18:31
5.072 142.683 727.317 04:18:32
5.060 317.659 1653.659 04:18:33
5.076 145.195 740.976 04:18:34
5.076 174.293 931.707 04:18:35
5.076 144.683 739.512 04:18:36
5.076 143.390 728.780 04:18:37
5.076 149.390 757.561 04:18:38
5.076 142.780 726.341 04:18:39
5.076 187.878 923.902 04:18:40
5.076 145.585 732.195 04:18:41
5.076 143.976 727.317 04:18:42
5.076 156.683 796.098 04:18:43
5.076 143.293 726.341 04:18:44
5.076 156.293 796.098 04:18:45
5.076 142.976 726.341 04:18:46
5.072 204.585 1037.561 04:18:47
5.076 143.390 727.317 04:18:48
5.076 143.098 727.317 04:18:49
5.076 158.293 799.024 04:18:50
5.076 143.390 731.220 04:18:51
5.076 143.683 726.341 04:18:52
5.076 143.878 730.732 04:18:53
5.072 182.683 1318.537 04:18:54
5.076 143.195 725.854 04:18:55
5.076 145.878 734.634 04:18:56
5.076 143.976 740.976 04:18:57
5.076 143.585 729.756 04:18:58
5.068 181.878 736.098 04:18:59
5.072 171.976 942.439 04:19:00
5.072 147.878 745.854 04:19:01
5.076 143.780 730.732 04:19:02
5.076 143.390 731.220 04:19:03
5.076 143.878 731.220 04:19:04
5.076 144.390 724.878 04:19:05
5.076 157.878 807.317 04:19:06
5.076 143.098 726.341 04:19:07
5.076 152.878 781.463 04:19:08
5.072 146.390 737.561 04:19:09
5.072 143.390 728.293 04:19:10
5.076 149.195 749.756 04:19:11
5.076 146.976 738.537 04:19:12
5.076 148.098 772.683 04:19:13
5.080 145.195 724.878 04:19:14
5.080 143.976 724.878 04:19:15
5.076 145.780 733.659 04:19:16
5.076 144.195 735.122 04:19:17
5.080 156.878 795.122 04:19:18
5.076 142.976 731.220 04:19:19
5.068 279.268 1410.732 04:19:20
5.076 145.098 738.537 04:19:21
5.076 143.293 730.732 04:19:22
5.076 157.683 804.878 04:19:23
5.076 142.878 729.756 04:19:24
5.076 156.073 796.098 04:19:25
5.080 144.098 731.220 04:19:26
5.072 195.683 957.561 04:19:27
5.076 145.780 735.122 04:19:28
5.076 143.195 726.341 04:19:29
5.072 156.780 790.244 04:19:30
5.076 143.195 730.732 04:19:31
5.076 156.780 797.073 04:19:32
5.072 143.780 728.780 04:19:33
5.076 143.195 726.341 04:19:34
5.076 143.585 728.293 04:19:35
5.080 144.976 726.341 04:19:36
5.072 179.390 1291.707 04:19:37
5.076 147.780 752.683 04:19:38
5.068 205.171 1321.951 04:19:39
5.076 142.585 724.878 04:19:40
5.076 143.195 727.317 04:19:41
5.072 145.098 738.537 04:19:42
5.076 142.878 726.341 04:19:43
5.072 157.780 796.098 04:19:44
5.076 143.878 725.854 04:19:45
5.076 143.195 727.317 04:19:46
5.076 148.293 752.683 04:19:47
5.076 143.976 728.780 04:19:48
5.072 156.780 793.659 04:19:50
5.076 143.390 728.293 04:19:51
5.076 142.585 731.220 04:19:52
5.076 143.293 730.732 04:19:53
5.076 143.195 727.317 04:19:54
5.064 278.463 1695.122 04:19:55
5.076 144.878 735.122 04:19:56
5.076 143.878 728.780 04:19:57
5.076 156.195 796.098 04:19:58
5.076 143.293 726.341 04:19:59
5.076 158.585 803.902 04:20:00
5.068 194.073 985.366 04:20:01
5.072 180.171 1007.805 04:20:02
5.076 144.878 742.439 04:20:03
5.076 152.098 729.756 04:20:04
5.076 161.293 807.317 04:20:05
5.076 143.293 777.073 04:20:06
5.076 157.195 795.122 04:20:07
5.076 156.976 731.220 04:20:08
5.080 143.585 732.683 04:20:09
5.076 143.780 724.878 04:20:10
5.076 143.293 727.317 04:20:11
5.060 251.073 1483.415 04:20:12
5.072 173.976 969.268 04:20:13
5.076 144.683 1269.268 04:20:14
5.076 144.878 742.439 04:20:15
5.076 144.780 731.220 04:20:16
5.076 158.073 805.854 04:20:17
5.076 143.976 763.902 04:20:18
5.072 218.976 1083.902 04:20:19
5.072 149.195 803.415 04:20:20
5.072 216.268 1108.293 04:20:21
5.076 144.098 728.293 04:20:22
5.080 143.098 737.073 04:20:23
5.076 160.390 756.098 04:20:24
5.072 192.293 966.341 04:20:25
5.072 172.073 1057.561 04:20:26
5.076 144.878 738.537 04:20:27
5.076 176.683 952.683 04:20:28
5.076 158.780 805.854 04:20:29
5.076 143.293 727.317 04:20:30
5.076 155.976 795.122 04:20:31
5.076 144.683 731.220 04:20:32
5.076 149.780 763.902 04:20:33
5.076 143.488 742.439 04:20:34
5.076 143.878 725.854 04:20:35
5.072 156.878 796.098 04:20:36
5.076 143.195 727.317 04:20:37
5.064 263.683 1065.366 04:20:38
5.076 144.976 741.463 04:20:39
5.072 222.585 1074.146 04:20:40
5.076 145.098 736.098 04:20:41
5.072 143.390 727.317 04:20:42
5.076 153.488 771.220 04:20:43
5.072 155.488 735.122 04:20:44
5.064 241.073 1259.512 04:20:45
5.072 144.683 736.098 04:20:46
5.076 196.976 1025.366 04:20:47
5.076 198.073 1037.561 04:20:48
5.080 143.878 732.195 04:20:49
5.072 205.268 1114.146 04:20:50
5.076 145.293 734.634 04:20:51
5.076 142.976 727.317 04:20:52
5.072 194.976 978.049 04:20:53
5.080 145.585 737.073 04:20:54
5.076 158.878 748.293 04:20:55
5.076 143.585 732.195 04:20:56
5.076 143.293 729.756 04:20:57
5.076 148.780 789.756 04:20:58
5.080 144.780 728.293 04:20:59
5.076 178.073 979.024 04:21:00
5.076 144.488 728.293 04:21:01
5.076 147.976 747.317 04:21:02
5.076 144.683 1012.683 04:21:03
5.076 143.098 726.341 04:21:04
5.076 202.073 1066.341 04:21:05
5.076 144.390 1046.829 04:21:06
5.076 149.585 745.854 04:21:07
5.076 149.293 775.122 04:21:08
5.072 193.390 994.146 04:21:09
5.076 146.390 740.976 04:21:10
5.076 145.878 736.098 04:21:11
5.072 208.268 1049.268 04:21:12
5.076 143.098 728.293 04:21:13
5.076 157.878 763.902 04:21:14
5.076 146.293 737.073 04:21:15
5.076 143.488 731.220 04:21:16
5.072 223.585 1361.951 04:21:17
5.076 188.976 976.585 04:21:18
5.076 143.293 728.293 04:21:19
5.076 143.390 730.732 04:21:20
5.072 224.488 2039.512 04:21:21
5.076 143.390 727.317 04:21:22
5.076 143.976 726.341 04:21:23
5.076 148.683 845.366 04:21:24
5.076 143.878 726.341 04:21:25
5.076 158.780 1065.366 04:21:26
5.080 145.390 784.878 04:21:27
5.072 195.878 988.780 04:21:28
5.076 143.780 727.317 04:21:29
5.076 144.098 730.732 04:21:30
5.076 150.488 763.902 04:21:31
5.076 143.976 726.341 04:21:32
5.076 145.098 836.585 04:21:33
5.076 144.780 739.512 04:21:34
5.076 143.488 728.293 04:21:35
5.076 158.488 803.902 04:21:36
5.068 206.488 756.098 04:21:37
5.072 206.878 1040.000 04:21:38
5.076 153.195 743.415 04:21:39
5.076 143.098 726.341 04:21:40
5.076 143.195 728.293 04:21:41
5.076 149.878 758.537 04:21:42
5.076 148.780 757.561 04:21:43
5.080 144.683 739.512 04:21:45
5.072 181.878 927.317 04:21:46
5.076 206.390 871.220 04:21:47
5.076 144.878 737.561 04:21:48
5.072 143.878 727.317 04:21:49
5.076 150.488 826.341 04:21:50
5.072 247.268 1397.073 04:21:51
5.080 145.488 736.098 04:21:52
5.080 147.293 1026.829 04:21:53
5.076 159.390 807.805 04:21:54
5.080 143.878 727.317 04:21:55
5.076 147.293 750.244 04:21:56
5.076 145.488 735.122 04:21:57
5.076 167.488 759.512 04:21:58
5.076 144.195 732.195 04:21:59
5.072 221.585 1075.610 04:22:00
5.076 152.098 769.756 04:22:01
5.076 143.780 728.293 04:22:02
5.072 151.293 767.317 04:22:03
5.076 143.293 728.293 04:22:04
5.076 158.683 811.220 04:22:05
5.076 145.585 727.317 04:22:06
5.076 144.878 739.512 04:22:07
5.072 145.195 737.073 04:22:08
5.076 143.195 727.317 04:22:09
5.068 241.366 1215.610 04:22:10
5.076 143.976 732.195 04:22:11
5.076 148.488 750.244 04:22:12
5.076 143.780 724.878 04:22:13
5.076 150.976 734.634 04:22:14
5.068 241.366 1194.146 04:22:15
5.076 143.293 874.146 04:22:16
5.076 156.488 792.683 04:22:17
5.076 144.293 728.293 04:22:18
5.076 144.488 784.878 04:22:19
5.072 252.780 737.561 04:22:20
5.072 153.976 830.244 04:22:21
5.076 196.390 734.634 04:22:22
5.076 142.293 729.756 04:22:23
5.076 152.390 761.463 04:22:24
5.076 144.976 739.512 04:22:25
5.076 143.976 729.756 04:22:26
5.080 148.976 792.195 04:22:27
5.076 145.780 737.561 04:22:28
5.076 156.293 796.098 04:22:29
5.076 145.683 743.415 04:22:30
5.076 223.780 962.927 04:22:31
5.076 144.976 738.537 04:22:32
5.080 143.780 727.317 04:22:33
5.076 150.293 763.415 04:22:34
5.076 144.780 736.098 04:22:35
5.076 146.878 749.756 04:22:36
5.076 142.780 728.293 04:22:37
5.076 144.098 728.293 04:22:38
5.076 143.390 736.098 04:22:39
5.076 143.780 729.756 04:22:40
5.068 230.268 1998.049 04:22:41
5.076 143.390 727.317 04:22:42
5.072 156.585 795.122 04:22:43
5.076 144.390 733.659 04:22:44
5.080 144.488 731.220 04:22:45
5.076 162.073 762.439 04:22:46
5.076 143.585 726.341 04:22:47
5.072 212.976 1047.805 04:22:48
5.076 176.780 926.341 04:22:49
5.072 218.171 735.122 04:22:50
5.076 150.098 732.683 04:22:51
5.076 144.878 839.024 04:22:52
5.076 146.683 749.756 04:22:53
5.076 143.390 732.683 04:22:54
5.076 143.585 729.756 04:22:55
5.072 149.878 757.073 04:22:56
5.076 144.780 737.073 04:22:57
5.076 290.366 797.561 04:22:58
5.076 145.585 737.561 04:22:59
5.068 209.171 1055.610 04:23:00
5.076 145.585 735.122 04:23:01
5.076 143.293 727.317 04:23:02
5.072 161.976 1157.073 04:23:03
5.072 144.098 722.439 04:23:04
5.072 204.780 1038.049 04:23:05
5.072 226.073 1099.512 04:23:06
5.076 145.585 748.780 04:23:07
5.076 144.585 1056.585 04:23:08
5.076 143.390 726.341 04:23:09
5.076 147.976 759.512 04:23:10
5.072 158.585 873.659 04:23:11
5.076 146.488 735.122 04:23:12
5.072 144.488 732.195 04:23:13
5.076 146.683 744.878 04:23:14
5.076 157.585 807.317 04:23:15
5.076 149.488 761.463 04:23:16
5.072 237.585 1271.707 04:23:17
5.076 145.683 735.122 04:23:18
5.076 143.293 735.122 04:23:19
5.076 144.195 732.683 04:23:20
5.076 144.878 739.512 04:23:21
5.076 147.878 745.854 04:23:22
5.080 143.293 726.341 04:23:23
5.076 174.195 844.878 04:23:24
5.076 158.195 796.098 04:23:25
5.076 144.195 726.341 04:23:26
5.076 145.585 737.561 04:23:27
5.076 144.780 735.122 04:23:28
5.080 150.585 763.415 04:23:29
5.076 144.293 916.585 04:23:30
5.076 142.878 727.317 04:23:31
5.072 216.073 1038.049 04:23:32
5.076 145.195 784.878 04:23:33
5.072 145.488 735.122 04:23:34
5.076 145.780 735.122 04:23:35
5.072 240.268 2308.780 04:23:36
5.072 147.390 750.244 04:23:37
5.080 142.683 723.902 04:23:39
5.072 197.073 1313.171 04:23:40
5.076 144.098 726.341 04:23:41
5.072 160.780 728.293 04:23:42
5.072 147.390 750.244 04:23:43
5.068 216.585 1099.512 04:23:44
5.068 244.585 927.317 04:23:45
5.076 254.878 1003.902 04:23:46
5.076 143.098 728.293 04:23:47
5.076 192.390 734.634 04:23:48
5.080 145.293 737.073 04:23:49
5.076 144.878 742.439 04:23:50
5.076 190.585 734.634 04:23:51
5.052 285.780 1237.073 04:23:52
5.076 143.195 726.341 04:23:53
5.072 160.073 803.415 04:23:54
5.076 145.098 739.512 04:23:55
5.076 143.780 726.341 04:23:56
5.072 144.780 737.561 04:23:57
5.076 152.098 738.537 04:23:58
5.072 143.878 723.415 04:23:59
5.068 176.073 1014.146 04:24:00
5.072 149.195 756.098 04:24:01
5.076 143.293 726.341 04:24:02
5.076 145.780 726.341 04:24:03
5.068 236.780 737.073 04:24:04
5.072 190.171 896.098 04:24:05
5.068 144.878 732.195 04:24:06
5.076 147.585 748.780 04:24:07
5.076 143.780 730.732 04:24:08
5.068 403.463 1940.488 04:24:09
5.076 147.976 751.220 04:24:10
5.072 149.683 759.512 04:24:11
5.076 150.488 763.902 04:24:12
5.076 143.098 728.293 04:24:13
5.076 185.683 754.634 04:24:14
5.076 141.878 777.073 04:24:15
5.072 204.878 995.122 04:24:16
5.068 227.171 1057.561 04:24:17
5.076 142.976 726.341 04:24:18
5.076 143.195 726.341 04:24:19
5.076 143.293 730.732 04:24:20
5.068 152.293 768.293 04:24:21
5.076 143.976 726.341 04:24:22
5.076 150.488 763.902 04:24:23
5.076 164.073 729.756 04:24:24
5.076 145.585 742.439 04:24:25
5.076 157.780 803.415 04:24:26
5.076 143.976 767.317 04:24:27
5.068 214.976 1119.512 04:24:28
5.072 175.293 739.512 04:24:29
5.080 149.683 763.902 04:24:30
5.072 156.878 795.122 04:24:31
5.080 143.878 728.780 04:24:32
5.072 158.488 801.463 04:24:33
5.076 145.488 752.683 04:24:34
5.072 183.293 942.439 04:24:35
5.072 143.195 727.317 04:24:36
5.064 207.073 1040.000 04:24:37
5.072 149.098 757.073 04:24:38
5.076 143.195 727.317 04:24:39
5.072 244.878 1445.854 04:24:40
5.076 145.585 734.634 04:24:41
5.076 143.195 728.780 04:24:42
5.076 143.390 728.293 04:24:43
5.076 145.780 743.415 04:24:44
5.076 144.683 737.561 04:24:45
5.076 144.683 738.537 04:24:46
5.072 185.780 895.122 04:24:47
5.076 145.878 741.463 04:24:48
5.076 152.976 761.463 04:24:49
5.076 143.293 732.195 04:24:50
5.076 142.780 726.341 04:24:51
5.076 143.780 732.195 04:24:52
5.076 144.878 734.634 04:24:53
5.076 143.195 731.220 04:24:54
5.064 242.780 1203.415 04:24:55
5.076 145.293 737.561 04:24:56
5.076 144.098 728.293 04:24:57
5.076 144.293 728.293 04:24:58
5.072 180.488 958.049 04:24:59
5.076 145.293 840.976 04:25:00
5.076 143.390 726.341 04:25:01
5.076 147.293 747.317 04:25:02
5.076 142.976 726.341 04:25:03
5.076 148.780 756.098 04:25:04
5.072 175.390 896.098 04:25:05
5.080 142.390 731.220 04:25:06
5.076 171.293 804.878 04:25:07
5.076 143.488 729.756 04:25:08
5.076 158.073 790.244 04:25:09
5.076 144.878 738.537 04:25:10
5.076 222.585 737.561 04:25:11
5.076 156.976 797.073 04:25:12
5.076 144.293 732.195 04:25:13
5.072 144.976 740.976 04:25:14
5.076 146.683 732.195 04:25:15
5.072 172.683 885.366 04:25:16
5.076 145.683 893.659 04:25:17
5.076 143.683 728.293 04:25:18
5.076 158.390 804.878 04:25:19
5.076 142.488 727.317 04:25:20
5.072 156.976 797.561 04:25:21
5.076 144.878 743.902 04:25:22
5.076 143.878 726.341 04:25:23
5.076 156.488 799.024 04:25:24
5.076 143.390 727.317 04:25:25
5.072 158.390 906.341 04:25:26
5.072 153.585 739.512 04:25:27
5.064 249.073 1251.707 04:25:28
5.076 193.390 734.634 04:25:29
5.076 143.488 726.341 04:25:30
5.076 199.878 838.537 04:25:32
5.076 143.390 726.341 04:25:33
5.076 156.878 796.098 04:25:34
5.076 142.976 727.317 04:25:35
5.072 142.976 726.341 04:25:36
5.080 145.098 739.512 04:25:37
5.076 143.195 730.732 04:25:38
5.072 157.585 797.073 04:25:39
5.076 142.976 724.878 04:25:40
5.064 294.463 1484.878 04:25:41
5.076 145.683 735.122 04:25:42
5.076 143.195 729.756 04:25:43
5.076 145.195 740.000 04:25:44
5.080 143.878 730.732 04:25:45
5.076 163.390 800.000 04:25:46
5.076 143.878 725.854 04:25:47
5.076 152.293 977.561 04:25:48
5.076 156.878 793.659 04:25:49
5.076 144.780 728.780 04:25:50
5.072 155.976 1044.390 04:25:51
5.072 144.878 739.512 04:25:52
5.076 151.780 727.317 04:25:53
5.072 169.976 857.561 04:25:54
5.080 145.390 757.561 04:25:55
5.064 223.780 926.341 04:25:56
5.076 152.683 736.098 04:25:57
5.076 143.195 728.780 04:25:58
5.080 156.878 797.073 04:25:59
5.076 143.390 728.780 04:26:00
5.076 158.683 804.878 04:26:01
5.072 145.098 1040.000 04:26:02
5.076 143.488 729.756 04:26:03
5.076 145.098 743.415 04:26:04
5.076 145.683 742.439 04:26:05
5.076 158.585 807.317 04:26:06
5.076 145.488 727.317 04:26:07
5.072 181.683 983.902 04:26:08
5.076 144.293 739.512 04:26:09
5.076 143.195 728.293 04:26:10
5.076 187.073 1007.805 04:26:11
5.076 143.488 728.293 04:26:12
5.072 276.878 1354.634 04:26:13
5.076 144.780 730.732 04:26:14
5.076 144.390 732.683 04:26:15
5.076 156.878 792.683 04:26:16
5.076 144.878 731.220 04:26:17
5.076 156.878 793.659 04:26:18
5.076 144.683 727.317 04:26:19
5.076 143.098 730.732 04:26:20
5.072 156.585 795.122 04:26:21
5.076 143.976 730.732 04:26:22
5.076 157.195 795.122 04:26:23
5.080 144.098 729.756 04:26:24
5.072 178.195 891.220 04:26:25
5.076 144.976 735.122 04:26:26
5.076 143.780 727.317 04:26:27
5.076 143.488 731.220 04:26:28
5.076 143.195 724.878 04:26:29
5.076 157.293 799.024 04:26:30
5.076 144.780 733.659 04:26:31
5.076 143.780 725.854 04:26:32
5.076 143.098 1017.561 04:26:33
5.076 143.293 726.341 04:26:34
5.072 217.976 737.073 04:26:35
5.072 177.780 940.000 04:26:36
5.076 231.976 1266.829 04:26:37
5.076 144.878 737.561 04:26:38
5.076 143.390 727.317 04:26:39
5.076 158.878 803.902 04:26:40
5.076 144.293 729.756 04:26:41
5.072 252.073 1046.829 04:26:42
5.076 143.585 720.976 04:26:43
5.076 143.195 727.317 04:26:44
5.076 156.780 795.122 04:26:45
5.072 176.878 890.244 04:26:46
5.076 149.585 768.293 04:26:47
5.076 200.171 1054.146 04:26:48
5.080 143.390 775.122 04:26:49
5.076 158.195 880.000 04:26:50
5.076 144.390 726.341 04:26:51
5.068 260.463 1338.049 04:26:52
5.076 143.976 731.220 04:26:53
5.076 142.878 726.341 04:26:54
5.076 158.488 803.902 04:26:55
5.076 143.293 729.756 04:26:56
5.072 178.585 908.780 04:26:57
5.076 144.878 739.512 04:26:58
5.076 143.976 729.756 04:26:59
5.076 156.073 795.122 04:27:00
5.076 143.976 730.732 04:27:01
5.076 156.976 902.927 04:27:02
5.076 144.098 735.122 04:27:03
5.076 143.195 731.220 04:27:04
5.076 144.293 726.341 04:27:05
5.076 143.683 729.756 04:27:06
5.076 157.195 791.220 04:27:07
5.076 146.878 749.756 04:27:08
5.072 193.585 1000.000 04:27:09
5.076 144.878 735.122 04:27:10
5.072 145.878 738.537 04:27:11
5.076 157.073 796.098 04:27:12
5.080 144.976 735.122 04:27:13
5.072 142.878 733.659 04:27:14
5.076 145.976 721.951 04:27:15
5.076 142.390 722.439 04:27:16
5.076 158.488 803.415 04:27:17
5.076 146.390 736.098 04:27:18
5.076 154.976 738.537 04:27:19
5.076 144.195 728.293 04:27:20
5.076 176.488 918.537 04:27:21
5.072 216.268 1094.146 04:27:22
5.076 174.683 803.902 04:27:23
5.076 199.976 740.000 04:27:24
5.076 144.878 732.683 04:27:26
5.076 216.878 1174.634 04:27:27
5.076 150.293 765.854 04:27:28
5.076 145.390 733.659 04:27:29
5.076 143.195 727.317 04:27:30
5.080 143.390 730.732 04:27:31
5.076 149.878 760.000 04:27:32
5.076 147.780 746.341 04:27:33
5.076 145.780 740.976 04:27:34
5.076 153.488 1018.049 04:27:35
5.076 193.585 737.561 04:27:36
5.072 196.488 1027.805 04:27:37
5.072 144.585 735.122 04:27:38
5.072 145.195 733.659 04:27:39
5.068 156.878 797.073 04:27:40
5.076 146.390 739.512 04:27:41
5.076 147.585 728.293 04:27:42
5.076 158.073 1040.000 04:27:43
5.076 156.780 805.854 04:27:44
5.072 149.878 761.463 04:27:45
5.072 145.390 739.512 04:27:46
5.076 144.585 737.561 04:27:47
5.076 145.585 734.634 04:27:48
5.072 150.488 764.878 04:27:49
5.076 153.780 757.561 04:27:50
5.072 163.878 737.561 04:27:51
5.076 143.293 726.341 04:27:52
5.076 144.780 723.415 04:27:53
5.072 198.293 743.902 04:27:54
5.076 145.683 738.537 04:27:55
5.076 146.976 745.854 04:27:56
5.072 191.390 985.366 04:27:57
5.076 143.098 726.341 04:27:58
5.076 144.976 1138.049 04:27:59
5.076 145.195 735.122 04:28:00
5.076 149.195 748.293 04:28:01
5.076 148.098 743.415 04:28:02
5.076 142.976 729.756 04:28:03
5.076 143.488 729.756 04:28:04
5.076 145.098 733.659 04:28:05
5.080 143.488 731.220 04:28:06
5.076 143.293 731.220 04:28:07
5.068 144.878 738.537 04:28:08
5.076 214.390 782.439 04:28:09
5.076 143.878 726.341 04:28:10
5.076 146.293 739.512 04:28:11
5.076 143.488 728.293 04:28:12
5.076 150.585 831.220 04:28:13
5.076 147.098 737.073 04:28:14
5.072 152.683 945.366 04:28:15
5.076 218.683 803.902 04:28:16
5.076 172.195 739.512 04:28:17
5.076 156.195 790.244 04:28:18
5.076 143.585 727.317 04:28:19
5.076 144.098 737.073 04:28:20
5.076 211.878 759.512 04:28:21
5.076 147.195 748.293 04:28:22
5.076 146.976 745.854 04:28:23
5.080 153.683 733.659 04:28:24
5.072 204.683 1075.610 04:28:25
5.076 144.195 726.341 04:28:26
5.076 142.683 726.341 04:28:27
5.068 396.854 2010.244 04:28:28
5.076 143.293 734.634 04:28:29
5.076 147.683 745.854 04:28:30
5.076 145.585 739.512 04:28:31
5.072 241.683 986.829 04:28:32
5.076 146.585 748.780 04:28:33
5.076 143.195 726.341 04:28:34
5.068 205.488 1446.829 04:28:35
5.076 143.878 737.073 04:28:36
5.072 213.878 1133.171 04:28:37
5.072 199.976 886.341 04:28:38
5.076 143.488 1101.463 04:28:39
5.072 198.878 988.780 04:28:40
5.076 177.073 931.220 04:28:41
5.076 157.488 1019.024 04:28:42
5.076 208.390 737.073 04:28:43
5.076 154.390 750.244 04:28:44
5.080 143.390 727.317 04:28:45
5.076 143.293 732.683 04:28:46
5.072 145.976 736.098 04:28:47
5.076 143.098 726.341 04:28:48
5.076 143.195 728.293 04:28:49
5.076 145.585 735.122 04:28:50
5.076 143.976 728.293 04:28:51
5.080 151.098 763.902 04:28:52
5.076 143.098 730.732 04:28:53
5.076 156.488 802.439 04:28:54
5.076 158.293 807.317 04:28:55
5.076 149.488 763.902 04:28:56
5.072 196.585 977.561 04:28:57
5.080 143.195 1011.707 04:28:58
5.076 142.585 727.317 04:28:59
5.076 145.488 734.634 04:29:00
5.076 145.488 736.098 04:29:01
5.076 156.585 796.098 04:29:02
5.076 156.878 1323.415 04:29:03
5.076 161.585 737.073 04:29:04
5.076 143.195 727.317 04:29:05
5.076 142.780 723.902 04:29:06
5.072 172.878 860.976 04:29:07
5.076 149.488 763.415 04:29:08
5.076 151.390 768.780 04:29:09
5.076 143.585 731.220 04:29:10
5.076 147.098 740.000 04:29:11
5.076 143.293 732.683 04:29:12
5.080 144.683 735.122 04:29:13
5.072 172.683 1118.049 04:29:14
5.076 234.976 1310.732 04:29:15
5.076 211.268 849.756 04:29:16
5.068 144.878 734.634 04:29:17
5.076 144.878 737.561 04:29:18
5.076 143.195 724.878 04:29:20
5.076 162.073 750.244 04:29:21
5.080 218.171 763.415 04:29:22
5.076 145.585 742.439 04:29:23
5.076 143.293 730.732 04:29:24
5.076 144.098 729.756 04:29:25
5.076 144.878 737.561 04:29:26
5.076 149.195 757.561 04:29:27
5.068 237.878 1195.610 04:29:28
5.072 207.585 1053.171 04:29:29
5.076 143.976 726.341 04:29:30
5.072 171.073 867.317 04:29:31
5.072 169.390 883.902 04:29:32
5.076 170.976 941.463 04:29:33
5.076 167.878 889.756 04:29:34
5.076 168.073 932.683 04:29:35
5.076 176.195 859.024 04:29:36
5.076 146.780 737.073 04:29:37
5.076 174.878 980.000 04:29:38
5.076 191.390 906.341 04:29:39
5.076 155.195 797.561 04:29:40
5.076 145.585 763.415 04:29:41
5.068 215.171 1139.024 04:29:42
5.072 205.488 1067.805 04:29:43
5.076 144.878 737.561 04:29:44
5.076 143.976 729.756 04:29:45
5.076 145.390 735.122 04:29:46
5.076 172.780 803.415 04:29:47
5.072 213.268 1324.390 04:29:48
5.072 251.171 1045.366 04:29:49
5.076 143.780 730.732 04:29:50
5.076 145.780 734.634 04:29:51
5.076 146.976 726.341 04:29:52
5.068 386.659 1231.707 04:29:53
5.076 157.073 852.683 04:29:54
5.076 144.683 733.659 04:29:55
5.076 257.463 1223.415 04:29:56
5.076 144.585 739.512 04:29:57
5.076 146.293 742.439 04:29:58
5.076 158.585 1229.268 04:29:59
5.076 145.390 734.634 04:30:00
5.076 147.878 756.098 04:30:01
5.076 143.195 727.317 04:30:02
5.076 156.683 796.098 04:30:03
5.076 142.976 727.317 04:30:04
5.076 153.780 734.634 04:30:05
5.076 156.390 792.195 04:30:06
5.076 143.390 727.317 04:30:07
5.076 147.683 744.878 04:30:08
5.068 216.976 1172.683 04:30:09
5.072 143.195 726.341 04:30:10
5.076 146.098 737.561 04:30:11
5.076 157.780 802.439 04:30:12
5.076 168.976 800.000 04:30:13
5.076 147.098 752.683 04:30:14
5.076 145.390 737.073 04:30:15
5.076 144.195 726.341 04:30:16
5.076 143.390 731.220 04:30:17
5.076 150.780 760.976 04:30:18
5.076 147.098 1081.463 04:30:19
5.072 236.488 1197.073 04:30:20
5.072 208.488 1049.268 04:30:21
5.076 144.195 730.732 04:30:22
5.076 143.195 726.341 04:30:23
5.068 144.878 737.561 04:30:24
5.076 159.390 810.244 04:30:25
5.076 149.390 758.537 04:30:26
5.080 144.683 735.122 04:30:27
5.076 144.878 737.073 04:30:28
5.076 145.488 734.634 04:30:29
5.076 143.293 726.341 04:30:30
5.072 147.780 745.854 04:30:31
5.076 152.683 735.122 04:30:32
5.076 144.878 733.659 04:30:33
5.076 145.195 728.780 04:30:34
5.076 155.976 789.756 04:30:35
5.076 143.293 730.732 04:30:36
5.072 147.683 745.854 04:30:37
5.076 195.878 991.707 04:30:38
5.076 143.585 1012.683 04:30:39
5.076 145.585 737.561 04:30:40
5.076 143.293 732.683 04:30:41
5.076 158.195 745.854 04:30:42
5.072 199.780 1119.024 04:30:43
5.068 277.073 1341.951 04:30:44
5.076 164.390 736.098 04:30:45
5.076 143.293 730.732 04:30:46
5.076 145.683 733.659 04:30:47
5.072 192.683 1010.244 04:30:48
5.076 157.073 796.098 04:30:49
5.076 182.171 768.780 04:30:50
5.076 145.585 736.098 04:30:51
5.076 145.488 737.073 04:30:52
5.076 145.098 737.073 04:30:53
5.064 209.073 1042.439 04:30:54
5.076 247.780 1061.463 04:30:55
5.076 144.195 726.341 04:30:56
5.076 159.073 807.317 04:30:57
5.076 144.878 740.976 04:30:58
5.076 366.171 1066.829 04:30:59
5.068 150.878 772.195 04:31:00
5.076 143.195 726.341 04:31:01
5.076 142.878 722.439 04:31:02
5.076 142.976 724.878 04:31:03
5.080 143.878 726.341 04:31:04
5.072 157.683 800.000 04:31:05
5.068 241.488 1227.805 04:31:06
5.068 215.390 1051.220 04:31:07
5.076 143.390 728.293 04:31:08
5.076 143.976 732.195 04:31:09
5.076 144.488 730.732 04:31:10
5.076 152.098 772.195 04:31:11
5.072 143.195 733.659 04:31:12
5.076 144.683 729.756 04:31:14
5.076 145.293 744.878 04:31:15
5.076 149.683 732.195 04:31:16
5.072 152.780 865.366 04:31:17
5.076 146.683 1060.488 04:31:18
5.072 172.585 906.341 04:31:19
5.076 144.293 735.122 04:31:20
5.076 143.780 726.341 04:31:21
5.076 145.585 735.122 04:31:22
5.076 148.780 754.634 04:31:23
5.072 202.878 1035.610 04:31:24
5.068 239.976 1623.415 04:31:25
5.076 144.683 816.098 04:31:26
5.076 148.195 732.195 04:31:27
5.080 143.293 751.220 04:31:28
5.072 158.195 805.854 04:31:29
5.068 158.293 801.463 04:31:30
5.076 145.293 734.634 04:31:31
5.072 181.976 912.683 04:31:32
5.080 161.585 726.341 04:31:33
5.076 143.195 730.732 04:31:34
5.076 210.073 734.634 04:31:35
5.076 156.073 792.683 04:31:36
5.076 158.585 804.878 04:31:37
5.076 144.195 730.732 04:31:38
5.076 197.488 748.293 04:31:39
5.080 144.780 739.512 04:31:40
5.076 147.293 749.756 04:31:41
5.072 156.683 796.098 04:31:42
5.068 218.268 1179.024 04:31:43
5.076 149.976 1110.244 04:31:44
5.076 143.098 732.683 04:31:45
5.076 143.878 726.341 04:31:46
5.072 144.976 735.122 04:31:47
5.076 147.488 752.195 04:31:48
5.072 217.683 844.878 04:31:49
5.072 144.195 1136.585 04:31:50
5.080 145.878 737.561 04:31:51
5.076 143.195 726.341 04:31:52
5.072 237.073 1202.927 04:31:53
5.072 182.976 933.659 04:31:54
5.076 143.878 731.220 04:31:55
5.076 156.073 793.659 04:31:56
5.072 144.878 735.122 04:31:57
5.076 159.585 804.878 04:31:58
5.072 152.195 877.561 04:31:59
5.072 224.780 738.537 04:32:00
5.076 145.878 735.122 04:32:01
5.076 144.195 730.732 04:32:02
5.076 156.683 1046.829 04:32:03
5.076 148.683 754.634 04:32:04
5.076 147.976 745.854 04:32:05
5.072 203.683 1054.146 04:32:06
5.072 144.683 730.732 04:32:07
5.076 194.293 734.634 04:32:08
5.076 143.293 728.293 04:32:09
5.076 156.073 791.220 04:32:10
5.076 318.171 804.878 04:32:11
5.072 249.073 1077.561 04:32:12
5.076 146.390 739.512 04:32:13
5.072 143.390 730.732 04:32:14
5.076 143.976 732.683 04:32:15
5.076 143.098 726.341 04:32:16
5.072 168.390 793.659 04:32:17
5.068 242.073 1208.293 04:32:18
5.076 144.293 777.073 04:32:19
5.076 143.780 729.756 04:32:20
5.076 174.585 847.805 04:32:21
5.072 144.683 739.512 04:32:22
5.076 147.683 748.780 04:32:23
5.076 199.293 946.341 04:32:24
5.076 144.293 729.756 04:32:25
5.076 156.293 796.098 04:32:26
5.076 182.683 906.341 04:32:27
5.076 144.098 724.878 04:32:28
5.076 143.390 726.341 04:32:29
5.076 146.878 748.293 04:32:30
5.076 168.195 835.122 04:32:31
5.076 144.683 735.122 04:32:32
5.072 192.878 996.585 04:32:33
5.072 217.780 1095.610 04:32:34
5.076 143.976 730.732 04:32:35
5.076 156.976 790.244 04:32:36
5.080 143.195 726.341 04:32:37
5.072 144.976 740.976 04:32:38
5.072 243.268 1005.366 04:32:39
5.072 214.488 973.659 04:32:40
5.076 145.976 879.024 04:32:41
5.076 144.780 733.659 04:32:42
5.076 153.293 735.122 04:32:43
5.076 156.585 796.098 04:32:44
5.076 156.976 796.098 04:32:45
5.076 145.585 733.659 04:32:46
5.076 142.976 726.341 04:32:47
5.076 148.976 757.073 04:32:48
5.076 143.293 731.220 04:32:49
5.076 143.293 732.195 04:32:50
5.080 142.585 728.293 04:32:51
5.076 144.780 739.512 04:32:52
5.076 144.878 734.634 04:32:53
5.076 145.780 857.561 04:32:54
5.072 220.683 1098.049 04:32:55
5.076 144.878 740.976 04:32:56
5.076 143.488 729.756 04:32:57
5.072 158.390 801.463 04:32:58
5.076 178.683 878.537 04:32:59
5.076 156.585 794.634 04:33:00
5.076 145.390 733.659 04:33:01
5.072 218.488 1112.683 04:33:02
5.076 143.390 731.220 04:33:03
5.076 143.195 726.341 04:33:04
5.076 190.878 832.195 04:33:05
5.076 144.195 726.341 04:33:06
5.072 194.780 1224.390 04:33:08
5.068 180.488 907.805 04:33:09
5.076 143.195 728.780 04:33:10
5.076 156.878 796.098 04:33:11
5.076 145.878 765.854 04:33:12
5.076 148.195 788.780 04:33:13
5.076 142.976 733.659 04:33:14
5.064 258.073 1181.951 04:33:15
5.076 146.098 740.976 04:33:16
5.076 143.098 726.341 04:33:17
5.076 157.683 801.463 04:33:18
5.076 142.683 727.317 04:33:19
5.072 151.585 772.683 04:33:20
5.076 144.683 738.537 04:33:21
5.076 142.976 724.878 04:33:22
5.076 144.878 742.439 04:33:23
5.076 145.878 733.659 04:33:24
5.072 163.585 829.756 04:33:25
5.076 143.683 727.317 04:33:26
5.068 205.780 1060.488 04:33:27
5.076 143.488 730.732 04:33:28
5.068 205.585 1117.561 04:33:29
5.076 144.780 739.512 04:33:30
5.076 143.878 722.439 04:33:31
5.060 198.073 995.610 04:33:32
5.076 144.878 1015.122 04:33:33
5.076 149.195 763.415 04:33:34
5.076 185.073 891.707 04:33:35
5.076 212.683 978.049 04:33:36
5.076 143.488 725.854 04:33:37
5.076 143.098 729.756 04:33:38
5.076 149.390 760.976 04:33:39
5.080 143.390 724.878 04:33:40
5.076 150.390 763.415 04:33:41
5.076 144.293 729.756 04:33:42
5.076 144.780 726.341 04:33:43
5.076 147.585 747.317 04:33:44
5.076 143.293 727.317 04:33:45
5.068 239.585 1540.976 04:33:46
5.076 143.878 730.732 04:33:47
5.072 149.683 759.512 04:33:48
5.076 145.585 735.122 04:33:49
5.080 143.780 729.756 04:33:50
5.076 148.585 754.634 04:33:51
5.076 154.390 737.561 04:33:52
5.068 239.488 1219.512 04:33:53
5.076 146.098 740.976 04:33:54
5.076 143.098 728.293 04:33:55
5.076 143.390 726.341 04:33:56
5.076 142.976 724.878 04:33:57
5.076 156.390 797.073 04:33:58
5.076 145.390 735.122 04:33:59
5.076 143.098 722.439 04:34:00
5.072 160.976 840.976 04:34:01
5.072 143.098 724.878 04:34:02
5.076 157.976 1390.732 04:34:03
5.076 144.683 737.073 04:34:04
5.072 198.073 885.366 04:34:05
5.076 143.293 728.293 04:34:06
5.076 143.098 731.220 04:34:07
5.076 157.683 1224.390 04:34:08
5.076 142.878 727.317 04:34:09
5.076 151.585 763.902 04:34:10
5.076 158.390 800.976 04:34:11
5.076 144.098 734.634 04:34:12
5.076 164.488 801.463 04:34:13
5.076 143.488 726.341 04:34:14
5.076 158.683 802.439 04:34:15
5.076 150.293 755.122 04:34:16
5.076 145.585 735.122 04:34:17
5.076 257.073 1039.024 04:34:18
5.076 143.878 733.659 04:34:19
5.076 156.073 796.098 04:34:20
5.076 144.195 729.756 04:34:21
5.076 147.195 748.780 04:34:22
5.076 143.878 726.341 04:34:23
5.080 144.195 729.756 04:34:24
5.076 156.878 796.098 04:34:25
5.076 145.293 733.659 04:34:26
5.072 238.976 1214.146 04:34:27
5.076 143.195 726.341 04:34:28
5.076 148.976 759.512 04:34:29
5.076 193.683 738.537 04:34:30
5.080 143.195 727.317 04:34:31
5.076 147.098 1063.902 04:34:32
5.076 143.293 726.341 04:34:33
5.076 205.683 1042.439 04:34:34
5.076 146.390 739.512 04:34:35
5.072 202.585 1035.122 04:34:36
5.076 157.585 803.415 04:34:37
5.080 143.878 729.756 04:34:38
5.060 198.488 976.585 04:34:39
5.076 182.390 803.902 04:34:40
5.072 158.488 803.415 04:34:41
5.076 144.780 745.854 04:34:42
5.076 145.683 732.195 04:34:43
5.076 145.976 739.512 04:34:44
5.080 143.195 727.317 04:34:45
5.076 156.878 796.098 04:34:46
5.072 144.098 732.195 04:34:47
5.076 148.098 748.293 04:34:48
5.076 143.976 728.293 04:34:49
5.076 143.098 726.341 04:34:50
5.072 147.098 737.073 04:34:51
5.076 144.585 737.561 04:34:52
5.072 185.390 952.683 04:34:53
5.076 145.098 739.512 04:34:54
5.076 144.195 731.220 04:34:55
5.072 159.293 808.780 04:34:57
5.076 143.098 728.293 04:34:58
5.076 157.390 799.024 04:34:59
5.076 143.195 728.293 04:35:00
5.076 143.780 734.634 04:35:01
5.072 144.878 737.561 04:35:02
5.076 143.683 733.659 04:35:03
5.076 156.073 791.220 04:35:04
5.076 148.683 728.293 04:35:05
5.072 195.293 1671.220 04:35:06
5.076 143.098 726.341 04:35:07
5.076 162.976 796.098 04:35:08
5.076 144.878 737.073 04:35:09
5.076 143.878 729.756 04:35:10
5.080 156.390 787.805 04:35:11
5.076 145.780 739.512 04:35:12
5.076 144.878 737.561 04:35:13
5.076 144.293 745.854 04:35:14
5.068 194.976 992.683 04:35:15
5.076 158.780 899.024 04:35:16
5.076 144.585 730.732 04:35:17
5.072 312.366 2310.732 04:35:18
5.076 145.780 737.073 04:35:19
5.064 244.683 1583.415 04:35:20
5.076 145.683 734.634 04:35:21
5.072 190.171 948.780 04:35:22
5.076 144.878 876.098 04:35:23
5.076 143.585 731.220 04:35:24
5.068 242.488 1243.415 04:35:25
5.076 145.976 740.976 04:35:26
5.076 147.878 752.683 04:35:27
5.076 143.390 727.317 04:35:28
5.076 143.195 728.293 04:35:29
5.064 231.488 1011.707 04:35:30
5.072 187.878 1017.561 04:35:31
5.076 228.976 800.976 04:35:32
5.076 144.878 736.098 04:35:33
5.044 341.366 1203.415 04:35:34
5.076 146.488 740.976 04:35:35
5.076 142.683 723.902 04:35:36
5.072 150.976 767.317 04:35:37
5.076 142.878 727.317 04:35:38
5.076 148.780 754.634 04:35:39
5.076 143.488 1019.024 04:35:40
5.064 214.976 1175.610 04:35:41
5.076 156.976 797.073 04:35:42
5.076 143.293 728.293 04:35:43
5.068 238.171 1290.732 04:35:44
5.076 143.488 724.878 04:35:45
5.076 151.293 761.463 04:35:46
5.072 158.488 803.902 04:35:47
5.076 144.098 730.732 04:35:48
5.072 167.683 804.878 04:35:49
5.076 143.098 726.341 04:35:50
5.068 243.073 1230.244 04:35:51
5.072 143.293 729.756 04:35:52
5.076 143.780 737.073 04:35:53
5.076 144.878 732.683 04:35:54
5.072 143.195 726.341 04:35:55
5.072 148.585 1277.073 04:35:56
5.076 144.195 740.000 04:35:57
5.068 258.463 1225.366 04:35:58
5.072 182.488 773.659 04:35:59
5.076 152.780 728.293 04:36:00
5.076 245.268 886.341 04:36:01
5.076 145.488 740.976 04:36:02
5.072 198.976 1015.610 04:36:03
5.076 161.683 738.537 04:36:04
5.072 207.488 1037.561 04:36:05
5.076 156.780 792.195 04:36:06
5.076 143.293 729.756 04:36:07
5.072 254.780 1206.829 04:36:08
5.072 184.488 973.659 04:36:09
5.076 158.195 805.854 04:36:10
5.064 146.488 1006.829 04:36:11
5.076 143.390 723.902 04:36:12
5.076 158.073 809.756 04:36:13
5.076 143.195 726.341 04:36:14
5.064 232.976 1179.024 04:36:15
5.076 144.780 743.902 04:36:16
5.068 214.073 1081.463 04:36:17
5.072 158.488 1245.366 04:36:18
5.076 143.976 729.756 04:36:19
5.076 157.585 803.902 04:36:20
5.076 143.780 728.780 04:36:21
5.072 238.780 1050.244 04:36:22
5.076 143.293 727.317 04:36:23
5.076 143.293 726.341 04:36:24
5.076 157.878 804.878 04:36:25
5.076 143.976 729.756 04:36:26
5.064 300.171 1106.341 04:36:27
5.068 165.976 777.561 04:36:28
5.076 159.488 806.341 04:36:29
5.076 145.098 735.122 04:36:30
5.076 143.976 730.732 04:36:31
5.072 147.098 750.244 04:36:32
5.076 143.780 728.293 04:36:33
5.076 158.488 797.073 04:36:34
5.076 143.976 727.317 04:36:35
5.072 239.683 1210.732 04:36:36
5.076 144.098 882.927 04:36:37
5.076 143.390 728.293 04:36:38
5.076 158.390 801.463 04:36:39
5.076 143.976 730.732 04:36:40
5.076 156.195 797.073 04:36:41
5.076 144.683 728.293 04:36:42
5.072 196.976 985.366 04:36:43
5.076 145.098 742.439 04:36:44
5.076 143.390 730.732 04:36:45
5.076 158.488 800.000 04:36:46
5.076 145.683 742.439 04:36:47
5.072 157.073 795.122 04:36:48
5.076 146.195 728.293 04:36:49
5.076 144.195 732.195 04:36:51
5.076 156.073 796.098 04:36:52
5.076 142.488 726.341 04:36:53
5.080 143.878 727.317 04:36:54
5.076 158.780 803.415 04:36:55
5.076 143.878 725.854 04:36:56
5.076 169.073 804.878 04:36:57
5.076 159.780 737.561 04:36:58
5.068 172.390 931.220 04:36:59
5.076 143.293 728.293 04:37:00
5.076 193.585 981.463 04:37:01
5.076 156.878 793.659 04:37:02
5.072 147.390 744.878 04:37:03
5.072 203.878 1093.171 04:37:04
5.076 143.293 730.732 04:37:05
5.076 143.390 724.878 04:37:06
5.076 156.195 792.195 04:37:07
5.076 144.585 727.317 04:37:08
5.076 157.488 792.683 04:37:09
5.076 143.488 728.293 04:37:10
5.076 143.293 726.341 04:37:11
5.072 161.073 1385.854 04:37:12
5.076 143.293 727.317 04:37:13
5.076 156.585 805.854 04:37:14
5.076 173.195 1055.122 04:37:15
5.072 143.780 726.341 04:37:16
5.076 158.585 949.268 04:37:17
5.076 143.293 728.780 04:37:18
5.064 253.268 1228.293 04:37:19
5.072 207.171 906.341 04:37:20
5.072 230.171 1002.439 04:37:21
5.076 144.488 739.512 04:37:22
5.080 143.780 727.317 04:37:23
5.076 156.976 801.463 04:37:24
5.076 143.878 728.780 04:37:25
5.072 203.976 1053.171 04:37:26
5.076 143.293 730.732 04:37:27
5.076 143.780 729.756 04:37:28
5.076 287.976 1250.244 04:37:29
5.076 143.195 730.732 04:37:30
5.076 157.390 797.073 04:37:31
5.076 143.488 728.293 04:37:32
5.076 143.098 726.341 04:37:33
5.076 157.780 800.000 04:37:34
5.076 143.390 726.341 04:37:35
5.076 149.878 765.854 04:37:36
5.076 144.390 1043.902 04:37:37
5.076 143.195 727.317 04:37:38
5.076 143.195 737.561 04:37:39
5.072 143.976 726.341 04:37:40
5.076 158.390 804.878 04:37:41
5.076 144.195 728.293 04:37:42
5.072 245.976 1248.293 04:37:43
5.080 152.195 737.561 04:37:44
5.076 142.976 727.317 04:37:45
5.072 149.488 755.122 04:37:46
5.076 143.390 732.195 04:37:47
5.076 156.585 799.024 04:37:48
5.076 143.293 727.317 04:37:49
5.076 173.195 921.463 04:37:50
5.076 166.390 1013.659 04:37:51
5.076 143.098 727.317 04:37:52
5.064 280.976 1484.878 04:37:53
5.076 143.585 772.195 04:37:54
5.076 143.195 727.317 04:37:55
5.072 156.878 793.659 04:37:56
5.076 144.098 725.854 04:37:57
5.076 158.390 802.439 04:37:58
5.076 143.195 726.341 04:37:59
5.076 143.878 727.317 04:38:00
5.076 177.293 793.659 04:38:01
5.076 143.195 726.341 04:38:02
5.076 158.683 794.634 04:38:03
5.076 145.585 737.073 04:38:04
5.072 184.171 916.585 04:38:05
5.076 216.268 735.122 04:38:06
5.076 143.293 726.341 04:38:07
5.076 156.976 794.634 04:38:08
5.076 145.780 737.561 04:38:09
5.064 279.976 1430.732 04:38:10
5.076 146.293 773.659 04:38:11
5.076 144.098 730.732 04:38:12
5.076 159.073 805.854 04:38:13
5.076 143.293 726.341 04:38:14
5.076 149.878 769.756 04:38:15
5.072 143.976 730.732 04:38:16
5.076 146.390 739.512 04:38:17
5.076 164.585 732.683 04:38:18
5.076 144.195 730.732 04:38:19
5.064 256.073 804.878 04:38:20
5.080 144.780 739.512 04:38:21
5.068 214.488 1110.244 04:38:22
5.076 143.878 728.293 04:38:23
5.076 143.878 726.341 04:38:24
5.076 209.390 742.439 04:38:25
5.076 142.683 730.732 04:38:26
5.068 158.976 805.854 04:38:27
5.072 163.976 845.366 04:38:28
5.072 230.488 1060.000 04:38:29
5.076 200.585 1057.561 04:38:30
5.076 146.098 742.439 04:38:31
5.076 156.976 797.073 04:38:32
5.076 143.195 727.317 04:38:33
5.068 242.366 1214.146 04:38:34
5.076 144.878 735.122 04:38:35
5.072 152.878 740.976 04:38:36
5.076 145.098 739.512 04:38:37
5.080 143.878 731.220 04:38:38
5.076 158.488 804.878 04:38:39
5.076 143.976 724.878 04:38:40
5.052 396.366 1617.073 04:38:41
5.080 143.293 726.341 04:38:42
5.076 144.098 728.293 04:38:43
5.076 158.585 803.415 04:38:45
5.076 153.683 765.854 04:38:46
5.060 399.756 1643.415 04:38:47
5.076 163.585 736.098 04:38:48
5.076 142.585 730.732 04:38:49
5.076 156.073 798.537 04:38:50
5.076 142.585 728.293 04:38:51
5.068 239.488 1214.146 04:38:52
5.076 144.098 730.732 04:38:53
5.076 143.488 726.341 04:38:54
5.076 156.293 795.122 04:38:55
5.076 143.293 724.878 04:38:56
5.076 144.488 725.854 04:38:57
5.076 143.195 726.341 04:38:58
5.076 145.683 726.341 04:38:59
5.076 234.878 803.415 04:39:00
5.076 147.780 743.902 04:39:01
5.072 194.488 1036.585 04:39:02
5.072 169.390 1034.146 04:39:03
5.080 143.683 730.732 04:39:04
5.076 158.878 941.463 04:39:05
5.072 143.780 728.293 04:39:06
5.060 296.683 1424.390 04:39:07
5.076 144.780 740.000 04:39:08
5.076 143.195 726.341 04:39:09
5.076 157.073 796.098 04:39:10
5.080 146.780 750.244 04:39:11
5.068 268.366 1377.073 04:39:12
5.076 144.878 739.512 04:39:13
5.076 144.390 727.317 04:39:14
5.076 158.585 803.902 04:39:15
5.076 143.976 730.732 04:39:16
5.064 287.366 1455.610 04:39:17
5.076 145.098 735.122 04:39:18
5.072 143.293 726.341 04:39:19
5.072 158.683 802.439 04:39:20
5.076 143.195 728.293 04:39:21
5.076 296.976 1146.829 04:39:22
5.076 144.780 729.756 04:39:23
5.076 144.293 730.732 04:39:24
5.076 156.878 796.098 04:39:25
5.080 143.098 726.341 04:39:26
5.076 186.683 797.561 04:39:27
5.076 145.390 761.463 04:39:28
5.076 143.293 727.317 04:39:29
5.076 147.098 750.244 04:39:30
5.076 143.683 984.878 04:39:31
5.076 156.878 796.098 04:39:32
5.080 143.293 745.854 04:39:33
5.068 261.683 1339.512 04:39:34
5.076 144.195 732.195 04:39:35
5.072 143.976 726.341 04:39:36
5.076 156.073 796.098 04:39:37
5.076 143.585 727.317 04:39:38
5.076 158.195 801.463 04:39:39
5.076 144.878 739.512 04:39:40
5.076 143.293 726.341 04:39:41
5.076 158.488 803.415 04:39:42
5.076 144.878 738.537 04:39:43
5.072 158.878 804.878 04:39:44
5.076 145.976 736.098 04:39:45
5.068 186.171 962.927 04:39:46
5.076 144.098 731.220 04:39:47
5.076 143.976 730.732 04:39:48
5.072 176.293 808.780 04:39:49
5.080 147.780 749.756 04:39:50
5.064 277.073 1081.463 04:39:51
5.076 143.976 731.220 04:39:52
5.076 146.683 743.415 04:39:53
5.072 260.976 1313.171 04:39:54
5.076 143.195 728.293 04:39:55
5.076 143.780 728.293 04:39:56
5.072 156.878 796.098 04:39:57
5.076 142.976 726.341 04:39:58
5.072 158.976 799.024 04:39:59
5.072 200.171 740.000 04:40:00
5.076 143.780 732.195 04:40:01
5.068 237.878 1199.024 04:40:02
5.076 145.683 783.902 04:40:03
5.072 176.195 898.537 04:40:04
5.076 156.976 799.024 04:40:05
5.076 143.878 832.195 04:40:06
5.076 158.683 805.854 04:40:07
5.076 144.585 735.122 04:40:08
5.076 145.195 737.073 04:40:09
5.076 143.293 728.293 04:40:10
5.080 321.659 739.512 04:40:11
5.076 157.585 756.098 04:40:12
5.076 143.683 733.659 04:40:13
5.076 157.073 797.561 04:40:14
5.076 145.585 735.122 04:40:15
5.076 144.098 726.341 04:40:16
5.076 146.390 744.878 04:40:17
5.072 213.878 1057.561 04:40:18
5.076 143.585 730.732 04:40:19
5.076 143.976 731.220 04:40:20
5.068 241.073 1381.951 04:40:21
5.080 144.098 731.220 04:40:22
5.076 150.098 762.439 04:40:23
5.076 156.390 795.122 04:40:24
5.076 149.195 728.293 04:40:25
5.076 151.976 734.634 04:40:26
5.076 143.293 746.341 04:40:27
5.076 145.585 735.122 04:40:28
5.076 144.976 736.098 04:40:29
5.076 149.878 765.854 04:40:30
5.076 156.780 796.098 04:40:31
5.076 144.098 732.195 04:40:32
5.076 147.976 752.683 04:40:33
5.076 143.585 731.220 04:40:34
5.072 241.366 848.780 04:40:35
5.072 143.780 728.293 04:40:36
5.072 203.878 1057.561 04:40:37
5.076 200.073 820.000 04:40:38
5.076 144.098 725.854 04:40:39
5.072 150.293 760.976 04:40:40
5.068 145.390 740.976 04:40:42
5.076 158.683 803.902 04:40:43
5.076 143.488 732.195 04:40:44
5.076 144.878 743.902 04:40:45
5.076 171.195 740.976 04:40:46
5.076 143.293 724.878 04:40:47
5.064 239.488 1211.707 04:40:48
5.076 200.293 737.561 04:40:49
5.076 149.976 763.902 04:40:50
5.080 156.488 796.098 04:40:51
5.076 143.390 730.732 04:40:52
5.068 196.390 1008.780 04:40:53
5.076 146.390 736.098 04:40:54
5.076 144.098 730.732 04:40:55
5.080 156.780 795.122 04:40:56
5.076 143.390 726.341 04:40:57
5.068 237.268 1047.805 04:40:58
5.076 143.488 726.341 04:40:59
5.076 157.976 802.439 04:41:00
5.076 149.195 757.561 04:41:01
5.064 239.585 1219.512 04:41:02
5.072 153.195 739.512 04:41:03
5.076 143.878 723.902 04:41:04
5.072 254.488 804.878 04:41:05
5.080 145.195 737.073 04:41:06
5.076 158.585 804.878 04:41:07
5.076 143.488 729.756 04:41:08
5.072 192.780 976.098 04:41:09
5.076 145.878 739.512 04:41:10
5.076 143.390 726.341 04:41:11
5.072 206.171 1440.000 04:41:12
5.076 144.390 730.732 04:41:13
5.072 217.878 1099.512 04:41:14
5.076 144.488 738.537 04:41:15
5.076 142.293 728.780 04:41:16
5.064 258.171 1227.805 04:41:17
5.076 192.073 1013.659 04:41:18
5.076 220.073 963.902 04:41:19
5.076 151.195 735.122 04:41:20
5.076 146.488 744.878 04:41:21
5.076 158.683 804.878 04:41:22
5.076 143.390 727.317 04:41:23
5.076 159.488 808.780 04:41:24
5.076 144.098 732.683 04:41:25
5.072 156.780 797.073 04:41:26
5.076 143.488 728.293 04:41:27
5.072 143.098 726.341 04:41:28
5.076 156.878 796.098 04:41:29
5.076 143.195 727.317 04:41:30
5.072 423.268 2363.902 04:41:31
5.076 143.293 727.317 04:41:32
5.072 205.268 1041.463 04:41:33
5.072 143.195 728.293 04:41:34
5.076 143.293 732.683 04:41:35
5.076 158.683 806.341 04:41:36
5.076 200.171 1081.951 04:41:37
5.072 244.976 1386.829 04:41:38
5.072 174.293 891.707 04:41:39
5.072 180.976 921.463 04:41:40
5.076 142.976 728.780 04:41:41
5.076 158.585 801.463 04:41:42
5.076 143.390 728.293 04:41:43
5.072 220.171 1117.561 04:41:44
5.076 143.683 998.049 04:41:45
5.076 143.976 730.732 04:41:46
5.076 156.780 796.098 04:41:47
5.080 144.976 734.634 04:41:48
5.068 244.366 1297.073 04:41:49
5.072 197.780 950.244 04:41:50
5.076 146.976 744.878 04:41:51
5.072 149.293 754.634 04:41:52
5.076 143.293 728.293 04:41:53
5.068 239.488 1035.610 04:41:54
5.072 195.878 737.073 04:41:55
5.076 143.683 732.683 04:41:56
5.072 252.585 1248.293 04:41:57
5.076 143.293 728.780 04:41:58
5.060 268.463 2308.293 04:41:59
5.072 143.293 730.732 04:42:00
5.076 143.098 726.341 04:42:01
5.076 157.878 818.537 04:42:02
5.076 143.195 727.317 04:42:03
5.072 157.073 797.073 04:42:04
5.076 143.390 728.293 04:42:05
5.076 143.293 727.317 04:42:06
5.080 144.195 984.878 04:42:07
5.076 143.976 731.220 04:42:08
5.076 156.488 801.463 04:42:09
5.072 149.098 882.439 04:42:10
5.076 145.585 735.122 04:42:11
5.076 143.195 725.854 04:42:12
5.076 144.390 729.756 04:42:13
5.076 149.780 736.098 04:42:14
5.076 143.488 742.439 04:42:15
5.060 407.171 1618.537 04:42:16
5.076 142.780 728.293 04:42:17
5.076 142.488 727.317 04:42:18
5.076 158.293 891.707 04:42:19
5.076 143.976 736.098 04:42:20
5.076 158.390 1398.537 04:42:21
5.072 193.390 943.902 04:42:22
5.072 195.878 993.659 04:42:23
5.076 143.488 728.293 04:42:24
5.076 143.195 728.293 04:42:25
5.072 157.390 1279.512 04:42:26
5.076 143.195 726.341 04:42:27
5.072 157.073 797.561 04:42:28
5.068 146.195 799.024 04:42:29
5.076 143.390 727.317 04:42:30
5.076 156.073 796.098 04:42:31
5.076 143.488 727.317 04:42:32
5.076 143.293 726.341 04:42:33
5.076 143.293 727.317 04:42:35
5.076 158.780 803.902 04:42:36
5.076 152.683 737.073 04:42:37
5.072 209.585 1135.610 04:42:38
5.076 144.976 737.073 04:42:39
5.076 143.293 723.415 04:42:40
5.076 156.878 795.122 04:42:41
5.072 146.585 742.439 04:42:42
5.060 332.171 1607.317 04:42:43
5.072 145.780 740.976 04:42:44
5.068 188.683 953.659 04:42:45
5.076 145.488 732.683 04:42:46
5.072 143.098 765.854 04:42:47
5.076 148.976 752.195 04:42:48
5.076 143.195 731.220 04:42:49
5.072 206.878 1039.024 04:42:50
5.076 145.585 737.073 04:42:51
5.072 143.293 726.341 04:42:52
5.076 156.780 796.098 04:42:53
5.076 143.293 726.341 04:42:54
5.076 143.780 726.341 04:42:55
5.072 159.293 807.805 04:42:56
5.076 146.293 743.415 04:42:57
5.076 156.488 797.073 04:42:58
5.076 180.171 1160.488 04:42:59
5.068 223.488 1848.780 04:43:00
5.076 143.390 727.317 04:43:01
5.076 143.098 730.732 04:43:02
5.076 158.585 803.902 04:43:03
5.076 145.293 730.732 04:43:04
5.076 157.073 797.073 04:43:05
5.072 145.390 737.073 04:43:06
5.072 205.585 1031.707 04:43:07
5.072 144.098 732.195 04:43:08
5.072 143.878 727.317 04:43:09
5.076 158.585 804.878 04:43:10
5.076 143.195 732.195 04:43:11
5.060 322.171 1608.780 04:43:12
5.076 145.780 735.122 04:43:13
5.076 145.585 740.976 04:43:14
5.076 159.390 800.976 04:43:15
5.076 143.195 726.341 04:43:16
5.060 321.780 1627.317 04:43:17
5.076 144.195 733.659 04:43:18
5.076 143.293 728.293 04:43:19
5.072 160.073 804.878 04:43:20
5.076 147.390 752.195 04:43:21
5.076 157.073 820.976 04:43:22
5.076 143.780 726.341 04:43:23
5.076 144.293 726.341 04:43:24
5.076 156.293 796.098 04:43:25
5.076 143.488 727.317 04:43:26
5.076 158.976 805.854 04:43:27
5.076 144.976 735.122 04:43:28
5.072 185.878 908.780 04:43:29
5.076 145.878 737.073 04:43:30
5.076 143.976 733.659 04:43:31
5.076 158.073 863.902 04:43:32
5.076 144.195 730.732 04:43:33
5.060 319.780 1613.659 04:43:34
5.076 144.195 731.220 04:43:35
5.076 147.683 745.854 04:43:36
5.076 158.585 803.902 04:43:37
5.076 143.195 727.317 04:43:38
5.076 158.683 800.976 04:43:39
5.072 142.976 729.756 04:43:40
5.076 143.195 724.878 04:43:41
5.076 143.585 728.293 04:43:42
5.076 143.293 726.341 04:43:43
5.076 156.073 796.098 04:43:44
5.076 144.683 737.073 04:43:45
5.072 149.390 983.902 04:43:46
5.080 145.098 737.073 04:43:47
5.076 143.098 723.902 04:43:48
5.076 158.780 804.878 04:43:49
5.076 143.195 726.341 04:43:50
5.068 240.780 1756.098 04:43:51
5.076 143.976 726.341 04:43:52
5.076 143.293 871.220 04:43:53
5.072 156.683 796.098 04:43:54
5.068 219.878 1021.463 04:43:55
5.076 143.683 729.756 04:43:56
5.072 158.780 800.976 04:43:57
5.076 144.098 730.732 04:43:58
5.072 156.293 796.098 04:43:59
5.076 197.683 1018.049 04:44:00
5.076 143.293 731.220 04:44:01
5.076 148.293 747.317 04:44:02
5.080 143.488 726.341 04:44:03
5.076 166.073 805.854 04:44:04
5.080 144.293 727.317 04:44:05
5.064 221.780 1120.488 04:44:06
5.076 143.390 773.659 04:44:07
5.076 143.878 723.415 04:44:08
5.076 158.195 797.561 04:44:09
5.076 143.195 727.317 04:44:10
5.064 326.268 1688.780 04:44:11
5.072 175.195 754.634 04:44:12
5.076 144.195 728.293 04:44:13
5.068 188.878 1303.415 04:44:14
5.076 144.293 737.073 04:44:15
5.072 156.488 796.098 04:44:16
5.076 144.878 740.976 04:44:17
5.072 144.098 730.732 04:44:18
5.072 145.780 735.122 04:44:19
5.076 143.293 729.756 04:44:20
5.076 181.171 805.854 04:44:21
5.076 144.683 737.073 04:44:22
5.072 186.878 1050.244 04:44:23
5.076 143.976 732.195 04:44:24
5.076 144.390 735.122 04:44:25
5.076 156.390 797.073 04:44:26
5.076 143.976 732.195 04:44:27
5.064 280.780 1434.634 04:44:29
5.076 145.585 734.634 04:44:30
5.072 143.878 727.317 04:44:31
5.076 156.878 796.098 04:44:32
5.076 143.488 726.341 04:44:33
5.076 157.488 794.634 04:44:34
5.076 144.878 737.073 04:44:35
5.076 142.683 724.878 04:44:36
5.076 146.488 739.512 04:44:37
5.076 143.195 726.341 04:44:38
5.072 158.878 801.463 04:44:39
5.076 144.878 739.512 04:44:40
5.076 254.171 1095.122 04:44:41
5.076 173.878 736.098 04:44:42
5.076 143.683 729.756 04:44:43
5.072 158.683 804.878 04:44:44
5.076 143.293 728.293 04:44:45
5.060 371.366 2082.927 04:44:46
5.076 156.683 735.122 04:44:47
5.076 143.195 727.317 04:44:48
5.076 157.683 826.341 04:44:49
5.076 143.098 727.317 04:44:50
5.060 329.463 1610.244 04:44:51
5.076 145.390 740.000 04:44:52
5.076 194.780 757.561 04:44:53
5.076 157.195 797.073 04:44:54
5.076 145.780 736.098 04:44:55
5.076 145.585 743.902 04:44:56
5.072 158.683 800.000 04:44:57
5.076 143.195 729.756 04:44:58
5.072 158.780 801.463 04:44:59
5.076 153.780 736.098 04:45:00
5.076 168.780 860.000 04:45:01
5.076 145.098 738.537 04:45:02
5.076 151.683 723.415 04:45:03
5.076 159.390 839.024 04:45:04
5.080 143.390 731.220 04:45:05
5.072 205.073 1222.927 04:45:06
5.076 143.585 728.293 04:45:07
5.076 144.683 737.073 04:45:08
5.076 158.390 804.878 04:45:09
5.076 144.098 729.756 04:45:10
5.056 519.049 1634.634 04:45:11
5.076 151.293 768.780 04:45:12
5.076 146.976 744.878 04:45:13
5.076 181.073 795.122 04:45:14
5.076 143.390 728.780 04:45:15
5.052 322.073 1623.902 04:45:16
5.076 144.195 732.195 04:45:17
5.076 143.976 730.732 04:45:18
5.076 158.780 803.902 04:45:19
5.076 144.683 730.732 04:45:20
5.072 158.976 805.854 04:45:21
5.076 145.683 738.537 04:45:22
5.076 144.585 737.561 04:45:23
5.076 145.878 728.293 04:45:24
5.076 143.878 750.244 04:45:25
5.076 163.976 809.756 04:45:26
5.076 144.390 730.732 04:45:27
5.072 198.171 912.683 04:45:28
5.076 143.878 730.732 04:45:29
5.076 142.585 728.293 04:45:30
5.076 158.585 804.878 04:45:31
5.076 153.098 728.293 04:45:32
5.052 319.366 1626.341 04:45:33
5.076 143.390 727.317 04:45:34
5.076 143.878 727.317 04:45:35
5.072 157.780 799.024 04:45:36
5.076 144.098 733.659 04:45:37
5.076 157.293 803.415 04:45:38
5.076 143.878 726.341 04:45:39
5.076 142.878 728.293 04:45:40
5.072 143.390 730.732 04:45:41
5.076 144.098 727.317 04:45:42
5.076 164.390 803.902 04:45:43
5.076 143.585 730.732 04:45:44
5.072 183.780 1094.146 04:45:45
5.076 145.390 735.122 04:45:46
5.076 144.195 734.634 04:45:47
5.076 158.585 991.707 04:45:48
5.076 143.195 728.293 04:45:49
5.060 317.268 1605.854 04:45:50
5.076 144.488 730.732 04:45:51
5.076 143.195 726.341 04:45:52
5.076 158.488 805.854 04:45:53
5.076 144.098 731.220 04:45:54
5.072 147.195 752.683 04:45:55
5.076 197.683 736.098 04:45:56
5.076 142.488 723.902 04:45:57
5.076 171.976 792.195 04:45:58
5.076 143.390 768.780 04:45:59
5.064 336.878 2188.293 04:46:00
5.076 144.780 735.122 04:46:01
5.076 144.390 730.732 04:46:02
5.076 184.976 803.415 04:46:03
5.076 143.878 726.341 04:46:04
5.064 284.878 806.341 04:46:05
5.076 144.878 735.122 04:46:06
5.076 192.293 888.780 04:46:07
5.080 145.488 735.122 04:46:08
5.076 143.390 728.293 04:46:09
5.076 157.780 800.000 04:46:10
5.076 144.488 741.463 04:46:11
5.072 177.976 1213.171 04:46:12
5.076 144.098 727.317 04:46:13
5.076 144.976 732.195 04:46:14
5.076 158.073 808.780 04:46:15
5.076 147.585 746.341 04:46:16
5.068 261.268 1411.220 04:46:17
5.076 143.976 725.854 04:46:18
5.076 143.195 722.439 04:46:19
5.076 157.073 793.659 04:46:20
5.076 143.293 729.756 04:46:21
5.076 156.976 797.561 04:46:23
5.080 144.780 736.098 04:46:24
5.076 142.488 726.341 04:46:25
5.076 157.683 840.976 04:46:26
5.076 143.293 723.415 04:46:27
5.072 157.780 801.463 04:46:28
5.076 145.098 736.098 04:46:29
5.072 180.585 1259.512 04:46:30
5.072 143.293 726.341 04:46:31
5.076 143.293 723.902 04:46:32
5.076 156.780 795.122 04:46:33
5.076 143.293 732.195 04:46:34
5.068 280.171 1495.122 04:46:35
5.076 144.390 850.244 04:46:36
5.076 142.976 725.854 04:46:37
5.076 157.878 802.439 04:46:38
5.076 143.683 728.293 04:46:39
5.076 222.488 1280.488 04:46:40
5.076 144.683 1014.146 04:46:41
5.068 241.878 1240.488 04:46:42
5.076 214.268 931.220 04:46:43
5.080 144.195 1006.829 04:46:44
5.068 148.976 759.512 04:46:45
5.076 143.293 726.341 04:46:46
5.076 158.976 811.220 04:46:47
5.076 145.780 736.098 04:46:48
5.076 156.976 796.098 04:46:49
5.076 143.488 732.683 04:46:50
5.076 142.780 728.780 04:46:51
5.072 156.878 803.415 04:46:52
5.072 142.488 723.902 04:46:53
5.072 158.585 805.854 04:46:54
5.076 143.390 726.341 04:46:55
5.076 145.098 736.098 04:46:56
5.076 158.488 880.976 04:46:57
5.076 143.976 731.220 04:46:58
5.068 244.585 1537.561 04:46:59
5.076 149.878 912.683 04:47:00
5.076 157.293 796.098 04:47:01
5.076 143.976 727.317 04:47:02
5.076 143.390 723.902 04:47:03
5.068 149.976 1210.732 04:47:04
5.076 191.780 791.220 04:47:05
5.072 250.488 1282.927 04:47:06
5.080 144.098 730.732 04:47:07
5.072 205.268 1097.561 04:47:08
5.076 144.390 735.122 04:47:09
5.076 143.976 730.732 04:47:10
5.072 307.659 843.902 04:47:11
5.076 145.683 940.488 04:47:12
5.076 145.683 744.878 04:47:13
5.072 145.488 736.098 04:47:14
5.072 156.878 798.537 04:47:15
5.072 157.976 801.463 04:47:16
5.076 144.195 730.732 04:47:17
5.072 156.195 796.098 04:47:18
5.076 143.390 730.732 04:47:19
5.072 305.780 859.024 04:47:20
5.076 156.073 796.098 04:47:21
5.068 204.683 1035.610 04:47:22
5.068 203.878 1055.122 04:47:23
5.076 144.098 730.732 04:47:24
5.072 156.780 796.098 04:47:25
5.076 157.976 800.000 04:47:26
5.068 157.683 804.878 04:47:27
5.072 158.683 804.878 04:47:28
5.072 144.780 738.537 04:47:29
5.076 142.976 726.341 04:47:30
5.072 144.976 1012.683 04:47:31
5.076 158.585 806.341 04:47:32
5.072 156.293 787.805 04:47:33
5.076 158.780 799.024 04:47:34
5.068 215.268 1324.390 04:47:35
5.076 145.098 739.512 04:47:36
5.076 157.293 798.537 04:47:37
5.076 148.195 730.732 04:47:38
5.076 159.390 887.805 04:47:39
5.076 147.195 748.293 04:47:40
5.072 193.488 976.585 04:47:41
5.076 144.390 728.780 04:47:42
5.076 146.585 822.439 04:47:43
5.076 158.585 805.854 04:47:44
5.076 156.073 792.195 04:47:45
5.076 156.390 791.220 04:47:46
5.064 242.268 1212.195 04:47:47
5.076 145.780 743.902 04:47:48
5.076 152.976 724.878 04:47:49
5.076 157.390 800.000 04:47:50
5.072 159.073 804.878 04:47:51
5.072 193.488 1029.268 04:47:52
5.076 146.976 740.976 04:47:53
5.076 147.780 745.854 04:47:54
5.076 158.780 806.341 04:47:55
5.072 221.171 1039.024 04:47:56
5.076 148.780 736.098 04:47:57
5.072 143.195 724.878 04:47:58
5.068 158.780 1246.829 04:47:59
5.076 156.488 795.122 04:48:00
5.076 149.976 763.902 04:48:01
5.076 150.585 760.976 04:48:02
5.080 190.073 740.976 04:48:03
5.076 144.976 736.098 04:48:04
5.076 156.293 798.537 04:48:05
5.076 159.293 805.854 04:48:06
5.076 157.293 797.561 04:48:07
5.068 217.488 1127.805 04:48:08
5.072 216.171 1101.463 04:48:09
5.076 145.780 740.000 04:48:10
5.076 157.976 815.122 04:48:11
5.076 156.780 800.000 04:48:12
5.072 157.073 795.122 04:48:13
5.076 160.683 907.317 04:48:14
5.076 214.390 996.585 04:48:16
5.080 143.195 727.317 04:48:17
5.080 149.585 733.659 04:48:18
5.076 144.098 728.293 04:48:19
5.072 158.585 831.220 04:48:20
5.072 192.976 992.683 04:48:21
5.076 150.780 763.902 04:48:22
5.076 143.390 730.732 04:48:23
5.076 144.195 732.683 04:48:24
5.076 158.683 804.878 04:48:25
5.076 156.488 791.220 04:48:26
5.076 156.390 797.073 04:48:27
5.076 143.293 726.341 04:48:28
5.068 239.171 1214.146 04:48:29
5.076 156.195 723.902 04:48:30
5.068 243.171 1225.854 04:48:31
5.076 151.195 736.098 04:48:32
5.076 194.878 948.780 04:48:33
5.076 158.585 804.878 04:48:34
5.080 144.293 725.854 04:48:35
5.064 159.390 809.756 04:48:36
5.076 145.293 846.341 04:48:37
5.068 238.878 1210.732 04:48:38
5.072 146.098 735.122 04:48:39
5.080 143.195 728.780 04:48:40
5.072 158.683 804.878 04:48:41
5.076 171.585 886.341 04:48:42
5.076 144.098 730.732 04:48:43
5.076 177.195 800.976 04:48:44
5.076 146.585 737.073 04:48:45
5.068 162.683 803.415 04:48:46
5.076 145.098 739.512 04:48:47
5.068 237.780 1206.829 04:48:48
5.072 145.195 738.537 04:48:49
5.076 142.780 728.293 04:48:50
5.076 149.390 754.634 04:48:51
5.076 144.195 732.195 04:48:52
5.072 204.878 1036.585 04:48:53
5.076 145.098 737.073 04:48:54
5.076 144.098 754.634 04:48:55
5.072 158.488 803.902 04:48:56
5.076 144.098 736.098 04:48:57
5.076 150.098 763.902 04:48:58
5.076 212.488 737.073 04:48:59
5.076 143.293 730.732 04:49:00
5.076 156.976 797.073 04:49:01
5.076 142.780 728.293 04:49:02
5.072 156.073 792.195 04:49:03
5.076 143.488 727.317 04:49:04
5.072 190.293 967.805 04:49:05
5.080 204.780 737.073 04:49:06
5.076 143.293 728.293 04:49:07
5.048 243.780 1204.390 04:49:08
5.072 143.878 729.756 04:49:09
5.072 160.488 805.854 04:49:10
5.076 152.390 735.122 04:49:11
5.076 143.878 746.341 04:49:12
5.076 144.585 737.561 04:49:13
5.076 144.585 735.122 04:49:14
5.072 144.390 732.683 04:49:15
5.076 144.976 743.415 04:49:16
5.072 218.780 1085.366 04:49:17
5.076 156.293 797.561 04:49:18
5.076 144.976 734.634 04:49:19
5.068 238.585 1209.268 04:49:20
5.076 142.878 730.732 04:49:21
5.072 156.073 796.098 04:49:22
5.072 228.585 1000.488 04:49:23
5.076 178.780 907.317 04:49:24
5.072 219.878 1069.268 04:49:25
5.072 159.488 927.805 04:49:26
5.072 158.585 1308.293 04:49:27
5.076 144.098 727.317 04:49:28
5.068 240.366 1212.195 04:49:29
5.080 143.390 732.683 04:49:30
5.076 143.195 727.317 04:49:31
5.076 234.585 808.780 04:49:32
5.076 143.195 728.293 04:49:33
5.076 147.195 748.293 04:49:34
5.076 143.293 728.293 04:49:35
5.072 195.585 992.683 04:49:36
5.076 143.488 760.000 04:49:37
5.076 143.780 727.317 04:49:38
5.076 158.683 803.902 04:49:39
5.076 143.976 730.732 04:49:40
5.076 143.390 726.341 04:49:41
5.072 144.878 732.683 04:49:42
5.076 143.098 727.317 04:49:43
5.076 172.293 1071.707 04:49:44
5.076 143.195 729.756 04:49:45
5.072 194.073 982.439 04:49:46
5.076 146.098 738.537 04:49:47
5.068 238.488 1207.805 04:49:48
5.076 142.585 728.293 04:49:49
5.080 143.293 733.659 04:49:50
5.076 158.683 803.902 04:49:51
5.076 142.976 728.780 04:49:52
5.076 143.293 730.732 04:49:53
5.076 156.073 792.683 04:49:54
5.076 143.878 726.341 04:49:55
5.076 158.488 801.463 04:49:56
5.080 142.585 730.732 04:49:57
5.072 214.268 1101.463 04:49:58
5.072 187.585 979.024 04:49:59
5.080 144.098 730.732 04:50:00
5.076 156.293 792.195 04:50:01
5.076 144.098 731.220 04:50:02
5.064 273.976 1090.244 04:50:03
5.072 145.585 736.098 04:50:04
5.072 185.780 973.659 04:50:05
5.076 168.585 796.098 04:50:06
5.076 143.976 772.683 04:50:07
5.076 158.585 800.976 04:50:08
5.072 143.293 728.293 04:50:10
5.076 156.976 797.561 04:50:11
5.076 322.366 741.463 04:50:12
5.080 143.293 728.293 04:50:13
5.072 156.683 796.098 04:50:14
5.076 144.390 732.683 04:50:15
5.076 271.585 1034.146 04:50:16
5.076 189.171 728.293 04:50:17
5.076 146.098 741.463 04:50:18
5.076 157.585 899.024 04:50:19
5.076 143.585 726.341 04:50:20
5.076 158.585 811.220 04:50:21
5.076 144.195 728.293 04:50:22
5.068 215.780 1513.171 04:50:23
5.076 144.390 732.195 04:50:24
5.080 143.976 727.317 04:50:25
5.076 156.878 797.073 04:50:26
5.076 143.390 728.293 04:50:27
5.068 240.171 1216.585 04:50:28
5.076 144.195 728.293 04:50:29
5.068 241.488 1404.878 04:50:30
5.076 172.976 1075.122 04:50:31
5.068 144.976 733.659 04:50:32
5.076 149.488 758.537 04:50:33
5.076 145.780 739.512 04:50:34
5.072 191.390 982.927 04:50:35
5.072 155.976 1270.732 04:50:36
5.076 149.976 760.976 04:50:37
5.076 158.488 805.854 04:50:38
5.076 142.585 723.902 04:50:39
5.076 143.585 949.268 04:50:40
5.072 143.585 732.195 04:50:41
5.076 157.195 797.561 04:50:42
5.076 145.098 737.561 04:50:43
5.068 243.268 1202.927 04:50:44
5.072 144.878 983.902 04:50:45
5.076 143.878 728.293 04:50:46
5.076 157.195 794.634 04:50:47
5.076 144.488 737.073 04:50:48
5.076 157.683 798.537 04:50:49
5.076 149.976 800.000 04:50:50
5.076 143.390 730.732 04:50:51
5.076 149.585 1066.829 04:50:52
5.076 145.098 739.512 04:50:53
5.072 202.073 1027.805 04:50:54
5.072 174.293 761.463 04:50:55
5.076 143.390 728.780 04:50:56
5.072 216.976 1271.707 04:50:57
5.076 143.683 726.341 04:50:58
5.076 156.683 801.463 04:50:59
5.076 144.976 1170.732 04:51:00
5.076 144.488 733.659 04:51:01
5.076 158.780 804.878 04:51:02
5.076 143.195 728.293 04:51:03
5.076 151.780 732.195 04:51:04
5.076 209.488 737.073 04:51:05
5.048 321.780 1331.707 04:51:06
5.072 143.488 727.317 04:51:07
5.072 143.390 730.732 04:51:08
5.072 180.976 1119.024 04:51:09
5.072 184.073 917.561 04:51:10
5.076 157.073 867.805 04:51:11
5.072 190.488 973.659 04:51:12
5.076 144.195 732.195 04:51:13
5.076 156.780 798.537 04:51:14
5.076 144.390 723.415 04:51:15
5.072 158.585 803.902 04:51:16
5.076 146.488 737.073 04:51:17
5.072 155.878 797.561 04:51:18
5.072 158.878 811.220 04:51:19
5.076 143.390 728.293 04:51:20
5.072 195.976 1255.610 04:51:21
5.076 160.683 729.756 04:51:22
5.076 156.976 797.561 04:51:23
5.076 157.195 798.537 04:51:24
5.072 202.171 986.829 04:51:25
5.076 157.195 797.561 04:51:26
5.080 143.585 729.756 04:51:27
5.072 157.976 792.195 04:51:28
5.076 144.098 927.317 04:51:29
5.076 156.976 796.098 04:51:30
5.076 154.585 739.512 04:51:31
5.080 144.780 737.073 04:51:32
5.072 194.488 991.707 04:51:33
5.076 144.780 740.000 04:51:34
5.076 157.195 801.463 04:51:35
5.076 145.878 736.098 04:51:36
5.072 236.366 1201.951 04:51:37
5.076 157.878 955.122 04:51:38
5.076 145.976 1270.732 04:51:39
5.076 144.195 730.732 04:51:40
5.076 144.293 730.732 04:51:41
5.076 148.390 747.317 04:51:42
5.076 158.073 802.439 04:51:43
5.076 143.293 730.732 04:51:44
5.076 147.488 752.195 04:51:45
5.076 146.098 736.098 04:51:46
5.076 154.585 739.512 04:51:47
5.076 156.780 796.098 04:51:48
5.064 236.878 1309.268 04:51:49
5.072 144.976 739.512 04:51:50
5.072 143.878 729.756 04:51:51
5.076 149.488 754.634 04:51:52
5.076 156.878 797.561 04:51:53
5.076 143.195 726.341 04:51:54
5.068 241.268 1216.585 04:51:55
5.076 143.488 731.220 04:51:56
5.076 156.293 794.634 04:51:57
5.072 257.268 1062.927 04:51:58
5.076 143.488 728.293 04:51:59
5.076 159.390 804.878 04:52:00
5.076 144.293 733.659 04:52:01
5.076 166.488 904.878 04:52:02
5.076 145.098 739.512 04:52:03
5.068 215.780 1114.146 04:52:05
5.076 157.073 793.659 04:52:06
5.080 144.098 730.732 04:52:07
5.076 158.780 805.854 04:52:08
5.076 143.488 729.756 04:52:09
5.076 157.976 749.756 04:52:10
5.080 144.976 736.098 04:52:11
5.076 149.293 760.000 04:52:12
5.076 145.098 737.073 04:52:13
5.080 143.488 737.073 04:52:14
5.072 298.268 1755.122 04:52:15
5.072 146.976 1180.488 04:52:16
5.068 216.683 1119.512 04:52:17
5.064 159.073 803.902 04:52:18
5.076 142.683 728.293 04:52:19
5.072 268.683 1524.878 04:52:20
5.076 180.073 1048.780 04:52:21
5.060 239.366 1639.024 04:52:22
5.072 180.683 900.000 04:52:23
5.076 144.195 731.220 04:52:24
5.076 162.195 746.341 04:52:25
5.076 143.585 731.220 04:52:26
5.076 158.878 802.439 04:52:27
5.072 145.976 867.805 04:52:28
5.064 253.268 1273.171 04:52:29
5.076 143.683 732.195 04:52:30
5.076 143.293 727.317 04:52:31
5.076 158.683 801.463 04:52:32
5.076 143.195 731.220 04:52:33
5.076 158.683 805.854 04:52:34
5.076 143.195 726.341 04:52:35
5.076 156.976 856.585 04:52:36
5.076 143.878 729.756 04:52:37
5.076 245.366 1007.805 04:52:38
5.076 149.488 758.537 04:52:39
5.076 143.293 733.659 04:52:40
5.072 292.268 1186.829 04:52:41
5.076 145.098 740.976 04:52:42
5.076 157.976 802.439 04:52:43
5.076 145.098 1015.610 04:52:44
5.076 143.293 730.732 04:52:45
5.076 149.098 760.000 04:52:46
5.076 143.976 732.683 04:52:47
5.072 208.073 1066.341 04:52:48
5.076 143.390 727.317 04:52:49
5.072 205.488 1047.805 04:52:50
5.076 192.293 737.561 04:52:51
5.076 145.878 726.341 04:52:52
5.076 210.488 805.854 04:52:53
5.080 142.976 724.878 04:52:54
5.076 143.293 733.659 04:52:55
5.076 157.780 800.000 04:52:56
5.080 145.488 732.195 04:52:57
5.068 238.366 1593.659 04:52:58
5.076 143.390 725.854 04:52:59
5.076 144.098 729.756 04:53:00
5.076 156.293 792.195 04:53:01
5.076 152.098 730.732 04:53:02
5.076 142.976 730.732 04:53:03
5.072 143.293 730.732 04:53:04
5.072 159.195 807.317 04:53:05
5.068 222.976 1130.244 04:53:06
