5.056 336.293 1700.488 20:46:44
5.072 162.195 822.927 20:46:45
5.076 148.000 746.098 20:46:46
5.044 477.659 2335.122 20:46:47
5.072 162.585 824.878 20:46:48
5.072 147.195 746.341 20:46:49
5.072 178.585 939.024 20:46:51
5.072 153.488 772.683 20:46:52
5.060 285.171 1581.463 20:46:53
5.076 161.293 816.098 20:46:54
5.060 296.561 1433.659 20:46:55
5.064 233.878 1000.488 20:46:56
5.076 153.195 773.659 20:46:57
5.068 218.171 948.780 20:46:58
5.072 153.780 784.878 20:46:59
5.064 264.976 1235.610 20:47:00
5.064 248.171 1735.122 20:47:01
5.064 190.488 1185.366 20:47:02
5.048 512.146 1637.073 20:47:03
5.076 153.293 778.537 20:47:04
5.064 339.878 1965.366 20:47:05
5.076 172.293 826.341 20:47:06
5.044 465.756 2423.902 20:47:07
5.072 186.585 898.537 20:47:08
5.072 147.976 749.756 20:47:09
5.056 326.976 1450.732 20:47:10
5.068 230.488 1203.415 20:47:11
5.064 235.683 1205.366 20:47:12
5.072 161.390 814.634 20:47:13
5.076 147.293 747.317 20:47:14
5.068 249.976 836.585 20:47:15
5.072 150.683 922.439 20:47:16
5.060 386.561 1330.732 20:47:17
5.072 149.195 757.561 20:47:18
5.060 377.659 2010.732 20:47:19
5.072 163.073 821.463 20:47:20
5.068 185.585 923.902 20:47:21
5.044 471.756 2369.756 20:47:22
5.072 149.780 755.122 20:47:23
5.060 343.561 1533.659 20:47:24
5.076 257.463 824.878 20:47:25
5.072 147.390 746.341 20:47:26
5.060 248.878 1249.268 20:47:27
5.072 148.683 757.561 20:47:28
5.052 394.073 1700.976 20:47:29
5.068 162.683 827.317 20:47:30
5.068 254.488 1278.537 20:47:31
5.064 162.390 1316.098 20:47:32
5.068 177.976 761.463 20:47:33
5.068 224.268 968.780 20:47:34
5.072 197.171 981.463 20:47:35
5.076 146.976 745.854 20:47:36
5.060 328.976 995.610 20:47:37
5.072 153.390 777.073 20:47:38
5.048 437.756 1839.024 20:47:39
5.068 230.488 837.561 20:47:40
5.076 147.390 751.220 20:47:41
5.068 268.463 827.317 20:47:42
5.072 223.683 867.317 20:47:43
5.060 401.561 1658.537 20:47:44
5.072 184.073 1250.732 20:47:45
5.064 274.463 1418.537 20:47:46
5.072 153.683 777.073 20:47:47
5.072 161.293 826.341 20:47:48
5.052 419.854 2079.512 20:47:49
5.060 268.268 1730.244 20:47:50
5.072 360.561 1003.902 20:47:51
5.068 161.293 1420.976 20:47:52
5.072 161.073 816.098 20:47:53
5.044 485.463 2059.024 20:47:54
5.072 218.268 771.220 20:47:55
5.072 162.780 826.341 20:47:56
5.064 257.366 1309.268 20:47:57
5.060 291.878 1605.854 20:47:58
5.072 162.683 824.878 20:47:59
5.072 162.878 825.366 20:48:00
5.072 162.488 827.805 20:48:01
5.056 343.171 1751.707 20:48:02
5.064 205.073 1033.171 20:48:03
5.072 173.195 817.561 20:48:04
5.068 163.293 828.780 20:48:05
5.076 161.293 813.659 20:48:06
5.056 328.463 1636.098 20:48:07
5.072 156.293 796.098 20:48:08
5.068 224.390 934.146 20:48:09
5.072 163.390 827.805 20:48:10
5.072 195.780 1510.732 20:48:11
5.072 156.195 785.854 20:48:12
5.072 229.488 1241.951 20:48:13
5.068 162.878 1408.293 20:48:14
5.056 355.366 2140.488 20:48:15
5.068 235.268 1668.780 20:48:16
5.060 193.073 973.659 20:48:17
5.072 162.073 1246.829 20:48:18
5.072 192.293 816.585 20:48:19
5.068 162.878 829.756 20:48:20
5.068 190.878 971.707 20:48:21
5.056 280.878 1523.902 20:48:22
5.072 177.976 1132.683 20:48:23
5.060 394.171 1451.220 20:48:24
5.068 163.293 827.805 20:48:25
5.068 211.073 1077.561 20:48:26
5.056 174.780 1123.902 20:48:27
5.064 244.171 1513.659 20:48:28
5.056 329.073 1819.024 20:48:29
5.072 157.488 762.439 20:48:30
5.072 162.293 823.902 20:48:31
5.072 162.780 822.439 20:48:32
5.072 161.488 819.024 20:48:33
5.052 449.951 2034.146 20:48:34
5.068 227.390 882.927 20:48:35
5.068 274.171 1234.634 20:48:36
5.064 264.780 1145.366 20:48:37
5.072 153.780 780.000 20:48:38
5.072 161.683 820.000 20:48:39
5.060 273.463 1255.610 20:48:40
5.076 163.195 827.805 20:48:41
5.072 251.488 822.439 20:48:42
5.072 155.390 788.780 20:48:43
5.064 218.488 1191.707 20:48:44
5.064 257.585 967.805 20:48:46
5.064 339.756 1780.488 20:48:47
5.060 238.683 1390.732 20:48:48
5.048 252.683 1254.146 20:48:49
5.072 154.488 786.341 20:48:50
5.072 162.683 823.902 20:48:51
5.068 171.976 865.366 20:48:52
5.060 325.659 1643.902 20:48:53
5.068 214.585 1367.317 20:48:54
5.072 153.390 772.683 20:48:55
5.068 243.976 1016.585 20:48:56
5.076 162.878 825.366 20:48:57
5.064 260.171 1438.049 20:48:58
5.068 192.293 1228.293 20:48:59
5.072 190.683 825.366 20:49:00
5.076 163.195 827.317 20:49:01
5.068 248.976 1258.049 20:49:02
5.064 268.585 1275.610 20:49:03
5.076 149.585 760.000 20:49:04
5.068 195.683 977.561 20:49:05
5.072 149.293 757.073 20:49:06
5.072 175.976 827.805 20:49:07
5.072 176.073 962.439 20:49:08
5.076 176.585 896.098 20:49:09
5.072 174.780 927.805 20:49:10
5.064 320.976 1859.024 20:49:11
5.068 186.073 988.780 20:49:12
5.064 153.585 920.000 20:49:13
5.076 162.195 820.976 20:49:14
5.072 154.293 779.024 20:49:15
5.068 209.585 951.707 20:49:16
5.072 161.683 1528.780 20:49:17
5.068 198.293 1067.805 20:49:18
5.056 419.951 1786.341 20:49:19
5.076 233.585 929.268 20:49:20
5.068 197.171 1007.805 20:49:21
5.072 163.073 824.878 20:49:22
5.072 150.976 765.854 20:49:23
5.060 482.659 2089.268 20:49:24
5.064 303.268 1412.195 20:49:25
5.076 165.488 838.537 20:49:26
5.068 162.976 821.463 20:49:27
5.060 326.659 1659.024 20:49:28
5.064 289.268 1424.390 20:49:29
5.068 245.488 1322.927 20:49:30
5.068 199.488 1328.293 20:49:31
5.072 199.976 1251.707 20:49:32
5.052 332.878 1658.537 20:49:33
5.076 149.585 761.463 20:49:34
5.072 150.878 772.195 20:49:35
5.072 178.073 829.756 20:49:36
5.068 239.683 1106.341 20:49:37
5.052 389.659 2054.634 20:49:38
5.076 152.976 779.024 20:49:39
5.072 160.878 1175.610 20:49:40
5.064 258.073 1248.293 20:49:41
5.068 160.195 885.366 20:49:42
5.060 321.463 2095.610 20:49:43
5.072 163.293 942.439 20:49:44
5.072 162.488 826.341 20:49:45
5.072 162.976 826.341 20:49:46
5.064 252.268 1295.610 20:49:47
5.056 246.683 1317.073 20:49:48
5.072 185.878 908.780 20:49:49
5.056 254.780 1316.098 20:49:50
5.076 149.195 755.122 20:49:51
5.052 456.659 2384.878 20:49:52
5.060 289.268 1480.000 20:49:53
5.076 149.098 759.512 20:49:54
5.072 161.293 824.878 20:49:55
5.072 272.268 823.415 20:49:56
5.048 397.854 1300.976 20:49:57
5.068 205.073 995.610 20:49:58
5.076 224.073 951.707 20:49:59
5.060 305.780 1148.293 20:50:00
5.068 226.585 1130.732 20:50:01
5.072 169.878 1012.683 20:50:02
5.056 359.268 2199.512 20:50:03
5.076 169.683 1127.805 20:50:04
5.076 253.073 1211.707 20:50:05
5.072 153.976 779.024 20:50:06
5.072 161.878 824.878 20:50:07
5.068 263.585 1029.268 20:50:08
5.068 269.878 1151.707 20:50:09
5.064 184.171 1002.927 20:50:10
5.068 210.878 1030.244 20:50:11
5.064 248.585 1256.585 20:50:12
5.068 244.268 1250.244 20:50:13
5.072 212.683 885.366 20:50:14
5.060 223.976 1234.634 20:50:15
5.072 149.780 758.537 20:50:16
5.072 162.683 823.415 20:50:17
5.064 278.463 1259.512 20:50:18
5.060 313.073 1672.195 20:50:20
5.064 323.463 1484.390 20:50:21
5.072 162.073 823.415 20:50:22
5.068 284.976 1607.317 20:50:23
5.064 253.878 1113.171 20:50:24
5.072 153.780 933.659 20:50:25
5.068 153.098 1105.366 20:50:26
5.060 244.171 1845.366 20:50:27
5.052 455.049 2383.415 20:50:28
5.072 153.488 774.634 20:50:29
5.072 166.073 775.122 20:50:30
5.072 228.780 967.805 20:50:31
5.072 186.293 779.024 20:50:32
5.060 274.268 1782.927 20:50:33
5.064 153.780 893.659 20:50:34
5.060 256.073 1450.732 20:50:35
5.076 149.683 760.000 20:50:36
5.072 161.976 820.976 20:50:37
5.056 407.073 2059.512 20:50:38
5.060 302.683 1500.976 20:50:39
5.060 163.390 827.805 20:50:40
5.064 244.366 1318.049 20:50:41
5.076 221.073 843.415 20:50:42
5.072 156.780 794.634 20:50:43
5.076 161.195 816.585 20:50:44
5.060 258.976 1256.585 20:50:45
5.064 182.878 914.146 20:50:46
5.052 408.659 2016.585 20:50:47
5.060 234.780 1385.854 20:50:48
5.072 204.488 760.000 20:50:49
5.072 162.683 826.341 20:50:50
5.072 165.488 843.415 20:50:51
5.064 355.878 1820.488 20:50:52
5.072 148.976 760.000 20:50:53
5.076 165.293 830.244 20:50:54
5.048 371.268 1872.683 20:50:55
5.064 214.780 1080.000 20:50:56
5.076 162.585 823.902 20:50:57
5.072 163.195 1269.268 20:50:58
5.072 200.585 1109.268 20:50:59
5.048 413.463 2015.610 20:51:00
5.072 153.780 780.000 20:51:01
5.068 168.073 852.683 20:51:02
5.072 168.073 1513.171 20:51:03
5.064 246.171 1347.317 20:51:04
5.064 261.780 1226.829 20:51:05
5.072 149.195 758.537 20:51:06
5.072 180.073 827.805 20:51:07
5.072 161.585 818.537 20:51:08
5.072 248.488 821.463 20:51:09
5.048 492.341 2393.659 20:51:10
5.072 163.195 823.415 20:51:11
5.064 268.878 1229.268 20:51:12
5.072 163.073 827.805 20:51:13
5.064 244.878 1243.415 20:51:14
5.064 343.366 1353.171 20:51:15
5.072 153.488 771.220 20:51:16
5.072 161.683 823.902 20:51:17
5.056 323.878 1623.415 20:51:18
5.064 261.171 1263.415 20:51:19
5.064 298.780 1316.098 20:51:20
5.068 296.171 1416.098 20:51:21
5.064 249.878 1413.659 20:51:22
5.068 189.073 967.805 20:51:23
5.072 161.195 1268.293 20:51:24
5.072 266.585 830.244 20:51:25
5.072 236.488 796.098 20:51:26
5.068 258.780 1278.537 20:51:27
5.072 163.073 1135.610 20:51:28
5.072 163.195 827.805 20:51:29
5.068 245.878 1077.561 20:51:30
5.060 161.878 827.805 20:51:31
5.072 202.073 998.049 20:51:32
5.064 246.073 1250.732 20:51:33
5.052 296.976 1392.195 20:51:34
5.060 276.585 1081.951 20:51:35
5.072 199.585 939.024 20:51:36
5.068 233.780 1179.024 20:51:37
5.076 161.878 825.366 20:51:38
5.068 162.976 827.805 20:51:39
5.068 215.488 1681.463 20:51:40
5.060 295.561 1604.878 20:51:41
5.072 153.585 784.878 20:51:42
5.076 161.390 819.024 20:51:43
5.072 163.073 826.341 20:51:44
5.052 396.659 1652.195 20:51:45
5.052 421.756 2001.951 20:51:46
5.068 209.390 992.683 20:51:47
5.060 368.854 1525.854 20:51:48
5.068 231.683 1183.902 20:51:49
5.072 160.195 815.122 20:51:50
5.072 163.073 827.317 20:51:51
5.060 334.073 1648.780 20:51:52
5.072 174.488 778.537 20:51:53
5.072 162.683 826.341 20:51:54
5.072 163.488 833.659 20:51:55
5.068 266.585 1448.780 20:51:56
5.072 262.683 1129.268 20:51:57
5.072 151.683 777.561 20:51:58
5.056 357.976 1722.439 20:51:59
5.060 321.878 1320.488 20:52:00
5.052 402.366 2205.854 20:52:01
5.068 201.585 1281.951 20:52:02
5.072 153.293 786.341 20:52:03
5.068 337.976 1619.024 20:52:04
5.072 155.293 791.220 20:52:05
5.072 162.878 826.341 20:52:06
5.056 343.561 1292.195 20:52:07
5.072 151.098 766.341 20:52:08
5.064 322.780 1886.829 20:52:09
5.068 152.683 776.098 20:52:10
5.064 255.366 1025.366 20:52:11
5.076 154.195 781.463 20:52:12
5.072 153.976 780.000 20:52:13
5.064 389.366 1707.317 20:52:14
5.068 164.780 1262.927 20:52:15
5.068 332.976 1692.683 20:52:17
5.076 207.683 827.805 20:52:18
5.072 153.878 783.902 20:52:19
5.072 163.780 1019.024 20:52:20
5.060 329.561 1798.049 20:52:21
5.068 208.073 1450.732 20:52:22
5.068 180.780 776.098 20:52:23
5.072 150.098 763.415 20:52:24
5.064 323.780 1230.244 20:52:25
5.056 301.171 1438.537 20:52:26
5.064 274.366 1383.415 20:52:27
5.060 245.268 1250.244 20:52:28
5.064 253.585 1121.951 20:52:29
5.060 328.171 1342.927 20:52:30
5.060 327.366 1915.610 20:52:31
5.064 175.195 775.122 20:52:32
5.072 197.683 1305.366 20:52:33
5.076 177.390 924.878 20:52:34
5.060 468.146 2368.780 20:52:35
5.068 282.366 1317.073 20:52:36
5.076 147.976 1020.488 20:52:37
5.072 162.073 1611.220 20:52:38
5.072 161.780 1250.732 20:52:39
5.064 249.780 830.244 20:52:40
5.072 283.780 1060.000 20:52:41
5.064 190.171 1331.707 20:52:42
5.072 198.171 990.244 20:52:43
5.072 163.390 833.659 20:52:44
5.072 163.585 1314.146 20:52:45
5.064 294.171 1389.756 20:52:46
5.060 289.463 1656.585 20:52:47
5.072 178.293 1058.049 20:52:48
5.072 162.976 826.341 20:52:49
5.068 196.780 982.927 20:52:50
5.068 163.390 1267.805 20:52:51
5.052 321.366 2048.293 20:52:52
5.068 265.171 1190.732 20:52:53
5.068 163.293 823.902 20:52:54
5.044 478.366 2342.439 20:52:55
5.068 197.683 955.122 20:52:56
5.072 164.780 1036.585 20:52:57
5.068 249.780 818.537 20:52:58
5.068 283.683 1422.439 20:52:59
5.056 359.659 1806.341 20:53:00
5.068 298.683 1984.390 20:53:01
5.076 215.683 1277.073 20:53:02
5.068 254.683 1578.537 20:53:03
5.068 213.585 1081.463 20:53:04
5.076 153.195 781.463 20:53:05
5.068 218.585 1093.171 20:53:06
5.060 324.561 1130.732 20:53:07
5.072 171.585 1135.122 20:53:08
5.072 162.976 827.805 20:53:09
5.072 175.073 931.707 20:53:10
5.072 151.390 770.244 20:53:11
5.072 188.683 852.683 20:53:12
5.060 419.854 2075.610 20:53:13
5.056 289.976 1592.195 20:53:14
5.072 164.488 1266.829 20:53:15
5.072 164.683 834.634 20:53:16
5.060 326.878 1231.707 20:53:17
5.048 481.244 2457.073 20:53:18
5.064 202.390 864.878 20:53:19
5.064 197.976 931.707 20:53:20
5.068 154.073 1158.049 20:53:21
5.056 260.683 1267.805 20:53:22
5.068 162.878 825.366 20:53:23
5.064 185.073 1303.415 20:53:24
5.064 257.268 1255.610 20:53:25
5.068 224.878 1492.195 20:53:26
5.072 156.585 790.244 20:53:27
5.068 176.390 896.098 20:53:28
5.068 163.293 827.805 20:53:29
5.052 463.951 1770.244 20:53:30
5.064 278.683 1612.683 20:53:31
5.060 222.683 1468.293 20:53:32
5.068 151.976 765.854 20:53:33
5.072 271.780 825.366 20:53:34
5.072 163.195 827.805 20:53:35
5.064 248.780 1226.829 20:53:36
5.064 269.463 1364.878 20:53:37
5.064 186.171 962.439 20:53:38
5.060 258.878 1205.854 20:53:39
5.068 245.171 760.976 20:53:40
5.064 250.488 1266.829 20:53:41
5.056 334.463 1358.537 20:53:42
5.068 202.488 1100.488 20:53:43
5.072 166.878 902.439 20:53:44
5.064 249.976 1727.805 20:53:45
5.060 374.756 1687.805 20:53:46
5.060 196.683 991.220 20:53:47
5.068 288.561 1195.610 20:53:48
5.072 195.780 1484.878 20:53:49
5.076 251.171 827.317 20:53:50
5.048 243.171 1266.829 20:53:51
5.064 259.878 1316.098 20:53:52
5.064 247.780 1309.756 20:53:53
5.068 170.878 1011.707 20:53:54
5.060 336.756 1615.122 20:53:55
5.072 250.268 1348.293 20:53:56
5.064 317.976 1280.488 20:53:57
5.068 222.585 1284.390 20:53:58
5.072 153.976 793.659 20:53:59
5.052 440.756 2030.244 20:54:00
5.056 248.488 1646.341 20:54:01
5.060 244.878 1263.415 20:54:02
5.068 333.268 1402.439 20:54:03
5.072 163.976 827.805 20:54:04
5.052 277.366 1480.000 20:54:05
5.064 245.976 1254.634 20:54:06
5.072 162.683 826.341 20:54:07
5.072 220.488 991.220 20:54:08
5.064 270.585 1344.878 20:54:09
5.072 161.780 822.439 20:54:10
5.060 249.683 1265.366 20:54:11
5.064 253.683 826.341 20:54:13
5.064 162.976 1240.488 20:54:14
5.072 152.488 1115.122 20:54:15
5.072 163.585 832.683 20:54:16
5.072 193.390 1020.488 20:54:17
5.064 215.780 827.805 20:54:18
5.072 163.293 834.634 20:54:19
5.068 324.073 1245.366 20:54:20
5.060 340.366 1364.390 20:54:21
5.072 157.878 760.000 20:54:22
5.068 209.073 1075.122 20:54:23
5.076 177.585 1108.293 20:54:24
5.068 265.976 831.220 20:54:25
5.060 237.683 821.463 20:54:26
5.068 196.878 1575.122 20:54:27
5.064 190.073 967.805 20:54:28
5.072 152.488 765.854 20:54:29
5.072 163.390 827.805 20:54:30
5.072 162.878 1069.268 20:54:31
5.068 201.171 944.878 20:54:32
5.068 222.390 1128.293 20:54:33
5.068 210.073 1094.146 20:54:34
5.068 224.878 1093.171 20:54:35
5.064 245.976 1548.293 20:54:36
5.064 272.366 1416.098 20:54:37
5.064 217.976 1126.829 20:54:38
5.068 213.390 1176.585 20:54:39
5.068 248.976 1246.829 20:54:40
5.068 191.390 1006.341 20:54:41
5.060 393.659 1875.122 20:54:42
5.072 177.390 940.000 20:54:43
5.068 253.780 929.268 20:54:44
5.076 154.488 1060.488 20:54:45
5.072 152.488 779.024 20:54:46
5.052 456.756 2480.000 20:54:47
5.056 340.756 1706.341 20:54:48
5.068 212.780 1075.122 20:54:49
5.072 225.390 1068.780 20:54:50
5.072 162.195 826.341 20:54:51
5.068 194.780 997.561 20:54:52
5.056 432.463 2073.171 20:54:53
5.072 202.780 957.561 20:54:54
5.072 172.585 1101.951 20:54:55
5.072 175.195 854.146 20:54:56
5.048 389.854 2054.146 20:54:57
5.064 210.171 1055.610 20:54:58
5.068 153.195 1088.780 20:54:59
5.072 156.390 793.659 20:55:00
5.076 161.585 818.537 20:55:01
5.060 404.951 1991.707 20:55:02
5.072 147.488 751.220 20:55:03
5.056 476.146 2041.463 20:55:04
5.072 162.976 827.317 20:55:05
5.052 317.976 2105.366 20:55:06
5.064 257.976 1407.317 20:55:07
5.064 149.976 1019.024 20:55:08
5.068 202.780 947.805 20:55:09
5.072 193.171 815.122 20:55:10
5.064 246.976 1234.634 20:55:11
5.072 169.878 822.439 20:55:12
5.060 207.683 1039.024 20:55:13
5.068 219.268 1115.122 20:55:14
5.068 163.195 827.805 20:55:15
5.072 173.683 868.780 20:55:16
5.068 198.293 1589.756 20:55:17
5.044 462.756 1254.146 20:55:18
5.072 150.488 771.220 20:55:19
5.068 163.390 826.341 20:55:20
5.072 163.683 830.244 20:55:21
5.052 415.951 2041.951 20:55:22
5.068 183.878 1016.585 20:55:23
5.072 160.878 820.976 20:55:24
5.064 248.073 1240.488 20:55:25
5.072 279.073 1081.951 20:55:26
5.072 162.976 827.805 20:55:27
5.072 149.195 760.000 20:55:28
5.064 260.463 1313.171 20:55:29
5.068 255.171 1090.244 20:55:30
5.068 327.268 1306.829 20:55:31
5.072 164.488 1273.171 20:55:32
5.072 224.488 1084.390 20:55:33
5.064 353.366 1779.024 20:55:34
5.072 153.780 982.439 20:55:35
5.060 344.976 1755.122 20:55:36
5.068 222.390 1312.195 20:55:37
5.068 232.780 1066.341 20:55:38
5.072 162.878 828.780 20:55:39
5.064 266.463 1261.951 20:55:40
5.060 249.976 1214.634 20:55:41
5.076 163.073 825.366 20:55:42
5.068 266.585 1392.195 20:55:43
5.068 304.268 1312.195 20:55:44
5.064 171.976 827.805 20:55:45
5.060 329.780 1755.122 20:55:46
5.072 161.976 814.634 20:55:47
5.068 238.171 1260.488 20:55:48
5.044 501.146 2348.293 20:55:49
5.072 311.073 866.341 20:55:50
5.072 153.488 835.122 20:55:51
5.048 283.463 1484.878 20:55:52
5.076 163.073 1138.049 20:55:53
5.064 192.780 937.561 20:55:54
5.060 282.683 1587.317 20:55:55
5.064 186.390 827.805 20:55:56
5.060 313.073 1377.073 20:55:57
5.060 321.171 2197.073 20:55:58
5.060 384.756 1893.171 20:55:59
5.068 220.683 1100.488 20:56:00
5.064 152.976 779.024 20:56:01
5.072 163.195 823.415 20:56:02
5.072 163.488 829.756 20:56:03
5.064 238.268 1492.195 20:56:04
5.064 191.683 1285.854 20:56:05
5.072 162.195 825.366 20:56:06
5.060 246.268 1289.756 20:56:07
5.056 359.756 1831.220 20:56:09
5.072 312.878 1020.000 20:56:10
5.064 198.683 1130.732 20:56:11
5.072 163.390 826.341 20:56:12
5.040 346.073 1418.049 20:56:13
5.060 364.659 1919.024 20:56:14
5.072 149.878 757.561 20:56:15
5.072 162.878 827.805 20:56:16
5.068 163.195 828.780 20:56:17
5.056 244.268 1707.805 20:56:18
5.060 263.171 1702.927 20:56:19
5.072 147.585 752.683 20:56:20
5.072 194.390 827.805 20:56:21
5.076 255.268 823.902 20:56:22
5.060 383.976 2056.585 20:56:23
5.072 260.073 832.683 20:56:24
5.068 195.171 1054.146 20:56:25
5.064 268.878 1715.122 20:56:26
5.076 146.780 754.634 20:56:27
5.052 395.073 2118.049 20:56:28
5.068 295.366 1484.878 20:56:29
5.072 252.878 1478.537 20:56:30
5.056 327.171 1744.878 20:56:31
5.072 159.585 1267.805 20:56:32
5.060 327.268 1866.341 20:56:33
5.076 152.683 779.024 20:56:34
5.064 257.268 1253.171 20:56:35
5.048 472.951 2428.293 20:56:36
5.072 176.878 894.146 20:56:37
5.060 329.878 1667.805 20:56:38
5.072 162.878 826.341 20:56:39
5.060 243.268 1247.805 20:56:40
5.056 282.366 1637.073 20:56:41
5.068 219.976 1119.024 20:56:42
5.064 330.878 1300.976 20:56:43
5.064 298.366 1289.756 20:56:44
5.064 321.171 1401.951 20:56:45
5.064 282.366 1392.195 20:56:46
5.072 196.171 1484.390 20:56:47
5.068 178.683 1185.366 20:56:48
5.072 187.878 778.537 20:56:49
5.060 338.073 1650.244 20:56:50
5.072 162.683 829.756 20:56:51
5.072 219.488 1091.707 20:56:52
5.072 153.878 776.098 20:56:53
5.072 152.683 780.000 20:56:54
5.076 263.073 1254.146 20:56:55
5.068 250.488 797.561 20:56:56
5.072 152.780 777.561 20:56:57
5.060 258.683 1301.951 20:56:58
5.064 259.171 1235.610 20:56:59
5.056 442.463 1423.415 20:57:00
5.072 177.683 907.317 20:57:01
5.072 274.585 1253.171 20:57:02
5.072 153.195 1075.610 20:57:03
5.064 301.268 1344.878 20:57:04
5.068 163.683 830.244 20:57:05
5.064 291.366 1187.805 20:57:06
5.064 215.268 1121.463 20:57:07
5.072 213.171 1056.585 20:57:08
5.072 163.073 827.805 20:57:09
5.060 252.366 1706.341 20:57:10
5.072 254.073 1347.317 20:57:11
5.068 155.073 783.415 20:57:12
5.068 191.878 976.098 20:57:13
5.072 191.293 949.268 20:57:14
5.072 163.976 1254.146 20:57:15
5.068 323.878 1379.512 20:57:16
5.056 305.561 1285.854 20:57:17
5.072 164.073 821.463 20:57:18
5.060 276.878 1236.585 20:57:19
5.072 163.390 1251.707 20:57:20
5.056 257.463 1261.951 20:57:21
5.064 252.585 1554.634 20:57:22
5.072 153.976 779.024 20:57:23
5.072 182.488 826.341 20:57:24
5.072 162.976 827.805 20:57:25
5.064 258.268 1264.390 20:57:26
5.060 270.463 1346.829 20:57:27
5.072 207.585 757.561 20:57:28
5.064 261.976 1105.366 20:57:29
5.068 197.780 1119.024 20:57:30
5.060 452.146 2013.171 20:57:31
5.068 301.268 1154.146 20:57:32
5.064 163.195 827.805 20:57:33
5.068 228.976 1449.756 20:57:34
5.064 215.683 1095.122 20:57:35
5.072 149.976 760.976 20:57:36
5.064 250.488 1224.390 20:57:37
5.072 345.976 1074.146 20:57:38
5.068 214.171 1084.390 20:57:39
5.056 388.171 1476.098 20:57:40
5.076 148.585 757.073 20:57:41
5.072 245.171 1066.341 20:57:42
5.076 220.488 840.000 20:57:43
5.048 442.561 2280.976 20:57:44
5.072 177.195 1272.195 20:57:45
5.072 147.390 750.244 20:57:46
5.060 207.073 1162.927 20:57:47
5.068 187.976 796.098 20:57:48
5.056 412.049 2276.098 20:57:49
5.072 166.073 839.024 20:57:50
5.072 148.780 806.341 20:57:51
5.044 493.146 2294.634 20:57:52
5.076 151.293 770.244 20:57:53
5.064 276.878 1401.951 20:57:54
5.052 400.561 2059.024 20:57:55
5.076 152.683 757.073 20:57:56
5.068 199.171 1114.146 20:57:57
5.072 172.878 777.561 20:57:58
5.072 190.171 971.707 20:57:59
5.068 246.683 1251.707 20:58:00
5.068 200.488 927.317 20:58:01
5.064 355.366 2046.829 20:58:02
5.072 183.585 930.244 20:58:04
5.072 147.488 752.683 20:58:05
5.068 178.976 901.463 20:58:06
5.056 459.268 2040.488 20:58:07
5.068 163.488 832.683 20:58:08
5.060 220.171 1287.805 20:58:09
5.068 163.683 1288.293 20:58:10
5.072 228.780 836.585 20:58:11
5.052 289.073 1440.976 20:58:12
5.060 238.780 1306.829 20:58:13
5.072 163.073 1155.610 20:58:14
5.064 273.366 1419.512 20:58:15
5.064 273.585 1086.829 20:58:16
5.072 217.683 779.024 20:58:17
5.064 249.780 1277.073 20:58:18
5.064 208.390 1094.146 20:58:19
5.068 230.585 1111.707 20:58:20
5.072 149.878 763.415 20:58:21
5.072 153.780 782.439 20:58:22
5.060 384.659 1699.024 20:58:23
5.068 250.976 1236.585 20:58:24
5.072 308.659 1083.902 20:58:25
5.060 331.268 1234.146 20:58:26
5.072 149.488 752.683 20:58:27
5.072 163.878 1146.341 20:58:28
5.064 277.463 1721.463 20:58:29
5.068 251.488 1272.195 20:58:30
5.060 280.171 1875.610 20:58:31
5.072 149.098 759.512 20:58:32
5.068 288.683 960.000 20:58:33
5.072 150.390 757.073 20:58:34
5.060 278.171 1415.610 20:58:35
5.072 163.195 1984.390 20:58:36
5.064 153.488 776.098 20:58:37
5.076 155.878 796.098 20:58:38
5.072 162.073 826.341 20:58:39
5.056 407.561 1631.220 20:58:40
5.068 196.390 1003.902 20:58:41
5.068 285.463 1232.195 20:58:42
5.068 215.390 1095.122 20:58:43
5.072 149.293 760.000 20:58:44
5.060 191.683 961.463 20:58:45
5.068 185.585 944.878 20:58:46
5.052 321.878 2213.171 20:58:47
5.072 163.073 1240.976 20:58:48
5.068 188.585 951.220 20:58:49
5.060 302.561 1455.610 20:58:50
5.072 197.293 1045.366 20:58:51
5.060 333.268 1828.780 20:58:52
5.072 163.878 832.195 20:58:53
5.072 147.488 752.195 20:58:54
5.052 389.366 2079.512 20:58:55
5.068 197.585 1019.024 20:58:56
5.060 291.366 1148.293 20:58:57
5.068 163.488 1065.366 20:58:58
5.072 200.976 993.659 20:58:59
5.064 252.171 1260.976 20:59:00
5.072 198.780 1433.171 20:59:01
5.056 280.463 1339.512 20:59:02
5.064 270.683 1274.146 20:59:03
5.068 192.683 982.439 20:59:04
5.068 224.878 1151.707 20:59:05
5.072 149.878 760.000 20:59:06
5.060 330.171 1685.366 20:59:07
5.068 218.488 1066.829 20:59:08
5.056 330.878 1660.976 20:59:09
5.072 250.976 945.366 20:59:10
5.076 161.293 813.659 20:59:11
5.072 165.780 971.707 20:59:12
5.064 219.780 1092.683 20:59:13
5.072 153.488 777.561 20:59:14
5.072 163.195 827.317 20:59:15
5.068 216.976 1090.732 20:59:16
5.064 306.463 1818.049 20:59:17
5.068 254.268 1265.366 20:59:18
5.068 187.488 947.317 20:59:19
5.068 226.488 1150.244 20:59:20
5.072 151.878 772.195 20:59:21
5.064 270.976 827.805 20:59:22
5.064 310.659 1304.390 20:59:23
5.052 408.366 2051.707 20:59:24
5.064 253.585 1040.000 20:59:25
5.072 257.073 829.756 20:59:26
5.052 336.073 2264.878 20:59:27
5.060 391.366 1957.561 20:59:28
5.064 286.268 1329.756 20:59:29
5.064 205.976 1244.390 20:59:30
5.072 162.878 826.341 20:59:31
5.072 163.976 829.756 20:59:32
5.064 255.976 1294.634 20:59:33
5.068 216.683 1089.268 20:59:34
5.072 150.293 761.463 20:59:35
5.064 248.585 1263.415 20:59:36
5.068 241.780 1561.463 20:59:37
5.056 342.659 1735.122 20:59:38
5.068 221.390 1612.195 20:59:39
5.072 161.390 818.537 20:59:40
5.064 209.390 1134.146 20:59:41
5.072 194.780 913.659 20:59:42
5.068 248.878 1108.293 20:59:43
5.056 336.171 1637.073 20:59:44
5.068 199.585 1165.854 20:59:45
5.064 289.268 1490.732 20:59:46
5.068 213.585 1102.927 20:59:47
5.072 148.488 747.317 20:59:48
5.064 250.171 1260.976 20:59:49
5.072 163.073 829.756 20:59:50
5.060 281.585 1424.390 20:59:51
5.072 163.390 827.805 20:59:52
5.076 150.878 768.780 20:59:53
5.060 249.878 1400.488 20:59:54
5.068 242.585 1235.610 20:59:55
5.072 162.683 824.878 20:59:56
5.064 163.780 832.195 20:59:57
5.068 186.073 955.122 20:59:58
5.060 454.463 2131.707 20:59:59
5.072 149.390 757.073 21:00:00
5.072 153.390 782.439 21:00:01
5.048 496.756 2486.341 21:00:03
5.048 459.146 1243.415 21:00:04
5.064 249.780 1239.512 21:00:05
5.064 214.171 1081.463 21:00:06
5.072 163.073 827.805 21:00:07
5.060 336.659 2300.000 21:00:08
5.072 176.390 933.659 21:00:09
5.072 162.878 822.439 21:00:10
5.064 247.488 834.634 21:00:11
5.064 247.878 1300.488 21:00:12
5.068 214.878 1080.488 21:00:13
5.076 153.098 782.439 21:00:14
5.068 185.488 836.098 21:00:15
5.072 200.878 1051.707 21:00:16
5.072 191.171 1188.293 21:00:17
5.052 408.659 1869.268 21:00:18
5.052 409.659 2301.951 21:00:19
5.072 149.195 827.805 21:00:20
5.064 197.878 1273.171 21:00:21
5.072 157.293 797.561 21:00:22
5.060 296.976 1453.171 21:00:23
5.060 313.780 1490.732 21:00:24
5.072 207.073 937.561 21:00:25
5.064 251.878 1423.415 21:00:26
5.064 243.878 1488.293 21:00:27
5.068 247.878 1366.829 21:00:28
5.056 253.683 1034.146 21:00:29
5.068 245.171 1408.293 21:00:30
5.060 245.366 1652.683 21:00:31
5.056 295.780 1263.415 21:00:32
5.068 206.683 1221.951 21:00:33
5.060 213.488 907.805 21:00:34
5.068 223.171 1202.927 21:00:35
5.064 245.585 1689.756 21:00:36
5.068 275.976 1239.024 21:00:37
5.072 215.268 971.220 21:00:38
5.068 219.073 891.707 21:00:39
5.072 157.073 797.561 21:00:40
5.068 194.878 1487.317 21:00:41
5.072 334.756 1715.122 21:00:42
5.060 298.976 1125.366 21:00:43
5.072 150.098 757.561 21:00:44
5.072 191.585 829.756 21:00:45
5.064 246.976 1300.976 21:00:46
5.072 163.585 1166.829 21:00:47
5.060 276.463 1392.195 21:00:48
5.068 224.780 1146.341 21:00:49
5.076 153.390 782.439 21:00:50
5.052 420.561 2184.878 21:00:51
5.072 163.073 826.341 21:00:52
5.072 185.488 921.463 21:00:53
5.068 268.171 1951.707 21:00:54
5.068 343.976 1737.561 21:00:55
5.072 148.976 764.878 21:00:56
5.076 162.976 827.805 21:00:57
5.076 153.878 783.415 21:00:58
5.064 287.073 1388.293 21:00:59
5.068 173.293 1039.024 21:01:00
5.056 238.683 1526.341 21:01:01
5.052 463.659 2054.146 21:01:02
5.056 361.659 2146.829 21:01:03
5.064 270.073 1136.585 21:01:04
5.060 296.268 1573.659 21:01:05
5.072 179.293 959.024 21:01:06
5.056 359.463 1788.780 21:01:07
5.064 246.073 1786.341 21:01:08
5.072 234.488 1252.195 21:01:09
5.072 163.683 829.756 21:01:10
5.068 187.171 870.244 21:01:11
5.068 153.098 779.024 21:01:12
5.076 164.780 836.098 21:01:13
5.064 250.366 1263.415 21:01:14
5.064 257.366 1284.390 21:01:15
5.072 201.683 986.341 21:01:16
5.076 149.390 1025.366 21:01:17
5.072 219.976 1039.024 21:01:18
5.076 153.976 777.073 21:01:19
5.076 153.976 782.439 21:01:20
5.048 396.659 1657.561 21:01:21
5.068 255.683 1240.488 21:01:22
5.064 254.585 1262.927 21:01:23
5.072 188.780 1230.732 21:01:24
5.076 153.878 826.341 21:01:25
5.064 250.171 1255.610 21:01:26
5.068 163.488 830.244 21:01:27
5.060 339.073 1877.561 21:01:28
5.064 279.268 1443.415 21:01:29
5.068 199.488 980.000 21:01:30
5.068 255.780 1126.829 21:01:31
5.072 163.488 912.683 21:01:32
5.072 164.073 832.195 21:01:33
5.056 286.366 1438.537 21:01:34
5.056 310.171 1810.244 21:01:35
5.072 162.780 823.902 21:01:36
5.072 149.488 758.537 21:01:37
5.064 164.195 831.220 21:01:38
5.060 327.878 1237.073 21:01:39
5.072 295.976 1500.976 21:01:40
5.068 280.780 2042.927 21:01:41
5.068 163.195 1037.561 21:01:42
5.072 163.585 827.317 21:01:43
5.060 246.683 1244.390 21:01:44
5.064 198.390 1760.488 21:01:45
5.044 247.878 1633.659 21:01:46
5.060 258.268 1644.878 21:01:47
5.064 249.073 1213.171 21:01:48
5.056 196.878 1115.610 21:01:49
5.056 287.976 1246.829 21:01:50
5.072 163.073 1878.049 21:01:51
5.044 398.951 1658.537 21:01:52
5.068 211.268 1043.902 21:01:53
5.068 191.976 982.927 21:01:54
5.052 359.561 1833.659 21:01:55
5.052 218.780 1877.561 21:01:56
5.072 163.073 916.098 21:01:57
5.056 297.366 1421.951 21:01:59
5.072 242.878 1323.415 21:02:00
5.064 205.585 1092.683 21:02:01
5.060 251.171 1542.439 21:02:02
5.072 148.390 748.293 21:02:03
5.072 157.488 797.561 21:02:04
5.068 162.683 816.585 21:02:05
5.060 326.463 2100.488 21:02:06
5.064 226.780 1151.707 21:02:07
5.068 209.268 1086.829 21:02:08
5.072 153.293 779.024 21:02:09
5.072 162.488 827.317 21:02:10
5.044 485.951 2453.659 21:02:11
5.068 245.268 1347.317 21:02:12
5.068 273.878 1522.439 21:02:13
5.072 163.195 827.805 21:02:14
5.072 162.780 825.366 21:02:15
5.064 330.171 1886.341 21:02:16
5.064 243.780 1239.024 21:02:17
5.056 368.268 1757.561 21:02:18
5.068 222.780 1239.024 21:02:19
5.072 163.073 1060.000 21:02:20
5.056 339.366 1610.244 21:02:21
5.076 163.780 830.244 21:02:22
5.060 329.976 1881.463 21:02:23
5.068 279.878 830.244 21:02:24
5.072 160.683 818.537 21:02:25
5.068 227.268 1152.683 21:02:26
5.064 247.268 830.244 21:02:27
5.072 163.683 831.220 21:02:28
5.072 205.585 1284.390 21:02:29
5.064 291.073 1305.854 21:02:30
5.064 240.073 945.366 21:02:31
5.072 182.390 1266.829 21:02:32
5.072 221.585 977.561 21:02:33
5.076 263.780 1420.976 21:02:34
5.072 266.463 967.805 21:02:35
5.052 395.854 2024.390 21:02:36
5.068 477.854 2282.439 21:02:37
5.068 224.268 1087.805 21:02:38
5.072 226.171 1015.122 21:02:39
5.072 147.683 752.683 21:02:40
5.072 163.585 831.220 21:02:41
5.072 336.171 1262.927 21:02:42
5.060 402.463 2070.732 21:02:43
5.068 244.780 1065.366 21:02:44
5.076 149.878 787.317 21:02:45
5.056 255.366 1280.488 21:02:46
5.076 158.195 778.537 21:02:47
5.056 376.463 1981.951 21:02:48
5.064 299.780 1239.512 21:02:49
5.068 213.585 1673.659 21:02:50
5.060 296.780 1627.317 21:02:51
5.072 191.976 1032.683 21:02:52
5.056 330.561 1400.976 21:02:53
5.072 164.976 833.659 21:02:54
5.072 163.293 901.463 21:02:55
5.060 260.073 1276.585 21:02:56
5.072 156.780 791.220 21:02:57
5.060 280.976 1080.488 21:02:58
5.064 296.268 1860.488 21:02:59
5.068 212.171 2081.951 21:03:00
5.072 189.878 1331.707 21:03:01
5.060 335.878 1664.878 21:03:02
5.052 278.366 1636.098 21:03:03
5.072 185.780 1068.780 21:03:04
5.068 193.171 828.780 21:03:05
5.072 155.293 792.683 21:03:06
5.052 420.171 2059.512 21:03:07
5.048 477.146 2021.951 21:03:08
5.064 285.878 1451.220 21:03:09
5.068 198.780 1320.488 21:03:10
5.072 272.073 1347.317 21:03:11
5.064 303.171 867.805 21:03:12
5.068 247.585 1530.732 21:03:13
5.072 210.585 1079.024 21:03:14
5.060 226.683 1150.244 21:03:15
5.072 186.293 985.366 21:03:16
5.064 307.780 1562.439 21:03:17
5.068 163.683 829.756 21:03:18
5.072 253.073 982.927 21:03:19
5.072 163.585 830.244 21:03:20
5.072 195.878 1084.390 21:03:21
5.052 379.268 1227.805 21:03:22
5.068 327.073 1250.732 21:03:23
5.072 251.488 1003.902 21:03:24
5.068 224.780 1187.805 21:03:25
5.068 289.268 1150.732 21:03:26
5.060 212.585 1159.024 21:03:27
5.068 163.195 827.805 21:03:28
5.064 246.878 2383.902 21:03:29
5.068 228.976 1203.415 21:03:30
5.064 221.683 1517.561 21:03:31
5.064 257.366 1889.268 21:03:32
5.072 150.390 1039.024 21:03:33
5.072 162.585 1250.244 21:03:34
5.056 329.463 1999.512 21:03:35
5.060 164.878 830.244 21:03:36
5.068 203.293 805.854 21:03:37
5.068 232.585 1193.171 21:03:38
5.072 166.878 782.439 21:03:39
5.068 262.366 1455.610 21:03:40
5.068 206.683 1320.976 21:03:41
5.064 227.073 1121.463 21:03:42
5.064 246.366 1256.585 21:03:43
5.072 150.585 760.976 21:03:44
5.068 251.488 1363.415 21:03:45
5.072 165.073 773.659 21:03:46
5.068 198.390 1061.951 21:03:47
5.060 288.073 1455.610 21:03:48
5.076 153.195 779.024 21:03:49
5.060 278.683 1473.171 21:03:50
5.072 160.878 810.244 21:03:51
5.072 212.585 1075.122 21:03:52
5.048 289.780 1488.780 21:03:54
5.064 205.073 986.829 21:03:55
5.076 153.780 1102.927 21:03:56
5.072 179.390 894.146 21:03:57
5.072 162.878 1738.537 21:03:58
5.064 251.780 1274.634 21:03:59
5.064 178.390 1011.220 21:04:00
5.076 251.073 973.659 21:04:01
5.068 225.683 1138.049 21:04:02
5.072 188.780 916.098 21:04:03
5.072 163.073 1031.220 21:04:04
5.072 163.585 1311.707 21:04:05
5.068 216.268 1126.829 21:04:06
5.056 340.366 1631.220 21:04:07
5.072 148.585 749.756 21:04:08
5.060 331.268 1662.439 21:04:09
5.064 260.268 2345.854 21:04:10
5.060 334.878 1713.659 21:04:11
5.064 292.268 1254.146 21:04:12
5.076 163.293 827.805 21:04:13
5.060 242.073 988.780 21:04:14
5.068 222.073 1174.634 21:04:15
5.072 163.073 824.878 21:04:16
5.064 269.683 1286.829 21:04:17
5.076 163.073 1274.634 21:04:18
5.068 369.366 1378.049 21:04:19
5.072 157.195 875.122 21:04:20
5.060 208.878 1188.293 21:04:21
5.072 164.073 839.024 21:04:22
5.072 153.098 1106.341 21:04:23
5.072 287.561 2026.829 21:04:24
5.072 153.488 782.439 21:04:25
5.060 355.463 983.902 21:04:26
5.072 163.683 829.756 21:04:27
5.068 186.488 1037.561 21:04:28
5.064 243.366 1762.927 21:04:29
5.072 180.878 920.000 21:04:30
5.056 295.366 1915.610 21:04:31
5.068 249.585 1269.268 21:04:32
5.068 285.976 1399.512 21:04:33
5.064 251.780 1250.244 21:04:34
5.068 210.683 964.878 21:04:35
5.060 398.756 1049.268 21:04:36
5.072 162.878 851.220 21:04:37
5.052 479.146 1778.537 21:04:38
5.068 251.488 1260.976 21:04:39
5.064 293.780 1797.561 21:04:40
5.076 180.073 864.878 21:04:41
5.068 249.878 1231.707 21:04:42
5.056 327.976 1643.415 21:04:43
5.064 275.683 1062.927 21:04:44
5.044 328.780 1477.073 21:04:45
5.076 150.585 759.512 21:04:46
5.072 187.585 830.244 21:04:47
5.056 328.171 1703.902 21:04:48
5.068 250.976 1299.512 21:04:49
5.072 222.171 1128.293 21:04:50
5.076 153.390 780.976 21:04:51
5.064 246.585 1249.268 21:04:52
5.056 224.780 1000.000 21:04:53
5.076 165.683 954.146 21:04:54
5.064 366.463 1630.244 21:04:55
5.056 337.366 1707.317 21:04:56
5.052 359.659 1862.927 21:04:57
5.072 153.390 778.537 21:04:58
5.072 163.488 829.756 21:04:59
5.056 333.366 1650.244 21:05:00
5.068 193.073 1181.463 21:05:01
5.068 204.293 1345.854 21:05:02
5.072 162.878 1130.732 21:05:03
5.064 305.878 1389.268 21:05:04
5.068 181.293 920.488 21:05:05
5.068 163.488 827.317 21:05:06
5.064 163.878 831.220 21:05:07
5.056 437.146 2084.390 21:05:08
5.072 193.293 1700.976 21:05:09
5.072 162.976 829.756 21:05:10
5.068 164.293 833.659 21:05:11
5.068 183.976 1736.098 21:05:12
5.068 211.268 1075.122 21:05:13
5.064 154.878 931.220 21:05:14
5.064 165.293 827.805 21:05:15
5.068 254.683 1205.366 21:05:16
5.068 197.683 1170.244 21:05:17
5.060 327.366 1230.244 21:05:18
5.076 150.585 760.000 21:05:19
5.072 163.293 827.805 21:05:20
5.052 454.659 2077.073 21:05:21
5.072 163.683 1140.488 21:05:22
5.060 334.463 1663.902 21:05:23
5.072 163.683 830.244 21:05:24
5.072 162.780 827.317 21:05:25
5.048 328.780 1666.341 21:05:26
5.072 196.976 911.707 21:05:27
5.072 252.171 830.244 21:05:28
5.064 188.390 1017.561 21:05:29
5.072 163.293 831.220 21:05:30
5.068 200.780 1291.707 21:05:31
5.060 233.366 1279.512 21:05:32
5.072 156.195 796.098 21:05:33
5.076 152.878 1104.390 21:05:34
5.060 423.659 2158.049 21:05:35
5.060 279.683 1433.171 21:05:36
5.072 155.195 787.805 21:05:37
5.072 261.878 1330.732 21:05:38
5.064 232.878 1047.805 21:05:39
5.072 182.293 955.122 21:05:40
5.076 164.585 834.634 21:05:41
5.072 214.976 1093.171 21:05:42
5.044 464.951 2240.488 21:05:43
5.072 165.585 840.000 21:05:44
5.068 184.073 760.000 21:05:45
5.072 197.171 970.244 21:05:46
5.064 181.976 797.561 21:05:47
5.060 296.171 1472.195 21:05:48
5.056 219.585 1027.805 21:05:49
5.072 202.780 1031.707 21:05:50
5.072 188.488 996.585 21:05:51
5.052 452.951 2389.756 21:05:52
5.072 163.293 827.805 21:05:54
5.072 161.390 818.537 21:05:55
5.048 475.049 2501.463 21:05:56
5.072 163.976 1114.146 21:05:57
5.068 163.195 822.439 21:05:58
5.072 272.585 1311.707 21:05:59
5.072 153.098 1406.829 21:06:00
5.068 197.171 1002.439 21:06:01
5.072 157.073 792.195 21:06:02
5.072 163.488 827.805 21:06:03
5.052 315.878 1484.878 21:06:04
5.068 198.073 1470.732 21:06:05
5.072 306.366 1464.878 21:06:06
5.048 317.659 1621.463 21:06:07
5.072 185.171 967.805 21:06:08
5.068 334.171 1040.000 21:06:09
5.068 243.878 1252.195 21:06:10
5.072 192.171 1442.439 21:06:11
5.060 422.171 1669.756 21:06:12
5.072 195.293 1027.805 21:06:13
5.068 190.780 1416.098 21:06:14
5.060 280.585 1941.463 21:06:15
5.072 326.780 1053.171 21:06:16
5.072 253.073 1042.927 21:06:17
5.064 259.268 1239.512 21:06:18
5.064 217.878 1386.829 21:06:19
5.072 183.780 1409.756 21:06:20
5.068 218.976 1008.780 21:06:21
5.060 164.976 832.683 21:06:22
5.060 358.854 1910.244 21:06:23
5.044 470.756 1241.951 21:06:24
5.072 162.878 824.878 21:06:25
5.064 279.585 1730.244 21:06:26
5.068 272.976 1342.927 21:06:27
5.060 277.585 1099.512 21:06:28
5.072 210.488 779.024 21:06:29
5.072 163.293 828.780 21:06:30
5.068 252.171 1349.268 21:06:31
5.064 285.976 1718.537 21:06:32
5.060 310.780 1603.415 21:06:33
5.068 149.585 1282.927 21:06:34
5.068 244.268 1290.732 21:06:35
5.072 174.488 781.463 21:06:36
5.056 250.683 976.098 21:06:37
5.048 399.561 1827.805 21:06:38
5.064 225.390 1200.488 21:06:39
5.072 205.780 907.805 21:06:40
5.072 276.780 830.244 21:06:41
5.068 181.878 1060.488 21:06:42
5.072 186.976 997.561 21:06:43
5.072 157.390 797.561 21:06:44
5.072 220.073 1801.463 21:06:45
5.052 333.976 1176.585 21:06:46
5.072 161.390 820.000 21:06:47
5.064 269.268 1437.073 21:06:48
5.048 246.268 1254.146 21:06:49
5.064 350.756 1709.756 21:06:50
5.064 221.780 828.780 21:06:51
5.076 149.293 748.780 21:06:52
5.068 337.756 1663.415 21:06:53
5.072 203.171 1030.244 21:06:54
5.072 147.683 753.659 21:06:55
5.048 432.951 2283.415 21:06:56
5.072 163.488 827.805 21:06:57
5.068 254.683 1381.951 21:06:58
5.068 246.171 1264.390 21:06:59
5.072 149.683 757.073 21:07:00
5.044 476.244 2049.268 21:07:01
5.068 258.171 1246.829 21:07:02
5.056 344.171 1694.146 21:07:03
5.072 162.488 831.220 21:07:04
5.068 196.293 1026.341 21:07:05
5.056 330.878 1785.366 21:07:06
5.076 149.780 761.463 21:07:07
5.072 255.976 1419.512 21:07:08
5.072 250.683 1273.171 21:07:09
5.056 328.878 974.146 21:07:10
5.064 216.268 1218.049 21:07:11
5.072 152.683 773.659 21:07:12
5.068 224.488 1445.854 21:07:13
5.068 217.268 1153.171 21:07:14
5.068 159.683 768.293 21:07:15
5.076 185.585 1340.976 21:07:16
5.064 319.463 1341.951 21:07:17
5.068 221.073 937.561 21:07:18
5.068 254.683 1369.756 21:07:19
5.064 289.463 1269.756 21:07:20
5.068 240.171 1251.707 21:07:21
5.052 245.585 1401.951 21:07:22
5.076 172.488 827.805 21:07:23
5.068 267.171 1623.902 21:07:24
5.072 163.293 1252.195 21:07:25
5.076 163.488 829.756 21:07:26
5.072 163.780 829.756 21:07:27
5.064 259.463 1745.366 21:07:28
5.052 382.854 1906.829 21:07:29
5.072 163.780 1258.049 21:07:30
5.064 211.683 1072.683 21:07:31
5.068 248.073 1625.854 21:07:32
5.056 324.171 1655.122 21:07:33
5.056 342.659 1723.902 21:07:34
5.068 248.488 1642.439 21:07:35
5.072 163.293 829.756 21:07:36
5.068 197.073 1042.439 21:07:37
5.072 163.488 1349.268 21:07:38
5.064 172.390 903.902 21:07:39
5.060 247.073 1244.390 21:07:40
5.068 236.488 1199.512 21:07:41
5.068 248.366 1256.585 21:07:42
5.072 162.293 823.415 21:07:43
5.064 250.780 1245.854 21:07:44
5.052 352.659 1971.707 21:07:45
5.072 259.366 1488.293 21:07:46
5.072 153.780 782.439 21:07:47
5.072 180.780 1280.488 21:07:48
5.076 154.195 998.049 21:07:50
5.060 251.585 1274.146 21:07:51
5.068 251.488 1341.951 21:07:52
5.068 212.780 777.561 21:07:53
5.068 255.780 1070.244 21:07:54
5.060 311.171 1397.073 21:07:55
5.064 220.268 1490.732 21:07:56
5.072 149.780 1026.829 21:07:57
5.068 233.171 1099.024 21:07:58
5.060 359.659 1720.976 21:07:59
5.064 233.585 904.878 21:08:00
5.072 163.073 827.317 21:08:01
5.064 250.585 1300.488 21:08:02
5.060 333.976 1751.220 21:08:03
5.064 215.488 1090.244 21:08:04
5.072 151.293 760.000 21:08:05
5.068 440.756 2404.878 21:08:06
5.052 338.366 1469.756 21:08:07
5.064 359.268 1351.707 21:08:08
5.072 163.780 827.805 21:08:09
5.068 210.585 1071.707 21:08:10
5.072 163.780 831.220 21:08:11
5.068 186.390 1380.488 21:08:12
5.068 211.268 1059.024 21:08:13
5.064 190.683 829.756 21:08:14
5.052 370.268 1300.976 21:08:15
5.064 361.268 1991.707 21:08:16
5.076 150.293 762.439 21:08:17
5.068 262.268 1129.268 21:08:18
5.072 155.878 786.341 21:08:19
5.060 414.171 1683.415 21:08:20
5.072 291.073 997.561 21:08:21
5.064 337.659 1294.146 21:08:22
5.068 216.780 1427.317 21:08:23
5.072 245.780 844.878 21:08:24
5.068 366.756 2184.390 21:08:25
5.068 246.780 832.683 21:08:26
5.064 263.780 1316.098 21:08:27
5.060 329.561 1696.585 21:08:28
5.072 154.073 778.537 21:08:29
5.072 163.780 832.195 21:08:30
5.072 163.390 829.756 21:08:31
5.068 397.463 1468.780 21:08:32
5.060 268.976 1269.756 21:08:33
5.068 223.268 1135.122 21:08:34
5.060 261.683 1862.439 21:08:35
5.076 149.878 760.000 21:08:36
5.072 170.780 827.317 21:08:37
5.060 254.268 845.366 21:08:38
5.064 277.585 1406.829 21:08:39
5.060 394.951 1849.268 21:08:40
5.072 212.390 846.341 21:08:41
5.076 273.463 1311.707 21:08:42
5.072 163.878 1289.268 21:08:43
5.064 264.171 1668.780 21:08:44
5.064 251.585 1273.171 21:08:45
5.072 149.878 761.463 21:08:46
5.068 464.854 2360.000 21:08:47
5.072 163.878 831.220 21:08:48
5.060 340.073 1733.659 21:08:49
5.072 184.293 947.805 21:08:50
5.072 160.878 820.000 21:08:51
5.064 296.073 1491.220 21:08:52
5.072 213.488 1284.390 21:08:53
5.076 149.683 763.902 21:08:54
5.060 290.073 1557.561 21:08:55
5.052 390.756 2094.634 21:08:56
5.072 204.171 994.146 21:08:57
5.076 163.488 1274.634 21:08:58
5.068 216.073 1400.488 21:08:59
5.064 410.463 2079.512 21:09:00
5.072 259.585 1270.732 21:09:01
5.064 206.780 1656.585 21:09:02
5.068 197.073 958.049 21:09:03
5.060 300.268 1265.854 21:09:04
5.068 157.293 986.829 21:09:05
5.060 377.756 1911.707 21:09:06
5.064 312.073 1722.439 21:09:07
5.068 187.073 1426.829 21:09:08
5.072 210.171 1167.805 21:09:09
5.072 205.171 819.024 21:09:10
5.060 329.171 1862.927 21:09:11
5.064 251.268 1378.537 21:09:12
5.068 227.976 1454.634 21:09:13
5.068 179.683 902.927 21:09:14
5.064 216.585 783.415 21:09:15
5.056 384.073 1540.976 21:09:16
5.044 284.683 1801.463 21:09:17
5.060 376.756 1637.561 21:09:18
5.072 173.976 1266.829 21:09:19
5.072 193.683 1075.610 21:09:20
5.068 211.171 1022.927 21:09:21
5.064 290.171 1438.537 21:09:22
5.072 149.585 760.000 21:09:23
5.056 327.976 1651.220 21:09:24
5.060 321.976 1671.220 21:09:25
5.072 208.780 1029.268 21:09:26
5.068 279.585 1289.756 21:09:27
5.064 288.976 1446.829 21:09:28
5.056 349.366 1734.146 21:09:29
5.076 153.488 778.537 21:09:30
5.056 335.756 1693.659 21:09:31
5.068 163.683 860.000 21:09:32
5.072 172.293 820.976 21:09:33
5.056 285.878 1711.220 21:09:34
5.072 255.366 1087.805 21:09:35
5.060 327.268 2018.049 21:09:36
5.064 167.390 882.927 21:09:37
5.068 261.585 1265.366 21:09:38
5.056 431.049 2018.049 21:09:39
5.072 163.878 758.537 21:09:40
5.056 294.171 1359.512 21:09:41
5.072 163.585 954.146 21:09:42
5.064 276.463 1315.610 21:09:43
5.064 325.878 1557.073 21:09:44
5.072 182.683 989.268 21:09:45
5.068 156.293 800.000 21:09:46
5.072 157.585 783.415 21:09:48
5.072 223.585 1271.707 21:09:49
5.064 267.585 1225.366 21:09:50
5.068 158.488 761.463 21:09:51
5.056 385.268 1434.634 21:09:52
5.068 250.780 1269.268 21:09:53
5.064 245.366 1237.073 21:09:54
5.072 367.268 1260.976 21:09:55
5.068 226.683 1026.829 21:09:56
5.056 334.073 2108.293 21:09:57
5.068 296.073 1193.171 21:09:58
5.060 282.463 1685.366 21:09:59
5.064 246.878 1640.976 21:10:00
5.068 191.976 976.098 21:10:01
5.060 328.659 2065.366 21:10:02
5.068 215.683 1287.805 21:10:03
5.068 251.073 930.244 21:10:04
5.060 251.268 1261.951 21:10:05
5.064 248.073 1260.488 21:10:06
5.056 331.976 1268.293 21:10:07
5.072 179.293 964.878 21:10:08
5.064 276.683 1429.268 21:10:09
5.068 226.585 1158.049 21:10:10
5.064 244.683 1348.293 21:10:11
5.068 202.171 1045.366 21:10:12
5.064 251.683 1282.927 21:10:13
5.060 474.561 1659.024 21:10:14
5.064 176.488 830.244 21:10:15
5.064 410.171 2031.707 21:10:16
5.060 252.683 1593.659 21:10:17
5.072 187.488 882.927 21:10:18
5.056 281.585 1497.073 21:10:19
5.060 213.780 1002.439 21:10:20
5.048 272.683 1764.878 21:10:21
5.072 286.878 1475.610 21:10:22
5.072 218.488 1006.829 21:10:23
5.060 281.268 1239.024 21:10:24
5.068 163.390 836.098 21:10:25
5.072 199.683 920.000 21:10:26
5.072 247.171 1259.024 21:10:27
5.068 273.683 1274.634 21:10:28
5.068 245.780 1245.854 21:10:29
5.052 215.976 836.098 21:10:30
5.068 172.390 868.780 21:10:31
5.052 403.659 2240.488 21:10:32
5.056 281.171 1366.829 21:10:33
5.068 179.585 885.366 21:10:34
5.052 373.366 1748.780 21:10:35
5.048 487.561 2592.683 21:10:36
5.076 149.683 760.976 21:10:37
5.072 197.683 1678.537 21:10:38
5.072 149.878 763.902 21:10:39
5.060 244.976 1745.366 21:10:40
5.056 343.878 1712.683 21:10:41
5.064 204.780 948.780 21:10:42
5.068 228.171 1210.244 21:10:43
5.072 153.390 783.902 21:10:44
5.064 340.878 1729.756 21:10:45
5.076 157.293 794.634 21:10:46
5.060 304.268 1447.317 21:10:47
5.068 245.073 1043.902 21:10:48
5.076 154.073 880.000 21:10:49
5.064 276.073 1072.683 21:10:50
5.064 163.878 830.244 21:10:51
5.072 201.878 1069.268 21:10:52
5.068 197.683 1015.610 21:10:53
5.060 323.659 1647.805 21:10:54
5.068 299.366 1357.073 21:10:55
5.064 163.293 830.244 21:10:56
5.072 228.390 1125.366 21:10:57
5.064 253.073 1279.512 21:10:58
5.068 320.268 1714.146 21:10:59
5.064 248.780 1250.732 21:11:00
5.064 218.976 1105.366 21:11:01
5.060 485.854 2420.976 21:11:02
5.072 161.488 813.659 21:11:03
5.064 240.073 1383.415 21:11:04
5.064 260.585 1267.805 21:11:05
5.060 234.780 1351.707 21:11:06
5.064 295.878 1488.293 21:11:07
5.076 215.780 1102.927 21:11:08
5.064 281.268 1493.659 21:11:09
5.068 286.976 1262.927 21:11:10
5.072 182.585 1020.488 21:11:11
5.064 329.268 880.976 21:11:12
5.076 246.976 983.902 21:11:13
5.068 351.171 1276.585 21:11:14
5.060 163.976 830.244 21:11:15
5.068 164.390 833.659 21:11:16
5.060 267.780 1162.927 21:11:17
5.064 247.268 1248.293 21:11:18
5.064 253.780 1287.805 21:11:19
5.072 164.390 1305.366 21:11:20
5.072 163.390 829.756 21:11:21
5.052 277.366 1166.829 21:11:22
5.068 248.878 1215.610 21:11:23
5.072 183.780 1140.488 21:11:24
5.072 173.780 803.415 21:11:25
5.072 156.390 797.561 21:11:26
5.064 421.171 1730.244 21:11:27
5.064 246.268 1285.854 21:11:28
5.072 157.390 802.439 21:11:29
5.056 253.171 1239.024 21:11:30
5.072 222.585 1035.122 21:11:31
5.060 187.171 1159.024 21:11:32
5.056 306.878 1692.683 21:11:33
5.060 227.488 831.220 21:11:34
5.068 183.878 829.756 21:11:35
5.060 281.073 1364.390 21:11:36
5.064 252.976 1310.732 21:11:37
5.064 385.463 833.659 21:11:38
5.072 177.878 1392.195 21:11:39
5.068 233.585 980.000 21:11:40
5.072 229.878 1002.439 21:11:41
5.064 214.780 1432.195 21:11:42
5.068 250.683 1269.268 21:11:43
5.064 163.878 1014.146 21:11:45
5.068 204.585 1035.122 21:11:46
5.064 287.976 1051.707 21:11:47
5.076 149.976 764.878 21:11:48
5.064 260.073 1274.634 21:11:49
5.060 327.976 1975.122 21:11:50
5.064 492.561 2450.244 21:11:51
5.072 150.390 761.463 21:11:52
5.072 161.780 820.976 21:11:53
5.068 253.780 1087.805 21:11:54
5.064 201.171 982.439 21:11:55
5.072 218.683 797.561 21:11:56
5.072 228.585 1307.317 21:11:57
5.072 153.780 966.341 21:11:58
5.072 162.683 823.902 21:11:59
5.060 208.171 1843.902 21:12:00
5.072 226.780 820.976 21:12:01
5.068 319.073 1280.976 21:12:02
5.076 177.073 769.756 21:12:03
5.068 316.171 1513.171 21:12:04
5.060 328.780 1648.780 21:12:05
5.064 275.463 1484.390 21:12:06
5.064 251.488 1375.610 21:12:07
5.076 163.195 827.805 21:12:08
5.072 246.268 832.195 21:12:09
5.068 246.878 1225.366 21:12:10
5.068 275.780 1343.415 21:12:11
5.060 247.878 1354.634 21:12:12
5.072 254.683 1243.415 21:12:13
5.060 324.073 1660.000 21:12:14
5.060 338.366 1383.415 21:12:15
5.060 362.073 1656.585 21:12:16
5.064 351.878 1847.805 21:12:17
5.072 196.171 836.585 21:12:18
5.068 250.976 1242.927 21:12:19
5.068 232.780 1000.000 21:12:20
5.072 162.073 1270.732 21:12:21
5.064 362.073 1699.024 21:12:22
5.064 311.561 1477.073 21:12:23
5.060 274.878 1487.317 21:12:24
5.068 198.171 1055.610 21:12:25
5.064 213.780 1208.293 21:12:26
5.064 247.488 2049.268 21:12:27
5.052 420.951 2039.512 21:12:28
5.064 247.366 2400.976 21:12:29
5.044 276.878 1247.805 21:12:30
5.072 196.976 991.707 21:12:31
5.064 342.561 1795.122 21:12:32
5.060 345.171 2472.683 21:12:33
5.072 163.585 829.756 21:12:34
5.072 163.390 1007.805 21:12:35
5.052 245.585 2033.171 21:12:36
5.072 150.293 765.854 21:12:37
5.060 365.171 1642.439 21:12:38
5.068 227.390 983.902 21:12:39
5.068 205.488 1327.317 21:12:40
5.064 217.390 1098.049 21:12:41
5.076 149.585 762.439 21:12:42
5.068 186.878 997.561 21:12:43
5.072 214.488 995.122 21:12:44
5.064 291.171 829.756 21:12:45
5.068 149.878 763.902 21:12:46
5.064 284.878 1431.220 21:12:47
5.064 219.073 832.195 21:12:48
5.068 263.073 1443.415 21:12:49
5.064 324.878 1659.024 21:12:50
5.072 150.488 758.537 21:12:51
5.064 239.780 1303.415 21:12:52
5.072 157.585 792.195 21:12:53
5.076 153.976 782.439 21:12:54
5.056 408.366 1884.390 21:12:55
5.072 163.195 905.366 21:12:56
5.068 246.171 2057.073 21:12:57
5.060 340.756 1667.317 21:12:58
5.076 162.683 829.756 21:12:59
5.060 228.780 1161.463 21:13:00
5.076 148.878 752.683 21:13:01
5.072 229.878 973.659 21:13:02
5.064 360.073 1788.780 21:13:03
5.068 276.268 1517.073 21:13:04
5.064 290.683 1393.659 21:13:05
5.072 162.073 823.902 21:13:06
5.072 163.780 830.244 21:13:07
5.060 164.293 835.122 21:13:08
5.052 426.366 2017.073 21:13:09
5.072 162.683 1110.732 21:13:10
5.068 289.878 1400.488 21:13:11
5.068 185.488 1122.927 21:13:12
5.064 354.366 1707.317 21:13:13
5.056 349.561 2428.293 21:13:14
5.056 291.463 1464.878 21:13:15
5.072 193.683 820.976 21:13:16
5.068 164.293 834.634 21:13:17
5.056 323.561 1861.463 21:13:18
5.072 206.780 1295.610 21:13:19
5.068 184.390 919.024 21:13:20
5.068 163.878 830.244 21:13:21
5.056 367.976 1436.098 21:13:22
5.060 307.171 1612.195 21:13:23
5.064 253.780 1240.976 21:13:24
5.060 234.268 826.341 21:13:25
5.056 254.073 1393.659 21:13:26
5.056 285.073 1273.171 21:13:27
5.060 283.976 1404.390 21:13:28
5.060 195.390 943.902 21:13:29
5.056 188.683 1298.049 21:13:30
5.060 278.780 1235.610 21:13:31
5.068 256.780 824.878 21:13:32
5.056 330.073 1702.439 21:13:33
5.060 265.780 1341.951 21:13:34
5.064 259.585 1274.634 21:13:35
5.068 244.780 830.244 21:13:36
5.068 255.976 1655.122 21:13:37
5.060 317.878 1144.390 21:13:38
5.056 256.683 1400.488 21:13:39
5.072 176.878 924.878 21:13:40
5.064 324.659 1077.561 21:13:42
5.064 312.073 1421.951 21:13:43
5.072 168.683 823.902 21:13:44
5.064 474.463 2244.878 21:13:45
5.072 209.976 1066.829 21:13:46
5.068 226.683 1095.122 21:13:47
5.072 191.171 1069.268 21:13:48
5.060 264.073 1275.610 21:13:49
5.072 163.780 1092.683 21:13:50
5.072 262.585 1142.927 21:13:51
5.076 148.390 756.098 21:13:52
5.060 251.585 1722.927 21:13:53
5.060 336.366 1721.463 21:13:54
5.072 161.488 820.976 21:13:55
5.056 413.049 2030.244 21:13:56
5.060 200.171 1027.805 21:13:57
5.068 188.390 1240.488 21:13:58
5.072 162.683 830.244 21:13:59
5.072 163.780 837.561 21:14:00
5.076 163.683 832.195 21:14:01
5.064 291.463 1035.610 21:14:02
5.056 345.561 1733.659 21:14:03
5.068 188.293 942.927 21:14:04
5.072 157.488 794.634 21:14:05
5.068 204.073 1399.512 21:14:06
5.064 439.146 2283.415 21:14:07
5.052 492.049 2413.659 21:14:08
5.072 205.976 761.463 21:14:09
5.060 274.878 1099.512 21:14:10
5.064 193.390 906.341 21:14:11
5.064 382.366 1295.610 21:14:12
5.064 189.171 980.488 21:14:13
5.072 154.780 780.976 21:14:14
5.076 179.585 778.537 21:14:15
5.064 245.878 1278.537 21:14:16
5.064 299.878 1394.634 21:14:17
5.072 278.073 1065.366 21:14:18
5.072 162.488 825.366 21:14:19
5.040 419.854 2516.585 21:14:20
5.064 296.683 1481.951 21:14:21
5.072 205.585 932.683 21:14:22
5.056 245.171 1390.732 21:14:23
5.072 155.073 780.976 21:14:24
5.064 259.463 2173.171 21:14:25
5.064 251.878 1297.073 21:14:26
5.072 181.293 862.439 21:14:27
5.056 340.878 1731.220 21:14:28
5.072 279.366 1044.390 21:14:29
5.072 149.098 754.634 21:14:30
5.056 396.366 1770.244 21:14:31
5.076 163.780 833.659 21:14:32
5.072 209.073 1332.195 21:14:33
5.072 198.293 1084.390 21:14:34
5.068 237.171 1131.707 21:14:35
5.064 252.585 1237.073 21:14:36
5.072 163.683 830.244 21:14:37
5.068 179.683 913.659 21:14:38
5.064 291.366 1718.537 21:14:39
5.068 230.878 1289.756 21:14:40
5.068 247.488 1458.537 21:14:41
5.052 248.171 1385.854 21:14:42
5.060 481.756 2564.878 21:14:43
5.072 161.293 1116.585 21:14:44
5.072 205.268 827.805 21:14:45
5.056 272.976 1377.073 21:14:46
5.064 181.976 796.098 21:14:47
5.076 154.683 786.341 21:14:48
5.060 259.976 1324.390 21:14:49
5.064 282.463 1289.756 21:14:50
5.048 496.244 2189.756 21:14:51
5.072 163.878 830.244 21:14:52
5.068 254.585 1310.732 21:14:53
5.052 376.073 1814.146 21:14:54
5.072 208.780 1265.854 21:14:55
5.068 155.293 787.805 21:14:56
5.064 190.976 1207.805 21:14:57
5.064 244.976 1079.024 21:14:58
5.064 304.561 1620.976 21:14:59
5.060 264.585 1344.878 21:15:00
5.064 246.366 1255.610 21:15:01
5.068 256.073 1062.927 21:15:02
5.056 279.683 1400.488 21:15:03
5.068 224.268 1122.927 21:15:04
5.072 180.293 876.585 21:15:05
5.076 154.390 781.463 21:15:06
5.064 273.976 2413.659 21:15:07
5.044 410.268 1858.049 21:15:08
5.072 247.683 1590.244 21:15:09
5.064 285.878 982.927 21:15:10
5.060 223.390 1150.244 21:15:11
5.060 271.463 2173.171 21:15:12
5.072 154.293 783.902 21:15:13
5.056 247.268 1250.244 21:15:14
5.052 343.073 1768.780 21:15:15
5.068 209.976 1234.634 21:15:16
5.072 163.976 830.244 21:15:17
5.072 164.390 838.537 21:15:18
5.044 475.049 2021.463 21:15:19
5.052 393.756 1997.073 21:15:20
5.060 250.488 1271.707 21:15:21
5.056 293.268 1453.171 21:15:22
5.064 200.293 1061.463 21:15:23
5.052 329.366 1636.098 21:15:24
5.068 196.293 976.098 21:15:25
5.052 275.366 1310.732 21:15:26
5.072 148.293 749.756 21:15:27
5.064 215.683 1089.268 21:15:28
5.064 249.488 1221.951 21:15:29
5.052 337.463 1654.634 21:15:30
5.040 480.561 2404.878 21:15:31
5.072 163.073 829.756 21:15:32
5.068 162.780 1195.610 21:15:33
5.040 432.756 2605.366 21:15:34
5.064 186.293 911.220 21:15:35
5.048 446.366 2206.829 21:15:37
5.048 342.366 1773.659 21:15:38
5.072 170.073 831.220 21:15:39
5.060 274.268 1497.561 21:15:40
5.068 271.171 1055.122 21:15:41
5.072 163.780 832.683 21:15:42
5.060 349.073 1506.341 21:15:43
5.072 166.195 840.000 21:15:44
5.056 246.780 1240.488 21:15:45
5.068 203.878 1660.000 21:15:46
5.068 210.878 1064.390 21:15:47
5.072 295.463 1219.512 21:15:48
5.072 164.195 831.220 21:15:49
5.068 251.878 1678.537 21:15:50
5.060 250.171 1939.024 21:15:51
5.076 152.780 773.659 21:15:52
5.072 163.073 829.756 21:15:53
5.072 162.390 822.439 21:15:54
5.072 152.488 776.098 21:15:55
5.068 163.390 826.341 21:15:56
5.064 251.683 833.659 21:15:57
5.064 276.780 1438.537 21:15:58
5.064 253.976 1246.829 21:15:59
5.060 404.561 1761.463 21:16:00
5.056 275.585 1274.634 21:16:01
5.068 164.293 828.780 21:16:02
5.064 345.073 1700.000 21:16:03
5.060 432.756 2007.805 21:16:04
5.056 311.073 1246.829 21:16:05
5.072 163.780 830.244 21:16:06
5.072 163.878 832.195 21:16:07
5.056 362.268 1674.634 21:16:08
5.072 162.976 826.341 21:16:09
5.048 347.756 1731.220 21:16:10
5.056 339.756 1531.220 21:16:11
5.068 190.171 976.098 21:16:12
5.072 163.488 829.756 21:16:13
5.056 405.659 1639.024 21:16:14
5.052 272.073 1512.195 21:16:15
5.048 425.268 1959.024 21:16:16
5.072 164.195 1276.585 21:16:17
5.072 161.976 822.439 21:16:18
5.068 304.463 1689.756 21:16:19
5.056 281.366 1575.122 21:16:20
5.072 163.976 956.585 21:16:21
5.068 252.780 1493.171 21:16:22
5.072 194.171 1162.927 21:16:23
5.060 235.366 1117.561 21:16:24
5.064 178.585 834.634 21:16:25
5.064 267.878 1281.951 21:16:26
5.056 273.780 1507.317 21:16:27
5.076 163.488 1295.610 21:16:28
5.072 162.195 1251.707 21:16:29
5.064 246.585 1480.976 21:16:30
5.068 301.561 1186.829 21:16:31
5.064 323.780 1577.073 21:16:32
5.072 163.976 830.244 21:16:33
5.044 487.951 2337.561 21:16:34
5.056 308.780 1643.902 21:16:35
5.072 149.585 1220.488 21:16:36
5.056 335.366 1774.146 21:16:37
5.072 311.659 1469.756 21:16:38
5.068 251.683 1289.756 21:16:39
5.068 261.976 1334.146 21:16:40
5.072 149.878 759.512 21:16:41
5.048 424.561 2149.268 21:16:42
5.056 455.561 2317.561 21:16:43
5.064 219.171 1383.415 21:16:44
5.064 259.171 831.220 21:16:45
5.072 163.585 829.756 21:16:46
5.052 449.951 2066.829 21:16:47
5.052 415.463 2042.927 21:16:48
5.052 412.951 1633.659 21:16:49
5.052 289.683 1847.805 21:16:50
5.064 185.585 976.098 21:16:51
5.064 321.561 1245.854 21:16:52
5.064 224.073 1093.171 21:16:53
5.072 174.390 957.561 21:16:54
5.064 195.073 914.146 21:16:55
5.064 246.366 1240.976 21:16:56
5.056 242.366 1212.195 21:16:57
5.056 244.488 1569.756 21:16:58
5.064 259.780 1820.000 21:16:59
5.068 226.683 1165.366 21:17:00
5.072 154.878 783.902 21:17:01
5.056 362.659 2005.854 21:17:02
5.072 157.585 792.683 21:17:03
5.072 163.390 831.220 21:17:04
5.068 243.780 1231.707 21:17:05
5.072 153.195 774.634 21:17:06
5.064 256.683 1806.341 21:17:07
5.072 166.780 846.341 21:17:08
5.060 334.561 1816.098 21:17:09
5.064 243.878 1232.195 21:17:10
5.068 195.683 940.000 21:17:11
5.060 270.073 2753.171 21:17:12
5.072 188.683 1018.049 21:17:13
5.072 171.293 826.341 21:17:14
5.064 343.756 1740.488 21:17:15
5.064 257.585 1353.171 21:17:16
5.064 222.878 1514.634 21:17:17
5.072 157.390 799.024 21:17:18
5.072 163.683 827.805 21:17:19
5.052 424.366 1720.000 21:17:20
5.068 157.488 804.878 21:17:21
5.072 189.390 968.780 21:17:22
5.064 342.659 2072.195 21:17:23
5.072 197.878 931.707 21:17:24
5.072 163.195 830.244 21:17:25
5.052 365.463 1637.073 21:17:26
5.072 173.488 828.780 21:17:27
5.064 279.585 1757.561 21:17:28
5.072 163.976 825.366 21:17:29
5.064 163.195 831.220 21:17:30
5.052 411.659 2177.073 21:17:31
5.060 500.854 2189.268 21:17:33
5.068 210.268 1065.366 21:17:34
5.072 162.390 823.902 21:17:35
5.068 208.780 1078.049 21:17:36
5.056 401.366 1956.585 21:17:37
5.048 483.854 2188.293 21:17:38
5.064 215.976 1098.049 21:17:39
5.064 309.366 1683.902 21:17:40
5.056 166.488 1260.976 21:17:41
5.068 239.171 1032.683 21:17:42
5.064 320.780 1671.220 21:17:43
5.052 365.854 1492.195 21:17:44
5.064 243.073 1090.732 21:17:45
5.068 255.171 1454.634 21:17:46
5.076 154.683 784.878 21:17:47
5.072 164.683 836.098 21:17:48
5.064 330.878 2119.512 21:17:49
5.056 328.268 1663.902 21:17:50
5.068 231.171 1175.610 21:17:51
5.056 334.463 1744.878 21:17:52
5.068 227.585 1125.366 21:17:53
5.072 201.683 1018.049 21:17:54
5.052 404.951 1808.780 21:17:55
5.056 298.878 1714.146 21:17:56
5.068 244.585 1313.171 21:17:57
5.060 252.171 1221.951 21:17:58
5.064 301.561 1706.341 21:17:59
5.060 325.780 1376.098 21:18:00
5.060 343.073 1728.780 21:18:01
5.072 164.585 832.683 21:18:02
5.072 163.878 827.805 21:18:03
5.060 294.171 1554.634 21:18:04
5.064 261.268 1398.537 21:18:05
5.048 424.171 2070.244 21:18:06
5.072 163.195 851.220 21:18:07
5.072 162.073 816.585 21:18:08
5.064 293.780 1420.976 21:18:09
5.068 224.390 1095.610 21:18:10
5.064 282.073 1403.415 21:18:11
5.060 332.366 1449.756 21:18:12
5.064 271.585 1304.390 21:18:13
5.072 163.585 829.756 21:18:14
5.068 222.976 1204.390 21:18:15
5.064 288.268 1373.171 21:18:16
5.072 164.683 1356.098 21:18:17
5.060 384.756 2057.073 21:18:18
5.052 423.561 2095.610 21:18:19
5.068 205.390 1002.439 21:18:20
5.072 155.073 789.756 21:18:21
5.072 191.780 1015.122 21:18:22
5.068 202.683 1588.293 21:18:23
5.056 286.780 1276.585 21:18:24
5.064 244.683 1271.707 21:18:25
5.052 376.756 1802.439 21:18:26
5.060 291.268 963.902 21:18:27
5.068 215.390 1095.610 21:18:28
5.060 262.976 1699.024 21:18:29
5.072 197.390 991.220 21:18:30
5.068 198.780 1544.878 21:18:31
5.068 263.976 1281.951 21:18:32
5.068 177.878 894.146 21:18:33
5.064 332.878 844.878 21:18:34
5.060 248.780 1986.829 21:18:35
5.064 265.585 1339.512 21:18:36
5.076 164.390 832.195 21:18:37
5.064 273.878 1075.122 21:18:38
5.064 247.976 2074.146 21:18:39
5.068 238.878 1105.366 21:18:40
5.068 317.463 1398.537 21:18:41
5.056 336.171 1230.244 21:18:42
5.068 252.878 1280.488 21:18:43
5.064 405.171 1758.537 21:18:44
5.072 188.293 1260.976 21:18:45
5.072 163.585 828.780 21:18:46
5.060 271.171 1263.415 21:18:47
5.056 328.073 1654.634 21:18:48
5.068 273.585 1361.951 21:18:49
5.072 264.683 830.244 21:18:50
5.068 215.976 1399.512 21:18:51
5.048 417.561 1729.756 21:18:52
5.060 292.878 1410.732 21:18:53
5.072 170.488 862.439 21:18:54
5.072 267.073 1477.073 21:18:55
5.072 164.195 832.195 21:18:56
5.064 363.463 1146.829 21:18:57
5.068 253.878 902.439 21:18:58
5.064 249.976 1240.488 21:18:59
5.060 243.878 1272.195 21:19:00
5.072 200.390 1006.829 21:19:01
5.068 243.780 1906.341 21:19:02
5.068 256.780 1261.951 21:19:03
5.072 162.683 824.878 21:19:04
5.068 163.683 827.805 21:19:05
5.056 335.268 2409.756 21:19:06
5.064 253.488 1278.537 21:19:07
5.068 354.463 1495.122 21:19:08
5.068 164.293 834.634 21:19:09
5.068 253.683 1403.415 21:19:10
5.072 164.683 832.683 21:19:11
5.068 215.390 1095.122 21:19:12
5.060 221.976 1132.683 21:19:13
5.052 260.683 1247.805 21:19:14
5.068 185.780 957.561 21:19:15
5.068 203.488 1063.902 21:19:16
5.064 254.268 1356.098 21:19:17
5.072 285.780 1303.415 21:19:18
5.072 272.268 846.341 21:19:19
5.072 195.488 905.366 21:19:20
5.072 156.780 797.561 21:19:21
5.060 245.585 1245.854 21:19:22
5.056 357.659 1920.488 21:19:23
5.064 365.268 1310.732 21:19:24
5.068 200.488 991.707 21:19:25
5.076 156.195 1251.707 21:19:26
5.064 300.561 1192.683 21:19:27
5.056 304.073 1475.610 21:19:29
5.064 445.268 2013.171 21:19:30
5.072 163.780 828.780 21:19:31
5.048 459.366 1996.585 21:19:32
5.064 274.171 1252.195 21:19:33
5.064 192.390 891.220 21:19:34
5.056 273.976 1552.683 21:19:35
5.072 149.585 791.220 21:19:36
5.064 246.780 1250.244 21:19:37
5.068 158.878 801.463 21:19:38
5.064 255.585 1244.390 21:19:39
5.060 317.171 1519.512 21:19:40
5.060 180.683 1254.634 21:19:41
5.056 245.073 1241.951 21:19:42
5.072 218.268 1535.122 21:19:43
5.060 331.976 1726.341 21:19:44
5.044 475.049 1905.366 21:19:45
5.072 163.073 828.780 21:19:46
5.068 185.390 1227.805 21:19:47
5.072 162.683 823.902 21:19:48
5.064 266.683 1067.805 21:19:49
5.064 265.878 1316.098 21:19:50
5.068 331.073 1263.415 21:19:51
5.072 163.976 832.195 21:19:52
5.060 244.976 1274.634 21:19:53
5.072 162.195 822.439 21:19:54
5.052 395.561 1630.244 21:19:55
5.064 249.073 1259.512 21:19:56
5.064 250.780 1233.171 21:19:57
5.064 249.488 1329.756 21:19:58
5.072 164.488 1495.122 21:19:59
5.056 350.756 1855.610 21:20:00
5.060 340.878 2160.976 21:20:01
5.064 269.683 1275.610 21:20:02
5.064 241.171 1278.537 21:20:03
5.072 249.976 1363.415 21:20:04
5.064 251.366 1278.049 21:20:05
5.072 161.585 823.902 21:20:06
5.060 342.268 1278.049 21:20:07
5.052 321.171 1540.000 21:20:08
5.072 164.293 834.634 21:20:09
5.060 339.171 2014.634 21:20:10
5.072 163.878 831.220 21:20:11
5.072 196.390 992.683 21:20:12
5.060 298.171 1811.220 21:20:13
5.060 363.561 1839.024 21:20:14
5.052 411.463 2131.707 21:20:15
5.056 252.976 1245.854 21:20:16
5.072 198.976 1047.805 21:20:17
5.068 292.976 2106.829 21:20:18
5.068 245.171 1273.171 21:20:19
5.068 228.171 1121.951 21:20:20
5.072 154.878 784.878 21:20:21
5.072 162.585 822.439 21:20:22
5.056 295.878 1499.512 21:20:23
5.064 279.366 1659.024 21:20:24
5.056 332.463 1245.854 21:20:25
5.072 163.390 833.659 21:20:26
5.064 267.976 1693.659 21:20:27
5.064 251.683 1243.415 21:20:28
5.068 217.683 1093.171 21:20:29
5.064 222.976 1127.805 21:20:30
5.048 339.171 1652.683 21:20:31
5.064 248.683 1730.244 21:20:32
5.072 163.976 828.780 21:20:33
5.064 275.171 1297.073 21:20:34
5.072 164.488 835.122 21:20:35
5.044 496.463 2313.659 21:20:36
5.064 193.683 970.244 21:20:37
5.064 260.366 1360.488 21:20:38
5.060 358.366 1764.878 21:20:39
5.072 163.585 830.244 21:20:40
5.072 152.976 776.098 21:20:41
5.064 326.976 1719.024 21:20:42
5.060 209.390 1398.537 21:20:43
5.068 244.585 1660.000 21:20:44
5.072 162.488 824.878 21:20:45
5.072 163.780 832.195 21:20:46
5.072 259.683 980.000 21:20:47
5.072 242.976 1130.244 21:20:48
5.076 163.293 822.439 21:20:49
5.056 341.463 1731.220 21:20:50
5.072 164.195 832.195 21:20:51
5.064 163.976 831.220 21:20:52
5.056 330.171 1709.756 21:20:53
5.072 164.293 1135.122 21:20:54
5.072 186.073 1079.024 21:20:55
5.052 400.659 2105.854 21:20:56
5.064 164.073 1110.244 21:20:57
5.068 207.171 1831.707 21:20:58
5.060 259.268 1637.073 21:20:59
5.068 237.976 1168.293 21:21:00
5.064 320.878 1221.951 21:21:01
5.052 395.951 2041.951 21:21:02
5.068 268.366 1493.171 21:21:03
5.064 223.878 1881.951 21:21:04
5.060 407.854 1664.878 21:21:05
5.068 254.073 1328.293 21:21:06
5.068 277.683 1280.488 21:21:07
5.064 245.683 1376.098 21:21:08
5.064 252.366 1242.927 21:21:09
5.060 313.463 1070.732 21:21:10
5.064 253.878 1235.610 21:21:11
5.072 188.878 956.098 21:21:12
5.056 382.561 1592.195 21:21:13
5.056 436.951 2353.171 21:21:14
5.060 213.268 1116.585 21:21:15
5.072 164.976 829.756 21:21:16
5.068 214.878 1086.341 21:21:17
5.068 198.488 1021.463 21:21:18
5.056 338.171 2100.976 21:21:19
5.052 342.659 1739.024 21:21:20
5.060 303.561 1608.293 21:21:21
5.064 314.561 833.659 21:21:22
5.068 250.585 830.244 21:21:23
5.056 333.659 1681.463 21:21:25
5.064 369.561 1570.732 21:21:26
5.064 252.171 1306.829 21:21:27
5.064 164.195 832.683 21:21:28
5.060 259.268 876.098 21:21:29
5.064 264.171 2185.854 21:21:30
5.072 212.171 1357.073 21:21:31
5.068 245.878 1016.585 21:21:32
5.072 164.073 832.195 21:21:33
5.068 163.390 833.659 21:21:34
5.064 251.171 1280.488 21:21:35
5.072 230.171 990.244 21:21:36
5.064 207.585 1011.707 21:21:37
5.060 393.268 1970.244 21:21:38
5.072 196.073 1044.390 21:21:39
5.064 249.976 1289.756 21:21:40
5.068 196.293 1294.634 21:21:41
5.064 252.780 1278.049 21:21:42
5.048 403.659 2063.415 21:21:43
5.076 150.878 1046.341 21:21:44
5.052 277.463 1274.634 21:21:45
5.064 228.488 1156.585 21:21:46
5.072 234.488 920.488 21:21:47
5.048 421.268 1846.829 21:21:48
5.072 163.780 1214.146 21:21:49
5.068 181.390 1231.707 21:21:50
5.068 277.683 1977.073 21:21:51
5.072 149.976 761.463 21:21:52
5.068 195.683 1085.366 21:21:53
5.060 300.780 1409.756 21:21:54
5.072 280.976 1384.878 21:21:55
5.056 335.756 1728.780 21:21:56
5.060 328.878 2141.951 21:21:57
5.072 186.171 1147.805 21:21:58
5.072 163.073 824.878 21:21:59
5.072 163.878 831.220 21:22:00
5.060 328.073 1692.195 21:22:01
5.072 210.268 992.683 21:22:02
5.068 218.780 1102.927 21:22:03
5.052 330.268 2540.976 21:22:04
5.072 164.073 834.634 21:22:05
5.068 362.659 1756.098 21:22:06
5.072 231.268 800.976 21:22:07
5.072 192.488 1334.146 21:22:08
5.068 211.585 1096.585 21:22:09
5.072 163.073 1225.366 21:22:10
5.060 259.073 1265.366 21:22:11
5.072 162.976 822.439 21:22:12
5.072 197.585 1000.000 21:22:13
5.064 248.366 1254.146 21:22:14
5.056 296.268 1275.610 21:22:15
5.072 163.780 832.195 21:22:16
5.068 344.976 1746.341 21:22:17
5.056 337.073 1896.585 21:22:18
5.072 286.878 942.439 21:22:19
5.060 251.780 1272.195 21:22:20
5.072 199.878 981.463 21:22:21
5.064 251.780 1604.878 21:22:22
5.056 338.463 1687.317 21:22:23
5.068 227.683 1155.610 21:22:24
5.072 220.073 1005.366 21:22:25
5.068 185.171 1558.537 21:22:26
5.076 150.390 797.561 21:22:27
5.068 297.561 1474.634 21:22:28
5.068 305.561 1265.854 21:22:29
5.068 227.171 1033.171 21:22:30
5.072 164.683 833.659 21:22:31
5.064 245.073 1028.780 21:22:32
5.056 341.366 1811.707 21:22:33
5.076 163.976 832.683 21:22:34
5.068 245.878 1241.951 21:22:35
5.064 334.659 1643.415 21:22:36
5.068 197.585 1104.390 21:22:37
5.064 312.463 1280.488 21:22:38
5.064 245.488 1311.707 21:22:39
5.056 291.561 1476.098 21:22:40
5.076 163.585 832.195 21:22:41
5.076 149.878 762.439 21:22:42
5.040 474.756 2305.854 21:22:43
5.064 200.390 1010.244 21:22:44
5.072 164.073 829.756 21:22:45
5.064 246.171 1278.537 21:22:46
5.072 259.366 1480.976 21:22:47
5.060 337.463 1504.390 21:22:48
5.072 162.195 823.902 21:22:49
5.064 323.366 1470.732 21:22:50
5.064 284.683 1128.293 21:22:51
5.064 227.878 1327.317 21:22:52
5.064 266.683 1358.049 21:22:53
5.072 162.488 823.902 21:22:54
5.068 221.171 1122.927 21:22:55
5.068 182.390 995.610 21:22:56
5.060 309.268 1485.854 21:22:57
5.052 281.268 1443.415 21:22:58
5.064 217.390 1099.512 21:22:59
5.072 164.488 832.683 21:23:00
5.072 162.976 827.805 21:23:01
5.064 256.683 1239.024 21:23:02
5.068 196.683 1146.341 21:23:03
5.060 273.585 1467.317 21:23:04
5.060 252.171 1299.512 21:23:05
5.076 164.293 830.244 21:23:06
5.068 253.976 1289.756 21:23:07
5.068 261.780 1287.805 21:23:08
5.056 467.854 2313.171 21:23:09
5.064 361.561 1621.463 21:23:10
5.068 252.268 1271.707 21:23:11
5.072 162.073 818.537 21:23:12
5.056 334.976 2079.512 21:23:13
5.064 263.878 1169.268 21:23:14
5.060 246.366 1260.976 21:23:15
5.072 164.488 833.659 21:23:16
5.060 210.780 1229.268 21:23:17
5.056 243.878 1235.610 21:23:18
5.072 191.585 956.585 21:23:19
5.068 226.268 1147.805 21:23:21
5.056 339.561 1718.537 21:23:22
5.064 245.878 1250.244 21:23:23
5.064 284.463 1240.976 21:23:24
5.072 164.195 1274.146 21:23:25
5.056 342.976 1726.341 21:23:26
5.060 322.976 1632.683 21:23:27
5.072 170.488 862.439 21:23:28
5.064 248.366 1029.268 21:23:29
5.052 492.244 1762.927 21:23:30
5.068 214.780 927.805 21:23:31
5.072 254.683 1260.488 21:23:32
5.072 166.683 844.878 21:23:33
5.060 373.073 1736.585 21:23:34
5.064 255.366 1272.195 21:23:35
5.060 211.878 1025.366 21:23:36
5.064 221.976 1146.829 21:23:37
5.060 281.976 1264.390 21:23:38
5.072 224.585 1285.854 21:23:39
5.072 164.488 834.634 21:23:40
5.068 221.073 1613.659 21:23:41
5.048 253.488 1800.000 21:23:42
5.072 221.976 1179.512 21:23:43
5.064 264.878 1278.049 21:23:44
5.068 394.463 1269.756 21:23:45
5.060 350.878 1667.805 21:23:46
5.064 273.976 1343.415 21:23:47
5.072 236.976 1019.024 21:23:48
5.072 164.390 1400.976 21:23:49
5.060 335.463 1662.439 21:23:50
5.072 291.171 1429.268 21:23:51
5.072 163.293 823.902 21:23:52
5.072 163.195 826.341 21:23:53
5.056 242.976 1717.561 21:23:54
5.064 192.073 1426.829 21:23:55
5.068 277.463 1385.854 21:23:56
5.068 255.366 1349.268 21:23:57
5.072 193.390 968.780 21:23:58
5.072 174.878 897.561 21:23:59
5.060 273.268 1420.976 21:24:00
5.064 224.683 1163.902 21:24:01
5.060 297.463 1702.927 21:24:02
5.060 283.561 1787.317 21:24:03
5.064 236.780 935.122 21:24:04
5.048 332.073 1687.805 21:24:05
5.068 195.976 919.024 21:24:06
5.064 403.366 1836.585 21:24:07
5.068 163.073 1251.707 21:24:08
5.072 160.585 972.683 21:24:09
5.064 263.366 1246.829 21:24:10
5.064 246.585 1242.927 21:24:11
5.076 199.878 829.756 21:24:12
5.064 341.463 2114.634 21:24:13
5.072 218.390 1204.390 21:24:14
5.056 295.073 1722.927 21:24:15
5.068 263.585 1242.927 21:24:16
5.064 247.366 1435.610 21:24:17
5.064 254.073 1274.634 21:24:18
5.072 177.780 831.220 21:24:19
5.068 238.488 1022.439 21:24:20
5.052 337.756 1940.488 21:24:21
5.060 254.976 1291.707 21:24:22
5.072 163.976 1374.634 21:24:23
5.072 164.195 832.195 21:24:24
5.064 285.366 1344.390 21:24:25
5.064 226.171 1185.854 21:24:26
5.064 332.780 1291.707 21:24:27
5.068 281.463 1779.024 21:24:28
5.064 242.366 1377.073 21:24:29
5.060 372.171 1585.854 21:24:30
5.068 162.195 1178.049 21:24:31
5.068 189.780 1294.146 21:24:32
5.060 326.780 2198.537 21:24:33
5.068 267.878 1100.488 21:24:34
5.068 265.463 1258.049 21:24:35
5.064 253.171 1815.122 21:24:36
5.068 283.366 1907.805 21:24:37
5.060 332.659 1662.439 21:24:38
5.060 278.585 1195.610 21:24:39
5.052 334.561 2393.659 21:24:40
5.068 189.878 1014.146 21:24:41
5.068 474.659 2367.317 21:24:42
5.064 255.683 1248.293 21:24:43
5.064 251.683 1365.854 21:24:44
5.072 163.683 930.244 21:24:45
5.056 372.659 2017.073 21:24:46
5.060 299.366 1513.659 21:24:47
5.064 340.073 1692.683 21:24:48
5.072 172.195 872.195 21:24:49
5.072 238.683 830.244 21:24:50
5.052 250.171 1245.854 21:24:51
5.068 206.073 1626.341 21:24:52
5.056 211.390 1053.171 21:24:53
5.064 282.780 1040.488 21:24:54
5.064 259.171 1023.902 21:24:55
5.064 282.463 1786.341 21:24:56
5.068 154.976 1086.829 21:24:57
5.064 326.171 1683.415 21:24:58
5.068 198.390 1028.780 21:24:59
5.076 152.098 767.317 21:25:00
5.068 254.073 1142.927 21:25:01
5.060 333.268 1818.049 21:25:02
5.064 243.073 1235.610 21:25:03
5.068 246.488 1249.268 21:25:04
5.064 205.585 1066.341 21:25:05
5.056 334.073 1752.683 21:25:06
5.068 254.171 1287.805 21:25:07
5.068 241.878 1234.146 21:25:08
5.060 345.073 1828.780 21:25:09
5.068 197.073 1067.805 21:25:10
5.072 163.976 832.683 21:25:11
5.064 244.171 1271.707 21:25:12
5.064 252.878 1244.390 21:25:13
5.068 198.171 1657.561 21:25:14
5.064 245.171 1235.610 21:25:16
5.056 343.366 1757.561 21:25:17
5.056 319.878 1649.756 21:25:18
5.056 335.073 1405.854 21:25:19
5.068 352.756 1573.659 21:25:20
5.072 198.683 1305.366 21:25:21
5.060 387.561 1720.000 21:25:22
5.072 347.366 1079.024 21:25:23
5.068 334.366 990.244 21:25:24
5.064 251.488 1289.268 21:25:25
5.072 164.073 1153.171 21:25:26
5.064 205.585 995.610 21:25:27
5.072 164.488 835.122 21:25:28
5.072 220.878 1048.780 21:25:29
5.072 189.585 991.707 21:25:30
5.064 254.171 1278.537 21:25:31
5.064 216.268 1110.244 21:25:32
5.068 150.976 761.463 21:25:33
5.060 322.268 1724.878 21:25:34
5.060 243.780 1726.341 21:25:35
5.068 163.293 979.024 21:25:36
5.072 163.976 976.585 21:25:37
5.064 309.976 1659.024 21:25:38
5.068 211.488 1233.171 21:25:39
5.068 300.171 1398.049 21:25:40
5.072 180.488 832.195 21:25:41
5.060 265.073 1913.171 21:25:42
5.064 340.878 1133.171 21:25:43
5.060 339.756 1702.439 21:25:44
5.072 164.293 835.122 21:25:45
5.072 162.195 826.341 21:25:46
5.072 196.171 1146.341 21:25:47
5.064 251.878 1271.707 21:25:48
5.060 304.878 1411.220 21:25:49
5.064 201.976 1138.049 21:25:50
5.064 164.195 833.659 21:25:51
5.072 164.293 833.659 21:25:52
5.064 251.780 1274.634 21:25:53
5.068 257.171 1270.732 21:25:54
5.064 249.683 1323.415 21:25:55
5.068 249.585 1247.805 21:25:56
5.064 282.463 1155.122 21:25:57
5.060 210.268 1067.805 21:25:58
5.068 235.488 1245.854 21:25:59
5.068 252.780 1284.390 21:26:00
5.068 242.073 1090.732 21:26:01
5.068 217.488 1107.805 21:26:02
5.068 248.268 1325.854 21:26:03
5.068 338.659 1665.366 21:26:04
5.064 246.073 1247.805 21:26:05
5.072 163.073 832.195 21:26:06
5.068 200.683 1020.488 21:26:07
5.072 190.293 1106.829 21:26:08
5.068 223.976 1093.171 21:26:09
5.076 164.683 1046.829 21:26:10
5.068 259.878 2338.537 21:26:11
5.064 332.463 1506.341 21:26:12
5.076 164.073 832.195 21:26:13
5.064 157.878 762.439 21:26:14
5.056 424.171 2228.293 21:26:15
5.052 451.561 2066.829 21:26:16
5.068 218.268 1073.171 21:26:17
5.056 328.268 1656.098 21:26:18
5.064 263.683 1356.098 21:26:19
5.072 213.268 1076.585 21:26:20
5.056 344.561 1783.902 21:26:21
5.072 164.780 833.659 21:26:22
5.072 192.488 1483.415 21:26:23
5.072 161.585 1274.634 21:26:24
5.052 315.171 1696.098 21:26:25
5.064 253.683 1280.488 21:26:26
5.072 176.390 891.220 21:26:27
5.060 356.463 1694.146 21:26:28
5.068 260.585 1354.634 21:26:29
5.072 199.683 1704.878 21:26:30
5.064 228.780 1019.024 21:26:31
5.056 324.366 1644.878 21:26:32
5.060 309.268 1479.512 21:26:33
5.064 195.390 1481.951 21:26:34
5.072 176.780 831.220 21:26:35
5.064 229.390 1159.024 21:26:36
5.060 323.463 2074.146 21:26:37
5.060 216.878 974.146 21:26:38
5.068 228.073 1127.805 21:26:39
5.064 240.683 1418.049 21:26:40
5.076 225.073 1504.390 21:26:41
5.056 337.878 1712.195 21:26:42
5.068 248.878 1091.707 21:26:43
5.064 321.561 1469.756 21:26:44
5.068 243.683 1732.683 21:26:45
5.068 197.976 1126.829 21:26:46
5.064 310.878 1406.829 21:26:47
5.060 277.976 1416.098 21:26:48
5.068 245.585 1239.024 21:26:49
5.068 252.073 1267.805 21:26:50
5.072 173.195 832.683 21:26:51
5.068 252.585 1393.171 21:26:52
5.068 254.073 1561.463 21:26:53
5.064 219.878 763.902 21:26:54
5.068 277.976 1192.683 21:26:55
5.056 392.463 1796.098 21:26:56
5.072 162.976 824.878 21:26:57
5.056 330.463 1965.366 21:26:58
5.060 203.780 1058.049 21:26:59
5.048 419.951 1782.927 21:27:00
5.048 360.659 1881.951 21:27:01
5.064 302.366 1755.122 21:27:02
5.064 279.780 1405.854 21:27:03
5.060 241.878 1609.756 21:27:04
5.064 246.488 1580.000 21:27:05
5.052 389.951 1439.512 21:27:06
5.064 171.976 877.561 21:27:07
5.064 339.976 1114.146 21:27:08
5.072 164.195 901.463 21:27:09
5.068 251.585 1235.610 21:27:10
5.044 495.659 2485.854 21:27:12
5.052 382.073 1478.537 21:27:13
5.072 154.585 782.439 21:27:14
5.060 334.366 1443.415 21:27:15
5.068 231.488 1105.366 21:27:16
5.064 164.585 834.634 21:27:17
5.064 269.171 1425.854 21:27:18
5.052 363.463 1687.805 21:27:19
5.064 333.268 1606.341 21:27:20
5.072 164.195 832.683 21:27:21
5.068 204.683 1349.268 21:27:22
5.064 203.073 1406.829 21:27:23
5.068 203.488 991.220 21:27:24
5.068 330.268 1575.122 21:27:25
5.060 321.073 1811.220 21:27:26
5.056 351.878 1785.366 21:27:27
5.076 151.293 1068.780 21:27:28
5.068 280.268 1525.854 21:27:29
5.064 261.585 1360.488 21:27:30
5.064 252.878 1282.927 21:27:31
5.076 256.463 1256.585 21:27:32
5.072 199.585 1013.659 21:27:33
5.068 216.390 1004.878 21:27:34
5.060 277.171 1513.659 21:27:35
5.072 163.976 830.244 21:27:36
5.064 346.366 1656.585 21:27:37
5.064 281.878 990.244 21:27:38
5.068 167.195 826.341 21:27:39
5.072 154.683 784.878 21:27:40
5.056 345.073 1726.341 21:27:41
5.052 321.976 1640.976 21:27:42
5.072 164.073 973.659 21:27:43
5.072 163.878 1460.976 21:27:44
5.068 248.585 1680.000 21:27:45
5.072 198.390 966.829 21:27:46
5.052 416.049 2104.390 21:27:47
5.048 387.463 1641.463 21:27:48
5.064 248.268 1269.268 21:27:49
5.056 276.780 1623.902 21:27:50
5.068 247.366 1253.171 21:27:51
5.064 250.976 1397.073 21:27:52
5.068 257.463 1127.805 21:27:53
5.072 164.293 833.659 21:27:54
5.064 252.073 1276.585 21:27:55
5.072 162.683 821.463 21:27:56
5.064 293.366 2022.927 21:27:57
5.068 229.780 1150.732 21:27:58
5.068 236.366 1255.610 21:27:59
5.072 179.780 911.707 21:28:00
5.056 331.561 1138.049 21:28:01
5.068 218.268 1331.707 21:28:02
5.068 213.976 1081.463 21:28:03
5.064 231.488 1162.927 21:28:04
5.072 175.073 929.268 21:28:05
5.060 333.659 1679.024 21:28:06
5.068 258.878 1231.707 21:28:07
5.064 287.463 1368.293 21:28:08
5.068 252.073 1285.366 21:28:09
5.064 261.585 1318.537 21:28:10
5.068 171.073 1065.366 21:28:11
5.072 182.976 1309.756 21:28:12
5.064 278.585 1657.561 21:28:13
5.060 360.463 2372.683 21:28:14
5.052 419.463 2070.244 21:28:15
5.076 165.780 832.195 21:28:16
5.068 190.976 1213.171 21:28:17
5.064 298.683 1519.512 21:28:18
5.064 263.585 1099.512 21:28:19
5.064 164.073 833.659 21:28:20
5.060 378.463 1454.634 21:28:21
5.068 254.878 1294.634 21:28:22
5.068 326.780 1771.220 21:28:23
5.056 343.171 1695.122 21:28:24
5.068 443.756 2363.415 21:28:25
5.056 290.366 1416.098 21:28:26
5.072 163.976 832.683 21:28:27
5.072 162.780 1256.585 21:28:28
5.068 264.073 1294.146 21:28:29
5.060 282.780 1384.390 21:28:30
5.076 165.390 836.585 21:28:31
5.072 164.195 2194.634 21:28:32
5.068 202.878 879.024 21:28:33
5.052 292.463 1129.268 21:28:34
5.076 164.073 830.244 21:28:35
5.060 308.659 1330.732 21:28:36
5.072 299.878 1165.366 21:28:37
5.072 158.073 800.000 21:28:38
5.056 480.756 2388.780 21:28:39
5.068 430.463 2383.902 21:28:40
5.068 252.171 1280.488 21:28:41
5.072 164.073 832.195 21:28:42
5.076 164.073 1208.293 21:28:43
5.064 252.171 1400.976 21:28:44
5.072 227.878 1064.390 21:28:45
5.060 295.683 1470.732 21:28:46
5.064 164.683 1273.171 21:28:47
5.064 252.488 1269.268 21:28:48
5.064 224.390 1619.024 21:28:49
5.068 217.976 1101.951 21:28:50
5.068 244.171 1247.805 21:28:51
5.068 214.683 1094.146 21:28:52
5.068 263.073 1258.049 21:28:53
5.072 150.195 761.463 21:28:54
5.076 150.878 759.512 21:28:55
5.056 395.659 1985.366 21:28:56
5.076 154.073 785.854 21:28:57
5.064 194.780 1332.195 21:28:58
5.064 252.488 1553.659 21:28:59
5.072 150.293 758.537 21:29:00
5.056 334.878 1694.146 21:29:01
5.068 173.293 1095.610 21:29:02
5.060 336.073 1793.659 21:29:03
5.068 246.878 1755.122 21:29:04
5.072 187.171 1042.439 21:29:05
5.056 296.976 1144.390 21:29:07
5.052 385.073 1711.220 21:29:08
5.068 165.878 1179.512 21:29:09
5.072 195.488 1360.488 21:29:10
5.056 353.659 1884.390 21:29:11
5.056 360.854 1923.902 21:29:12
5.060 289.463 2560.000 21:29:13
5.068 299.561 1317.073 21:29:14
5.060 330.878 1756.585 21:29:15
5.068 205.268 1012.683 21:29:16
5.068 245.171 1852.683 21:29:17
5.056 353.976 1712.195 21:29:18
5.056 328.463 1683.415 21:29:19
5.064 324.659 1643.902 21:29:20
5.068 165.976 843.415 21:29:21
5.068 252.683 1274.634 21:29:22
5.064 227.780 1199.512 21:29:23
5.064 196.683 1000.488 21:29:24
5.068 253.268 1283.415 21:29:25
5.072 163.073 824.878 21:29:26
5.064 245.878 1240.488 21:29:27
5.064 229.976 1258.049 21:29:28
5.072 257.463 871.220 21:29:29
5.068 257.463 1276.585 21:29:30
5.072 164.293 832.195 21:29:31
5.056 335.561 1680.976 21:29:32
5.064 302.073 1460.976 21:29:33
5.060 249.171 1363.415 21:29:34
5.056 396.171 1976.585 21:29:35
5.072 204.780 1298.049 21:29:36
5.056 283.976 1895.610 21:29:37
5.056 273.171 1468.293 21:29:38
5.072 162.195 822.439 21:29:39
5.060 364.073 1760.000 21:29:40
5.060 276.073 1393.659 21:29:41
5.068 251.171 1272.195 21:29:42
5.060 368.366 1822.439 21:29:43
5.064 198.488 898.537 21:29:44
5.068 251.073 1273.171 21:29:45
5.068 260.878 1162.927 21:29:46
5.068 275.683 1276.585 21:29:47
5.060 326.659 1277.073 21:29:48
5.056 353.171 1472.195 21:29:49
5.068 198.780 1159.512 21:29:50
5.064 216.976 1266.829 21:29:51
5.072 148.585 758.537 21:29:52
5.044 358.268 1684.878 21:29:53
5.064 245.585 1278.537 21:29:54
5.072 154.073 787.317 21:29:55
5.052 336.268 1680.000 21:29:56
5.060 283.561 1280.488 21:29:57
5.072 215.390 1095.122 21:29:58
5.068 276.073 1423.415 21:29:59
5.072 230.585 844.878 21:30:00
5.056 405.171 1992.683 21:30:01
5.060 329.561 1664.878 21:30:02
5.072 264.585 985.366 21:30:03
5.056 336.756 1696.098 21:30:04
5.064 368.659 2077.073 21:30:05
5.068 197.878 1002.439 21:30:06
5.068 165.195 837.561 21:30:07
5.072 164.293 835.122 21:30:08
5.064 243.585 855.122 21:30:09
5.072 172.976 834.634 21:30:10
5.064 267.878 1317.073 21:30:11
5.068 268.366 947.317 21:30:12
5.060 287.561 1269.756 21:30:13
5.060 354.756 1705.366 21:30:14
5.056 290.976 1400.976 21:30:15
5.068 273.366 1282.927 21:30:16
5.072 172.488 831.220 21:30:17
5.056 349.878 1724.878 21:30:18
5.072 164.488 831.220 21:30:19
5.064 244.585 1673.659 21:30:20
5.056 342.171 1700.000 21:30:21
5.064 251.878 1327.317 21:30:22
5.040 347.561 1246.829 21:30:23
5.060 255.976 1271.707 21:30:24
5.060 277.171 1137.073 21:30:25
5.056 209.976 1054.146 21:30:26
5.064 352.171 1728.780 21:30:27
5.068 245.780 1199.024 21:30:28
5.064 228.390 1183.902 21:30:29
5.072 164.780 836.098 21:30:30
5.056 385.366 1771.707 21:30:31
5.064 285.268 1687.805 21:30:32
5.068 154.293 787.805 21:30:33
5.068 252.171 1272.195 21:30:34
5.068 284.976 1274.634 21:30:35
5.052 499.951 1660.976 21:30:36
5.060 264.976 1395.610 21:30:37
5.064 289.171 1041.463 21:30:38
5.064 293.268 1269.268 21:30:39
5.076 154.195 785.854 21:30:40
5.072 164.488 831.220 21:30:41
5.060 329.561 1754.146 21:30:42
5.060 293.976 1416.098 21:30:43
5.072 163.195 1458.537 21:30:44
5.056 308.366 1835.610 21:30:45
5.060 299.976 1503.415 21:30:46
5.068 289.561 1453.171 21:30:47
5.064 201.780 1061.951 21:30:48
5.068 327.463 1431.220 21:30:49
5.072 186.073 932.683 21:30:50
5.052 333.976 1696.098 21:30:51
5.072 256.780 1353.659 21:30:52
5.076 154.488 783.415 21:30:53
5.068 217.171 1100.488 21:30:54
5.068 157.976 801.463 21:30:55
5.064 310.659 1291.707 21:30:56
5.064 189.073 1022.439 21:30:57
5.068 255.976 1061.951 21:30:58
5.068 220.268 966.829 21:30:59
5.056 456.049 2278.049 21:31:00
5.072 154.878 783.415 21:31:01
5.056 335.268 1673.659 21:31:03
5.064 216.488 1528.293 21:31:04
5.076 164.585 834.634 21:31:05
5.056 413.561 1942.927 21:31:06
5.068 162.976 825.366 21:31:07
5.056 345.366 1736.098 21:31:08
5.072 162.390 827.317 21:31:09
5.056 263.683 1288.293 21:31:10
5.064 253.366 1505.854 21:31:11
5.072 164.488 833.659 21:31:12
5.060 167.780 830.244 21:31:13
5.064 266.878 1282.927 21:31:14
5.072 170.390 1131.707 21:31:15
5.072 251.488 2105.854 21:31:16
5.076 325.976 1035.122 21:31:17
5.072 248.073 834.634 21:31:18
5.072 229.268 1020.000 21:31:19
5.072 163.780 830.244 21:31:20
5.076 164.780 831.220 21:31:21
5.068 178.780 956.098 21:31:22
5.072 150.878 765.854 21:31:23
5.072 155.293 786.341 21:31:24
5.060 343.171 1735.122 21:31:25
5.072 219.780 1067.805 21:31:26
5.072 230.585 1112.683 21:31:27
5.072 207.585 1333.171 21:31:28
5.060 358.366 1179.024 21:31:29
5.064 251.585 1276.585 21:31:30
5.076 164.073 827.317 21:31:31
5.064 247.268 1252.195 21:31:32
5.064 186.073 986.829 21:31:33
5.064 244.976 1240.488 21:31:34
5.072 147.585 754.634 21:31:35
5.072 163.195 987.805 21:31:36
5.064 181.976 828.780 21:31:37
5.064 255.366 1263.415 21:31:38
5.076 149.780 858.537 21:31:39
5.072 163.195 831.220 21:31:40
5.072 153.683 777.561 21:31:41
5.076 161.878 819.024 21:31:42
5.072 163.585 825.366 21:31:43
5.076 149.098 758.537 21:31:44
5.072 181.585 920.000 21:31:45
5.068 149.195 758.537 21:31:46
5.076 147.585 749.756 21:31:47
5.064 247.268 1316.098 21:31:48
5.076 258.976 1030.244 21:31:49
5.072 201.390 1115.610 21:31:50
5.072 147.488 749.756 21:31:51
5.072 147.878 751.220 21:31:52
5.072 148.585 743.415 21:31:53
5.072 147.488 752.195 21:31:54
5.072 160.683 816.585 21:31:55
5.076 147.780 745.854 21:31:56
5.068 225.171 1147.805 21:31:57
5.072 147.293 749.756 21:31:58
5.076 147.585 745.854 21:31:59
5.072 160.488 815.122 21:32:00
5.072 160.585 816.098 21:32:01
